flight/WP3D/AircraftMet_NP3_20130702_RA.ict
43  1001
Ken Aikin
NOAA ESRL Chemical Sciences Division
various aircraft sensors
SENEX 2013
1  1
2013  07  02  2013  07  02
1
AOCTimewave
10
1  1  1  1  1  1  1  1  1  1
-9999  -9999  -9999  -9999  -9999  -9999  -9999  -9999  -9999  -9999
AmbTemp  C
DewPtTemp  C
DewPtTempTDL  C
H2Omr  g/kg
PotTemp  K
RelHumidity  pct
StaticPrs  mbar
VertWindSpd  m/s
WindDir  deg
WindSpd  m/s
1
SPECIAL COMMENTS:Birmingham PP night flight.
18
PI_CONTACT_INFO: Address: NOAA ESRL Chemical Sciences Division  Mail Stop R/CSD7  325 Broadway  Boulder  CO 80305
PLATFORM: NOAA WP-3D
LOCATION: The aircraft was stationed in  Smyrna  Tennessee. Aircraft location information in AircraftPosition file.
ASSOCIATED_DATA: N/A
INSTRUMENT_INFO: N/A
DATA_INFO: Units:AmbTemp celcius; DewPtTemp celcius; DewPtTempTDL celcius; H2Omr g/kg; PotTemp kelvin; RelHumidity percent; StaticPrs millibar; VertWindSpd m/s; WindDir degrees; WindSpd m/s
UNCERTAINTY: N/A
ULOD_FLAG: -7777
ULOD_VALUE: N/A
LLOD_FLAG: -8888
LLOD_VALUE: N/A
DM_CONTACT_INFO: Data Manager:Ken Aikin; email:Kenneth.C.Aikin@noaa.gov
PROJECT_INFO: SENEX 2013 Study; June 1 - July 15  2013
STIPULATIONS_ON_USE: Use of these data require prior ok from PI.
OTHER_COMMENTS:       None
REVISION: RA
RA: Preliminary Data.  For in-field use.
AOCTimewave  AmbTemp  DewPtTemp  DewPtTempTDL  H2Omr  PotTemp  RelHumidity  StaticPrs  VertWindSpd  WindDir  WindSpd
[from data line 5733]
 9851.0  23.080  16.830  2.110  12.74  300.27  67.21  953.72  -0.29  313.57  4.85
 9852.0  23.050  16.840  2.240  12.75  300.24  67.37  953.70  -0.12  314.88  4.52
 9853.0  23.090  16.870  2.270  12.77  300.27  67.36  953.80  -0.12  314.73  4.64
 9854.0  23.090  16.880  2.250  12.78  300.29  67.39  953.63  -0.22  316.13  4.59
 9855.0  23.070  16.880  2.170  12.78  300.26  67.48  953.67  -0.34  317.03  4.72
 9856.0  23.110  16.880  2.060  12.78  300.29  67.31  953.71  -0.43  316.29  4.71
 9857.0  23.110  16.890  2.170  12.79  300.31  67.33  953.65  -0.58  317.01  4.73
 9858.0  23.080  16.880  2.180  12.78  300.27  67.45  953.60  -0.62  317.92  4.74
 9859.0  23.090  16.880  2.110  12.78  300.29  67.37  953.58  -0.82  318.48  4.86
 9860.0  23.110  16.890  2.200  12.79  300.30  67.35  953.72  -0.73  319.36  5.12
 9861.0  23.120  16.890  2.100  12.79  300.28  67.35  953.92  -0.60  318.53  5.16
 9862.0  23.100  16.880  2.070  12.78  300.25  67.33  954.13  -0.63  316.54  5.14
 9863.0  23.100  16.880  1.980  12.78  300.27  67.36  953.94  -0.54  316.83  4.99
 9864.0  23.130  16.880  2.020  12.78  300.30  67.22  953.92  -0.57  316.32  5.01
 9865.0  23.090  16.860  2.030  12.77  300.29  67.32  953.58  -0.51  317.70  5.15
 9866.0  23.140  16.830  2.040  12.74  300.34  66.94  953.67  -0.51  316.62  5.20
 9867.0  23.100  16.820  2.020  12.73  300.28  67.09  953.73  -0.50  315.95  5.23
 9868.0  23.150  16.820  1.980  12.73  300.33  66.87  953.82  -0.36  314.60  5.18
 9869.0  23.100  16.810  1.980  12.72  300.25  67.04  954.07  -0.34  314.83  5.10
 9870.0  23.130  16.810  1.950  12.72  300.29  66.93  954.07  -0.35  316.00  5.16
 9871.0  23.150  16.800  1.850  12.71  300.31  66.80  954.08  -0.32  315.81  5.04
 9872.0  23.120  16.820  1.870  12.73  300.28  67.00  953.99  -0.23  316.12  4.90
 9873.0  23.140  16.810  1.980  12.72  300.30  66.86  954.03  -0.13  315.30  4.85
 9874.0  23.160  16.810  2.030  12.72  300.32  66.79  953.97  -0.06  316.29  4.78
 9875.0  23.120  16.810  2.060  12.72  300.30  66.98  953.78  -0.08  318.10  4.71
 9876.0  23.110  16.810  2.080  12.72  300.29  66.98  953.76  -0.14  317.62  4.78
 9877.0  23.140  16.780  2.130  12.70  300.32  66.76  953.78  -0.01  317.90  4.79
 9878.0  23.100  16.780  2.130  12.70  300.28  66.91  953.84  0.14  316.07  4.79
 9879.0  23.130  16.770  2.220  12.69  300.31  66.74  953.85  0.12  317.68  4.79
 9880.0  23.110  16.760  2.260  12.68  300.29  66.76  953.80  0.12  318.21  4.78
 9881.0  23.100  16.790  2.240  12.71  300.29  66.94  953.66  0.16  318.61  4.75
 9882.0  23.140  16.810  2.240  12.73  300.32  66.91  953.78  0.21  318.41  4.80
 9883.0  23.110  16.820  2.180  12.73  300.30  67.04  953.68  0.17  318.65  4.82
 9884.0  23.100  16.820  2.120  12.73  300.29  67.09  953.65  0.09  318.94  4.75
 9885.0  23.150  16.810  2.080  12.73  300.34  66.84  953.74  0.03  317.94  4.74
 9886.0  23.100  16.810  2.050  12.72  300.28  67.05  953.84  -0.04  317.27  4.76
 9887.0  23.140  16.820  2.090  12.73  300.32  66.88  953.83  -0.18  317.53  4.74
 9888.0  23.130  16.830  2.090  12.74  300.31  67.01  953.74  -0.26  318.05  4.70
 9889.0  23.120  16.840  2.030  12.75  300.29  67.10  953.84  -0.16  316.66  4.76
 9890.0  23.150  16.860  2.060  12.77  300.34  67.06  953.70  -0.10  315.80  4.71
 9891.0  23.110  16.860  1.990  12.77  300.29  67.24  953.80  -0.01  315.44  4.73
 9892.0  23.160  16.850  1.980  12.76  300.34  67.00  953.77  0.04  314.50  4.69
 9893.0  23.100  16.850  2.000  12.76  300.28  67.22  953.81  -0.04  314.68  4.66
 9894.0  23.130  16.860  2.010  12.77  300.31  67.15  953.73  -0.05  314.76  4.54
 9895.0  23.170  16.870  1.910  12.77  300.35  67.00  953.76  -0.11  313.95  4.72
 9896.0  23.130  16.850  1.920  12.75  300.31  67.07  953.82  -0.08  313.77  4.75
 9897.0  23.150  16.830  1.990  12.74  300.33  66.93  953.79  -0.13  313.89  4.67
 9898.0  23.110  16.830  1.910  12.74  300.28  67.12  953.81  -0.16  313.37  4.62
 9899.0  23.180  16.830  1.980  12.74  300.37  66.78  953.73  -0.10  312.89  4.67
 9900.0  23.110  16.820  1.960  12.74  300.30  67.07  953.66  -0.13  313.94  4.73
 9901.0  23.160  16.840  2.050  12.75  300.36  66.94  953.59  -0.17  314.75  4.74
 9902.0  23.130  16.840  1.990  12.75  300.33  67.03  953.57  -0.17  313.23  4.81
 9903.0  23.140  16.830  2.030  12.75  300.33  67.00  953.64  -0.17  312.52  4.82
 9904.0  23.150  16.820  1.990  12.73  300.35  66.86  953.62  -0.10  312.07  4.73
 9905.0  23.130  16.800  1.830  12.72  300.31  66.91  953.76  -0.03  310.79  4.75
 9906.0  23.180  16.780  1.830  12.70  300.37  66.59  953.75  -0.05  309.67  4.69
 9907.0  23.120  16.760  1.890  12.69  300.31  66.74  953.78  0.06  308.78  4.70
 9908.0  23.180  16.770  1.980  12.69  300.35  66.54  953.89  0.12  308.61  4.77
 9909.0  23.120  16.770  1.870  12.69  300.29  66.80  953.82  -0.04  309.31  4.87
 9910.0  23.170  16.800  1.930  12.72  300.36  66.72  953.66  -0.30  309.79  5.01
 9911.0  23.110  16.800  1.920  12.72  300.31  66.97  953.61  -0.45  308.57  5.07
 9912.0  23.150  16.810  1.970  12.72  300.35  66.82  953.61  -0.47  309.37  5.12
 9913.0  23.110  16.810  1.970  12.72  300.30  66.97  953.74  -0.48  308.70  5.03
 9914.0  23.160  16.800  1.930  12.72  300.33  66.78  953.84  -0.61  308.75  4.98
 9915.0  23.120  16.790  1.960  12.71  300.29  66.88  954.00  -0.60  308.57  4.91
 9916.0  23.150  16.780  1.930  12.70  300.31  66.69  954.05  -0.50  308.42  4.92
 9917.0  23.170  16.760  1.770  12.68  300.34  66.53  953.97  -0.36  309.89  4.81
 9918.0  23.160  16.730  1.850  12.66  300.32  66.48  953.98  -0.26  309.09  4.95
 9919.0  23.190  16.730  1.880  12.66  300.37  66.32  953.90  -0.25  308.84  5.06
 9920.0  23.150  16.720  1.930  12.65  300.31  66.47  953.95  -0.15  308.35  5.06
 9921.0  23.160  16.730  1.880  12.66  300.33  66.46  953.98  -0.21  311.99  5.07
 9922.0  23.170  16.740  1.740  12.66  300.34  66.44  953.88  -0.39  312.81  4.85
 9923.0  23.180  16.740  1.780  12.67  300.35  66.42  953.97  -0.42  312.44  4.83
 9924.0  23.160  16.720  1.640  12.65  300.33  66.40  953.87  -0.37  312.62  4.77
 9925.0  23.220  16.700  1.600  12.63  300.39  66.08  953.92  -0.27  312.65  4.77
 9926.0  23.180  16.690  1.680  12.62  300.36  66.20  953.79  -0.28  312.36  4.76
 9927.0  23.180  16.670  1.680  12.60  300.35  66.08  953.99  -0.26  311.59  4.67
 9928.0  23.230  16.650  1.610  12.59  300.40  65.80  953.97  -0.29  310.37  4.67
 9929.0  23.170  16.620  1.690  12.56  300.34  65.93  953.87  -0.41  310.14  4.62
 9930.0  23.210  16.590  1.680  12.54  300.39  65.64  953.83  -0.40  309.87  4.62
 9931.0  23.190  16.560  1.680  12.52  300.38  65.60  953.72  -0.44  309.58  4.63
 9932.0  23.200  16.560  1.690  12.52  300.38  65.55  953.74  -0.46  309.07  4.60
 9933.0  23.210  16.560  1.670  12.52  300.40  65.49  953.73  -0.44  309.84  4.57
 9934.0  23.170  16.580  1.660  12.53  300.37  65.73  953.67  -0.42  309.55  4.51
 9935.0  23.210  16.580  1.710  12.53  300.39  65.61  953.79  -0.33  309.31  4.57
 9936.0  23.220  16.580  1.700  12.54  300.40  65.59  953.72  -0.24  309.64  4.64
 9937.0  23.160  16.570  1.810  12.53  300.36  65.78  953.56  -0.19  309.63  4.62
 9938.0  23.200  16.570  1.820  12.53  300.40  65.60  953.61  -0.21  308.77  4.67
 9939.0  23.150  16.560  1.840  12.53  300.35  65.76  953.59  -0.19  309.00  4.60
 9940.0  23.170  16.570  1.790  12.53  300.37  65.73  953.62  -0.08  309.33  4.73
 9941.0  23.190  16.570  1.720  12.53  300.37  65.63  953.81  0.04  309.30  4.86
 9942.0  23.150  16.580  1.730  12.54  300.34  65.83  953.76  0.06  309.34  4.79
 9943.0  23.210  16.580  1.710  12.54  300.39  65.62  953.74  0.08  307.98  4.82
 9944.0  23.160  16.570  1.670  12.53  300.35  65.74  953.77  0.26  307.50  4.84
 9945.0  23.200  16.600  1.800  12.55  300.39  65.71  953.70  0.38  307.32  4.91
 9946.0  23.170  16.610  1.820  12.56  300.37  65.86  953.64  0.44  308.04  4.92
 9947.0  23.160  16.620  1.860  12.57  300.35  65.95  953.72  0.38  307.45  4.93
 9948.0  23.210  16.630  1.730  12.57  300.39  65.80  953.83  0.43  307.65  4.97
 9949.0  23.170  16.650  1.760  12.59  300.36  66.04  953.78  0.42  307.69  4.98
 9950.0  23.180  16.640  1.800  12.59  300.37  66.01  953.68  0.40  308.07  5.01
 9951.0  23.180  16.640  1.770  12.59  300.38  65.99  953.64  0.33  308.20  5.01
 9952.0  23.160  16.640  1.850  12.58  300.34  66.06  953.74  0.33  308.44  4.97
 9953.0  23.200  16.630  1.790  12.58  300.38  65.85  953.81  0.35  308.18  5.03
 9954.0  23.180  16.620  1.720  12.56  300.35  65.90  953.91  0.45  307.33  5.01
 9955.0  23.170  16.610  1.660  12.56  300.36  65.88  953.77  0.49  307.45  4.98
 9956.0  23.220  16.600  1.740  12.55  300.40  65.64  953.82  0.44  306.83  4.97
 9957.0  23.170  16.590  1.660  12.54  300.36  65.79  953.69  0.39  308.22  5.02
 9958.0  23.180  16.600  1.730  12.55  300.37  65.81  953.73  0.48  308.75  4.94
 9959.0  23.220  16.600  1.690  12.56  300.40  65.69  953.77  0.48  308.67  4.87
 9960.0  23.200  16.620  1.620  12.57  300.39  65.81  953.75  0.47  308.90  4.81
 9961.0  23.200  16.620  1.560  12.57  300.38  65.84  953.79  0.44  307.64  4.82
 9962.0  23.250  16.610  1.590  12.56  300.43  65.56  953.83  0.41  307.29  4.82
 9963.0  23.210  16.590  1.580  12.55  300.39  65.65  953.86  0.26  308.29  4.96
 9964.0  23.230  16.590  1.650  12.55  300.42  65.59  953.70  0.26  308.40  4.92
 9965.0  23.260  16.580  1.650  12.54  300.46  65.41  953.56  0.25  308.23  4.94
 9966.0  23.220  16.560  1.650  12.52  300.41  65.45  953.71  0.16  308.56  5.00
 9967.0  23.250  16.540  1.630  12.50  300.44  65.27  953.66  0.24  308.30  5.03
 9968.0  23.250  16.520  1.650  12.48  300.44  65.16  953.72  0.44  307.02  4.95
 9969.0  23.220  16.510  1.590  12.48  300.41  65.24  953.73  0.55  308.07  5.03
 9970.0  23.280  16.500  1.610  12.47  300.44  64.98  953.95  0.59  307.73  5.06
 9971.0  23.230  16.520  1.730  12.48  300.40  65.27  953.90  0.53  307.56  5.09
 9972.0  23.240  16.510  1.630  12.48  300.41  65.17  953.94  0.44  308.50  5.06
 9973.0  23.240  16.500  1.510  12.47  300.41  65.15  953.93  0.38  308.34  5.02
 9974.0  23.250  16.490  1.630  12.46  300.42  65.07  953.90  0.29  308.73  5.04
 9975.0  23.260  16.500  1.620  12.47  300.44  65.05  953.85  0.27  308.46  5.00
 9976.0  23.220  16.500  1.550  12.47  300.41  65.20  953.74  0.22  308.60  5.09
 9977.0  23.270  16.500  1.560  12.47  300.46  65.01  953.76  0.25  309.66  5.12
 9978.0  23.210  16.500  1.510  12.47  300.40  65.24  953.73  0.33  309.26  5.08
 9979.0  23.250  16.490  1.600  12.46  300.43  65.06  953.74  0.41  309.03  5.04
 9980.0  23.230  16.470  1.580  12.45  300.40  65.06  953.87  0.42  308.69  5.12
 9981.0  23.240  16.460  1.570  12.43  300.41  64.97  953.93  0.44  308.39  5.18
 9982.0  23.250  16.460  1.550  12.43  300.42  64.93  953.88  0.38  308.99  5.18
 9983.0  23.210  16.440  1.550  12.42  300.39  65.04  953.82  0.30  309.19  5.05
 9984.0  23.250  16.460  1.530  12.44  300.44  64.91  953.72  0.22  309.17  4.98
 9985.0  23.230  16.450  1.570  12.43  300.42  64.98  953.75  0.04  308.50  4.98
 9986.0  23.220  16.450  1.570  12.43  300.41  65.02  953.69  -0.03  309.06  4.93
 9987.0  23.270  16.450  1.550  12.43  300.47  64.82  953.64  -0.02  309.35  4.99
 9988.0  23.230  16.470  1.490  12.45  300.42  65.06  953.60  -0.01  310.35  4.89
 9989.0  23.230  16.460  1.500  12.44  300.43  65.05  953.60  0.14  309.87  4.87
 9990.0  23.260  16.460  1.570  12.44  300.46  64.87  953.66  0.24  310.82  4.78
 9991.0  23.280  16.440  1.510  12.43  300.48  64.74  953.56  0.23  309.84  4.77
 9992.0  23.240  16.430  1.480  12.42  300.44  64.84  953.61  0.27  309.64  4.84
 9993.0  23.290  16.420  1.480  12.40  300.47  64.59  953.83  0.12  309.56  4.88
 9994.0  23.250  16.410  1.450  12.40  300.44  64.70  953.76  -0.08  309.20  4.84
 9995.0  23.270  16.410  1.500  12.40  300.45  64.65  953.80  -0.17  309.10  4.89
 9996.0  23.280  16.390  1.530  12.39  300.48  64.51  953.70  -0.19  309.91  4.80
 9997.0  23.250  16.390  1.420  12.39  300.44  64.66  953.65  -0.17  309.88  4.71
 9998.0  23.260  16.380  1.340  12.38  300.46  64.58  953.60  -0.21  310.06  4.63
 9999.0  23.280  16.390  1.360  12.39  300.47  64.52  953.70  -0.30  309.63  4.57
10000.0  23.290  16.400  1.410  12.39  300.47  64.52  953.85  -0.33  309.44  4.62
10001.0  23.260  16.400  1.530  12.39  300.43  64.63  953.88  -0.31  309.67  4.72
10002.0  23.280  16.400  1.470  12.39  300.44  64.58  954.04  -0.25  309.56  4.79
10003.0  23.310  16.390  1.310  12.38  300.46  64.38  954.19  -0.17  309.57  4.74
10004.0  23.260  16.370  1.330  12.36  300.43  64.50  953.93  -0.13  310.08  4.67
10005.0  23.300  16.350  1.420  12.35  300.48  64.26  953.84  0.02  308.69  4.67
10006.0  23.270  16.330  1.750  12.34  300.44  64.32  953.95  0.16  308.66  4.61
10007.0  23.230  16.340  1.820  12.34  300.41  64.49  953.85  0.22  307.66  4.68
10008.0  23.270  16.350  1.900  12.35  300.47  64.39  953.61  0.34  308.02  4.75
10009.0  23.270  16.380  1.440  12.38  300.48  64.51  953.49  0.40  308.88  4.78
10010.0  23.250  16.390  1.390  12.39  300.45  64.64  953.55  0.39  308.89  4.78
10011.0  23.310  16.390  1.320  12.38  300.51  64.39  953.57  0.38  308.30  4.84
10012.0  23.260  16.400  1.340  12.39  300.46  64.65  953.59  0.24  308.41  4.83
10013.0  23.300  16.380  1.310  12.38  300.49  64.41  953.71  0.22  308.55  4.90
10014.0  23.290  16.370  1.340  12.37  300.47  64.42  953.75  0.24  307.78  4.94
10015.0  23.270  16.340  1.300  12.34  300.46  64.31  953.71  0.26  308.30  4.97
10016.0  23.300  16.310  1.400  12.32  300.48  64.10  953.80  0.28  309.17  5.02
10017.0  23.270  16.310  1.480  12.32  300.46  64.21  953.73  0.29  310.28  4.91
10018.0  23.260  16.320  1.320  12.33  300.43  64.33  953.85  0.33  309.39  4.88
10019.0  23.320  16.330  1.310  12.34  300.50  64.11  953.81  0.22  308.75  4.89
10020.0  23.260  16.340  1.290  12.34  300.44  64.36  953.85  0.17  308.62  4.92
10021.0  23.270  16.350  1.390  12.35  300.45  64.37  953.81  0.19  308.84  4.77
10022.0  23.320  16.360  1.380  12.36  300.50  64.24  953.80  0.18  308.70  4.87
10023.0  23.290  16.350  1.340  12.35  300.47  64.34  953.82  0.08  307.90  4.86
10024.0  23.290  16.340  1.370  12.34  300.47  64.27  953.85  0.01  307.02  4.90
10025.0  23.320  16.320  1.370  12.33  300.51  64.07  953.76  0.03  307.20  4.85
10026.0  23.280  16.300  1.350  12.31  300.47  64.16  953.69  0.08  307.38  4.90
10027.0  23.320  16.300  1.420  12.31  300.51  63.96  953.71  0.01  308.34  4.88
10028.0  23.310  16.280  1.330  12.30  300.50  63.95  953.68  -0.05  309.19  4.87
10029.0  23.300  16.280  1.410  12.29  300.48  63.97  953.81  -0.02  308.83  4.78
10030.0  23.350  16.280  1.280  12.29  300.54  63.75  953.77  -0.03  309.01  4.87
10031.0  23.330  16.280  1.260  12.29  300.52  63.84  953.79  0.10  308.76  4.93
10032.0  23.320  16.280  1.380  12.29  300.50  63.90  953.84  0.21  308.93  4.98
10033.0  23.350  16.290  1.320  12.30  300.53  63.82  953.82  0.36  309.05  5.03
10034.0  23.280  16.280  1.370  12.29  300.47  64.04  953.76  0.40  308.66  4.92
10035.0  23.340  16.280  1.390  12.30  300.52  63.84  953.81  0.46  308.14  4.93
10036.0  23.270  16.290  1.370  12.30  300.45  64.14  953.87  0.52  308.46  4.85
10037.0  23.320  16.280  1.230  12.30  300.50  63.92  953.85  0.37  309.01  4.76
10038.0  23.350  16.270  1.150  12.29  300.53  63.76  953.83  0.28  308.80  4.80
10039.0  23.330  16.250  1.130  12.27  300.52  63.71  953.83  0.10  308.54  4.80
10040.0  23.370  16.240  1.170  12.26  300.55  63.53  953.85  0.04  309.96  4.79
10041.0  23.330  16.210  1.070  12.24  300.51  63.57  953.79  0.15  309.19  4.78
10042.0  23.380  16.180  1.180  12.22  300.56  63.27  953.80  0.17  308.96  4.81
10043.0  23.340  16.190  1.150  12.22  300.52  63.44  953.79  0.18  309.58  4.87
10044.0  23.370  16.200  1.230  12.23  300.55  63.37  953.87  0.18  310.52  4.90
10045.0  23.350  16.220  1.290  12.25  300.54  63.54  953.71  0.19  310.25  4.83
