flight/WP3D/AircraftMet_NP3_20130622_RA.ict
45  1001
Ken Aikin
NOAA ESRL Chemical Sciences Division
various aircraft sensors
SENEX 2013
1  1
2013  06  22  2013  06  22
1
AOCTimewave
10
1  1  1  1  1  1  1  1  1  1
-9999  -9999  -9999  -9999  -9999  -9999  -9999  -9999  -9999  -9999
AmbTemp  C
DewPtTemp  C
DewPtTempTDL  C
H2Omr  g/kg
PotTemp  K
RelHumidity  pct
StaticPrs  mbar
VertWindSpd  m/s
WindDir  deg
WindSpd  m/s
3
SPECIAL COMMENTS:Atlanta flight. AOC data system crash between 20:45:42 and 21:09:09. 
New TDL Dew Pt Temp instrument for this flight.
No H2O  PoTemp  H2Omr from takeoff until about 1615 for now. Order of parameters in AOC data stream had been changed. Switched back at 16:15.
18
PI_CONTACT_INFO: Address: NOAA ESRL Chemical Sciences Division  Mail Stop R/CSD7  325 Broadway  Boulder  CO 80305
PLATFORM: NOAA WP-3D
LOCATION: The aircraft was stationed in  Smyrna  Tennessee. Aircraft location information in AircraftPosition file.
ASSOCIATED_DATA: N/A
INSTRUMENT_INFO: N/A
DATA_INFO: Units:AmbTemp celcius; DewPtTemp celcius; DewPtTempTDL celcius; H2Omr g/kg; PotTemp kelvin; RelHumidity percent; StaticPrs millibar; VertWindSpd m/s; WindDir degrees; WindSpd m/s
UNCERTAINTY: N/A
ULOD_FLAG: -7777
ULOD_VALUE: N/A
LLOD_FLAG: -8888
LLOD_VALUE: N/A
DM_CONTACT_INFO: Data Manager:Ken Aikin; email:Kenneth.C.Aikin@noaa.gov
PROJECT_INFO: SENEX 2013 Study; June 1 - July 15  2013
STIPULATIONS_ON_USE: Use of these data require prior ok from PI.
OTHER_COMMENTS:       None
REVISION: RA
RA: Preliminary Data.  For in-field use.
AOCTimewave  AmbTemp  DewPtTemp  DewPtTempTDL  H2Omr  PotTemp  RelHumidity  StaticPrs  VertWindSpd  WindDir  WindSpd
[from data line 13734]
67811.0  22.450  15.620  -2.430  11.91  300.56  64.63  943.41  -0.42  87.01  3.02
67812.0  22.450  15.610  -2.650  11.90  300.58  64.55  943.17  -1.74  83.24  5.48
67813.0  22.490  15.570  -2.230  11.87  300.59  64.28  943.40  -2.68  84.49  5.61
67814.0  22.580  15.580  -3.190  11.87  300.66  63.91  943.69  -2.18  87.21  5.58
67815.0  22.670  15.540  -3.340  11.85  300.75  63.43  943.74  -1.62  97.07  4.87
67816.0  22.670  15.460  -3.710  11.78  300.76  63.08  943.63  -1.42  102.73  3.74
67817.0  22.560  15.360  -3.150  11.70  300.63  63.09  943.84  -0.37  107.32  3.53
67818.0  22.580  15.290  -2.850  11.65  300.66  62.70  943.79  -0.32  106.43  4.29
67819.0  22.550  15.240  -3.060  11.61  300.63  62.65  943.73  -0.99  121.74  2.84
67820.0  22.560  15.190  -2.940  11.57  300.63  62.41  943.83  -1.08  119.34  4.00
67821.0  22.570  15.130  -2.960  11.53  300.63  62.13  943.94  -1.33  117.40  4.63
67822.0  22.480  15.060  -2.750  11.48  300.54  62.20  943.90  -1.51  109.54  4.27
67823.0  22.420  15.040  -2.670  11.46  300.48  62.35  943.89  -1.51  97.24  4.22
67824.0  22.490  15.030  -2.750  11.45  300.57  61.99  943.74  -1.40  93.50  3.76
67825.0  22.450  15.000  -2.700  11.43  300.54  62.02  943.65  -1.50  93.02  3.47
67826.0  22.480  14.960  -2.460  11.41  300.56  61.80  943.66  -0.69  86.13  2.55
67827.0  22.500  14.950  -2.300  11.39  300.60  61.63  943.58  -0.81  96.94  2.50
67828.0  22.510  14.950  -2.170  11.40  300.62  61.61  943.34  -0.83  95.76  3.77
67829.0  22.430  14.950  -2.090  11.41  300.60  61.92  942.80  -1.37  100.61  3.97
67830.0  22.410  14.940  -2.090  11.41  300.61  61.99  942.34  -1.31  93.61  3.61
67831.0  22.420  14.960  -1.640  11.42  300.64  62.00  942.16  -0.82  100.17  3.27
67832.0  22.360  15.020  -0.860  11.47  300.62  62.49  941.74  -0.50  108.71  2.46
67833.0  22.270  15.100  -1.750  11.53  300.55  63.16  941.52  -0.39  94.68  3.06
67834.0  22.310  15.150  -1.270  11.57  300.59  63.20  941.54  0.54  94.28  3.09
67835.0  22.350  15.200  -0.990  11.61  300.61  63.25  941.77  0.72  105.84  4.54
67836.0  22.400  15.260  -2.270  11.65  300.65  63.31  941.77  -0.14  98.74  3.09
67837.0  22.310  15.310  -1.750  11.68  300.54  63.86  942.09  -0.16  100.11  2.80
67838.0  22.440  15.360  -0.920  11.72  300.65  63.55  942.35  -0.53  109.39  3.84
67839.0  22.370  15.410  -1.470  11.76  300.55  64.08  942.54  -0.71  96.91  3.81
67840.0  22.340  15.440  -2.150  11.78  300.50  64.30  942.78  0.10  89.54  3.74
67841.0  22.470  15.500  -2.110  11.83  300.63  64.06  942.78  0.43  85.50  4.80
67842.0  22.600  15.550  -2.710  11.86  300.75  63.72  942.91  0.43  89.20  5.31
67843.0  22.650  15.550  -2.720  11.86  300.82  63.51  942.84  0.23  92.46  4.25
67844.0  22.710  15.540  -4.000  11.85  300.88  63.25  942.76  -0.78  94.40  5.23
67845.0  22.720  15.540  -4.380  11.85  300.88  63.22  942.81  -0.37  90.32  5.52
67846.0  22.790  15.450  -4.700  11.79  300.97  62.55  942.70  -0.24  90.60  4.68
67847.0  22.790  15.340  -4.360  11.70  300.98  62.09  942.61  -0.22  99.59  4.14
67848.0  22.810  15.250  -3.700  11.63  300.99  61.67  942.70  -0.06  109.69  4.40
67849.0  22.860  15.180  -2.910  11.58  301.04  61.21  942.78  0.22  123.48  5.48
67850.0  22.740  15.140  -3.170  11.55  300.94  61.51  942.51  -0.22  118.90  4.68
67851.0  22.730  15.110  -2.260  11.53  300.93  61.41  942.49  0.22  124.32  5.30
67852.0  22.730  15.060  -1.410  11.49  300.94  61.21  942.30  0.90  135.47  4.53
67853.0  22.680  15.000  -1.840  11.45  300.89  61.15  942.27  0.11  130.18  5.32
67854.0  22.560  14.950  -2.880  11.41  300.80  61.39  942.05  -0.86  115.94  5.22
67855.0  22.520  14.900  -2.880  11.37  300.75  61.37  942.12  -0.50  113.33  4.92
67856.0  22.590  14.850  -2.720  11.34  300.83  60.90  941.99  0.33  113.68  2.99
67857.0  22.640  14.800  -2.180  11.30  300.89  60.50  941.86  2.21  48.19  0.81
67858.0  22.880  14.760  -1.990  11.28  301.16  59.44  941.58  1.90  66.18  0.82
67859.0  22.950  14.760  -2.100  11.28  301.24  59.23  941.53  1.22  102.86  3.03
67860.0  22.960  14.780  -1.770  11.30  301.27  59.25  941.27  1.07  114.71  4.92
67861.0  22.770  14.790  -1.820  11.32  301.16  60.00  940.31  0.06  111.83  4.29
67862.0  22.600  14.880  -2.830  11.39  301.02  60.98  940.05  -0.42  113.70  2.94
67863.0  22.500  14.980  -3.440  11.46  300.94  61.77  939.81  -0.31  94.79  2.97
67864.0  22.610  15.010  -3.140  11.49  301.07  61.49  939.52  -0.06  107.02  5.61
67865.0  22.570  15.030  -2.920  11.51  301.10  61.68  938.86  -0.38  116.60  5.38
67866.0  22.460  15.010  -3.260  11.50  301.01  62.02  938.59  -0.80  123.88  4.04
67867.0  22.410  14.980  -2.570  11.48  300.99  62.10  938.32  -0.50  124.98  4.22
67868.0  22.430  14.980  -2.300  11.49  301.01  62.07  938.15  1.14  118.08  4.94
67869.0  22.290  14.980  -2.950  11.49  300.93  62.61  937.46  1.63  104.41  3.20
67870.0  22.480  14.980  -2.120  11.50  301.20  61.83  936.73  1.68  131.44  3.23
67871.0  22.460  14.970  -1.460  11.50  301.22  61.89  936.25  1.17  139.19  4.14
67872.0  22.210  15.000  -2.050  11.52  301.00  62.95  935.90  0.85  121.75  4.27
67873.0  22.200  14.990  -2.200  11.53  301.04  62.97  935.36  -0.31  122.41  4.15
67874.0  22.180  14.970  -2.810  11.52  301.08  62.95  934.69  -1.16  123.63  3.97
67875.0  22.030  14.920  -2.840  11.49  300.95  63.37  934.40  -1.20  105.29  4.67
67876.0  22.010  14.860  -2.900  11.45  300.98  63.20  933.83  -1.75  107.99  4.32
67877.0  22.030  14.820  -2.740  11.42  301.05  62.93  933.32  -1.42  114.82  4.65
67878.0  21.920  14.760  -2.630  11.39  300.98  63.15  932.80  -1.23  90.96  4.72
67879.0  21.940  14.740  -2.110  11.37  301.04  62.97  932.39  -0.33  94.40  5.23
67880.0  21.890  14.750  -1.960  11.39  301.06  63.23  931.60  -0.63  97.00  4.45
67881.0  21.870  14.780  -2.020  11.42  301.10  63.38  931.11  -0.09  107.88  3.78
67882.0  21.730  14.790  -2.220  11.43  300.97  64.02  930.84  0.29  115.75  2.79
67883.0  21.740  14.800  -2.220  11.45  301.02  64.04  930.44  0.30  118.38  3.64
67884.0  21.610  14.810  -2.130  11.46  300.94  64.60  929.92  -0.54  100.60  4.71
67885.0  21.630  14.820  -2.060  11.48  301.01  64.59  929.28  -0.64  109.69  4.15
67886.0  21.570  14.820  -2.130  11.48  301.00  64.80  928.83  -1.05  98.49  4.15
67887.0  21.490  14.830  -2.370  11.49  300.94  65.18  928.51  -1.66  91.17  3.18
67888.0  21.500  14.820  -2.560  11.49  300.97  65.10  928.34  -1.27  91.61  3.47
67889.0  21.440  14.790  -2.530  11.47  300.92  65.22  928.21  -1.48  94.18  3.34
67890.0  21.430  14.760  -2.910  11.45  300.91  65.12  928.26  -1.54  83.00  2.73
67891.0  21.540  14.750  -3.380  11.44  301.03  64.63  928.07  -1.93  94.32  3.46
67892.0  21.530  14.730  -3.910  11.43  301.04  64.60  927.85  -1.53  96.99  3.61
67893.0  21.590  14.690  -4.050  11.39  301.12  64.14  927.69  -1.36  102.34  3.15
67894.0  21.560  14.630  -4.170  11.35  301.09  64.03  927.64  -1.43  108.19  3.00
67895.0  21.530  14.570  -4.050  11.31  301.07  63.90  927.58  -0.92  106.92  3.69
67896.0  21.550  14.510  -3.550  11.26  301.07  63.55  927.81  0.24  115.24  4.16
67897.0  21.500  14.460  -2.750  11.23  301.04  63.56  927.57  0.44  120.91  4.70
67898.0  21.510  14.450  -1.480  11.22  301.06  63.45  927.51  1.45  128.88  4.64
67899.0  21.220  14.460  -1.150  11.23  300.79  64.67  927.25  1.74  100.94  3.89
67900.0  21.340  14.480  -0.720  11.25  300.95  64.25  926.80  1.80  91.76  4.18
67901.0  21.610  14.480  -0.810  11.26  301.26  63.21  926.46  2.34  117.35  4.37
67902.0  21.450  14.540  -1.520  11.31  301.15  64.07  925.83  1.48  113.23  3.96
67903.0  21.400  14.580  -2.200  11.34  301.13  64.45  925.54  1.43  116.22  4.30
67904.0  21.330  14.590  -1.550  11.35  301.09  64.78  925.18  0.99  126.07  3.76
67905.0  21.410  14.620  -0.800  11.38  301.20  64.57  924.86  1.72  132.18  4.00
67906.0  21.240  14.660  -0.950  11.42  301.07  65.45  924.41  0.05  128.72  3.52
67907.0  21.110  14.690  -1.050  11.44  300.95  66.14  924.31  -1.03  111.32  3.68
67908.0  21.200  14.730  -1.300  11.47  301.03  65.92  924.41  -0.40  109.33  4.43
67909.0  21.150  14.800  -1.150  11.53  301.01  66.45  924.05  -0.05  110.14  4.77
67910.0  20.950  14.880  -1.010  11.59  300.81  67.65  923.94  0.72  86.62  3.51
67911.0  21.170  14.960  -0.770  11.65  301.05  67.03  923.89  2.24  80.46  2.93
67912.0  21.260  15.040  -1.110  11.71  301.15  67.02  923.71  3.13  83.23  3.56
67913.0  21.250  15.080  -1.400  11.74  301.16  67.25  923.47  2.28  75.46  4.02
67914.0  21.220  15.080  -1.770  11.75  301.19  67.35  922.96  1.14  87.72  3.29
67915.0  21.210  15.060  -1.710  11.74  301.17  67.33  923.00  0.08  83.48  4.22
67916.0  21.160  15.050  -2.240  11.74  301.13  67.51  922.84  -1.11  62.70  3.63
67917.0  21.170  15.020  -2.750  11.71  301.17  67.31  922.63  -1.03  68.33  4.68
67918.0  21.110  14.940  -2.730  11.65  301.11  67.19  922.59  -0.82  66.70  3.97
67919.0  21.250  14.850  -2.650  11.59  301.27  66.27  922.35  -0.65  76.23  3.82
67920.0  21.210  14.790  -3.040  11.54  301.24  66.15  922.31  -1.07  67.69  4.80
67921.0  21.260  14.730  -3.210  11.49  301.28  65.67  922.31  -1.31  72.73  5.13
67922.0  21.250  14.620  -2.700  11.41  301.28  65.23  922.23  0.13  77.64  4.33
67923.0  21.300  14.520  -2.210  11.34  301.34  64.65  922.13  0.68  95.79  4.61
67924.0  21.250  14.490  -1.810  11.31  301.29  64.67  922.15  0.30  94.72  5.21
67925.0  21.220  14.460  -1.440  11.30  301.26  64.71  922.12  0.58  98.34  5.06
67926.0  21.160  14.440  -1.380  11.28  301.21  64.81  922.11  0.40  103.64  4.96
67927.0  21.060  14.390  -1.680  11.24  301.08  65.05  922.31  0.73  101.88  3.86
67928.0  21.160  14.340  -1.580  11.20  301.14  64.42  922.72  1.02  85.15  4.72
67929.0  21.110  14.320  -1.200  11.18  301.10  64.52  922.63  1.06  86.84  3.81
67930.0  21.150  14.320  -0.960  11.18  301.14  64.37  922.64  1.55  104.57  3.96
67931.0  21.190  14.310  -1.200  11.18  301.17  64.16  922.78  1.31  94.18  4.60
67932.0  21.230  14.290  -1.550  11.16  301.19  63.94  922.98  0.88  94.92  5.53
67933.0  21.230  14.300  -1.450  11.17  301.17  63.98  923.15  0.98  94.58  5.87
67934.0  21.110  14.350  -0.880  11.20  301.09  64.63  922.79  0.76  90.04  4.16
67935.0  21.240  14.390  -0.740  11.24  301.28  64.30  922.11  0.49  85.74  3.92
67936.0  21.130  14.430  -0.910  11.28  301.22  64.95  921.49  -1.08  79.32  4.50
67937.0  21.040  14.490  -1.230  11.33  301.17  65.56  921.16  0.01  88.75  4.16
67938.0  21.030  14.550  -2.080  11.39  301.22  65.88  920.50  0.52  85.99  3.90
67939.0  20.950  14.620  -1.960  11.45  301.24  66.50  919.38  -1.30  71.77  4.31
67940.0  20.930  14.650  -2.100  11.47  301.25  66.71  919.01  -1.35  65.17  5.40
67941.0  20.870  14.650  -2.770  11.49  301.25  66.96  918.38  -0.42  68.35  5.09
67942.0  20.600  14.650  -2.920  11.49  301.04  68.10  917.71  -0.13  62.31  3.47
67943.0  20.660  14.600  -2.370  11.46  301.14  67.64  917.32  -0.68  59.82  3.88
67944.0  20.640  14.600  -2.580  11.47  301.13  67.75  917.15  -0.86  64.92  4.42
67945.0  20.540  14.620  -2.410  11.48  301.03  68.24  917.12  1.41  86.94  3.46
67946.0  20.630  14.610  -1.930  11.48  301.14  67.84  916.89  0.45  89.27  3.85
67947.0  20.610  14.630  -2.250  11.49  301.10  68.00  917.09  -0.71  78.37  3.98
67948.0  20.600  14.650  -2.570  11.50  301.07  68.11  917.41  -1.25  56.22  4.60
67949.0  20.650  14.630  -2.880  11.48  301.13  67.80  917.36  -1.12  61.23  4.50
67950.0  20.710  14.600  -2.120  11.47  301.20  67.44  917.17  -0.57  77.18  4.48
67951.0  20.530  14.550  -1.870  11.44  301.09  67.97  916.39  0.34  76.10  3.57
67952.0  20.610  14.480  -0.940  11.40  301.25  67.34  915.50  1.06  74.53  3.86
67953.0  20.430  14.460  -1.330  11.39  301.19  67.96  914.29  0.80  72.02  3.59
67954.0  20.350  14.510  -1.760  11.44  301.21  68.56  913.07  -0.96  88.03  3.10
67955.0  20.290  14.550  -2.110  11.49  301.27  69.03  911.84  -0.85  80.57  3.52
67956.0  20.080  14.570  -2.060  11.53  301.22  70.04  910.15  0.41  51.10  3.54
67957.0  20.060  14.580  -1.770  11.56  301.35  70.17  908.48  1.39  84.26  3.92
67958.0  19.760  14.610  -2.110  11.61  301.20  71.67  906.79  1.21  98.34  2.34
67959.0  19.750  14.650  -1.940  11.65  301.35  71.86  905.18  0.66  89.97  3.03
67960.0  19.520  14.660  -1.750  11.68  301.26  72.98  903.58  1.20  68.64  2.08
67961.0  19.480  14.650  -2.010  11.69  301.36  73.13  902.09  0.47  67.33  3.64
67962.0  19.270  14.650  -2.170  11.71  301.29  74.11  900.57  0.32  60.97  4.43
67963.0  19.160  14.620  -2.580  11.71  301.30  74.51  899.28  -0.53  59.90  4.42
67964.0  19.060  14.570  -3.010  11.68  301.29  74.71  898.32  -1.06  68.77  4.19
67965.0  18.940  14.540  -2.930  11.67  301.27  75.11  897.29  -0.90  67.86  4.00
67966.0  18.910  14.530  -2.850  11.68  301.34  75.24  896.08  -0.35  83.25  4.33
67967.0  18.700  14.520  -1.960  11.69  301.26  76.23  894.71  -0.58  90.69  4.11
67968.0  18.580  14.530  -1.180  11.72  301.26  76.84  893.48  -0.53  79.53  4.31
67969.0  18.410  14.520  -0.780  11.73  301.20  77.65  892.22  -0.02  75.47  4.04
67970.0  18.270  14.460  -0.870  11.70  301.18  78.03  890.90  0.43  91.30  3.32
67971.0  18.210  14.410  -0.680  11.67  301.23  78.04  889.84  1.24  93.07  3.27
67972.0  18.050  14.400  -0.570  11.68  301.18  78.84  888.56  0.03  91.46  2.98
67973.0  17.940  14.410  -0.900  11.71  301.21  79.45  887.12  0.34  76.38  2.89
67974.0  17.800  14.380  -0.740  11.71  301.21  80.03  885.55  0.27  68.54  2.97
67975.0  17.720  14.350  -1.040  11.71  301.27  80.28  884.13  -0.16  69.32  3.48
67976.0  17.640  14.300  -2.450  11.68  301.34  80.38  882.62  -0.25  67.12  3.99
67977.0  17.590  14.230  -2.570  11.65  301.42  80.30  881.23  -0.41  69.62  4.32
67978.0  17.490  14.160  -2.670  11.62  301.48  80.49  879.53  -0.69  69.21  4.91
67979.0  17.310  14.100  -2.600  11.60  301.46  81.08  877.76  -0.70  77.20  4.88
67980.0  17.120  14.060  -2.790  11.59  301.44  81.87  876.00  -0.72  74.03  4.68
67981.0  16.940  14.040  -2.770  11.60  301.41  82.71  874.47  -0.58  59.62  4.26
67982.0  16.940  14.010  -2.930  11.59  301.52  82.55  873.26  -0.20  66.87  4.41
67983.0  16.870  13.950  -3.670  11.56  301.58  82.61  871.88  0.19  76.50  4.69
67984.0  16.830  13.860  -4.200  11.52  301.68  82.35  870.47  0.05  73.90  5.12
67985.0  16.770  13.740  -4.810  11.44  301.75  81.97  869.20  0.46  73.08  5.17
67986.0  16.620  13.570  -5.000  11.32  301.71  81.82  868.00  0.71  75.75  4.96
67987.0  16.510  13.390  -4.540  11.21  301.72  81.51  866.74  0.55  74.44  5.61
67988.0  16.370  13.250  -4.370  11.12  301.70  81.44  865.55  0.17  87.88  5.59
67989.0  16.080  13.090  -4.130  11.01  301.50  82.11  864.49  0.29  100.18  4.96
67990.0  15.780  12.930  -1.790  10.92  301.28  82.88  863.57  0.94  96.82  4.82
67991.0  15.640  12.820  -1.990  10.85  301.25  83.04  862.35  0.92  82.48  4.26
67992.0  15.670  12.780  -1.340  10.83  301.39  82.64  861.30  0.93  92.88  6.04
67993.0  15.470  12.820  -2.010  10.88  301.31  83.94  860.02  0.10  90.70  5.99
67994.0  15.410  12.920  -1.930  10.96  301.34  84.82  858.98  1.09  81.77  6.58
67995.0  15.260  13.010  -1.660  11.04  301.31  86.15  857.81  0.11  67.99  6.36
67996.0  15.180  13.010  -2.230  11.06  301.34  86.66  856.68  1.31  77.96  6.23
67997.0  15.070  12.980  -1.520  11.05  301.34  87.09  855.59  0.54  73.42  6.28
67998.0  14.890  12.980  -1.910  11.07  301.25  88.14  854.47  0.10  69.64  4.98
67999.0  14.760  13.030  -2.060  11.11  301.21  89.16  853.64  0.35  75.73  4.74
68000.0  14.610  13.080  -0.730  11.17  301.16  90.37  852.56  -0.02  69.58  5.08
68001.0  14.490  13.160  -0.730  11.24  301.13  91.60  851.54  0.10  71.54  5.49
68002.0  14.410  13.320  -1.420  11.37  301.14  92.99  850.69  -0.02  66.80  5.92
68003.0  14.400  13.450  -1.810  11.49  301.22  93.91  849.79  -0.22  69.59  6.59
68004.0  14.420  13.550  -2.720  11.57  301.34  94.38  848.73  -0.68  69.39  6.57
68005.0  14.450  13.620  -3.610  11.65  301.49  94.66  847.60  -0.88  67.53  7.45
