flight/WP3D/AircraftPos_NP3_20130610_RA.ict
38  1001
Ken Aikin
NOAA ESRL Chemical Sciences Division
various aircraft sensors
SENEX 2013
1  1
2013  06  10  2013  06  10
1
AOCTimewave
5
1  1  1  1  1 
-9999  -9999  -9999  -9999  -9999
GpsLat  deg
GpsLon  deg
GpsAlt  m
PAlt  m
RAlt  m
1
SPECIAL COMMENTS:Haynesville shale.
18
PI_CONTACT_INFO: Address: NOAA ESRL Chemical Sciences Division  Mail Stop R/CSD7  325 Broadway  Boulder  CO 80305
PLATFORM: NOAA WP-3D
LOCATION: The aircraft was stationed in Smyrna  Tennessee. Aircraft location information in AircraftPosition file.
ASSOCIATED_DATA: N/A
INSTRUMENT_INFO: N/A
DATA_INFO: Units:GpsLat:decimal degrees; GpsLon: decimal degrees; GpsAlt: meters; PAlt:meters; RAlt: meters.
UNCERTAINTY: N/A
ULOD_FLAG: -7777
ULOD_VALUE: N/A
LLOD_FLAG: -8888
LLOD_VALUE: N/A
DM_CONTACT_INFO: Data Manager:Ken Aikin; email:Kenneth.C.Aikin@noaa.gov
PROJECT_INFO: SENEX 2013 Study; June 1 - July 15  2013
STIPULATIONS_ON_USE: Use of these data require prior ok from PI.
OTHER_COMMENTS:       None
REVISION: RA
RA: Preliminary Data.  For in-field use.
AOCTimewave  GpsLat  GpsLon  GpsAlt  PAlt  RAlt
[from data line 18037]
71763.0  32.4054   -93.9853    573.9    507.4    472.1
71764.0  32.4054   -93.9841    572.2    505.2    468.4
71765.0  32.4054   -93.9829    569.7    503.3    469.7
71766.0  32.4054   -93.9816    567.2    501.9    470.7
71767.0  32.4055   -93.9804    564.7    500.0    475.4
71768.0  32.4055   -93.9792    561.6    495.3    474.2
71769.0  32.4055   -93.9779    558.3    491.6    472.2
71770.0  32.4055   -93.9767    554.6    488.7    468.4
71771.0  32.4056   -93.9755    551.3    485.3    462.4
71772.0  32.4056   -93.9742    548.5    484.2    465.5
71773.0  32.4056   -93.9730    545.3    479.7    462.4
71774.0  32.4056   -93.9717    542.5    477.6    454.4
71775.0  32.4057   -93.9705    539.9    474.3    454.2
71776.0  32.4057   -93.9692    537.6    471.5    451.7
71777.0  32.4057   -93.9680    535.8    470.0    446.0
71778.0  32.4057   -93.9667    534.3    468.9    445.7
71779.0  32.4058   -93.9655    534.0    467.8    449.9
71780.0  32.4058   -93.9642    535.2    469.5    451.5
71781.0  32.4058   -93.9630    536.0    471.0    454.7
71782.0  32.4058   -93.9617    536.4    470.8    457.5
71783.0  32.4058   -93.9605    536.4    471.0    456.6
71784.0  32.4058   -93.9592    536.4    471.8    456.3
71785.0  32.4058   -93.9580    537.6    473.8    456.6
71786.0  32.4059   -93.9567    537.8    473.1    458.2
71787.0  32.4059   -93.9555    538.9    474.1    460.8
71788.0  32.4059   -93.9542    538.1    472.6    461.7
71789.0  32.4059   -93.9530    537.7    472.6    458.5
71790.0  32.4059   -93.9517    536.5    471.8    460.7
71791.0  32.4059   -93.9505    535.2    470.5    461.4
71792.0  32.4059   -93.9493    534.3    468.1    456.1
71793.0  32.4059   -93.9480    533.4    468.2    457.3
71794.0  32.4059   -93.9468    532.4    466.7    455.9
71795.0  32.4059   -93.9455    531.6    465.2    448.2
71796.0  32.4059   -93.9443    530.6    464.9    447.6
71797.0  32.4059   -93.9430    530.4    464.0    446.6
71798.0  32.4059   -93.9418    529.3    464.0    447.5
71799.0  32.4059   -93.9405    530.2    463.4    452.6
71800.0  32.4058   -93.9393    530.4    463.0    453.1
71801.0  32.4058   -93.9380    530.4    464.3    449.1
71802.0  32.4058   -93.9368    530.4    464.7    447.0
71803.0  32.4058   -93.9356    530.4    465.3    448.1
71804.0  32.4058   -93.9343    530.8    465.7    446.1
71805.0  32.4057   -93.9331    532.4    466.5    450.4
71806.0  32.4057   -93.9318    534.0    468.3    451.7
71807.0  32.4057   -93.9306    535.2    469.7    452.5
71808.0  32.4056   -93.9294    535.2    470.1    457.1
71809.0  32.4056   -93.9281    535.9    471.1    458.2
71810.0  32.4056   -93.9269    536.4    471.4    455.5
71811.0  32.4055   -93.9256    535.6    470.2    453.0
71812.0  32.4055   -93.9244    535.2    469.6    454.5
71813.0  32.4055   -93.9232    534.4    468.6    453.6
71814.0  32.4054   -93.9219    534.0    467.5    454.7
71815.0  32.4054   -93.9207    534.0    467.5    459.4
71816.0  32.4054   -93.9194    534.9    469.8    463.2
71817.0  32.4053   -93.9182    536.1    470.7    461.5
71818.0  32.4053   -93.9170    536.4    471.3    459.5
71819.0  32.4052   -93.9157    535.4    469.8    457.1
71820.0  32.4052   -93.9145    536.4    470.7    460.4
71821.0  32.4052   -93.9132    537.1    471.0    461.5
71822.0  32.4051   -93.9120    538.2    472.2    460.5
71823.0  32.4051   -93.9108    538.9    473.1    463.9
71824.0  32.4050   -93.9095    537.8    470.0    461.4
71825.0  32.4050   -93.9083    536.9    469.1    466.6
71826.0  32.4050   -93.9070    535.8    468.8    469.1
71827.0  32.4049   -93.9058    534.5    467.9    466.5
71828.0  32.4049   -93.9045    534.0    468.0    463.4
71829.0  32.4049   -93.9033    534.0    468.1    464.9
71830.0  32.4049   -93.9021    534.0    467.4    463.4
71831.0  32.4049   -93.9008    533.3    466.5    470.2
71832.0  32.4048   -93.8996    532.8    467.4    465.8
71833.0  32.4048   -93.8983    532.3    466.3    470.4
71834.0  32.4048   -93.8971    531.6    464.9    468.5
71835.0  32.4048   -93.8958    531.6    466.3    469.1
71836.0  32.4048   -93.8946    531.6    465.1    467.3
71837.0  32.4048   -93.8933    531.6    464.9    470.7
71838.0  32.4047   -93.8921    531.6    464.8    467.6
71839.0  32.4047   -93.8908    532.5    464.6    468.8
71840.0  32.4047   -93.8896    532.6    466.2    470.1
71841.0  32.4047   -93.8883    532.8    466.9    471.1
71842.0  32.4047   -93.8871    532.8    465.7    474.0
71843.0  32.4047   -93.8858    533.7    468.5    475.9
71844.0  32.4046   -93.8846    534.0    468.6    471.3
71845.0  32.4046   -93.8833    534.0    467.5    470.0
71846.0  32.4046   -93.8821    534.0    467.0    469.7
71847.0  32.4046   -93.8808    534.0    466.1    467.0
71848.0  32.4046   -93.8796    534.0    467.7    472.1
71849.0  32.4045   -93.8783    533.4    467.3    474.1
71850.0  32.4045   -93.8771    532.8    467.9    475.8
71851.0  32.4045   -93.8758    532.8    467.7    476.1
71852.0  32.4045   -93.8746    532.8    467.5    476.3
71853.0  32.4045   -93.8733    532.8    466.4    472.6
71854.0  32.4045   -93.8721    532.8    466.4    473.2
71855.0  32.4044   -93.8708    532.8    466.4    474.5
71856.0  32.4044   -93.8696    532.8    465.4    468.5
71857.0  32.4044   -93.8683    532.2    465.1    471.5
71858.0  32.4044   -93.8671    531.6    465.0    469.8
71859.0  32.4044   -93.8658    531.2    464.8    467.1
71860.0  32.4044   -93.8646    530.4    464.4    470.1
71861.0  32.4043   -93.8633    529.7    463.6    466.1
71862.0  32.4043   -93.8621    529.1    463.2    465.9
71863.0  32.4043   -93.8608    529.1    462.9    466.3
71864.0  32.4043   -93.8596    528.7    462.1    459.3
71865.0  32.4043   -93.8583    527.9    462.3    464.4
71866.0  32.4043   -93.8571    527.9    461.5    466.4
71867.0  32.4043   -93.8558    527.9    461.1    469.7
71868.0  32.4042   -93.8546    527.9    460.7    462.2
71869.0  32.4042   -93.8534    527.9    461.2    463.6
71870.0  32.4042   -93.8521    528.5    462.1    463.9
71871.0  32.4042   -93.8509    529.1    462.9    467.8
71872.0  32.4042   -93.8496    529.1    463.5    471.4
71873.0  32.4042   -93.8484    529.6    463.8    468.3
71874.0  32.4042   -93.8472    530.4    465.1    468.5
71875.0  32.4041   -93.8459    530.7    463.8    468.2
71876.0  32.4041   -93.8447    532.3    464.4    469.8
71877.0  32.4041   -93.8435    533.8    466.3    475.7
71878.0  32.4041   -93.8422    535.5    468.2    483.7
71879.0  32.4041   -93.8410    536.6    469.5    483.8
71880.0  32.4041   -93.8398    537.7    471.6    482.0
71881.0  32.4041   -93.8385    537.7    470.7    478.0
71882.0  32.4041   -93.8373    537.7    470.0    480.6
71883.0  32.4041   -93.8361    537.7    471.2    482.7
71884.0  32.4041   -93.8348    537.2    471.5    478.3
71885.0  32.4041   -93.8336    536.4    469.8    473.2
71886.0  32.4041   -93.8324    535.2    469.5    472.8
71887.0  32.4040   -93.8311    534.7    469.1    466.4
71888.0  32.4040   -93.8299    534.0    467.6    465.1
71889.0  32.4040   -93.8287    533.3    466.1    465.7
71890.0  32.4040   -93.8275    532.8    465.9    466.5
71891.0  32.4040   -93.8262    532.8    465.9    458.9
71892.0  32.4040   -93.8250    531.9    464.0    460.4
71893.0  32.4040   -93.8238    531.6    463.7    464.7
71894.0  32.4040   -93.8225    531.6    463.4    464.9
71895.0  32.4040   -93.8213    530.5    463.2    461.1
71896.0  32.4040   -93.8201    530.4    463.2    470.4
71897.0  32.4040   -93.8188    530.1    463.2    468.4
71898.0  32.4040   -93.8176    529.1    463.6    456.2
71899.0  32.4040   -93.8164    530.1    463.4    459.9
71900.0  32.4040   -93.8152    530.4    462.8    458.3
71901.0  32.4040   -93.8139    530.4    461.9    461.6
71902.0  32.4040   -93.8127    530.4    463.4    465.0
71903.0  32.4040   -93.8115    530.4    463.3    466.0
71904.0  32.4040   -93.8103    530.7    463.3    469.6
71905.0  32.4040   -93.8091    531.6    463.7    456.6
71906.0  32.4040   -93.8078    531.6    464.6    459.9
71907.0  32.4040   -93.8066    532.8    466.2    467.1
71908.0  32.4040   -93.8054    532.8    467.4    464.5
71909.0  32.4040   -93.8042    532.8    467.2    462.9
71910.0  32.4040   -93.8029    533.5    466.3    467.5
71911.0  32.4040   -93.8017    534.0    466.6    468.1
71912.0  32.4040   -93.8005    533.2    466.1    460.8
71913.0  32.4040   -93.7993    534.2    466.0    467.5
71914.0  32.4040   -93.7981    535.7    468.4    469.5
71915.0  32.4040   -93.7969    536.5    469.0    473.8
71916.0  32.4040   -93.7956    537.7    471.3    466.2
71917.0  32.4040   -93.7944    537.7    472.7    470.6
71918.0  32.4040   -93.7932    537.7    471.9    469.9
71919.0  32.4040   -93.7920    537.0    471.3    468.0
71920.0  32.4040   -93.7907    535.7    468.1    468.0
71921.0  32.4040   -93.7895    534.2    467.0    467.8
71922.0  32.4040   -93.7883    533.1    465.9    470.3
71923.0  32.4040   -93.7871    532.8    464.9    467.1
71924.0  32.4040   -93.7859    533.0    467.5    469.9
71925.0  32.4040   -93.7846    534.2    467.9    476.3
71926.0  32.4040   -93.7834    535.8    470.7    476.7
71927.0  32.4040   -93.7822    537.0    470.3    479.5
71928.0  32.4040   -93.7810    537.7    471.7    485.9
71929.0  32.4041   -93.7797    537.0    471.4    484.4
71930.0  32.4041   -93.7785    536.4    470.1    480.6
71931.0  32.4041   -93.7773    535.2    470.0    486.0
71932.0  32.4041   -93.7760    533.8    467.9    483.0
71933.0  32.4041   -93.7748    532.6    465.2    487.5
71934.0  32.4041   -93.7736    531.6    464.5    484.9
71935.0  32.4041   -93.7724    530.4    464.0    474.4
71936.0  32.4041   -93.7711    529.3    463.3    479.2
71937.0  32.4041   -93.7699    528.3    462.1    476.9
71938.0  32.4041   -93.7687    527.9    461.3    473.8
71939.0  32.4041   -93.7675    527.9    461.2    470.4
71940.0  32.4041   -93.7663    527.5    461.8    468.4
71941.0  32.4041   -93.7650    526.7    460.4    466.3
71942.0  32.4041   -93.7638    526.7    460.5    464.9
71943.0  32.4041   -93.7626    526.7    460.7    460.4
71944.0  32.4041   -93.7614    526.7    461.6    459.5
71945.0  32.4041   -93.7601    526.7    462.1    465.4
71946.0  32.4041   -93.7589    526.7    461.7    471.5
71947.0  32.4041   -93.7577    528.2    463.3    467.8
71948.0  32.4042   -93.7565    531.0    465.2    470.7
71949.0  32.4042   -93.7553    533.3    466.6    475.0
71950.0  32.4042   -93.7541    534.6    467.3    471.5
71951.0  32.4042   -93.7529    535.9    469.0    467.7
71952.0  32.4042   -93.7516    536.8    468.3    472.4
71953.0  32.4042   -93.7504    537.7    469.2    477.4
71954.0  32.4042   -93.7492    537.7    470.1    484.6
71955.0  32.4042   -93.7480    537.7    469.4    478.0
71956.0  32.4042   -93.7468    537.7    470.6    478.1
71957.0  32.4042   -93.7456    537.7    470.7    476.4
71958.0  32.4042   -93.7443    537.5    469.6    477.3
71959.0  32.4042   -93.7431    536.4    469.0    474.4
71960.0  32.4042   -93.7419    536.4    468.7    470.9
71961.0  32.4042   -93.7407    535.4    468.9    468.3
71962.0  32.4042   -93.7394    535.2    468.7    473.2
71963.0  32.4042   -93.7382    534.2    467.3    469.3
71964.0  32.4042   -93.7370    534.0    468.1    473.6
71965.0  32.4043   -93.7358    533.2    468.0    471.3
71966.0  32.4043   -93.7346    532.8    466.5    472.6
71967.0  32.4043   -93.7334    532.8    465.3    473.7
71968.0  32.4043   -93.7321    532.8    465.7    468.0
71969.0  32.4043   -93.7309    532.8    467.6    469.9
71970.0  32.4043   -93.7297    532.8    466.9    473.8
71971.0  32.4043   -93.7285    532.8    466.2    478.3
71972.0  32.4043   -93.7272    532.5    466.1    483.8
71973.0  32.4043   -93.7260    531.6    465.6    480.9
71974.0  32.4043   -93.7248    531.6    465.3    481.8
71975.0  32.4043   -93.7236    531.6    466.5    484.3
71976.0  32.4043   -93.7224    532.8    466.4    486.6
71977.0  32.4043   -93.7211    533.7    468.3    484.3
71978.0  32.4044   -93.7199    534.0    468.1    482.7
71979.0  32.4044   -93.7187    534.0    468.6    485.9
71980.0  32.4044   -93.7174    533.4    468.1    487.6
71981.0  32.4044   -93.7162    532.6    467.9    488.1
71982.0  32.4044   -93.7150    531.6    466.5    481.2
71983.0  32.4044   -93.7138    530.5    465.6    479.6
71984.0  32.4044   -93.7125    529.4    463.7    483.7
71985.0  32.4044   -93.7113    528.7    463.1    478.0
71986.0  32.4044   -93.7101    528.8    463.1    484.6
71987.0  32.4044   -93.7089    527.9    461.1    484.3
71988.0  32.4045   -93.7076    528.8    462.7    482.0
71989.0  32.4045   -93.7064    529.1    462.8    479.0
71990.0  32.4045   -93.7052    529.1    462.0    478.4
71991.0  32.4045   -93.7040    529.1    462.5    478.9
71992.0  32.4045   -93.7028    529.1    461.1    479.5
71993.0  32.4045   -93.7015    529.1    462.3    480.3
71994.0  32.4045   -93.7003    529.1    463.0    485.3
71995.0  32.4045   -93.6991    529.1    462.0    483.0
71996.0  32.4045   -93.6979    530.2    464.7    482.7
71997.0  32.4045   -93.6966    531.6    465.7    485.3
71998.0  32.4045   -93.6954    531.9    465.5    480.2
71999.0  32.4046   -93.6942    533.0    466.9    481.6
72000.0  32.4046   -93.6930    534.7    469.3    482.9
72001.0  32.4046   -93.6918    536.0    470.5    492.5
72002.0  32.4046   -93.6905    536.6    470.6    496.9
72003.0  32.4046   -93.6893    537.7    471.4    483.6
72004.0  32.4046   -93.6881    537.7    473.0    489.3
72005.0  32.4046   -93.6869    537.7    472.3    488.0
72006.0  32.4046   -93.6856    537.7    471.9    493.9
72007.0  32.4046   -93.6844    536.7    471.8    491.9
72008.0  32.4046   -93.6832    535.4    470.2    492.0
72009.0  32.4046   -93.6820    534.0    467.7    489.6
72010.0  32.4046   -93.6807    534.0    467.5    490.2
72011.0  32.4046   -93.6795    533.8    467.4    492.6
72012.0  32.4046   -93.6783    532.3    465.8    490.8
72013.0  32.4047   -93.6771    530.7    465.6    490.0
72014.0  32.4047   -93.6758    530.4    464.9    484.8
72015.0  32.4047   -93.6746    530.4    464.6    481.9
72016.0  32.4048   -93.6734    530.4    465.6    482.2
72017.0  32.4048   -93.6721    530.4    465.2    484.3
72018.0  32.4049   -93.6709    529.5    464.6    481.2
72019.0  32.4049   -93.6697    529.1    465.3    484.0
72020.0  32.4050   -93.6684    528.8    464.7    483.5
72021.0  32.4050   -93.6672    527.9    463.4    479.4
72022.0  32.4051   -93.6660    526.8    461.8    480.7
72023.0  32.4051   -93.6647    526.7    462.4    482.1
72024.0  32.4052   -93.6635    526.7    462.2    481.7
72025.0  32.4052   -93.6623    525.8    462.0    480.5
72026.0  32.4053   -93.6610    526.7    464.2    479.8
72027.0  32.4053   -93.6598    526.7    463.3    480.9
72028.0  32.4054   -93.6586    527.7    463.3    478.8
72029.0  32.4054   -93.6574    527.9    463.4    479.5
72030.0  32.4055   -93.6561    527.9    463.3    477.9
72031.0  32.4055   -93.6549    528.7    463.5    480.1
72032.0  32.4055   -93.6537    529.1    462.9    480.5
72033.0  32.4056   -93.6525    529.1    463.0    480.6
72034.0  32.4056   -93.6512    529.1    463.0    483.3
72035.0  32.4057   -93.6500    529.1    463.4    486.0
72036.0  32.4057   -93.6488    528.8    464.2    483.6
72037.0  32.4057   -93.6476    527.9    464.6    478.5
72038.0  32.4058   -93.6464    527.9    464.2    479.6
72039.0  32.4058   -93.6452    529.0    464.0    481.1
72040.0  32.4058   -93.6439    529.1    463.8    479.7
72041.0  32.4058   -93.6427    529.1    464.1    479.0
72042.0  32.4059   -93.6415    529.1    464.4    479.5
72043.0  32.4059   -93.6403    530.1    465.2    484.3
72044.0  32.4059   -93.6391    531.4    465.1    484.4
72045.0  32.4059   -93.6379    532.7    466.4    487.3
72046.0  32.4060   -93.6367    534.1    466.8    489.6
72047.0  32.4060   -93.6354    535.5    469.5    488.6
72048.0  32.4060   -93.6342    536.4    469.2    487.8
72049.0  32.4060   -93.6330    536.4    470.3    487.8
72050.0  32.4060   -93.6318    536.4    470.7    490.2
72051.0  32.4061   -93.6306    536.4    470.4    489.3
72052.0  32.4061   -93.6294    536.4    471.3    492.3
