flight/WP3D/AircraftPos_NP3_20130623_RA.ict
38  1001
Ken Aikin
NOAA ESRL Chemical Sciences Division
various aircraft sensors
SENEX 2013
1  1
2013  06  23  2013  06  23
1
AOCTimewave
5
1  1  1  1  1 
-9999  -9999  -9999  -9999  -9999
GpsLat  deg
GpsLon  deg
GpsAlt  m
PAlt  m
RAlt  m
1
SPECIAL COMMENTS:Indianapolis and Nashville PP.
18
PI_CONTACT_INFO: Address: NOAA ESRL Chemical Sciences Division  Mail Stop R/CSD7  325 Broadway  Boulder  CO 80305
PLATFORM: NOAA WP-3D
LOCATION: The aircraft was stationed in Smyrna  Tennessee. Aircraft location information in AircraftPosition file.
ASSOCIATED_DATA: N/A
INSTRUMENT_INFO: N/A
DATA_INFO: Units:GpsLat:decimal degrees; GpsLon: decimal degrees; GpsAlt: meters; PAlt:meters; RAlt: meters.
UNCERTAINTY: N/A
ULOD_FLAG: -7777
ULOD_VALUE: N/A
LLOD_FLAG: -8888
LLOD_VALUE: N/A
DM_CONTACT_INFO: Data Manager:Ken Aikin; email:Kenneth.C.Aikin@noaa.gov
PROJECT_INFO: SENEX 2013 Study; June 1 - July 15  2013
STIPULATIONS_ON_USE: Use of these data require prior ok from PI.
OTHER_COMMENTS:       None
REVISION: RA
RA: Preliminary Data.  For in-field use.
AOCTimewave  GpsLat  GpsLon  GpsAlt  PAlt  RAlt
[from data line 4073]
58576.0  39.8553   -86.3103    785.2    692.6    546.0
58577.0  39.8545   -86.3093    785.2    694.5    547.0
58578.0  39.8538   -86.3083    785.2    696.0    548.9
58579.0  39.8531   -86.3074    785.2    697.5    548.1
58580.0  39.8524   -86.3064    785.2    696.5    546.4
58581.0  39.8517   -86.3054    785.2    697.2    548.0
58582.0  39.8509   -86.3044    785.2    698.6    549.1
58583.0  39.8502   -86.3035    786.4    698.9    547.2
58584.0  39.8495   -86.3025    786.4    700.3    548.2
58585.0  39.8487   -86.3016    786.4    700.3    545.9
58586.0  39.8480   -86.3006    786.0    698.8    546.6
58587.0  39.8472   -86.2997    785.2    697.2    542.7
58588.0  39.8465   -86.2987    784.6    696.8    536.1
58589.0  39.8458   -86.2978    783.7    696.0    534.5
58590.0  39.8450   -86.2968    782.6    693.9    534.8
58591.0  39.8443   -86.2959    781.5    694.2    529.7
58592.0  39.8436   -86.2949    781.5    692.2    531.8
58593.0  39.8428   -86.2940    781.5    693.2    535.4
58594.0  39.8421   -86.2930    781.5    692.1    539.0
58595.0  39.8414   -86.2921    781.5    690.9    534.2
58596.0  39.8406   -86.2911    781.7    691.6    536.7
58597.0  39.8399   -86.2902    783.0    693.4    536.8
58598.0  39.8391   -86.2892    784.1    696.0    542.9
58599.0  39.8384   -86.2882    785.2    696.2    542.7
58600.0  39.8377   -86.2873    785.2    697.3    541.5
58601.0  39.8369   -86.2863    785.8    697.4    546.0
58602.0  39.8362   -86.2854    786.4    697.2    546.6
58603.0  39.8355   -86.2844    786.3    696.4    547.5
58604.0  39.8347   -86.2835    785.2    696.8    545.5
58605.0  39.8340   -86.2825    784.3    696.5    547.1
58606.0  39.8333   -86.2815    783.9    695.6    545.6
58607.0  39.8326   -86.2806    784.3    695.7    547.1
58608.0  39.8318   -86.2796    785.2    697.9    548.3
58609.0  39.8311   -86.2787    785.2    697.5    551.3
58610.0  39.8304   -86.2777    785.2    696.9    552.7
58611.0  39.8297   -86.2767    785.2    695.8    549.6
58612.0  39.8289   -86.2757    784.8    695.7    548.3
58613.0  39.8282   -86.2748    783.9    694.6    545.5
58614.0  39.8275   -86.2738    783.7    694.9    549.1
58615.0  39.8268   -86.2728    782.7    693.4    546.7
58616.0  39.8261   -86.2719    783.1    694.0    545.4
58617.0  39.8253   -86.2709    784.4    696.5    548.3
58618.0  39.8246   -86.2699    785.7    697.3    554.5
58619.0  39.8239   -86.2689    786.7    698.0    553.9
58620.0  39.8232   -86.2680    787.6    698.8    555.6
58621.0  39.8225   -86.2670    786.7    697.7    555.9
58622.0  39.8217   -86.2660    786.4    698.0    556.7
58623.0  39.8210   -86.2650    786.4    698.6    558.6
58624.0  39.8203   -86.2641    785.9    696.9    555.9
58625.0  39.8196   -86.2631    785.2    697.2    557.5
58626.0  39.8188   -86.2621    783.9    693.5    555.1
58627.0  39.8181   -86.2611    783.0    693.0    551.5
58628.0  39.8174   -86.2601    782.7    694.4    556.7
58629.0  39.8167   -86.2591    782.4    694.5    552.8
58630.0  39.8160   -86.2582    781.5    692.7    554.7
58631.0  39.8153   -86.2572    781.5    693.8    543.9
58632.0  39.8146   -86.2562    781.5    695.6    548.4
58633.0  39.8139   -86.2552    781.5    693.4    549.9
58634.0  39.8131   -86.2542    781.5    693.9    552.1
58635.0  39.8124   -86.2532    780.7    693.3    552.7
58636.0  39.8117   -86.2522    780.3    690.7    556.0
58637.0  39.8110   -86.2512    780.3    690.3    555.0
58638.0  39.8103   -86.2502    781.5    692.8    555.0
58639.0  39.8096   -86.2492    781.5    692.3    556.3
58640.0  39.8089   -86.2482    781.5    691.2    557.2
58641.0  39.8082   -86.2472    781.5    691.4    559.4
58642.0  39.8075   -86.2462    782.0    691.8    560.5
58643.0  39.8068   -86.2453    783.4    694.4    561.7
58644.0  39.8061   -86.2443    783.9    693.9    565.2
58645.0  39.8054   -86.2433    783.9    694.6    564.3
58646.0  39.8047   -86.2423    783.9    694.7    563.2
58647.0  39.8040   -86.2413    784.2    695.7    564.6
58648.0  39.8033   -86.2403    785.2    697.7    567.2
58649.0  39.8026   -86.2393    785.5    695.8    566.4
58650.0  39.8019   -86.2383    787.1    698.8    565.0
58651.0  39.8012   -86.2374    787.9    699.9    561.0
58652.0  39.8005   -86.2364    787.7    699.3    573.0
58653.0  39.7998   -86.2354    787.4    697.1    574.1
58654.0  39.7991   -86.2344    786.4    698.3    566.1
58655.0  39.7984   -86.2334    785.6    697.2    565.7
58656.0  39.7977   -86.2324    785.0    694.8    566.7
58657.0  39.7970   -86.2314    783.9    694.6    564.1
58658.0  39.7963   -86.2305    783.9    695.3    567.0
58659.0  39.7956   -86.2295    783.9    694.8    565.4
58660.0  39.7949   -86.2285    783.9    694.1    569.6
58661.0  39.7942   -86.2275    783.9    692.0    564.4
58662.0  39.7935   -86.2265    783.9    693.5    569.0
58663.0  39.7928   -86.2256    783.9    694.1    567.0
58664.0  39.7921   -86.2246    783.9    696.1    566.4
58665.0  39.7914   -86.2236    783.9    694.6    562.6
58666.0  39.7907   -86.2227    783.1    693.8    564.8
58667.0  39.7900   -86.2217    782.7    692.2    564.2
58668.0  39.7893   -86.2207    783.0    692.6    565.6
58669.0  39.7885   -86.2198    783.9    695.4    568.5
58670.0  39.7878   -86.2188    785.2    695.1    566.1
58671.0  39.7871   -86.2178    786.6    697.1    569.3
58672.0  39.7864   -86.2169    787.6    698.8    567.2
58673.0  39.7857   -86.2159    787.6    696.9    566.8
58674.0  39.7850   -86.2149    788.7    698.5    575.6
58675.0  39.7843   -86.2140    789.5    697.5    576.2
58676.0  39.7836   -86.2130    790.0    701.5    578.7
58677.0  39.7829   -86.2120    790.0    700.7    572.9
58678.0  39.7822   -86.2110    790.0    699.9    577.6
58679.0  39.7814   -86.2101    790.0    700.8    576.5
58680.0  39.7807   -86.2091    788.9    699.8    577.2
58681.0  39.7800   -86.2082    787.7    700.0    576.5
58682.0  39.7793   -86.2072    787.4    699.1    578.0
58683.0  39.7786   -86.2062    786.0    699.4    575.8
58684.0  39.7778   -86.2053    785.0    696.8    575.8
58685.0  39.7771   -86.2043    783.9    694.6    577.3
58686.0  39.7763   -86.2034    785.1    696.7    574.1
58687.0  39.7756   -86.2025    785.2    696.6    576.1
58688.0  39.7749   -86.2015    785.3    696.8    572.1
58689.0  39.7741   -86.2006    786.0    696.3    573.1
58690.0  39.7734   -86.1996    785.2    694.6    564.8
58691.0  39.7727   -86.1987    784.5    693.8    574.5
58692.0  39.7719   -86.1977    786.4    695.1    575.0
58693.0  39.7711   -86.1968    787.6    696.8    569.6
58694.0  39.7704   -86.1958    787.2    695.8    572.1
58695.0  39.7697   -86.1949    786.4    693.2    569.9
58696.0  39.7689   -86.1939    786.4    693.3    574.2
58697.0  39.7682   -86.1930    785.3    691.7    575.2
58698.0  39.7674   -86.1921    785.2    689.9    571.1
58699.0  39.7667   -86.1911    785.2    691.8    574.8
58700.0  39.7660   -86.1902    785.2    692.7    574.6
58701.0  39.7652   -86.1893    785.2    689.9    572.5
58702.0  39.7645   -86.1884    785.2    691.8    570.5
58703.0  39.7637   -86.1875    785.2    691.8    571.5
58704.0  39.7630   -86.1865    785.2    691.9    573.4
58705.0  39.7622   -86.1856    785.2    693.9    575.3
58706.0  39.7615   -86.1847    785.2    692.9    574.0
58707.0  39.7607   -86.1838    785.3    691.9    575.7
58708.0  39.7600   -86.1828    786.4    695.6    581.2
58709.0  39.7593   -86.1819    786.4    694.4    578.8
58710.0  39.7585   -86.1810    786.4    695.7    578.6
58711.0  39.7578   -86.1801    786.4    695.8    576.8
58712.0  39.7570   -86.1792    786.4    694.6    581.0
58713.0  39.7563   -86.1782    786.4    693.4    583.3
58714.0  39.7555   -86.1773    786.8    693.9    577.2
58715.0  39.7548   -86.1764    788.0    695.0    577.4
58716.0  39.7540   -86.1755    790.2    697.7    574.0
58717.0  39.7533   -86.1746    792.2    698.6    585.7
58718.0  39.7525   -86.1736    793.7    701.2    590.9
58719.0  39.7518   -86.1727    793.3    702.7    587.0
58720.0  39.7511   -86.1718    792.3    700.8    576.6
58721.0  39.7503   -86.1708    791.3    699.9    574.6
58722.0  39.7496   -86.1699    790.6    696.6    576.5
58723.0  39.7488   -86.1690    790.0    697.7    584.4
58724.0  39.7481   -86.1680    789.6    697.7    579.1
58725.0  39.7474   -86.1671    788.8    696.0    584.6
58726.0  39.7466   -86.1662    788.3    696.5    584.2
58727.0  39.7459   -86.1652    787.6    696.0    580.7
58728.0  39.7452   -86.1643    787.2    694.6    581.3
58729.0  39.7444   -86.1633    786.4    692.9    580.4
58730.0  39.7437   -86.1624    786.4    693.3    576.9
58731.0  39.7429   -86.1615    786.4    693.9    573.9
58732.0  39.7422   -86.1605    786.4    695.2    573.6
58733.0  39.7415   -86.1596    786.4    694.8    571.6
58734.0  39.7408   -86.1586    786.4    693.3    577.7
58735.0  39.7400   -86.1577    786.4    693.3    567.5
58736.0  39.7393   -86.1567    786.4    692.3    570.9
58737.0  39.7386   -86.1558    786.4    693.0    575.3
58738.0  39.7378   -86.1548    787.2    695.3    570.1
58739.0  39.7371   -86.1539    787.6    695.1    569.8
58740.0  39.7364   -86.1529    786.8    694.6    570.3
58741.0  39.7356   -86.1520    786.9    693.1    573.9
58742.0  39.7349   -86.1510    788.2    696.1    580.5
58743.0  39.7342   -86.1501    789.2    697.1    585.3
58744.0  39.7335   -86.1491    790.3    697.7    581.6
58745.0  39.7327   -86.1482    791.3    698.7    574.9
58746.0  39.7320   -86.1472    791.3    698.7    571.5
58747.0  39.7313   -86.1463    792.5    700.5    574.9
58748.0  39.7306   -86.1453    791.7    699.6    571.2
58749.0  39.7298   -86.1444    791.3    698.7    570.0
58750.0  39.7291   -86.1434    790.2    697.6    572.5
58751.0  39.7284   -86.1425    789.7    699.1    573.5
58752.0  39.7276   -86.1415    788.8    697.5    573.9
58753.0  39.7269   -86.1406    788.0    697.7    573.5
58754.0  39.7262   -86.1396    787.3    695.8    566.8
58755.0  39.7255   -86.1386    786.0    694.9    566.7
58756.0  39.7247   -86.1377    785.2    694.4    560.8
58757.0  39.7240   -86.1367    784.8    693.4    560.9
58758.0  39.7233   -86.1358    783.9    692.7    555.0
58759.0  39.7225   -86.1348    782.8    692.0    562.4
58760.0  39.7218   -86.1338    782.7    691.9    559.6
58761.0  39.7211   -86.1329    781.9    691.2    560.4
58762.0  39.7204   -86.1319    781.5    689.8    558.4
58763.0  39.7196   -86.1310    782.1    690.6    557.3
58764.0  39.7189   -86.1300    784.6    695.0    556.8
58765.0  39.7182   -86.1290    786.3    697.1    560.2
58766.0  39.7175   -86.1281    786.4    694.6    563.6
58767.0  39.7167   -86.1271    787.0    695.3    559.4
58768.0  39.7160   -86.1262    787.6    697.0    563.9
58769.0  39.7153   -86.1252    786.6    696.8    559.2
58770.0  39.7146   -86.1243    787.0    696.5    556.5
58771.0  39.7139   -86.1233    787.6    698.5    556.0
58772.0  39.7131   -86.1223    787.6    696.1    561.5
58773.0  39.7124   -86.1214    788.1    695.0    557.3
58774.0  39.7117   -86.1204    789.7    696.8    561.9
58775.0  39.7110   -86.1195    791.0    698.4    560.0
58776.0  39.7102   -86.1185    791.3    698.2    564.8
58777.0  39.7095   -86.1175    791.3    699.8    570.0
58778.0  39.7088   -86.1166    791.3    698.2    564.2
58779.0  39.7081   -86.1156    790.8    698.1    560.6
58780.0  39.7073   -86.1147    789.0    697.0    562.1
58781.0  39.7066   -86.1137    787.6    693.8    560.2
58782.0  39.7059   -86.1127    786.7    695.7    559.8
58783.0  39.7052   -86.1118    786.4    696.0    564.0
58784.0  39.7044   -86.1108    785.4    695.2    562.6
58785.0  39.7037   -86.1098    785.2    696.0    561.9
58786.0  39.7030   -86.1089    785.2    695.7    559.9
58787.0  39.7023   -86.1079    786.2    696.2    555.5
58788.0  39.7016   -86.1069    786.4    696.1    556.6
58789.0  39.7008   -86.1060    786.4    694.9    560.9
58790.0  39.7001   -86.1050    786.6    695.8    553.0
58791.0  39.6994   -86.1040    787.9    696.4    553.0
58792.0  39.6986   -86.1031    788.8    697.6    550.4
58793.0  39.6979   -86.1021    788.8    697.5    555.1
58794.0  39.6972   -86.1012    788.8    697.1    550.5
58795.0  39.6965   -86.1002    788.8    697.0    552.4
58796.0  39.6957   -86.0992    787.7    698.0    558.3
58797.0  39.6950   -86.0983    786.8    696.3    551.6
58798.0  39.6943   -86.0973    786.4    697.3    544.5
58799.0  39.6935   -86.0963    785.2    696.2    549.1
58800.0  39.6928   -86.0954    784.0    694.3    546.4
58801.0  39.6921   -86.0944    783.9    694.7    549.2
58802.0  39.6913   -86.0935    783.9    694.5    546.3
58803.0  39.6906   -86.0925    783.9    694.1    548.0
58804.0  39.6899   -86.0915    782.7    693.1    541.4
58805.0  39.6892   -86.0906    782.7    694.4    542.8
58806.0  39.6884   -86.0896    782.7    693.9    540.9
58807.0  39.6877   -86.0886    782.7    692.8    539.2
58808.0  39.6870   -86.0877    782.7    693.0    548.8
58809.0  39.6863   -86.0867    783.8    693.5    538.1
58810.0  39.6855   -86.0857    785.0    694.8    538.1
58811.0  39.6848   -86.0848    785.4    693.7    539.0
58812.0  39.6841   -86.0838    787.0    696.6    538.1
58813.0  39.6834   -86.0828    788.6    699.0    541.4
58814.0  39.6826   -86.0819    789.0    698.6    537.4
58815.0  39.6819   -86.0809    790.0    700.5    540.7
58816.0  39.6812   -86.0799    791.2    702.9    542.2
58817.0  39.6805   -86.0790    790.7    703.6    538.6
58818.0  39.6797   -86.0780    789.2    699.1    536.3
58819.0  39.6790   -86.0770    788.5    698.1    533.1
58820.0  39.6783   -86.0761    787.5    697.5    536.0
58821.0  39.6776   -86.0751    786.2    695.4    534.8
58822.0  39.6768   -86.0741    785.2    696.0    535.5
58823.0  39.6761   -86.0732    785.2    695.8    531.3
58824.0  39.6754   -86.0722    784.0    694.6    532.7
58825.0  39.6746   -86.0713    783.6    694.0    530.4
58826.0  39.6739   -86.0703    783.3    694.2    529.1
58827.0  39.6732   -86.0693    783.9    694.7    533.1
58828.0  39.6724   -86.0684    783.9    695.7    531.8
58829.0  39.6717   -86.0675    783.9    694.5    537.6
58830.0  39.6710   -86.0665    783.9    693.5    547.5
58831.0  39.6702   -86.0656    784.8    694.2    543.8
58832.0  39.6695   -86.0646    786.3    696.6    548.4
58833.0  39.6687   -86.0637    786.4    696.2    543.8
58834.0  39.6680   -86.0627    785.2    693.4    538.4
58835.0  39.6673   -86.0618    785.2    695.3    539.3
58836.0  39.6665   -86.0609    785.1    694.8    541.0
58837.0  39.6658   -86.0599    783.9    693.9    541.9
58838.0  39.6650   -86.0590    783.9    692.7    537.7
58839.0  39.6643   -86.0581    783.9    692.6    541.7
58840.0  39.6635   -86.0571    783.9    693.9    539.8
58841.0  39.6628   -86.0562    784.9    695.2    540.5
58842.0  39.6621   -86.0552    785.2    697.2    540.5
58843.0  39.6613   -86.0543    786.4    696.8    543.4
58844.0  39.6606   -86.0534    786.4    697.8    540.8
58845.0  39.6599   -86.0524    786.4    698.7    537.8
58846.0  39.6591   -86.0514    786.4    699.2    539.2
58847.0  39.6584   -86.0505    785.6    696.4    541.6
58848.0  39.6577   -86.0495    785.2    694.9    540.2
58849.0  39.6570   -86.0485    785.1    695.0    536.3
58850.0  39.6562   -86.0476    785.0    694.6    534.3
58851.0  39.6555   -86.0466    785.2    694.6    540.7
58852.0  39.6548   -86.0457    785.2    694.5    540.4
58853.0  39.6541   -86.0447    785.2    695.3    536.7
58854.0  39.6533   -86.0437    785.2    695.4    537.9
58855.0  39.6526   -86.0428    785.2    695.7    537.5
58856.0  39.6519   -86.0418    785.2    695.5    536.9
58857.0  39.6511   -86.0409    785.2    696.0    537.1
58858.0  39.6504   -86.0400    785.2    696.6    537.2
58859.0  39.6496   -86.0390    783.9    696.2    539.1
58860.0  39.6489   -86.0381    783.9    694.6    540.1
58861.0  39.6482   -86.0371    783.6    695.0    534.9
58862.0  39.6474   -86.0362    782.7    693.6    532.2
58863.0  39.6467   -86.0353    782.7    693.8    533.5
58864.0  39.6459   -86.0344    782.7    693.2    532.6
58865.0  39.6452   -86.0334    782.7    692.6    536.9
