flight/WP3D/AircraftMis_NP3_20130703_RB.ict
42  1001
Ken Aikin
NOAA ESRL Chemical Sciences Division
various aircraft sensors
SENEX 2013
1  1
2013  07  03  2013  07  03
1
AOCTimewave
8
1  1  1  1  1  1  1  1
-9999  -9999  -9999  -9999  -9999  -9999  -9999  -9999
Attack  deg
CabinPrs  mbar
GndSpd  m/s
Heading  deg
Pitch  deg
Roll  deg
Slip  deg
TrueAirSpd  m/s
1
SPECIAL COMMENTS:AR  MO power plants  night flight.
19
PI_CONTACT_INFO: Address: NOAA ESRL Chemical Sciences Division  Mail Stop R/CSD7  325 Broadway  Boulder  CO 80305
PLATFORM: NOAA WP-3D
LOCATION: The aircraft was stationed in  Smyrna  Tennessee. Aircraft location information in AircraftPosition file.
ASSOCIATED_DATA: N/A
INSTRUMENT_INFO: N/A
DATA_INFO: Units: Attack degrees; CabinPrs millibar; GndSpd m/s; Heading degrees; Pitch degrees; Roll degrees; Slip degrees; TrueAirSpd m/s
UNCERTAINTY: N/A
ULOD_FLAG: -7777
ULOD_VALUE: N/A
LLOD_FLAG: -8888
LLOD_VALUE: N/A
DM_CONTACT_INFO: Data Manager:Ken Aikin; email:Kenneth.C.Aikin@noaa.gov
PROJECT_INFO: SENEX 2013 Study; June 1 - July 15  2013
STIPULATIONS_ON_USE: Use of these data require prior ok from PI.
OTHER_COMMENTS:       None
REVISION: RB
RB: Correct time. RA was off by one day. No change to data.
RA: Preliminary Data.  For in-field use.
AOCTimewave  Attack  CabinPrs  GndSpd  Heading  Pitch  Roll  Slip  TrueAirSpd
[from data line 1839]
 5238.0  3.1  949.5  109.9  294.3  3.06  0.75  -0.41  110.8
 5239.0  3.0  949.2  110.0  294.4  3.04  -0.08  -0.46  110.9
 5240.0  3.0  950.0  110.0  294.3  3.00  0.20  -0.39  110.9
 5241.0  3.1  949.3  110.0  294.2  3.05  0.61  -0.24  110.8
 5242.0  3.0  949.3  110.0  294.3  3.03  1.33  -0.22  110.9
 5243.0  3.1  949.5  110.1  294.5  3.07  2.09  -0.20  110.9
 5244.0  3.1  949.3  110.1  294.7  3.11  2.36  -0.19  110.8
 5245.0  3.1  949.8  110.1  295.0  3.07  2.45  -0.27  110.8
 5246.0  3.0  949.3  110.2  295.3  3.00  3.06  -0.31  110.8
 5247.0  3.1  949.7  110.2  295.6  3.00  3.92  -0.21  110.8
 5248.0  3.2  949.4  110.3  295.9  3.12  4.52  -0.16  110.6
 5249.0  3.2  949.5  110.3  296.5  3.10  4.54  -0.29  110.6
 5250.0  3.1  949.2  110.4  297.0  3.09  4.34  -0.47  110.6
 5251.0  3.0  949.6  110.4  297.4  2.99  3.74  -0.55  110.8
 5252.0  3.0  949.3  110.5  297.7  3.01  2.98  -0.62  110.9
 5253.0  3.0  949.3  110.6  297.9  3.04  2.93  -0.55  111.1
 5254.0  3.1  949.2  110.6  298.1  3.10  2.68  -0.46  111.1
 5255.0  3.0  949.7  110.7  298.3  3.07  2.27  -0.48  111.1
 5256.0  3.0  949.5  110.7  298.6  3.09  1.57  -0.54  111.2
 5257.0  3.0  949.3  110.8  298.8  3.07  1.28  -0.58  111.2
 5258.0  3.0  949.7  110.8  298.8  3.07  1.09  -0.53  111.3
 5259.0  2.9  949.3  110.9  298.9  3.01  0.51  -0.36  111.7
 5260.0  3.0  949.1  110.9  299.0  3.08  0.21  -0.34  111.5
 5261.0  3.0  949.5  110.9  299.2  3.19  0.23  -0.43  111.6
 5262.0  2.9  949.3  110.9  299.3  3.10  0.55  -0.50  111.7
 5263.0  2.9  949.1  111.0  299.4  3.10  1.12  -0.46  111.7
 5264.0  2.9  949.4  111.0  299.6  3.09  1.47  -0.45  111.8
 5265.0  3.0  949.1  111.0  299.8  3.14  1.71  -0.49  111.8
 5266.0  3.0  949.1  111.1  300.0  3.22  1.82  -0.56  111.9
 5267.0  2.9  949.7  111.1  300.2  3.12  2.24  -0.55  112.0
 5268.0  2.9  949.2  111.1  300.3  3.03  1.84  -0.59  112.2
 5269.0  3.0  949.2  111.2  300.5  3.11  1.31  -0.76  112.0
 5270.0  2.9  949.6  111.2  300.5  3.07  0.22  -0.85  112.0
 5271.0  2.8  949.4  111.2  300.4  3.02  -0.16  -0.74  112.2
 5272.0  2.8  949.3  111.3  300.2  2.98  -0.21  -0.43  112.1
 5273.0  3.0  949.7  111.3  300.2  3.10  -0.16  -0.21  112.1
 5274.0  2.9  949.2  111.3  300.4  3.10  -0.06  -0.39  112.2
 5275.0  2.9  949.1  111.3  300.5  3.02  -0.09  -0.57  112.3
 5276.0  2.9  949.4  111.4  300.5  2.99  -0.42  -0.58  112.5
 5277.0  2.9  949.3  111.4  300.5  2.95  -0.17  -0.51  112.6
 5278.0  2.8  949.0  111.5  300.5  2.90  0.04  -0.50  112.8
 5279.0  2.8  949.1  111.5  300.5  2.90  0.43  -0.54  112.9
 5280.0  2.8  949.5  111.6  300.6  2.90  0.66  -0.53  112.9
 5281.0  2.8  949.1  111.6  300.7  2.84  0.37  -0.60  112.9
 5282.0  2.8  949.0  111.7  300.8  2.84  0.66  -0.66  113.0
 5283.0  2.8  948.9  111.7  300.8  2.82  1.10  -0.53  112.9
 5284.0  2.9  949.0  111.8  300.9  2.89  1.31  -0.51  112.8
 5285.0  2.8  949.4  111.8  301.1  2.80  0.54  -0.69  112.9
 5286.0  2.7  949.1  111.9  301.1  2.65  0.52  -0.72  112.9
 5287.0  2.8  949.3  112.0  301.1  2.78  0.20  -0.60  113.1
 5288.0  2.9  949.5  112.0  301.1  2.89  0.10  -0.52  113.2
 5289.0  2.7  949.1  112.1  301.2  2.80  0.09  -0.54  113.2
 5290.0  2.7  949.2  112.1  301.2  2.77  0.26  -0.51  113.2
 5291.0  2.8  949.3  112.2  301.3  2.82  -0.03  -0.59  113.2
 5292.0  2.8  949.1  112.2  301.4  2.83  -0.58  -0.71  113.2
 5293.0  2.8  949.5  112.3  301.3  2.88  -0.82  -0.68  113.2
 5294.0  2.8  949.3  112.3  301.2  2.89  -0.89  -0.65  113.2
 5295.0  2.8  948.9  112.3  301.1  2.86  -0.74  -0.56  113.3
 5296.0  2.8  949.4  112.4  301.1  2.92  -0.43  -0.58  113.2
 5297.0  2.9  949.1  112.4  301.1  2.98  -0.21  -0.59  113.2
 5298.0  2.8  948.9  112.4  301.0  2.95  -0.16  -0.57  113.1
 5299.0  2.8  949.1  112.5  301.0  2.87  -0.29  -0.53  113.0
 5300.0  2.8  948.9  112.5  301.1  2.94  -0.37  -0.54  113.0
 5301.0  2.8  949.4  112.6  301.2  2.96  -0.36  -0.57  113.2
 5302.0  2.8  949.2  112.6  301.2  2.94  -0.37  -0.51  113.5
 5303.0  2.8  949.0  112.6  301.2  2.93  -0.51  -0.47  113.6
 5304.0  2.8  949.3  112.6  301.3  2.99  -0.67  -0.56  113.5
 5305.0  2.9  949.2  112.6  301.4  3.14  -0.62  -0.65  113.6
 5306.0  2.8  949.1  112.6  301.3  3.04  -0.71  -0.64  113.6
 5307.0  2.8  949.5  112.6  301.3  3.02  -0.53  -0.64  113.6
 5308.0  2.8  949.1  112.6  301.3  2.97  -0.34  -0.62  113.6
 5309.0  2.8  949.2  112.7  301.3  2.98  -0.26  -0.64  113.6
 5310.0  2.7  949.4  112.7  301.3  2.90  -0.16  -0.65  113.8
 5311.0  2.7  949.4  112.7  301.3  2.90  -0.17  -0.63  113.9
 5312.0  2.8  949.2  112.7  301.3  2.94  -0.41  -0.68  113.8
 5313.0  2.8  949.2  112.7  301.3  2.94  -0.61  -0.72  113.7
 5314.0  2.7  949.6  112.7  301.3  2.96  -0.37  -0.70  113.9
 5315.0  2.7  949.0  112.7  301.2  2.87  -0.23  -0.62  113.8
 5316.0  2.7  949.1  112.8  301.2  2.81  -0.39  -0.64  114.0
 5317.0  2.8  949.3  112.8  301.2  2.86  -0.33  -0.72  114.0
 5318.0  2.7  949.0  112.8  301.2  2.81  -0.12  -0.64  114.1
 5319.0  2.7  949.1  112.9  301.2  2.82  -0.12  -0.62  114.2
 5320.0  2.7  949.5  112.9  301.2  2.79  -0.23  -0.64  114.2
 5321.0  2.7  948.9  112.9  301.2  2.77  -0.25  -0.67  114.3
 5322.0  2.7  949.1  113.0  301.3  2.72  -0.23  -0.69  114.4
 5323.0  2.7  949.2  113.0  301.2  2.70  -0.39  -0.66  114.1
 5324.0  2.7  949.1  113.0  301.1  2.67  -0.46  -0.57  114.1
 5325.0  2.8  949.0  113.0  301.1  2.69  -0.35  -0.62  114.2
 5326.0  2.8  949.2  113.0  301.2  2.71  -0.31  -0.71  114.4
 5327.0  2.7  949.3  113.0  301.2  2.62  -0.40  -0.78  114.6
 5328.0  2.6  949.1  112.9  301.1  2.58  0.02  -0.62  114.8
 5329.0  2.7  949.3  112.8  301.1  2.67  -0.38  -0.69  114.8
 5330.0  2.7  949.2  112.7  301.1  2.64  -0.23  -0.72  114.6
 5331.0  2.7  949.0  112.7  301.1  2.62  2.64  -0.42  114.6
 5332.0  2.7  949.6  112.6  301.3  2.62  5.25  -0.13  114.4
 5333.0  2.7  949.2  112.5  302.0  2.59  7.59  -0.12  114.5
 5334.0  2.7  949.0  112.4  303.0  2.37  10.25  -0.24  114.3
 5335.0  2.3  949.4  112.3  304.0  1.66  13.60  -0.14  114.3
 5336.0  2.5  949.2  112.2  305.3  1.37  16.82  0.01  114.1
 5337.0  3.2  949.2  112.2  307.2  1.83  18.67  -0.19  113.7
 5338.0  3.5  949.5  112.0  309.4  2.19  19.36  -0.53  113.3
 5339.0  3.5  949.3  111.8  311.4  2.33  20.02  -0.63  112.8
 5340.0  3.7  949.3  111.5  313.3  2.59  21.58  -0.42  112.1
 5341.0  3.8  949.3  111.2  315.5  2.78  22.81  -0.34  111.4
 5342.0  4.0  949.4  110.9  317.9  3.05  23.18  -0.47  110.9
 5343.0  3.8  949.6  110.6  320.2  2.91  24.01  -0.48  110.3
 5344.0  3.9  949.2  110.3  322.6  3.05  25.01  -0.36  109.7
 5345.0  4.3  949.4  109.9  325.2  3.38  25.54  -0.41  109.1
 5346.0  4.3  949.4  109.6  327.9  3.50  25.57  -0.54  108.7
 5347.0  4.1  949.2  109.2  330.3  3.30  25.64  -0.50  108.4
 5348.0  3.9  949.1  108.9  332.6  2.91  25.51  -0.35  107.8
 5349.0  4.0  948.8  108.6  335.0  2.69  25.81  -0.35  107.2
 5350.0  4.2  949.2  108.4  337.7  2.74  26.06  -0.35  106.6
 5351.0  4.4  949.0  108.2  340.4  2.74  26.51  -0.37  106.3
 5352.0  4.5  949.4  107.9  343.2  2.82  26.59  -0.39  105.8
 5353.0  4.9  949.3  107.7  346.1  3.31  26.09  -0.52  105.3
 5354.0  5.1  949.2  107.4  349.0  3.68  25.81  -0.52  104.7
 5355.0  4.9  949.8  107.0  351.7  3.78  25.57  -0.59  104.1
 5356.0  4.7  949.2  106.6  354.2  3.69  25.04  -0.50  103.7
 5357.0  4.6  949.6  106.3  356.6  3.43  25.01  -0.48  103.3
 5358.0  4.2  949.3  106.0  358.8  2.73  25.73  -0.32  103.0
 5359.0  4.1  949.4  105.8  0.9  1.92  26.50  -0.27  102.8
 5360.0  4.0  949.4  105.7  3.2  1.05  26.82  -0.22  102.8
 5361.0  4.0  949.6  105.7  5.7  0.31  27.09  -0.16  103.0
 5362.0  4.3  950.0  105.9  8.4  -0.03  27.75  -0.10  103.2
 5363.0  4.7  949.7  106.1  11.4  -0.14  28.47  -0.16  103.3
 5364.0  5.4  949.6  106.4  14.7  0.25  27.97  -0.57  103.2
 5365.0  5.2  950.2  106.7  17.7  0.26  27.72  -0.75  103.5
 5366.0  4.8  950.0  106.9  20.3  0.02  28.20  -0.58  103.9
 5367.0  4.9  950.2  107.1  23.1  0.18  28.66  -0.42  104.3
 5368.0  5.1  950.4  107.3  26.2  0.47  28.90  -0.45  104.6
 5369.0  4.7  949.9  107.4  29.1  0.18  29.66  -0.37  104.9
 5370.0  4.9  950.8  107.6  32.2  0.32  29.86  -0.38  105.1
 5371.0  4.7  950.1  107.8  35.2  0.07  29.68  -0.51  105.3
 5372.0  4.3  950.7  108.0  37.9  -0.52  29.61  -0.57  105.7
 5373.0  4.1  950.5  108.2  40.5  -1.01  29.67  -0.48  106.2
 5374.0  4.2  950.6  108.5  43.3  -1.27  29.47  -0.51  106.7
 5375.0  4.1  951.0  108.9  46.0  -1.62  29.82  -0.32  107.0
 5376.0  4.3  950.8  109.2  49.0  -1.57  30.20  -0.25  107.3
 5377.0  4.4  951.0  109.7  52.1  -1.70  30.53  -0.37  107.6
 5378.0  4.5  951.2  110.1  55.3  -1.65  30.58  -0.47  108.0
 5379.0  4.4  951.6  110.5  58.4  -1.60  30.28  -0.53  108.2
 5380.0  4.6  951.5  110.9  61.5  -1.29  29.97  -0.52  108.5
 5381.0  4.7  951.5  111.3  64.8  -0.88  29.73  -0.48  108.6
 5382.0  4.6  951.6  111.6  67.9  -0.76  29.88  -0.48  108.7
 5383.0  4.3  951.7  111.9  70.8  -0.83  30.08  -0.46  108.8
 5384.0  4.4  952.0  112.1  73.9  -0.65  30.67  -0.38  108.9
 5385.0  4.7  951.7  112.3  77.3  -0.05  31.51  -0.29  108.8
 5386.0  4.8  952.3  112.5  80.8  0.32  31.31  -0.41  108.7
 5387.0  4.6  952.2  112.5  84.1  0.37  31.26  -0.52  108.6
 5388.0  4.4  952.5  112.6  87.2  0.37  31.39  -0.40  108.7
 5389.0  4.2  952.5  112.6  90.1  0.12  31.36  -0.36  108.7
 5390.0  4.1  952.6  112.6  93.2  -0.09  31.21  -0.38  108.6
 5391.0  4.5  952.5  112.7  96.6  0.15  30.88  -0.47  108.4
 5392.0  4.9  952.9  112.7  100.1  0.84  30.84  -0.64  108.5
 5393.0  5.1  952.5  112.6  103.5  1.47  30.72  -0.56  108.2
 5394.0  4.6  952.3  112.5  106.5  1.46  30.31  -0.35  108.0
 5395.0  4.3  952.7  112.3  109.5  1.23  30.47  -0.44  107.8
 5396.0  4.4  952.8  112.1  112.6  1.37  30.83  -0.31  107.6
 5397.0  4.7  952.6  111.9  116.0  1.74  30.88  -0.29  107.4
 5398.0  4.8  953.2  111.6  119.4  2.03  31.16  -0.32  107.1
 5399.0  4.9  952.7  111.3  122.9  2.33  31.87  -0.23  106.7
 5400.0  5.1  953.3  110.9  126.5  2.82  32.02  -0.24  106.3
 5401.0  4.7  953.5  110.4  129.8  2.57  32.13  -0.34  106.0
 5402.0  4.1  953.5  110.0  132.6  1.71  32.34  -0.41  105.7
 5403.0  3.4  953.4  109.8  135.2  0.33  32.14  -0.51  105.8
 5404.0  3.7  953.4  109.7  138.3  -0.24  31.06  -0.75  105.7
 5405.0  4.1  953.4  109.7  141.5  -0.41  30.14  -0.89  105.6
 5406.0  4.4  953.9  109.7  144.7  -0.28  29.82  -0.88  105.6
 5407.0  4.6  954.0  109.7  147.8  -0.02  29.72  -0.83  105.6
 5408.0  4.7  954.2  109.7  150.8  0.12  29.65  -0.73  105.7
 5409.0  4.7  954.5  109.6  153.9  0.26  29.56  -0.71  105.6
 5410.0  4.7  954.7  109.5  157.2  0.45  29.76  -0.71  105.7
 5411.0  4.5  954.9  109.4  160.2  0.34  30.03  -0.67  105.6
 5412.0  4.6  955.9  109.3  163.4  0.29  30.29  -0.72  105.5
 5413.0  4.8  956.1  109.2  166.9  0.58  30.44  -0.80  105.5
 5414.0  5.2  956.1  109.0  170.5  1.17  30.50  -0.82  105.2
 5415.0  5.2  956.7  108.7  173.9  1.49  29.96  -0.94  105.1
 5416.0  4.4  957.4  108.4  176.8  0.97  29.76  -0.92  105.0
 5417.0  4.3  957.9  108.2  179.7  0.80  29.85  -0.77  104.9
 5418.0  4.8  958.4  108.0  182.9  1.34  29.44  -0.67  104.9
 5419.0  4.9  958.8  107.7  186.2  1.61  27.39  -1.04  104.7
 5420.0  4.4  959.7  107.5  189.0  1.19  24.62  -1.50  104.7
 5421.0  4.2  960.0  107.3  191.2  1.09  21.80  -1.59  104.7
 5422.0  4.4  960.1  107.1  193.1  1.61  18.93  -1.46  104.5
 5423.0  4.3  960.6  107.0  194.7  1.91  16.41  -1.32  104.4
 5424.0  4.6  961.4  106.7  196.2  2.79  13.81  -1.30  104.1
 5425.0  4.8  961.5  106.4  197.7  3.81  10.85  -1.50  103.8
 5426.0  4.3  962.4  106.0  198.6  3.82  7.98  -1.64  103.5
 5427.0  3.8  962.6  105.6  198.7  3.49  5.63  -1.25  103.2
 5428.0  3.6  962.8  105.3  198.5  3.17  3.29  -0.68  103.0
 5429.0  3.6  963.2  105.1  198.4  2.93  0.20  -0.53  102.7
 5430.0  3.7  963.1  105.0  198.4  2.76  -3.36  -0.89  102.6
 5431.0  3.9  963.0  104.9  198.3  2.91  -6.43  -1.51  102.5
 5432.0  4.0  963.5  104.8  197.8  3.07  -8.43  -1.70  102.2
 5433.0  4.0  963.4  104.7  196.7  3.06  -9.27  -1.40  102.1
 5434.0  4.1  963.6  104.7  195.4  3.08  -9.60  -0.94  101.9
 5435.0  4.2  964.1  104.6  194.2  3.22  -9.43  -0.62  101.7
 5436.0  4.3  964.1  104.5  193.3  3.45  -8.91  -0.65  101.4
 5437.0  4.3  964.7  104.3  192.7  3.71  -8.09  -0.86  101.1
 5438.0  4.1  964.4  104.2  192.2  3.49  -6.62  -0.87  100.9
 5439.0  3.8  965.2  104.1  191.5  2.86  -4.20  -0.47  100.9
 5440.0  3.9  965.1  104.0  190.9  2.72  -2.82  -0.07  100.8
 5441.0  4.2  965.4  103.9  190.7  2.96  -2.49  -0.12  100.5
 5442.0  4.2  965.3  103.8  190.9  3.04  -2.41  -0.61  100.4
 5443.0  4.2  965.7  103.8  191.0  3.04  -2.11  -0.96  100.2
 5444.0  4.2  965.6  103.7  190.9  3.07  -1.38  -0.86  100.1
 5445.0  4.4  966.3  103.6  190.5  3.38  -0.23  -0.46  99.8
 5446.0  4.5  966.3  103.4  190.3  3.59  0.19  -0.21  99.6
 5447.0  4.3  966.5  103.3  190.3  3.46  -0.19  -0.24  99.5
 5448.0  4.4  967.0  103.2  190.4  3.68  -0.60  -0.42  99.3
 5449.0  4.7  967.2  103.1  190.5  4.16  0.09  -0.58  99.1
 5450.0  4.9  967.1  102.9  190.6  4.73  1.35  -0.41  98.8
 5451.0  4.7  967.5  102.6  190.7  4.89  2.48  -0.28  98.5
 5452.0  4.4  967.6  102.3  191.0  4.58  2.66  -0.34  98.3
 5453.0  4.3  967.8  102.1  191.4  4.32  1.82  -0.57  98.0
 5454.0  4.5  967.8  101.8  191.7  4.46  0.64  -0.84  97.7
 5455.0  4.6  967.8  101.6  191.8  4.61  -0.45  -0.98  97.4
 5456.0  4.6  967.9  101.4  191.7  4.52  -0.20  -0.84  97.2
 5457.0  4.4  967.8  101.2  191.6  4.17  3.01  -0.34  96.9
 5458.0  4.6  967.9  101.1  192.5  4.17  9.31  0.09  96.7
 5459.0  4.7  967.9  100.9  194.2  4.09  15.76  0.14  96.6
 5460.0  4.8  967.7  100.6  196.7  3.81  19.83  -0.28  96.4
 5461.0  5.3  968.2  100.4  199.8  3.88  22.15  -0.91  96.2
 5462.0  5.4  968.2  100.1  202.9  3.68  24.61  -1.20  96.0
 5463.0  5.5  967.8  99.8  205.9  3.60  27.95  -0.94  95.8
 5464.0  6.1  968.7  99.4  209.3  4.06  29.73  -0.74  95.7
 5465.0  5.6  971.2  99.0  212.5  3.46  30.98  -0.74  95.6
 5466.0  5.9  968.6  98.8  216.4  3.45  32.05  -0.87  95.5
 5467.0  6.8  968.9  98.4  221.1  4.37  32.18  -1.15  95.7
 5468.0  6.9  968.9  97.9  225.6  5.00  32.16  -1.50  95.4
 5469.0  6.8  969.6  97.3  229.7  5.43  32.36  -1.51  95.2
 5470.0  6.7  969.8  96.7  233.5  5.91  32.30  -1.30  94.8
 5471.0  6.5  969.7  96.0  237.2  6.18  32.23  -1.14  94.3
 5472.0  6.8  970.0  95.2  241.2  6.78  32.03  -1.18  94.1
 5473.0  6.5  970.0  94.5  245.0  6.74  32.06  -1.20  93.7
 5474.0  5.9  970.0  93.8  248.3  6.04  32.12  -1.42  93.5
 5475.0  5.4  969.8  93.5  251.4  5.32  31.64  -1.36  93.5
 5476.0  5.5  969.4  93.3  254.9  5.25  30.98  -1.19  93.7
 5477.0  5.5  969.1  93.1  258.2  4.88  30.92  -1.17  94.0
 5478.0  5.5  969.4  93.1  261.7  4.72  31.17  -1.17  94.3
 5479.0  6.2  969.0  93.0  265.6  5.50  31.07  -1.14  94.3
 5480.0  6.3  968.8  92.8  269.5  5.70  31.82  -1.13  94.4
 5481.0  6.1  968.9  92.5  273.2  5.56  32.64  -1.24  94.4
 5482.0  5.6  968.5  92.4  276.7  5.11  32.35  -1.31  94.5
 5483.0  4.9  968.7  92.5  279.7  4.13  31.32  -1.39  94.9
 5484.0  4.2  968.0  92.8  282.3  2.73  30.88  -1.37  95.6
 5485.0  4.7  968.2  93.2  285.8  2.60  31.22  -1.30  96.2
 5486.0  6.1  967.7  93.5  290.2  3.77  31.60  -1.41  96.5
 5487.0  5.4  967.9  93.6  293.8  3.35  31.07  -1.56  96.8
 5488.0  4.4  968.0  94.0  296.7  2.04  30.63  -1.77  97.5
 5489.0  4.7  967.6  94.5  300.1  1.75  31.05  -1.77  98.1
 5490.0  5.2  967.9  95.0  303.8  2.21  31.21  -1.68  98.4
 5491.0  5.3  968.3  95.4  307.5  2.48  31.89  -1.63  98.9
 5492.0  5.1  968.1  95.7  311.2  2.20  32.04  -1.85  99.3
 5493.0  4.7  968.2  96.2  315.0  1.33  32.73  -2.23  100.0
 5494.0  4.9  968.2  96.7  319.1  1.15  32.83  -2.47  100.6
 5495.0  4.7  968.4  97.2  322.7  0.81  32.83  -2.48  101.3
 5496.0  4.0  969.0  97.8  325.6  -0.28  33.00  -2.36  102.1
 5497.0  4.0  969.0  98.4  328.8  -0.89  32.70  -2.26  102.7
 5498.0  4.4  969.2  99.1  332.4  -0.79  31.66  -2.29  103.5
 5499.0  4.1  969.5  99.8  335.7  -1.23  31.18  -2.32  104.4
 5500.0  4.2  969.9  100.4  339.1  -1.47  31.21  -2.35  105.2
 5501.0  4.5  970.2  101.2  342.7  -1.04  30.71  -2.34  105.8
