flight/WP3D/AircraftPos_NP3_20130703_RA.ict
39  1001
Ken Aikin
NOAA ESRL Chemical Sciences Division
various aircraft sensors
SENEX 2013
1  1
2013  07  03  2013  07  03
1
AOCTimewave
5
1  1  1  1  1 
-9999  -9999  -9999  -9999  -9999
GpsLat  deg
GpsLon  deg
GpsAlt  m
PAlt  m
RAlt  m
1
SPECIAL COMMENTS:AR  MO power plants  night flight.
19
PI_CONTACT_INFO: Address: NOAA ESRL Chemical Sciences Division  Mail Stop R/CSD7  325 Broadway  Boulder  CO 80305
PLATFORM: NOAA WP-3D
LOCATION: The aircraft was stationed in Smyrna  Tennessee. Aircraft location information in AircraftPosition file.
ASSOCIATED_DATA: N/A
INSTRUMENT_INFO: N/A
DATA_INFO: Units:GpsLat:decimal degrees; GpsLon: decimal degrees; GpsAlt: meters; PAlt:meters; RAlt: meters.
UNCERTAINTY: N/A
ULOD_FLAG: -7777
ULOD_VALUE: N/A
LLOD_FLAG: -8888
LLOD_VALUE: N/A
DM_CONTACT_INFO: Data Manager:Ken Aikin; email:Kenneth.C.Aikin@noaa.gov
PROJECT_INFO: SENEX 2013 Study; June 1 - July 15  2013
STIPULATIONS_ON_USE: Use of these data require prior ok from PI.
OTHER_COMMENTS:       None
REVISION: RA
RB: Correct time. RA was off by one day. No change to data.
RA: Preliminary Data.  For in-field use.
AOCTimewave  GpsLat  GpsLon  GpsAlt  PAlt  RAlt
[from data line 17455]
20854.0  34.3457   -92.4954    826.6    751.3    751.2
20855.0  34.3467   -92.4954    826.6    751.1    755.8
20856.0  34.3478   -92.4955    826.6    751.5    759.7
20857.0  34.3488   -92.4955    826.6    751.3    748.9
20858.0  34.3499   -92.4956    826.6    750.8    753.9
20859.0  34.3509   -92.4956    826.6    750.9    754.5
20860.0  34.3520   -92.4957    826.6    750.4    757.7
20861.0  34.3531   -92.4958    826.6    750.1    759.8
20862.0  34.3541   -92.4958    826.7    751.5    762.9
20863.0  34.3552   -92.4958    829.1    750.9    758.3
20864.0  34.3562   -92.4959    829.1    749.7    757.5
20865.0  34.3573   -92.4960    829.1    750.0    751.6
20866.0  34.3583   -92.4960    829.0    748.3    754.7
20867.0  34.3594   -92.4961    826.6    749.6    757.1
20868.0  34.3604   -92.4961    826.6    748.3    757.4
20869.0  34.3615   -92.4962    826.6    748.6    754.6
20870.0  34.3625   -92.4962    826.6    749.2    759.5
20871.0  34.3636   -92.4963    826.6    749.3    758.9
20872.0  34.3646   -92.4963    826.6    750.6    754.6
20873.0  34.3657   -92.4964    826.6    750.0    765.0
20874.0  34.3667   -92.4964    826.6    748.6    757.5
20875.0  34.3678   -92.4965    825.4    748.3    752.5
20876.0  34.3688   -92.4965    825.4    750.0    753.3
20877.0  34.3699   -92.4966    825.4    749.9    759.6
20878.0  34.3710   -92.4967    825.4    749.6    755.5
20879.0  34.3720   -92.4967    825.4    750.7    760.7
20880.0  34.3731   -92.4968    825.4    750.6    759.3
20881.0  34.3741   -92.4968    825.4    749.8    753.3
20882.0  34.3752   -92.4969    825.4    748.9    751.9
20883.0  34.3762   -92.4969    825.4    749.3    751.2
20884.0  34.3773   -92.4970    825.4    749.5    752.1
20885.0  34.3783   -92.4970    826.6    749.9    758.5
20886.0  34.3794   -92.4971    826.6    748.4    764.5
20887.0  34.3804   -92.4971    826.1    747.8    766.4
20888.0  34.3815   -92.4971    826.3    747.5    761.5
20889.0  34.3825   -92.4972    826.6    747.1    766.9
20890.0  34.3836   -92.4972    825.5    748.5    768.7
20891.0  34.3846   -92.4973    826.6    749.3    759.8
20892.0  34.3857   -92.4973    826.4    749.3    757.1
20893.0  34.3867   -92.4973    825.4    750.5    761.8
20894.0  34.3878   -92.4974    825.4    750.7    755.1
20895.0  34.3889   -92.4974    825.4    749.5    758.2
20896.0  34.3899   -92.4975    825.4    749.5    762.0
20897.0  34.3910   -92.4975    825.4    748.1    756.5
20898.0  34.3920   -92.4975    825.4    748.1    751.2
20899.0  34.3931   -92.4976    825.4    748.3    761.1
20900.0  34.3941   -92.4976    825.4    749.1    754.2
20901.0  34.3952   -92.4977    825.4    749.4    751.6
20902.0  34.3962   -92.4977    825.4    748.4    755.6
20903.0  34.3973   -92.4978    825.4    749.4    754.7
20904.0  34.3983   -92.4978    825.4    748.8    746.0
20905.0  34.3994   -92.4978    825.4    747.3    748.6
20906.0  34.4004   -92.4979    825.4    746.6    742.0
20907.0  34.4015   -92.4979    825.4    748.0    748.2
20908.0  34.4025   -92.4980    825.4    749.4    744.8
20909.0  34.4036   -92.4980    825.4    749.7    745.6
20910.0  34.4046   -92.4981    825.4    750.1    746.6
20911.0  34.4057   -92.4981    825.4    748.6    745.0
20912.0  34.4068   -92.4981    825.4    748.3    749.1
20913.0  34.4078   -92.4982    825.4    747.5    740.1
20914.0  34.4089   -92.4982    825.4    747.4    747.8
20915.0  34.4099   -92.4983    825.4    748.6    745.3
20916.0  34.4110   -92.4983    825.4    749.2    746.0
20917.0  34.4120   -92.4983    825.4    748.5    744.9
20918.0  34.4131   -92.4984    825.4    748.9    746.7
20919.0  34.4141   -92.4984    825.4    747.6    743.9
20920.0  34.4152   -92.4985    825.4    747.6    747.5
20921.0  34.4162   -92.4985    825.4    748.3    746.4
20922.0  34.4173   -92.4986    825.4    749.4    744.6
20923.0  34.4183   -92.4986    825.4    750.8    751.8
20924.0  34.4194   -92.4986    825.4    750.3    744.7
20925.0  34.4204   -92.4987    825.4    749.7    739.4
20926.0  34.4215   -92.4987    825.4    749.0    741.7
20927.0  34.4225   -92.4988    825.4    749.0    747.9
20928.0  34.4236   -92.4988    825.4    748.8    740.9
20929.0  34.4246   -92.4989    825.4    750.3    735.5
20930.0  34.4257   -92.4989    825.4    749.6    741.5
20931.0  34.4267   -92.4989    825.4    749.9    745.4
20932.0  34.4278   -92.4990    825.4    749.8    748.3
20933.0  34.4288   -92.4990    825.4    749.4    746.8
20934.0  34.4299   -92.4991    826.3    749.8    743.8
20935.0  34.4309   -92.4991    826.6    749.8    738.7
20936.0  34.4320   -92.4992    826.6    750.4    738.2
20937.0  34.4330   -92.4992    826.6    749.8    739.4
20938.0  34.4341   -92.4993    826.6    748.7    740.6
20939.0  34.4351   -92.4993    826.6    748.6    744.9
20940.0  34.4362   -92.4994    826.6    748.0    746.5
20941.0  34.4372   -92.4994    826.6    749.0    744.4
20942.0  34.4383   -92.4995    826.6    749.5    742.0
20943.0  34.4393   -92.4995    826.6    750.5    745.1
20944.0  34.4404   -92.4996    826.6    750.3    743.2
20945.0  34.4414   -92.4996    826.6    750.0    748.6
20946.0  34.4425   -92.4997    826.6    750.1    748.9
20947.0  34.4435   -92.4997    826.6    751.0    751.1
20948.0  34.4446   -92.4998    826.6    750.3    754.2
20949.0  34.4456   -92.4998    826.6    748.9    751.9
20950.0  34.4467   -92.4999    826.6    748.8    752.9
20951.0  34.4477   -92.4999    826.6    748.9    754.9
20952.0  34.4488   -92.5000    825.8    749.3    748.1
20953.0  34.4498   -92.5000    825.4    750.4    743.9
20954.0  34.4509   -92.5001    825.4    749.9    746.5
20955.0  34.4519   -92.5001    825.4    748.7    757.7
20956.0  34.4530   -92.5002    825.4    748.4    750.8
20957.0  34.4540   -92.5002    825.4    748.3    751.6
20958.0  34.4551   -92.5003    825.4    748.0    752.1
20959.0  34.4561   -92.5003    825.4    748.2    750.2
20960.0  34.4572   -92.5004    825.4    748.2    755.4
20961.0  34.4582   -92.5004    825.4    747.7    742.3
20962.0  34.4593   -92.5005    825.4    748.9    738.7
20963.0  34.4603   -92.5005    825.4    749.7    745.9
20964.0  34.4614   -92.5006    825.4    748.9    748.6
20965.0  34.4624   -92.5006    825.4    749.4    745.6
20966.0  34.4634   -92.5007    825.4    749.0    745.8
20967.0  34.4645   -92.5007    825.4    748.2    748.6
20968.0  34.4655   -92.5008    825.4    748.2    743.8
20969.0  34.4666   -92.5008    825.4    746.9    732.7
20970.0  34.4676   -92.5009    825.7    747.2    742.6
20971.0  34.4687   -92.5009    826.5    748.5    749.0
20972.0  34.4697   -92.5010    826.6    749.4    745.4
20973.0  34.4708   -92.5010    826.6    749.9    744.4
20974.0  34.4718   -92.5011    826.6    750.3    745.9
20975.0  34.4729   -92.5011    825.5    750.0    746.5
20976.0  34.4739   -92.5012    825.4    749.5    757.4
20977.0  34.4750   -92.5012    825.4    750.2    749.9
20978.0  34.4760   -92.5013    825.4    750.1    745.7
20979.0  34.4771   -92.5013    825.4    750.6    754.7
20980.0  34.4781   -92.5014    825.4    750.1    755.4
20981.0  34.4792   -92.5014    825.4    750.1    749.5
20982.0  34.4802   -92.5015    825.4    748.5    756.2
20983.0  34.4813   -92.5016    825.4    748.4    749.7
20984.0  34.4823   -92.5016    825.4    748.3    749.4
20985.0  34.4834   -92.5017    825.4    749.0    748.2
20986.0  34.4844   -92.5017    825.4    750.1    743.9
20987.0  34.4855   -92.5018    825.4    749.8    747.3
20988.0  34.4865   -92.5018    825.4    749.3    757.5
20989.0  34.4875   -92.5019    825.4    749.4    757.5
20990.0  34.4886   -92.5019    825.4    748.9    754.0
20991.0  34.4896   -92.5020    825.4    749.8    752.1
20992.0  34.4907   -92.5020    825.4    750.2    754.3
20993.0  34.4917   -92.5021    825.4    751.2    744.3
20994.0  34.4928   -92.5021    825.4    748.7    744.6
20995.0  34.4938   -92.5022    825.4    749.1    741.6
20996.0  34.4949   -92.5022    825.4    748.7    737.2
20997.0  34.4959   -92.5023    825.4    749.4    733.2
20998.0  34.4970   -92.5023    825.4    749.9    738.0
20999.0  34.4980   -92.5024    825.4    749.4    736.4
21000.0  34.4990   -92.5024    825.4    750.0    736.1
21001.0  34.5001   -92.5025    825.4    749.6    735.8
21002.0  34.5011   -92.5025    825.4    749.5    730.5
21003.0  34.5022   -92.5026    825.4    750.3    736.9
21004.0  34.5032   -92.5026    825.4    749.6    741.8
21005.0  34.5043   -92.5027    825.4    749.6    733.5
21006.0  34.5053   -92.5028    825.4    750.0    730.8
21007.0  34.5064   -92.5028    825.4    749.7    733.6
21008.0  34.5074   -92.5029    825.4    748.0    735.9
21009.0  34.5084   -92.5029    825.4    748.1    727.3
21010.0  34.5095   -92.5030    825.4    748.7    736.1
21011.0  34.5105   -92.5030    825.4    748.1    734.1
21012.0  34.5116   -92.5031    825.4    749.2    729.4
21013.0  34.5126   -92.5031    825.4    749.0    730.9
21014.0  34.5137   -92.5032    825.4    749.6    734.7
21015.0  34.5147   -92.5033    825.4    751.1    741.5
21016.0  34.5157   -92.5033    825.4    750.2    738.7
21017.0  34.5168   -92.5034    825.4    748.8    720.5
21018.0  34.5178   -92.5034    825.4    749.2    717.7
21019.0  34.5189   -92.5035    825.4    749.1    716.1
21020.0  34.5199   -92.5035    825.4    749.2    723.6
21021.0  34.5209   -92.5036    825.4    749.5    723.1
21022.0  34.5220   -92.5037    824.9    747.6    728.3
21023.0  34.5230   -92.5037    824.2    748.0    734.2
21024.0  34.5241   -92.5038    824.2    747.6    731.0
21025.0  34.5251   -92.5038    824.2    747.5    720.9
21026.0  34.5261   -92.5039    824.2    747.7    722.8
21027.0  34.5272   -92.5040    824.2    748.7    721.0
21028.0  34.5282   -92.5040    824.2    749.5    716.6
21029.0  34.5293   -92.5041    824.2    749.8    716.0
21030.0  34.5303   -92.5041    824.2    748.7    707.7
21031.0  34.5313   -92.5042    824.2    748.7    703.6
21032.0  34.5324   -92.5043    824.7    748.1    710.7
21033.0  34.5334   -92.5043    825.4    748.3    704.3
21034.0  34.5344   -92.5044    825.4    748.9    698.8
21035.0  34.5355   -92.5044    824.9    749.0    697.1
21036.0  34.5365   -92.5045    825.4    749.4    691.7
21037.0  34.5375   -92.5045    825.4    749.2    697.1
21038.0  34.5386   -92.5046    825.4    748.7    683.1
21039.0  34.5396   -92.5047    825.4    748.8    694.5
21040.0  34.5406   -92.5047    825.4    748.1    683.6
21041.0  34.5417   -92.5048    825.4    748.0    684.6
21042.0  34.5427   -92.5048    825.4    748.9    687.9
21043.0  34.5437   -92.5049    825.4    749.5    691.1
21044.0  34.5448   -92.5050    825.4    748.9    690.6
21045.0  34.5458   -92.5050    825.4    749.4    686.7
21046.0  34.5468   -92.5051    825.5    750.5    689.1
21047.0  34.5479   -92.5051    826.4    749.4    685.5
21048.0  34.5489   -92.5052    826.6    748.8    681.2
21049.0  34.5499   -92.5053    826.6    749.0    682.1
21050.0  34.5510   -92.5053    826.6    748.8    695.1
21051.0  34.5520   -92.5054    826.6    750.0    708.0
21052.0  34.5530   -92.5055    826.6    750.8    715.9
21053.0  34.5541   -92.5055    826.6    750.7    712.8
21054.0  34.5551   -92.5056    826.6    749.7    717.3
21055.0  34.5561   -92.5057    825.4    749.7    721.9
21056.0  34.5571   -92.5057    825.4    750.8    720.6
21057.0  34.5582   -92.5058    825.4    750.0    719.6
21058.0  34.5592   -92.5058    825.4    749.2    717.8
21059.0  34.5602   -92.5059    825.4    750.0    721.8
21060.0  34.5613   -92.5060    825.4    749.7    720.7
21061.0  34.5623   -92.5060    825.4    750.5    725.3
21062.0  34.5633   -92.5061    825.4    750.2    724.6
21063.0  34.5643   -92.5062    826.1    750.4    723.6
21064.0  34.5654   -92.5062    826.6    751.2    716.1
21065.0  34.5664   -92.5063    826.6    751.8    715.4
21066.0  34.5674   -92.5064    826.6    751.4    714.5
21067.0  34.5685   -92.5064    825.4    751.0    719.3
21068.0  34.5695   -92.5065    825.4    751.0    726.6
21069.0  34.5705   -92.5065    825.4    749.6    730.2
21070.0  34.5715   -92.5066    825.4    749.3    730.4
21071.0  34.5726   -92.5067    826.6    750.1    737.5
21072.0  34.5736   -92.5067    826.6    750.9    735.4
21073.0  34.5746   -92.5068    826.6    751.2    736.4
21074.0  34.5756   -92.5069    826.6    751.3    742.0
21075.0  34.5767   -92.5069    825.4    749.7    743.5
21076.0  34.5777   -92.5070    825.4    749.3    747.4
21077.0  34.5787   -92.5070    825.4    749.3    741.8
21078.0  34.5798   -92.5071    825.4    750.2    735.8
21079.0  34.5808   -92.5072    825.4    749.0    734.2
21080.0  34.5818   -92.5072    825.4    748.6    743.0
21081.0  34.5828   -92.5073    825.4    749.4    745.4
21082.0  34.5839   -92.5073    825.4    750.3    741.5
21083.0  34.5849   -92.5074    825.4    750.4    730.0
21084.0  34.5859   -92.5075    825.4    750.1    737.6
21085.0  34.5869   -92.5075    825.4    750.9    737.4
21086.0  34.5880   -92.5076    825.4    750.6    738.3
21087.0  34.5890   -92.5077    825.4    750.6    742.0
21088.0  34.5900   -92.5077    825.4    749.6    745.8
21089.0  34.5910   -92.5078    825.4    750.0    743.0
21090.0  34.5921   -92.5078    825.4    748.3    743.0
21091.0  34.5931   -92.5079    825.4    748.2    734.5
21092.0  34.5941   -92.5080    825.4    749.3    729.9
21093.0  34.5952   -92.5080    825.4    750.1    729.4
21094.0  34.5962   -92.5081    825.4    749.0    725.9
21095.0  34.5972   -92.5081    825.4    750.0    720.2
21096.0  34.5982   -92.5082    825.4    750.4    726.3
21097.0  34.5993   -92.5083    825.4    749.9    731.2
21098.0  34.6003   -92.5083    825.4    749.4    727.4
21099.0  34.6013   -92.5084    825.4    748.7    727.8
21100.0  34.6023   -92.5084    825.4    747.5    716.6
21101.0  34.6034   -92.5085    825.1    748.2    727.3
21102.0  34.6044   -92.5085    824.2    749.7    723.6
21103.0  34.6054   -92.5086    824.7    749.5    719.1
21104.0  34.6064   -92.5087    824.2    750.2    716.0
21105.0  34.6074   -92.5087    824.2    749.7    729.4
21106.0  34.6085   -92.5088    824.2    748.8    729.4
21107.0  34.6095   -92.5089    824.2    749.4    722.6
21108.0  34.6105   -92.5089    824.2    751.0    722.4
21109.0  34.6115   -92.5090    824.2    750.8    723.7
21110.0  34.6126   -92.5090    824.2    749.6    724.6
21111.0  34.6136   -92.5091    824.2    749.7    717.2
21112.0  34.6146   -92.5092    824.2    749.7    705.7
21113.0  34.6156   -92.5092    824.2    748.8    714.1
21114.0  34.6167   -92.5093    824.2    749.0    710.1
21115.0  34.6177   -92.5093    824.2    749.9    712.5
21116.0  34.6187   -92.5094    824.2    749.2    712.6
21117.0  34.6197   -92.5095    824.2    749.7    703.3
21118.0  34.6207   -92.5095    824.2    748.6    712.2
21119.0  34.6218   -92.5096    824.2    747.9    705.3
21120.0  34.6228   -92.5096    824.2    746.6    708.2
21121.0  34.6238   -92.5097    824.2    747.3    701.2
21122.0  34.6248   -92.5098    824.2    748.7    697.5
21123.0  34.6258   -92.5098    825.1    748.2    708.7
21124.0  34.6269   -92.5099    825.4    747.7    703.1
21125.0  34.6279   -92.5099    825.4    748.2    699.1
21126.0  34.6289   -92.5100    825.3    748.3    697.5
21127.0  34.6299   -92.5100    824.2    748.1    699.3
21128.0  34.6309   -92.5101    824.2    748.0    693.1
21129.0  34.6320   -92.5102    824.2    748.4    695.0
21130.0  34.6330   -92.5102    824.2    749.1    692.7
21131.0  34.6340   -92.5103    825.4    749.0    692.4
21132.0  34.6350   -92.5103    825.4    747.7    683.0
21133.0  34.6360   -92.5104    825.4    746.9    688.5
21134.0  34.6370   -92.5105    825.3    747.5    685.7
21135.0  34.6381   -92.5105    824.6    748.5    693.1
21136.0  34.6391   -92.5107    825.4    749.5    699.3
21137.0  34.6401   -92.5108    825.4    749.9    699.3
21138.0  34.6411   -92.5109    825.4    749.7    700.9
21139.0  34.6421   -92.5112    826.6    750.1    698.7
21140.0  34.6431   -92.5114    827.5    750.3    693.1
21141.0  34.6441   -92.5117    827.8    748.5    696.9
21142.0  34.6451   -92.5120    829.6    748.8    701.6
21143.0  34.6461   -92.5124    833.2    753.3    706.8
