flight/WP3D/AircraftMis_NP3_20130702_RA.ict
41  1001
Ken Aikin
NOAA ESRL Chemical Sciences Division
various aircraft sensors
SENEX 2013
1  1
2013  07  02  2013  07  02
1
AOCTimewave
8
1  1  1  1  1  1  1  1
-9999  -9999  -9999  -9999  -9999  -9999  -9999  -9999
Attack  deg
CabinPrs  mbar
GndSpd  m/s
Heading  deg
Pitch  deg
Roll  deg
Slip  deg
TrueAirSpd  m/s
1
SPECIAL COMMENTS:Birmingham PP night flight.
18
PI_CONTACT_INFO: Address: NOAA ESRL Chemical Sciences Division  Mail Stop R/CSD7  325 Broadway  Boulder  CO 80305
PLATFORM: NOAA WP-3D
LOCATION: The aircraft was stationed in  Smyrna  Tennessee. Aircraft location information in AircraftPosition file.
ASSOCIATED_DATA: N/A
INSTRUMENT_INFO: N/A
DATA_INFO: Units: Attack degrees; CabinPrs millibar; GndSpd m/s; Heading degrees; Pitch degrees; Roll degrees; Slip degrees; TrueAirSpd m/s
UNCERTAINTY: N/A
ULOD_FLAG: -7777
ULOD_VALUE: N/A
LLOD_FLAG: -8888
LLOD_VALUE: N/A
DM_CONTACT_INFO: Data Manager:Ken Aikin; email:Kenneth.C.Aikin@noaa.gov
PROJECT_INFO: SENEX 2013 Study; June 1 - July 15  2013
STIPULATIONS_ON_USE: Use of these data require prior ok from PI.
OTHER_COMMENTS:       None
REVISION: RA
RA: Preliminary Data.  For in-field use.
AOCTimewave  Attack  CabinPrs  GndSpd  Heading  Pitch  Roll  Slip  TrueAirSpd
[from data line 18323]
22441.0  1.4  983.9  116.5  91.0  1.41  0.16  0.32  116.7
22442.0  1.5  984.0  116.5  91.0  1.48  0.06  0.22  116.8
22443.0  1.4  984.0  116.5  91.0  1.40  -0.15  0.15  116.7
22444.0  1.5  983.7  116.5  91.0  1.46  -0.16  0.08  116.7
22445.0  1.5  983.8  116.5  90.9  1.47  -0.24  0.07  116.6
22446.0  1.4  983.7  116.5  90.8  1.35  -0.22  0.07  116.5
22447.0  1.4  983.7  116.5  90.6  1.40  -0.03  0.10  116.3
22448.0  1.5  983.9  116.5  90.5  1.47  0.16  0.19  116.3
22449.0  1.5  983.5  116.5  90.5  1.44  0.35  0.21  116.2
22450.0  1.4  984.2  116.6  90.4  1.38  0.61  0.23  116.2
22451.0  1.4  983.8  116.6  90.4  1.40  0.64  0.23  116.2
22452.0  1.5  983.8  116.6  90.4  1.52  0.77  0.24  116.2
22453.0  1.4  984.1  116.6  90.5  1.43  1.13  0.30  116.5
22454.0  1.4  984.0  116.6  90.5  1.36  1.34  0.29  116.6
22455.0  1.5  984.1  116.6  90.7  1.45  1.20  0.25  116.7
22456.0  1.4  984.0  116.5  90.7  1.42  1.45  0.25  116.8
22457.0  1.4  983.9  116.5  90.8  1.45  0.48  0.12  116.9
22458.0  1.4  983.8  116.5  90.8  1.41  -0.22  0.05  116.8
22459.0  1.4  983.8  116.5  90.7  1.37  -0.54  0.09  116.6
22460.0  1.4  983.8  116.5  90.5  1.35  -0.30  0.15  116.5
22461.0  1.4  983.7  116.6  90.4  1.35  0.05  0.20  116.4
22462.0  1.5  984.1  116.6  90.4  1.48  0.41  0.23  116.4
22463.0  1.5  984.0  116.6  90.4  1.48  0.35  0.22  116.4
22464.0  1.4  984.0  116.6  90.4  1.39  0.24  0.19  116.4
22465.0  1.4  983.9  116.6  90.3  1.39  0.13  0.14  116.5
22466.0  1.5  984.2  116.6  90.3  1.49  0.20  0.15  116.5
22467.0  1.4  983.9  116.6  90.2  1.39  0.50  0.18  116.6
22468.0  1.4  984.0  116.6  90.2  1.39  0.16  0.16  116.7
22469.0  1.4  983.6  116.6  90.1  1.42  0.13  0.16  116.7
22470.0  1.4  984.1  116.6  90.1  1.47  0.63  0.23  116.7
22471.0  1.4  984.2  116.6  90.1  1.44  1.30  0.29  116.6
22472.0  1.4  983.9  116.6  90.2  1.43  1.37  0.28  116.6
22473.0  1.4  984.0  116.6  90.3  1.45  1.40  0.22  116.6
22474.0  1.4  983.9  116.6  90.4  1.51  1.47  0.24  116.5
22475.0  1.4  983.9  116.5  90.5  1.49  0.48  0.18  116.7
22476.0  1.4  984.1  116.5  90.5  1.52  0.06  0.15  116.6
22477.0  1.4  983.8  116.5  90.5  1.53  0.06  0.20  116.7
22478.0  1.3  983.8  116.5  90.4  1.44  -0.22  0.20  116.7
22479.0  1.4  983.7  116.5  90.4  1.54  -0.02  0.20  116.6
22480.0  1.4  984.3  116.5  90.3  1.48  0.01  0.21  116.6
22481.0  1.4  983.7  116.4  90.3  1.46  -0.04  0.18  116.4
22482.0  1.5  983.7  116.4  90.2  1.56  0.03  0.16  116.2
22483.0  1.4  983.8  116.4  90.2  1.45  0.09  0.18  116.2
22484.0  1.4  983.7  116.4  90.1  1.43  0.17  0.20  116.2
22485.0  1.5  983.9  116.4  90.1  1.55  0.63  0.26  116.3
22486.0  1.4  984.1  116.4  90.1  1.48  0.77  0.25  116.4
22487.0  1.5  983.6  116.4  90.2  1.56  1.22  0.28  116.4
22488.0  1.4  983.5  116.4  90.3  1.54  1.01  0.26  116.3
22489.0  1.4  983.6  116.4  90.4  1.48  0.96  0.16  116.3
22490.0  1.5  984.2  116.4  90.4  1.53  0.90  0.11  116.3
22491.0  1.4  983.7  116.4  90.4  1.45  0.26  0.13  116.4
22492.0  1.5  983.6  116.4  90.4  1.43  0.34  0.12  116.3
22493.0  1.6  984.2  116.4  90.4  1.58  0.10  0.13  116.3
22494.0  1.4  983.9  116.4  90.3  1.47  0.08  0.18  116.3
22495.0  1.4  983.8  116.4  90.3  1.43  0.19  0.18  116.2
22496.0  1.5  984.3  116.4  90.2  1.51  0.39  0.17  116.2
22497.0  1.5  983.7  116.4  90.2  1.46  0.64  0.19  116.1
22498.0  1.5  984.1  116.4  90.2  1.47  0.63  0.17  116.0
22499.0  1.4  983.7  116.4  90.2  1.41  0.97  0.22  116.1
22500.0  1.4  984.0  116.4  90.3  1.35  1.30  0.26  116.2
22501.0  1.4  983.8  116.4  90.4  1.35  1.32  0.20  116.2
22502.0  1.5  983.3  116.5  90.4  1.45  1.09  0.19  116.2
22503.0  1.4  984.0  116.5  90.5  1.43  1.42  0.15  116.2
22504.0  1.4  983.5  116.5  90.6  1.35  1.79  0.19  116.2
22505.0  1.5  983.5  116.5  90.7  1.43  1.57  0.14  116.2
22506.0  1.4  983.8  116.5  90.7  1.41  1.45  0.20  116.3
22507.0  1.4  983.8  116.5  90.8  1.43  1.44  0.18  116.4
22508.0  1.4  983.7  116.5  90.8  1.36  0.90  0.29  116.4
22509.0  1.5  983.8  116.5  90.9  1.44  0.72  0.26  116.6
22510.0  1.5  983.7  116.5  90.9  1.42  0.01  0.24  116.6
22511.0  1.4  983.8  116.6  90.9  1.43  -0.27  0.18  116.6
22512.0  1.4  983.7  116.5  90.8  1.34  -0.50  0.25  116.5
22513.0  1.4  983.8  116.6  90.7  1.36  -0.48  0.30  116.5
22514.0  1.4  983.9  116.6  90.7  1.41  -0.26  0.25  116.5
22515.0  1.4  983.6  116.6  90.7  1.39  -0.15  0.19  116.5
22516.0  1.4  983.7  116.6  90.6  1.40  -0.21  0.21  116.5
22517.0  1.4  983.4  116.6  90.6  1.40  -0.18  0.17  116.5
22518.0  1.4  983.8  116.6  90.5  1.42  -0.06  0.21  116.4
22519.0  1.4  983.8  116.6  90.5  1.42  0.01  0.30  116.4
22520.0  1.5  983.7  116.6  90.6  1.45  0.02  0.37  116.3
22521.0  1.4  984.1  116.6  90.6  1.44  -0.04  0.26  116.2
22522.0  1.5  983.7  116.6  90.7  1.49  -0.02  0.16  116.2
22523.0  1.4  983.7  116.6  90.6  1.43  -0.07  0.12  116.3
22524.0  1.5  983.9  116.6  90.6  1.46  -0.14  0.27  116.1
22525.0  1.5  983.6  116.7  90.6  1.47  -0.13  0.22  116.1
22526.0  1.5  983.9  116.7  90.5  1.55  0.08  0.21  116.1
22527.0  1.4  983.7  116.7  90.5  1.45  0.09  0.22  116.1
22528.0  1.5  983.4  116.7  90.5  1.44  0.05  0.25  116.1
22529.0  1.5  984.0  116.7  90.5  1.52  0.10  0.26  115.9
22530.0  1.5  983.8  116.7  90.5  1.51  0.13  0.21  115.7
22531.0  1.5  984.4  116.7  90.5  1.51  0.13  0.22  115.9
22532.0  1.5  983.7  116.7  90.4  1.47  0.14  0.24  115.8
22533.0  1.5  983.9  116.7  90.4  1.46  0.12  0.23  115.8
22534.0  1.6  983.6  116.7  90.4  1.54  0.23  0.20  115.7
22535.0  1.5  983.9  116.7  90.4  1.56  0.70  0.23  115.8
22536.0  1.5  983.9  116.7  90.4  1.51  0.84  0.22  115.6
22537.0  1.6  983.8  116.7  90.4  1.61  0.09  0.18  115.4
22538.0  1.5  983.6  116.7  90.4  1.57  -0.33  0.20  115.4
22539.0  1.5  983.5  116.7  90.3  1.52  0.07  0.25  115.4
22540.0  1.6  984.0  116.8  90.3  1.57  0.29  0.24  115.2
22541.0  1.6  983.4  116.8  90.3  1.66  0.59  0.23  115.3
22542.0  1.5  984.1  116.8  90.3  1.51  0.95  0.23  115.4
22543.0  1.5  983.4  116.8  90.4  1.55  1.01  0.17  115.3
22544.0  1.6  983.6  116.8  90.5  1.67  1.39  0.21  115.3
22545.0  1.5  984.0  116.8  90.5  1.59  1.19  0.17  115.5
22546.0  1.5  983.9  116.8  90.6  1.56  0.23  0.14  115.4
22547.0  1.5  983.9  116.8  90.5  1.63  0.34  0.19  115.4
22548.0  1.5  983.9  116.8  90.5  1.62  0.67  0.25  115.3
22549.0  1.5  983.6  116.8  90.6  1.63  0.59  0.23  115.2
22550.0  1.6  983.9  116.8  90.6  1.60  0.01  0.19  115.2
22551.0  1.6  983.8  116.8  90.6  1.65  -0.02  0.14  115.2
22552.0  1.6  983.7  116.8  90.5  1.62  -0.03  0.14  115.2
22553.0  1.5  984.0  116.8  90.4  1.58  -0.21  0.13  115.1
22554.0  1.6  983.6  116.8  90.4  1.61  -0.15  0.19  115.1
22555.0  1.6  984.0  116.8  90.3  1.57  0.03  0.21  115.1
22556.0  1.6  983.4  116.8  90.3  1.57  0.16  0.20  115.0
22557.0  1.5  984.0  116.8  90.2  1.53  0.22  0.19  115.1
22558.0  1.6  983.5  116.8  90.2  1.52  0.24  0.20  115.0
22559.0  1.6  984.0  116.9  90.2  1.61  0.22  0.19  115.1
22560.0  1.5  983.7  116.9  90.2  1.50  0.27  0.19  115.1
22561.0  1.6  984.3  116.9  90.2  1.52  0.40  0.17  115.3
22562.0  1.5  983.9  116.9  90.1  1.51  0.58  0.15  115.4
22563.0  1.6  983.9  116.9  90.1  1.62  0.89  0.21  115.4
22564.0  1.5  983.6  116.9  90.1  1.54  1.36  0.25  115.5
22565.0  1.5  984.1  116.9  90.2  1.53  1.76  0.28  115.4
22566.0  1.6  983.8  116.9  90.4  1.61  2.19  0.26  115.3
22567.0  1.5  983.6  116.9  90.5  1.53  1.64  0.16  115.5
22568.0  1.6  983.8  116.9  90.6  1.61  1.24  0.12  115.7
22569.0  1.5  983.6  116.9  90.7  1.52  1.16  0.14  115.8
22570.0  1.5  983.9  116.9  90.7  1.55  0.12  0.07  115.7
22571.0  1.5  984.0  116.9  90.6  1.59  -0.34  0.11  115.8
22572.0  1.5  983.7  116.9  90.5  1.49  -0.25  0.15  115.9
22573.0  1.5  983.7  116.9  90.4  1.50  -0.27  0.20  115.9
22574.0  1.5  983.8  116.9  90.3  1.56  -0.12  0.26  115.7
22575.0  1.5  983.9  116.9  90.2  1.52  0.06  0.24  115.7
22576.0  1.5  983.6  116.9  90.2  1.58  0.13  0.27  115.7
22577.0  1.5  983.4  116.9  90.2  1.56  0.41  0.24  115.7
22578.0  1.5  983.9  116.9  90.3  1.57  0.19  0.23  115.5
22579.0  1.5  983.6  116.9  90.3  1.57  0.43  0.24  115.5
22580.0  1.5  984.3  116.9  90.3  1.52  1.36  0.30  115.3
22581.0  1.6  983.7  116.9  90.5  1.59  1.77  0.24  115.2
22582.0  1.5  983.9  116.9  90.6  1.50  2.68  0.28  115.1
22583.0  1.5  983.5  116.9  90.9  1.52  3.50  0.34  115.0
22584.0  1.6  983.9  116.9  91.2  1.55  3.63  0.27  114.9
22585.0  1.6  983.8  117.0  91.5  1.56  3.81  0.22  114.9
22586.0  1.6  983.6  117.0  91.9  1.51  4.09  0.21  114.8
22587.0  1.6  983.9  117.0  92.2  1.52  4.09  0.13  114.9
22588.0  1.6  983.6  117.0  92.5  1.47  4.19  0.22  114.8
22589.0  1.6  984.0  117.1  92.8  1.53  4.57  0.07  115.0
22590.0  1.6  983.6  117.1  93.1  1.46  4.23  0.14  115.1
22591.0  1.6  983.4  117.1  93.4  1.55  3.45  0.06  115.2
22592.0  1.6  983.8  117.1  93.6  1.58  3.31  0.00  115.5
22593.0  1.5  983.9  117.1  93.7  1.44  3.43  0.02  115.8
22594.0  1.5  983.8  117.1  93.9  1.48  3.85  0.15  116.1
22595.0  1.5  984.1  117.1  94.1  1.55  4.33  0.21  116.1
22596.0  1.4  984.3  117.1  94.4  1.43  3.94  0.16  116.2
22597.0  1.5  984.0  117.1  94.7  1.50  3.70  0.19  116.2
22598.0  1.5  983.8  117.1  94.9  1.47  3.76  0.20  116.3
22599.0  1.4  983.8  117.1  95.1  1.43  3.81  0.13  116.4
22600.0  1.4  983.6  117.1  95.4  1.40  3.56  0.30  116.1
22601.0  1.5  984.0  117.1  95.7  1.44  3.09  0.26  116.1
22602.0  1.5  983.7  117.1  95.9  1.48  2.40  0.19  116.0
22603.0  1.4  983.8  117.2  96.1  1.37  1.72  0.16  115.9
22604.0  1.5  983.8  117.1  96.2  1.48  1.67  0.09  115.8
22605.0  1.5  983.6  117.2  96.2  1.44  1.49  0.19  115.6
22606.0  1.5  983.9  117.2  96.3  1.45  0.92  0.21  115.8
22607.0  1.5  983.8  117.2  96.3  1.46  0.30  0.36  115.7
22608.0  1.5  983.7  117.2  96.4  1.51  0.12  0.25  115.4
22609.0  1.4  984.1  117.2  96.4  1.41  0.17  0.08  115.8
22610.0  1.5  984.4  117.3  96.4  1.43  0.37  0.37  115.6
22611.0  1.5  984.0  117.3  96.4  1.50  -0.06  0.28  115.8
22612.0  1.5  983.9  117.3  96.5  1.43  0.12  0.37  115.9
22613.0  1.5  984.0  117.3  96.6  1.45  0.22  0.12  115.9
22614.0  1.5  983.8  117.3  96.5  1.45  0.04  0.06  116.1
22615.0  1.5  984.0  117.3  96.5  1.41  0.41  0.11  116.3
22616.0  1.4  983.9  117.3  96.5  1.34  0.62  0.11  116.4
22617.0  1.4  983.7  117.3  96.4  1.40  0.24  0.10  116.6
22618.0  1.5  983.6  117.3  96.4  1.39  -0.43  0.07  116.5
22619.0  1.4  984.2  117.3  96.2  1.37  -0.93  0.04  116.6
22620.0  1.4  983.7  117.4  96.0  1.30  -0.84  0.12  116.8
22621.0  1.5  983.7  117.4  95.8  1.36  -1.35  0.11  116.8
22622.0  1.5  984.0  117.4  95.6  1.37  -1.44  0.16  116.8
22623.0  1.4  984.0  117.4  95.4  1.32  -0.63  0.11  117.2
22624.0  1.4  983.4  117.4  95.3  1.33  -0.42  0.19  117.2
22625.0  1.4  984.1  117.4  95.2  1.28  -0.24  0.21  117.2
22626.0  1.4  983.8  117.4  95.1  1.32  0.01  0.18  117.1
22627.0  1.4  983.7  117.4  95.0  1.36  0.15  0.18  117.1
22628.0  1.3  983.7  117.4  95.0  1.27  0.30  0.18  117.1
22629.0  1.3  983.6  117.4  94.9  1.26  0.47  0.23  117.1
22630.0  1.4  984.1  117.4  95.0  1.34  0.59  0.22  116.9
22631.0  1.4  984.0  117.4  95.0  1.30  0.53  0.26  116.9
22632.0  1.4  983.9  117.4  95.0  1.29  0.60  0.36  116.6
22633.0  1.4  984.2  117.4  95.1  1.35  0.32  0.11  116.7
22634.0  1.4  984.0  117.5  95.0  1.33  -0.16  0.22  116.5
22635.0  1.4  983.8  117.5  95.0  1.29  -0.33  0.10  116.8
22636.0  1.5  983.9  117.5  94.9  1.34  -0.09  0.13  116.8
22637.0  1.4  984.1  117.5  94.8  1.37  -0.50  0.14  116.9
22638.0  1.4  984.0  117.5  94.7  1.33  -0.95  0.06  117.0
22639.0  1.4  983.8  117.5  94.6  1.39  -0.57  0.12  116.9
22640.0  1.4  983.8  117.5  94.4  1.38  -0.04  0.23  116.9
22641.0  1.3  983.9  117.5  94.4  1.28  0.14  0.20  116.9
22642.0  1.4  983.8  117.5  94.4  1.40  -0.25  0.21  116.8
22643.0  1.5  984.2  117.5  94.3  1.46  -0.48  0.15  116.8
22644.0  1.4  983.9  117.5  94.2  1.48  -0.26  0.23  116.9
22645.0  1.4  983.7  117.5  94.2  1.38  -0.01  0.20  117.0
22646.0  1.4  983.6  117.5  94.2  1.43  0.02  0.23  116.7
22647.0  1.5  983.9  117.5  94.2  1.47  0.05  0.22  116.6
22648.0  1.4  983.7  117.5  94.2  1.44  0.15  0.09  116.6
22649.0  1.5  983.7  117.5  94.1  1.50  0.13  0.15  116.6
22650.0  1.4  983.9  117.5  94.1  1.48  0.09  0.27  116.5
22651.0  1.4  983.9  117.5  94.1  1.49  0.13  0.21  116.8
22652.0  1.5  983.5  117.4  94.1  1.52  0.44  0.05  116.9
22653.0  1.4  983.7  117.4  94.0  1.48  0.38  0.11  117.0
22654.0  1.4  983.7  117.4  93.9  1.58  0.30  0.13  117.0
22655.0  1.4  983.7  117.4  93.9  1.52  0.49  0.21  117.0
22656.0  1.4  983.5  117.4  93.9  1.47  0.44  0.30  116.6
22657.0  1.5  984.0  117.3  94.0  1.55  0.47  0.27  116.3
22658.0  1.4  983.3  117.3  94.0  1.49  0.40  0.31  116.4
22659.0  1.5  983.9  117.3  94.1  1.49  0.26  0.00  117.0
22660.0  1.4  983.7  117.3  94.0  1.46  0.35  0.10  116.3
22661.0  1.6  983.9  117.3  94.0  1.53  0.18  0.31  116.4
22662.0  1.5  983.9  117.3  94.0  1.56  0.21  0.25  116.4
22663.0  1.5  983.8  117.3  94.0  1.45  0.42  0.28  116.3
22664.0  1.5  983.7  117.3  94.1  1.48  0.23  -0.01  116.4
22665.0  1.6  984.2  117.3  94.0  1.55  0.27  0.10  116.2
22666.0  1.5  983.7  117.3  94.0  1.51  0.04  0.13  116.0
22667.0  1.5  984.1  117.2  94.0  1.55  0.11  0.22  116.0
22668.0  1.5  983.5  117.2  93.9  1.49  0.20  0.20  115.9
22669.0  1.5  983.8  117.2  93.9  1.47  0.23  0.14  116.2
22670.0  1.5  984.0  117.2  93.9  1.51  0.27  0.12  116.3
22671.0  1.5  984.1  117.2  93.9  1.56  0.22  0.16  116.3
22672.0  1.4  983.8  117.2  93.8  1.46  0.16  0.22  116.3
22673.0  1.5  983.9  117.2  93.8  1.42  0.17  0.23  116.2
22674.0  1.5  984.0  117.2  93.8  1.43  0.27  0.19  116.3
22675.0  1.5  983.5  117.2  93.8  1.39  0.39  0.21  116.1
22676.0  1.5  983.8  117.3  93.8  1.50  0.38  0.19  116.2
22677.0  1.5  984.0  117.3  93.8  1.50  0.30  0.28  115.9
22678.0  1.5  983.6  117.3  93.8  1.42  0.29  0.18  116.1
22679.0  1.5  983.5  117.3  93.8  1.44  0.36  0.17  116.1
22680.0  1.5  983.9  117.3  93.8  1.47  0.29  0.16  116.0
22681.0  1.6  983.4  117.3  93.8  1.54  0.12  0.22  115.9
22682.0  1.5  984.0  117.3  93.7  1.49  -0.21  0.14  116.0
22683.0  1.5  983.7  117.3  93.6  1.50  -1.81  0.08  116.0
22684.0  1.5  983.5  117.3  93.4  1.48  -3.96  0.05  116.0
22685.0  1.6  983.9  117.3  93.0  1.53  -4.41  0.08  116.0
22686.0  1.5  983.6  117.3  92.5  1.49  -3.90  0.23  116.0
22687.0  1.5  983.8  117.3  92.1  1.50  -3.10  0.30  116.1
22688.0  1.6  983.7  117.3  91.9  1.62  -2.38  0.26  116.0
22689.0  1.4  984.0  117.2  91.7  1.47  -1.91  0.23  116.0
22690.0  1.5  983.8  117.3  91.5  1.46  -1.59  0.21  115.9
22691.0  1.5  984.1  117.3  91.4  1.57  -1.36  0.19  116.0
22692.0  1.5  983.7  117.3  91.3  1.52  -1.20  0.20  116.0
22693.0  1.5  983.6  117.3  91.2  1.48  -0.97  0.20  116.0
22694.0  1.5  984.1  117.2  91.1  1.56  -0.69  0.20  115.9
22695.0  1.5  983.8  117.2  91.0  1.60  -0.54  0.17  116.0
22696.0  1.5  983.7  117.2  90.9  1.55  -0.56  0.18  115.9
22697.0  1.5  984.2  117.2  90.9  1.53  -0.51  0.24  115.8
22698.0  1.5  983.5  117.2  90.8  1.58  -0.46  0.23  115.7
22699.0  1.6  984.2  117.2  90.8  1.62  -0.34  0.20  115.7
22700.0  1.5  983.8  117.2  90.7  1.57  -0.20  0.20  115.6
22701.0  1.5  983.9  117.2  90.7  1.57  -0.15  0.19  115.5
22702.0  1.5  983.8  117.2  90.7  1.55  -0.18  0.17  115.5
22703.0  1.6  983.6  117.2  90.6  1.59  -0.11  0.16  115.6
22704.0  1.6  984.1  117.2  90.6  1.59  0.03  0.19  115.6
22705.0  1.5  983.3  117.2  90.5  1.57  0.11  0.17  115.5
22706.0  1.6  983.8  117.2  90.5  1.59  0.15  0.16  115.5
22707.0  1.5  983.9  117.2  90.5  1.55  0.17  0.15  115.6
22708.0  1.5  983.9  117.2  90.4  1.59  0.18  0.14  115.7
22709.0  1.5  983.9  117.2  90.4  1.56  0.24  0.15  115.7
22710.0  1.5  984.3  117.2  90.4  1.56  0.32  0.18  115.6
22711.0  1.5  983.8  117.2  90.4  1.53  0.33  0.14  115.5
22712.0  1.5  984.2  117.2  90.3  1.54  0.35  0.18  115.6
22713.0  1.5  983.9  117.2  90.3  1.54  0.37  0.17  115.5
