flight/WP3D/AircraftMet_NP3_20130529_RA.ict
43  1001
Ken Aikin
NOAA ESRL Chemical Sciences Division
various aircraft sensors
SENEX 2013
1  1
2013  05  29  2013  05  29
1
AOCTimewave
10
1  1  1  1  1  1  1  1  1  1
-9999  -9999  -9999  -9999  -9999  -9999  -9999  -9999  -9999  -9999
AmbTemp
DewPtTemp
DewPtTempTDL
H2Omr
PotTemp
RelHumidity
StaticPrs
VertWindSpd
WindDir
WindSpd
1
SPECIAL COMMENTS:Lots of AOC data system problems. Large gaps in data. DewPtTempTDL did not work.
18
PI_CONTACT_INFO: Address: NOAA ESRL Chemical Sciences Division  Mail Stop R/CSD7  325 Broadway  Boulder  CO 80305
PLATFORM: NOAA WP-3D
LOCATION: The aircraft was stationed in  Smyrna  Tennessee. Aircraft location information in AircraftPosition file.
ASSOCIATED_DATA: N/A
INSTRUMENT_INFO: N/A
DATA_INFO: Units:AmbTemp celcius; DewPtTemp celcius; DewPtTempTDL celcius; H2Omr g/kg; PotTemp kelvin; RelHumidity percent; StaticPrs millibar; VertWindSpd m/s; WindDir degrees; WindSpd m/s
UNCERTAINTY: N/A
ULOD_FLAG: -7777
ULOD_VALUE: N/A
LLOD_FLAG: -8888
LLOD_VALUE: N/A
DM_CONTACT_INFO: Data Manager:Ken Aikin; email:Kenneth.C.Aikin@noaa.gov
PROJECT_INFO: SENEX 2013 Study; June 1 - July 15  2013
STIPULATIONS_ON_USE: Use of these data require prior ok from PI.
OTHER_COMMENTS:       None
REVISION: RA
RA: Preliminary Data.  For in-field use.
AOCTimewave  AmbTemp  DewPtTemp  DewPtTempTDL  H2Omr  PotTemp  RelHumidity  StaticPrs  VertWindSpd  WindDir  WindSpd
[from data line 2729]
78248.0  22.450  19.660  -29.260  15.09  298.59  83.83  965.43  -0.80  108.25  7.85
78249.0  22.500  19.630  -29.260  15.06  298.61  83.41  965.78  -1.02  109.84  7.40
78250.0  22.560  19.600  -29.260  15.02  298.63  82.96  966.12  -0.70  109.94  7.91
78251.0  22.490  19.570  -29.260  14.99  298.57  83.15  966.08  -1.27  103.99  8.72
78252.0  22.450  19.510  -29.260  14.94  298.53  83.09  965.98  -0.97  94.81  8.84
78253.0  22.570  19.470  -29.260  14.90  298.65  82.24  966.06  -0.16  95.12  8.36
78254.0  22.590  19.450  -29.260  14.89  298.68  82.06  965.97  -0.47  89.14  7.41
78255.0  22.670  19.450  -29.260  14.88  298.79  81.58  965.69  -0.67  97.14  7.26
78256.0  22.660  19.440  -29.260  14.88  298.80  81.61  965.37  -0.85  100.56  7.52
78257.0  22.650  19.430  -29.260  14.88  298.80  81.64  965.34  0.07  108.25  7.37
78258.0  22.530  19.440  -29.260  14.88  298.66  82.30  965.46  0.11  106.76  7.41
78259.0  22.510  19.460  -29.260  14.90  298.63  82.47  965.67  -0.58  101.74  7.48
78260.0  22.560  19.460  -29.260  14.89  298.63  82.22  966.18  -0.77  103.59  7.98
78261.0  22.590  19.510  -29.260  14.93  298.65  82.31  966.34  -1.07  101.91  8.18
78262.0  22.420  19.550  -29.260  14.98  298.50  83.43  966.16  -1.00  96.89  8.17
78263.0  22.520  19.590  -29.260  15.01  298.57  83.13  966.32  -0.60  100.79  8.37
78264.0  22.490  19.640  -29.260  15.05  298.52  83.49  966.65  -0.78  100.42  8.61
78265.0  22.500  19.660  -29.260  15.06  298.50  83.57  967.06  -0.09  100.56  8.83
78266.0  22.530  19.710  -29.260  15.11  298.50  83.70  967.28  -0.33  102.94  8.55
78267.0  22.490  19.760  -29.260  15.16  298.47  84.19  967.18  -0.51  102.90  8.37
78268.0  22.470  19.830  -29.260  15.23  298.43  84.70  967.36  -0.27  101.84  8.19
78269.0  22.590  19.880  -29.260  15.27  298.54  84.32  967.53  -0.01  100.48  8.34
78270.0  22.640  19.900  -29.260  15.29  298.61  84.14  967.37  0.25  102.44  7.86
78271.0  22.670  19.900  -29.260  15.29  298.65  83.96  967.21  -0.07  102.95  7.49
78272.0  22.660  19.890  -29.260  15.29  298.66  84.00  966.97  0.39  104.32  7.80
78273.0  22.600  19.870  -29.260  15.27  298.62  84.22  966.77  1.09  103.80  8.01
78274.0  22.560  19.870  -29.260  15.28  298.63  84.43  966.18  0.74  107.69  7.74
78275.0  22.480  19.870  -29.260  15.29  298.60  84.82  965.67  0.09  110.91  7.43
78276.0  22.450  19.870  -29.260  15.30  298.62  84.98  965.05  -0.09  109.05  7.34
78277.0  22.440  19.870  -29.260  15.31  298.67  85.02  964.41  -0.24  106.63  7.53
78278.0  22.440  19.880  -29.250  15.32  298.68  85.10  964.15  -0.35  110.86  7.79
78279.0  22.460  19.880  -29.250  15.33  298.73  84.95  963.96  -0.41  113.45  8.20
78280.0  22.430  19.850  -29.250  15.30  298.72  84.99  963.72  -0.55  113.63  7.95
78281.0  22.380  19.820  -29.250  15.28  298.70  85.09  963.32  -0.82  112.97  8.22
78282.0  22.380  19.790  -29.260  15.25  298.73  84.92  962.92  -0.66  112.03  8.34
78283.0  22.400  19.720  -29.260  15.19  298.76  84.42  962.87  -0.58  113.40  8.21
78284.0  22.380  19.660  -29.260  15.12  298.71  84.20  963.23  -0.31  114.75  7.76
78285.0  22.380  19.590  -29.260  15.06  298.70  83.84  963.40  -0.66  114.81  7.37
78286.0  22.410  19.550  -29.260  15.01  298.68  83.48  963.83  0.05  113.50  8.18
78287.0  22.360  19.520  -29.260  14.99  298.65  83.58  963.69  -0.11  112.89  8.19
78288.0  22.440  19.470  -29.260  14.94  298.73  82.94  963.69  -0.06  112.16  8.24
78289.0  22.430  19.410  -29.260  14.88  298.72  82.64  963.74  0.03  110.74  8.27
78290.0  22.470  19.340  -29.260  14.81  298.74  82.06  963.90  0.40  109.32  8.52
78291.0  22.400  19.290  -29.260  14.76  298.66  82.17  964.02  0.02  110.81  8.29
78292.0  22.390  19.260  -29.260  14.74  298.66  82.06  963.97  0.23  114.55  7.58
78293.0  22.380  19.260  -29.260  14.73  298.64  82.11  964.00  -0.04  117.86  6.83
78294.0  22.310  19.260  -29.260  14.73  298.58  82.45  963.94  0.67  118.94  7.78
78295.0  22.290  19.260  -29.260  14.73  298.56  82.57  963.81  -0.31  121.16  7.56
78296.0  22.300  19.270  -29.260  14.75  298.58  82.61  963.75  -0.50  116.27  7.37
78297.0  22.370  19.270  -29.260  14.75  298.64  82.25  963.90  -0.36  115.27  7.56
78298.0  22.410  19.260  -29.260  14.73  298.69  81.92  963.84  -0.19  116.35  7.69
78299.0  22.310  19.270  -29.260  14.74  298.58  82.54  963.82  -0.43  110.16  8.03
78300.0  22.350  19.280  -29.260  14.76  298.62  82.37  963.94  -0.19  107.02  8.18
78301.0  22.470  19.290  -29.260  14.76  298.74  81.80  963.96  0.21  108.29  7.70
78302.0  22.500  19.310  -29.260  14.78  298.77  81.71  963.93  -0.47  104.68  8.36
78303.0  22.410  19.270  -29.260  14.75  298.68  82.01  964.00  -0.29  100.18  8.09
78304.0  22.460  19.240  -29.260  14.71  298.70  81.58  964.22  0.64  104.96  7.60
78305.0  22.420  19.270  -29.260  14.74  298.70  81.92  963.87  1.09  110.74  8.08
78306.0  22.340  19.290  -29.260  14.77  298.66  82.48  963.39  0.81  111.90  8.80
78307.0  22.230  19.340  -29.260  14.82  298.53  83.33  963.47  0.37  117.61  8.83
78308.0  22.250  19.390  -29.260  14.86  298.54  83.46  963.64  -0.11  114.74  9.11
78309.0  22.180  19.410  -29.260  14.88  298.46  83.93  963.76  -0.72  114.03  8.29
78310.0  22.280  19.420  -29.260  14.88  298.54  83.47  963.96  -0.85  113.52  7.82
78311.0  22.370  19.430  -29.260  14.89  298.62  83.05  964.21  0.16  114.15  8.87
78312.0  22.470  19.430  -29.260  14.89  298.71  82.56  964.29  -0.10  113.82  8.65
78313.0  22.460  19.420  -29.260  14.89  298.73  82.56  963.92  -0.87  111.99  8.24
78314.0  22.460  19.410  -29.260  14.88  298.74  82.50  963.82  -0.28  109.74  8.90
78315.0  22.400  19.430  -29.260  14.89  298.67  82.88  963.95  -0.37  106.91  8.46
78316.0  22.400  19.420  -29.260  14.88  298.66  82.84  963.98  -0.51  106.87  8.68
78317.0  22.340  19.410  -29.260  14.88  298.62  83.11  963.82  -0.57  107.37  8.78
78318.0  22.350  19.440  -29.260  14.91  298.63  83.24  963.74  -0.08  107.61  8.50
78319.0  22.300  19.520  -29.260  14.99  298.60  83.88  963.60  -0.13  107.18  8.02
78320.0  22.310  19.570  -29.260  15.04  298.61  84.12  963.62  0.50  107.96  8.15
78321.0  22.250  19.600  -29.260  15.06  298.54  84.57  963.67  0.76  106.54  8.19
78322.0  22.250  19.630  -29.260  15.08  298.54  84.70  963.76  0.94  108.08  8.54
78323.0  22.290  19.620  -29.260  15.08  298.57  84.51  963.78  0.72  108.03  8.63
78324.0  22.260  19.620  -29.260  15.08  298.53  84.64  963.86  -0.16  107.04  7.74
78325.0  22.280  19.610  -29.260  15.06  298.51  84.53  964.33  -0.70  106.20  8.66
78326.0  22.300  19.600  -29.260  15.04  298.50  84.31  964.71  -0.52  98.50  8.47
78327.0  22.400  19.590  -29.260  15.03  298.57  83.74  965.02  -0.86  97.20  8.54
78328.0  22.460  19.570  -29.260  15.01  298.62  83.30  965.24  -0.30  99.69  7.64
78329.0  22.530  19.580  -29.260  15.01  298.64  83.03  965.68  -0.12  95.32  7.37
78330.0  22.660  19.620  -29.260  15.04  298.74  82.52  966.13  2.01  101.10  7.90
78331.0  22.690  19.640  -29.260  15.05  298.74  82.47  966.47  1.99  107.21  7.58
78332.0  22.550  19.680  -29.260  15.09  298.59  83.41  966.57  0.88  99.68  7.34
78333.0  22.660  19.730  -29.260  15.13  298.66  83.11  967.03  -0.52  102.16  8.23
78334.0  22.770  19.750  -29.260  15.15  298.75  82.65  967.24  -1.16  111.34  8.59
78335.0  22.660  19.750  -29.260  15.15  298.64  83.25  967.24  -0.78  108.19  7.90
78336.0  22.640  19.750  -29.260  15.15  298.61  83.37  967.25  -1.10  109.30  7.35
78337.0  22.610  19.770  -29.260  15.17  298.59  83.60  967.28  -0.51  105.73  7.33
78338.0  22.620  19.790  -29.260  15.19  298.60  83.64  967.27  -0.52  106.72  7.96
78339.0  22.540  19.810  -29.260  15.21  298.55  84.19  966.88  -0.83  102.16  7.41
78340.0  22.620  19.810  -29.260  15.22  298.64  83.77  966.77  -0.88  100.37  7.31
78341.0  22.680  19.810  -29.260  15.21  298.71  83.42  966.68  -1.08  98.10  7.72
78342.0  22.730  19.760  -29.260  15.17  298.76  82.95  966.65  -1.28  100.24  8.47
78343.0  22.670  19.730  -29.260  15.13  298.70  83.05  966.69  -1.12  101.13  8.45
78344.0  22.690  19.720  -29.260  15.13  298.71  82.95  966.78  -0.20  102.40  8.22
78345.0  22.740  19.750  -29.260  15.15  298.74  82.83  966.91  0.39  107.27  7.82
78346.0  22.710  19.770  -29.260  15.17  298.72  83.09  966.94  1.41  107.95  7.70
78347.0  22.630  19.780  -29.260  15.18  298.63  83.55  967.03  1.31  105.21  7.89
78348.0  22.740  19.800  -29.260  15.20  298.72  83.11  967.18  1.94  105.07  7.32
78349.0  22.810  19.810  -29.260  15.21  298.82  82.75  966.94  2.15  113.90  6.34
78350.0  22.800  19.840  -29.260  15.24  298.82  82.96  966.78  1.04  105.99  7.41
78351.0  22.630  19.850  -29.260  15.26  298.67  83.96  966.55  -1.29  99.84  9.11
78352.0  22.760  19.840  -29.260  15.25  298.78  83.24  966.69  -1.11  98.88  8.43
78353.0  22.740  19.800  -29.260  15.20  298.75  83.04  966.97  0.02  105.19  7.90
78354.0  22.640  19.780  -29.260  15.18  298.65  83.52  966.85  0.90  96.59  9.61
78355.0  22.560  19.770  -29.260  15.18  298.60  83.89  966.50  1.19  88.03  9.13
78356.0  22.530  19.780  -29.260  15.20  298.61  84.09  966.07  0.29  84.66  8.02
78357.0  22.560  19.840  -29.260  15.25  298.64  84.22  966.16  0.99  92.87  7.68
78358.0  22.620  19.940  -29.260  15.35  298.66  84.46  966.54  0.80  100.83  8.01
78359.0  22.510  20.040  -29.260  15.44  298.55  85.60  966.52  0.54  101.09  7.71
78360.0  22.360  20.080  -29.260  15.48  298.38  86.64  966.73  1.85  90.58  7.86
78361.0  22.470  20.110  -29.260  15.51  298.51  86.19  966.55  2.60  92.72  7.35
78362.0  22.510  20.150  -29.260  15.55  298.55  86.19  966.51  2.48  100.72  7.45
78363.0  22.380  20.170  -29.260  15.57  298.40  87.05  966.64  0.76  85.04  8.75
78364.0  22.430  20.200  -29.260  15.59  298.45  86.84  966.80  1.21  86.19  8.19
78365.0  22.450  20.220  -29.260  15.62  298.48  86.89  966.58  0.94  92.91  8.29
78366.0  22.490  20.230  -29.260  15.64  298.55  86.73  966.27  0.61  96.17  7.72
78367.0  22.420  20.240  -29.260  15.64  298.50  87.15  966.06  0.19  96.94  7.05
78368.0  22.350  20.270  -29.260  15.68  298.45  87.71  965.87  0.50  94.65  6.77
78369.0  22.410  20.350  -29.260  15.76  298.49  87.83  966.01  1.51  94.62  7.16
78370.0  22.380  20.420  -29.260  15.83  298.49  88.36  965.78  1.96  95.96  5.90
78371.0  22.310  20.470  -29.260  15.89  298.45  89.07  965.30  1.61  92.85  5.96
78372.0  22.210  20.490  -29.260  15.91  298.37  89.75  965.09  0.79  90.81  5.98
78373.0  22.200  20.510  -29.260  15.93  298.36  89.93  965.08  0.71  97.43  6.90
78374.0  22.170  20.510  -29.260  15.94  298.33  90.10  965.05  -0.58  94.56  8.26
78375.0  22.190  20.520  -29.260  15.94  298.36  90.01  964.96  -0.79  100.24  8.85
78376.0  22.200  20.510  -29.260  15.94  298.39  89.88  964.83  -0.66  101.43  8.34
78377.0  22.150  20.500  -29.260  15.93  298.34  90.13  964.80  -0.35  102.26  7.79
78378.0  22.170  20.470  -29.260  15.90  298.36  89.85  964.75  -0.38  99.10  8.66
78379.0  22.220  20.450  -29.260  15.88  298.41  89.45  964.75  -0.32  104.47  9.47
78380.0  22.210  20.430  -29.260  15.86  298.41  89.38  964.60  -0.15  105.86  9.30
78381.0  22.190  20.400  -29.260  15.84  298.41  89.35  964.46  -0.23  106.74  9.13
78382.0  22.190  20.370  -29.260  15.80  298.39  89.17  964.69  -0.30  107.41  8.70
78383.0  22.170  20.320  -29.260  15.74  298.37  88.95  964.74  -0.38  107.36  9.13
78384.0  22.220  20.270  -29.260  15.69  298.39  88.42  964.98  -0.24  107.30  8.96
78385.0  22.230  20.220  -29.260  15.64  298.41  88.08  964.99  -0.28  106.52  8.90
78386.0  22.240  20.170  -29.260  15.59  298.40  87.76  965.15  -0.13  110.49  8.44
78387.0  22.240  20.120  -29.260  15.54  298.38  87.50  965.34  -0.12  113.18  8.00
78388.0  22.250  20.080  -29.260  15.50  298.36  87.20  965.69  0.36  108.91  9.12
78389.0  22.160  20.040  -29.260  15.45  298.24  87.49  966.05  0.20  107.63  9.47
78390.0  22.190  20.020  -29.260  15.43  298.26  87.19  966.16  0.33  107.87  8.79
78391.0  22.340  19.990  -29.260  15.39  298.39  86.20  966.39  0.92  108.69  8.27
78392.0  22.370  19.940  -29.260  15.34  298.39  85.81  966.69  1.24  109.16  8.35
78393.0  22.240  19.890  -29.260  15.29  298.25  86.22  966.88  0.79  107.25  8.53
78394.0  22.040  19.880  -29.260  15.28  298.04  87.23  966.98  1.77  101.87  8.26
78395.0  22.090  19.920  -29.260  15.32  298.10  87.17  966.85  0.38  104.49  9.73
78396.0  22.010  19.980  -29.260  15.37  298.00  87.96  967.07  0.75  102.10  9.13
78397.0  21.930  20.020  -29.260  15.42  297.92  88.67  967.01  0.05  101.70  9.16
78398.0  22.020  20.100  -29.260  15.49  298.03  88.55  966.86  -1.22  107.59  8.89
78399.0  21.980  20.160  -29.260  15.55  298.00  89.14  966.66  -1.60  105.62  8.59
78400.0  22.020  20.240  -29.260  15.65  298.08  89.39  966.30  -1.53  105.19  8.92
78401.0  22.020  20.290  -29.260  15.70  298.11  89.66  965.99  -1.44  108.18  9.22
78402.0  22.060  20.360  -29.260  15.77  298.17  89.85  965.62  -1.50  111.60  9.44
78403.0  22.090  20.410  -29.260  15.83  298.25  89.96  965.12  -1.36  115.83  8.48
78404.0  22.250  20.430  -29.260  15.85  298.43  89.14  964.95  -0.43  114.04  7.96
78405.0  22.200  20.420  -29.260  15.85  298.40  89.36  964.64  -0.05  109.91  9.51
78406.0  22.040  20.360  -29.260  15.80  298.26  89.97  964.40  -0.02  105.45  8.90
78407.0  22.040  20.310  -29.260  15.75  298.29  89.71  964.04  0.12  100.81  9.14
78408.0  22.040  20.300  -29.260  15.74  298.28  89.60  964.15  0.54  102.54  9.96
78409.0  22.020  20.290  -29.260  15.73  298.25  89.68  964.34  0.46  106.51  9.73
78410.0  22.080  20.270  -29.260  15.70  298.29  89.18  964.56  0.40  104.49  9.26
78411.0  22.190  20.230  -29.260  15.65  298.36  88.33  965.02  0.31  105.11  8.85
78412.0  22.330  20.110  -29.260  15.53  298.47  86.93  965.36  0.49  102.34  8.71
78413.0  22.380  19.990  -29.260  15.41  298.51  85.96  965.48  0.34  101.21  8.66
78414.0  22.280  19.850  -29.260  15.27  298.38  85.81  965.81  0.22  98.21  8.61
78415.0  22.250  19.750  -29.260  15.16  298.33  85.36  966.03  -0.29  97.19  8.97
78416.0  22.160  19.640  -29.260  15.05  298.22  85.24  966.27  -0.24  95.38  9.73
78417.0  22.060  19.570  -29.260  14.99  298.11  85.48  966.37  -0.01  98.62  10.05
78418.0  22.060  19.540  -29.260  14.96  298.08  85.28  966.68  0.39  100.05  9.72
78419.0  -9999.000  -9999.000  -9999.000  -9999.00  -9999.00  -9999.00  -9999.00  -9999.00  -9999.00  -9999.00
78420.0  -9999.000  -9999.000  -9999.000  -9999.00  -9999.00  -9999.00  -9999.00  -9999.00  -9999.00  -9999.00
78421.0  -9999.000  -9999.000  -9999.000  -9999.00  -9999.00  -9999.00  -9999.00  -9999.00  -9999.00  -9999.00
78422.0  -9999.000  -9999.000  -9999.000  -9999.00  -9999.00  -9999.00  -9999.00  -9999.00  -9999.00  -9999.00
78423.0  -9999.000  -9999.000  -9999.000  -9999.00  -9999.00  -9999.00  -9999.00  -9999.00  -9999.00  -9999.00
78424.0  -9999.000  -9999.000  -9999.000  -9999.00  -9999.00  -9999.00  -9999.00  -9999.00  -9999.00  -9999.00
78425.0  -9999.000  -9999.000  -9999.000  -9999.00  -9999.00  -9999.00  -9999.00  -9999.00  -9999.00  -9999.00
78426.0  -9999.000  -9999.000  -9999.000  -9999.00  -9999.00  -9999.00  -9999.00  -9999.00  -9999.00  -9999.00
78427.0  -9999.000  -9999.000  -9999.000  -9999.00  -9999.00  -9999.00  -9999.00  -9999.00  -9999.00  -9999.00
78428.0  -9999.000  -9999.000  -9999.000  -9999.00  -9999.00  -9999.00  -9999.00  -9999.00  -9999.00  -9999.00
78429.0  -9999.000  -9999.000  -9999.000  -9999.00  -9999.00  -9999.00  -9999.00  -9999.00  -9999.00  -9999.00
78430.0  -9999.000  -9999.000  -9999.000  -9999.00  -9999.00  -9999.00  -9999.00  -9999.00  -9999.00  -9999.00
78431.0  -9999.000  -9999.000  -9999.000  -9999.00  -9999.00  -9999.00  -9999.00  -9999.00  -9999.00  -9999.00
78432.0  -9999.000  -9999.000  -9999.000  -9999.00  -9999.00  -9999.00  -9999.00  -9999.00  -9999.00  -9999.00
78433.0  -9999.000  -9999.000  -9999.000  -9999.00  -9999.00  -9999.00  -9999.00  -9999.00  -9999.00  -9999.00
