flight/WP3D/AircraftPos_NP3_20130708_RA.ict
38  1001
Ken Aikin
NOAA ESRL Chemical Sciences Division
various aircraft sensors
SENEX 2013
1  1
2013  07  08  2013  07  08
1
AOCTimewave
5
1  1  1  1  1 
-9999  -9999  -9999  -9999  -9999
GpsLat  deg
GpsLon  deg
GpsAlt  m
PAlt  m
RAlt  m
1
SPECIAL COMMENTS:Fayetteville AR  then PP and BB.
18
PI_CONTACT_INFO: Address: NOAA ESRL Chemical Sciences Division  Mail Stop R/CSD7  325 Broadway  Boulder  CO 80305
PLATFORM: NOAA WP-3D
LOCATION: The aircraft was stationed in Smyrna  Tennessee. Aircraft location information in AircraftPosition file.
ASSOCIATED_DATA: N/A
INSTRUMENT_INFO: N/A
DATA_INFO: Units:GpsLat:decimal degrees; GpsLon: decimal degrees; GpsAlt: meters; PAlt:meters; RAlt: meters.
UNCERTAINTY: N/A
ULOD_FLAG: -7777
ULOD_VALUE: N/A
LLOD_FLAG: -8888
LLOD_VALUE: N/A
DM_CONTACT_INFO: Data Manager:Ken Aikin; email:Kenneth.C.Aikin@noaa.gov
PROJECT_INFO: SENEX 2013 Study; June 1 - July 15  2013
STIPULATIONS_ON_USE: Use of these data require prior ok from PI.
OTHER_COMMENTS:       None
REVISION: RA
RA: Preliminary Data.  For in-field use.
AOCTimewave  GpsLat  GpsLon  GpsAlt  PAlt  RAlt
[from data line 10473]
65146.0  35.6328   -92.8581   2406.9   2215.2   2020.3
65147.0  35.6339   -92.8582   2414.7   2223.7   1999.3
65148.0  35.6351   -92.8584   2422.6   2231.9   1984.9
65149.0  35.6363   -92.8585   2431.2   2240.0   1975.5
65150.0  35.6375   -92.8586   2440.2   2248.8   1976.3
65151.0  35.6386   -92.8587   2449.2   2257.1   1976.1
65152.0  35.6398   -92.8588   2457.9   2264.6   1979.0
65153.0  35.6410   -92.8588   2467.0   2273.6   1984.8
65154.0  35.6422   -92.8589   2476.1   2281.5   1975.2
65155.0  35.6433   -92.8589   2485.9   2290.2   1971.3
65156.0  35.6445   -92.8589   2496.5   2301.8   1981.7
65157.0  35.6457   -92.8588   2507.6   2311.1   1980.6
65158.0  35.6468   -92.8588   2518.7   2321.8   1997.2
65159.0  35.6480   -92.8587   2530.3   2332.2   2018.4
65160.0  35.6491   -92.8586   2542.3   2344.1   2021.4
65161.0  35.6503   -92.8585   2555.1   2356.3   2033.9
65162.0  35.6514   -92.8584   2567.7   2368.6   2066.5
65163.0  35.6525   -92.8581   2580.0   2382.0   2107.4
65164.0  35.6536   -92.8579   2591.1   2392.0   2132.4
65165.0  35.6547   -92.8576   2601.6   2399.0   2141.1
65166.0  35.6558   -92.8572   2612.3   2408.5   2181.1
65167.0  35.6569   -92.8568   2622.6   2419.1   2190.0
65168.0  35.6579   -92.8564   2631.9   2425.9   2198.1
65169.0  35.6590   -92.8558   2640.7   2435.3   2210.3
65170.0  35.6600   -92.8552   2649.4   2443.7   2222.4
65171.0  35.6609   -92.8545   2657.7   2453.1   2232.7
65172.0  35.6618   -92.8538   2664.6   2460.1   2250.1
65173.0  35.6627   -92.8530   2670.2   2464.6   2241.3
65174.0  35.6636   -92.8522   2674.9   2468.5   2248.6
65175.0  35.6644   -92.8513   2678.9   2473.3   2251.4
65176.0  35.6652   -92.8504   2682.5   2477.4   2241.8
65177.0  35.6660   -92.8494   2686.0   2482.5   2250.5
65178.0  35.6667   -92.8484   2689.3   2485.4   2249.0
65179.0  35.6674   -92.8473   2692.2   2487.9   2217.7
65180.0  35.6681   -92.8463   2694.7   2489.9   2202.2
65181.0  35.6687   -92.8452   2697.7   2492.3   2188.1
65182.0  35.6693   -92.8440   2701.4   2497.7   2177.2
65183.0  35.6699   -92.8429   2705.5   2502.7   2187.6
65184.0  35.6705   -92.8417   2709.7   2506.6   2188.8
65185.0  35.6711   -92.8406   2714.0   2509.9   2195.0
65186.0  35.6717   -92.8394   2718.7   2513.8   2195.7
65187.0  35.6722   -92.8382   2723.7   2517.5   2221.9
65188.0  35.6728   -92.8371   2728.7   2521.2   2232.6
65189.0  35.6734   -92.8359   2733.7   2525.5   2250.6
65190.0  35.6741   -92.8348   2739.1   2531.1   2257.6
65191.0  35.6747   -92.8336   2745.6   2537.0   2272.7
65192.0  35.6754   -92.8326   2753.2   2544.5   2283.8
65193.0  35.6761   -92.8315   2761.1   2553.2   2283.6
65194.0  35.6769   -92.8304   2769.0   2561.0   2291.9
65195.0  35.6776   -92.8294   2776.6   2568.5   2314.3
65196.0  35.6784   -92.8284   2783.6   2574.8   2318.8
65197.0  35.6792   -92.8275   2790.5   2581.0   2333.3
65198.0  35.6801   -92.8265   2796.8   2586.7   2338.4
65199.0  35.6809   -92.8256   2802.5   2592.4   2339.8
65200.0  35.6818   -92.8247   2807.8   2598.5   2356.0
65201.0  35.6827   -92.8239   2813.2   2602.8   2360.2
65202.0  35.6837   -92.8230   2818.5   2607.7   2360.0
65203.0  35.6846   -92.8222   2823.9   2614.0   2362.3
65204.0  35.6856   -92.8215   2829.5   2619.2   2366.8
65205.0  35.6866   -92.8207   2835.0   2624.1   2376.1
65206.0  35.6875   -92.8200   2840.8   2630.0   2376.5
65207.0  35.6886   -92.8193   2846.6   2634.4   2391.9
65208.0  35.6896   -92.8186   2852.4   2640.5   2416.1
65209.0  35.6906   -92.8179   2858.0   2646.1   2416.7
65210.0  35.6916   -92.8172   2863.2   2651.0   2428.9
65211.0  35.6926   -92.8165   2868.1   2654.4   2417.5
65212.0  35.6937   -92.8159   2872.8   2660.7   2422.2
65213.0  35.6947   -92.8152   2877.5   2664.9   2431.1
65214.0  35.6958   -92.8146   2881.9   2668.7   2435.0
65215.0  35.6968   -92.8139   2886.3   2673.3   2432.1
65216.0  35.6979   -92.8133   2890.5   2678.9   2430.0
65217.0  35.6989   -92.8126   2894.6   2682.8   2446.4
65218.0  35.7000   -92.8120   2898.1   2684.6   2435.6
65219.0  35.7010   -92.8113   2901.2   2688.4   2437.0
65220.0  35.7021   -92.8106   2904.0   2691.1   2440.3
65221.0  35.7031   -92.8100   2906.9   2694.2   2437.2
65222.0  35.7042   -92.8093   2909.5   2696.6   2433.9
65223.0  35.7052   -92.8086   2911.8   2699.5   2425.8
65224.0  35.7063   -92.8079   2913.6   2703.6   2410.6
65225.0  35.7073   -92.8072   2915.1   2703.6   2411.4
65226.0  35.7084   -92.8065   2915.8   2703.9   2405.2
65227.0  35.7094   -92.8058   2916.3   2703.5   2404.7
65228.0  35.7105   -92.8051   2915.2   2702.6   2421.1
65229.0  35.7115   -92.8043   2915.1   2702.5   2413.5
65230.0  35.7126   -92.8036   2915.1   2703.0   2407.1
65231.0  35.7136   -92.8029   2914.6   2703.1   2413.8
65232.0  35.7147   -92.8021   2914.3   2701.9   2408.2
65233.0  35.7157   -92.8014   2914.1   2701.0   2412.8
65234.0  35.7167   -92.8006   2915.7   2703.4   2415.1
65235.0  35.7177   -92.7998   2918.8   2706.2   2420.1
65236.0  35.7187   -92.7990   2923.0   2710.2   2432.3
65237.0  35.7197   -92.7982   2927.0   2714.3   2450.7
65238.0  35.7207   -92.7974   2930.7   2717.6   2458.2
65239.0  35.7216   -92.7966   2933.7   2720.2   2464.1
65240.0  35.7226   -92.7958   2936.3   2722.6   2463.9
65241.0  35.7235   -92.7949   2937.9   2722.3   2477.0
65242.0  35.7245   -92.7941   2938.3   2724.5   2491.1
65243.0  35.7254   -92.7932   2938.3   2724.9   2491.3
65244.0  35.7263   -92.7924   2937.5   2723.1   2496.9
65245.0  35.7272   -92.7915   2936.9   2722.1   2497.0
65246.0  35.7282   -92.7906   2935.8   2721.4   2512.6
65247.0  35.7291   -92.7897   2935.2   2721.1   2494.6
65248.0  35.7300   -92.7888   2934.6   2720.8   2494.8
65249.0  35.7309   -92.7880   2934.0   2720.3   2480.9
65250.0  35.7318   -92.7871   2933.4   2720.5   2480.8
65251.0  35.7327   -92.7862   2933.4   2720.1   2470.7
65252.0  35.7336   -92.7853   2933.4   2719.7   2453.5
65253.0  35.7344   -92.7844   2933.4   2718.5   2455.8
65254.0  35.7353   -92.7835   2933.4   2717.4   2435.4
65255.0  35.7362   -92.7826   2933.4   2717.7   2426.0
65256.0  35.7370   -92.7817   2933.4   2717.4   2440.1
65257.0  35.7379   -92.7808   2933.4   2717.0   2451.5
65258.0  35.7387   -92.7799   2933.4   2717.8   2452.0
65259.0  35.7396   -92.7790   2933.4   2717.3   2463.3
65260.0  35.7404   -92.7782   2933.4   2718.4   2475.1
65261.0  35.7412   -92.7773   2933.4   2718.2   2477.0
65262.0  35.7420   -92.7764   2933.4   2716.8   2474.5
65263.0  35.7429   -92.7755   2933.4   2717.6   2486.5
65264.0  35.7437   -92.7746   2932.9   2716.2   2486.3
65265.0  35.7445   -92.7738   2932.2   2714.9   2466.6
65266.0  35.7453   -92.7729   2932.2   2714.1   2464.4
65267.0  35.7460   -92.7720   2932.2   2715.2   2452.7
65268.0  35.7468   -92.7712   2932.2   2714.4   2456.9
65269.0  35.7476   -92.7703   2931.0   2713.8   2449.7
65270.0  35.7483   -92.7694   2931.0   2716.1   2452.2
65271.0  35.7491   -92.7686   2930.1   2716.1   2442.4
65272.0  35.7498   -92.7677   2926.8   2713.5   2418.1
65273.0  35.7506   -92.7669   2921.5   2710.1   2409.5
65274.0  35.7513   -92.7660   2914.2   2703.0   2402.2
65275.0  35.7520   -92.7652   2905.5   2695.0   2398.0
65276.0  35.7527   -92.7643   2895.2   2685.8   2385.3
65277.0  35.7535   -92.7634   2883.5   2674.6   2369.4
65278.0  35.7542   -92.7625   2870.7   2660.6   2357.4
65279.0  35.7548   -92.7616   2857.8   2648.7   2348.2
65280.0  35.7555   -92.7607   2844.8   2634.8   2347.5
65281.0  35.7561   -92.7597   2830.5   2621.8   2321.6
65282.0  35.7566   -92.7586   2815.4   2606.8   2333.1
65283.0  35.7572   -92.7576   2799.1   2591.2   2336.3
65284.0  35.7576   -92.7565   2782.1   2575.8   2310.1
65285.0  35.7581   -92.7554   2763.2   2559.6   2313.4
65286.0  35.7584   -92.7542   2743.0   2538.4   2302.5
65287.0  35.7588   -92.7530   2722.7   2517.3   2294.4
65288.0  35.7590   -92.7518   2702.9   2497.7   2278.5
65289.0  35.7592   -92.7506   2681.8   2479.8   2267.7
65290.0  35.7594   -92.7493   2660.9   2460.5   2244.9
65291.0  35.7595   -92.7480   2640.5   2440.7   2230.8
65292.0  35.7595   -92.7468   2620.6   2420.5   2215.9
65293.0  35.7595   -92.7455   2598.4   2399.0   2199.9
65294.0  35.7594   -92.7442   2575.9   2378.1   2177.6
65295.0  35.7592   -92.7429   2553.2   2354.1   2143.4
65296.0  35.7590   -92.7417   2530.1   2332.4   2138.8
65297.0  35.7588   -92.7404   2505.7   2308.6   2120.3
65298.0  35.7585   -92.7391   2481.0   2284.1   2102.0
65299.0  35.7582   -92.7379   2456.6   2262.5   2079.0
65300.0  35.7578   -92.7366   2432.4   2237.8   2056.9
65301.0  35.7574   -92.7354   2407.7   2212.4   2035.5
65302.0  35.7569   -92.7342   2383.9   2191.5   2033.0
65303.0  35.7563   -92.7330   2361.6   2172.1   2035.8
65304.0  35.7557   -92.7318   2340.2   2150.5   2009.0
65305.0  35.7551   -92.7307   2317.7   2129.6   1986.4
65306.0  35.7544   -92.7296   2296.1   2107.3   1971.5
65307.0  35.7537   -92.7286   2276.3   2085.5   1934.4
65308.0  35.7529   -92.7276   2258.7   2067.9   1872.4
65309.0  35.7520   -92.7266   2242.0   2051.6   1825.9
65310.0  35.7512   -92.7257   2226.2   2039.0   1807.2
65311.0  35.7503   -92.7248   2210.1   2025.8   1806.5
65312.0  35.7493   -92.7241   2193.8   2010.9   1788.4
65313.0  35.7483   -92.7233   2177.2   1993.9   1776.7
65314.0  35.7473   -92.7226   2161.2   1979.3   1746.3
65315.0  35.7463   -92.7220   2145.0   1961.9   1718.6
65316.0  35.7452   -92.7215   2129.3   1948.4   1707.4
65317.0  35.7442   -92.7210   2114.2   1933.1   1689.0
65318.0  35.7431   -92.7206   2099.3   1919.8   1652.9
65319.0  35.7419   -92.7202   2083.7   1906.1   1623.3
65320.0  35.7408   -92.7199   2067.3   1890.1   1638.2
65321.0  35.7397   -92.7197   2050.3   1873.7   1637.1
65322.0  35.7385   -92.7195   2032.9   1858.1   1622.7
65323.0  35.7374   -92.7194   2015.1   1842.8   1603.6
65324.0  35.7362   -92.7194   1997.0   1826.2   1543.0
65325.0  35.7350   -92.7194   1979.3   1805.9   1505.4
65326.0  35.7338   -92.7195   1962.5   1789.8   1498.0
65327.0  35.7327   -92.7197   1947.2   1774.5   1490.0
65328.0  35.7315   -92.7199   1933.0   1761.8   1471.4
65329.0  35.7304   -92.7202   1919.6   1748.5   1456.0
65330.0  35.7292   -92.7206   1907.2   1737.6   1449.9
65331.0  35.7281   -92.7211   1894.8   1726.4   1428.0
65332.0  35.7270   -92.7216   1882.6   1713.3   1392.7
65333.0  35.7260   -92.7222   1871.4   1701.8   1384.3
65334.0  35.7249   -92.7229   1860.6   1693.1   1374.7
65335.0  35.7239   -92.7236   1849.5   1683.0   1358.7
65336.0  35.7229   -92.7244   1838.4   1673.0   1362.3
65337.0  35.7220   -92.7253   1828.9   1662.5   1364.4
65338.0  35.7211   -92.7262   1820.4   1655.9   1363.6
65339.0  35.7202   -92.7272   1811.1   1645.5   1350.0
65340.0  35.7194   -92.7282   1801.6   1636.7   1323.0
65341.0  35.7187   -92.7293   1793.9   1629.2   1310.3
65342.0  35.7179   -92.7304   1786.5   1624.3   1301.7
65343.0  35.7173   -92.7315   1778.5   1616.1   1296.7
65344.0  35.7166   -92.7327   1770.7   1608.6   1283.9
65345.0  35.7161   -92.7339   1764.1   1602.9   1246.3
65346.0  35.7156   -92.7352   1757.5   1596.1   1232.5
65347.0  35.7151   -92.7365   1750.4   1590.5   1243.8
65348.0  35.7147   -92.7378   1743.3   1583.6   1231.6
65349.0  35.7143   -92.7391   1736.9   1575.3   1229.9
65350.0  35.7140   -92.7404   1730.5   1569.9   1243.1
65351.0  35.7137   -92.7418   1724.5   1566.9   1240.4
65352.0  35.7135   -92.7431   1717.6   1560.2   1247.8
65353.0  35.7133   -92.7445   1710.3   1555.6   1247.9
65354.0  35.7131   -92.7459   1701.1   1546.2   1238.5
65355.0  35.7130   -92.7472   1690.0   1534.2   1225.1
65356.0  35.7129   -92.7486   1678.3   1522.7   1208.9
65357.0  35.7128   -92.7500   1667.3   1511.6   1196.4
65358.0  35.7128   -92.7514   1656.9   1502.1   1182.1
65359.0  35.7128   -92.7527   1647.2   1492.6   1166.4
65360.0  35.7128   -92.7541   1638.1   1483.8   1161.2
65361.0  35.7128   -92.7555   1629.4   1475.0   1156.2
65362.0  35.7129   -92.7569   1620.4   1466.3   1148.4
65363.0  35.7129   -92.7582   1611.7   1457.9   1147.2
65364.0  35.7130   -92.7596   1604.3   1450.8   1133.6
65365.0  35.7132   -92.7610   1597.6   1445.0   1127.3
65366.0  35.7133   -92.7623   1591.2   1437.9   1100.5
65367.0  35.7134   -92.7637   1584.4   1432.2   1085.3
65368.0  35.7136   -92.7650   1577.6   1426.3   1060.9
65369.0  35.7137   -92.7663   1570.9   1420.2   1034.6
65370.0  35.7139   -92.7677   1564.3   1414.3   1016.4
65371.0  35.7140   -92.7690   1557.6   1406.0    998.0
65372.0  35.7142   -92.7703   1551.7   1400.3   1008.6
65373.0  35.7143   -92.7717   1546.2   1394.0   1004.2
65374.0  35.7145   -92.7730   1541.3   1388.9   1006.1
65375.0  35.7146   -92.7743   1536.4   1385.7   1019.1
65376.0  35.7148   -92.7756   1531.3   1380.8   1022.5
65377.0  35.7149   -92.7769   1526.6   1376.8   1022.9
65378.0  35.7151   -92.7782   1521.8   1372.2   1023.2
65379.0  35.7152   -92.7794   1516.4   1369.0   1024.9
65380.0  35.7154   -92.7807   1510.0   1361.6   1010.3
65381.0  35.7155   -92.7820   1503.7   1354.9    995.7
65382.0  35.7157   -92.7833   1497.6   1352.4    985.5
65383.0  35.7158   -92.7846   1490.7   1344.7    976.1
65384.0  35.7160   -92.7858   1483.3   1336.0    970.2
65385.0  35.7161   -92.7871   1476.5   1326.8    956.6
65386.0  35.7163   -92.7884   1471.2   1323.1    949.2
65387.0  35.7165   -92.7896   1467.3   1318.2    956.4
65388.0  35.7168   -92.7909   1464.5   1316.0    970.6
65389.0  35.7171   -92.7921   1461.6   1312.8    990.6
65390.0  35.7175   -92.7932   1458.7   1311.1   1009.1
65391.0  35.7179   -92.7944   1455.7   1308.3   1023.9
65392.0  35.7183   -92.7955   1451.9   1306.0   1003.6
65393.0  35.7189   -92.7966   1446.8   1301.6    976.4
65394.0  35.7194   -92.7977   1440.5   1292.8    953.6
65395.0  35.7200   -92.7987   1433.5   1286.4    935.4
65396.0  35.7206   -92.7997   1425.9   1280.5    917.6
65397.0  35.7213   -92.8007   1418.7   1273.4    909.8
65398.0  35.7220   -92.8016   1411.2   1266.9    889.5
65399.0  35.7228   -92.8024   1403.6   1258.5    873.4
65400.0  35.7235   -92.8033   1396.7   1251.6    859.1
65401.0  35.7244   -92.8040   1391.0   1246.4    851.7
65402.0  35.7252   -92.8047   1385.6   1242.2    847.5
65403.0  35.7261   -92.8054   1379.7   1237.2    848.2
65404.0  35.7270   -92.8060   1373.0   1232.3    841.2
65405.0  35.7279   -92.8066   1365.3   1226.5    843.7
65406.0  35.7288   -92.8071   1356.7   1219.5    840.8
65407.0  35.7298   -92.8076   1347.1   1209.1    861.7
65408.0  35.7308   -92.8080   1337.2   1195.6    889.8
65409.0  35.7318   -92.8084   1329.5   1187.7    893.0
65410.0  35.7328   -92.8087   1323.1   1183.1    885.1
65411.0  35.7338   -92.8089   1317.5   1178.4    865.5
65412.0  35.7349   -92.8091   1312.2   1170.5    861.5
65413.0  35.7359   -92.8092   1307.2   1168.4    864.7
65414.0  35.7370   -92.8092   1302.6   1165.3    884.0
65415.0  35.7380   -92.8092   1297.9   1161.3    898.2
65416.0  35.7391   -92.8091   1292.5   1155.3    906.5
65417.0  35.7402   -92.8089   1287.0   1148.3    918.4
65418.0  35.7412   -92.8087   1281.4   1145.2    926.3
65419.0  35.7423   -92.8084   1275.8   1137.5    942.8
65420.0  35.7434   -92.8081   1270.3   1136.1    923.3
65421.0  35.7444   -92.8077   1264.4   1128.9    856.6
65422.0  35.7454   -92.8072   1258.9   1119.9    792.7
65423.0  35.7464   -92.8066   1254.4   1117.5    752.2
65424.0  35.7474   -92.8060   1249.9   1113.8    740.4
65425.0  35.7484   -92.8053   1244.6   1110.2    732.1
65426.0  35.7493   -92.8046   1238.9   1105.7    741.2
65427.0  35.7502   -92.8038   1232.6   1099.1    773.0
65428.0  35.7511   -92.8030   1226.3   1091.4    817.0
65429.0  35.7519   -92.8021   1220.5   1085.2    849.1
65430.0  35.7527   -92.8011   1215.5   1083.3    840.4
65431.0  35.7535   -92.8002   1210.0   1080.5    806.7
65432.0  35.7543   -92.7991   1202.8   1073.5    763.2
65433.0  35.7550   -92.7980   1194.2   1063.4    731.7
65434.0  35.7557   -92.7969   1185.7   1056.1    736.0
65435.0  35.7563   -92.7958   1177.2   1047.8    712.0
