flight/WP3D/AircraftMis_NP3_20130703_RB.ict
42  1001
Ken Aikin
NOAA ESRL Chemical Sciences Division
various aircraft sensors
SENEX 2013
1  1
2013  07  03  2013  07  03
1
AOCTimewave
8
1  1  1  1  1  1  1  1
-9999  -9999  -9999  -9999  -9999  -9999  -9999  -9999
Attack  deg
CabinPrs  mbar
GndSpd  m/s
Heading  deg
Pitch  deg
Roll  deg
Slip  deg
TrueAirSpd  m/s
1
SPECIAL COMMENTS:AR  MO power plants  night flight.
19
PI_CONTACT_INFO: Address: NOAA ESRL Chemical Sciences Division  Mail Stop R/CSD7  325 Broadway  Boulder  CO 80305
PLATFORM: NOAA WP-3D
LOCATION: The aircraft was stationed in  Smyrna  Tennessee. Aircraft location information in AircraftPosition file.
ASSOCIATED_DATA: N/A
INSTRUMENT_INFO: N/A
DATA_INFO: Units: Attack degrees; CabinPrs millibar; GndSpd m/s; Heading degrees; Pitch degrees; Roll degrees; Slip degrees; TrueAirSpd m/s
UNCERTAINTY: N/A
ULOD_FLAG: -7777
ULOD_VALUE: N/A
LLOD_FLAG: -8888
LLOD_VALUE: N/A
DM_CONTACT_INFO: Data Manager:Ken Aikin; email:Kenneth.C.Aikin@noaa.gov
PROJECT_INFO: SENEX 2013 Study; June 1 - July 15  2013
STIPULATIONS_ON_USE: Use of these data require prior ok from PI.
OTHER_COMMENTS:       None
REVISION: RB
RB: Correct time. RA was off by one day. No change to data.
RA: Preliminary Data.  For in-field use.
AOCTimewave  Attack  CabinPrs  GndSpd  Heading  Pitch  Roll  Slip  TrueAirSpd
[from data line 22494]
25893.0  0.4  865.2  173.0  73.5  0.48  -0.63  -0.15  162.6
25894.0  0.4  865.0  173.0  73.5  0.38  -0.54  -0.11  162.6
25895.0  0.4  865.3  173.0  73.5  0.40  -0.51  -0.12  162.7
25896.0  0.4  865.1  173.0  73.5  0.42  -0.49  -0.12  162.6
25897.0  0.4  864.8  173.0  73.5  0.35  -0.53  -0.13  162.7
25898.0  0.4  865.2  173.1  73.5  0.38  -0.60  -0.10  162.6
25899.0  0.4  865.3  173.1  73.5  0.40  -0.57  -0.14  162.5
25900.0  0.4  864.8  173.1  73.5  0.40  -0.51  -0.13  162.6
25901.0  0.4  865.0  173.1  73.5  0.41  -0.63  -0.10  162.6
25902.0  0.4  865.4  173.1  73.5  0.41  -0.65  -0.08  162.6
25903.0  0.4  865.0  173.1  73.5  0.38  -0.58  -0.14  162.6
25904.0  0.4  865.1  173.1  73.5  0.44  -0.54  -0.09  162.6
25905.0  0.4  865.0  173.1  73.6  0.47  -0.65  -0.14  162.6
25906.0  0.4  865.0  173.1  73.6  0.39  -0.57  -0.12  162.5
25907.0  0.4  865.1  173.1  73.5  0.37  -0.69  -0.12  162.7
25908.0  0.4  865.3  173.1  73.6  0.41  -0.77  -0.12  162.8
25909.0  0.4  864.8  173.1  73.5  0.38  -0.73  -0.11  162.8
25910.0  0.4  865.0  173.1  73.5  0.49  -0.72  -0.11  162.8
25911.0  0.3  864.9  173.1  73.5  0.39  -0.69  -0.12  162.9
25912.0  0.4  864.8  173.1  73.5  0.47  -0.62  -0.17  162.9
25913.0  0.3  865.2  173.1  73.5  0.34  -0.60  -0.15  163.1
25914.0  0.4  864.9  173.1  73.4  0.36  -0.70  -0.10  163.2
25915.0  0.4  865.2  173.1  73.5  0.48  -0.59  -0.15  163.1
25916.0  0.4  864.6  173.1  73.5  0.41  -0.45  -0.13  163.0
25917.0  0.3  865.0  173.1  73.4  0.39  -0.56  -0.08  163.0
25918.0  0.4  865.0  173.1  73.4  0.40  -0.57  -0.13  163.0
25919.0  0.4  864.7  173.1  73.4  0.38  -0.42  -0.11  163.1
25920.0  0.4  864.9  173.1  73.4  0.38  -0.49  -0.13  163.1
25921.0  0.4  864.8  173.1  73.5  0.43  -0.63  -0.13  163.0
25922.0  0.4  864.7  173.1  73.5  0.39  -0.57  -0.17  163.0
25923.0  0.3  865.2  173.1  73.4  0.33  -0.43  -0.11  163.0
25924.0  0.4  864.9  173.1  73.4  0.40  -0.60  -0.06  162.9
25925.0  0.4  864.6  173.2  73.5  0.41  -0.50  -0.15  162.9
25926.0  0.3  864.9  173.1  73.5  0.35  -0.46  -0.11  162.9
25927.0  0.3  864.9  173.2  73.5  0.31  -0.66  -0.08  162.9
25928.0  0.4  864.9  173.2  73.5  0.45  -0.61  -0.22  162.8
25929.0  0.4  864.6  173.2  73.5  0.33  -0.63  -0.11  162.9
25930.0  0.4  865.2  173.2  73.5  0.36  -0.78  -0.07  163.1
25931.0  0.3  864.9  173.2  73.6  0.27  -0.64  -0.06  163.1
25932.0  0.4  864.7  -9999.0  73.6  0.36  -0.75  -0.10  163.1
25933.0  0.4  865.0  173.2  73.6  0.34  -0.88  -0.17  163.0
25934.0  0.4  864.9  173.2  -9999.0  -9999.00  -9999.00  -0.17  162.9
25935.0  0.3  864.8  173.2  73.6  0.31  -0.84  -0.15  163.3
25936.0  0.4  865.0  173.3  73.6  0.33  -0.82  -0.18  163.3
25937.0  0.4  864.8  173.3  73.5  0.42  -0.68  -0.19  163.3
25938.0  0.3  864.9  173.3  73.4  0.34  -0.69  -0.15  163.2
25939.0  0.4  864.7  173.3  73.4  0.41  -0.65  -0.16  163.2
25940.0  0.4  864.9  173.3  73.4  0.46  -0.52  -0.17  163.2
25941.0  0.3  864.9  173.3  73.4  0.32  -0.50  -0.15  163.2
25942.0  0.4  864.9  173.3  73.3  0.36  -0.55  -0.13  163.3
25943.0  0.4  864.7  173.3  73.3  0.37  -0.49  -0.12  163.3
25944.0  0.4  864.7  173.3  73.4  0.41  -0.43  -0.13  163.2
25945.0  0.4  865.1  173.3  73.4  0.39  -0.44  -0.15  163.2
25946.0  0.4  864.8  173.2  73.4  0.39  -0.54  -0.09  163.1
25947.0  0.4  864.8  173.3  73.4  0.39  -0.59  -0.12  163.1
25948.0  0.4  865.0  173.3  73.4  0.34  -0.47  -0.17  163.1
25949.0  0.5  864.6  173.2  73.4  0.52  0.38  -0.09  163.1
25950.0  0.3  864.9  173.2  73.5  0.41  1.03  -0.13  163.0
25951.0  0.3  864.9  173.2  73.6  0.31  0.92  -0.19  163.0
25952.0  0.4  864.7  173.2  73.7  0.37  0.65  -0.23  163.0
25953.0  0.4  864.8  173.2  73.7  0.40  0.46  -0.16  163.0
25954.0  0.3  864.8  173.2  73.7  0.33  0.74  -0.11  163.1
25955.0  0.4  864.5  173.2  73.8  0.40  1.80  -0.07  163.1
25956.0  0.3  865.0  173.2  74.0  0.33  1.84  -0.11  163.0
25957.0  0.3  864.9  173.2  74.1  0.28  1.56  -0.17  163.0
25958.0  0.4  864.9  173.2  74.2  0.38  1.29  -0.15  163.1
25959.0  0.4  864.9  173.2  74.4  0.35  1.18  -0.18  163.1
25960.0  0.3  865.3  173.2  74.4  0.28  1.08  -0.12  163.1
25961.0  0.4  864.7  173.2  74.5  0.40  0.82  -0.13  163.0
25962.0  0.3  864.8  173.2  74.5  0.30  0.72  -0.10  163.0
25963.0  0.4  865.0  173.2  74.6  0.33  0.69  -0.08  163.0
25964.0  0.4  864.7  173.2  74.7  0.37  0.60  -0.10  163.0
25965.0  0.4  865.0  173.2  74.8  0.32  0.52  -0.14  163.0
25966.0  0.4  865.0  173.2  74.8  0.43  0.37  -0.11  163.0
25967.0  0.3  865.0  173.2  74.9  0.30  0.17  -0.12  163.0
25968.0  0.4  864.4  173.2  74.9  0.32  0.15  -0.11  163.0
25969.0  0.3  864.9  173.2  74.9  0.29  0.09  -0.07  163.1
25970.0  0.3  864.8  173.3  75.0  0.27  -0.02  -0.09  163.1
25971.0  0.4  864.4  173.3  75.1  0.31  0.02  -0.14  163.1
25972.0  0.4  865.1  173.3  75.1  0.41  -0.07  -0.11  163.1
25973.0  0.3  864.9  173.3  75.1  0.33  -0.25  -0.12  163.1
25974.0  0.3  864.8  173.3  75.1  0.29  -0.25  -0.13  163.1
25975.0  0.5  865.1  173.3  75.1  0.46  -0.19  -0.12  163.3
25976.0  0.3  864.9  173.3  75.2  0.33  -0.29  -0.09  163.4
25977.0  0.4  864.9  173.3  75.2  0.31  -0.40  -0.06  163.5
25978.0  0.4  864.7  173.3  75.3  0.43  -0.35  -0.20  163.3
25979.0  0.4  864.8  173.3  75.3  0.42  -0.37  -0.21  163.4
25980.0  0.4  864.5  173.3  75.3  0.41  -0.61  -0.19  163.4
25981.0  0.4  864.8  173.3  75.3  0.45  -0.55  -0.17  163.4
25982.0  0.3  864.8  173.3  75.2  0.39  -0.49  -0.13  163.5
25983.0  0.4  864.8  173.2  75.2  0.46  -0.52  -0.11  163.4
25984.0  0.4  865.1  173.2  75.2  0.38  -0.47  -0.13  163.5
25985.0  0.3  864.6  173.2  75.3  0.36  -0.29  -0.03  163.3
25986.0  0.4  864.9  173.2  75.3  0.37  -0.26  -0.20  163.4
25987.0  0.4  864.5  173.2  75.3  0.38  -0.39  -0.12  163.3
25988.0  0.4  864.9  173.2  75.3  0.42  -0.53  -0.10  163.1
25989.0  0.3  864.9  173.2  75.3  0.37  -0.57  -0.11  163.1
25990.0  0.4  864.9  173.2  75.3  0.44  -0.52  -0.10  162.9
25991.0  0.3  864.8  173.2  75.3  0.38  -0.55  -0.07  163.0
25992.0  0.4  865.1  173.2  75.3  0.39  -0.61  -0.15  163.1
25993.0  0.3  865.3  173.2  75.3  0.38  -0.48  -0.16  163.1
25994.0  0.4  864.7  173.2  75.3  0.40  -0.45  -0.16  162.9
25995.0  0.3  864.7  173.2  75.3  0.33  -0.55  -0.10  162.9
25996.0  0.4  865.1  173.2  75.3  0.36  -0.46  -0.16  162.9
25997.0  0.4  864.9  173.2  75.3  0.42  -0.36  -0.13  162.8
25998.0  0.3  864.6  173.2  75.3  0.29  -0.51  -0.09  162.9
25999.0  0.4  865.0  173.3  75.3  0.36  -0.44  -0.12  162.9
26000.0  0.4  864.7  173.2  75.3  0.44  -0.37  -0.14  162.9
26001.0  0.3  864.6  173.2  75.3  0.36  -0.45  -0.08  163.0
26002.0  0.3  865.0  173.2  75.4  0.34  -0.62  -0.10  163.0
26003.0  0.4  864.9  173.2  75.4  0.38  -0.57  -0.14  163.1
26004.0  0.4  864.9  173.3  75.4  0.39  -0.60  -0.12  163.0
26005.0  0.3  865.0  173.3  75.4  0.34  -0.71  -0.13  163.1
26006.0  0.4  864.6  173.3  75.3  0.36  -0.68  -0.16  163.0
26007.0  0.4  864.9  173.3  75.3  0.39  -0.58  -0.16  163.0
26008.0  0.4  865.1  173.3  75.2  0.37  -0.49  -0.10  163.0
26009.0  0.4  864.5  173.3  75.2  0.39  -0.51  -0.07  163.0
26010.0  0.4  865.2  173.3  75.3  0.34  -0.51  -0.17  163.0
26011.0  0.3  864.8  173.3  75.3  0.31  -0.42  -0.20  162.9
26012.0  0.4  864.5  173.3  75.2  0.30  -0.52  -0.09  162.9
26013.0  0.4  864.7  173.3  75.2  0.34  -0.46  -0.14  163.0
26014.0  0.4  865.0  173.3  75.2  0.32  -0.33  -0.16  163.0
26015.0  0.4  864.8  173.4  75.2  0.32  -0.42  -0.06  163.0
26016.0  0.4  865.0  173.4  75.3  0.42  -0.51  -0.15  163.1
26017.0  0.3  865.0  173.4  75.3  0.26  -0.35  -0.20  163.1
26018.0  0.4  864.8  173.4  75.2  0.28  -0.46  -0.07  163.0
26019.0  0.4  865.0  173.4  75.3  0.37  -0.49  -0.15  163.1
26020.0  0.3  864.6  173.4  75.3  0.18  -0.41  -0.12  163.2
26021.0  0.4  864.8  173.4  75.2  0.29  -0.56  -0.11  163.1
26022.0  0.3  864.8  173.4  75.3  0.30  -0.47  -0.15  163.1
26023.0  0.3  864.4  173.4  75.2  0.29  -0.39  -0.06  163.3
26024.0  0.3  865.1  173.4  75.3  0.33  -0.49  -0.17  163.4
26025.0  0.4  864.7  173.5  75.2  0.34  -0.53  -0.05  163.3
26026.0  0.4  865.1  173.5  75.3  0.26  -0.62  -0.04  163.2
26027.0  0.4  864.9  173.5  75.3  0.30  -0.42  -0.26  163.3
26028.0  0.2  864.8  173.5  75.3  0.19  -0.29  -0.14  163.2
26029.0  0.4  864.9  173.5  75.3  0.36  -0.58  -0.15  163.1
26030.0  0.5  864.3  173.5  75.3  0.49  -0.59  -0.13  163.1
26031.0  0.3  864.8  173.5  75.3  0.22  -0.59  -0.11  163.2
26032.0  0.3  864.2  173.5  75.3  0.33  -0.69  -0.13  163.3
26033.0  0.4  864.8  173.5  75.3  0.36  -0.60  -0.11  163.3
26034.0  0.4  864.7  173.5  75.3  0.37  -0.57  -0.11  163.2
26035.0  0.4  864.5  173.5  75.2  0.43  -0.63  -0.07  163.4
26036.0  0.4  864.8  173.5  75.3  0.38  -0.50  -0.16  163.3
26037.0  0.3  864.6  173.5  75.3  0.31  -0.47  -0.14  163.2
26038.0  0.4  864.5  173.5  75.3  0.40  -0.64  -0.10  163.1
26039.0  0.3  864.9  173.5  75.3  0.36  -0.53  -0.15  163.2
26040.0  0.3  864.6  173.5  75.2  0.31  -0.48  -0.05  163.4
26041.0  0.3  864.9  173.5  75.3  0.33  -0.65  -0.08  163.2
26042.0  0.4  864.9  173.5  75.3  0.34  -0.51  -0.18  163.3
26043.0  0.4  864.6  173.5  75.3  0.35  -0.52  -0.14  163.4
26044.0  0.3  864.8  173.5  75.3  0.27  -0.67  -0.05  163.4
26045.0  0.4  864.6  173.6  75.3  0.31  -0.52  -0.03  163.3
26046.0  0.3  864.8  173.6  75.4  0.31  -0.53  -0.06  163.4
26047.0  0.3  864.6  173.6  75.4  0.27  -0.59  -0.11  163.4
26048.0  0.3  864.9  173.6  75.4  0.30  -0.77  -0.08  163.4
26049.0  0.4  864.6  173.6  75.4  0.34  -0.79  -0.09  163.4
26050.0  0.3  865.0  173.6  75.4  0.25  -0.70  -0.10  163.4
26051.0  0.3  864.6  173.6  75.4  0.27  -0.76  -0.14  163.4
26052.0  0.3  865.1  173.6  75.4  0.30  -0.81  -0.20  163.4
26053.0  0.3  864.7  173.6  75.3  0.29  -0.73  -0.11  163.4
26054.0  0.4  865.0  173.6  75.3  0.34  -0.68  -0.13  163.4
26055.0  0.4  864.7  173.6  75.3  0.36  -0.49  -0.12  163.4
26056.0  0.3  864.8  173.7  75.3  0.23  -0.53  -0.18  163.5
26057.0  0.3  864.6  173.6  75.3  0.26  -0.71  -0.12  163.5
26058.0  0.4  865.0  173.7  75.3  0.29  -0.74  -0.04  163.3
26059.0  0.4  865.1  173.7  75.3  0.36  -0.48  -0.08  163.2
26060.0  0.3  864.5  173.7  75.3  0.29  -0.56  -0.09  163.3
26061.0  0.3  864.8  173.7  75.4  0.26  -0.73  -0.06  163.3
26062.0  0.4  864.6  173.7  75.4  0.33  -0.71  -0.14  163.3
26063.0  0.3  864.4  173.7  75.4  0.23  -0.65  -0.14  163.4
26064.0  0.3  864.8  173.8  75.3  0.25  -0.75  -0.10  163.5
26065.0  0.4  864.6  173.8  75.4  0.31  -0.75  -0.11  163.5
26066.0  0.3  864.7  173.8  75.4  0.29  -0.62  -0.11  163.5
26067.0  0.3  864.7  173.8  75.4  0.19  -0.68  -0.06  163.6
26068.0  0.3  864.8  173.8  75.4  0.21  -0.83  -0.09  163.6
26069.0  0.4  864.4  173.8  75.4  0.32  -0.75  -0.09  163.6
26070.0  0.3  864.8  173.8  75.5  0.28  -0.75  -0.11  163.7
26071.0  0.3  864.5  173.8  75.5  0.21  -0.77  -0.19  163.9
26072.0  0.3  865.0  173.8  75.4  0.28  -0.84  -0.18  163.9
26073.0  0.3  864.5  173.8  75.3  0.32  -0.91  -0.11  164.1
26074.0  0.3  864.5  173.8  75.3  0.21  -0.82  -0.09  164.3
26075.0  0.3  864.7  173.8  75.3  0.26  -0.66  -0.09  164.2
26076.0  0.3  864.5  173.8  75.4  0.28  -0.70  -0.12  164.3
26077.0  0.2  864.8  173.9  75.4  0.09  -0.82  -0.10  164.5
26078.0  0.4  864.6  173.9  75.3  0.27  -0.86  -0.07  164.3
26079.0  0.4  864.8  173.9  75.4  0.38  -0.85  -0.06  164.3
26080.0  0.2  864.5  173.9  75.5  0.16  -0.77  -0.15  164.3
26081.0  0.3  864.9  173.9  75.4  0.29  -0.75  -0.16  164.3
26082.0  0.3  864.4  173.8  75.4  0.29  -0.88  -0.21  164.2
26083.0  0.3  864.9  173.9  75.4  0.26  -0.81  -0.21  164.1
26084.0  0.4  864.7  173.9  75.3  0.34  -0.70  -0.20  164.0
26085.0  0.3  864.4  173.9  75.2  0.21  -0.69  -0.12  164.0
26086.0  0.4  864.9  173.9  75.3  0.33  -0.66  -0.17  164.0
26087.0  0.3  864.6  173.9  75.3  0.27  -0.54  -0.12  164.0
26088.0  0.3  864.8  173.9  75.3  0.28  -0.70  -0.04  164.1
26089.0  0.3  864.7  173.9  75.3  0.23  -0.66  -0.10  164.2
26090.0  0.4  864.4  173.9  75.3  0.35  -0.65  -0.11  164.1
26091.0  0.3  864.9  173.8  75.4  0.29  -0.79  -0.10  164.1
26092.0  0.3  864.6  173.8  75.4  0.25  -0.73  -0.14  164.0
26093.0  0.4  864.9  173.8  75.4  0.36  -0.70  -0.15  164.0
26094.0  0.3  865.1  173.9  75.4  0.26  -0.78  -0.16  163.9
26095.0  0.3  864.5  173.9  75.3  0.23  -0.84  -0.10  163.9
26096.0  0.4  865.0  173.9  75.3  0.32  -0.86  -0.11  163.9
26097.0  0.4  864.9  173.9  75.4  0.36  -0.71  -0.15  163.9
26098.0  0.3  864.7  173.9  75.4  0.28  -0.64  -0.17  163.9
26099.0  0.3  864.9  173.9  75.3  0.23  -0.75  -0.10  163.8
26100.0  0.3  864.9  173.9  75.3  0.28  -0.76  -0.10  163.8
26101.0  0.3  864.6  173.9  75.3  0.29  -0.62  -0.19  163.9
26102.0  0.3  865.0  173.9  75.3  0.22  -0.58  -0.14  163.8
26103.0  0.4  864.6  173.9  75.3  0.35  -0.73  -0.14  163.8
26104.0  0.3  864.4  173.9  75.3  0.27  -0.62  -0.14  163.8
26105.0  0.3  865.0  173.9  75.2  0.19  -0.62  -0.09  163.8
26106.0  0.4  864.8  173.9  75.3  0.32  -0.66  -0.12  163.8
26107.0  0.3  864.5  173.9  75.3  0.27  -0.57  -0.15  163.7
26108.0  0.3  864.9  173.9  75.2  0.26  -0.55  -0.12  163.7
26109.0  0.4  864.6  173.9  75.2  0.38  -0.65  -0.17  163.6
26110.0  0.2  864.6  173.9  75.2  0.19  -0.62  -0.15  163.6
26111.0  0.3  864.8  173.9  75.1  0.24  -0.64  -0.07  163.6
26112.0  0.4  864.9  173.9  75.2  0.40  -0.64  -0.13  163.6
26113.0  0.3  864.6  173.9  75.2  0.25  -0.52  -0.11  163.6
26114.0  0.3  864.8  174.0  75.1  0.30  -0.58  -0.02  163.6
26115.0  0.3  864.8  174.0  75.2  0.37  -0.59  -0.04  163.6
26116.0  0.3  864.7  173.9  75.2  0.29  -0.46  -0.09  163.8
26117.0  0.3  864.8  174.0  75.2  0.33  -0.58  -0.05  163.8
26118.0  0.4  864.6  173.9  75.3  0.47  -0.66  -0.13  163.9
26119.0  0.3  864.6  173.9  75.2  0.35  -0.58  -0.12  163.9
26120.0  0.3  864.4  173.9  75.2  0.37  -0.71  -0.07  163.9
26121.0  0.3  864.5  173.9  75.2  0.41  -0.63  -0.13  163.9
26122.0  0.3  864.8  173.9  75.2  0.40  -0.53  -0.14  163.9
26123.0  0.4  864.4  173.8  75.2  0.48  -0.65  -0.12  163.8
26124.0  0.3  864.9  173.8  75.2  0.40  -0.61  -0.12  163.7
26125.0  0.3  864.5  173.8  75.2  0.40  -0.58  0.01  163.7
26126.0  0.4  864.7  173.8  75.2  0.47  -0.71  0.03  163.8
26127.0  0.3  864.8  173.8  75.3  0.38  -0.62  -0.07  163.8
26128.0  0.4  864.5  173.8  75.4  0.47  -0.68  -0.11  163.8
26129.0  0.3  864.8  173.7  75.4  0.51  -0.91  -0.16  163.7
26130.0  0.2  864.5  173.7  75.3  0.32  -0.92  -0.12  163.8
26131.0  0.4  865.0  173.7  75.3  0.48  -0.89  -0.11  163.7
26132.0  0.3  864.9  173.7  75.3  0.48  -0.80  -0.16  163.7
26133.0  0.2  864.4  173.6  75.3  0.31  -0.69  -0.09  163.6
26134.0  0.4  864.8  173.6  75.3  0.50  -0.78  -0.05  163.7
26135.0  0.3  864.8  173.6  75.3  0.45  -0.72  -0.10  163.7
26136.0  0.3  864.5  173.6  75.3  0.45  -0.71  -0.10  163.7
26137.0  0.4  864.9  173.6  75.3  0.53  -0.84  -0.14  163.7
26138.0  0.3  864.6  173.5  75.4  0.47  -0.74  -0.19  163.7
26139.0  0.3  864.7  173.5  75.3  0.39  -0.75  -0.14  163.7
26140.0  0.4  864.7  173.5  75.3  0.49  -0.87  -0.15  163.7
26141.0  0.3  864.2  173.5  75.3  0.37  -0.73  -0.15  163.6
26142.0  0.3  864.8  173.5  75.2  0.37  -0.74  -0.10  163.6
26143.0  0.3  864.6  173.5  75.3  0.41  -0.73  -0.12  163.6
26144.0  0.3  864.5  173.5  75.3  0.40  -0.66  -0.09  163.6
26145.0  0.4  864.6  173.5  75.3  0.40  -0.80  -0.07  163.5
26146.0  0.3  864.7  173.4  75.3  0.32  -0.75  -0.11  163.6
26147.0  0.3  864.8  173.4  75.3  0.34  -0.64  -0.12  163.6
26148.0  0.4  864.4  -9999.0  75.3  0.37  -0.80  -0.12  163.5
26149.0  0.3  864.6  173.4  75.3  0.36  -0.87  -0.11  163.5
26150.0  0.3  864.6  173.4  -9999.0  -9999.00  -9999.00  -0.13  163.3
26151.0  0.3  864.6  173.5  75.3  0.33  -0.71  -0.11  163.3
26152.0  0.3  864.4  173.5  75.3  0.30  -0.76  -0.13  163.2
26153.0  0.4  864.5  173.5  75.3  0.35  -0.75  -0.16  163.2
26154.0  0.3  864.6  173.5  75.3  0.29  -0.69  -0.16  163.2
26155.0  0.4  864.8  173.5  75.2  0.34  -0.71  -0.13  163.2
26156.0  0.4  864.5  173.5  75.2  0.38  -0.74  -0.16  163.2
26157.0  0.3  864.4  173.5  75.2  0.31  -0.60  -0.19  163.1
26158.0  0.3  864.5  173.5  75.1  0.32  -0.54  -0.15  163.1
