flight/WP3D/AircraftMis_NP3_20130618_RA.ict
41  1001
Ken Aikin
NOAA ESRL Chemical Sciences Division
various aircraft sensors
SENEX 2013
1  1
2013  06  18  2013  06  18
1
AOCTimewave
8
1  1  1  1  1  1  1  1
-9999  -9999  -9999  -9999  -9999  -9999  -9999  -9999
Attack  deg
CabinPrs  mbar
GndSpd  m/s
Heading  deg
Pitch  deg
Roll  deg
Slip  deg
TrueAirSpd  m/s
1
SPECIAL COMMENTS:Aborted St. Louis flight. Flaps light came on.
18
PI_CONTACT_INFO: Address: NOAA ESRL Chemical Sciences Division  Mail Stop R/CSD7  325 Broadway  Boulder  CO 80305
PLATFORM: NOAA WP-3D
LOCATION: The aircraft was stationed in  Smyrna  Tennessee. Aircraft location information in AircraftPosition file.
ASSOCIATED_DATA: N/A
INSTRUMENT_INFO: N/A
DATA_INFO: Units: Attack degrees; CabinPrs millibar; GndSpd m/s; Heading degrees; Pitch degrees; Roll degrees; Slip degrees; TrueAirSpd m/s
UNCERTAINTY: N/A
ULOD_FLAG: -7777
ULOD_VALUE: N/A
LLOD_FLAG: -8888
LLOD_VALUE: N/A
DM_CONTACT_INFO: Data Manager:Ken Aikin; email:Kenneth.C.Aikin@noaa.gov
PROJECT_INFO: SENEX 2013 Study; June 1 - July 15  2013
STIPULATIONS_ON_USE: Use of these data require prior ok from PI.
OTHER_COMMENTS:       None
REVISION: RA
RA: Preliminary Data.  For in-field use.
AOCTimewave  Attack  CabinPrs  GndSpd  Heading  Pitch  Roll  Slip  TrueAirSpd
[from data line 7595]
86391.0  1.3  943.8  95.9  88.2  0.58  -0.20  -0.87  98.2
86392.0  1.3  944.0  95.9  88.2  0.52  -0.23  -0.93  98.3
86393.0  1.5  944.5  96.0  88.1  0.68  -0.14  -0.84  98.2
86394.0  1.4  944.3  96.0  88.1  0.63  0.07  -0.88  98.3
86395.0  1.3  944.2  96.0  88.0  0.60  0.14  -0.88  98.6
86396.0  1.4  944.1  96.0  88.0  0.65  0.03  -0.76  98.4
86397.0  1.4  944.0  96.0  88.1  0.66  -0.05  -0.78  98.3
86398.0  1.4  944.0  96.0  88.1  0.62  0.09  -0.94  98.6
86399.0  1.4  944.1  96.0  88.1  0.61  0.26  -0.98  98.4
86400.0  1.3  944.3  96.0  88.0  0.60  0.10  -0.95  98.5
86401.0  1.2  943.8  96.0  87.9  0.52  -0.02  -0.86  98.8
86402.0  1.3  944.0  96.0  87.9  0.58  0.11  -0.82  98.7
86403.0  1.4  944.0  96.0  87.9  0.64  0.30  -0.81  98.8
86404.0  1.4  944.2  96.0  87.9  0.66  0.31  -0.80  98.6
86405.0  1.3  944.5  96.0  87.9  0.67  0.19  -0.93  98.3
86406.0  1.3  944.0  96.0  87.9  0.55  0.22  -0.91  98.3
86407.0  1.3  944.0  96.0  87.8  0.52  0.22  -0.88  98.4
86408.0  1.4  944.2  96.1  87.8  0.65  0.19  -0.83  98.4
86409.0  1.4  943.9  96.1  87.8  0.68  0.35  -0.75  98.4
86410.0  1.4  944.0  96.1  87.8  0.67  1.94  -0.68  98.4
86411.0  1.3  944.3  96.1  88.0  0.63  4.59  -0.60  98.5
86412.0  1.4  944.1  96.1  88.5  0.63  6.79  -0.53  98.2
86413.0  1.4  944.1  96.2  89.2  0.67  8.03  -0.55  98.4
86414.0  1.4  944.1  96.3  90.1  0.70  9.56  -0.57  98.2
86415.0  1.5  944.0  96.4  91.1  0.77  11.48  -0.55  98.2
86416.0  1.5  944.1  96.5  92.3  0.78  12.29  -0.57  98.2
86417.0  1.5  944.4  96.6  93.6  0.81  12.11  -0.62  98.1
86418.0  1.5  944.1  96.7  94.8  0.78  11.75  -0.77  98.1
86419.0  1.5  943.8  96.8  96.0  0.78  11.59  -0.85  98.1
86420.0  1.5  943.8  96.9  97.0  0.73  11.58  -0.68  98.1
86421.0  1.5  944.0  97.0  98.1  0.71  11.56  -0.73  98.1
86422.0  1.5  943.8  97.1  99.2  0.71  11.10  -0.76  98.0
86423.0  1.5  943.8  97.2  100.3  0.71  9.19  -0.88  98.0
86424.0  1.3  944.1  97.3  101.1  0.59  7.29  -1.01  98.0
86425.0  1.4  944.2  97.4  101.7  0.57  6.57  -0.95  98.4
86426.0  1.5  943.9  97.5  102.2  0.67  5.44  -0.75  98.4
86427.0  1.4  944.1  97.5  102.7  0.65  3.36  -0.91  98.4
86428.0  1.4  944.0  97.5  103.1  0.62  3.08  -0.92  98.4
86429.0  1.3  944.1  97.6  103.3  0.58  3.46  -0.80  98.4
86430.0  1.4  943.9  97.6  103.6  0.66  3.53  -0.82  98.2
86431.0  1.4  944.4  97.7  104.0  0.70  4.74  -0.74  98.5
86432.0  1.3  944.0  97.7  104.4  0.67  7.52  -0.58  98.6
86433.0  1.4  944.1  97.8  105.2  0.74  10.95  -0.42  98.4
86434.0  1.5  943.9  97.9  106.4  0.86  14.96  -0.38  98.2
86435.0  1.6  944.4  98.1  108.0  0.98  18.24  -0.30  98.2
86436.0  1.7  944.0  98.2  110.0  1.05  20.52  -0.35  98.1
86437.0  1.8  944.1  98.4  112.3  1.23  20.98  -0.39  97.9
86438.0  1.7  943.9  98.6  114.5  1.09  20.32  -0.47  97.7
86439.0  1.8  944.5  98.8  116.7  1.16  21.45  -0.46  97.8
86440.0  1.9  943.8  99.0  119.0  1.17  23.29  -0.42  97.6
86441.0  1.9  944.1  99.2  121.5  1.17  23.64  -0.44  97.5
86442.0  2.0  944.1  99.4  124.0  1.17  23.34  -0.61  97.5
86443.0  1.9  943.8  99.6  126.4  1.09  23.00  -0.67  97.4
86444.0  1.9  944.4  99.8  128.8  1.09  22.91  -0.64  97.6
86445.0  1.9  943.9  100.0  131.1  1.02  22.99  -0.68  97.7
86446.0  1.9  943.9  100.2  133.4  1.04  23.03  -0.56  97.7
86447.0  1.9  943.6  100.4  135.8  1.02  22.78  -0.61  97.7
86448.0  1.8  943.9  100.6  138.1  0.96  22.68  -0.59  97.7
86449.0  1.9  943.9  100.8  140.5  1.04  22.68  -0.62  97.5
86450.0  1.9  943.6  101.0  142.8  1.06  22.66  -0.66  97.3
86451.0  2.0  944.0  101.2  145.2  1.15  22.71  -0.60  97.2
86452.0  2.0  943.5  101.4  147.5  1.13  23.47  -0.58  97.1
86453.0  2.1  943.8  101.5  149.9  1.21  24.07  -0.58  97.1
86454.0  2.1  943.9  101.7  152.4  1.15  23.59  -0.53  96.9
86455.0  2.0  944.0  101.9  154.9  1.08  23.19  -0.50  96.8
86456.0  2.0  944.0  102.1  157.4  1.14  23.21  -0.52  96.8
86457.0  2.0  943.9  102.3  159.8  1.13  23.41  -0.61  96.7
86458.0  2.1  943.7  102.4  162.3  1.17  23.48  -0.74  96.7
86459.0  2.1  943.9  102.6  164.7  1.18  23.43  -0.75  96.8
86460.0  2.1  943.9  102.7  167.0  1.16  22.73  -0.61  97.0
86461.0  2.0  943.8  102.8  169.3  1.08  17.60  -0.98  97.1
86462.0  1.7  943.9  102.9  170.9  0.88  9.51  -1.43  97.0
86463.0  1.4  944.0  102.9  171.7  0.66  1.73  -1.61  96.9
86464.0  1.3  943.8  103.0  171.6  0.48  -5.35  -1.77  97.1
86465.0  1.5  943.8  103.1  170.7  0.61  -9.67  -1.64  97.2
86466.0  1.8  943.7  103.1  169.4  0.91  -11.88  -1.59  97.2
86467.0  1.7  944.1  103.0  167.9  1.00  -13.89  -1.44  97.1
86468.0  1.7  944.0  102.9  166.3  1.14  -15.90  -1.25  97.3
86469.0  1.8  944.0  102.8  164.6  1.41  -17.77  -1.21  97.4
86470.0  1.7  943.7  102.6  162.7  1.50  -19.13  -1.31  97.5
86471.0  1.7  943.6  102.4  160.7  1.58  -19.38  -1.41  97.3
86472.0  1.8  944.0  102.2  158.6  1.60  -19.09  -1.33  97.2
86473.0  1.9  943.8  102.0  156.6  1.58  -18.93  -1.19  97.0
86474.0  1.9  944.2  101.7  154.6  1.66  -19.36  -1.20  97.1
86475.0  1.8  943.7  101.5  152.6  1.68  -21.31  -1.36  97.1
86476.0  2.0  944.1  101.2  150.4  1.83  -22.72  -1.43  97.3
86477.0  2.0  944.2  100.9  148.0  1.78  -23.15  -1.36  97.2
86478.0  2.1  943.8  100.6  145.5  1.84  -24.13  -1.36  97.2
86479.0  2.1  943.9  100.3  142.9  1.91  -24.61  -1.40  97.2
86480.0  2.2  943.6  100.0  140.2  1.94  -25.15  -1.44  97.2
86481.0  2.2  944.0  99.6  137.5  1.88  -25.95  -1.39  97.3
86482.0  2.2  944.0  99.3  134.7  1.86  -27.03  -1.45  97.4
86483.0  2.2  943.7  98.9  131.7  2.03  -28.00  -1.48  97.3
86484.0  2.4  943.7  98.5  128.5  2.22  -28.44  -1.41  97.1
86485.0  2.4  943.5  98.0  125.4  2.25  -28.37  -1.37  97.0
86486.0  2.3  943.7  97.6  122.4  2.18  -28.15  -1.31  97.0
86487.0  2.5  943.5  97.1  119.3  2.31  -28.11  -1.29  96.8
86488.0  2.5  943.8  96.7  116.3  2.39  -28.00  -1.33  96.7
86489.0  2.4  943.4  96.2  113.3  2.38  -28.12  -1.28  96.4
86490.0  2.5  943.9  95.8  110.3  2.49  -28.57  -1.40  96.2
86491.0  2.5  943.6  95.4  107.2  2.51  -28.39  -1.42  96.2
86492.0  2.4  943.9  95.0  104.1  2.47  -28.79  -1.37  96.1
86493.0  2.6  943.4  94.6  100.9  2.62  -29.13  -1.45  96.1
86494.0  2.6  944.0  94.1  97.7  2.63  -29.08  -1.48  95.9
86495.0  2.6  943.7  93.7  94.4  2.61  -28.92  -1.43  95.8
86496.0  2.6  943.9  93.3  91.2  2.62  -28.89  -1.34  95.6
86497.0  2.6  943.5  92.9  88.0  2.62  -29.02  -1.40  95.4
86498.0  2.5  943.8  92.5  85.0  2.45  -29.14  -1.51  95.3
86499.0  2.6  943.8  92.2  81.9  2.55  -28.89  -1.59  95.2
86500.0  3.0  943.9  91.9  78.5  2.96  -27.91  -1.50  94.9
86501.0  2.2  943.7  91.5  75.7  2.15  -27.37  -1.31  94.8
86502.0  2.2  943.9  91.4  72.9  1.73  -27.30  -1.30  94.8
86503.0  2.5  943.7  91.2  70.1  1.92  -26.74  -1.46  94.9
86504.0  2.3  943.7  91.1  67.5  1.60  -26.08  -1.54  95.0
86505.0  2.1  943.9  91.0  64.8  1.23  -25.57  -1.50  95.0
86506.0  2.6  943.7  91.0  61.7  1.65  -25.08  -1.47  95.2
86507.0  2.7  943.5  90.9  58.8  1.95  -24.69  -1.37  95.4
86508.0  2.2  943.6  90.8  56.3  1.47  -24.62  -1.33  95.5
86509.0  2.0  943.7  90.7  53.9  1.28  -24.96  -1.41  95.4
86510.0  2.5  943.7  90.7  51.4  1.82  -20.88  -1.37  95.6
86511.0  2.4  943.3  90.7  49.3  1.81  -9.86  -0.48  95.8
86512.0  1.6  943.8  90.7  47.5  1.23  -3.24  0.94  95.6
86513.0  2.1  943.8  90.6  46.9  2.01  -2.26  1.15  95.7
86514.0  1.7  943.5  90.5  47.9  1.73  -2.50  -0.33  95.6
86515.0  1.6  943.8  90.6  48.8  1.75  -2.50  -1.60  95.5
86516.0  2.0  943.8  90.5  48.6  2.23  -2.11  -1.66  95.5
86517.0  1.1  943.9  90.5  47.8  1.19  -2.08  -1.11  95.4
86518.0  1.3  943.9  90.7  47.0  0.95  -2.03  -0.44  95.6
86519.0  1.6  943.7  90.8  46.7  1.24  -2.15  -0.40  95.5
86520.0  2.1  943.6  90.8  46.9  1.93  -1.94  -0.89  95.7
86521.0  1.8  943.6  90.8  47.0  1.95  -1.31  -1.19  95.7
86522.0  1.7  944.0  90.8  46.9  1.97  -0.43  -1.13  95.6
86523.0  1.5  943.9  90.8  46.5  1.72  0.48  -0.78  95.7
86524.0  1.5  943.7  90.8  46.3  1.68  1.59  -0.51  95.7
86525.0  1.9  943.6  90.8  46.5  2.23  2.20  -0.54  95.8
86526.0  2.0  943.5  90.7  47.0  2.68  2.37  -0.86  95.8
86527.0  1.6  943.6  90.6  47.4  2.44  2.01  -1.10  95.8
86528.0  1.7  943.6  90.5  47.6  2.57  1.20  -1.15  95.7
86529.0  1.5  943.5  90.4  47.5  2.37  0.74  -1.03  95.6
86530.0  1.1  943.7  90.4  47.4  1.63  0.88  -0.83  95.7
86531.0  1.6  943.9  90.4  47.3  1.98  1.10  -0.74  95.7
86532.0  2.0  944.0  90.3  47.5  2.50  1.17  -0.79  95.7
86533.0  1.5  943.8  90.3  47.7  2.02  0.79  -0.90  95.6
86534.0  1.1  943.8  90.3  47.7  1.38  -0.30  -0.94  95.7
86535.0  1.4  943.7  90.4  47.6  1.39  -0.60  -0.88  95.8
86536.0  1.2  943.7  90.5  47.5  0.94  2.63  -0.56  96.0
86537.0  1.3  943.7  90.6  47.5  0.90  6.74  -0.07  96.0
86538.0  1.9  943.5  90.8  48.0  1.58  9.47  0.23  96.1
86539.0  2.4  943.7  90.8  49.3  2.52  11.17  0.03  96.3
86540.0  2.0  943.7  90.7  50.8  2.51  11.49  -0.45  96.1
86541.0  1.9  943.6  90.6  52.2  2.50  10.86  -0.92  95.9
86542.0  1.5  943.4  90.5  53.2  2.10  10.31  -0.98  95.9
86543.0  1.4  943.7  90.5  53.9  1.86  10.44  -0.72  95.8
86544.0  1.5  943.7  90.5  54.7  1.74  11.09  -0.43  95.7
86545.0  0.9  943.4  90.6  55.4  0.58  11.62  -0.30  95.9
86546.0  1.0  943.7  90.8  56.5  0.03  11.57  -0.39  96.1
86547.0  1.7  943.7  91.0  57.9  0.50  10.38  -0.74  96.1
86548.0  2.1  943.6  91.2  59.3  1.12  8.32  -1.12  96.4
86549.0  1.7  943.6  91.3  60.1  0.86  7.00  -1.25  96.4
86550.0  1.3  943.5  91.5  60.5  0.43  6.36  -1.01  96.4
86551.0  1.1  943.6  91.7  60.7  -0.09  4.72  -0.76  96.7
86552.0  1.3  943.6  91.9  61.1  -0.15  3.94  -0.75  97.0
86553.0  1.6  943.6  92.2  61.7  0.15  3.51  -0.93  97.2
86554.0  1.4  943.5  92.4  62.1  -0.06  2.33  -1.04  97.4
86555.0  1.7  943.6  92.6  62.4  0.42  1.89  -1.13  97.5
86556.0  2.1  943.9  92.7  62.5  1.41  1.10  -1.10  97.6
86557.0  2.0  943.5  92.7  62.5  1.93  0.25  -1.04  97.7
86558.0  0.7  943.6  92.7  62.5  0.40  0.29  -0.92  97.9
86559.0  0.6  943.7  92.8  62.4  -0.40  0.15  -0.79  98.2
86560.0  1.3  943.6  93.0  62.4  0.10  -0.42  -0.86  98.2
86561.0  1.3  943.7  93.2  62.5  0.03  -0.72  -1.00  98.4
86562.0  1.2  943.6  93.4  62.5  -0.16  -0.83  -1.05  98.7
86563.0  1.4  943.5  93.6  62.4  0.10  -1.01  -1.00  98.7
86564.0  1.8  943.6  93.7  62.2  0.83  -1.87  -0.96  98.8
86565.0  1.8  943.6  93.7  62.0  1.42  -2.62  -1.08  98.9
86566.0  1.4  943.6  93.6  61.9  1.25  -2.23  -1.06  98.9
86567.0  1.1  943.5  93.6  61.6  0.82  -1.08  -0.98  98.8
86568.0  1.1  943.6  93.7  61.4  0.66  -0.03  -0.72  99.0
86569.0  1.0  943.6  93.7  61.3  0.53  0.45  -0.69  99.1
86570.0  1.1  943.5  93.8  61.6  0.52  0.56  -0.85  99.1
86571.0  1.1  943.5  93.9  61.8  0.40  0.63  -0.97  99.0
86572.0  0.8  943.4  94.0  61.9  -0.14  0.88  -1.06  99.2
86573.0  1.2  943.7  94.1  61.8  0.13  1.25  -0.92  99.1
86574.0  1.1  943.8  94.3  61.8  0.06  1.79  -0.70  99.2
86575.0  1.3  943.8  94.4  62.0  0.16  2.58  -0.68  99.3
86576.0  1.3  943.6  94.5  62.3  0.28  3.29  -0.83  99.3
86577.0  1.5  943.7  94.6  62.7  0.53  3.28  -0.89  99.1
86578.0  1.5  943.7  94.5  63.2  0.72  2.93  -1.10  98.9
86579.0  1.2  943.6  94.5  63.7  0.32  2.24  -1.31  99.0
86580.0  1.1  943.8  94.5  63.7  0.14  0.41  -1.15  98.9
86581.0  1.3  943.4  94.5  63.5  0.29  -1.00  -1.09  98.6
86582.0  1.5  943.8  94.5  63.3  0.59  -1.25  -0.99  98.7
86583.0  1.6  944.0  94.4  63.2  0.95  -0.74  -1.03  98.5
86584.0  1.5  943.7  94.3  63.1  1.05  -0.12  -1.01  98.4
86585.0  1.5  944.0  94.2  62.9  1.20  0.38  -0.83  98.4
86586.0  1.3  943.5  94.1  62.9  1.01  0.74  -0.68  98.2
86587.0  1.3  943.6  94.0  63.1  0.94  0.50  -0.89  98.2
86588.0  1.7  943.5  93.9  63.4  1.43  -0.24  -1.15  98.0
86589.0  1.1  943.8  93.7  63.4  0.68  -0.92  -1.30  98.0
86590.0  1.4  943.6  93.7  63.2  0.89  -1.30  -1.16  97.8
86591.0  1.9  944.0  93.6  62.9  1.69  -1.60  -0.90  97.7
86592.0  1.8  943.6  93.4  62.7  1.83  -1.80  -0.91  97.6
86593.0  0.9  943.8  93.2  62.7  0.76  -0.97  -0.97  97.6
86594.0  1.0  943.7  93.2  62.6  0.38  0.11  -0.89  97.6
86595.0  1.4  943.7  93.2  62.6  0.53  0.44  -0.83  97.6
86596.0  1.5  943.5  93.2  62.7  0.71  0.79  -0.93  97.6
86597.0  1.3  943.7  93.2  62.8  0.34  1.59  -0.92  97.7
86598.0  1.7  943.8  93.2  62.9  0.80  1.96  -0.82  97.5
86599.0  1.7  943.7  93.2  63.1  1.01  1.96  -0.84  97.6
86600.0  1.4  943.8  93.1  63.4  0.82  2.04  -0.99  97.6
86601.0  1.5  943.7  93.1  63.7  0.94  1.46  -1.10  97.5
86602.0  1.6  943.8  93.0  63.8  1.18  0.28  -1.05  97.3
86603.0  1.6  943.7  92.9  63.9  1.32  -0.40  -1.13  97.3
86604.0  1.4  944.0  92.8  64.0  1.15  -0.47  -1.17  97.3
86605.0  1.5  943.6  92.7  63.8  1.21  -0.23  -1.05  97.3
86606.0  1.6  944.0  92.6  63.7  1.43  0.00  -0.92  96.9
86607.0  1.7  943.9  92.4  63.6  1.74  0.09  -0.92  96.9
86608.0  1.8  943.7  92.2  63.7  2.06  0.28  -1.00  96.8
86609.0  1.6  944.0  92.0  63.7  1.99  0.29  -1.01  96.7
86610.0  1.3  943.5  91.8  63.7  1.55  -0.05  -1.00  96.6
86611.0  1.3  943.8  91.7  63.7  1.30  -0.54  -1.08  96.4
86612.0  1.4  943.4  91.7  63.6  1.18  -1.10  -1.07  96.4
86613.0  1.4  944.0  91.6  63.5  0.97  -1.42  -1.09  96.2
86614.0  1.3  943.9  91.6  63.2  0.70  -1.25  -1.03  96.2
86615.0  1.7  944.1  91.6  63.0  1.07  -0.59  -0.89  96.2
86616.0  1.3  943.7  91.6  62.9  0.54  0.17  -0.75  96.1
86617.0  1.4  944.2  91.7  62.9  0.38  0.94  -0.78  96.2
86618.0  1.8  943.6  91.7  63.1  0.79  1.88  -0.81  96.2
86619.0  1.7  944.1  91.7  63.3  0.84  2.47  -0.84  96.3
86620.0  1.6  943.7  91.8  63.5  0.70  2.66  -0.83  96.0
86621.0  1.5  944.0  91.8  63.8  0.56  2.69  -0.89  96.1
86622.0  1.5  943.9  91.9  64.1  0.50  2.54  -0.87  96.0
86623.0  1.7  944.2  92.0  64.3  0.74  1.35  -0.95  96.1
86624.0  1.8  944.0  92.0  64.6  0.94  0.45  -1.16  96.1
86625.0  1.3  944.0  92.0  64.8  0.37  0.14  -1.27  96.3
86626.0  1.3  944.4  92.1  64.7  0.06  -0.03  -1.13  96.4
86627.0  1.7  944.0  92.2  64.5  0.56  -0.45  -1.05  96.6
86628.0  1.9  943.9  92.2  64.4  0.94  -1.04  -1.01  96.7
86629.0  1.7  944.4  92.2  64.4  0.99  -1.58  -1.16  96.7
86630.0  1.3  944.0  92.2  64.4  0.57  -1.69  -1.17  96.5
86631.0  1.6  944.1  92.3  64.2  0.75  -1.56  -1.18  96.6
86632.0  1.8  944.3  92.2  64.0  1.05  -0.91  -1.07  96.6
86633.0  1.5  943.9  92.2  63.8  0.90  -0.73  -1.03  96.5
86634.0  1.6  944.5  92.2  63.7  0.89  -0.87  -1.05  96.5
86635.0  1.5  943.7  92.2  63.7  0.90  -1.03  -1.01  96.5
86636.0  1.3  944.0  92.2  63.6  0.56  -1.16  -1.16  96.7
86637.0  1.6  944.0  92.2  63.5  0.76  -1.23  -1.21  96.7
86638.0  1.7  943.9  92.2  63.3  1.07  -1.36  -1.14  96.5
86639.0  1.8  944.2  92.2  63.0  1.29  -1.51  -1.00  96.4
86640.0  1.8  943.5  92.1  62.9  1.44  -1.64  -1.02  96.3
86641.0  1.7  944.1  92.0  62.8  1.54  -1.77  -1.10  96.3
86642.0  1.6  943.8  91.9  62.8  1.56  -1.85  -1.27  96.1
86643.0  1.6  944.1  91.8  62.6  1.44  -1.88  -1.36  96.0
86644.0  1.2  943.6  91.8  62.2  0.89  -1.71  -1.02  96.0
86645.0  1.5  944.0  91.7  61.9  0.99  -1.30  -0.82  96.1
86646.0  1.7  944.2  91.7  62.0  1.11  -0.78  -1.07  95.8
86647.0  1.6  944.4  91.7  61.9  1.13  -0.22  -1.09  95.7
86648.0  1.6  944.1  91.7  61.9  1.12  0.43  -1.00  95.7
86649.0  1.8  944.3  91.7  61.9  1.38  1.15  -0.93  95.5
86650.0  1.8  944.3  91.7  62.0  1.51  1.79  -0.84  95.6
86651.0  1.9  944.0  91.6  62.2  1.66  1.30  -0.88  95.4
86652.0  1.8  944.4  91.5  62.5  1.67  0.07  -1.17  95.3
86653.0  1.7  944.0  91.4  62.7  1.60  -0.29  -1.32  95.3
86654.0  1.8  944.1  91.4  62.7  1.66  0.40  -1.18  95.2
86655.0  1.8  944.4  91.3  62.4  1.66  0.65  -0.93  95.2
86656.0  1.7  943.9  91.2  62.4  1.60  0.39  -0.88  95.0
86657.0  1.6  944.3  91.1  62.5  1.49  0.01  -0.97  95.0
86658.0  1.6  944.1  91.1  62.6  1.36  -0.32  -1.20  95.0
86659.0  1.6  944.5  91.1  62.7  1.27  -0.53  -1.29  94.9
86660.0  1.9  944.2  91.1  62.5  1.53  -0.43  -1.12  94.9
86661.0  1.9  944.5  91.0  62.2  1.61  -0.79  -0.98  95.0
86662.0  1.7  943.8  91.0  62.2  1.46  -1.39  -1.07  95.0
86663.0  1.4  944.0  91.0  62.1  0.99  -1.71  -1.25  95.1
86664.0  1.5  944.3  91.0  61.9  0.80  -1.27  -1.22  95.1
