flight/WP3D/AircraftMis_NP3_20130610_RA.ict
41  1001
Ken Aikin
NOAA ESRL Chemical Sciences Division
various aircraft sensors
SENEX 2013
1  1
2013  06  10  2013  06  10
1
AOCTimewave
8
1  1  1  1  1  1  1  1
-9999  -9999  -9999  -9999  -9999  -9999  -9999  -9999
Attack  deg
CabinPrs  mbar
GndSpd  m/s
Heading  deg
Pitch  deg
Roll  deg
Slip  deg
TrueAirSpd  m/s
1
SPECIAL COMMENTS:Haynesville shale.
18
PI_CONTACT_INFO: Address: NOAA ESRL Chemical Sciences Division  Mail Stop R/CSD7  325 Broadway  Boulder  CO 80305
PLATFORM: NOAA WP-3D
LOCATION: The aircraft was stationed in  Smyrna  Tennessee. Aircraft location information in AircraftPosition file.
ASSOCIATED_DATA: N/A
INSTRUMENT_INFO: N/A
DATA_INFO: Units: Attack degrees; CabinPrs millibar; GndSpd m/s; Heading degrees; Pitch degrees; Roll degrees; Slip degrees; TrueAirSpd m/s
UNCERTAINTY: N/A
ULOD_FLAG: -7777
ULOD_VALUE: N/A
LLOD_FLAG: -8888
LLOD_VALUE: N/A
DM_CONTACT_INFO: Data Manager:Ken Aikin; email:Kenneth.C.Aikin@noaa.gov
PROJECT_INFO: SENEX 2013 Study; June 1 - July 15  2013
STIPULATIONS_ON_USE: Use of these data require prior ok from PI.
OTHER_COMMENTS:       None
REVISION: RA
RA: Preliminary Data.  For in-field use.
AOCTimewave  Attack  CabinPrs  GndSpd  Heading  Pitch  Roll  Slip  TrueAirSpd
[from data line 18864]
72590.0  1.7  948.3  113.3  89.9  5.94  0.66  -0.67  115.6
72591.0  1.7  948.3  113.4  90.0  5.96  0.50  -0.85  115.4
72592.0  1.7  947.9  113.6  89.8  5.98  0.25  -0.79  115.7
72593.0  1.7  948.5  113.7  89.7  5.96  0.33  -0.60  115.5
72594.0  1.6  948.5  113.8  89.7  5.97  0.57  -0.74  115.6
72595.0  1.6  948.2  113.9  89.7  5.92  0.86  -0.64  115.8
72596.0  1.4  947.9  114.1  89.8  5.44  0.19  -0.81  115.9
72597.0  1.6  948.4  114.4  89.7  5.66  -0.22  -0.60  115.8
72598.0  1.7  948.2  114.5  89.6  5.77  -0.44  -0.73  115.8
72599.0  1.6  948.2  114.7  89.5  5.61  -0.23  -0.74  115.9
72600.0  1.4  947.9  114.9  89.4  5.28  -0.77  -0.89  116.2
72601.0  1.7  948.4  115.1  89.2  5.53  -0.82  -0.61  116.4
72602.0  1.6  948.0  115.3  89.1  5.54  0.00  -0.59  116.5
72603.0  1.6  947.9  115.5  89.0  5.38  0.05  -0.67  116.6
72604.0  1.5  948.0  115.7  -9999.0  -9999.00  -9999.00  -0.80  116.9
72605.0  1.4  948.4  116.0  88.9  4.84  -1.06  -0.73  117.4
72606.0  1.2  948.0  116.3  88.7  4.36  -1.75  -0.65  117.8
72607.0  1.5  948.1  116.7  88.5  4.44  -2.29  -0.80  117.6
72608.0  1.5  948.2  117.0  88.2  4.47  -1.78  -0.72  118.0
72609.0  1.5  948.3  117.3  88.0  4.45  -1.54  -0.52  118.9
72610.0  1.5  948.3  117.6  87.9  4.50  -1.89  -0.55  119.1
72611.0  1.5  948.1  117.9  87.8  4.50  -0.67  -0.71  119.1
72612.0  1.4  947.9  118.2  87.7  4.30  -0.45  -0.67  119.3
72613.0  1.4  948.3  118.6  87.6  4.19  -0.76  -0.67  119.8
72614.0  1.4  947.8  118.9  87.6  4.15  -0.27  -0.73  120.1
72615.0  1.3  948.3  119.3  87.4  4.13  0.14  -0.65  120.5
72616.0  1.3  948.2  119.6  87.4  4.15  0.31  -0.58  120.7
72617.0  1.3  947.9  119.9  87.4  4.12  0.17  -0.51  121.1
72618.0  1.3  948.4  120.2  87.5  4.12  -0.38  -0.71  121.3
72619.0  1.4  948.0  120.5  87.4  4.14  -0.97  -0.66  121.5
72620.0  1.3  947.9  120.8  87.2  4.07  -2.81  -0.74  121.7
72621.0  1.3  948.3  121.1  87.0  4.08  -3.68  -0.74  122.1
72622.0  1.3  947.9  121.4  86.6  4.14  -3.69  -0.75  122.2
72623.0  1.3  948.1  121.7  86.2  4.15  -3.56  -0.67  122.5
72624.0  1.3  948.2  122.0  85.9  4.14  -3.61  -0.55  122.7
72625.0  1.2  947.7  122.2  85.6  4.15  -3.58  -0.56  123.1
72626.0  1.2  948.2  122.5  85.4  4.12  -2.73  -0.67  123.3
72627.0  1.2  947.6  122.7  85.1  4.16  -1.40  -0.78  123.3
72628.0  1.3  948.2  123.0  84.9  4.19  -0.87  -0.56  123.5
72629.0  1.3  948.2  123.2  84.8  4.25  0.14  -0.55  123.7
72630.0  1.4  948.1  123.4  84.9  4.59  0.47  -0.65  124.0
72631.0  1.2  948.1  123.5  84.9  4.62  0.48  -0.82  124.0
72632.0  1.2  948.4  123.7  84.8  4.69  0.56  -0.78  124.2
72633.0  1.3  948.0  123.8  84.7  4.74  0.06  -0.49  124.4
72634.0  1.1  948.4  123.9  84.8  4.73  -0.06  -0.62  124.5
72635.0  1.2  948.1  124.1  84.8  4.77  0.17  -0.65  124.9
72636.0  1.1  948.4  124.2  84.7  4.74  0.13  -0.69  125.3
72637.0  1.2  948.0  124.3  84.7  4.73  0.11  -0.55  125.4
72638.0  1.2  948.1  124.4  84.7  4.73  0.07  -0.39  125.3
72639.0  1.1  948.4  124.5  84.9  4.69  0.27  -0.73  125.2
72640.0  1.1  948.1  124.6  84.8  4.71  0.19  -0.93  124.9
72641.0  1.2  947.8  124.7  84.6  4.73  0.21  -0.26  125.1
72642.0  1.2  947.9  124.8  84.8  4.70  0.47  -0.56  125.5
72643.0  1.1  947.9  124.9  84.9  4.66  0.52  -0.85  125.5
72644.0  1.2  947.4  125.0  84.8  4.70  0.08  -0.64  126.1
72645.0  1.1  948.1  125.1  84.7  4.67  0.20  -0.61  126.1
72646.0  1.1  948.1  125.2  84.7  4.67  0.29  -0.77  126.2
72647.0  1.2  947.8  125.3  84.6  4.70  0.44  -0.62  126.5
72648.0  1.0  948.4  125.4  84.6  4.65  0.50  -0.76  126.4
72649.0  1.1  948.3  125.5  84.5  4.68  0.78  -0.64  126.5
72650.0  1.1  948.0  125.6  84.4  4.67  0.73  -0.43  126.0
72651.0  1.1  947.7  125.7  84.6  4.66  0.87  -0.40  126.7
72652.0  1.1  948.4  125.8  84.7  4.68  0.93  -0.60  126.7
72653.0  1.1  948.1  125.9  84.8  4.69  0.60  -0.27  126.7
72654.0  1.0  948.0  126.0  85.1  4.67  0.27  -0.53  126.9
72655.0  1.1  948.2  126.1  85.2  4.71  0.10  -0.72  126.9
72656.0  1.1  948.1  126.1  85.2  4.69  0.04  -0.72  127.1
72657.0  1.0  947.9  126.2  85.1  4.65  -0.13  -0.53  127.5
72658.0  1.1  948.0  126.3  85.1  4.68  -0.04  -0.93  127.5
72659.0  1.0  947.7  126.4  84.8  4.63  0.29  -0.62  127.4
72660.0  1.0  947.8  126.4  84.7  4.65  0.53  -0.70  127.3
72661.0  1.1  947.8  126.5  84.6  4.68  0.72  -0.35  127.4
72662.0  1.0  948.1  126.6  84.7  4.63  0.89  -0.47  127.8
72663.0  1.1  947.6  126.6  84.8  4.66  1.03  -0.75  128.0
72664.0  1.0  947.8  126.7  84.7  4.64  0.72  -0.64  128.0
72665.0  1.0  948.2  126.8  84.7  4.65  0.64  -0.73  128.1
72666.0  1.0  947.7  126.8  84.6  4.66  0.88  -0.68  128.1
72667.0  1.0  948.2  126.9  84.5  4.67  1.07  -0.81  128.2
72668.0  1.1  947.9  127.0  84.3  4.65  1.23  -0.61  128.3
72669.0  1.1  947.7  127.0  84.2  4.66  1.35  -0.48  128.1
72670.0  1.0  948.4  127.1  84.3  4.64  1.53  -0.61  128.3
72671.0  1.0  947.9  127.2  84.3  4.67  1.64  -0.63  128.7
72672.0  1.1  948.2  127.2  84.3  4.66  1.51  -0.60  128.8
72673.0  1.1  948.1  127.3  84.3  4.64  1.46  -0.52  128.9
72674.0  1.0  947.8  127.3  84.4  4.62  1.40  -0.51  129.0
72675.0  1.0  948.3  127.4  84.5  4.63  1.34  -0.57  129.1
72676.0  1.1  948.2  127.4  84.6  4.64  1.25  -0.58  129.1
72677.0  1.0  948.0  127.5  84.6  4.62  1.12  -0.54  129.1
72678.0  1.0  948.3  127.5  84.7  4.64  1.06  -0.55  129.1
72679.0  1.0  948.4  127.5  84.7  4.63  1.00  -0.48  129.1
72680.0  1.0  947.9  127.6  84.8  4.66  0.90  -0.53  129.2
72681.0  1.0  948.2  127.6  84.8  4.65  0.85  -0.59  129.2
72682.0  1.0  948.4  127.7  84.9  4.64  0.76  -0.67  129.3
72683.0  1.0  947.9  127.7  84.8  4.66  0.66  -0.57  129.3
72684.0  1.0  948.3  127.7  84.8  4.63  0.65  -0.52  129.4
72685.0  1.0  948.0  127.8  84.8  4.65  0.81  -0.60  129.5
72686.0  1.0  947.9  127.8  84.8  4.63  0.89  -0.61  129.5
72687.0  1.1  948.2  127.8  84.8  4.65  0.77  -0.57  129.6
72688.0  1.0  947.7  127.9  84.8  4.64  0.70  -0.59  129.7
72689.0  1.0  948.1  127.9  84.8  4.62  0.74  -0.58  129.7
72690.0  1.0  947.9  127.9  84.8  4.65  0.74  -0.52  129.7
72691.0  1.0  948.1  128.0  84.9  4.62  0.71  -0.55  129.8
72692.0  1.0  948.3  128.0  84.9  4.66  0.68  -0.52  130.1
72693.0  1.0  947.9  128.0  85.0  4.64  0.68  -0.55  130.3
72694.0  1.0  948.2  128.0  85.0  4.63  0.47  -0.52  130.4
72695.0  1.0  947.9  128.0  85.1  4.65  -1.94  -0.68  130.5
72696.0  1.0  948.5  128.0  84.9  4.63  -3.99  -0.69  130.5
72697.0  1.0  948.2  127.9  84.5  4.67  -4.52  -0.54  130.7
72698.0  1.0  948.2  127.9  84.2  4.67  -5.47  -0.57  130.6
72699.0  1.0  948.3  127.8  83.8  4.67  -5.31  -0.55  130.5
72700.0  1.1  948.3  127.7  83.4  4.65  -5.06  -0.55  130.5
72701.0  1.0  948.3  127.7  83.1  4.65  -5.00  -0.57  130.5
72702.0  1.1  947.9  127.6  82.7  4.66  -4.20  -0.41  130.9
72703.0  1.0  948.1  127.5  82.5  4.64  -3.55  -0.43  131.2
72704.0  1.0  948.0  127.5  82.4  4.71  -2.95  -0.60  131.0
72705.0  1.0  947.8  127.4  82.2  4.68  -1.41  -0.50  131.0
72706.0  1.0  947.9  127.4  82.2  4.63  -0.98  -0.45  131.0
72707.0  1.0  948.0  127.4  82.3  4.65  -0.62  -0.52  130.9
72708.0  1.0  947.8  127.4  82.3  4.63  -0.23  -0.57  131.1
72709.0  1.0  948.3  127.4  82.4  4.66  -0.42  -0.65  131.2
72710.0  0.9  948.3  127.3  82.3  4.62  -0.30  -0.67  131.3
72711.0  1.0  948.1  127.3  82.3  4.66  0.00  -0.65  131.3
72712.0  1.0  948.3  127.3  82.2  4.67  -0.15  -0.66  131.3
72713.0  1.0  948.4  127.3  82.1  4.69  -0.72  -0.67  131.2
72714.0  1.1  948.3  127.3  82.0  4.74  -0.53  -0.63  131.0
72715.0  1.0  948.2  127.3  81.9  4.70  0.10  -0.66  131.1
72716.0  1.0  948.3  127.2  81.8  4.70  0.22  -0.67  131.0
72717.0  1.0  948.2  127.2  81.7  4.72  -0.67  -0.49  131.0
72718.0  1.0  948.2  127.2  81.7  4.74  -0.65  -0.54  131.0
72719.0  1.1  948.1  127.2  81.6  4.76  -0.33  -0.51  131.1
72720.0  1.3  948.3  127.1  81.7  5.15  -0.84  -0.62  131.0
72721.0  1.1  948.1  127.0  81.6  5.17  -0.59  -0.64  130.5
72722.0  1.1  948.4  126.9  81.5  5.13  -0.23  -0.58  130.6
72723.0  1.1  948.1  126.8  81.4  5.13  -0.15  -0.50  130.6
72724.0  1.1  948.1  126.7  81.5  5.16  -0.06  -0.55  130.5
72725.0  1.4  948.2  126.6  81.5  5.55  -0.22  -0.58  130.3
72726.0  1.4  948.4  126.4  81.5  5.85  -1.46  -0.75  130.1
72727.0  1.3  948.2  126.2  81.3  6.03  -2.02  -0.75  129.7
72728.0  1.3  948.3  126.0  81.0  6.09  -1.91  -0.59  129.5
72729.0  1.2  948.0  125.8  80.8  6.05  -1.63  -0.59  129.6
72730.0  1.2  948.1  125.6  80.6  6.05  -0.52  -0.67  129.1
72731.0  1.1  948.1  125.4  80.5  5.98  -0.74  -0.64  129.0
72732.0  1.2  948.4  125.2  80.3  5.95  -0.87  -0.51  128.6
72733.0  1.3  948.7  125.1  80.3  5.98  -0.74  -0.48  128.4
72734.0  1.3  948.6  124.9  80.2  5.96  -0.17  -0.44  128.3
72735.0  1.3  948.7  124.8  80.2  5.95  -0.01  -0.57  128.0
72736.0  1.3  948.4  124.6  80.2  5.96  -0.05  -0.49  128.0
72737.0  1.3  948.2  124.5  80.3  5.98  -0.12  -0.58  128.1
72738.0  1.3  948.6  124.3  80.3  5.97  -0.15  -0.55  127.8
72739.0  1.3  948.6  124.2  80.3  5.99  -0.26  -0.57  127.7
72740.0  1.3  948.5  124.1  80.2  5.97  -0.15  -0.50  127.4
72741.0  1.4  948.5  123.9  80.2  6.00  -0.25  -0.61  127.3
72742.0  1.4  948.7  123.8  80.2  5.98  -0.29  -0.60  127.2
72743.0  1.3  948.7  123.7  80.1  5.95  -0.31  -0.54  127.0
72744.0  1.4  948.8  123.6  80.2  5.99  -0.23  -0.49  127.2
72745.0  1.3  948.7  123.4  80.2  5.96  -0.22  -0.55  126.9
72746.0  1.4  948.7  123.3  80.2  6.00  -0.19  -0.74  126.9
72747.0  1.4  948.5  123.2  80.1  5.97  -0.39  -0.57  126.7
72748.0  1.4  948.3  123.1  80.0  5.99  -0.37  -0.58  126.6
72749.0  1.5  948.2  123.0  80.0  5.96  -0.08  -0.63  126.4
72750.0  1.5  948.6  122.9  79.9  5.94  -0.01  -0.36  126.3
72751.0  1.4  948.5  122.8  80.0  5.95  -0.05  -0.48  126.2
72752.0  1.4  948.6  122.7  80.1  5.96  -0.02  -0.48  126.2
72753.0  1.4  948.7  122.6  80.2  5.97  -0.27  -0.55  126.4
72754.0  1.4  949.0  122.5  80.3  5.97  -0.29  -0.72  126.0
72755.0  1.4  948.9  122.4  80.2  5.98  -0.53  -0.67  126.2
72756.0  1.4  949.0  122.3  80.1  6.00  -0.64  -0.44  126.2
72757.0  1.5  948.8  122.2  80.2  5.98  -0.45  -0.45  126.2
72758.0  1.5  948.9  122.1  80.3  5.99  -0.37  -0.54  126.3
72759.0  1.5  948.7  121.9  80.3  5.97  -0.53  -0.50  126.5
72760.0  1.5  948.5  121.8  80.4  5.99  -0.78  -0.50  126.7
72761.0  1.4  948.9  121.7  80.5  6.00  -0.98  -0.41  126.8
72762.0  1.4  949.0  121.6  80.7  6.01  -1.17  -0.55  126.8
72763.0  1.5  948.8  121.4  80.8  5.98  -1.33  -0.57  126.8
72764.0  1.5  948.5  121.3  80.8  5.97  -1.65  -0.61  126.0
72765.0  1.5  948.7  121.2  80.8  5.98  -1.76  -0.51  125.7
72766.0  1.5  948.9  121.1  80.8  6.02  -1.69  -0.61  125.2
72767.0  1.6  949.0  121.0  80.8  6.02  -1.67  -0.64  124.9
72768.0  1.6  948.7  120.9  80.8  6.02  -1.75  -0.66  124.5
72769.0  1.6  948.7  120.8  80.7  6.01  -1.78  -0.63  124.1
72770.0  1.7  948.8  120.7  80.6  6.01  -1.63  -0.63  124.0
72771.0  1.7  949.0  120.6  80.6  5.98  -1.47  -0.67  123.9
72772.0  1.7  949.0  120.5  80.5  5.97  -1.50  -0.69  124.1
72773.0  1.7  948.9  120.4  80.4  5.97  -1.42  -0.71  124.3
72774.0  1.7  949.0  120.3  80.3  5.97  -1.24  -0.74  124.5
72775.0  1.7  948.9  120.2  80.1  5.97  -1.05  -0.73  124.6
72776.0  1.7  949.0  120.1  80.0  5.99  -0.90  -0.70  124.7
72777.0  1.7  948.9  120.0  79.9  6.00  -0.72  -0.69  124.7
72778.0  1.7  949.1  119.9  79.8  5.98  -0.53  -0.72  124.8
72779.0  1.7  949.1  119.8  79.7  5.98  -0.43  -0.70  124.8
72780.0  1.7  949.0  119.7  79.6  5.98  -0.29  -0.67  124.8
72781.0  1.7  949.3  119.6  79.5  5.99  -0.14  -0.60  124.5
72782.0  1.7  949.2  119.5  79.6  6.00  -0.07  -0.64  124.4
72783.0  1.6  949.2  119.4  79.6  5.94  -0.05  -0.64  124.3
72784.0  1.5  949.4  119.4  79.5  5.56  -0.15  -0.62  124.2
72785.0  1.3  949.1  119.5  79.5  5.06  -0.26  -0.60  124.2
72786.0  1.5  949.0  119.6  79.6  4.90  -0.30  -0.60  124.2
72787.0  1.7  949.1  119.7  79.6  5.03  -0.26  -0.63  124.1
72788.0  1.7  949.2  119.7  79.6  5.02  -0.27  -0.63  124.0
72789.0  1.7  949.5  119.8  79.6  4.86  0.20  -0.59  124.0
72790.0  1.8  949.3  119.9  79.7  4.88  0.75  -0.56  124.1
72791.0  1.8  949.1  120.0  79.8  4.94  0.05  -0.65  124.1
72792.0  1.8  949.1  120.1  79.9  4.91  -0.46  -0.73  124.2
72793.0  1.8  949.1  120.2  79.9  4.91  -0.51  -0.70  124.2
72794.0  1.8  949.4  120.3  79.8  4.90  -0.60  -0.67  124.3
72795.0  1.8  949.4  120.4  79.8  4.92  -0.60  -0.66  124.3
72796.0  1.8  949.3  120.5  79.8  4.93  -0.58  -0.67  124.3
72797.0  1.8  949.3  120.5  79.8  4.93  -0.53  -0.67  124.4
72798.0  1.8  949.2  120.6  79.7  4.92  -0.52  -0.67  124.5
72799.0  1.8  949.2  120.7  79.7  4.93  -0.52  -0.67  124.4
72800.0  1.8  949.3  120.8  79.7  4.91  -0.43  -0.66  124.4
72801.0  1.8  949.5  120.9  79.6  4.92  -0.34  -0.66  124.4
72802.0  1.8  949.5  120.9  79.6  4.91  -0.29  -0.67  124.6
72803.0  1.8  949.2  121.0  79.6  4.90  -0.27  -0.69  124.7
72804.0  1.8  949.3  121.1  79.5  4.91  -0.26  -0.69  124.9
72805.0  1.8  949.6  121.2  79.4  4.91  -0.21  -0.70  125.0
72806.0  1.8  949.5  121.2  79.3  4.93  -0.06  -0.65  125.1
72807.0  1.8  949.2  121.3  79.3  4.92  0.08  -0.66  125.0
72808.0  1.8  949.4  121.4  79.3  4.92  0.16  -0.67  125.0
72809.0  1.8  949.2  121.4  79.3  4.93  0.16  -0.70  125.0
72810.0  1.8  949.0  121.5  79.3  4.90  0.14  -0.67  125.1
72811.0  1.8  949.4  121.6  79.3  4.88  0.35  -0.61  125.0
72812.0  1.6  949.6  121.7  79.3  4.57  1.98  -0.50  125.1
72813.0  1.6  949.5  121.9  79.5  4.30  3.17  -0.45  125.1
72814.0  1.8  949.5  122.1  79.8  4.40  3.31  -0.56  125.1
72815.0  1.8  949.6  122.2  80.2  4.42  2.93  -0.68  125.1
72816.0  1.7  949.5  122.4  80.4  4.25  3.02  -0.67  125.2
72817.0  1.6  949.5  122.7  80.6  4.04  3.13  -0.61  125.2
72818.0  1.7  949.9  122.9  80.9  4.05  2.86  -0.65  125.3
72819.0  1.8  950.0  123.1  81.1  4.13  2.79  -0.68  125.4
72820.0  1.8  949.9  123.4  81.4  4.12  2.81  -0.64  125.6
72821.0  1.8  949.5  123.6  81.6  4.13  2.78  -0.66  125.7
72822.0  1.8  949.7  123.8  81.8  4.12  2.74  -0.64  125.8
72823.0  1.7  949.9  124.0  82.0  3.95  2.83  -0.61  125.9
72824.0  1.8  949.6  124.2  82.3  3.97  2.98  -0.58  126.0
72825.0  1.7  949.9  124.5  82.5  3.89  2.47  -0.65  126.2
72826.0  1.8  949.9  124.7  82.8  3.96  1.79  -0.71  126.4
72827.0  1.7  949.6  124.9  82.9  3.94  0.54  -0.76  126.6
72828.0  1.7  949.7  125.1  83.0  3.94  0.71  -0.69  126.7
72829.0  1.7  949.5  125.3  83.0  3.97  0.50  -0.65  126.9
72830.0  1.7  949.3  125.5  83.1  3.95  0.06  -0.65  127.0
72831.0  1.7  949.6  125.7  83.2  3.97  0.29  -0.64  127.2
72832.0  1.7  949.4  125.8  83.3  3.95  0.49  -0.57  127.4
72833.0  1.7  949.8  126.0  83.4  3.96  0.33  -0.62  127.5
72834.0  1.7  949.6  126.2  83.6  3.95  -0.61  -0.72  127.6
72835.0  1.7  949.6  126.4  83.6  3.98  -0.46  -0.70  127.6
72836.0  1.7  949.7  126.5  83.5  4.00  -0.45  -0.63  127.7
72837.0  1.7  950.0  126.7  83.6  4.00  -0.41  -0.61  127.9
72838.0  1.7  949.7  126.8  83.7  3.99  -0.21  -0.67  127.9
72839.0  1.7  949.9  127.0  83.7  4.00  -0.24  -0.69  127.9
72840.0  1.6  949.9  127.1  83.8  3.95  -2.74  -0.84  128.0
72841.0  1.6  949.8  127.3  83.6  4.02  -7.88  -1.10  128.0
72842.0  1.7  950.1  127.4  82.8  4.17  -11.42  -1.18  128.2
72843.0  1.8  950.0  127.4  81.7  4.27  -12.94  -0.91  128.3
72844.0  1.9  950.2  127.4  80.5  4.32  -13.68  -0.73  128.4
72845.0  1.8  950.0  127.4  79.4  4.32  -14.59  -0.65  128.5
72846.0  1.8  949.8  127.4  78.4  4.41  -14.89  -0.72  128.5
72847.0  1.8  950.0  127.4  77.3  4.41  -14.66  -0.71  128.5
72848.0  1.8  949.7  127.4  76.2  4.39  -14.64  -0.68  128.7
72849.0  1.7  949.9  127.4  75.1  4.41  -14.71  -0.72  128.8
72850.0  1.7  949.8  127.4  74.1  4.31  -14.62  -0.73  128.7
72851.0  1.7  950.1  127.4  73.0  4.27  -14.81  -0.75  128.9
72852.0  1.7  950.0  127.5  71.9  4.30  -15.28  -0.79  129.1
72853.0  1.8  950.0  127.5  70.8  4.33  -15.11  -0.78  129.2
72854.0  1.8  950.0  127.5  69.6  4.29  -14.95  -0.74  129.3
72855.0  1.7  950.2  127.5  68.6  4.30  -14.97  -0.67  129.1
72856.0  1.7  950.1  127.5  67.5  4.29  -14.96  -0.83  129.3
72857.0  1.8  949.9  127.5  66.4  4.29  -14.91  -0.80  129.1
