flight/WP3D/AircraftMet_NP3_20130603_RA.ict
43  1001
Ken Aikin
NOAA ESRL Chemical Sciences Division
various aircraft sensors
SENEX 2013
1  1
2013  06  03  2013  06  04
1
AOCTimewave
10
1  1  1  1  1  1  1  1  1  1
-9999  -9999  -9999  -9999  -9999  -9999  -9999  -9999  -9999  -9999
AmbTemp  C
DewPtTemp  C
DewPtTempTDL  C
H2Omr  g/kg
PotTemp  K
RelHumidity  pct
StaticPrs  mbar
VertWindSpd  m/s
WindDir  deg
WindSpd  m/s
1
SPECIAL COMMENTS:Transit from Tampa  FL to Smyrna  TN. No DewPtTempTDL data.
18
PI_CONTACT_INFO: Address: NOAA ESRL Chemical Sciences Division  Mail Stop R/CSD7  325 Broadway  Boulder  CO 80305
PLATFORM: NOAA WP-3D
LOCATION: The aircraft was stationed in  Smyrna  Tennessee. Aircraft location information in AircraftPosition file.
ASSOCIATED_DATA: N/A
INSTRUMENT_INFO: N/A
DATA_INFO: Units:AmbTemp celcius; DewPtTemp celcius; DewPtTempTDL celcius; H2Omr g/kg; PotTemp kelvin; RelHumidity percent; StaticPrs millibar; VertWindSpd m/s; WindDir degrees; WindSpd m/s
UNCERTAINTY: N/A
ULOD_FLAG: -7777
ULOD_VALUE: N/A
LLOD_FLAG: -8888
LLOD_VALUE: N/A
DM_CONTACT_INFO: Data Manager:Ken Aikin; email:Kenneth.C.Aikin@noaa.gov
PROJECT_INFO: SENEX 2013 Study; June 1 - July 15  2013
STIPULATIONS_ON_USE: Use of these data require prior ok from PI.
OTHER_COMMENTS:       None
REVISION: RA
RA: Preliminary Data.  For in-field use.
AOCTimewave  AmbTemp  DewPtTemp  DewPtTempTDL  H2Omr  PotTemp  RelHumidity  StaticPrs  VertWindSpd  WindDir  WindSpd
[from data line 778]
52049.0  4.780  0.740  -49.140  6.35  316.04  74.82  637.42  -0.19  192.82  5.23
52050.0  4.750  0.690  -49.140  6.33  316.05  74.70  637.15  -0.16  191.62  5.31
52051.0  4.740  0.670  -49.140  6.32  316.08  74.64  636.82  -0.19  190.18  5.45
52052.0  4.690  0.640  -49.140  6.32  316.10  74.75  636.33  -0.15  190.15  5.39
52053.0  4.660  0.610  -49.140  6.31  316.10  74.80  636.03  -0.11  189.69  5.39
52054.0  4.610  0.620  -49.140  6.31  316.09  75.08  635.74  -0.04  189.53  5.36
52055.0  4.570  0.610  -49.130  6.31  316.09  75.23  635.44  -0.03  189.53  5.34
52056.0  4.570  0.580  -49.130  6.30  316.13  75.10  635.09  -0.09  190.10  5.43
52057.0  4.560  0.580  -49.130  6.30  316.17  75.12  634.75  -0.08  190.20  5.49
52058.0  4.520  0.580  -49.130  6.31  316.19  75.32  634.28  -0.12  190.73  5.42
52059.0  4.490  0.550  -49.130  6.30  316.21  75.31  633.93  -0.15  190.06  5.50
52060.0  4.450  0.530  -49.130  6.29  316.24  75.40  633.45  -0.16  189.55  5.58
52061.0  4.410  0.510  -49.130  6.29  316.26  75.49  632.95  -0.20  189.38  5.60
52062.0  4.370  0.480  -49.130  6.28  316.28  75.57  632.54  -0.19  188.92  5.72
52063.0  4.320  0.450  -49.130  6.27  316.29  75.69  632.02  -0.25  189.42  5.70
52064.0  4.270  0.450  -49.130  6.28  316.29  75.98  631.58  -0.21  190.02  5.73
52065.0  4.240  0.480  -49.130  6.29  316.32  76.26  631.17  -0.07  190.76  5.80
52066.0  4.200  0.500  -49.130  6.31  316.34  76.61  630.69  -0.01  191.73  5.83
52067.0  4.190  0.500  -49.130  6.31  316.38  76.69  630.31  0.09  191.57  5.85
52068.0  4.150  0.500  -49.130  6.32  316.39  76.90  629.98  0.21  191.50  5.82
52069.0  4.120  0.480  -49.130  6.31  316.42  76.97  629.50  0.25  191.46  5.70
52070.0  4.090  0.440  -49.130  6.30  316.43  76.87  629.22  0.23  191.28  5.68
52071.0  4.060  0.420  -49.130  6.29  316.43  76.92  628.93  0.28  191.47  5.60
52072.0  4.040  0.370  -49.130  6.27  316.43  76.75  628.77  0.29  190.87  5.63
52073.0  4.010  0.290  -37.270  6.23  316.43  76.47  628.61  0.25  191.32  5.53
52074.0  4.000  0.210  -35.530  6.20  316.39  76.11  628.74  0.23  191.58  5.59
52075.0  4.000  0.120  -35.530  6.16  316.39  75.59  628.75  0.12  191.32  5.77
52076.0  3.970  0.050  -35.540  6.13  316.41  75.31  628.41  0.07  191.82  5.70
52077.0  3.920  0.020  -35.540  6.12  316.42  75.48  627.93  0.00  191.84  5.55
52078.0  3.880  -0.030  -35.530  6.10  316.41  75.37  627.71  0.02  190.90  5.55
52079.0  3.890  -0.060  -35.540  6.08  316.43  75.18  627.63  0.01  190.59  5.65
52080.0  3.870  -0.090  -35.580  6.07  316.43  75.09  627.52  -0.16  189.80  5.74
52081.0  3.860  -0.140  -35.490  6.05  316.44  74.89  627.34  -0.26  189.87  5.75
52082.0  3.840  -0.200  -35.500  6.03  316.45  74.69  627.07  -0.27  190.44  5.72
52083.0  3.810  -0.280  -35.500  5.99  316.43  74.40  626.95  -0.17  190.44  5.74
52084.0  3.810  -0.370  -35.500  5.96  316.45  73.94  626.85  -0.08  190.46  5.78
52085.0  3.790  -0.410  -35.500  5.94  316.46  73.77  626.65  -0.19  191.05  5.72
52086.0  3.770  -0.470  -35.500  5.92  316.46  73.59  626.47  -0.33  192.11  5.71
52087.0  3.750  -0.520  -35.500  5.90  316.49  73.39  626.11  -0.39  193.47  5.63
52088.0  3.720  -0.550  -35.500  5.89  316.50  73.42  625.78  -0.40  193.84  5.62
52089.0  3.700  -0.550  -35.500  5.89  316.51  73.49  625.57  -0.42  193.29  5.67
52090.0  3.710  -0.550  -35.500  5.89  316.55  73.45  625.35  -0.43  193.18  5.75
52091.0  3.710  -0.560  -35.500  5.89  316.59  73.41  625.12  -0.45  193.30  5.75
52092.0  3.720  -0.620  -35.500  5.87  316.63  73.00  624.97  -0.50  193.43  5.81
52093.0  3.730  -0.720  -35.500  5.82  316.66  72.44  624.73  -0.56  193.94  5.84
52094.0  3.720  -0.860  -35.500  5.77  316.68  71.74  624.56  -0.48  193.47  5.86
52095.0  3.710  -1.050  -35.500  5.69  316.70  70.80  624.35  -0.39  193.00  5.94
52096.0  3.700  -1.210  -35.500  5.62  316.71  70.00  624.16  -0.26  193.37  6.00
52097.0  3.770  -1.360  -35.500  5.56  316.83  68.89  623.99  -0.22  194.46  5.99
52098.0  3.840  -1.460  -35.500  5.52  316.93  68.02  623.84  -0.04  194.12  6.05
52099.0  3.870  -1.610  -35.500  5.46  316.99  67.17  623.64  0.07  193.78  6.15
52100.0  3.890  -1.860  -35.500  5.37  317.04  65.84  623.41  0.16  193.23  6.24
52101.0  3.910  -2.160  -35.500  5.25  317.09  64.28  623.25  0.24  191.45  6.39
52102.0  3.920  -2.490  -35.500  5.12  317.15  62.67  622.92  0.19  190.84  6.42
52103.0  3.910  -2.880  -35.500  4.98  317.18  60.91  622.69  0.16  189.85  6.41
52104.0  3.890  -3.260  -35.500  4.84  317.20  59.25  622.38  0.15  189.69  6.53
52105.0  3.870  -3.650  -35.500  4.70  317.23  57.65  622.07  0.19  189.36  6.48
52106.0  3.850  -4.030  -35.500  4.57  317.23  56.11  621.86  0.16  188.71  6.51
52107.0  3.810  -4.420  -35.500  4.44  317.21  54.64  621.69  0.08  189.23  6.54
52108.0  3.790  -4.770  -35.500  4.33  317.21  53.29  621.50  0.03  189.62  6.57
52109.0  3.760  -5.100  -35.500  4.22  317.21  52.08  621.32  -0.08  190.75  6.58
52110.0  3.710  -5.370  -35.500  4.14  317.24  51.17  620.72  -0.17  192.08  6.52
52111.0  3.660  -5.650  -35.500  4.05  317.19  50.28  620.69  -0.17  193.26  6.47
52112.0  3.630  -5.890  -35.500  3.97  317.18  49.44  620.55  -0.23  193.28  6.55
52113.0  3.610  -6.140  -35.500  3.90  317.19  48.60  620.31  -0.22  193.26  6.54
52114.0  3.580  -6.380  -35.500  3.83  317.20  47.79  620.05  -0.12  193.27  6.51
52115.0  3.560  -6.570  -35.500  3.78  317.23  47.15  619.70  -0.10  193.88  6.54
52116.0  3.510  -6.740  -35.500  3.73  317.22  46.73  619.35  -0.06  194.26  6.54
52117.0  3.440  -6.850  -35.500  3.70  317.19  46.57  618.99  0.03  194.33  6.45
52118.0  3.360  -6.900  -35.500  3.69  317.15  46.61  618.66  0.11  194.35  6.42
52119.0  3.310  -6.880  -35.500  3.70  317.14  46.89  618.32  0.16  194.16  6.49
52120.0  3.300  -6.790  -35.500  3.72  317.18  47.22  617.96  0.18  194.42  6.52
52121.0  3.290  -6.650  -35.500  3.77  317.23  47.77  617.58  0.18  194.54  6.59
52122.0  3.280  -6.490  -35.500  3.82  317.27  48.45  617.16  0.22  194.07  6.63
52123.0  3.270  -6.370  -35.500  3.85  317.34  48.87  616.68  0.16  192.78  6.67
52124.0  3.270  -6.320  -35.500  3.87  317.39  49.06  616.30  0.16  191.25  6.74
52125.0  3.240  -6.330  -35.500  3.88  317.44  49.19  615.71  0.20  190.08  6.83
52126.0  3.210  -6.410  -35.500  3.85  317.50  48.96  615.10  0.24  189.52  6.96
52127.0  3.170  -6.580  -35.500  3.81  317.53  48.49  614.56  0.26  189.32  7.03
52128.0  3.120  -6.740  -35.500  3.76  317.54  48.06  614.10  0.29  188.97  7.05
52129.0  3.040  -6.900  -35.500  3.72  317.52  47.72  613.64  0.32  189.58  7.02
52130.0  2.970  -7.060  -35.500  3.68  317.50  47.37  613.16  0.37  189.92  7.00
52131.0  2.920  -7.170  -35.500  3.65  317.52  47.13  612.73  0.36  189.54  7.09
52132.0  2.880  -7.280  -35.500  3.62  317.53  46.87  612.35  0.33  190.53  7.01
52133.0  2.840  -7.360  -35.500  3.60  317.54  46.72  611.95  0.34  191.61  6.99
52134.0  2.810  -7.470  -35.500  3.57  317.56  46.44  611.58  0.30  192.62  6.92
52135.0  2.760  -7.600  -35.500  3.54  317.55  46.11  611.24  0.37  193.08  6.87
52136.0  2.710  -7.850  -35.500  3.47  317.55  45.39  610.88  0.36  193.92  6.78
52137.0  2.670  -8.150  -35.500  3.39  317.54  44.43  610.67  0.25  194.17  6.79
52138.0  2.650  -8.430  -35.500  3.32  317.55  43.56  610.48  0.17  194.42  6.83
52139.0  2.630  -8.670  -35.500  3.26  317.54  42.80  610.35  0.11  194.55  6.86
52140.0  2.620  -8.840  -35.500  3.22  317.56  42.29  610.17  0.08  194.49  6.85
52141.0  2.590  -8.940  -35.500  3.19  317.56  42.01  609.91  0.01  194.24  6.84
52142.0  2.560  -8.970  -35.500  3.19  317.56  42.03  609.67  0.01  194.52  6.83
52143.0  2.520  -8.950  -35.500  3.19  317.56  42.22  609.41  0.07  194.16  6.81
52144.0  2.480  -8.920  -35.500  3.20  317.54  42.45  609.16  0.01  193.89  6.81
52145.0  2.440  -8.920  -35.500  3.20  317.53  42.57  608.91  0.00  193.81  6.83
52146.0  2.420  -8.940  -35.500  3.20  317.54  42.53  608.74  -0.07  193.84  6.91
52147.0  2.390  -9.000  -35.500  3.19  317.55  42.44  608.46  -0.16  194.47  6.86
52148.0  2.360  -9.020  -35.500  3.18  317.55  42.46  608.18  -0.16  194.89  6.86
52149.0  2.320  -9.070  -35.500  3.17  317.56  42.41  607.84  -0.08  196.53  6.79
52150.0  2.280  -9.070  -35.500  3.17  317.57  42.55  607.44  0.00  197.29  6.70
52151.0  2.240  -9.070  -35.500  3.18  317.57  42.69  607.07  0.06  198.05  6.60
52152.0  2.200  -9.050  -35.500  3.18  317.57  42.86  606.85  0.04  198.21  6.58
52153.0  2.170  -9.050  -35.500  3.18  317.56  42.95  606.70  0.03  198.82  6.58
52154.0  2.150  -8.990  -35.500  3.20  317.56  43.22  606.48  0.07  198.65  6.62
52155.0  2.130  -8.940  -35.500  3.21  317.57  43.46  606.23  0.13  198.88  6.62
52156.0  2.110  -8.880  -34.080  3.23  317.57  43.72  606.08  0.17  199.24  6.57
52157.0  2.080  -8.860  -25.060  3.23  317.57  43.86  605.93  0.25  199.22  6.55
52158.0  2.070  -8.840  -23.340  3.24  317.57  43.99  605.85  0.25  199.30  6.57
52159.0  2.070  -8.780  -23.600  3.25  317.58  44.19  605.70  0.23  199.81  6.65
52160.0  2.080  -8.760  -23.590  3.26  317.61  44.26  605.58  0.21  199.75  6.80
52161.0  2.070  -8.750  -23.670  3.26  317.64  44.28  605.33  0.14  200.39  6.73
52162.0  2.050  -8.730  -23.570  3.27  317.64  44.46  605.19  0.18  200.89  6.66
52163.0  2.010  -8.670  -22.880  3.29  317.63  44.76  604.93  0.20  202.02  6.59
52164.0  1.950  -8.620  -21.870  3.30  317.61  45.16  604.62  0.22  203.51  6.55
52165.0  1.890  -8.510  -20.760  3.33  317.58  45.75  604.31  0.29  204.06  6.46
52166.0  1.840  -8.320  -20.640  3.38  317.56  46.59  604.12  0.28  204.13  6.42
52167.0  1.820  -8.070  -20.760  3.45  317.56  47.55  603.96  0.16  204.48  6.39
52168.0  1.830  -7.710  -21.240  3.55  317.59  48.89  603.77  0.16  204.68  6.43
52169.0  1.840  -7.330  -21.580  3.66  317.63  50.34  603.56  0.18  204.76  6.42
52170.0  1.820  -6.950  -22.530  3.77  317.65  51.89  603.37  0.15  206.20  6.36
52171.0  1.880  -6.620  -42.760  3.87  317.72  53.02  603.27  0.21  207.51  6.29
52172.0  1.940  -6.410  -79.110  3.93  317.83  53.66  603.02  0.25  208.79  6.18
52173.0  1.990  -6.210  -23.880  3.99  317.91  54.26  602.86  0.26  210.00  6.09
52174.0  2.050  -6.130  -21.130  4.02  318.01  54.37  602.61  0.32  210.46  6.18
52175.0  2.050  -5.970  -20.980  4.07  318.08  55.03  602.22  0.43  211.28  6.13
52176.0  2.040  -5.780  -20.620  4.13  318.11  55.92  601.89  0.50  211.77  6.00
52177.0  2.010  -5.560  -20.530  4.21  318.11  56.98  601.68  0.51  212.59  6.00
52178.0  1.990  -5.250  -20.500  4.31  318.11  58.38  601.55  0.45  212.88  6.08
52179.0  1.990  -4.900  -20.380  4.43  318.13  60.01  601.37  0.36  213.24  6.13
52180.0  2.000  -4.570  -20.280  4.54  318.17  61.49  601.16  0.32  213.56  6.18
52181.0  1.980  -4.300  -20.020  4.63  318.19  62.81  600.91  0.40  214.54  6.10
52182.0  1.980  -4.140  -19.750  4.70  318.23  63.64  600.63  0.42  215.01  5.98
52183.0  1.980  -4.080  -19.700  4.72  318.26  63.87  600.45  0.41  215.11  5.90
52184.0  2.000  -4.110  -19.800  4.71  318.32  63.67  600.22  0.42  215.25  5.88
52185.0  1.980  -4.220  -19.840  4.67  318.33  63.20  600.03  0.36  215.79  5.85
52186.0  1.980  -4.350  -19.890  4.63  318.36  62.59  599.80  0.27  215.84  5.88
52187.0  1.950  -4.440  -19.800  4.60  318.36  62.33  599.56  0.24  215.99  5.94
52188.0  1.890  -4.440  -19.470  4.60  318.34  62.58  599.27  0.23  216.39  5.97
52189.0  1.850  -4.350  -19.230  4.63  318.30  63.17  599.18  0.29  215.59  6.01
52190.0  1.840  -4.160  -19.010  4.70  318.30  64.15  599.08  0.30  215.24  6.05
52191.0  1.790  -4.000  -18.850  4.76  318.29  65.16  598.83  0.29  215.28  6.03
52192.0  1.740  -3.870  -18.710  4.81  318.27  66.05  598.58  0.31  215.66  6.01
52193.0  1.730  -3.760  -18.610  4.85  318.28  66.69  598.37  0.30  215.70  6.00
52194.0  1.680  -3.720  -18.530  4.87  318.26  67.08  598.12  0.26  215.51  5.97
52195.0  1.650  -3.710  -18.520  4.87  318.24  67.28  598.01  0.23  215.31  5.98
52196.0  1.640  -3.740  -18.450  4.86  318.23  67.21  598.04  0.17  215.00  6.03
52197.0  1.620  -3.790  -18.370  4.84  318.22  67.04  597.93  0.08  214.96  6.06
52198.0  1.580  -3.790  -18.290  4.84  318.21  67.23  597.68  0.03  215.00  6.09
52199.0  1.520  -3.770  -18.140  4.86  318.20  67.66  597.30  0.01  215.95  6.02
52200.0  1.480  -3.740  -17.970  4.87  318.18  67.97  597.11  0.12  216.03  5.99
52201.0  1.440  -3.670  -17.850  4.90  318.16  68.53  596.96  0.17  215.84  6.01
52202.0  1.420  -3.590  -17.800  4.93  318.17  69.07  596.69  0.13  215.91  6.03
52203.0  1.390  -3.480  -17.710  4.97  318.18  69.77  596.45  0.12  216.28  6.03
52204.0  1.370  -3.420  -17.660  4.99  318.18  70.18  596.28  0.18  216.05  6.04
52205.0  1.350  -3.390  -17.650  5.01  318.19  70.45  596.06  0.20  215.59  6.12
52206.0  1.320  -3.360  -17.710  5.02  318.19  70.79  595.80  0.17  215.76  6.11
52207.0  1.280  -3.360  -17.750  5.02  318.18  70.95  595.64  0.10  215.92  6.10
52208.0  1.250  -3.360  -17.750  5.02  318.20  71.08  595.28  0.03  216.36  6.09
52209.0  1.220  -3.340  -17.660  5.03  318.19  71.39  595.06  0.03  217.13  6.04
52210.0  1.160  -3.340  -17.490  5.04  318.17  71.69  594.76  0.19  217.36  6.04
52211.0  1.140  -3.310  -17.330  5.05  318.19  71.98  594.44  0.29  217.28  6.07
52212.0  1.090  -3.280  -17.180  5.06  318.18  72.38  594.16  0.26  217.36  6.12
52213.0  1.060  -3.250  -61.740  5.08  318.18  72.73  593.92  0.20  216.74  6.16
52214.0  1.020  -3.220  -17.180  5.09  318.17  73.08  593.66  0.18  216.60  6.16
52215.0  0.980  -3.200  -17.200  5.10  318.18  73.43  593.31  0.20  217.38  6.13
52216.0  0.980  -3.200  -17.350  5.10  318.21  73.42  593.16  0.26  217.34  6.15
52217.0  0.960  -3.200  -17.480  5.11  318.22  73.53  592.88  0.26  217.27  6.15
52218.0  0.940  -3.220  -17.460  5.10  318.23  73.50  592.68  0.27  216.87  6.13
52219.0  0.950  -3.280  -17.590  5.08  318.29  73.12  592.40  0.27  217.02  6.11
52220.0  0.960  -3.360  -17.700  5.05  318.34  72.65  592.13  0.26  216.59  6.13
52221.0  0.960  -3.440  -17.630  5.02  318.40  72.18  591.78  0.29  216.62  6.13
52222.0  0.950  -3.610  -17.490  4.96  318.41  71.33  591.61  0.26  217.06  6.12
52223.0  0.950  -3.860  -17.380  4.87  318.43  69.98  591.48  0.16  216.12  6.17
52224.0  0.950  -4.110  -17.390  4.78  318.48  68.67  591.19  0.04  215.35  6.25
52225.0  0.930  -4.410  -17.440  4.68  318.51  67.27  590.81  -0.03  215.50  6.27
52226.0  0.890  -4.650  -17.440  4.59  318.52  66.19  590.49  0.04  215.89  6.30
52227.0  0.850  -4.920  -17.420  4.50  318.52  65.04  590.16  -0.05  216.08  6.29
52228.0  0.810  -5.170  -17.500  4.42  318.51  64.00  589.91  -0.06  215.67  6.30
52229.0  0.800  -5.420  -17.480  4.34  318.53  62.87  589.68  -0.09  215.21  6.40
52230.0  0.770  -5.660  -17.390  4.26  318.54  61.86  589.45  -0.24  214.82  6.45
52231.0  0.750  -5.940  -17.270  4.17  318.56  60.65  589.14  -0.38  214.49  6.52
52232.0  0.720  -6.180  -17.220  4.10  318.56  59.62  588.95  -0.37  214.05  6.60
52233.0  0.720  -6.460  -39.490  4.01  318.61  58.38  588.66  -0.32  213.63  6.65
52234.0  0.700  -6.650  -79.100  3.95  318.62  57.57  588.45  -0.27  213.14  6.69
52235.0  0.670  -6.840  -64.240  3.90  318.64  56.87  588.07  -0.18  213.72  6.67
52236.0  0.630  -7.030  -49.360  3.85  318.64  56.24  587.74  -0.04  213.49  6.65
52237.0  0.600  -7.160  -71.650  3.81  318.66  55.78  587.43  0.03  213.41  6.59
52238.0  0.560  -7.250  -17.190  3.78  318.65  55.57  587.15  0.08  213.41  6.56
52239.0  0.510  -7.300  -17.200  3.77  318.65  55.53  586.82  0.12  213.95  6.52
52240.0  0.480  -7.300  -17.190  3.77  318.65  55.69  586.58  0.12  213.83  6.48
52241.0  0.450  -7.300  -17.230  3.77  318.64  55.79  586.39  0.07  213.95  6.49
52242.0  0.410  -7.330  -17.220  3.77  318.64  55.83  586.13  0.01  214.22  6.43
52243.0  0.400  -7.360  -17.240  3.76  318.66  55.74  585.92  -0.03  213.38  6.41
52244.0  0.380  -7.420  -17.320  3.75  318.67  55.57  585.71  -0.01  213.65  6.53
