flight/WP3D/AircraftMis_NP3_20130623_RA.ict
41  1001
Ken Aikin
NOAA ESRL Chemical Sciences Division
various aircraft sensors
SENEX 2013
1  1
2013  06  23  2013  06  23
1
AOCTimewave
8
1  1  1  1  1  1  1  1
-9999  -9999  -9999  -9999  -9999  -9999  -9999  -9999
Attack  deg
CabinPrs  mbar
GndSpd  m/s
Heading  deg
Pitch  deg
Roll  deg
Slip  deg
TrueAirSpd  m/s
1
SPECIAL COMMENTS:Indianapolis and Nashville PP.
18
PI_CONTACT_INFO: Address: NOAA ESRL Chemical Sciences Division  Mail Stop R/CSD7  325 Broadway  Boulder  CO 80305
PLATFORM: NOAA WP-3D
LOCATION: The aircraft was stationed in  Smyrna  Tennessee. Aircraft location information in AircraftPosition file.
ASSOCIATED_DATA: N/A
INSTRUMENT_INFO: N/A
DATA_INFO: Units: Attack degrees; CabinPrs millibar; GndSpd m/s; Heading degrees; Pitch degrees; Roll degrees; Slip degrees; TrueAirSpd m/s
UNCERTAINTY: N/A
ULOD_FLAG: -7777
ULOD_VALUE: N/A
LLOD_FLAG: -8888
LLOD_VALUE: N/A
DM_CONTACT_INFO: Data Manager:Ken Aikin; email:Kenneth.C.Aikin@noaa.gov
PROJECT_INFO: SENEX 2013 Study; June 1 - July 15  2013
STIPULATIONS_ON_USE: Use of these data require prior ok from PI.
OTHER_COMMENTS:       None
REVISION: RA
RA: Preliminary Data.  For in-field use.
AOCTimewave  Attack  CabinPrs  GndSpd  Heading  Pitch  Roll  Slip  TrueAirSpd
[from data line 23577]
78080.0  1.7  955.2  118.1  0.5  1.30  -6.19  0.42  113.3
78081.0  1.8  955.7  118.2  0.4  1.21  -7.00  0.13  113.8
78082.0  1.6  955.6  118.3  0.3  0.97  -5.70  -0.46  114.3
78083.0  0.9  955.4  118.4  359.9  0.61  -5.40  -0.64  114.4
78084.0  1.2  955.4  118.5  359.3  0.87  -5.93  -0.40  114.7
78085.0  1.4  955.6  118.6  358.8  1.05  -6.71  -0.47  114.9
78086.0  1.2  955.5  118.7  358.3  0.85  -6.90  -0.61  115.2
78087.0  1.5  955.4  118.8  357.6  0.97  -5.69  -0.61  114.5
78088.0  1.3  955.5  118.9  356.9  0.78  -5.52  -0.44  114.7
78089.0  1.6  955.6  119.0  356.4  0.79  -3.69  -0.57  114.5
78090.0  1.0  955.5  119.1  355.9  0.54  -0.86  0.55  114.6
78091.0  1.2  955.2  119.2  356.3  0.78  1.97  0.40  114.9
78092.0  1.6  955.5  119.3  356.8  1.14  3.21  0.02  114.7
78093.0  2.3  955.4  119.4  357.3  0.96  3.20  -0.30  115.5
78094.0  1.2  955.3  119.6  357.7  0.37  1.46  0.34  115.5
78095.0  0.9  955.6  119.7  358.3  0.27  1.02  -0.61  116.8
78096.0  0.9  955.4  119.8  358.2  0.72  1.20  -0.58  117.1
78097.0  1.4  955.7  119.8  358.2  1.18  1.74  -0.26  117.6
78098.0  1.5  955.1  119.9  358.4  1.03  0.88  -0.65  117.1
78099.0  1.4  955.7  119.9  358.2  0.89  -2.17  -0.35  116.7
78100.0  0.8  955.7  120.0  358.1  0.83  -4.53  -0.62  115.9
78101.0  1.4  955.6  120.0  357.4  1.23  -5.22  -0.55  115.6
78102.0  1.4  955.4  120.0  356.9  1.36  -4.91  -0.39  115.3
78103.0  1.6  955.6  120.1  356.4  1.39  -5.13  -0.56  115.2
78104.0  1.2  955.6  120.1  355.9  1.22  -5.14  -0.55  115.2
78105.0  1.2  955.6  120.1  355.3  1.39  -4.21  -0.43  115.4
78106.0  1.5  955.8  120.1  354.8  1.69  -2.58  0.01  115.4
78107.0  1.4  955.8  120.0  354.7  1.63  -1.37  0.01  115.6
78108.0  1.7  955.6  120.0  354.8  1.70  -1.20  -0.17  115.8
78109.0  1.9  955.7  119.9  354.8  1.65  -1.07  -0.25  115.3
78110.0  1.4  955.8  120.0  354.9  1.21  0.53  -0.03  115.5
78111.0  0.7  955.4  120.0  355.1  1.10  1.23  -0.03  115.4
78112.0  1.3  955.3  120.0  355.3  1.70  0.79  -0.49  114.8
78113.0  1.6  955.9  119.9  355.3  1.93  1.19  -0.14  115.1
78114.0  1.5  955.9  119.9  355.5  1.72  3.13  0.00  114.9
78115.0  1.3  955.5  119.8  356.0  1.61  5.43  -0.44  115.1
78116.0  2.0  955.6  119.8  356.4  1.80  6.29  -0.40  116.2
78117.0  1.4  955.9  119.8  356.8  1.29  4.51  -0.25  116.2
78118.0  0.5  955.8  119.8  357.2  1.09  2.71  -0.61  115.9
78119.0  1.7  955.6  119.8  357.3  1.85  1.37  -0.52  115.7
78120.0  1.4  955.6  119.7  357.3  1.63  0.04  -0.54  115.2
78121.0  1.5  955.3  119.7  357.2  1.48  -1.42  -0.18  114.8
78122.0  0.9  955.5  119.7  357.1  1.37  -1.99  -0.72  115.0
78123.0  2.1  955.6  119.7  356.7  1.77  -3.32  -0.65  114.9
78124.0  1.4  955.5  119.7  356.3  1.27  -5.99  0.07  115.5
78125.0  1.5  955.0  119.8  356.2  1.08  -6.49  -0.38  115.3
78126.0  1.5  955.1  119.8  355.7  1.10  -5.12  -0.02  115.0
78127.0  1.0  955.2  119.9  355.5  0.86  -2.75  -0.20  114.5
78128.0  1.1  955.5  120.0  355.4  1.08  0.08  -0.35  114.6
78129.0  1.3  955.3  120.0  355.3  1.31  0.97  -0.25  114.3
78130.0  1.9  955.5  120.1  355.5  1.35  1.55  -0.03  114.9
78131.0  1.3  955.4  120.1  355.8  0.93  2.82  -0.39  115.1
78132.0  1.4  955.2  120.3  356.0  0.88  3.75  0.01  113.8
78133.0  1.5  955.3  120.4  356.5  1.01  4.09  -0.50  114.3
78134.0  1.1  955.4  120.4  356.7  1.02  3.72  -0.68  114.9
78135.0  1.1  955.4  120.5  356.7  1.27  3.76  -0.40  114.9
78136.0  1.6  955.6  120.5  356.9  1.60  3.53  -0.25  115.1
78137.0  1.5  955.5  120.5  357.3  1.53  3.72  -0.10  115.3
78138.0  1.4  955.3  120.5  357.7  1.54  3.10  -0.28  115.1
78139.0  1.5  955.9  120.5  357.9  1.57  1.02  -0.54  114.5
78140.0  1.5  955.4  120.5  357.9  1.65  -0.77  -0.36  115.1
78141.0  1.4  955.4  120.4  357.9  1.71  -1.75  -0.52  114.9
78142.0  1.4  955.7  120.4  357.6  1.71  -1.50  -0.59  115.0
78143.0  1.5  955.9  120.3  357.3  1.85  -2.08  -0.16  114.9
78144.0  1.4  955.7  120.3  357.3  1.83  -2.94  -0.28  114.9
78145.0  1.7  955.9  120.2  357.1  1.96  -2.83  -0.25  114.8
78146.0  1.3  956.1  120.1  356.9  1.77  -1.89  -0.04  115.1
78147.0  1.5  955.6  120.1  356.9  1.81  -0.38  -0.13  115.1
78148.0  1.5  955.8  120.0  357.1  1.75  0.09  0.03  114.5
78149.0  1.2  955.4  120.0  357.4  1.69  0.45  -0.40  115.2
78150.0  1.5  955.3  119.9  357.4  1.79  0.23  -0.40  115.1
78151.0  1.3  956.0  119.9  357.5  1.71  -2.02  -0.33  115.3
78152.0  1.1  955.4  119.8  357.4  1.67  -3.27  -0.75  115.4
78153.0  1.6  955.9  119.8  356.9  1.90  -4.08  -0.84  115.2
78154.0  1.1  955.4  119.7  356.3  1.71  -8.71  -0.92  114.9
78155.0  1.6  955.7  119.7  355.2  2.06  -13.49  -1.09  114.6
78156.0  2.0  955.6  119.6  353.7  2.19  -16.37  -0.83  114.4
78157.0  1.8  955.6  119.5  352.0  2.01  -20.31  -0.25  114.6
78158.0  1.9  955.4  119.4  350.4  2.23  -23.64  -0.71  114.7
78159.0  1.8  955.4  119.3  348.3  2.20  -25.90  -1.04  115.2
78160.0  1.8  955.0  119.2  345.7  2.13  -27.59  -0.98  115.1
78161.0  2.0  955.3  119.1  342.9  2.20  -28.75  -1.28  114.6
78162.0  1.9  955.4  118.9  340.0  2.03  -29.41  -0.12  114.0
78163.0  2.2  955.3  118.7  337.5  2.24  -29.94  -0.35  114.0
78164.0  1.8  955.4  118.6  335.2  1.94  -29.49  -0.76  113.8
78165.0  1.9  955.6  118.6  332.5  1.80  -29.51  -1.31  114.0
78166.0  2.0  955.6  118.5  329.3  1.69  -30.23  -0.82  113.6
78167.0  2.3  955.3  118.3  326.3  1.86  -30.76  -0.55  113.4
78168.0  2.0  955.3  118.2  323.7  1.72  -30.70  -0.21  113.5
78169.0  2.1  955.3  118.1  321.2  1.73  -30.81  -0.33  113.2
78170.0  1.9  955.4  118.0  318.8  1.69  -30.56  -1.29  113.1
78171.0  1.9  955.2  117.9  315.6  1.53  -30.04  -1.45  114.5
78172.0  2.0  955.5  117.7  312.2  1.63  -30.31  -0.81  115.5
78173.0  2.1  955.3  117.5  309.3  1.83  -30.52  -0.73  114.6
78174.0  2.1  955.2  117.2  306.4  1.82  -30.76  -0.60  114.6
78175.0  2.6  955.4  116.9  303.6  1.91  -30.43  -0.77  114.8
78176.0  2.2  955.3  116.7  301.0  1.53  -30.17  -0.64  114.4
78177.0  2.0  955.3  116.5  298.5  1.29  -29.69  -0.64  114.3
78178.0  1.6  955.7  116.4  295.7  1.36  -30.32  -0.81  114.2
78179.0  1.9  955.6  116.1  292.7  1.75  -30.36  -0.54  114.7
78180.0  2.2  955.2  115.8  289.8  2.11  -30.66  -0.43  114.9
78181.0  2.1  955.5  115.5  287.2  2.08  -30.45  -0.67  115.0
78182.0  1.9  955.4  115.2  284.6  1.87  -30.43  -0.76  114.8
78183.0  1.9  955.4  114.9  281.7  1.93  -30.65  -0.61  114.7
78184.0  2.2  955.6  114.6  278.8  2.21  -30.16  -0.69  114.4
78185.0  2.0  955.7  114.3  276.1  2.11  -27.83  -0.64  114.5
78186.0  1.8  955.3  114.0  273.7  1.82  -24.40  -0.28  114.6
78187.0  1.6  955.4  113.8  271.8  1.63  -17.97  0.16  114.3
78188.0  1.6  955.3  113.7  270.7  1.44  -14.72  0.03  113.9
78189.0  1.3  955.6  113.7  269.9  1.37  -13.61  -0.37  114.6
78190.0  1.6  955.2  113.6  268.8  1.66  -13.15  -0.54  114.8
78191.0  1.7  954.8  113.5  267.7  1.66  -12.04  -0.15  114.3
78192.0  1.6  955.6  113.4  266.9  1.58  -10.42  -0.53  114.1
78193.0  1.5  955.5  113.4  266.1  1.54  -6.77  -0.31  114.2
78194.0  1.4  955.7  113.4  265.5  1.50  -2.41  0.15  113.7
78195.0  1.1  955.7  113.3  265.5  1.57  -0.52  -0.03  114.4
78196.0  1.7  955.5  113.3  265.6  1.94  0.64  -0.21  114.0
78197.0  2.0  955.4  113.3  265.8  1.86  1.99  -0.57  114.2
78198.0  1.5  955.5  113.3  265.7  1.44  2.52  -0.41  113.7
78199.0  0.9  955.6  113.3  265.8  1.33  1.23  0.14  113.8
78200.0  1.6  955.3  113.4  266.1  1.88  -0.27  -0.01  113.7
78201.0  1.6  955.3  113.3  266.3  1.92  -1.52  -0.34  114.1
78202.0  1.5  955.2  113.3  266.2  1.85  -2.16  -0.45  114.4
78203.0  1.4  955.5  113.2  266.0  1.78  -1.97  -0.15  114.5
78204.0  1.8  955.4  113.2  265.9  1.81  -1.93  -0.17  114.4
78205.0  1.5  955.3  113.1  265.9  1.54  -2.01  -0.18  114.0
78206.0  1.3  955.3  113.2  265.7  1.45  -1.78  -0.60  113.8
78207.0  1.5  955.4  113.2  265.4  1.45  -1.73  -0.40  113.4
78208.0  1.3  955.0  113.2  265.2  1.44  -1.98  -0.57  113.8
78209.0  1.5  955.3  113.2  264.8  1.58  -1.63  -0.31  113.1
78210.0  1.6  955.5  113.3  264.5  1.49  -1.23  -0.42  112.7
78211.0  1.5  955.1  113.3  264.3  1.44  -0.10  -0.44  113.0
78212.0  1.8  955.5  113.4  264.2  1.40  0.72  0.11  112.6
78213.0  1.5  955.8  113.5  264.4  1.27  0.87  -0.14  112.1
78214.0  1.2  955.5  113.6  264.6  1.16  0.97  -0.32  112.9
78215.0  1.5  955.3  113.7  264.6  1.44  1.28  -0.50  112.8
78216.0  1.6  955.5  113.7  264.5  1.49  1.70  -0.48  112.7
78217.0  1.4  955.1  113.8  264.5  1.42  1.41  -0.08  113.2
78218.0  1.8  955.2  113.8  264.6  1.53  1.23  -0.38  114.3
78219.0  1.7  955.4  113.9  264.7  1.35  1.14  -0.33  114.9
78220.0  1.5  955.7  114.0  264.7  1.16  0.97  -0.18  114.3
78221.0  1.7  955.5  114.1  264.8  1.01  1.06  0.20  114.2
78222.0  1.5  955.4  114.2  265.2  0.83  0.84  0.57  114.1
78223.0  1.4  955.6  114.3  265.9  0.74  0.72  -0.38  115.2
78224.0  0.8  955.1  114.4  266.0  0.64  -0.29  -0.51  115.7
78225.0  1.2  955.2  114.5  266.0  0.98  -0.59  -0.68  115.4
78226.0  1.4  955.4  114.6  265.7  1.12  -0.24  -0.71  115.4
78227.0  1.4  955.2  114.6  265.4  1.08  -0.47  -0.07  116.4
78228.0  1.2  955.1  114.6  265.5  1.00  -0.22  -0.57  116.6
78229.0  1.2  955.2  114.7  265.3  1.07  0.17  -0.52  116.1
78230.0  1.0  955.7  114.7  265.1  1.05  -0.18  0.21  116.4
78231.0  1.4  955.3  114.7  265.4  1.33  -0.08  -0.06  116.5
78232.0  1.2  955.5  114.7  265.6  1.35  -0.02  -0.26  116.2
78233.0  1.2  955.3  114.7  265.6  1.42  -0.22  -0.64  115.6
78234.0  1.5  955.3  114.7  265.4  1.61  -0.15  -0.49  115.1
78235.0  1.5  955.3  114.6  265.3  1.66  0.14  -0.47  115.9
78236.0  1.2  955.3  114.6  265.1  1.64  0.01  0.16  115.7
78237.0  1.5  955.1  114.5  265.3  1.79  -0.26  0.15  116.1
78238.0  1.5  955.7  114.5  265.5  1.87  -0.11  -0.33  115.2
78239.0  1.3  955.4  114.4  265.5  1.81  -0.31  -0.33  115.1
78240.0  1.4  955.5  114.3  265.4  1.96  -0.23  -0.42  114.9
78241.0  1.5  955.2  114.2  265.4  2.10  -0.11  -0.13  115.2
78242.0  1.4  955.7  114.1  265.4  2.04  0.36  -0.31  115.2
78243.0  1.6  955.4  114.0  265.5  2.13  3.01  0.03  114.8
78244.0  1.3  955.4  114.0  265.8  2.06  5.84  0.16  114.6
78245.0  1.6  955.7  113.9  266.6  2.12  7.10  0.14  115.9
78246.0  1.7  955.3  113.8  267.5  2.00  6.43  -0.36  116.2
78247.0  1.8  955.8  113.8  268.0  1.63  4.95  -0.56  116.2
78248.0  1.0  955.8  113.8  268.2  1.18  4.32  -0.21  115.5
78249.0  1.2  955.6  113.9  268.7  1.27  3.42  0.30  114.9
78250.0  1.3  955.5  113.9  269.3  1.36  2.10  -0.45  114.5
78251.0  1.4  955.6  113.9  269.5  1.30  0.25  -1.41  115.0
78252.0  1.2  955.6  114.0  268.8  1.22  -0.22  -0.92  114.9
78253.0  1.3  955.8  114.0  268.2  1.21  1.26  -0.07  114.1
78254.0  1.4  955.2  114.1  268.3  1.14  2.77  0.22  114.6
78255.0  1.3  955.5  114.2  268.8  0.99  3.12  0.44  114.8
78256.0  1.1  955.4  114.3  269.4  0.97  2.11  -0.06  115.2
78257.0  1.2  955.7  114.3  269.8  1.11  0.31  -0.55  114.8
78258.0  1.3  955.3  114.4  269.7  1.21  -0.63  -0.72  114.2
78259.0  1.7  955.2  114.5  269.4  1.36  -0.02  -0.28  115.2
78260.0  1.4  955.8  114.5  269.3  1.25  -0.07  0.28  115.2
78261.0  1.2  955.0  114.5  269.7  1.24  0.10  -0.27  115.5
78262.0  1.4  955.6  114.5  269.8  1.42  -0.24  -0.25  115.7
78263.0  1.5  955.3  114.5  269.9  1.51  -0.47  -0.36  114.9
78264.0  1.3  955.5  114.5  269.9  1.44  0.33  -0.41  115.3
78265.0  1.2  955.0  114.5  269.9  1.46  -0.43  -0.31  116.0
78266.0  1.4  955.4  114.4  269.9  1.74  -0.89  -0.44  115.5
78267.0  1.6  955.0  114.4  269.7  1.84  -0.85  -0.52  115.6
78268.0  1.4  955.4  114.3  269.5  1.67  -0.74  -0.47  114.9
78269.0  1.5  955.3  114.3  269.4  1.67  -0.30  -0.05  115.0
78270.0  1.7  955.4  114.3  269.5  1.76  0.21  -0.41  114.6
78271.0  1.5  955.4  114.3  269.5  1.58  1.25  -0.25  114.6
78272.0  1.7  955.6  114.3  269.6  1.52  1.68  -0.44  114.7
78273.0  1.4  955.5  114.3  269.7  1.26  1.73  -0.14  114.9
78274.0  1.1  955.3  114.3  270.0  1.18  1.42  -0.04  115.3
78275.0  1.3  955.6  114.4  270.3  1.36  1.13  0.10  115.2
78276.0  1.6  955.6  114.4  270.8  1.37  0.38  -0.16  115.5
78277.0  1.1  955.5  114.4  271.0  0.92  0.10  -0.60  115.0
78278.0  1.3  955.4  114.5  270.9  0.99  -0.32  -0.39  114.5
78279.0  1.1  955.6  114.6  270.8  0.93  -0.48  -0.56  115.2
78280.0  1.3  955.2  114.7  270.6  1.14  -0.70  -0.57  114.8
78281.0  1.4  955.6  114.7  270.4  1.22  -0.18  -0.53  115.2
78282.0  1.2  955.3  114.7  270.2  1.10  0.78  -0.41  115.0
78283.0  1.4  955.4  114.8  270.2  1.17  1.44  -0.04  115.2
78284.0  1.2  955.3  114.9  270.4  1.05  1.74  -0.05  115.4
78285.0  1.2  955.8  114.9  270.7  1.10  1.64  -0.22  115.4
78286.0  1.5  955.4  115.0  270.9  1.27  1.30  -0.28  114.7
78287.0  1.3  955.6  115.0  271.0  1.20  0.86  -0.40  114.9
78288.0  1.6  955.0  115.1  271.1  1.35  0.99  -0.82  114.8
78289.0  1.3  955.7  115.1  270.9  1.23  0.76  -0.55  115.2
78290.0  1.5  955.4  115.1  270.7  1.32  0.62  -0.01  115.5
78291.0  1.5  955.7  115.2  270.9  1.37  0.95  -0.14  115.3
78292.0  1.4  955.2  115.2  271.1  1.29  1.00  -0.23  115.3
78293.0  1.2  955.6  115.2  271.2  1.28  0.66  -0.21  115.7
78294.0  1.2  955.5  115.2  271.4  1.42  0.38  -0.38  116.3
78295.0  1.3  955.6  115.2  271.4  1.54  0.43  -0.29  116.6
78296.0  1.4  955.7  115.1  271.4  1.64  0.18  -0.45  116.5
78297.0  1.3  955.7  115.1  271.4  1.57  -0.10  -0.14  116.2
78298.0  1.4  955.3  115.0  271.5  1.51  0.23  -0.47  116.4
78299.0  1.4  955.8  115.0  271.5  1.36  0.24  -0.54  116.0
78300.0  1.1  955.7  115.0  271.4  1.25  0.24  -0.46  115.8
78301.0  1.4  955.6  115.0  271.4  1.44  0.15  0.18  115.7
78302.0  1.2  955.4  115.0  271.7  1.44  0.05  -0.65  115.7
78303.0  1.3  955.6  115.0  271.5  1.40  0.26  -0.79  115.5
78304.0  1.4  956.0  115.0  271.1  1.51  -0.09  -0.33  114.7
78305.0  1.4  955.7  115.0  271.1  1.47  0.20  0.10  114.9
78306.0  1.5  955.5  115.0  271.3  1.52  0.50  -0.10  115.7
78307.0  1.3  955.6  115.0  271.5  1.42  0.41  -0.28  115.4
78308.0  1.3  955.4  115.0  271.6  1.37  -0.13  -0.03  115.1
78309.0  1.4  955.3  115.0  271.8  1.44  -0.28  -0.41  115.4
78310.0  1.3  955.5  115.0  271.8  1.42  -0.33  -0.27  115.5
78311.0  1.4  955.3  114.9  271.8  1.48  -0.41  -0.44  115.7
78312.0  1.3  955.7  114.9  271.7  1.38  -0.56  -0.35  115.5
78313.0  1.3  955.3  114.9  271.7  1.39  -1.48  -0.50  115.8
78314.0  1.3  955.8  114.9  271.6  1.51  -2.50  -0.60  115.5
78315.0  1.2  955.7  114.8  271.3  1.49  -3.04  -0.42  115.4
78316.0  1.7  955.6  114.8  271.0  1.64  -2.84  -0.27  115.1
78317.0  1.6  955.5  114.8  270.8  1.43  -2.55  -0.44  115.5
78318.0  1.3  955.9  114.8  270.5  1.16  -2.12  -0.32  115.0
78319.0  1.3  955.6  114.8  270.4  1.22  -1.72  -0.15  115.0
78320.0  1.2  955.3  114.8  270.4  1.22  -1.36  -0.85  114.9
78321.0  1.3  955.1  114.9  269.9  1.29  -0.96  -0.59  115.3
78322.0  1.0  955.6  114.8  269.7  1.35  -0.89  0.26  115.9
78323.0  1.6  955.7  114.8  269.9  1.56  -0.27  -0.20  116.0
78324.0  1.4  955.6  114.8  270.1  1.42  -0.43  -0.19  115.8
78325.0  1.1  955.3  114.7  270.1  1.30  -0.78  -0.60  116.0
78326.0  1.4  955.8  114.7  270.0  1.47  -0.95  -0.49  115.6
78327.0  1.5  955.6  114.7  269.8  1.51  -0.90  -0.33  115.3
78328.0  1.3  955.6  114.7  269.7  1.37  -0.89  -0.13  115.3
78329.0  1.4  955.6  114.7  269.8  1.42  -0.73  -0.37  115.1
78330.0  1.5  955.7  114.7  269.7  1.40  -0.24  -0.17  115.2
78331.0  2.1  955.4  114.7  269.8  1.38  -0.48  0.27  114.7
78332.0  1.3  955.4  114.8  270.1  0.75  -0.17  -1.08  114.5
78333.0  1.1  955.2  114.9  269.7  0.63  -0.79  -0.88  115.5
78334.0  1.1  955.5  115.1  269.3  0.86  -1.14  -0.98  114.3
78335.0  1.3  955.5  115.1  268.7  1.09  0.16  0.39  114.2
78336.0  1.4  955.4  115.1  269.0  1.17  0.98  0.03  115.1
78337.0  0.9  955.2  115.2  269.3  1.03  0.93  -0.02  115.2
78338.0  1.3  955.7  115.2  269.7  1.34  0.70  -0.05  114.9
78339.0  1.7  956.0  115.2  270.0  1.51  0.23  -0.84  116.0
78340.0  1.4  955.7  115.2  269.8  1.23  -0.27  -0.67  116.3
78341.0  1.3  955.5  115.3  269.5  1.21  -0.48  -0.50  115.4
78342.0  1.1  955.6  115.3  269.3  1.28  -0.01  -0.45  115.0
