flight/WP3D/AircraftMet_NP3_20130531_RA.ict
43  1001
Ken Aikin
NOAA ESRL Chemical Sciences Division
various aircraft sensors
SENEX 2013
1  1
2013  05  31  2013  05  31
1
AOCTimewave
10
1  1  1  1  1  1  1  1  1  1
-9999  -9999  -9999  -9999  -9999  -9999  -9999  -9999  -9999  -9999
AmbTemp  C
DewPtTemp  C
DewPtTempTDL  C
H2Omr  g/kg
PotTemp  K
RelHumidity  pct
StaticPrs  mbar
VertWindSpd  m/s
WindDir  deg
WindSpd  m/s
1
SPECIAL COMMENTS:2nd test flight from Tampa.
18
PI_CONTACT_INFO: Address: NOAA ESRL Chemical Sciences Division  Mail Stop R/CSD7  325 Broadway  Boulder  CO 80305
PLATFORM: NOAA WP-3D
LOCATION: The aircraft was stationed in  Smyrna  Tennessee. Aircraft location information in AircraftPosition file.
ASSOCIATED_DATA: N/A
INSTRUMENT_INFO: N/A
DATA_INFO: Units:AmbTemp celcius; DewPtTemp celcius; DewPtTempTDL celcius; H2Omr g/kg; PotTemp kelvin; RelHumidity percent; StaticPrs millibar; VertWindSpd m/s; WindDir degrees; WindSpd m/s
UNCERTAINTY: N/A
ULOD_FLAG: -7777
ULOD_VALUE: N/A
LLOD_FLAG: -8888
LLOD_VALUE: N/A
DM_CONTACT_INFO: Data Manager:Ken Aikin; email:Kenneth.C.Aikin@noaa.gov
PROJECT_INFO: SENEX 2013 Study; June 1 - July 15  2013
STIPULATIONS_ON_USE: Use of these data require prior ok from PI.
OTHER_COMMENTS:       None
REVISION: RA
RA: Preliminary Data.  For in-field use.
AOCTimewave  AmbTemp  DewPtTemp  DewPtTempTDL  H2Omr  PotTemp  RelHumidity  StaticPrs  VertWindSpd  WindDir  WindSpd
[from data line 6001]
57073.0  13.100  13.550  -22.910  11.90  302.27  103.07  826.10  -0.44  126.56  8.54
57074.0  13.280  13.480  -22.910  11.85  302.55  101.33  825.34  -0.61  126.58  8.28
57075.0  13.430  13.420  -22.910  11.81  302.79  99.88  824.57  -0.87  125.68  8.10
57076.0  13.460  13.280  -22.910  11.72  302.92  98.79  823.59  -0.72  125.99  7.78
57077.0  13.430  13.110  -22.910  11.61  303.00  97.89  822.52  -0.64  124.32  7.28
57078.0  13.330  12.920  -22.910  11.47  302.99  97.32  821.56  -0.34  125.43  7.85
57079.0  13.040  12.730  -22.910  11.34  302.77  97.99  820.81  -0.36  124.49  8.46
57080.0  12.840  12.550  -22.910  11.21  302.65  98.06  819.89  0.03  121.56  9.19
57081.0  12.830  12.450  -22.910  11.15  302.74  97.46  818.96  -0.12  123.20  9.26
57082.0  13.150  12.320  -22.910  11.08  303.19  94.65  817.88  -0.44  124.80  9.40
57083.0  13.400  12.130  -22.910  10.95  303.56  91.91  816.95  -0.57  125.55  9.90
57084.0  13.510  11.910  -22.910  10.80  303.78  89.83  816.01  -0.68  125.23  10.33
57085.0  13.550  11.720  -22.910  10.67  303.91  88.48  815.15  -0.61  126.42  9.85
57086.0  13.590  11.590  -22.910  10.59  304.05  87.48  814.24  -0.68  128.12  9.36
57087.0  13.680  11.470  -22.910  10.52  304.23  86.30  813.43  -0.71  128.82  9.24
57088.0  13.640  11.370  -22.910  10.45  304.27  85.87  812.67  -0.68  129.22  9.11
57089.0  13.670  11.190  -22.910  10.34  304.37  84.68  812.04  -0.68  128.80  8.94
57090.0  13.590  10.960  -22.910  10.19  304.37  83.85  811.19  -0.60  128.11  8.90
57091.0  13.530  10.720  -22.910  10.04  304.41  82.84  810.31  -0.67  129.48  8.77
57092.0  13.450  10.540  -22.910  9.93  304.41  82.26  809.49  -0.62  129.39  8.88
57093.0  13.370  10.390  -22.910  9.84  304.42  81.90  808.62  -0.62  132.67  8.91
57094.0  13.450  10.270  -22.910  9.77  304.60  80.81  807.71  -0.55  134.71  8.17
57095.0  13.390  10.140  -22.910  9.69  304.64  80.39  806.73  -0.37  137.44  8.17
57096.0  13.390  9.960  -22.910  9.58  304.74  79.41  805.84  -0.23  137.59  8.11
57097.0  13.280  9.710  -22.910  9.43  304.74  78.60  804.80  -0.18  136.34  7.94
57098.0  13.200  9.440  -22.910  9.28  304.77  77.60  803.74  -0.11  136.27  7.89
57099.0  13.170  9.210  -22.910  9.15  304.85  76.57  802.62  -0.31  139.67  7.40
57100.0  13.120  9.040  -22.910  9.05  304.92  75.92  801.51  -0.58  139.97  7.23
57101.0  13.060  8.870  -22.910  8.96  304.97  75.33  800.50  -0.82  139.28  7.12
57102.0  12.960  8.730  -22.910  8.88  304.97  75.09  799.51  -0.77  138.41  7.18
57103.0  12.870  8.580  -22.910  8.81  304.98  74.84  798.54  -0.60  137.55  7.25
57104.0  12.740  8.460  -22.910  8.74  304.94  74.85  797.61  -0.67  137.40  7.35
57105.0  12.610  8.360  -22.910  8.69  304.90  74.97  796.71  -0.39  139.58  7.33
57106.0  12.550  8.280  -22.910  8.66  304.94  74.87  795.77  -0.16  140.59  7.32
57107.0  12.460  8.180  -22.910  8.61  304.96  74.80  794.74  -0.11  139.26  7.47
57108.0  12.350  8.080  -22.910  8.56  304.95  74.84  793.70  -0.08  139.75  7.39
57109.0  12.250  7.990  -22.910  8.52  304.96  74.82  792.68  -0.15  139.88  7.35
57110.0  12.170  7.910  -22.910  8.48  304.99  74.86  791.62  -0.20  139.42  7.28
57111.0  12.150  7.830  -22.910  8.45  305.08  74.54  790.62  -0.24  135.86  7.23
57112.0  12.100  7.780  -22.910  8.43  305.13  74.52  789.71  -0.39  133.57  7.34
57113.0  12.070  7.760  -22.910  8.42  305.19  74.56  788.81  -0.48  130.98  7.42
57114.0  12.030  7.730  -22.910  8.42  305.27  74.62  787.73  -0.38  129.23  7.37
57115.0  12.000  7.710  -22.910  8.42  305.37  74.68  786.51  -0.18  129.03  7.25
57116.0  11.980  7.680  -22.910  8.41  305.46  74.61  785.56  -0.04  127.88  6.89
57117.0  11.980  7.650  -22.910  8.41  305.57  74.46  784.53  0.07  126.84  6.64
57118.0  11.940  7.630  -22.910  8.40  305.64  74.55  783.52  0.15  126.25  6.58
57119.0  11.900  7.600  -22.910  8.40  305.72  74.59  782.49  0.13  127.31  6.51
57120.0  11.900  7.580  -22.910  8.40  305.83  74.53  781.37  0.12  127.36  6.34
57121.0  11.880  7.580  -22.910  8.41  305.94  74.61  780.22  0.13  125.97  6.12
57122.0  11.810  7.550  -22.910  8.41  306.01  74.77  779.02  0.20  125.69  5.88
57123.0  11.740  7.500  -22.910  8.39  306.08  74.85  777.75  0.40  126.63  5.53
57124.0  11.710  7.450  -22.910  8.38  306.15  74.81  776.74  0.22  125.32  5.32
57125.0  11.640  7.400  -22.910  8.36  306.19  74.86  775.81  0.21  124.30  5.28
57126.0  11.520  7.350  -22.910  8.34  306.16  75.21  774.93  0.40  122.65  5.40
57127.0  11.410  7.300  -22.910  8.32  306.14  75.49  774.00  0.35  121.87  5.72
57128.0  11.270  7.230  -22.910  8.29  306.08  75.83  773.22  0.29  122.70  5.78
57129.0  11.140  7.180  -22.910  8.27  306.02  76.25  772.52  0.24  123.31  6.11
57130.0  11.050  7.130  -22.910  8.24  306.00  76.43  771.87  0.33  124.81  6.40
57131.0  10.940  7.060  -22.910  8.21  305.95  76.64  771.26  0.27  125.73  6.45
57132.0  10.830  7.010  -22.910  8.19  305.89  76.96  770.69  0.24  126.06  6.50
57133.0  10.780  6.970  -22.910  8.17  305.88  77.04  770.29  0.19  126.72  6.58
57134.0  10.720  6.950  -22.910  8.16  305.86  77.20  769.92  0.12  125.47  6.51
57135.0  10.710  6.920  -22.910  8.15  305.89  77.14  769.54  0.09  123.52  6.51
57136.0  10.780  6.890  -22.910  8.14  306.00  76.60  769.18  0.15  122.37  6.63
57137.0  10.760  6.840  -22.910  8.11  306.03  76.40  768.79  0.17  122.35  6.51
57138.0  10.730  6.790  -22.910  8.09  306.03  76.30  768.53  0.20  121.31  6.40
57139.0  10.750  6.760  -22.910  8.08  306.09  76.05  768.20  0.26  121.40  6.37
57140.0  10.760  6.720  -22.910  8.06  306.14  75.79  767.81  0.18  122.93  6.36
57141.0  10.740  6.690  -22.910  8.04  306.16  75.74  767.48  0.03  122.11  6.25
57142.0  10.780  6.670  -22.910  8.04  306.26  75.44  766.92  -0.17  121.48  6.25
57143.0  10.760  6.650  -22.910  8.03  306.30  75.40  766.44  -0.43  120.41  6.27
57144.0  10.790  6.620  -22.910  8.02  306.39  75.09  765.88  -0.64  118.80  6.33
57145.0  10.840  6.570  -22.910  8.00  306.51  74.58  765.35  -0.59  115.65  6.36
57146.0  10.820  6.510  -22.910  7.97  306.55  74.39  764.84  -0.40  115.85  6.56
57147.0  10.900  6.440  -22.910  7.94  306.68  73.63  764.42  -0.35  115.79  6.74
57148.0  10.960  6.380  -22.910  7.91  306.80  72.99  763.92  -0.24  116.08  6.84
57149.0  10.970  6.290  -22.910  7.86  306.87  72.49  763.44  -0.28  115.71  6.93
57150.0  10.970  6.160  -22.910  7.80  306.92  71.84  762.98  -0.25  116.06  6.88
57151.0  10.990  6.050  -22.910  7.74  307.02  71.17  762.31  -0.29  115.98  7.02
57152.0  10.970  5.950  -22.910  7.70  307.09  70.76  761.53  -0.16  115.56  7.24
57153.0  10.960  5.830  -22.910  7.64  307.14  70.26  760.99  -0.14  115.29  7.32
57154.0  10.990  5.730  -22.910  7.59  307.23  69.64  760.46  -0.20  114.61  7.40
57155.0  10.980  5.630  -22.910  7.54  307.29  69.19  759.84  -0.32  113.54  7.52
57156.0  11.080  5.510  -22.910  7.49  307.48  68.10  759.21  -0.35  112.23  7.62
57157.0  11.100  5.380  -22.910  7.43  307.58  67.45  758.48  -0.31  113.64  7.60
57158.0  11.170  5.250  -22.910  7.36  307.74  66.48  757.82  -0.25  115.11  7.68
57159.0  11.330  5.080  -22.910  7.28  308.00  64.97  757.03  -0.32  116.29  7.68
57160.0  11.380  4.900  -22.910  7.20  308.17  63.96  756.07  -0.32  117.04  7.63
57161.0  11.530  4.720  -22.910  7.12  308.42  62.51  755.29  -0.25  117.72  7.84
57162.0  11.500  4.560  -22.910  7.05  308.47  61.95  754.63  -0.27  117.78  7.91
57163.0  11.490  4.380  -22.910  6.96  308.54  61.22  753.85  -0.21  118.66  8.12
57164.0  11.520  4.190  -22.910  6.88  308.67  60.25  753.04  -0.23  117.14  8.33
57165.0  11.640  4.030  -22.910  6.81  308.90  59.07  752.23  -0.14  116.72  8.52
57166.0  11.820  3.870  -22.910  6.74  309.17  57.73  751.57  0.03  117.03  8.81
57167.0  11.970  3.660  -22.910  6.64  309.41  56.29  750.93  0.13  116.55  8.72
57168.0  12.400  3.400  -22.910  6.53  309.96  53.68  750.25  0.15  113.88  8.54
57169.0  12.630  3.080  -22.910  6.38  310.28  51.68  749.59  0.00  111.60  8.34
57170.0  12.720  2.720  -22.910  6.22  310.43  50.04  749.16  -0.12  111.22  8.16
57171.0  12.790  2.290  -22.910  6.04  310.57  48.30  748.63  -0.24  111.08  8.38
57172.0  12.910  1.810  -22.910  5.84  310.76  46.30  748.20  -0.32  110.76  8.61
57173.0  12.900  1.290  -22.910  5.63  310.81  44.63  747.65  -0.42  111.15  8.61
57174.0  12.910  0.750  -22.910  5.41  310.89  42.86  747.11  -0.40  111.57  8.40
57175.0  12.790  0.160  -22.910  5.19  310.83  41.41  746.53  -0.26  110.79  8.09
57176.0  12.720  -0.500  -22.910  4.95  310.80  39.64  746.07  -0.14  109.60  7.88
57177.0  12.580  -1.230  -22.910  4.69  310.74  37.89  745.40  -0.06  108.79  7.81
57178.0  12.460  -1.890  -22.910  4.47  310.67  36.39  744.93  -0.12  109.95  7.88
57179.0  12.310  -2.450  -22.910  4.29  310.57  35.25  744.39  -0.35  112.35  8.00
57180.0  12.140  -3.040  -22.910  4.11  310.45  34.11  743.83  -0.44  115.22  8.42
57181.0  11.920  -3.690  -22.910  3.92  310.27  32.97  743.40  -0.43  116.42  8.71
57182.0  11.980  -4.350  -22.910  3.73  310.39  31.25  742.91  -0.49  113.53  8.22
57183.0  12.070  -4.890  -22.910  3.58  310.55  29.82  742.43  -0.59  110.19  8.00
57184.0  12.190  -5.320  -22.910  3.47  310.73  28.63  741.98  -0.59  108.76  8.17
57185.0  12.290  -5.710  -22.910  3.37  310.89  27.59  741.54  -0.58  108.04  8.31
57186.0  12.370  -6.070  -22.910  3.28  311.02  26.72  741.14  -0.40  108.93  8.37
57187.0  12.370  -6.400  -22.910  3.20  311.08  26.03  740.73  -0.24  109.19  8.34
57188.0  12.340  -6.630  -22.910  3.14  311.10  25.62  740.23  -0.07  108.43  8.17
57189.0  12.310  -6.810  -22.910  3.10  311.12  25.32  739.83  -0.02  107.12  7.92
57190.0  12.210  -6.920  -22.910  3.08  311.06  25.29  739.39  -0.16  106.11  7.79
57191.0  12.190  -6.990  -22.910  3.07  311.09  25.18  738.99  -0.25  105.58  7.80
57192.0  12.120  -7.000  -22.910  3.06  311.07  25.28  738.56  -0.39  105.57  7.86
57193.0  12.080  -6.950  -22.910  3.08  311.10  25.44  737.96  -0.53  105.77  8.01
57194.0  12.100  -6.940  -22.910  3.08  311.17  25.42  737.48  -0.42  105.39  7.95
57195.0  12.090  -7.010  -22.910  3.07  311.23  25.30  736.92  -0.29  104.43  7.85
57196.0  12.050  -7.030  -22.910  3.07  311.25  25.33  736.37  -0.28  103.42  7.74
57197.0  12.050  -6.990  -22.910  3.08  311.32  25.41  735.86  -0.31  102.72  7.68
57198.0  12.030  -6.920  -22.910  3.10  311.34  25.58  735.47  -0.35  101.19  7.50
57199.0  12.020  -6.910  -22.910  3.10  311.41  25.61  734.82  -0.35  99.99  7.45
57200.0  11.980  -6.950  -22.910  3.09  311.43  25.61  734.25  -0.36  100.20  7.49
57201.0  11.990  -6.960  -22.910  3.09  311.51  25.56  733.73  -0.36  98.83  7.45
57202.0  11.910  -7.000  -22.910  3.09  311.48  25.63  733.22  -0.35  98.57  7.36
57203.0  11.870  -7.010  -22.910  3.09  311.49  25.69  732.73  -0.26  99.78  7.37
57204.0  11.830  -7.000  -22.910  3.09  311.52  25.76  732.20  -0.10  100.94  7.48
57205.0  11.750  -7.010  -22.910  3.09  311.49  25.89  731.71  -0.14  100.66  7.57
57206.0  11.720  -7.030  -22.910  3.09  311.53  25.89  731.11  -0.08  100.19  7.58
57207.0  11.640  -7.030  -22.910  3.09  311.51  26.03  730.57  0.05  99.11  7.64
57208.0  11.550  -7.040  -22.910  3.09  311.47  26.19  730.00  0.19  99.01  7.59
57209.0  11.520  -7.070  -22.910  3.09  311.51  26.17  729.49  0.11  98.87  7.53
57210.0  11.450  -7.090  -22.910  3.08  311.47  26.25  729.15  -0.01  98.88  7.47
57211.0  11.410  -7.090  -22.910  3.08  311.46  26.32  728.83  0.08  99.83  7.43
57212.0  11.400  -7.130  -22.910  3.08  311.51  26.26  728.37  0.07  99.91  7.26
57213.0  11.360  -7.190  -22.910  3.06  311.54  26.21  727.81  0.10  99.85  7.23
57214.0  11.290  -7.270  -22.910  3.05  311.53  26.17  727.23  0.23  99.56  7.14
57215.0  11.250  -7.330  -22.910  3.03  311.55  26.12  726.69  0.40  99.09  7.08
57216.0  11.210  -7.360  -22.910  3.03  311.58  26.12  726.15  0.57  98.83  7.02
57217.0  11.120  -7.380  -22.910  3.03  311.55  26.23  725.60  0.57  98.19  6.97
57218.0  11.100  -7.390  -22.910  3.03  311.60  26.25  725.00  0.45  97.29  6.85
57219.0  11.030  -7.410  -22.910  3.03  311.58  26.33  724.50  0.32  97.81  6.78
57220.0  10.950  -7.440  -22.910  3.02  311.56  26.42  724.00  0.30  97.42  6.75
57221.0  10.940  -7.480  -22.910  3.01  311.61  26.36  723.47  0.27  97.28  6.74
57222.0  10.840  -7.520  -22.910  3.01  311.58  26.46  722.78  0.19  97.41  6.71
57223.0  10.820  -7.520  -22.910  3.01  311.62  26.50  722.27  0.09  97.13  6.64
57224.0  10.730  -7.520  -22.910  3.01  311.60  26.66  721.64  0.06  97.53  6.69
57225.0  10.680  -7.490  -22.910  3.02  311.62  26.80  721.01  0.17  96.78  6.67
57226.0  10.630  -7.490  -22.910  3.02  311.66  26.90  720.29  0.31  96.34  6.67
57227.0  10.560  -7.490  -22.910  3.03  311.67  27.03  719.60  0.35  95.84  6.56
57228.0  10.490  -7.490  -22.910  3.03  311.67  27.17  718.90  0.32  94.50  6.47
57229.0  10.440  -7.480  -22.910  3.04  311.71  27.27  718.15  0.34  93.78  6.33
57230.0  10.330  -7.450  -22.910  3.05  311.69  27.53  717.45  0.39  92.64  6.24
57231.0  10.320  -7.430  -22.910  3.05  311.77  27.58  716.72  0.48  91.80  6.03
57232.0  10.200  -7.450  -22.910  3.05  311.70  27.78  716.12  0.61  90.63  5.94
57233.0  10.160  -7.420  -22.910  3.06  311.75  27.92  715.35  0.59  91.83  5.81
57234.0  10.120  -7.410  -22.910  3.07  311.79  28.04  714.65  0.44  92.22  5.66
57235.0  10.050  -7.400  -22.910  3.07  311.82  28.17  713.86  0.29  91.27  5.64
57236.0  10.030  -7.380  -22.910  3.08  311.87  28.24  713.28  0.34  90.04  5.66
57237.0  9.930  -7.380  -22.910  3.08  311.84  28.46  712.63  0.45  89.38  5.64
57238.0  9.880  -7.350  -22.910  3.09  311.87  28.60  711.96  0.43  88.78  5.59
57239.0  9.860  -7.360  -22.910  3.09  311.91  28.64  711.42  0.49  87.77  5.57
57240.0  9.770  -7.360  -22.910  3.10  311.89  28.80  710.81  0.47  86.80  5.52
57241.0  9.710  -7.360  -22.910  3.10  311.91  28.91  710.13  0.36  84.78  5.38
57242.0  9.670  -7.370  -22.910  3.10  311.95  28.97  709.45  0.38  83.17  5.40
57243.0  9.650  -7.380  -22.910  3.10  312.04  28.99  708.60  0.51  81.03  5.45
57244.0  9.590  -7.370  -22.910  3.11  312.07  29.13  707.84  0.55  79.36  5.44
57245.0  9.510  -7.390  -22.910  3.10  312.08  29.24  706.99  0.53  77.96  5.37
57246.0  9.420  -7.410  -22.910  3.10  312.09  29.37  706.16  0.64  76.78  5.27
57247.0  9.380  -7.420  -22.910  3.11  312.16  29.44  705.27  0.77  77.48  5.14
57248.0  9.260  -7.420  -22.910  3.11  312.12  29.68  704.56  0.86  77.41  5.18
57249.0  9.240  -7.450  -22.910  3.10  312.17  29.65  703.98  0.78  76.82  5.22
57250.0  9.160  -7.500  -22.910  3.10  312.16  29.71  703.36  0.71  76.49  5.29
57251.0  9.110  -7.530  -22.910  3.09  312.16  29.73  702.89  0.69  76.48  5.34
57252.0  9.070  -7.570  -22.910  3.08  312.18  29.71  702.42  0.67  76.71  5.39
57253.0  9.000  -7.590  -22.910  3.08  312.15  29.82  702.01  0.64  77.04  5.42
57254.0  8.980  -7.660  -22.910  3.06  312.20  29.69  701.52  0.49  76.54  5.45
57255.0  8.930  -7.690  -22.910  3.06  312.21  29.71  700.97  0.46  77.96  5.41
57256.0  8.900  -7.750  -22.910  3.05  312.21  29.65  700.64  0.50  78.71  5.37
57257.0  8.900  -7.830  -22.910  3.03  312.28  29.47  700.15  0.48  79.17  5.29
57258.0  8.830  -7.890  -22.910  3.02  312.25  29.47  699.76  0.44  80.20  5.23
57259.0  8.820  -7.980  -22.910  3.00  312.29  29.27  699.42  0.40  80.83  5.19
57260.0  8.820  -8.120  -22.910  2.97  312.33  28.98  699.05  0.29  81.36  5.13
57261.0  8.760  -8.220  -22.910  2.95  312.31  28.87  698.63  0.25  81.27  5.13
57262.0  8.710  -8.310  -22.910  2.93  312.31  28.76  698.25  0.26  81.08  5.14
57263.0  8.690  -8.420  -22.910  2.90  312.34  28.55  697.85  0.28  81.31  5.11
57264.0  8.620  -8.530  -22.910  2.88  312.32  28.44  697.46  0.27  82.29  4.97
57265.0  8.570  -8.630  -22.910  2.86  312.31  28.31  697.05  0.24  83.56  4.93
57266.0  8.590  -8.690  -22.910  2.85  312.38  28.16  696.63  0.34  84.48  4.96
