flight/WP3D/AircraftMis_NP3_20130612_RA.ict
41  1001
Ken Aikin
NOAA ESRL Chemical Sciences Division
various aircraft sensors
SENEX 2013
1  1
2013  06  12  2013  06  12
1
AOCTimewave
8
1  1  1  1  1  1  1  1
-9999  -9999  -9999  -9999  -9999  -9999  -9999  -9999
Attack  deg
CabinPrs  mbar
GndSpd  m/s
Heading  deg
Pitch  deg
Roll  deg
Slip  deg
TrueAirSpd  m/s
1
SPECIAL COMMENTS:Atlanta flight.
18
PI_CONTACT_INFO: Address: NOAA ESRL Chemical Sciences Division  Mail Stop R/CSD7  325 Broadway  Boulder  CO 80305
PLATFORM: NOAA WP-3D
LOCATION: The aircraft was stationed in  Smyrna  Tennessee. Aircraft location information in AircraftPosition file.
ASSOCIATED_DATA: N/A
INSTRUMENT_INFO: N/A
DATA_INFO: Units: Attack degrees; CabinPrs millibar; GndSpd m/s; Heading degrees; Pitch degrees; Roll degrees; Slip degrees; TrueAirSpd m/s
UNCERTAINTY: N/A
ULOD_FLAG: -7777
ULOD_VALUE: N/A
LLOD_FLAG: -8888
LLOD_VALUE: N/A
DM_CONTACT_INFO: Data Manager:Ken Aikin; email:Kenneth.C.Aikin@noaa.gov
PROJECT_INFO: SENEX 2013 Study; June 1 - July 15  2013
STIPULATIONS_ON_USE: Use of these data require prior ok from PI.
OTHER_COMMENTS:       None
REVISION: RA
RA: Preliminary Data.  For in-field use.
AOCTimewave  Attack  CabinPrs  GndSpd  Heading  Pitch  Roll  Slip  TrueAirSpd
[from data line 12967]
66265.0  1.9  995.7  130.6  280.5  -3.80  -28.08  -0.28  131.2
66266.0  1.8  994.7  130.9  278.7  -3.79  -28.93  -0.64  131.8
66267.0  1.4  994.7  131.2  276.7  -3.88  -29.22  -0.99  132.1
66268.0  1.6  995.1  131.5  273.9  -4.10  -30.07  -0.76  131.5
66269.0  1.7  995.4  131.8  271.1  -4.32  -30.35  0.05  131.7
66270.0  1.8  995.2  132.1  268.9  -4.45  -30.55  -0.26  131.9
66271.0  1.5  994.9  132.5  267.1  -4.88  -30.48  -0.44  132.0
66272.0  1.4  995.0  132.9  265.0  -5.17  -29.96  -0.38  132.6
66273.0  1.6  995.1  133.4  262.7  -5.20  -29.60  -0.38  132.8
66274.0  1.6  994.8  133.8  260.4  -5.10  -29.32  -0.45  132.9
66275.0  1.8  995.2  134.4  258.0  -4.95  -28.87  -0.54  132.9
66276.0  1.8  994.8  134.9  255.6  -4.88  -28.51  -0.41  133.5
66277.0  1.7  994.5  135.3  253.2  -4.76  -28.21  -0.33  134.1
66278.0  1.9  994.7  135.8  250.8  -4.50  -28.07  -0.37  134.5
66279.0  1.8  994.7  136.2  248.6  -4.19  -27.88  -0.51  134.4
66280.0  1.8  994.8  136.5  246.2  -3.92  -27.61  -0.41  134.2
66281.0  1.8  994.1  136.8  243.8  -3.65  -27.41  -0.34  134.6
66282.0  1.6  995.4  136.9  241.6  -3.29  -27.28  -0.21  135.3
66283.0  1.9  994.7  137.0  239.4  -2.73  -27.35  -0.19  134.4
66284.0  1.8  994.9  137.1  237.3  -2.24  -27.55  -0.58  134.2
66285.0  1.6  994.5  137.0  235.2  -2.24  -30.29  -0.75  134.7
66286.0  1.5  995.2  137.0  232.7  -2.25  -34.22  -0.91  134.6
66287.0  1.7  994.5  136.9  229.7  -2.18  -36.54  -0.85  134.4
66288.0  1.8  994.6  136.9  226.4  -2.21  -36.66  -0.61  134.0
66289.0  1.9  994.8  136.8  223.2  -2.26  -36.57  -0.39  133.7
66290.0  1.9  994.4  136.7  220.3  -2.18  -36.64  -0.46  133.5
66291.0  1.9  994.0  136.6  217.5  -2.12  -37.36  -0.62  133.4
66292.0  1.8  994.6  136.6  214.6  -2.17  -38.23  -0.86  133.3
66293.0  1.8  994.4  136.5  211.5  -2.45  -38.86  -0.77  133.0
66294.0  1.7  994.4  136.5  208.3  -2.81  -39.41  -0.60  132.8
66295.0  1.7  994.4  136.5  205.2  -3.08  -40.22  -0.50  132.8
66296.0  1.6  994.4  136.5  202.2  -3.27  -40.58  -0.88  132.3
66297.0  1.8  994.5  136.5  198.9  -3.68  -39.86  -0.91  132.4
66298.0  1.7  994.3  136.6  195.7  -4.38  -39.11  -0.38  133.2
66299.0  1.7  993.9  136.8  192.7  -4.69  -38.89  -0.28  133.5
66300.0  1.5  994.5  137.0  190.0  -4.68  -38.83  -0.72  133.3
66301.0  1.5  994.2  137.2  187.1  -4.81  -38.13  -0.90  132.7
66302.0  1.8  994.0  137.4  183.8  -5.08  -37.61  -0.96  133.2
66303.0  1.8  994.6  137.7  180.4  -5.46  -37.26  -0.21  132.8
66304.0  1.9  994.0  138.0  177.6  -5.46  -37.30  -0.44  133.9
66305.0  1.7  995.1  138.4  174.9  -5.32  -37.34  -0.44  134.7
66306.0  1.6  994.0  138.7  172.1  -5.17  -37.35  -1.01  134.8
66307.0  1.7  994.4  138.9  168.9  -5.34  -37.41  -0.73  134.9
66308.0  1.5  993.7  139.2  165.5  -5.50  -37.80  -0.62  135.5
66309.0  1.8  993.8  139.4  162.3  -5.48  -38.47  -0.17  135.7
66310.0  1.7  994.4  139.6  159.3  -5.05  -39.02  -0.63  135.8
66311.0  2.0  993.6  139.8  156.1  -4.60  -38.03  -0.79  135.9
66312.0  2.0  994.5  140.0  152.8  -4.49  -37.06  -0.69  136.1
66313.0  1.9  993.4  140.1  149.5  -4.40  -36.28  -0.54  136.2
66314.0  1.7  993.8  140.2  146.4  -4.16  -35.63  -0.39  135.9
66315.0  1.9  994.0  140.2  143.4  -3.72  -35.08  -0.51  136.0
66316.0  2.0  994.0  140.1  140.5  -3.26  -34.61  -0.20  135.9
66317.0  1.5  993.5  140.0  138.1  -3.12  -34.70  -0.60  136.3
66318.0  1.4  994.2  139.8  135.6  -3.21  -35.17  -0.83  136.6
66319.0  1.6  994.0  139.7  132.4  -2.95  -35.44  -0.63  136.2
66320.0  1.7  994.1  139.4  129.2  -2.73  -36.14  -0.39  136.3
66321.0  1.7  993.4  139.1  126.2  -2.35  -36.81  -0.47  136.4
66322.0  1.4  993.7  138.8  123.5  -2.31  -37.83  -0.61  136.3
66323.0  1.8  993.4  138.4  120.6  -2.45  -38.76  -0.61  136.1
66324.0  1.5  993.1  138.2  117.4  -2.39  -39.41  -0.53  135.7
66325.0  1.7  994.4  137.8  114.2  -2.27  -39.94  -0.70  136.2
66326.0  1.7  993.6  137.5  110.7  -2.11  -39.56  -0.82  134.9
66327.0  1.7  993.5  137.1  107.0  -2.29  -38.84  -0.65  133.7
66328.0  1.8  994.0  136.7  103.6  -2.47  -37.44  0.24  133.7
66329.0  2.0  993.2  136.4  101.1  -2.34  -36.99  -0.54  133.7
66330.0  1.1  993.2  136.1  98.8  -2.63  -35.82  -0.99  133.8
66331.0  1.1  993.7  135.8  95.6  -3.14  -34.76  -0.09  132.3
66332.0  1.4  993.6  135.5  92.8  -3.19  -35.49  -0.30  132.2
66333.0  1.4  993.4  135.2  90.3  -3.26  -36.71  -0.86  131.7
66334.0  1.4  993.5  135.0  87.5  -3.62  -37.59  -1.09  131.6
66335.0  1.6  993.6  134.8  84.0  -4.03  -38.00  -0.48  131.4
66336.0  2.3  993.5  134.7  80.5  -3.75  -37.87  -0.43  131.4
66337.0  1.6  993.3  134.5  77.6  -3.86  -37.69  -0.49  131.0
66338.0  1.5  993.6  134.3  74.8  -3.92  -36.82  -0.62  130.9
66339.0  2.1  993.3  134.1  71.3  -3.43  -35.72  -0.71  131.4
66340.0  2.0  992.9  133.9  68.2  -3.42  -35.16  -0.49  131.7
66341.0  1.6  992.9  133.6  65.3  -3.54  -35.13  -0.41  131.9
66342.0  1.5  993.6  133.4  62.7  -3.75  -35.75  -0.49  131.6
66343.0  1.1  993.3  133.1  60.2  -4.19  -36.21  -0.72  131.8
66344.0  1.3  993.4  132.9  57.6  -4.91  -36.84  -0.70  132.2
66345.0  1.5  993.0  132.8  54.5  -5.19  -37.38  -0.68  132.0
66346.0  1.5  992.6  132.7  51.3  -5.36  -38.29  -0.62  133.0
66347.0  1.4  994.1  132.6  48.2  -5.52  -39.12  -0.68  132.4
66348.0  1.7  993.4  132.5  44.7  -5.35  -39.57  -0.42  132.3
66349.0  2.2  992.6  132.3  41.0  -4.54  -39.02  -0.66  132.3
66350.0  2.1  993.8  132.2  37.8  -4.34  -37.53  -0.71  132.7
66351.0  1.5  993.3  132.0  34.8  -4.78  -36.33  -0.38  133.0
66352.0  1.4  992.9  131.9  32.0  -4.98  -37.05  -0.53  133.3
66353.0  1.8  993.4  131.7  28.8  -4.64  -37.64  -0.57  134.2
66354.0  2.1  993.6  131.6  25.1  -3.85  -36.74  -0.72  133.1
66355.0  2.2  992.8  131.4  21.6  -3.25  -34.78  -0.62  132.9
66356.0  1.7  993.5  131.1  18.6  -3.34  -34.01  -0.19  132.6
66357.0  1.5  993.5  130.7  16.1  -3.34  -34.61  -0.38  132.2
66358.0  1.5  992.8  130.4  13.5  -3.17  -36.23  -0.76  132.4
66359.0  2.2  993.5  130.0  10.1  -2.60  -37.19  -0.65  132.3
66360.0  2.3  993.1  129.6  6.4  -1.76  -35.90  -0.52  132.1
66361.0  1.9  993.2  129.1  3.3  -1.52  -34.88  -0.71  131.7
66362.0  1.9  992.8  128.6  0.0  -1.39  -35.42  -0.59  130.3
66363.0  2.3  993.4  128.0  356.5  -0.81  -36.10  -0.63  129.7
66364.0  2.4  993.2  127.3  353.0  -0.27  -36.38  -0.83  128.6
66365.0  2.0  993.6  126.5  349.5  -0.10  -36.19  -0.38  127.9
66366.0  2.7  993.2  125.6  345.9  1.01  -35.01  -0.25  127.5
66367.0  2.3  993.0  124.6  343.1  1.42  -34.48  -0.88  126.6
66368.0  2.0  993.6  123.7  340.3  1.27  -35.27  -1.13  125.3
66369.0  2.0  993.2  122.8  337.0  0.64  -36.83  -0.53  124.8
66370.0  1.9  993.3  122.0  333.9  0.33  -36.91  -0.06  124.1
66371.0  1.6  993.2  121.2  331.4  0.11  -36.74  -0.46  123.6
66372.0  2.7  993.0  120.5  328.3  0.71  -36.09  -1.50  121.6
66373.0  2.3  993.4  119.9  325.2  -0.13  -35.67  -0.99  120.8
66374.0  1.6  993.6  119.4  322.0  -1.31  -29.98  0.11  119.5
66375.0  2.2  993.5  118.9  319.2  -1.28  -20.16  1.10  119.7
66376.0  2.6  992.8  118.5  317.4  0.44  -10.59  1.68  119.3
66377.0  3.1  993.3  117.8  317.4  2.37  -3.42  1.41  118.8
66378.0  2.7  993.5  116.9  318.3  3.15  0.75  0.51  118.6
66379.0  2.5  993.3  115.9  319.3  3.47  2.81  -0.09  117.6
66380.0  2.7  993.1  114.9  319.6  3.83  2.87  0.35  116.6
66381.0  1.0  992.5  114.0  319.8  2.66  1.44  0.04  114.7
66382.0  1.1  993.4  113.5  319.7  2.58  0.05  -0.51  114.8
66383.0  1.9  994.2  113.0  318.8  3.07  -0.77  0.68  114.6
66384.0  2.0  993.4  112.6  318.3  3.28  -1.37  0.62  115.3
66385.0  1.7  993.1  112.3  318.2  3.11  -1.14  0.87  115.1
66386.0  2.0  993.7  112.1  318.3  3.14  0.01  0.45  114.9
66387.0  1.8  993.3  112.1  318.1  2.94  1.12  0.70  114.6
66388.0  1.1  993.1  112.1  317.9  1.91  1.13  0.83  115.2
66389.0  1.7  993.4  112.3  317.9  1.59  1.10  0.61  115.5
66390.0  1.6  993.3  112.6  317.8  1.49  1.16  0.88  116.2
66391.0  1.3  993.3  112.8  317.7  1.09  0.91  1.35  116.5
66392.0  1.1  993.1  113.0  318.0  0.78  0.18  0.38  116.4
66393.0  1.4  993.6  113.2  318.1  0.98  -0.20  0.35  116.4
66394.0  1.8  993.2  113.4  317.6  1.38  -0.66  1.34  117.0
66395.0  1.9  993.1  113.5  317.5  1.51  -1.95  1.22  117.5
66396.0  2.0  993.5  113.5  317.9  1.90  -3.28  0.24  117.4
66397.0  1.9  993.6  113.5  318.1  1.99  -4.29  -0.61  116.3
66398.0  2.2  993.1  113.5  317.6  2.56  -3.82  -0.02  116.0
66399.0  2.8  993.3  113.3  317.1  3.56  -2.13  0.25  115.3
66400.0  2.3  993.4  113.1  317.2  3.73  -0.60  -0.07  115.0
66401.0  0.9  992.9  112.8  317.3  3.01  2.22  0.26  115.6
66402.0  1.6  993.8  112.7  317.6  3.18  6.02  -0.10  115.1
66403.0  2.0  993.5  112.5  317.9  3.52  8.59  0.32  114.7
66404.0  1.8  993.2  112.2  318.6  3.47  8.55  0.17  115.4
66405.0  1.6  993.3  112.1  319.5  2.78  9.84  -0.20  115.1
66406.0  1.5  993.5  112.0  320.2  2.23  11.60  0.30  114.6
66407.0  1.0  993.2  112.1  320.8  1.06  12.51  0.22  114.7
66408.0  1.8  993.4  112.3  322.0  1.16  13.12  0.11  114.8
66409.0  1.8  993.5  112.4  323.2  1.46  13.84  0.43  114.9
66410.0  2.5  993.6  112.5  324.7  1.94  13.66  -0.28  114.8
66411.0  2.6  993.5  112.6  326.0  2.10  13.60  -0.27  115.3
66412.0  2.0  993.4  112.6  327.0  1.90  13.77  -0.23  114.7
66413.0  1.6  993.2  112.7  327.8  1.96  11.88  -0.74  115.3
66414.0  1.6  993.8  112.7  328.4  2.10  10.34  -0.33  116.2
66415.0  1.5  993.0  112.7  328.8  2.14  11.92  0.42  116.0
66416.0  2.3  993.4  112.7  329.9  2.87  12.90  0.95  115.1
66417.0  2.6  993.4  112.6  331.8  3.30  12.23  0.31  114.7
66418.0  2.1  992.9  112.5  333.4  2.70  12.17  -0.18  115.2
66419.0  2.1  993.2  112.4  334.5  2.27  12.58  -0.31  115.1
66420.0  2.0  993.1  112.5  335.4  1.95  12.48  0.06  114.5
66421.0  2.0  993.5  112.5  336.6  1.69  12.43  -0.02  115.6
66422.0  1.5  993.2  112.6  337.7  1.39  11.37  -0.48  116.0
66423.0  1.3  993.3  112.7  338.5  1.40  11.78  -0.61  115.8
66424.0  1.8  993.1  112.8  339.2  1.72  11.81  -0.04  115.4
66425.0  1.6  993.0  112.9  340.1  1.49  11.54  -0.26  115.4
66426.0  1.4  993.3  113.0  341.0  1.40  11.74  -0.46  115.8
66427.0  1.9  992.8  113.1  341.7  1.70  10.87  -0.30  116.2
66428.0  1.7  993.3  113.2  342.5  1.60  8.94  -0.46  116.2
66429.0  1.7  993.3  113.3  343.0  1.60  8.03  -0.52  116.1
66430.0  1.9  993.0  113.4  343.4  1.66  6.99  -0.15  115.6
66431.0  1.9  993.2  113.5  343.9  1.69  6.25  -0.01  115.7
66432.0  2.0  993.2  113.6  344.5  1.74  5.02  -0.08  116.2
66433.0  1.7  992.5  113.6  345.0  1.62  0.11  -0.73  116.3
66434.0  1.8  992.8  113.7  344.8  1.77  -4.66  -0.79  116.8
66435.0  1.6  993.3  113.7  344.1  1.82  -5.70  -0.46  117.1
66436.0  2.0  993.1  113.7  343.5  2.12  -5.10  -0.37  116.9
66437.0  2.0  992.7  113.6  343.0  2.02  -4.94  -0.06  118.0
66438.0  1.6  993.0  113.6  342.7  1.74  -5.27  -0.14  118.2
66439.0  1.7  992.9  113.6  342.4  1.80  -5.47  -0.18  118.5
66440.0  1.5  993.1  113.6  342.2  1.74  -5.18  -0.07  117.3
66441.0  1.6  993.0  113.6  342.0  1.80  -4.96  -0.33  117.5
66442.0  1.5  993.2  113.6  341.6  1.81  -5.29  -0.39  117.4
66443.0  1.8  993.1  113.6  341.3  1.89  -5.17  0.02  117.4
66444.0  1.3  993.3  113.6  341.2  1.72  -5.38  -0.79  118.0
66445.0  2.0  993.1  113.6  340.6  1.77  -4.43  -1.35  117.2
66446.0  1.9  993.3  113.6  339.7  1.60  -4.58  0.23  116.7
66447.0  1.6  992.8  113.7  339.6  1.41  -5.75  0.17  117.4
66448.0  1.8  993.4  113.8  339.5  1.29  -5.17  -0.44  117.0
66449.0  1.5  993.0  113.9  339.2  1.06  -4.96  -0.34  116.4
66450.0  1.5  993.0  114.0  338.9  1.09  -4.90  -0.41  117.3
66451.0  1.4  992.9  114.1  338.4  1.20  -5.24  -0.64  118.3
66452.0  1.2  993.3  114.2  337.8  1.29  -5.38  -0.54  117.8
66453.0  1.6  993.4  114.2  337.2  1.59  -5.16  -0.21  117.4
66454.0  1.6  993.2  114.2  336.8  1.54  -5.29  -0.34  117.4
66455.0  1.7  993.3  114.3  336.5  1.51  -4.82  -0.55  117.4
66456.0  1.6  992.9  114.3  336.0  1.49  -2.24  -0.47  117.6
66457.0  1.7  993.3  114.4  335.7  1.52  1.54  -0.39  117.9
66458.0  1.5  993.3  114.4  335.7  1.53  5.60  0.31  117.7
66459.0  1.8  993.1  114.5  336.5  1.66  9.48  0.25  117.4
66460.0  1.8  993.1  114.5  337.6  1.67  12.56  -0.06  117.6
66461.0  1.8  993.4  114.6  338.8  1.77  13.83  -0.24  117.5
66462.0  1.7  993.2  114.6  340.1  1.77  15.21  0.14  116.4
66463.0  2.1  993.6  114.7  341.6  1.97  17.06  0.26  117.4
66464.0  2.1  992.8  114.7  343.4  1.87  18.35  0.48  117.2
66465.0  1.6  992.9  114.7  345.6  1.72  18.78  -0.08  116.4
66466.0  2.2  992.9  114.8  347.5  1.96  18.98  -0.75  117.1
66467.0  2.1  992.5  114.7  348.9  1.98  19.95  -0.19  117.2
66468.0  2.1  993.0  114.8  350.5  1.77  20.74  -0.11  115.1
66469.0  2.0  992.9  114.9  352.2  1.45  20.63  0.39  115.2
66470.0  2.0  992.6  115.0  354.4  1.34  21.13  -0.36  116.6
66471.0  1.5  992.8  115.1  356.3  1.42  21.71  -0.42  118.1
66472.0  1.8  992.6  115.2  358.1  1.72  20.46  -0.65  117.8
66473.0  1.5  992.8  115.2  359.6  1.72  20.03  -0.64  117.9
66474.0  1.7  992.8  115.2  1.0  1.81  16.44  -0.45  116.8
66475.0  1.7  992.8  115.2  2.1  1.60  10.49  -0.78  117.1
66476.0  1.9  992.9  115.3  2.7  1.43  4.87  -0.80  116.8
66477.0  1.6  992.8  115.4  2.8  1.33  -0.51  -1.18  117.0
66478.0  1.8  993.0  115.5  2.2  1.51  -3.93  -0.95  116.3
66479.0  1.4  993.3  115.5  1.4  1.60  -4.15  -0.14  116.7
66480.0  1.8  992.7  115.5  1.0  2.11  -4.56  0.16  117.1
66481.0  1.9  993.3  115.4  0.9  2.34  -5.10  -0.39  117.0
66482.0  1.9  992.7  115.3  0.5  2.28  -4.98  -0.42  116.4
66483.0  1.7  993.2  115.3  0.1  2.27  -5.22  -0.29  116.4
66484.0  1.9  992.7  115.2  359.8  2.48  -4.91  -0.39  116.3
66485.0  1.8  992.9  115.1  359.5  2.48  -4.88  -0.33  116.3
66486.0  1.8  993.0  114.9  359.2  2.55  -4.82  -0.61  116.8
66487.0  1.8  992.6  114.8  358.8  2.59  -4.56  -0.85  117.0
66488.0  1.8  992.9  114.7  358.1  2.61  -4.58  -0.83  116.6
66489.0  1.9  992.8  114.5  357.5  2.64  -4.74  -0.56  116.4
66490.0  2.0  992.6  114.4  357.0  2.57  -4.53  -0.33  116.0
66491.0  1.8  993.0  114.3  356.8  2.37  -3.86  -0.40  115.6
66492.0  1.5  992.9  114.2  356.5  2.36  -3.87  -0.44  115.8
66493.0  1.7  992.6  114.1  356.2  2.51  -4.37  0.00  115.4
66494.0  1.9  992.9  114.0  356.2  2.70  -4.78  -0.27  115.3
66495.0  2.0  992.7  113.9  356.0  2.56  -4.78  -0.65  114.8
66496.0  1.6  993.1  113.9  355.5  2.32  -4.45  -0.80  115.1
66497.0  1.6  992.9  113.8  354.9  2.43  -3.47  -0.27  115.3
66498.0  1.9  992.8  113.7  354.7  2.54  -1.04  -0.28  115.5
66499.0  1.8  992.7  113.6  354.7  2.45  1.23  -0.18  115.5
66500.0  1.9  992.8  113.6  355.0  2.42  2.13  -0.29  115.3
66501.0  1.7  992.8  113.5  355.3  2.30  1.38  -0.21  115.6
66502.0  1.9  992.9  113.4  355.7  2.40  0.93  -0.41  116.6
66503.0  1.8  992.6  113.4  355.8  2.26  1.77  -0.40  116.7
66504.0  1.6  992.4  113.3  356.0  2.05  2.29  -0.36  116.7
66505.0  1.7  992.5  113.3  356.2  2.09  0.93  -0.56  116.3
66506.0  1.6  993.0  113.3  356.4  2.02  -0.48  -0.67  116.3
66507.0  1.8  992.7  113.2  356.2  2.06  -0.76  -0.40  116.2
66508.0  1.8  992.3  113.2  356.2  2.08  -0.74  -0.46  115.9
66509.0  1.6  992.6  113.2  356.1  1.89  -0.40  -0.51  115.6
66510.0  1.9  992.3  113.2  356.1  1.97  -0.08  -0.20  115.5
66511.0  1.9  992.6  113.2  356.2  1.87  0.16  -0.18  115.1
66512.0  1.7  992.4  113.3  356.5  1.76  0.12  -0.47  115.0
66513.0  1.7  992.8  113.3  356.5  1.86  -0.56  -0.73  115.1
66514.0  1.8  992.7  113.4  356.3  1.85  -0.66  -0.28  114.9
66515.0  2.2  992.6  113.4  356.4  2.02  -0.61  0.03  114.6
66516.0  1.8  992.8  113.4  356.6  1.67  -0.31  -0.70  115.4
66517.0  1.8  992.9  113.5  356.6  1.63  -0.04  -0.95  115.4
66518.0  2.0  992.9  113.6  356.3  1.56  0.27  -0.61  115.3
66519.0  1.7  992.3  113.7  356.2  1.43  0.12  -0.58  114.8
66520.0  2.2  992.9  113.8  356.1  1.46  -0.25  -0.36  114.9
66521.0  2.0  992.7  114.0  356.2  1.32  -0.19  -0.12  115.0
66522.0  1.5  993.2  114.1  356.5  0.91  -0.49  -0.12  116.5
66523.0  1.3  992.6  114.3  356.7  0.93  -0.52  -0.43  116.3
66524.0  1.6  992.3  114.4  356.8  1.11  -0.04  -0.77  117.3
