flight/WP3D/AircraftMis_NP3_20130702_RA.ict
41  1001
Ken Aikin
NOAA ESRL Chemical Sciences Division
various aircraft sensors
SENEX 2013
1  1
2013  07  02  2013  07  02
1
AOCTimewave
8
1  1  1  1  1  1  1  1
-9999  -9999  -9999  -9999  -9999  -9999  -9999  -9999
Attack  deg
CabinPrs  mbar
GndSpd  m/s
Heading  deg
Pitch  deg
Roll  deg
Slip  deg
TrueAirSpd  m/s
1
SPECIAL COMMENTS:Birmingham PP night flight.
18
PI_CONTACT_INFO: Address: NOAA ESRL Chemical Sciences Division  Mail Stop R/CSD7  325 Broadway  Boulder  CO 80305
PLATFORM: NOAA WP-3D
LOCATION: The aircraft was stationed in  Smyrna  Tennessee. Aircraft location information in AircraftPosition file.
ASSOCIATED_DATA: N/A
INSTRUMENT_INFO: N/A
DATA_INFO: Units: Attack degrees; CabinPrs millibar; GndSpd m/s; Heading degrees; Pitch degrees; Roll degrees; Slip degrees; TrueAirSpd m/s
UNCERTAINTY: N/A
ULOD_FLAG: -7777
ULOD_VALUE: N/A
LLOD_FLAG: -8888
LLOD_VALUE: N/A
DM_CONTACT_INFO: Data Manager:Ken Aikin; email:Kenneth.C.Aikin@noaa.gov
PROJECT_INFO: SENEX 2013 Study; June 1 - July 15  2013
STIPULATIONS_ON_USE: Use of these data require prior ok from PI.
OTHER_COMMENTS:       None
REVISION: RA
RA: Preliminary Data.  For in-field use.
AOCTimewave  Attack  CabinPrs  GndSpd  Heading  Pitch  Roll  Slip  TrueAirSpd
[from data line 12168]
16286.0  2.0  980.8  118.5  180.6  2.00  -0.31  -0.42  115.7
16287.0  2.0  981.3  118.5  180.6  2.04  -0.30  -0.44  115.6
16288.0  2.0  980.6  118.5  180.6  2.02  -0.30  -0.45  115.7
16289.0  2.0  981.2  118.5  180.6  1.99  -0.30  -0.47  115.7
16290.0  2.0  980.9  118.5  180.6  1.98  -0.35  -0.50  115.7
16291.0  2.0  981.2  118.5  180.6  1.96  -0.39  -0.49  115.6
16292.0  2.0  981.2  118.5  180.6  1.99  -0.35  -0.48  115.7
16293.0  2.0  980.9  118.5  180.6  1.92  -0.28  -0.46  115.7
16294.0  2.1  981.5  118.5  180.6  2.00  -0.27  -0.48  115.7
16295.0  2.0  980.9  118.5  180.6  2.04  -0.31  -0.52  115.7
16296.0  2.0  981.3  118.5  180.6  1.94  -0.34  -0.50  115.7
16297.0  2.0  981.4  118.5  180.6  1.94  -0.34  -0.50  115.6
16298.0  2.0  981.0  118.5  180.6  1.93  -0.31  -0.44  115.6
16299.0  1.9  981.5  118.5  180.6  1.84  -0.32  -0.44  115.7
16300.0  2.0  981.1  118.6  180.6  1.89  -0.37  -0.40  115.6
16301.0  2.0  981.1  118.6  180.6  1.97  -0.33  -0.43  115.7
16302.0  2.0  981.0  118.6  180.7  1.96  -0.27  -0.44  115.7
16303.0  1.9  980.9  118.6  180.7  1.85  -0.34  -0.47  115.7
16304.0  2.0  981.2  118.6  180.7  1.92  -0.45  -0.46  115.7
16305.0  2.0  981.1  118.6  180.7  1.93  -0.45  -0.51  115.7
16306.0  2.0  980.8  118.6  180.6  1.92  -0.39  -0.48  115.7
16307.0  2.1  981.4  118.6  180.6  2.03  -0.35  -0.43  115.7
16308.0  2.0  980.7  118.6  180.6  1.94  -0.36  -0.42  115.8
16309.0  2.0  981.1  118.7  180.6  1.94  -0.36  -0.44  115.8
16310.0  2.0  981.5  118.7  180.7  1.99  -0.36  -0.45  115.7
16311.0  2.0  980.9  118.7  180.7  1.95  -0.38  -0.47  115.7
16312.0  2.0  981.2  118.7  180.7  1.97  -0.37  -0.48  115.8
16313.0  2.0  981.3  118.7  180.7  1.95  -0.38  -0.48  115.7
16314.0  2.0  981.0  118.7  180.6  1.96  -0.42  -0.48  115.7
16315.0  2.0  981.1  118.7  180.6  1.96  -0.43  -0.49  115.8
16316.0  2.0  981.5  118.7  180.6  1.91  -0.39  -0.53  115.9
16317.0  2.1  980.9  118.7  180.6  2.03  -0.30  -0.48  115.8
16318.0  2.0  980.7  118.7  180.6  2.02  -0.21  -0.49  115.9
16319.0  2.0  981.5  118.7  180.6  1.92  -0.20  -0.47  115.9
16320.0  2.0  981.0  118.7  180.5  1.90  -0.28  -0.43  115.9
16321.0  2.0  980.8  118.7  180.6  1.92  -0.23  -0.44  115.8
16322.0  2.0  981.3  118.7  180.6  1.90  -0.18  -0.43  115.8
16323.0  2.0  980.9  118.7  180.6  1.90  -0.19  -0.44  115.8
16324.0  2.0  981.0  118.8  180.6  1.82  -0.30  -0.46  115.8
16325.0  2.0  981.4  118.8  180.6  1.88  -0.37  -0.48  115.8
16326.0  2.0  981.0  118.8  180.6  1.84  -0.40  -0.46  115.8
16327.0  2.0  980.9  118.8  180.6  1.85  -0.42  -0.46  115.8
16328.0  2.0  981.6  118.8  180.6  1.87  -0.36  -0.47  115.8
16329.0  2.0  981.0  118.9  180.6  1.80  -0.33  -0.48  115.8
16330.0  2.0  980.8  118.9  180.6  1.83  -0.32  -0.48  115.8
16331.0  2.0  981.3  118.9  180.6  1.86  -0.35  -0.48  115.8
16332.0  2.0  980.8  118.9  180.6  1.85  -0.39  -0.49  115.9
16333.0  2.0  980.9  119.0  180.6  1.81  -0.38  -0.44  115.9
16334.0  2.0  981.2  119.0  180.6  1.84  -0.33  -0.43  115.9
16335.0  2.0  980.9  119.0  180.6  1.88  -0.30  -0.46  115.9
16336.0  2.0  980.9  119.0  180.6  1.84  -0.31  -0.46  115.8
16337.0  2.0  981.3  119.0  180.6  1.88  -0.33  -0.47  115.8
16338.0  2.1  981.0  119.1  180.6  1.93  -0.27  -0.48  115.8
16339.0  2.0  981.2  119.1  180.5  1.92  -0.24  -0.47  116.0
16340.0  1.9  981.3  119.1  180.5  1.87  -0.26  -0.43  116.3
16341.0  2.0  981.5  119.1  180.5  1.88  -0.25  -0.42  116.3
16342.0  2.0  980.8  119.1  180.6  1.88  -0.26  -0.43  116.4
16343.0  1.9  980.8  119.1  180.6  1.89  -0.29  -0.47  116.5
16344.0  2.0  981.0  119.1  180.6  1.91  -0.26  -0.50  116.6
16345.0  1.9  981.0  119.1  180.6  1.85  -0.21  -0.48  116.6
16346.0  1.9  981.0  119.1  180.6  1.83  -0.28  -0.40  116.7
16347.0  2.0  981.3  119.1  180.6  1.90  -0.26  -0.46  116.8
16348.0  1.9  981.3  119.1  180.6  1.84  -0.20  -0.42  116.8
16349.0  1.9  981.4  119.1  180.6  1.75  -0.32  -0.39  116.8
16350.0  2.0  980.8  119.1  180.6  1.73  -0.45  -0.28  116.7
16351.0  2.0  981.0  119.1  180.7  1.73  -0.45  -0.26  116.5
16352.0  1.9  981.2  119.2  180.8  1.59  -0.47  -0.30  116.3
16353.0  1.9  980.8  119.2  180.9  1.60  -0.62  -0.34  116.1
16354.0  1.9  981.3  119.3  181.0  1.62  -0.84  -0.44  116.1
16355.0  1.9  980.9  119.3  181.0  1.60  -1.00  -0.41  116.2
16356.0  1.8  980.9  119.4  181.0  1.65  -1.02  -0.40  116.2
16357.0  2.0  981.1  119.4  181.0  1.70  -0.91  -0.41  116.5
16358.0  1.8  981.1  119.5  181.0  1.67  -0.97  -0.44  116.2
16359.0  1.9  981.0  119.5  181.0  1.78  -0.95  -0.66  116.3
16360.0  2.1  980.8  119.5  180.8  1.83  -0.89  -0.61  116.3
16361.0  2.0  981.6  119.5  180.7  1.80  -0.95  -0.45  116.3
16362.0  1.9  981.0  119.6  180.7  1.82  -0.89  -0.43  116.2
16363.0  1.8  980.8  119.6  180.7  1.81  -0.26  -0.43  116.3
16364.0  1.9  981.1  119.6  180.7  1.88  -0.02  -0.43  116.4
16365.0  2.0  981.2  119.6  180.7  2.04  -0.04  -0.55  116.5
16366.0  2.0  981.3  119.5  180.7  2.03  -0.10  -0.59  116.6
16367.0  1.9  980.8  119.5  180.7  1.98  -0.15  -0.56  116.6
16368.0  2.0  980.6  119.5  180.6  2.05  -0.18  -0.46  116.5
16369.0  2.0  980.9  119.5  180.6  2.07  -0.22  -0.36  116.5
16370.0  1.9  981.4  119.4  180.7  2.05  -0.08  -0.36  116.5
16371.0  2.0  981.0  119.4  180.8  2.08  -0.01  -0.39  116.5
16372.0  1.9  980.9  119.4  180.8  2.01  -0.14  -0.46  116.4
16373.0  1.9  981.0  119.4  180.9  2.00  -0.33  -0.52  116.5
16374.0  1.9  981.5  119.3  180.8  1.99  -0.45  -0.48  116.4
16375.0  1.9  981.0  119.3  180.8  2.03  -0.46  -0.44  116.4
16376.0  1.9  981.0  119.3  180.8  2.05  -0.46  -0.49  116.3
16377.0  1.9  981.6  119.3  180.8  2.07  -0.45  -0.48  116.2
16378.0  1.9  980.9  119.3  180.8  2.04  -0.46  -0.45  116.2
16379.0  2.0  981.2  119.2  180.8  2.09  -0.44  -0.46  116.1
16380.0  1.9  980.8  119.2  180.8  2.05  -0.37  -0.48  116.2
16381.0  1.9  980.7  119.2  180.8  2.00  -0.24  -0.51  116.2
16382.0  2.0  981.2  119.2  180.8  2.01  -0.29  -0.46  116.2
16383.0  2.0  980.8  119.2  180.8  2.04  -0.32  -0.48  116.1
16384.0  2.0  980.7  119.2  180.8  2.03  -0.25  -0.48  116.0
16385.0  2.0  981.2  119.1  180.8  2.02  -0.24  -0.45  115.9
16386.0  2.0  980.9  119.1  180.8  2.03  -0.26  -0.47  115.9
16387.0  2.0  981.2  119.1  180.8  1.99  -0.29  -0.48  116.0
16388.0  2.0  980.9  119.1  180.8  1.98  -0.33  -0.45  116.1
16389.0  2.0  981.1  119.1  180.8  1.97  -0.37  -0.47  116.0
16390.0  2.0  981.3  119.1  180.8  2.03  -0.35  -0.49  116.0
16391.0  2.0  981.1  119.1  180.8  2.05  -0.29  -0.51  116.1
16392.0  1.9  980.9  119.1  180.8  1.94  -0.26  -0.47  116.1
16393.0  1.9  981.2  119.1  180.8  1.94  -0.34  -0.46  116.0
16394.0  2.0  980.7  119.1  180.8  2.00  -0.40  -0.48  115.9
16395.0  2.0  980.7  119.0  180.8  1.98  -0.33  -0.48  116.0
16396.0  1.9  981.1  119.1  180.8  1.85  -0.22  -0.48  115.9
16397.0  2.0  980.9  119.1  180.8  1.96  -0.19  -0.46  115.9
16398.0  2.0  981.3  119.1  180.8  1.94  -0.23  -0.47  115.8
16399.0  1.9  981.0  119.1  180.8  1.86  -0.32  -0.46  115.8
16400.0  2.0  981.4  119.1  180.8  1.94  -0.35  -0.47  115.8
16401.0  2.0  980.8  119.1  180.8  1.89  -0.29  -0.47  115.8
16402.0  2.0  981.1  119.1  180.8  1.93  -0.22  -0.46  115.7
16403.0  2.0  981.0  119.2  180.8  1.90  -0.20  -0.47  115.8
16404.0  2.0  980.9  119.2  180.8  1.89  -0.22  -0.47  115.9
16405.0  2.0  981.1  119.2  180.8  1.87  -0.26  -0.46  115.9
16406.0  2.0  981.3  119.2  180.8  1.92  -0.30  -0.46  115.9
16407.0  2.0  981.0  119.2  180.8  1.94  -0.28  -0.47  116.0
16408.0  2.0  981.0  119.2  180.8  1.89  -0.24  -0.44  116.0
16409.0  2.0  981.2  119.2  180.8  1.92  -0.22  -0.46  116.0
16410.0  2.0  981.3  119.2  180.8  1.83  -0.27  -0.41  116.1
16411.0  2.0  980.9  119.2  180.9  1.85  -0.42  -0.42  116.1
16412.0  2.0  980.9  119.2  180.9  1.81  -0.50  -0.47  116.0
16413.0  2.0  981.5  119.3  180.9  1.83  -0.51  -0.47  116.1
16414.0  2.0  980.9  119.3  180.9  1.83  -0.53  -0.47  116.1
16415.0  1.9  980.8  119.3  180.9  1.79  -0.57  -0.49  116.1
16416.0  1.9  981.5  119.3  180.8  1.79  -0.56  -0.49  116.1
16417.0  1.9  981.0  119.4  180.8  1.77  -0.56  -0.45  116.1
16418.0  1.9  980.8  119.4  180.8  1.75  -0.58  -0.41  116.1
16419.0  1.9  981.1  119.4  180.8  1.76  -0.52  -0.40  116.2
16420.0  2.0  981.3  119.4  180.8  1.78  -0.37  -0.42  116.2
16421.0  2.0  981.0  119.5  180.8  1.85  -0.32  -0.46  116.2
16422.0  2.0  981.0  119.5  180.9  1.85  -0.36  -0.48  116.2
16423.0  1.9  981.1  119.5  180.9  1.81  -0.43  -0.48  116.3
16424.0  1.9  981.0  119.5  180.9  1.79  -0.51  -0.49  116.3
16425.0  1.9  980.9  119.5  180.8  1.75  -0.56  -0.47  116.1
16426.0  1.9  980.9  119.6  180.8  1.74  -0.55  -0.47  116.1
16427.0  2.0  980.9  119.6  180.8  1.87  -0.46  -0.47  116.2
16428.0  2.0  981.0  119.6  180.8  1.91  -0.37  -0.44  116.4
16429.0  1.9  981.2  119.6  180.8  1.88  -0.46  -0.48  116.5
16430.0  1.9  981.2  119.6  180.8  1.87  -0.44  -0.49  116.3
16431.0  1.9  980.6  119.6  180.8  1.82  -0.34  -0.42  116.3
16432.0  1.9  981.0  119.6  180.9  1.83  -0.40  -0.49  116.3
16433.0  1.9  981.2  119.7  180.8  1.79  -0.41  -0.50  116.4
16434.0  2.0  981.0  119.7  180.8  1.86  -0.44  -0.50  116.4
16435.0  1.9  980.9  119.7  180.8  1.83  -0.45  -0.48  116.2
16436.0  2.0  981.2  119.7  180.8  1.83  -0.41  -0.49  116.2
16437.0  1.9  980.9  119.7  180.8  1.80  -0.37  -0.44  116.0
16438.0  1.9  981.2  119.7  180.8  1.85  -0.36  -0.48  116.1
16439.0  1.9  981.2  119.7  180.8  1.84  -0.37  -0.50  116.1
16440.0  1.9  980.8  119.8  180.8  1.79  -0.35  -0.48  116.1
16441.0  1.9  980.7  119.8  180.8  1.79  -0.33  -0.51  116.1
16442.0  1.9  981.0  119.8  180.7  1.83  -0.37  -0.44  116.1
16443.0  2.0  981.0  119.8  180.7  1.88  -0.41  -0.44  116.2
16444.0  1.9  981.1  119.8  180.8  1.84  -0.28  -0.40  116.1
16445.0  1.9  981.4  119.8  180.8  1.81  -0.25  -0.41  116.2
16446.0  1.9  980.9  119.9  180.8  1.83  -0.28  -0.47  116.4
16447.0  1.9  981.0  119.9  180.9  1.86  0.14  -0.43  116.2
16448.0  1.9  981.0  119.9  180.9  1.82  0.96  -0.37  116.3
16449.0  1.9  981.2  119.9  181.1  1.81  1.14  -0.46  116.3
16450.0  2.0  981.5  119.9  181.2  1.89  0.96  -0.56  116.4
16451.0  1.8  981.1  119.9  181.3  1.82  0.64  -0.52  116.6
16452.0  1.9  980.9  119.9  181.3  1.84  0.48  -0.51  116.8
16453.0  1.8  980.8  119.9  181.4  1.85  0.47  -0.48  116.7
16454.0  1.9  980.7  119.9  181.4  1.88  0.53  -0.35  116.9
16455.0  1.8  980.7  119.9  181.5  1.80  0.29  -0.42  116.6
16456.0  1.9  981.1  119.9  181.6  1.90  0.09  -0.41  116.7
16457.0  1.9  981.0  119.8  181.7  1.89  0.03  -0.44  116.8
16458.0  1.9  981.0  119.8  181.7  1.89  0.03  -0.45  116.7
16459.0  1.8  981.0  119.8  181.8  1.82  -0.08  -0.48  116.8
16460.0  1.8  981.1  119.8  181.8  1.82  -0.23  -0.49  116.8
16461.0  1.9  981.2  119.8  181.8  1.90  -0.28  -0.46  116.8
16462.0  1.9  980.7  119.8  181.8  1.89  -0.31  -0.44  116.7
16463.0  2.0  980.9  119.8  181.8  1.94  -0.32  -0.43  116.7
16464.0  1.9  981.1  119.8  181.8  1.91  -0.30  -0.47  116.7
16465.0  1.9  981.5  119.8  181.8  1.88  -0.24  -0.50  116.7
16466.0  1.9  981.1  119.8  181.8  1.84  -0.25  -0.47  116.7
16467.0  1.9  981.1  119.8  181.8  1.91  -0.35  -0.46  116.7
16468.0  1.9  981.1  119.8  181.8  1.95  -0.34  -0.49  116.8
16469.0  1.9  981.5  119.7  181.8  1.95  -0.29  -0.48  116.7
16470.0  1.9  981.0  119.7  181.8  1.95  -0.38  -0.40  116.7
16471.0  1.9  980.9  119.7  181.8  1.92  -0.39  -0.42  116.7
16472.0  1.9  981.5  119.7  181.8  1.98  -0.23  -0.43  116.5
16473.0  2.0  981.1  119.7  181.9  2.03  -0.24  -0.47  116.6
16474.0  1.9  981.1  119.7  181.9  1.93  -0.34  -0.44  116.7
16475.0  1.9  981.0  119.6  181.9  1.96  -0.39  -0.46  116.8
16476.0  1.9  981.2  119.6  181.9  1.95  -0.32  -0.47  116.7
16477.0  2.0  981.0  119.6  181.9  2.02  0.27  -0.44  116.6
16478.0  1.9  980.7  119.6  182.0  1.91  1.07  -0.40  116.6
16479.0  1.9  981.0  119.6  182.2  1.94  1.08  -0.46  116.7
16480.0  1.9  981.1  119.6  182.3  1.88  0.82  -0.52  116.5
16481.0  1.9  980.7  119.6  182.4  1.86  0.50  -0.53  116.4
16482.0  1.9  981.3  119.5  182.5  1.94  0.33  -0.54  116.7
16483.0  1.9  981.3  119.5  182.5  1.96  0.24  -0.55  116.7
16484.0  1.8  981.1  119.5  182.5  1.91  -0.03  -0.49  116.5
16485.0  1.9  980.9  119.5  182.5  1.97  -0.30  -0.47  116.6
16486.0  1.9  981.0  119.4  182.5  1.99  -0.35  -0.43  116.6
16487.0  1.9  981.4  119.4  182.5  1.98  -0.32  -0.41  116.6
16488.0  1.9  981.0  119.4  182.5  1.96  -0.30  -0.42  116.6
16489.0  2.0  981.1  119.4  182.6  2.01  -0.27  -0.44  116.6
16490.0  1.9  981.6  119.4  182.6  1.92  -0.34  -0.44  116.6
16491.0  1.9  981.1  119.4  182.6  1.96  -0.44  -0.45  116.6
16492.0  2.0  981.2  119.3  182.6  1.99  -0.45  -0.49  116.5
16493.0  1.9  981.5  119.3  182.6  1.96  -0.42  -0.48  116.5
16494.0  1.9  981.3  119.3  182.6  1.94  -0.38  -0.47  116.5
16495.0  1.9  981.0  119.3  182.6  2.00  -0.34  -0.46  116.5
16496.0  1.9  981.4  119.3  182.5  1.91  -0.33  -0.45  116.5
16497.0  2.0  981.6  119.3  182.5  1.97  -0.34  -0.44  116.5
16498.0  1.9  981.1  119.3  182.5  1.94  -0.34  -0.45  116.5
16499.0  1.9  981.2  119.3  182.5  1.93  -0.30  -0.44  116.5
16500.0  2.0  981.2  119.2  182.5  1.99  -0.29  -0.45  116.4
16501.0  1.9  980.9  119.2  182.5  1.97  -0.29  -0.46  116.4
16502.0  1.9  980.9  119.2  182.5  1.97  -0.29  -0.44  116.3
16503.0  2.0  981.3  119.2  182.5  1.99  -0.33  -0.44  116.3
16504.0  1.9  980.9  119.2  182.6  1.95  -0.36  -0.44  116.3
16505.0  2.0  981.4  119.2  182.6  2.01  -0.37  -0.45  116.3
16506.0  1.9  981.3  119.2  182.6  1.97  -0.33  -0.46  116.2
16507.0  1.9  981.2  119.1  182.6  1.95  -0.32  -0.47  116.2
16508.0  1.9  981.3  119.1  182.6  1.95  -0.38  -0.48  116.1
16509.0  2.0  980.8  119.1  182.6  1.99  -0.39  -0.48  116.1
16510.0  1.9  981.4  119.1  182.5  1.93  -0.33  -0.47  116.1
16511.0  2.0  980.8  119.1  182.5  1.96  -0.28  -0.45  116.1
16512.0  2.0  980.9  119.1  182.5  1.94  -0.29  -0.45  116.1
16513.0  2.0  981.5  119.1  182.5  1.95  -0.31  -0.44  116.0
16514.0  1.9  980.8  119.1  182.5  1.94  -0.33  -0.46  116.1
16515.0  1.9  981.0  119.1  182.5  1.89  -0.35  -0.46  116.1
16516.0  2.0  981.2  119.1  182.5  1.96  -0.34  -0.48  116.1
16517.0  1.9  981.3  119.1  182.5  1.88  -0.31  -0.45  116.2
16518.0  2.0  980.8  119.1  182.5  1.89  -0.31  -0.43  116.0
16519.0  2.0  981.3  119.1  182.5  1.91  -0.32  -0.46  116.0
16520.0  1.9  980.9  119.1  182.5  1.85  -0.29  -0.44  116.0
16521.0  2.0  981.3  119.2  182.5  1.84  0.47  -0.37  116.0
16522.0  2.0  980.8  119.2  182.6  1.85  1.25  -0.34  116.0
16523.0  2.0  980.8  119.2  182.8  1.82  1.22  -0.44  116.0
16524.0  2.0  981.2  119.2  183.0  1.78  0.93  -0.52  116.0
16525.0  2.0  981.0  119.2  183.1  1.83  0.63  -0.52  115.9
16526.0  2.0  981.5  119.2  183.1  1.84  0.41  -0.50  115.9
16527.0  1.9  981.0  119.2  183.2  1.77  0.31  -0.47  115.9
16528.0  2.0  981.0  119.3  183.2  1.86  0.32  -0.46  116.0
16529.0  1.9  981.2  119.3  183.3  1.83  0.28  -0.46  116.1
16530.0  2.0  980.9  119.3  183.3  1.87  0.14  -0.47  116.2
16531.0  1.9  981.1  119.3  183.3  1.87  0.01  -0.48  116.2
16532.0  1.9  981.1  119.3  183.4  1.89  0.00  -0.46  116.2
16533.0  1.9  981.6  119.3  183.4  1.90  -0.03  -0.45  116.2
16534.0  2.0  981.2  119.3  183.4  1.90  -0.06  -0.49  116.2
16535.0  2.0  980.9  119.3  183.4  1.93  -0.11  -0.49  116.1
16536.0  2.0  981.1  119.3  183.5  1.86  -0.20  -0.48  116.2
16537.0  2.0  981.4  119.3  183.5  1.80  -0.26  -0.48  116.3
16538.0  2.0  980.7  119.3  183.4  1.85  -0.28  -0.47  116.5
16539.0  1.9  980.9  119.3  183.4  1.81  -0.27  -0.44  116.6
16540.0  1.9  980.9  119.3  183.5  1.84  -0.21  -0.40  116.5
16541.0  1.9  981.0  119.3  183.5  1.82  -0.17  -0.44  116.7
16542.0  1.9  981.3  119.3  183.5  1.79  -0.19  -0.45  116.7
16543.0  1.9  981.5  119.3  183.5  1.83  -0.27  -0.47  116.7
16544.0  1.9  981.4  119.3  183.5  1.90  -0.34  -0.47  116.7
16545.0  1.9  981.4  119.3  183.5  1.85  -0.38  -0.48  116.7
16546.0  1.9  981.4  119.3  183.5  1.96  -0.38  -0.44  116.7
16547.0  1.9  981.2  119.3  183.5  1.86  -0.34  -0.49  116.6
