flight/WP3D/AircraftMet_NP3_20130610_RA.ict
43  1001
Ken Aikin
NOAA ESRL Chemical Sciences Division
various aircraft sensors
SENEX 2013
1  1
2013  06  10  2013  06  10
1
AOCTimewave
10
1  1  1  1  1  1  1  1  1  1
-9999  -9999  -9999  -9999  -9999  -9999  -9999  -9999  -9999  -9999
AmbTemp  C
DewPtTemp  C
DewPtTempTDL  C
H2Omr  g/kg
PotTemp  K
RelHumidity  pct
StaticPrs  mbar
VertWindSpd  m/s
WindDir  deg
WindSpd  m/s
1
SPECIAL COMMENTS:Haynesville shale.
18
PI_CONTACT_INFO: Address: NOAA ESRL Chemical Sciences Division  Mail Stop R/CSD7  325 Broadway  Boulder  CO 80305
PLATFORM: NOAA WP-3D
LOCATION: The aircraft was stationed in  Smyrna  Tennessee. Aircraft location information in AircraftPosition file.
ASSOCIATED_DATA: N/A
INSTRUMENT_INFO: N/A
DATA_INFO: Units:AmbTemp celcius; DewPtTemp celcius; DewPtTempTDL celcius; H2Omr g/kg; PotTemp kelvin; RelHumidity percent; StaticPrs millibar; VertWindSpd m/s; WindDir degrees; WindSpd m/s
UNCERTAINTY: N/A
ULOD_FLAG: -7777
ULOD_VALUE: N/A
LLOD_FLAG: -8888
LLOD_VALUE: N/A
DM_CONTACT_INFO: Data Manager:Ken Aikin; email:Kenneth.C.Aikin@noaa.gov
PROJECT_INFO: SENEX 2013 Study; June 1 - July 15  2013
STIPULATIONS_ON_USE: Use of these data require prior ok from PI.
OTHER_COMMENTS:       None
REVISION: RA
RA: Preliminary Data.  For in-field use.
AOCTimewave  AmbTemp  DewPtTemp  DewPtTempTDL  H2Omr  PotTemp  RelHumidity  StaticPrs  VertWindSpd  WindDir  WindSpd
[from data line 8043]
61769.0  25.020  19.700  -78.970  15.26  301.87  71.67  957.78  -0.17  205.39  2.73
61770.0  25.020  19.660  -78.970  15.21  301.85  71.49  957.96  0.61  220.03  2.42
61771.0  25.050  19.640  -53.850  15.20  301.91  71.24  957.64  0.77  207.57  2.46
61772.0  25.130  19.620  -27.580  15.18  301.99  70.78  957.62  0.91  200.18  3.31
61773.0  25.090  19.590  -35.110  15.15  301.95  70.85  957.63  1.15  205.68  3.36
61774.0  25.250  19.580  -57.400  15.14  302.13  70.08  957.51  1.91  190.92  3.53
61775.0  25.340  19.620  -30.680  15.18  302.22  69.89  957.40  2.00  193.82  4.40
61776.0  25.330  19.700  -43.610  15.26  302.23  70.32  957.17  1.06  174.92  4.78
61777.0  25.010  19.800  -34.230  15.36  301.90  72.14  957.34  1.19  177.15  3.28
61778.0  25.000  19.890  -35.830  15.45  301.89  72.61  957.27  -0.18  176.07  3.35
61779.0  24.990  19.950  -23.260  15.50  301.87  72.91  957.40  -0.70  186.23  2.99
61780.0  25.080  19.980  -25.890  15.53  301.93  72.68  957.67  0.06  178.60  3.83
61781.0  24.970  20.020  -28.170  15.57  301.81  73.37  957.75  0.72  185.70  3.44
61782.0  25.010  20.050  -29.670  15.60  301.86  73.33  957.73  0.42  182.91  3.13
61783.0  24.990  20.110  -31.350  15.65  301.83  73.68  957.82  0.22  181.93  3.05
61784.0  25.090  20.150  -31.720  15.69  301.91  73.43  958.06  0.88  158.30  3.44
61785.0  25.130  20.170  -55.800  15.71  301.95  73.35  958.07  1.14  167.11  4.11
61786.0  25.090  20.190  -102.420  15.74  301.93  73.61  957.86  -0.34  177.06  4.95
61787.0  25.050  20.220  -45.970  15.76  301.89  73.93  957.77  -0.78  175.67  3.54
61788.0  25.070  20.250  -101.640  15.79  301.90  73.96  957.96  -0.57  179.90  3.28
61789.0  25.080  20.260  -93.510  15.80  301.90  73.99  958.02  -0.83  200.04  4.24
61790.0  25.080  20.250  -100.820  15.79  301.88  73.94  958.26  0.76  224.65  4.15
61791.0  25.150  20.230  -96.500  15.77  301.97  73.55  958.06  2.20  220.78  2.86
61792.0  25.240  20.230  -95.550  15.78  302.07  73.14  957.95  0.23  231.28  2.15
61793.0  25.360  20.230  -96.250  15.77  302.16  72.59  958.32  0.63  218.23  2.42
61794.0  25.430  20.190  -97.570  15.73  302.24  72.06  958.28  0.33  196.32  2.34
61795.0  25.410  20.100  -93.950  15.64  302.21  71.79  958.28  0.11  196.18  2.64
61796.0  25.420  20.030  -96.090  15.57  302.22  71.42  958.31  -0.45  201.73  2.68
61797.0  25.450  19.960  -99.050  15.49  302.24  70.94  958.45  0.40  220.65  3.26
61798.0  25.590  19.890  -104.220  15.43  302.39  70.04  958.32  -0.94  201.96  3.68
61799.0  25.600  19.840  -92.370  15.38  302.42  69.74  958.21  -0.19  199.75  4.22
61800.0  25.490  19.710  -92.980  15.26  302.31  69.67  958.18  -1.63  205.97  4.07
61801.0  25.520  19.590  -45.180  15.14  302.34  69.00  958.20  -1.39  196.37  3.81
61802.0  25.510  19.480  -94.040  15.03  302.31  68.53  958.42  -1.02  198.61  4.30
61803.0  25.510  19.370  -46.940  14.92  302.30  68.07  958.44  -1.11  201.80  4.45
61804.0  25.400  19.270  -97.070  14.83  302.20  68.12  958.36  -1.43  197.36  3.83
61805.0  25.350  19.180  -99.800  14.75  302.15  67.93  958.25  -0.46  210.00  3.30
61806.0  25.370  19.110  -86.550  14.68  302.19  67.52  958.19  -0.67  205.10  2.83
61807.0  25.420  19.050  -24.010  14.63  302.22  67.08  958.34  -0.68  204.25  2.64
61808.0  25.510  18.960  8.780  14.54  302.31  66.32  958.42  0.49  196.88  3.43
61809.0  25.500  18.870  15.900  14.45  302.26  65.95  958.86  1.47  166.83  3.80
61810.0  25.420  18.840  16.800  14.44  302.25  66.18  958.06  1.08  182.49  3.42
61811.0  25.470  18.900  17.150  14.49  302.34  66.23  957.53  -0.11  198.67  3.98
61812.0  25.390  18.990  15.830  14.59  302.31  66.94  957.02  -1.06  186.15  4.21
61813.0  25.350  19.110  15.710  14.72  302.35  67.62  956.10  -1.20  177.94  4.90
61814.0  25.210  19.090  16.160  14.72  302.31  68.11  955.04  -0.79  181.52  5.10
61815.0  25.090  19.060  15.970  14.70  302.27  68.51  954.12  -0.23  193.61  4.63
61816.0  24.910  19.090  16.140  14.75  302.17  69.42  953.07  -0.13  187.33  3.67
61817.0  24.880  19.170  16.400  14.84  302.24  69.87  951.97  0.48  189.33  4.45
61818.0  24.810  19.250  15.980  14.93  302.28  70.49  950.89  0.54  190.15  4.17
61819.0  24.760  19.310  15.720  15.01  302.34  71.03  949.64  0.54  192.16  4.68
61820.0  24.600  19.360  15.510  15.07  302.27  71.97  948.51  -0.94  220.98  4.20
61821.0  24.580  19.380  14.850  15.12  302.36  72.15  947.32  -1.52  219.97  3.43
61822.0  24.540  19.370  14.990  15.12  302.43  72.23  946.19  -0.24  221.74  3.19
61823.0  24.470  19.320  15.540  15.10  302.49  72.39  944.67  -0.25  220.71  3.58
61824.0  24.360  19.310  15.780  15.11  302.49  72.80  943.54  0.54  215.58  4.29
61825.0  24.160  19.340  15.910  15.16  302.42  73.85  942.09  0.30  217.90  3.47
61826.0  23.890  19.350  15.700  15.20  302.27  75.13  940.66  0.75  220.49  2.55
61827.0  23.810  19.310  15.540  15.17  302.30  75.31  939.45  0.96  212.36  2.83
61828.0  23.710  19.190  15.690  15.08  302.29  75.23  938.47  1.16  214.31  3.39
61829.0  23.620  19.090  15.620  15.00  302.30  75.13  937.36  1.09  210.15  3.93
61830.0  23.560  19.100  5.130  15.03  302.34  75.48  936.25  1.09  201.62  4.20
61831.0  23.420  19.120  -23.090  15.06  302.31  76.24  935.03  0.86  204.68  4.28
61832.0  23.270  19.110  -71.640  15.08  302.26  76.92  933.85  0.93  201.69  3.87
61833.0  23.150  19.070  -12.940  15.05  302.22  77.30  933.04  0.84  198.51  4.00
61834.0  23.080  19.030  10.150  15.02  302.22  77.41  932.19  0.82  199.94  3.91
61835.0  23.000  19.000  15.490  15.02  302.24  77.65  931.18  1.04  204.09  4.15
61836.0  22.970  18.980  15.490  15.01  302.31  77.72  929.95  0.52  200.79  4.74
61837.0  22.890  18.960  15.110  15.01  302.33  78.02  928.90  0.21  208.43  4.82
61838.0  22.970  18.970  14.010  15.04  302.53  77.65  927.67  0.31  213.27  4.78
61839.0  22.920  19.010  13.600  15.10  302.60  78.12  926.28  0.69  222.17  4.50
61840.0  22.850  18.900  13.570  15.01  302.62  77.88  925.35  1.13  221.11  3.83
61841.0  22.820  18.760  13.370  14.90  302.69  77.36  924.31  0.75  219.58  4.39
61842.0  22.690  18.650  13.790  14.81  302.65  77.44  923.32  0.59  220.24  4.39
61843.0  22.610  18.550  13.840  14.73  302.64  77.33  922.50  0.44  220.76  4.71
61844.0  22.660  18.460  13.450  14.66  302.77  76.65  921.66  0.40  216.87  4.42
61845.0  22.640  18.390  12.600  14.60  302.83  76.37  920.86  0.30  221.56  3.96
61846.0  22.500  18.240  13.520  14.48  302.77  76.33  919.96  -0.11  222.99  3.59
61847.0  22.450  18.140  13.500  14.40  302.80  76.05  919.11  -0.27  223.75  3.54
61848.0  22.480  18.060  12.510  14.34  302.90  75.56  918.28  -0.06  227.32  2.72
61849.0  22.180  17.970  13.670  14.28  302.70  76.51  917.26  -0.40  221.80  2.11
61850.0  21.950  17.860  15.070  14.18  302.52  77.09  916.53  -0.24  213.70  2.54
61851.0  21.800  17.780  14.860  14.12  302.44  77.42  915.77  0.82  207.84  2.53
61852.0  21.740  17.770  14.680  14.13  302.47  77.66  914.84  1.24  201.31  3.63
61853.0  21.680  17.830  14.800  14.20  302.51  78.21  913.79  -0.06  201.03  3.54
61854.0  22.030  17.860  12.610  14.24  302.92  76.68  913.23  0.01  201.85  4.36
61855.0  22.030  17.850  11.750  14.24  302.98  76.65  912.63  0.77  203.47  3.84
61856.0  21.770  17.950  12.960  14.34  302.81  78.42  911.54  -0.23  227.72  2.99
61857.0  21.640  17.970  14.110  14.38  302.77  79.16  910.56  -0.03  237.61  2.46
61858.0  22.030  17.940  10.700  14.37  303.26  77.09  909.70  -0.17  222.22  3.28
61859.0  22.520  17.950  -26.830  14.39  303.85  74.84  908.64  -0.23  216.48  4.22
61860.0  22.640  17.930  -29.070  14.39  304.07  74.12  907.78  -0.39  225.77  3.11
61861.0  22.120  17.870  10.990  14.34  303.62  76.30  906.82  -1.30  224.13  2.16
61862.0  22.200  17.830  10.950  14.33  303.76  75.77  906.16  -0.44  234.77  1.84
61863.0  22.530  17.800  8.000  14.31  304.19  74.03  905.24  -0.37  226.66  1.96
61864.0  22.720  17.670  7.160  14.21  304.47  72.55  904.41  0.09  231.05  2.77
61865.0  22.740  17.540  6.480  14.10  304.59  71.84  903.40  -0.30  236.22  2.84
61866.0  22.740  17.350  6.070  13.94  304.68  70.97  902.40  -0.53  231.01  3.05
61867.0  22.710  17.040  6.330  13.68  304.74  69.71  901.48  -0.55  232.72  2.87
61868.0  22.710  16.620  5.920  13.33  304.84  67.82  900.40  -0.09  230.73  2.75
61869.0  22.620  16.100  5.780  12.90  304.87  65.93  899.18  0.02  232.56  2.79
61870.0  22.110  15.600  5.660  12.50  304.46  65.88  898.08  0.23  222.40  2.59
61871.0  22.110  15.220  -19.160  12.21  304.54  64.26  897.19  0.51  224.30  2.83
61872.0  21.810  14.880  -74.590  11.96  304.32  64.07  896.18  0.60  207.93  2.99
61873.0  21.700  14.660  -98.850  11.80  304.35  63.56  894.82  0.02  224.11  3.43
61874.0  21.870  14.520  -98.510  11.71  304.63  62.31  893.71  -0.27  225.84  3.57
61875.0  22.060  14.360  -87.800  11.60  304.90  60.94  892.89  0.02  211.19  3.75
61876.0  22.170  14.170  -31.810  11.46  305.10  59.75  892.06  -0.17  203.10  3.84
61877.0  22.380  13.980  -5.720  11.33  305.39  58.22  891.38  0.04  201.06  4.23
61878.0  22.650  13.730  2.450  11.15  305.74  56.31  890.58  0.33  197.54  4.75
61879.0  22.770  13.410  1.200  10.93  305.96  54.72  889.69  0.50  194.62  4.56
61880.0  22.740  13.110  1.610  10.72  306.01  53.72  888.85  0.60  197.62  4.18
61881.0  22.560  12.790  2.190  10.51  305.92  53.20  887.86  0.30  195.35  4.19
61882.0  22.450  12.460  2.480  10.29  305.89  52.42  886.97  0.28  193.20  4.01
61883.0  22.490  12.170  1.730  10.10  306.02  51.26  886.18  0.21  177.61  3.57
61884.0  22.550  11.960  0.460  9.98  306.16  50.40  885.29  0.18  184.22  3.62
61885.0  22.450  11.800  1.080  9.88  306.17  50.15  884.19  0.09  179.73  3.18
61886.0  22.400  11.580  0.940  9.75  306.21  49.56  883.22  0.39  186.74  3.30
61887.0  22.320  11.290  0.940  9.56  306.24  48.82  882.17  0.36  187.07  3.25
61888.0  22.160  10.950  1.560  9.36  306.17  48.22  881.15  0.19  187.72  3.40
61889.0  22.020  10.600  2.420  9.15  306.13  47.50  880.14  -0.16  188.19  3.87
61890.0  22.070  10.260  0.820  8.96  306.27  46.31  879.13  -0.04  179.62  4.09
61891.0  22.170  9.930  -0.240  8.77  306.48  44.97  878.21  0.16  172.88  4.31
61892.0  22.250  9.570  -1.040  8.57  306.66  43.66  877.14  -0.19  172.16  4.18
61893.0  22.220  9.230  -2.510  8.38  306.72  42.74  876.23  -0.18  170.85  4.14
61894.0  22.290  8.920  -3.060  8.21  306.89  41.66  875.28  0.16  159.18  4.13
61895.0  22.310  8.620  -3.660  8.06  307.01  40.78  874.32  0.18  150.96  4.24
61896.0  22.310  8.330  -4.120  7.91  307.10  39.98  873.33  0.27  155.83  4.18
61897.0  22.220  8.050  -13.110  7.76  307.13  39.41  872.19  0.24  156.56  4.24
61898.0  22.150  7.770  -3.870  7.63  307.16  38.84  871.19  0.39  152.49  4.38
61899.0  22.080  7.510  -15.680  7.50  307.18  38.31  870.27  0.48  147.81  4.38
61900.0  22.050  7.190  -17.150  7.34  307.24  37.54  869.35  0.48  151.92  4.38
61901.0  21.920  6.880  -7.350  7.19  307.19  37.04  868.43  0.33  154.35  4.44
61902.0  21.750  6.620  -3.810  7.07  307.10  36.77  867.60  0.49  155.46  4.54
61903.0  21.710  6.430  -12.190  6.99  307.16  36.38  866.69  0.45  151.27  4.34
61904.0  21.650  6.200  -14.160  6.88  307.18  35.94  865.86  0.68  151.23  4.41
61905.0  21.570  5.950  -11.810  6.76  307.17  35.48  865.06  0.63  151.86  4.25
61906.0  21.530  5.670  -8.100  6.64  307.22  34.90  864.16  0.26  147.33  4.40
61907.0  21.520  5.320  -17.680  6.49  307.28  34.06  863.49  0.24  143.53  4.64
61908.0  21.540  5.020  -17.980  6.36  307.38  33.31  862.76  0.26  138.51  4.91
61909.0  21.540  4.720  -18.410  6.23  307.43  32.62  862.26  0.22  136.85  5.11
61910.0  21.560  4.400  -18.770  6.09  307.53  31.85  861.49  0.09  134.37  5.03
61911.0  21.520  4.090  -18.960  5.97  307.57  31.22  860.72  0.33  135.70  5.33
61912.0  21.470  3.810  -18.920  5.86  307.60  30.72  859.85  0.13  136.81  5.04
61913.0  21.420  3.580  -19.090  5.76  307.62  30.30  859.18  0.11  137.48  5.21
61914.0  21.350  3.370  -19.310  5.68  307.62  29.98  858.50  -0.20  135.61  5.15
61915.0  21.310  3.200  -20.450  5.62  307.65  29.71  857.74  -0.39  134.56  5.01
61916.0  21.300  3.060  -42.620  5.57  307.71  29.44  857.00  -0.33  133.18  5.19
61917.0  21.240  2.920  -95.370  5.52  307.72  29.25  856.36  -0.29  131.69  5.08
61918.0  21.160  2.710  -98.930  5.44  307.72  28.96  855.48  -0.18  129.83  5.15
61919.0  21.190  2.470  -96.980  5.35  307.87  28.39  854.46  -0.18  125.50  5.77
61920.0  21.080  2.240  -98.470  5.27  307.85  28.12  853.46  0.10  123.63  5.79
61921.0  21.090  1.980  -104.380  5.18  307.94  27.59  852.69  -0.07  122.90  6.16
61922.0  21.040  1.650  -50.800  5.06  307.96  27.04  851.97  -0.01  123.38  6.10
61923.0  20.930  1.330  -22.590  4.95  307.96  26.60  850.84  0.11  123.87  6.05
61924.0  20.890  1.030  -21.160  4.85  308.01  26.09  849.97  0.20  121.33  6.22
61925.0  20.800  0.770  -21.140  4.76  308.00  25.74  849.16  0.37  120.97  6.27
61926.0  20.800  0.530  -21.250  4.69  308.08  25.31  848.38  0.36  121.35  6.13
61927.0  20.720  0.340  -21.250  4.63  308.08  25.08  847.58  0.36  123.47  6.10
61928.0  20.620  0.140  -21.350  4.57  308.10  24.87  846.50  0.42  120.01  6.58
61929.0  20.610  -0.050  -21.860  4.51  308.17  24.55  845.63  0.55  117.78  6.75
61930.0  20.510  -0.250  -22.280  4.45  308.16  24.35  844.78  0.58  113.76  6.82
61931.0  20.610  -0.510  -22.970  4.37  308.36  23.74  843.76  0.44  114.79  7.06
61932.0  20.480  -0.790  -23.030  4.28  308.32  23.44  842.86  0.30  113.24  7.17
61933.0  20.440  -1.150  -23.220  4.18  308.36  22.89  842.20  0.49  113.06  7.00
61934.0  20.350  -1.520  -23.210  4.07  308.34  22.39  841.37  0.25  112.82  7.28
61935.0  20.300  -1.880  -23.120  3.96  308.38  21.87  840.56  0.17  114.78  7.19
61936.0  20.240  -2.200  -23.190  3.87  308.40  21.45  839.74  0.17  115.17  7.01
61937.0  20.110  -2.500  -23.240  3.79  308.36  21.15  838.83  0.09  115.18  7.15
61938.0  20.080  -2.730  -23.210  3.73  308.42  20.81  838.00  0.07  115.19  7.36
61939.0  19.970  -2.940  -25.390  3.68  308.39  20.65  837.15  0.07  114.74  7.45
61940.0  19.970  -3.140  -91.620  3.63  308.46  20.34  836.46  0.09  114.33  7.42
61941.0  19.880  -3.410  -61.690  3.56  308.43  20.04  835.84  0.05  113.68  7.75
61942.0  19.840  -3.670  -30.460  3.49  308.46  19.71  835.13  -0.12  109.53  7.93
61943.0  19.850  -3.910  -24.700  3.43  308.55  19.33  834.48  0.00  109.83  8.31
61944.0  19.890  -4.160  -24.330  3.37  308.67  18.94  833.71  -0.13  107.86  8.62
61945.0  19.860  -4.450  -24.320  3.30  308.70  18.56  833.04  -0.10  108.69  8.74
61946.0  19.840  -4.720  -25.040  3.24  308.76  18.20  832.37  -0.26  106.71  8.96
61947.0  19.850  -4.970  -33.870  3.18  308.86  17.84  831.53  -0.24  105.20  9.15
61948.0  19.760  -5.150  -54.240  3.14  308.86  17.70  830.64  -0.15  105.40  9.24
61949.0  19.680  -5.290  -33.270  3.11  308.87  17.60  829.77  -0.16  104.84  9.28
61950.0  19.530  -5.400  -24.380  3.08  308.79  17.62  829.02  -0.02  104.89  9.33
61951.0  19.560  -5.500  -24.360  3.06  308.90  17.46  828.27  -0.20  104.10  9.73
61952.0  19.530  -5.590  -24.380  3.05  308.97  17.37  827.33  -0.24  102.95  10.02
61953.0  19.540  -5.700  -24.170  3.02  309.08  17.21  826.39  -0.24  101.84  10.28
61954.0  19.500  -5.820  -24.070  3.00  309.11  17.11  825.67  -0.10  101.58  10.34
61955.0  19.510  -5.940  -24.060  2.98  309.22  16.93  824.84  0.03  101.78  10.35
61956.0  19.480  -6.080  -23.720  2.95  309.28  16.78  823.93  0.05  101.72  10.26
61957.0  19.350  -6.150  -23.300  2.93  309.25  16.83  822.95  0.25  101.70  10.09
61958.0  19.280  -6.150  -22.200  2.94  309.25  16.91  822.17  0.35  101.10  9.85
61959.0  19.180  -6.080  -20.030  2.96  309.23  17.12  821.37  0.28  101.76  9.79
61960.0  19.140  -5.920  -19.650  2.99  309.26  17.36  820.71  0.27  100.98  9.86
61961.0  19.060  -5.650  -21.240  3.06  309.26  17.81  820.02  0.21  101.35  9.76
61962.0  19.020  -5.310  -30.830  3.14  309.27  18.34  819.42  0.09  101.24  9.69
