flight/WP3D/AircraftPos_NP3_20130610_RA.ict
38  1001
Ken Aikin
NOAA ESRL Chemical Sciences Division
various aircraft sensors
SENEX 2013
1  1
2013  06  10  2013  06  10
1
AOCTimewave
5
1  1  1  1  1 
-9999  -9999  -9999  -9999  -9999
GpsLat  deg
GpsLon  deg
GpsAlt  m
PAlt  m
RAlt  m
1
SPECIAL COMMENTS:Haynesville shale.
18
PI_CONTACT_INFO: Address: NOAA ESRL Chemical Sciences Division  Mail Stop R/CSD7  325 Broadway  Boulder  CO 80305
PLATFORM: NOAA WP-3D
LOCATION: The aircraft was stationed in Smyrna  Tennessee. Aircraft location information in AircraftPosition file.
ASSOCIATED_DATA: N/A
INSTRUMENT_INFO: N/A
DATA_INFO: Units:GpsLat:decimal degrees; GpsLon: decimal degrees; GpsAlt: meters; PAlt:meters; RAlt: meters.
UNCERTAINTY: N/A
ULOD_FLAG: -7777
ULOD_VALUE: N/A
LLOD_FLAG: -8888
LLOD_VALUE: N/A
DM_CONTACT_INFO: Data Manager:Ken Aikin; email:Kenneth.C.Aikin@noaa.gov
PROJECT_INFO: SENEX 2013 Study; June 1 - July 15  2013
STIPULATIONS_ON_USE: Use of these data require prior ok from PI.
OTHER_COMMENTS:       None
REVISION: RA
RA: Preliminary Data.  For in-field use.
AOCTimewave  GpsLat  GpsLon  GpsAlt  PAlt  RAlt
[from data line 17164]
70890.0  32.3503   -94.0388    566.2    500.9    466.8
70891.0  32.3514   -94.0388    566.9    501.3    463.1
70892.0  32.3525   -94.0388    566.9    500.1    465.7
70893.0  32.3535   -94.0389    566.9    501.0    461.2
70894.0  32.3546   -94.0389    566.2    500.4    462.1
70895.0  32.3557   -94.0389    565.7    500.9    466.1
70896.0  32.3567   -94.0389    565.7    499.1    459.3
70897.0  32.3578   -94.0389    565.8    499.2    463.9
70898.0  32.3589   -94.0390    567.3    501.2    470.4
70899.0  32.3600   -94.0390    568.6    502.9    477.9
70900.0  32.3610   -94.0390    569.7    504.5    477.6
70901.0  32.3621   -94.0390    570.6    505.2    469.8
70902.0  32.3632   -94.0390    570.6    506.4    465.2
70903.0  32.3643   -94.0390    570.6    504.5    464.0
70904.0  32.3654   -94.0391    570.6    503.7    461.2
70905.0  32.3664   -94.0391    570.6    503.4    462.0
70906.0  32.3675   -94.0391    570.6    503.2    460.0
70907.0  32.3686   -94.0391    570.6    503.9    462.9
70908.0  32.3697   -94.0392    570.6    505.2    471.8
70909.0  32.3708   -94.0392    570.0    504.2    470.4
70910.0  32.3719   -94.0392    569.4    503.0    468.0
70911.0  32.3730   -94.0392    568.3    502.7    468.4
70912.0  32.3740   -94.0392    568.1    502.4    467.2
70913.0  32.3751   -94.0393    567.5    501.7    462.1
70914.0  32.3762   -94.0393    566.0    499.7    461.4
70915.0  32.3773   -94.0393    564.7    498.2    456.7
70916.0  32.3784   -94.0393    563.5    497.0    456.7
70917.0  32.3795   -94.0394    562.2    495.3    458.6
70918.0  32.3806   -94.0394    560.8    494.4    453.3
70919.0  32.3817   -94.0394    559.6    494.5    451.0
70920.0  32.3828   -94.0394    558.4    491.8    447.2
70921.0  32.3839   -94.0395    559.2    493.7    448.5
70922.0  32.3850   -94.0395    559.6    494.1    446.9
70923.0  32.3860   -94.0395    559.6    494.5    455.2
70924.0  32.3871   -94.0395    560.8    495.7    453.7
70925.0  32.3882   -94.0396    560.8    495.2    452.5
70926.0  32.3893   -94.0396    561.3    496.1    460.0
70927.0  32.3904   -94.0396    562.1    496.8    458.1
70928.0  32.3915   -94.0396    563.1    497.2    458.6
70929.0  32.3926   -94.0397    563.3    497.5    459.6
70930.0  32.3937   -94.0397    564.5    498.7    459.2
70931.0  32.3947   -94.0397    565.3    500.1    464.1
70932.0  32.3958   -94.0397    565.7    501.1    467.6
70933.0  32.3969   -94.0398    565.7    499.3    458.3
70934.0  32.3980   -94.0398    565.7    499.4    457.8
70935.0  32.3991   -94.0398    565.7    499.1    464.0
70936.0  32.4002   -94.0399    565.7    500.4    465.9
70937.0  32.4013   -94.0399    564.6    498.5    467.4
70938.0  32.4023   -94.0399    564.5    499.3    464.2
70939.0  32.4034   -94.0399    564.5    499.7    462.8
70940.0  32.4045   -94.0400    564.5    499.1    468.8
70941.0  32.4056   -94.0400    564.5    497.9    468.6
70942.0  32.4067   -94.0400    564.5    496.5    469.0
70943.0  32.4078   -94.0400    564.5    497.5    467.3
70944.0  32.4088   -94.0400    564.5    498.3    468.7
70945.0  32.4099   -94.0401    564.5    498.4    475.3
70946.0  32.4110   -94.0401    564.5    499.4    469.2
70947.0  32.4121   -94.0401    564.5    499.1    469.1
70948.0  32.4132   -94.0401    564.5    499.6    472.7
70949.0  32.4142   -94.0401    565.5    499.8    474.5
70950.0  32.4153   -94.0402    566.9    502.0    473.1
70951.0  32.4164   -94.0402    566.9    502.2    471.0
70952.0  32.4175   -94.0402    568.0    502.2    464.2
70953.0  32.4186   -94.0402    568.8    504.1    465.6
70954.0  32.4197   -94.0402    569.4    503.9    469.3
70955.0  32.4207   -94.0402    569.4    503.0    467.9
70956.0  32.4218   -94.0402    570.2    504.8    470.5
70957.0  32.4229   -94.0403    570.6    504.8    471.8
70958.0  32.4240   -94.0403    571.3    505.7    473.3
70959.0  32.4251   -94.0403    571.8    506.0    470.2
70960.0  32.4262   -94.0403    571.8    505.5    473.6
70961.0  32.4273   -94.0403    571.8    505.8    476.6
70962.0  32.4284   -94.0403    571.8    506.7    484.2
70963.0  32.4294   -94.0404    571.8    506.0    490.4
70964.0  32.4305   -94.0404    571.8    506.0    488.8
70965.0  32.4316   -94.0404    570.6    503.9    492.9
70966.0  32.4327   -94.0404    570.1    503.2    495.8
70967.0  32.4338   -94.0404    568.2    501.7    491.2
70968.0  32.4349   -94.0404    566.2    499.7    492.5
70969.0  32.4360   -94.0405    564.8    498.5    488.5
70970.0  32.4371   -94.0405    563.4    498.0    489.8
70971.0  32.4382   -94.0405    562.1    496.0    491.0
70972.0  32.4393   -94.0405    561.1    495.2    484.1
70973.0  32.4404   -94.0405    560.7    494.5    491.7
70974.0  32.4415   -94.0405    559.6    493.9    491.6
70975.0  32.4426   -94.0405    559.6    494.4    487.3
70976.0  32.4437   -94.0405    559.6    493.1    492.3
70977.0  32.4448   -94.0406    559.6    493.2    492.4
70978.0  32.4459   -94.0406    560.3    493.7    492.2
70979.0  32.4470   -94.0406    561.7    495.3    493.0
70980.0  32.4481   -94.0406    562.8    496.0    493.4
70981.0  32.4492   -94.0406    563.9    498.6    492.5
70982.0  32.4503   -94.0406    564.5    499.3    496.6
70983.0  32.4514   -94.0406    564.5    499.2    499.1
70984.0  32.4525   -94.0406    564.8    500.2    491.3
70985.0  32.4536   -94.0407    565.7    501.6    496.2
70986.0  32.4547   -94.0407    565.7    500.5    495.5
70987.0  32.4558   -94.0407    564.8    498.9    498.8
70988.0  32.4569   -94.0407    563.9    498.7    495.3
70989.0  32.4580   -94.0407    563.3    497.6    492.6
70990.0  32.4591   -94.0407    563.3    497.3    497.7
70991.0  32.4602   -94.0408    563.0    497.0    490.6
70992.0  32.4612   -94.0408    562.1    495.5    486.7
70993.0  32.4623   -94.0408    562.1    495.6    488.7
70994.0  32.4634   -94.0408    562.1    495.2    485.7
70995.0  32.4645   -94.0408    561.2    494.3    488.7
70996.0  32.4656   -94.0409    560.8    494.0    490.7
70997.0  32.4667   -94.0409    560.8    494.6    490.0
70998.0  32.4678   -94.0409    560.8    494.6    486.6
70999.0  32.4689   -94.0409    560.8    496.1    486.1
71000.0  32.4700   -94.0410    560.8    496.2    484.2
71001.0  32.4711   -94.0410    562.0    497.6    485.5
71002.0  32.4722   -94.0410    562.8    496.7    487.8
71003.0  32.4732   -94.0410    564.1    497.8    491.5
71004.0  32.4743   -94.0411    564.5    497.9    485.2
71005.0  32.4754   -94.0411    564.5    499.5    481.3
71006.0  32.4765   -94.0411    564.5    499.0    486.9
71007.0  32.4776   -94.0411    564.5    499.5    484.7
71008.0  32.4787   -94.0411    564.5    499.9    480.8
71009.0  32.4798   -94.0412    564.5    499.4    486.9
71010.0  32.4809   -94.0412    564.5    497.7    483.7
71011.0  32.4819   -94.0412    564.5    495.9    482.9
71012.0  32.4830   -94.0412    566.3    499.3    484.8
71013.0  32.4841   -94.0412    568.6    502.3    489.1
71014.0  32.4852   -94.0412    569.9    503.1    487.1
71015.0  32.4863   -94.0413    570.9    506.0    487.5
71016.0  32.4874   -94.0413    571.8    506.1    489.8
71017.0  32.4884   -94.0413    571.8    507.5    490.3
71018.0  32.4895   -94.0413    571.8    507.2    492.4
71019.0  32.4906   -94.0413    571.2    506.8    490.5
71020.0  32.4917   -94.0414    570.6    505.6    487.0
71021.0  32.4928   -94.0414    569.0    503.7    485.0
71022.0  32.4939   -94.0414    567.4    502.5    490.9
71023.0  32.4950   -94.0414    565.7    500.7    489.2
71024.0  32.4961   -94.0415    564.5    500.4    485.9
71025.0  32.4972   -94.0415    563.3    498.9    483.3
71026.0  32.4982   -94.0415    562.4    497.8    486.3
71027.0  32.4993   -94.0415    561.5    496.5    485.9
71028.0  32.5004   -94.0415    560.8    495.0    484.7
71029.0  32.5015   -94.0416    560.8    494.5    487.4
71030.0  32.5026   -94.0416    560.8    494.4    481.4
71031.0  32.5037   -94.0416    561.6    496.6    483.5
71032.0  32.5048   -94.0416    561.0    496.8    485.5
71033.0  32.5059   -94.0417    560.8    496.2    484.2
71034.0  32.5070   -94.0417    560.8    496.7    486.6
71035.0  32.5080   -94.0417    560.8    496.5    490.0
71036.0  32.5091   -94.0417    560.8    496.0    494.5
71037.0  32.5102   -94.0417    560.8    496.3    496.3
71038.0  32.5113   -94.0418    561.1    496.4    497.4
71039.0  32.5124   -94.0418    562.1    496.6    495.5
71040.0  32.5135   -94.0418    563.2    498.2    497.2
71041.0  32.5146   -94.0418    564.6    500.3    503.4
71042.0  32.5156   -94.0418    565.7    500.1    510.6
71043.0  32.5167   -94.0418    565.7    500.0    506.6
71044.0  32.5178   -94.0418    565.7    499.8    501.4
71045.0  32.5189   -94.0419    565.7    500.0    504.7
71046.0  32.5200   -94.0419    566.1    500.5    507.7
71047.0  32.5210   -94.0419    566.9    501.2    502.1
71048.0  32.5221   -94.0419    566.9    501.3    509.8
71049.0  32.5232   -94.0419    566.9    501.4    509.9
71050.0  32.5243   -94.0419    566.9    502.4    509.8
71051.0  32.5254   -94.0419    566.9    501.9    501.5
71052.0  32.5265   -94.0419    566.6    501.5    505.2
71053.0  32.5275   -94.0420    565.7    501.0    507.7
71054.0  32.5286   -94.0420    565.8    500.5    505.5
71055.0  32.5297   -94.0420    566.1    500.6    498.1
71056.0  32.5308   -94.0420    565.7    500.4    497.0
71057.0  32.5319   -94.0420    566.7    501.7    499.8
71058.0  32.5330   -94.0420    566.9    502.0    502.0
71059.0  32.5341   -94.0420    566.9    501.4    505.3
71060.0  32.5351   -94.0420    566.9    502.3    505.2
71061.0  32.5362   -94.0421    566.9    500.4    499.8
71062.0  32.5373   -94.0421    566.9    499.5    501.4
71063.0  32.5384   -94.0421    566.2    499.1    498.7
71064.0  32.5395   -94.0421    565.7    499.8    501.4
71065.0  32.5406   -94.0421    564.9    499.8    496.7
71066.0  32.5417   -94.0421    564.5    499.3    502.5
71067.0  32.5428   -94.0421    564.5    498.6    498.4
71068.0  32.5438   -94.0422    565.1    498.7    498.5
71069.0  32.5449   -94.0422    565.7    499.9    502.9
71070.0  32.5460   -94.0422    565.7    500.5    499.0
71071.0  32.5471   -94.0422    566.5    500.8    495.8
71072.0  32.5482   -94.0422    568.0    502.4    495.3
71073.0  32.5493   -94.0423    569.3    502.1    496.4
71074.0  32.5504   -94.0423    569.4    501.7    499.8
71075.0  32.5515   -94.0423    570.5    501.8    495.5
71076.0  32.5526   -94.0423    570.6    503.7    494.7
71077.0  32.5536   -94.0423    570.1    504.5    491.8
71078.0  32.5547   -94.0423    569.4    502.8    492.7
71079.0  32.5558   -94.0424    569.4    502.6    494.2
71080.0  32.5569   -94.0424    569.4    502.9    488.4
71081.0  32.5580   -94.0424    569.0    503.0    487.9
71082.0  32.5591   -94.0424    568.1    502.5    485.1
71083.0  32.5602   -94.0424    567.1    501.6    487.2
71084.0  32.5613   -94.0424    565.9    499.7    485.0
71085.0  32.5624   -94.0424    565.7    499.4    479.6
71086.0  32.5635   -94.0424    565.7    499.6    480.2
71087.0  32.5646   -94.0425    565.7    498.7    480.8
71088.0  32.5657   -94.0425    565.7    499.0    486.7
71089.0  32.5668   -94.0425    564.5    498.3    480.3
71090.0  32.5679   -94.0425    563.4    498.2    478.2
71091.0  32.5690   -94.0425    563.3    496.6    482.6
71092.0  32.5701   -94.0425    562.9    495.2    477.8
71093.0  32.5712   -94.0425    563.3    496.6    478.7
71094.0  32.5723   -94.0426    564.3    498.7    482.8
71095.0  32.5734   -94.0426    565.2    500.0    476.2
71096.0  32.5745   -94.0426    566.0    500.5    471.0
71097.0  32.5756   -94.0426    567.2    501.2    473.8
71098.0  32.5767   -94.0426    568.1    500.9    472.0
71099.0  32.5778   -94.0426    568.1    501.7    468.9
71100.0  32.5789   -94.0426    568.1    501.1    470.4
71101.0  32.5800   -94.0426    568.0    500.6    471.0
71102.0  32.5811   -94.0426    566.9    500.8    471.8
71103.0  32.5822   -94.0426    566.0    499.7    475.1
71104.0  32.5833   -94.0426    565.4    500.1    473.2
71105.0  32.5845   -94.0426    564.1    498.3    465.5
71106.0  32.5856   -94.0426    563.0    496.5    467.9
71107.0  32.5867   -94.0426    562.1    494.4    470.9
71108.0  32.5878   -94.0426    560.9    494.1    467.7
71109.0  32.5889   -94.0427    560.0    493.2    470.9
71110.0  32.5900   -94.0427    561.0    494.7    465.8
71111.0  32.5911   -94.0427    562.1    495.4    468.5
71112.0  32.5922   -94.0427    562.1    495.7    473.0
71113.0  32.5933   -94.0427    563.0    496.9    475.3
71114.0  32.5944   -94.0427    563.3    498.4    476.9
71115.0  32.5955   -94.0427    563.3    498.1    477.8
71116.0  32.5966   -94.0427    564.4    496.6    477.9
71117.0  32.5977   -94.0427    563.6    495.2    480.6
71118.0  32.5988   -94.0427    564.1    496.3    482.5
71119.0  32.5999   -94.0427    565.2    498.3    481.9
71120.0  32.6010   -94.0428    566.8    500.2    482.6
71121.0  32.6021   -94.0428    568.0    501.0    482.4
71122.0  32.6032   -94.0428    568.8    502.2    481.7
71123.0  32.6043   -94.0428    569.4    503.0    480.6
71124.0  32.6054   -94.0428    569.4    504.1    482.0
71125.0  32.6065   -94.0428    569.4    504.0    482.0
71126.0  32.6076   -94.0427    569.3    502.9    477.8
71127.0  32.6087   -94.0426    568.1    501.0    482.5
71128.0  32.6098   -94.0425    566.9    499.5    483.9
71129.0  32.6109   -94.0424    565.4    498.4    486.7
71130.0  32.6120   -94.0423    564.0    497.4    487.1
71131.0  32.6131   -94.0421    563.3    496.3    487.5
71132.0  32.6142   -94.0420    564.2    497.8    490.4
71133.0  32.6153   -94.0419    563.5    496.7    492.8
71134.0  32.6164   -94.0418    563.3    497.0    487.0
71135.0  32.6175   -94.0417    563.8    497.8    486.4
71136.0  32.6186   -94.0416    563.0    496.2    483.9
71137.0  32.6197   -94.0415    561.9    495.2    482.0
71138.0  32.6208   -94.0414    560.8    494.5    487.8
71139.0  32.6219   -94.0413    561.6    495.1    488.9
71140.0  32.6230   -94.0412    562.1    496.1    487.0
71141.0  32.6241   -94.0411    562.2    496.6    491.3
71142.0  32.6252   -94.0410    563.6    499.8    493.4
71143.0  32.6263   -94.0409    564.5    498.4    493.9
71144.0  32.6274   -94.0409    564.6    497.6    494.0
71145.0  32.6285   -94.0408    565.7    499.1    498.9
71146.0  32.6296   -94.0407    565.1    499.3    500.3
71147.0  32.6307   -94.0407    564.5    498.6    496.4
71148.0  32.6318   -94.0406    564.5    497.4    497.8
71149.0  32.6329   -94.0405    564.2    497.1    498.4
71150.0  32.6340   -94.0405    564.5    499.3    496.1
71151.0  32.6351   -94.0404    564.5    499.7    495.2
71152.0  32.6362   -94.0403    565.1    498.1    498.4
71153.0  32.6373   -94.0403    565.7    499.8    504.6
71154.0  32.6384   -94.0402    566.2    500.0    511.7
71155.0  32.6395   -94.0401    567.4    501.4    517.0
71156.0  32.6406   -94.0401    568.1    502.0    513.1
71157.0  32.6417   -94.0400    568.1    501.8    510.3
71158.0  32.6428   -94.0399    568.1    502.1    507.0
71159.0  32.6439   -94.0399    568.1    501.6    506.7
71160.0  32.6450   -94.0398    568.1    501.4    503.1
71161.0  32.6461   -94.0397    567.2    501.0    511.3
71162.0  32.6472   -94.0397    566.9    500.9    512.6
71163.0  32.6483   -94.0396    565.7    499.8    506.0
71164.0  32.6494   -94.0395    564.5    499.2    501.4
71165.0  32.6505   -94.0395    563.5    497.5    500.6
71166.0  32.6516   -94.0394    562.4    495.6    500.9
71167.0  32.6527   -94.0393    562.1    495.8    500.3
71168.0  32.6538   -94.0393    562.1    496.6    499.4
71169.0  32.6549   -94.0392    562.1    496.8    499.4
71170.0  32.6560   -94.0391    562.1    496.3    502.4
71171.0  32.6571   -94.0391    563.1    497.2    507.6
71172.0  32.6582   -94.0390    562.8    497.5    508.7
71173.0  32.6593   -94.0389    562.1    497.2    506.7
71174.0  32.6604   -94.0388    562.1    497.5    506.9
71175.0  32.6615   -94.0388    562.1    497.9    509.0
71176.0  32.6626   -94.0387    562.1    497.9    511.2
71177.0  32.6637   -94.0386    562.1    497.0    506.0
71178.0  32.6648   -94.0386    562.1    496.7    506.8
71179.0  32.6659   -94.0385    562.1    496.5    507.3
