flight/WP3D/AircraftMis_NP3_20130622_RA.ict
43  1001
Ken Aikin
NOAA ESRL Chemical Sciences Division
various aircraft sensors
SENEX 2013
1  1
2013  06  22  2013  06  22
1
AOCTimewave
8
1  1  1  1  1  1  1  1
-9999  -9999  -9999  -9999  -9999  -9999  -9999  -9999
Attack  deg
CabinPrs  mbar
GndSpd  m/s
Heading  deg
Pitch  deg
Roll  deg
Slip  deg
TrueAirSpd  m/s
3
SPECIAL COMMENTS:Atlanta flight. AOC data system crash between 20:45:42 and 21:09:09. 
New TDL Dew Pt Temp instrument for this flight.
No H2O  PoTemp  H2Omr from takeoff until about 1615 for now. Order of parameters in AOC data stream had been changed. Switched back at 16:15.
18
PI_CONTACT_INFO: Address: NOAA ESRL Chemical Sciences Division  Mail Stop R/CSD7  325 Broadway  Boulder  CO 80305
PLATFORM: NOAA WP-3D
LOCATION: The aircraft was stationed in  Smyrna  Tennessee. Aircraft location information in AircraftPosition file.
ASSOCIATED_DATA: N/A
INSTRUMENT_INFO: N/A
DATA_INFO: Units: Attack degrees; CabinPrs millibar; GndSpd m/s; Heading degrees; Pitch degrees; Roll degrees; Slip degrees; TrueAirSpd m/s
UNCERTAINTY: N/A
ULOD_FLAG: -7777
ULOD_VALUE: N/A
LLOD_FLAG: -8888
LLOD_VALUE: N/A
DM_CONTACT_INFO: Data Manager:Ken Aikin; email:Kenneth.C.Aikin@noaa.gov
PROJECT_INFO: SENEX 2013 Study; June 1 - July 15  2013
STIPULATIONS_ON_USE: Use of these data require prior ok from PI.
OTHER_COMMENTS:       None
REVISION: RA
RA: Preliminary Data.  For in-field use.
AOCTimewave  Attack  CabinPrs  GndSpd  Heading  Pitch  Roll  Slip  TrueAirSpd
[from data line 17898]
71975.0  1.8  976.1  121.8  177.7  -0.09  1.07  -0.22  122.5
71976.0  1.6  976.2  121.8  177.8  0.37  2.08  0.13  121.8
71977.0  1.0  976.4  121.6  178.3  0.50  2.53  0.14  121.1
71978.0  1.3  975.9  121.4  178.7  1.05  0.97  -0.07  120.7
71979.0  1.8  976.3  121.1  179.0  1.56  0.02  -0.20  120.0
71980.0  1.6  976.8  120.8  179.1  1.43  0.30  -0.81  120.1
71981.0  1.1  976.3  120.5  178.8  0.96  -0.63  -1.02  120.5
71982.0  0.9  976.3  120.3  178.1  0.63  -0.83  -0.43  120.6
71983.0  0.9  976.5  120.0  177.8  0.69  0.18  0.36  120.3
71984.0  1.0  976.7  119.8  178.0  0.93  1.07  -0.15  119.6
71985.0  0.9  976.6  119.6  178.0  0.94  1.11  -0.33  118.2
71986.0  1.3  976.5  119.4  177.9  1.23  0.83  -0.12  117.4
71987.0  1.4  976.8  119.1  178.0  1.38  0.63  0.18  117.2
71988.0  1.4  976.7  118.8  178.2  1.45  0.10  0.29  116.7
71989.0  1.6  976.6  118.6  178.6  1.54  -0.66  -0.10  117.4
71990.0  1.5  976.5  118.3  178.6  1.52  -1.09  -0.36  117.0
71991.0  1.5  976.9  118.0  178.5  1.58  -1.40  -0.03  116.6
71992.0  1.4  976.9  117.7  178.5  1.65  -1.28  -0.19  116.3
71993.0  1.5  976.7  117.4  178.4  1.82  -1.92  -0.36  116.2
71994.0  1.7  976.6  117.1  178.2  2.01  -2.23  -0.40  115.9
71995.0  1.6  976.9  116.7  178.0  2.03  -1.82  -0.10  115.4
71996.0  1.5  976.8  116.4  177.8  2.04  -1.78  0.28  115.3
71997.0  1.2  976.9  116.1  178.0  1.98  -2.17  0.44  115.7
71998.0  2.2  976.8  115.7  178.2  2.26  -1.58  -1.10  116.9
71999.0  1.6  977.3  115.4  177.6  1.76  -1.26  -0.94  115.4
72000.0  0.7  977.2  115.1  177.0  1.51  -1.58  0.53  115.1
72001.0  1.8  976.8  114.8  177.1  2.23  -0.92  -0.30  114.0
72002.0  1.8  976.6  114.5  176.9  2.24  0.04  -0.66  113.2
72003.0  1.2  978.0  114.2  176.6  1.99  0.01  0.47  113.3
72004.0  2.3  976.7  114.0  176.9  2.45  -0.01  -0.35  113.8
72005.0  1.2  976.8  113.8  176.9  2.02  0.38  -0.26  114.1
72006.0  1.4  976.9  113.7  176.8  2.16  -0.02  -0.04  113.9
72007.0  2.0  976.6  113.5  176.9  2.49  -0.37  -0.20  114.0
72008.0  1.4  977.3  113.4  176.9  2.21  0.22  -0.24  113.6
72009.0  1.6  977.0  113.3  176.9  2.25  0.13  -0.41  114.3
72010.0  1.8  977.3  113.2  176.9  2.24  0.60  -0.40  112.9
72011.0  2.4  977.5  113.2  177.0  2.10  1.06  -0.15  113.0
72012.0  0.9  976.9  113.2  177.1  1.58  -0.11  -0.15  111.6
72013.0  1.6  977.1  113.2  177.1  1.93  -0.55  -0.23  112.1
72014.0  1.9  976.8  113.2  177.2  2.19  -0.68  -0.10  112.5
72015.0  1.9  976.9  113.2  177.2  1.90  -0.83  -0.22  112.8
72016.0  1.6  976.9  113.2  177.2  1.60  -0.83  0.05  113.2
72017.0  1.7  977.0  113.2  177.4  1.50  -0.94  0.09  112.4
72018.0  1.2  977.6  113.2  177.5  1.36  -0.90  -0.63  113.9
72019.0  1.8  976.7  113.3  177.3  1.57  -0.62  -0.86  114.2
72020.0  1.7  976.7  113.3  176.9  1.40  -0.53  -0.30  113.8
72021.0  1.4  977.1  113.4  176.7  1.08  -0.30  -0.33  114.3
72022.0  0.9  976.7  113.5  176.6  1.10  -0.16  0.17  114.5
72023.0  1.6  976.9  113.5  176.8  1.62  0.20  -0.16  114.6
72024.0  1.5  976.9  113.5  177.0  1.56  0.64  -0.16  114.9
72025.0  1.6  977.0  113.5  177.1  1.50  0.52  0.03  115.0
72026.0  1.7  976.9  113.5  177.4  1.43  -0.49  -0.07  114.8
72027.0  1.6  976.8  113.6  177.6  1.14  -0.86  -0.17  113.5
72028.0  1.9  977.1  113.7  177.7  1.01  -0.62  -0.47  113.5
72029.0  1.6  976.6  113.9  177.6  0.83  -1.81  -0.16  113.8
72030.0  1.2  976.8  114.1  177.6  0.71  -2.28  -0.39  112.9
72031.0  1.1  977.1  114.2  177.4  1.02  -1.95  -0.60  113.5
72032.0  1.8  976.9  114.2  177.1  1.56  -1.95  -0.43  113.0
72033.0  1.7  977.2  114.3  176.8  1.48  -1.91  -0.82  113.2
72034.0  1.6  976.8  114.4  176.4  1.30  -1.60  -0.39  114.4
72035.0  1.6  977.5  114.4  176.1  1.39  -1.27  -0.06  113.9
72036.0  1.5  977.1  114.5  176.0  1.44  -0.80  -0.11  113.4
72037.0  1.2  977.4  114.5  176.0  1.45  -0.54  -0.38  113.8
72038.0  2.0  976.8  114.5  175.8  1.86  0.69  -0.16  114.2
72039.0  1.7  977.3  114.5  175.9  1.75  1.38  -0.26  113.7
72040.0  1.3  976.7  114.5  175.9  1.48  1.23  -0.35  114.4
72041.0  2.1  977.6  114.6  175.8  1.75  1.16  -0.21  114.0
72042.0  1.7  976.9  114.6  175.9  1.42  1.31  0.16  113.8
72043.0  1.3  977.2  114.7  176.1  1.22  1.65  0.01  114.0
72044.0  1.7  977.0  114.7  176.4  1.47  1.35  0.22  114.2
72045.0  1.5  976.8  114.8  176.7  1.33  0.76  0.23  113.5
72046.0  1.5  976.9  114.8  177.1  1.37  0.20  0.05  114.9
72047.0  1.3  976.5  114.9  177.3  1.37  -0.28  -0.26  115.4
72048.0  1.2  977.4  114.9  177.3  1.34  -0.86  -0.13  115.1
72049.0  1.8  977.2  114.9  177.2  1.48  -1.15  0.18  114.8
72050.0  1.2  977.0  115.0  177.3  1.28  -0.58  -0.30  114.1
72051.0  1.3  977.3  115.0  177.2  1.24  -0.42  -0.32  114.2
72052.0  1.4  977.2  115.1  177.1  1.38  -0.72  -0.59  115.0
72053.0  1.4  976.9  115.1  176.8  1.53  0.13  -0.40  115.6
72054.0  1.2  977.2  115.1  176.7  1.49  1.06  0.31  115.8
72055.0  1.4  977.1  115.0  177.0  1.66  1.35  -0.19  115.9
72056.0  1.5  976.9  115.0  177.1  1.75  1.42  -0.01  115.6
72057.0  1.6  977.1  115.0  177.3  1.79  1.23  -0.37  115.3
72058.0  1.5  976.7  115.0  177.3  1.62  0.97  -0.73  114.6
72059.0  1.5  976.9  115.0  177.0  1.61  0.70  -0.41  114.0
72060.0  1.5  977.2  115.0  176.9  1.81  0.84  0.23  113.8
72061.0  1.6  976.9  114.9  177.1  2.00  1.13  0.13  114.0
72062.0  1.7  977.5  114.9  177.3  2.04  0.82  0.01  114.2
72063.0  1.6  976.4  114.8  177.6  2.00  0.70  -0.43  114.8
72064.0  1.4  977.3  114.9  177.5  1.92  0.41  -0.26  114.7
72065.0  1.4  977.4  114.9  177.4  2.08  0.25  0.06  114.4
72066.0  1.7  977.0  114.9  177.5  2.20  0.43  0.16  113.7
72067.0  1.8  977.0  114.9  177.8  2.18  0.71  -0.20  113.8
72068.0  1.7  977.4  115.0  177.9  1.91  0.32  -0.43  113.8
72069.0  1.6  977.0  115.1  177.8  1.84  -0.08  -0.32  113.7
72070.0  1.4  977.0  115.3  177.7  1.80  -0.27  -0.52  113.8
72071.0  1.6  977.1  115.4  177.4  1.87  -0.48  -0.57  113.4
72072.0  1.9  977.2  115.5  177.1  1.85  0.83  0.10  114.4
72073.0  1.4  977.2  115.7  177.3  1.45  3.13  -0.18  114.7
72074.0  1.1  977.1  115.9  177.5  1.25  4.10  0.45  114.3
72075.0  1.5  977.1  116.1  178.2  1.54  3.46  -0.14  114.5
72076.0  1.4  977.2  116.3  178.6  1.41  2.84  -0.01  115.0
72077.0  1.3  977.2  116.4  179.0  1.26  1.91  0.15  115.7
72078.0  1.7  977.0  116.6  179.4  1.33  1.35  -0.09  116.5
72079.0  1.2  977.1  116.8  179.6  0.89  0.42  -0.89  117.2
72080.0  1.1  977.1  117.0  179.2  0.74  0.07  -0.47  117.0
72081.0  1.4  976.6  117.3  179.0  0.87  0.33  -0.30  116.8
72082.0  1.0  977.2  117.5  178.9  0.55  1.24  -0.54  116.3
72083.0  0.9  976.8  117.8  178.7  0.65  1.49  -0.77  116.3
72084.0  1.2  977.1  118.0  178.3  0.94  1.80  -0.28  117.2
72085.0  1.4  976.8  118.2  178.3  0.96  3.07  0.59  117.6
72086.0  1.2  976.7  118.5  178.9  0.74  3.67  0.63  117.5
72087.0  1.3  977.2  118.7  179.7  0.73  3.29  -0.07  117.6
72088.0  1.0  976.7  118.9  180.1  0.65  2.01  -0.17  118.1
72089.0  1.1  977.2  119.2  180.3  0.88  1.16  -0.49  118.1
72090.0  1.2  977.0  119.4  180.3  1.07  0.99  -0.32  118.5
72091.0  1.2  976.8  119.5  180.3  1.22  0.74  0.12  118.7
72092.0  1.2  976.7  119.6  180.5  1.23  0.64  -0.12  118.6
72093.0  1.2  977.0  119.8  180.7  1.23  0.66  -0.27  118.2
72094.0  1.3  977.1  119.9  180.7  1.29  0.12  -0.19  118.3
72095.0  1.1  977.2  120.0  180.7  1.29  -0.29  -0.05  118.5
72096.0  1.2  977.2  120.1  180.8  1.36  0.01  -0.22  118.8
72097.0  1.3  977.3  120.2  180.8  1.57  0.26  -0.51  119.3
72098.0  1.5  977.0  120.3  180.6  1.51  0.21  -0.29  119.5
72099.0  1.3  977.0  120.3  180.6  1.27  0.59  0.08  119.7
72100.0  1.1  976.8  120.4  180.9  1.04  0.37  0.26  120.7
72101.0  0.7  977.5  120.5  181.2  0.95  0.01  -0.09  121.2
72102.0  0.9  977.1  120.6  181.3  1.29  -0.79  -0.28  121.0
72103.0  1.1  977.0  120.7  181.2  1.25  -0.68  -0.36  121.0
72104.0  0.8  977.3  120.6  180.9  1.06  -0.79  -0.56  120.9
72105.0  1.1  976.7  120.6  180.5  1.16  -0.41  -0.70  121.3
72106.0  1.2  977.1  120.4  180.0  1.19  -0.01  0.29  121.6
72107.0  1.1  976.8  120.3  180.1  0.92  1.16  0.43  121.5
72108.0  0.8  977.1  120.3  180.4  0.81  0.82  0.19  119.8
72109.0  0.8  976.9  120.2  180.5  0.91  0.75  -0.37  119.1
72110.0  1.2  977.2  120.2  180.4  1.27  0.60  -0.08  118.6
72111.0  1.3  977.0  120.1  180.4  1.29  0.30  0.10  119.3
72112.0  1.1  977.3  119.9  180.5  1.19  0.40  0.32  119.5
72113.0  1.3  977.0  119.9  180.7  1.19  0.30  -0.34  119.3
72114.0  1.0  977.3  119.8  180.6  1.05  0.27  -0.49  119.4
72115.0  1.4  976.9  119.7  180.4  1.25  -0.03  0.10  118.8
72116.0  1.3  977.4  119.6  180.4  1.32  0.31  0.22  118.7
72117.0  0.9  977.1  119.4  180.6  1.22  0.47  0.10  118.5
72118.0  1.1  977.0  119.3  180.8  1.51  -0.73  -0.11  118.2
72119.0  1.4  977.0  119.2  180.8  1.69  -1.63  -0.05  118.6
72120.0  1.3  977.2  119.0  180.7  1.64  -1.64  -0.47  118.9
72121.0  1.4  977.0  118.9  180.3  1.60  -1.74  -0.29  118.0
72122.0  1.3  976.9  118.7  180.0  1.60  -1.21  0.12  117.8
72123.0  1.6  977.0  118.6  180.0  1.62  -1.03  0.54  116.7
72124.0  1.5  977.2  118.4  180.3  1.47  -0.59  -0.20  117.2
72125.0  1.2  976.8  118.4  180.2  1.23  -0.17  -0.35  117.4
72126.0  0.5  976.9  118.3  180.1  1.31  -0.24  -0.18  118.0
72127.0  1.7  976.9  118.1  179.9  2.07  -0.42  0.02  117.8
72128.0  1.4  977.0  117.9  180.1  1.80  0.03  -0.23  117.8
72129.0  1.2  976.8  117.8  180.0  1.47  -0.36  -0.36  117.2
72130.0  1.4  977.5  117.6  179.8  1.55  -0.41  -0.09  117.0
72131.0  1.3  977.3  117.5  179.6  1.57  -0.43  0.19  116.4
72132.0  1.4  977.0  117.4  179.7  1.51  0.02  0.05  115.9
72133.0  1.5  977.2  117.3  179.8  1.55  -0.42  -0.08  115.3
72134.0  1.3  977.4  117.3  179.9  1.42  -1.20  -0.45  115.8
72135.0  1.2  976.8  117.2  179.6  1.49  -1.44  -0.16  115.5
72136.0  1.5  976.9  117.1  179.5  1.74  -1.42  0.10  115.5
72137.0  1.6  977.1  116.9  179.5  1.67  -1.35  0.49  115.7
72138.0  1.6  977.0  116.9  179.8  1.49  -1.35  -0.39  115.3
72139.0  1.6  976.8  116.8  179.6  1.35  -1.50  -0.41  116.4
72140.0  1.3  977.4  116.8  179.3  1.24  -1.22  0.24  116.0
72141.0  1.4  977.2  116.7  179.4  1.28  -0.96  0.40  115.8
72142.0  1.5  977.1  116.7  179.7  1.27  -0.78  -0.14  115.0
72143.0  1.4  977.2  116.7  179.6  1.16  -0.92  -0.63  114.9
72144.0  1.3  977.2  116.7  179.3  1.11  -0.91  -0.72  115.6
72145.0  1.2  977.0  116.7  178.9  1.23  -0.86  -0.45  115.2
72146.0  1.3  976.9  116.6  178.5  1.39  -0.30  -0.04  115.6
72147.0  1.9  977.2  116.5  178.4  1.64  -0.09  0.19  114.5
72148.0  1.2  977.3  116.5  178.5  1.34  0.34  0.34  114.7
72149.0  1.5  976.9  116.4  178.8  1.41  0.52  -0.14  114.8
72150.0  1.7  977.1  116.4  178.9  1.55  0.57  -0.40  114.7
72151.0  1.7  977.3  116.4  178.7  1.43  0.09  -0.49  114.2
72152.0  1.6  976.9  116.4  178.5  1.36  -0.10  0.01  114.0
72153.0  1.7  976.9  116.3  178.5  1.35  0.33  0.12  114.8
72154.0  1.5  977.3  116.3  178.7  1.25  0.76  0.10  114.6
72155.0  1.5  976.9  116.3  178.9  1.19  0.33  0.02  114.6
72156.0  1.4  977.2  116.3  179.0  1.20  -0.19  -0.08  114.5
72157.0  1.5  977.1  116.3  179.0  1.23  -0.70  -0.16  114.7
72158.0  1.6  977.0  116.3  179.0  1.22  -0.38  -0.02  114.8
72159.0  1.1  976.8  116.3  179.0  1.02  -0.71  -0.56  114.9
72160.0  2.2  977.4  116.3  178.7  1.38  -0.32  -0.53  115.0
72161.0  1.5  977.1  116.4  178.5  0.92  0.30  0.55  114.7
72162.0  1.1  976.7  116.4  178.8  0.55  -0.20  0.48  115.2
72163.0  1.0  977.4  116.5  179.3  0.84  -1.23  -0.43  114.7
72164.0  1.6  977.3  116.5  179.1  1.15  -1.69  -0.44  114.9
72165.0  1.2  977.0  116.5  178.9  1.00  -1.90  -0.43  114.8
72166.0  1.7  976.9  116.5  178.5  1.19  -1.53  -0.77  114.7
72167.0  1.0  976.4  116.5  178.0  1.06  -1.12  -0.10  115.1
72168.0  1.5  977.0  116.4  177.8  1.42  -0.79  0.24  115.7
72169.0  1.6  977.2  116.4  178.0  1.55  -0.13  0.03  114.9
72170.0  2.0  977.3  116.4  178.0  1.52  -0.42  -0.45  114.7
72171.0  1.6  976.9  116.3  177.9  1.15  -0.13  -0.40  115.2
72172.0  1.6  976.9  116.4  177.7  1.08  0.49  -0.19  114.9
72173.0  1.3  976.9  116.4  177.7  1.05  0.20  0.12  114.3
72174.0  1.5  977.1  116.4  177.9  1.20  -0.17  0.20  114.4
72175.0  1.6  977.1  116.4  178.2  1.28  0.03  0.34  114.5
72176.0  1.7  976.8  116.4  178.5  1.29  0.15  -0.50  113.4
72177.0  1.6  976.9  116.4  178.5  1.12  -0.33  -0.39  113.9
72178.0  1.5  977.2  116.4  178.4  1.07  -1.09  -0.21  114.8
72179.0  1.8  976.8  116.5  178.3  1.09  -1.41  -0.30  115.0
72180.0  0.8  977.1  116.5  178.1  0.98  -0.89  0.15  114.9
72181.0  1.2  976.7  116.4  178.2  1.54  -0.32  -0.29  115.4
72182.0  1.5  977.2  116.3  178.1  1.80  -0.07  -0.63  116.0
72183.0  1.2  976.7  116.2  177.8  1.64  -0.08  -0.10  116.1
72184.0  1.6  976.9  116.1  177.7  1.86  -0.48  -0.14  115.5
72185.0  1.2  976.9  116.0  177.7  1.84  -0.14  -0.47  115.1
72186.0  1.7  977.3  115.8  177.4  2.14  -0.18  0.10  114.6
72187.0  1.8  977.2  115.7  177.4  2.23  0.04  0.03  113.5
72188.0  2.3  977.2  115.5  177.5  2.19  0.41  0.13  113.2
72189.0  2.2  977.3  115.5  177.6  1.84  -0.36  -0.17  112.1
72190.0  1.1  976.8  115.5  177.4  1.30  -1.10  -0.21  112.7
72191.0  1.8  977.6  115.4  177.3  1.73  0.08  0.18  113.3
72192.0  1.6  977.1  115.4  177.5  1.80  1.06  0.10  114.0
72193.0  1.1  977.7  115.3  177.7  1.59  0.94  0.56  114.9
72194.0  1.9  977.5  115.2  178.3  1.96  0.78  -0.44  114.4
72195.0  1.3  977.1  115.1  178.4  1.59  0.05  -0.02  113.9
72196.0  1.8  977.2  115.1  178.6  1.75  -0.38  -0.48  113.6
72197.0  1.3  976.7  115.0  178.5  1.62  -0.79  -0.61  114.9
72198.0  1.1  977.5  114.9  178.1  1.73  -0.79  -0.73  115.5
72199.0  1.4  976.8  114.7  177.6  2.01  -0.61  -0.06  115.2
72200.0  1.6  976.9  114.6  177.6  2.03  -0.10  0.07  114.9
72201.0  1.6  977.1  114.4  177.7  1.88  0.34  -0.10  114.5
72202.0  1.4  977.0  114.4  177.7  1.82  0.62  -0.11  113.8
72203.0  1.5  977.4  114.3  177.8  1.86  0.16  -0.20  113.9
72204.0  1.6  976.6  114.2  177.8  2.00  0.27  -0.48  113.6
72205.0  1.3  977.2  114.1  177.6  1.92  0.22  -0.51  113.4
72206.0  1.6  977.2  113.9  177.4  2.26  0.41  0.28  112.8
72207.0  2.3  977.1  113.8  177.7  2.41  0.20  0.45  113.0
72208.0  1.4  976.8  113.7  178.1  1.87  -0.02  0.30  112.4
72209.0  1.7  977.3  113.6  178.4  1.90  -0.01  -0.28  112.2
72210.0  1.8  977.3  113.6  178.4  2.11  0.56  0.01  111.9
72211.0  1.8  977.1  113.5  178.6  2.17  0.64  0.01  111.7
72212.0  1.7  977.2  113.4  178.8  2.15  0.45  -0.62  111.7
72213.0  1.8  977.2  113.2  178.7  2.25  0.44  -0.69  112.7
72214.0  1.7  977.3  113.1  178.4  2.30  0.45  -0.68  112.8
72215.0  1.8  977.0  113.0  178.1  2.30  1.29  0.62  111.9
72216.0  1.7  977.1  112.9  178.6  2.25  2.06  -0.05  111.7
72217.0  1.6  976.9  112.7  178.8  2.26  2.13  -0.36  111.4
72218.0  1.9  977.0  112.6  178.9  2.40  1.68  -0.51  111.5
72219.0  1.7  977.2  112.5  178.8  2.37  1.41  -0.36  112.2
72220.0  2.3  977.0  112.4  178.8  2.51  1.29  0.01  112.4
72221.0  2.3  977.4  112.3  178.9  2.21  0.82  0.19  112.1
72222.0  1.6  976.9  112.2  179.1  1.65  1.05  -0.23  111.4
72223.0  1.8  977.2  112.2  179.2  1.65  1.15  0.01  110.2
72224.0  2.0  977.2  112.3  179.4  1.67  1.37  0.00  109.3
72225.0  1.7  977.0  112.3  179.7  1.64  0.85  -0.49  109.0
72226.0  1.1  976.5  112.3  179.6  1.63  0.82  -1.36  110.4
72227.0  1.8  977.1  112.3  179.0  2.30  0.52  -0.39  109.8
72228.0  2.5  976.8  112.2  178.7  2.28  0.97  0.07  110.5
72229.0  2.3  977.3  112.2  178.8  1.88  1.66  0.16  110.5
72230.0  1.7  976.6  112.2  179.1  1.39  1.43  -0.10  111.0
72231.0  2.0  977.4  112.3  179.3  1.44  1.09  0.00  112.1
72232.0  1.8  976.8  112.3  179.4  1.29  0.83  -0.30  111.8
72233.0  1.8  977.3  112.4  179.4  1.14  1.63  0.59  112.0
72234.0  1.8  977.1  112.5  180.0  1.08  2.05  0.75  111.1
72235.0  1.0  977.3  112.6  180.8  0.99  1.32  -0.43  110.7
72236.0  1.3  976.7  112.6  180.9  1.45  0.66  -0.73  111.1
72237.0  2.2  977.1  112.6  180.7  2.03  -0.04  -0.62  111.1
72238.0  2.1  976.9  112.6  180.4  1.75  -0.23  -0.39  111.8
72239.0  2.1  977.4  112.6  180.2  1.51  0.23  -0.11  112.6
