flight/WP3D/AircraftMis_NP3_20130623_RA.ict
41  1001
Ken Aikin
NOAA ESRL Chemical Sciences Division
various aircraft sensors
SENEX 2013
1  1
2013  06  23  2013  06  23
1
AOCTimewave
8
1  1  1  1  1  1  1  1
-9999  -9999  -9999  -9999  -9999  -9999  -9999  -9999
Attack  deg
CabinPrs  mbar
GndSpd  m/s
Heading  deg
Pitch  deg
Roll  deg
Slip  deg
TrueAirSpd  m/s
1
SPECIAL COMMENTS:Indianapolis and Nashville PP.
18
PI_CONTACT_INFO: Address: NOAA ESRL Chemical Sciences Division  Mail Stop R/CSD7  325 Broadway  Boulder  CO 80305
PLATFORM: NOAA WP-3D
LOCATION: The aircraft was stationed in  Smyrna  Tennessee. Aircraft location information in AircraftPosition file.
ASSOCIATED_DATA: N/A
INSTRUMENT_INFO: N/A
DATA_INFO: Units: Attack degrees; CabinPrs millibar; GndSpd m/s; Heading degrees; Pitch degrees; Roll degrees; Slip degrees; TrueAirSpd m/s
UNCERTAINTY: N/A
ULOD_FLAG: -7777
ULOD_VALUE: N/A
LLOD_FLAG: -8888
LLOD_VALUE: N/A
DM_CONTACT_INFO: Data Manager:Ken Aikin; email:Kenneth.C.Aikin@noaa.gov
PROJECT_INFO: SENEX 2013 Study; June 1 - July 15  2013
STIPULATIONS_ON_USE: Use of these data require prior ok from PI.
OTHER_COMMENTS:       None
REVISION: RA
RA: Preliminary Data.  For in-field use.
AOCTimewave  Attack  CabinPrs  GndSpd  Heading  Pitch  Roll  Slip  TrueAirSpd
[from data line 18524]
73027.0  1.4  955.0  117.2  269.4  1.46  0.35  -0.31  117.6
73028.0  1.7  955.0  117.2  269.4  1.63  -0.05  -0.14  117.3
73029.0  1.6  954.7  117.2  269.5  1.56  0.11  -0.49  117.5
73030.0  1.5  954.8  117.2  269.3  1.48  0.19  -0.15  117.1
73031.0  1.7  955.1  117.2  269.4  1.61  -0.19  -0.14  116.7
73032.0  1.7  954.6  117.2  269.4  1.52  0.30  -0.10  117.1
73033.0  1.9  954.9  117.2  269.6  1.45  0.42  -0.54  117.0
73034.0  1.8  954.8  117.3  269.5  1.07  0.30  0.04  117.0
73035.0  1.3  954.7  117.4  269.7  0.80  -0.02  0.56  117.1
73036.0  1.4  954.8  117.5  270.1  0.96  0.32  -0.38  117.4
73037.0  1.4  954.8  117.5  270.2  0.93  -0.16  -0.38  116.7
73038.0  1.2  955.1  117.6  270.2  0.94  -0.68  -0.21  117.2
73039.0  0.8  955.2  117.7  270.1  0.93  -0.92  -0.66  117.5
73040.0  1.6  955.3  117.7  269.8  1.44  -0.73  -0.52  117.5
73041.0  1.1  955.1  117.7  269.7  1.39  -0.71  0.04  118.4
73042.0  1.6  954.9  117.6  269.7  1.60  -0.43  0.00  119.0
73043.0  1.5  954.8  117.6  269.8  1.63  -0.21  -0.41  119.2
73044.0  1.3  954.8  117.5  269.7  1.53  -0.24  -0.05  118.8
73045.0  1.3  955.1  117.4  269.8  1.70  -0.17  -0.65  118.8
73046.0  1.8  954.8  117.4  269.5  1.95  -0.01  -0.73  118.1
73047.0  1.7  955.0  117.3  269.3  1.76  0.11  -0.59  118.0
73048.0  1.5  954.7  117.2  269.1  1.67  0.24  -0.26  118.0
73049.0  1.4  955.5  117.2  269.0  1.67  0.66  -0.12  117.8
73050.0  1.8  955.2  117.1  269.1  1.91  1.01  -0.17  117.3
73051.0  1.7  955.0  117.1  269.1  1.85  0.65  -0.10  118.5
73052.0  1.3  955.4  117.0  269.2  1.75  0.44  0.34  118.5
73053.0  1.5  955.3  116.9  269.5  1.85  0.17  0.29  117.9
73054.0  1.5  955.0  116.8  269.8  1.78  -0.23  -0.03  117.8
73055.0  1.4  955.1  116.8  269.9  1.73  -0.53  -0.29  117.0
73056.0  1.5  955.4  116.7  269.9  1.85  -0.46  -0.38  116.4
73057.0  1.5  955.0  116.7  269.8  1.91  -0.33  -0.13  116.2
73058.0  1.7  955.0  116.6  269.9  1.95  -0.45  -0.14  116.6
73059.0  1.5  955.0  116.5  269.9  1.91  -0.44  -0.25  116.6
73060.0  1.4  954.6  116.5  269.8  1.92  -0.42  -0.58  115.7
73061.0  2.4  954.5  116.4  269.6  2.18  -0.14  -0.74  115.6
73062.0  1.6  955.0  116.4  269.3  1.64  -0.03  -0.45  116.0
73063.0  1.5  954.5  116.4  269.2  1.55  0.70  -0.15  115.6
73064.0  1.5  954.6  116.4  269.2  1.69  0.30  -0.10  116.2
73065.0  1.3  955.1  116.4  269.3  1.74  0.33  0.49  115.7
73066.0  1.7  954.9  116.3  269.7  1.94  0.15  0.30  115.6
73067.0  1.9  954.9  116.3  270.0  1.99  -0.21  -0.42  115.4
73068.0  1.8  954.9  116.3  269.8  1.81  -0.51  -0.40  115.4
73069.0  2.0  954.8  116.3  269.7  1.73  -0.55  -0.29  114.7
73070.0  1.7  954.8  116.3  269.6  1.51  -0.24  0.13  115.3
73071.0  1.5  955.2  116.3  269.8  1.46  0.15  0.01  115.1
73072.0  1.8  955.1  116.4  269.9  1.50  -0.32  -0.97  115.9
73073.0  1.6  955.0  116.4  269.6  1.34  -0.05  -0.24  116.2
73074.0  1.4  954.9  116.5  269.6  1.28  0.04  0.04  116.7
73075.0  1.6  954.6  116.5  269.7  1.30  -0.13  -0.35  117.9
73076.0  1.0  955.2  116.5  269.7  1.20  0.11  0.02  116.7
73077.0  1.7  954.7  116.5  269.8  1.49  -0.22  -0.64  117.2
73078.0  1.2  955.1  116.5  269.6  1.43  -0.66  -0.17  117.9
73079.0  1.4  954.6  116.5  269.5  1.59  -0.33  -0.07  117.7
73080.0  1.5  954.7  116.5  269.6  1.63  -0.12  0.01  116.9
73081.0  1.6  954.9  116.4  269.6  1.67  -0.33  0.09  116.4
73082.0  1.6  955.0  116.4  269.8  1.71  -1.05  -0.09  116.2
73083.0  1.5  954.5  116.4  269.9  1.73  -1.08  -0.23  116.5
73084.0  1.6  954.8  116.4  269.9  1.82  -1.07  -0.42  116.1
73085.0  1.6  955.2  116.3  269.7  1.83  -1.48  -0.42  115.6
73086.0  1.7  954.9  116.3  269.6  1.99  -1.84  -0.37  116.1
73087.0  1.7  955.2  116.2  269.4  2.06  -1.74  -0.48  115.8
73088.0  1.8  955.0  116.2  269.1  2.15  -1.36  -0.45  115.9
73089.0  1.7  954.6  116.1  268.8  2.14  -1.03  0.03  115.7
73090.0  1.7  955.3  116.0  268.9  2.13  -1.30  -0.27  116.1
73091.0  1.5  954.9  115.9  268.8  2.08  -1.88  -0.52  116.6
73092.0  1.6  955.2  115.8  268.5  2.22  -1.77  -0.36  116.2
73093.0  1.6  955.1  115.7  268.3  2.25  -1.46  -0.02  115.9
73094.0  1.9  955.1  115.6  268.3  2.29  -1.20  0.00  115.6
73095.0  1.7  955.0  115.5  268.3  2.22  -1.52  -0.07  114.6
73096.0  1.9  955.2  115.4  268.2  2.07  -0.95  -0.16  114.0
73097.0  1.8  954.9  115.4  268.2  1.93  -0.79  -0.30  113.6
73098.0  2.0  955.0  115.5  268.1  1.82  -1.00  -0.49  113.6
73099.0  2.1  955.2  115.5  267.9  1.66  -0.79  -0.14  114.1
73100.0  1.5  954.9  115.5  267.9  1.42  -0.61  -0.32  114.4
73101.0  1.0  954.7  115.6  267.8  1.43  -0.23  0.23  115.1
73102.0  1.9  955.0  115.6  268.0  1.85  -0.87  -0.41  114.4
73103.0  1.8  954.7  115.6  267.8  1.76  -0.70  -0.44  113.9
73104.0  1.7  955.3  115.6  267.7  1.63  0.01  -0.25  113.7
73105.0  1.7  955.0  115.7  267.6  1.55  -0.11  -0.19  113.8
73106.0  2.0  954.9  115.8  267.6  1.65  -0.25  -0.41  114.0
73107.0  1.5  955.1  115.8  267.5  1.52  0.37  -0.56  114.2
73108.0  1.8  954.7  115.8  267.4  1.61  0.70  -0.19  114.3
73109.0  2.0  954.9  115.9  267.4  1.73  0.52  -0.43  113.7
73110.0  1.7  954.9  116.0  267.4  1.56  0.64  -0.28  113.5
73111.0  1.5  954.5  116.0  267.3  1.58  0.26  0.03  113.3
73112.0  1.8  954.9  116.0  267.5  1.88  1.30  0.48  114.5
73113.0  2.5  955.0  116.0  268.0  2.07  1.56  -0.03  115.9
73114.0  1.2  954.7  116.0  268.2  1.42  1.06  -0.32  115.6
73115.0  1.5  955.2  116.1  268.3  1.55  0.65  -0.74  115.2
73116.0  2.5  954.7  116.1  268.0  1.89  0.55  -0.83  115.3
73117.0  1.7  953.6  116.1  267.6  1.36  0.33  0.15  117.4
73118.0  1.3  955.2  116.1  267.9  1.13  1.00  0.48  118.7
73119.0  1.2  954.7  116.2  268.2  1.25  1.31  0.18  118.1
73120.0  1.3  954.9  116.2  268.5  1.30  1.01  -0.32  117.3
73121.0  1.2  955.0  116.2  268.6  1.43  0.81  -0.11  117.1
73122.0  1.6  955.0  116.2  268.7  1.57  -0.01  -0.21  116.6
73123.0  1.9  955.0  116.2  268.7  1.58  -0.39  -0.37  115.9
73124.0  1.7  954.8  116.3  268.7  1.23  0.34  -0.73  115.8
73125.0  1.1  955.0  116.4  268.5  0.97  0.66  -0.14  116.0
73126.0  1.4  954.6  116.5  268.5  1.36  0.50  -0.73  116.5
73127.0  1.5  955.0  116.5  268.2  1.59  0.28  -0.48  116.7
73128.0  1.6  954.8  116.5  268.0  1.62  0.39  -0.05  116.5
73129.0  1.8  955.0  116.5  268.1  1.73  0.60  -0.12  115.9
73130.0  1.5  954.6  116.5  268.2  1.58  0.82  -0.25  116.4
73131.0  1.6  954.8  116.5  268.2  1.68  0.69  -0.39  116.9
73132.0  1.7  954.8  116.5  268.1  1.72  0.97  -0.23  116.6
73133.0  1.5  954.9  116.5  268.2  1.67  0.58  0.09  116.9
73134.0  1.6  955.0  116.4  268.4  1.82  0.42  -0.04  116.9
73135.0  1.6  955.0  116.4  268.5  1.85  0.37  -0.23  117.2
73136.0  1.6  955.1  116.3  268.5  1.92  0.05  -0.50  116.8
73137.0  1.6  955.1  116.3  268.3  1.88  0.15  -0.09  116.6
73138.0  1.6  954.9  116.2  268.4  1.88  0.22  0.01  116.4
73139.0  1.6  954.9  116.2  268.5  1.85  0.30  0.06  116.3
73140.0  1.6  954.8  116.2  268.7  1.86  0.61  -0.31  115.9
73141.0  1.7  954.9  116.1  268.7  1.90  1.34  -0.22  115.8
73142.0  1.5  955.0  116.1  268.8  1.81  1.25  -0.27  115.8
73143.0  1.6  955.1  116.1  268.9  1.86  1.27  -0.32  116.4
73144.0  1.7  954.8  116.1  269.0  1.88  0.97  -0.25  116.4
73145.0  1.5  955.0  116.0  269.0  1.76  0.97  -0.45  116.4
73146.0  1.5  955.0  116.0  268.9  1.84  1.07  -0.02  116.2
73147.0  1.6  954.7  116.0  269.1  1.94  0.86  0.08  116.5
73148.0  1.5  955.0  115.9  269.3  1.85  0.95  -0.37  116.4
73149.0  1.6  954.9  115.9  269.3  1.90  0.59  -0.36  116.5
73150.0  1.6  954.7  115.8  269.3  1.93  0.64  -0.37  116.3
73151.0  1.6  954.7  115.8  269.2  1.87  0.58  -0.15  116.3
73152.0  1.8  954.8  115.8  269.3  1.89  0.51  -0.20  115.9
73153.0  1.5  955.1  115.7  269.3  1.76  0.67  -0.28  116.5
73154.0  1.7  954.8  115.7  269.3  1.76  0.75  -0.38  117.1
73155.0  1.6  954.9  115.7  269.3  1.62  0.56  -0.30  116.6
73156.0  1.5  955.1  115.7  269.3  1.49  0.53  -0.14  116.1
73157.0  1.6  954.9  115.7  269.4  1.60  0.54  -0.20  115.8
73158.0  1.4  954.8  115.7  269.4  1.63  0.42  -0.13  115.7
73159.0  1.5  954.8  115.7  269.5  1.71  0.44  -0.21  115.9
73160.0  1.6  954.6  115.7  269.5  1.77  0.15  -0.17  115.9
73161.0  1.7  954.8  115.7  269.6  1.83  -0.06  0.12  116.2
73162.0  1.6  954.7  115.7  269.8  1.75  0.07  -0.13  115.9
73163.0  1.6  954.7  115.7  269.8  1.76  -0.12  -0.35  115.3
73164.0  1.7  955.1  115.7  269.8  1.74  -0.32  -0.27  115.4
73165.0  1.6  954.9  115.7  269.8  1.83  -0.33  -0.14  115.8
73166.0  1.8  955.1  115.6  269.8  1.91  -0.56  0.07  116.0
73167.0  1.6  954.7  115.6  269.9  1.80  -0.30  -0.12  116.6
73168.0  1.5  954.7  115.6  270.0  1.71  -0.44  -0.30  116.2
73169.0  1.6  954.4  115.6  269.9  1.85  -0.41  -0.37  116.5
73170.0  1.6  954.9  115.5  269.8  1.82  -0.40  -0.21  116.1
73171.0  1.5  955.0  115.5  269.8  1.76  -0.46  -0.27  115.8
73172.0  1.7  955.1  115.5  269.8  1.89  -0.22  -0.33  116.0
73173.0  1.7  954.9  115.4  269.7  1.82  -0.32  -0.33  115.8
73174.0  1.5  954.7  115.4  269.6  1.71  0.02  -0.42  115.7
73175.0  1.7  954.8  115.4  269.5  1.75  0.21  -0.12  116.2
73176.0  1.9  955.0  115.4  269.6  1.79  0.22  -0.12  116.2
73177.0  1.5  954.6  115.4  269.6  1.49  0.54  -0.47  115.9
73178.0  1.3  954.9  115.4  269.5  1.47  0.00  -0.08  116.0
73179.0  1.6  955.3  115.5  269.6  1.75  0.20  -0.30  115.6
73180.0  1.7  955.1  115.4  269.5  1.79  0.26  -0.40  115.6
73181.0  1.7  955.0  115.4  269.5  1.71  -0.04  0.09  115.3
73182.0  1.6  955.0  115.5  269.6  1.70  0.30  0.03  114.7
73183.0  2.0  954.7  115.5  269.8  1.80  0.22  0.11  114.3
73184.0  1.4  954.9  115.5  270.0  1.58  0.01  -0.49  114.6
73185.0  1.8  954.8  115.6  269.9  1.75  -0.14  -0.44  114.2
73186.0  1.8  954.8  115.6  269.8  1.81  -0.25  -0.30  114.2
73187.0  2.0  954.7  115.6  269.7  1.78  -0.43  0.18  114.9
73188.0  1.9  954.9  115.6  269.9  1.67  -0.51  -0.11  114.8
73189.0  1.6  955.0  115.7  270.0  1.49  -0.32  0.06  116.0
73190.0  1.6  954.4  115.7  270.1  1.45  -0.66  -0.19  115.8
73191.0  2.0  954.7  115.8  270.1  1.51  -0.19  -0.62  115.7
73192.0  1.4  954.9  115.8  269.9  1.10  0.11  -0.78  116.4
73193.0  1.2  954.8  115.9  269.6  1.18  -0.48  -0.33  115.8
73194.0  1.4  955.0  116.0  269.5  1.43  -0.22  0.15  115.8
73195.0  1.7  954.9  116.0  269.6  1.62  0.34  0.08  115.9
73196.0  1.4  955.2  116.0  269.8  1.47  0.71  -0.30  116.2
73197.0  1.6  954.7  116.0  269.8  1.60  0.00  -0.45  116.2
73198.0  1.7  955.1  116.0  269.7  1.66  -0.10  -0.46  116.4
73199.0  1.7  954.6  116.0  269.6  1.57  0.05  -0.35  116.5
73200.0  1.7  954.8  116.0  269.5  1.49  0.18  -0.52  116.9
73201.0  1.5  954.6  116.1  269.3  1.41  0.02  -0.34  116.6
73202.0  1.5  955.0  116.1  269.2  1.55  0.40  -0.12  116.7
73203.0  1.3  954.8  116.0  269.3  1.60  0.72  -0.02  116.9
73204.0  1.5  955.0  116.0  269.5  1.79  0.48  0.09  116.4
73205.0  1.3  954.9  116.0  269.6  1.85  0.48  -0.04  116.1
73206.0  1.8  955.0  116.0  269.8  2.06  0.36  0.31  113.8
73207.0  2.8  955.0  115.9  270.2  2.13  -0.24  0.49  114.8
73208.0  1.6  954.7  116.0  270.7  1.51  -1.00  -0.33  114.7
73209.0  1.2  955.0  116.0  270.6  1.37  -1.23  -0.81  115.7
73210.0  1.9  955.1  116.1  270.3  1.85  -1.32  -0.51  115.7
73211.0  2.1  955.0  116.0  270.1  1.84  -0.66  -0.32  115.4
73212.0  1.5  955.0  116.1  270.1  1.41  -0.45  -0.37  115.0
73213.0  1.5  954.7  116.1  270.0  1.48  -0.31  -0.19  115.2
73214.0  1.5  954.9  116.2  270.0  1.67  -0.63  -0.27  114.8
73215.0  2.0  955.3  116.2  269.9  1.68  -0.40  -0.26  114.5
73216.0  1.4  955.0  116.2  269.9  1.43  -0.37  -0.46  115.2
73217.0  1.6  954.8  116.3  269.6  1.52  -0.26  -0.33  114.9
73218.0  2.4  954.9  116.3  269.5  1.79  -0.05  -0.02  116.3
73219.0  1.2  954.7  116.3  269.6  1.14  0.29  -0.20  117.3
73220.0  1.1  955.0  116.4  269.6  1.13  -0.14  -0.08  117.0
73221.0  1.5  955.1  116.4  269.6  1.47  0.32  -0.40  116.3
73222.0  1.6  954.9  116.5  269.5  1.42  0.22  -0.30  116.1
73223.0  1.4  954.8  116.5  269.4  1.31  0.08  -0.17  116.2
73224.0  1.6  954.6  116.5  269.4  1.46  0.30  -0.29  116.4
73225.0  1.5  954.8  116.6  269.4  1.39  0.58  -0.25  116.2
73226.0  1.6  954.9  116.6  269.4  1.52  -0.10  -0.47  116.6
73227.0  1.6  954.4  116.6  269.3  1.53  -0.96  -0.13  116.7
73228.0  1.5  954.5  116.6  269.2  1.50  -1.02  -0.16  117.3
73229.0  1.5  955.2  116.6  269.2  1.57  -0.91  0.06  117.6
73230.0  1.6  954.7  116.6  269.2  1.70  -0.83  -0.11  117.5
73231.0  1.5  954.6  116.6  269.2  1.56  -0.67  -0.29  117.5
73232.0  1.5  955.1  116.5  269.2  1.55  -0.77  -0.36  117.7
73233.0  1.4  954.8  116.5  269.0  1.55  -0.75  -0.28  117.7
73234.0  1.5  954.9  116.5  269.0  1.63  -0.63  -0.07  117.0
73235.0  1.6  955.0  116.5  269.0  1.66  -0.56  -0.42  117.2
73236.0  1.5  954.6  116.4  268.8  1.56  -0.33  -0.48  117.3
73237.0  1.3  954.6  116.4  268.7  1.51  -0.19  -0.36  117.4
73238.0  1.5  955.1  116.4  268.6  1.68  -0.01  -0.30  117.4
73239.0  1.5  954.9  116.4  268.5  1.74  -0.17  -0.04  117.2
73240.0  1.5  954.7  116.3  268.6  1.70  0.27  -0.10  117.1
73241.0  1.6  954.8  116.3  268.7  1.65  0.49  -0.16  117.3
73242.0  1.5  954.7  116.3  268.7  1.53  0.29  -0.65  117.3
73243.0  1.7  954.8  116.3  268.5  1.56  0.29  0.38  116.9
73244.0  1.2  955.2  116.3  268.9  1.44  0.09  0.39  117.2
73245.0  1.4  954.6  116.3  269.2  1.65  0.06  -0.04  117.7
73246.0  1.5  954.7  116.2  269.4  1.88  -0.46  -0.10  117.6
73247.0  1.5  955.0  116.2  269.5  1.90  0.44  -0.56  116.9
73248.0  1.6  954.8  116.1  269.5  1.92  5.35  0.01  116.6
73249.0  1.6  954.9  116.1  270.1  1.82  10.92  0.37  116.6
73250.0  1.8  955.1  116.0  271.6  2.01  15.30  0.26  116.7
73251.0  1.8  954.9  116.0  273.3  2.10  17.80  -0.03  116.6
73252.0  2.1  954.6  116.1  275.2  2.58  18.79  -0.38  116.4
73253.0  2.4  955.1  116.2  277.0  3.11  18.78  -0.55  116.1
73254.0  1.9  954.5  116.4  278.6  3.00  20.00  -0.11  116.2
73255.0  1.8  954.5  116.7  280.5  3.36  22.14  -0.61  116.2
73256.0  2.2  954.9  116.9  282.5  4.17  21.85  -0.52  116.1
73257.0  1.9  954.6  117.0  284.2  4.17  21.85  -0.17  116.1
73258.0  1.6  954.7  117.1  286.0  4.07  22.17  0.30  116.0
73259.0  1.6  954.6  117.4  287.9  3.71  22.67  -0.47  115.8
73260.0  1.9  954.0  117.6  289.6  3.71  22.25  -0.29  116.7
73261.0  1.6  954.3  117.9  291.3  3.48  22.39  -0.20  117.7
73262.0  1.4  954.4  118.2  293.0  3.08  22.50  -0.04  118.1
73263.0  1.6  954.2  118.5  295.0  3.20  22.43  0.08  118.0
73264.0  1.7  954.3  118.8  297.1  3.40  22.20  -0.10  117.9
73265.0  1.6  954.4  119.0  299.0  3.24  22.22  -0.07  118.1
73266.0  1.4  953.5  119.3  300.8  2.84  21.37  -0.31  118.5
73267.0  1.4  953.7  119.7  302.4  2.70  21.31  -0.23  119.0
73268.0  1.5  953.7  120.0  304.2  2.80  20.61  0.27  119.1
73269.0  1.8  953.8  120.4  306.2  2.91  20.20  -0.29  119.0
73270.0  1.7  953.9  120.7  307.9  3.10  20.37  0.06  118.8
73271.0  2.0  953.9  120.9  309.9  3.36  20.49  0.17  118.7
73272.0  1.9  953.4  121.1  312.1  3.85  19.29  -0.46  118.3
73273.0  0.9  953.0  121.2  313.2  3.27  12.26  -0.95  119.2
73274.0  1.1  953.2  121.4  313.7  3.50  4.81  -0.61  119.8
73275.0  1.7  953.1  121.4  313.8  4.59  2.48  -0.20  119.8
73276.0  1.2  953.0  121.4  313.8  4.28  1.12  -0.52  119.7
73277.0  0.9  953.3  121.4  313.6  4.07  0.51  -0.58  119.8
73278.0  0.8  952.6  121.4  313.3  3.97  0.30  -0.17  119.9
73279.0  1.1  952.8  121.4  313.2  3.91  -0.41  0.19  119.9
73280.0  1.2  952.7  121.5  313.4  3.80  -0.39  -0.22  119.9
73281.0  1.1  952.4  121.6  313.3  3.53  -0.14  -0.35  119.3
73282.0  1.3  952.6  121.7  313.2  3.55  -0.36  0.05  119.6
73283.0  1.5  952.3  121.7  313.4  3.97  -3.77  -0.22  119.4
73284.0  1.4  952.1  121.7  313.1  4.03  -14.12  -1.16  119.1
73285.0  1.4  952.0  121.8  311.6  4.13  -23.25  -1.30  119.6
73286.0  2.3  952.2  121.7  308.7  4.77  -28.30  -1.13  119.8
73287.0  2.1  952.1  121.5  305.7  4.84  -30.09  -1.16  119.7
73288.0  1.9  952.1  121.3  302.4  4.82  -31.57  -0.71  119.6
73289.0  2.1  951.8  121.0  299.1  5.01  -32.94  -0.33  119.0
73290.0  2.0  951.7  120.8  296.2  5.02  -31.46  -0.47  118.5
