flight/WP3D/AircraftPos_NP3_20130603_RA.ict
38  1001
Ken Aikin
NOAA ESRL Chemical Sciences Division
various aircraft sensors
SENEX 2013
1  1
2013  06  03  2013  06  04
1
AOCTimewave
5
1  1  1  1  1 
-9999  -9999  -9999  -9999  -9999
GpsLat  deg
GpsLon  deg
GpsAlt  m
PAlt  m
RAlt  m
1
SPECIAL COMMENTS:Transit from Tampa  FL to Smyrna  TN.
18
PI_CONTACT_INFO: Address: NOAA ESRL Chemical Sciences Division  Mail Stop R/CSD7  325 Broadway  Boulder  CO 80305
PLATFORM: NOAA WP-3D
LOCATION: The aircraft was stationed in Smyrna  Tennessee. Aircraft location information in AircraftPosition file.
ASSOCIATED_DATA: N/A
INSTRUMENT_INFO: N/A
DATA_INFO: Units:GpsLat:decimal degrees; GpsLon: decimal degrees; GpsAlt: meters; PAlt:meters; RAlt: meters.
UNCERTAINTY: N/A
ULOD_FLAG: -7777
ULOD_VALUE: N/A
LLOD_FLAG: -8888
LLOD_VALUE: N/A
DM_CONTACT_INFO: Data Manager:Ken Aikin; email:Kenneth.C.Aikin@noaa.gov
PROJECT_INFO: SENEX 2013 Study; June 1 - July 15  2013
STIPULATIONS_ON_USE: Use of these data require prior ok from PI.
OTHER_COMMENTS:       None
REVISION: RA
RA: Preliminary Data.  For in-field use.
AOCTimewave  GpsLat  GpsLon  GpsAlt  PAlt  RAlt
[from data line 11928]
63199.0  34.1573   -87.6043    671.8    619.6    409.3
63200.0  34.1583   -87.6043    671.0    620.0    412.2
63201.0  34.1593   -87.6044    670.6    620.2    412.6
63202.0  34.1603   -87.6044    670.6    619.1    414.6
63203.0  34.1613   -87.6044    670.6    618.7    417.2
63204.0  34.1623   -87.6045    670.6    617.2    412.0
63205.0  34.1633   -87.6045    670.6    617.2    403.3
63206.0  34.1643   -87.6046    670.2    617.3    403.1
63207.0  34.1653   -87.6046    670.6    618.1    403.9
63208.0  34.1663   -87.6046    670.6    619.5    403.9
63209.0  34.1673   -87.6047    670.8    620.2    408.5
63210.0  34.1683   -87.6047    671.8    619.6    404.1
63211.0  34.1693   -87.6047    671.8    619.2    401.0
63212.0  34.1703   -87.6048    671.8    619.7    396.0
63213.0  34.1713   -87.6048    671.8    619.6    399.4
63214.0  34.1723   -87.6048    671.5    619.5    404.3
63215.0  34.1733   -87.6049    670.6    618.6    402.9
63216.0  34.1743   -87.6049    670.6    618.7    405.4
63217.0  34.1754   -87.6049    670.6    619.2    405.2
63218.0  34.1764   -87.6049    672.0    620.2    403.0
63219.0  34.1774   -87.6050    673.8    621.2    405.5
63220.0  34.1784   -87.6050    676.2    622.3    397.9
63221.0  34.1794   -87.6050    678.4    624.5    393.4
63222.0  34.1804   -87.6050    681.0    627.5    395.5
63223.0  34.1814   -87.6050    684.1    630.9    403.1
63224.0  34.1824   -87.6050    687.1    635.0    408.2
63225.0  34.1833   -87.6051    688.8    636.3    418.6
63226.0  34.1843   -87.6051    689.9    636.0    414.0
63227.0  34.1853   -87.6051    691.4    636.9    410.2
63228.0  34.1863   -87.6051    693.5    640.1    417.0
63229.0  34.1873   -87.6051    695.5    643.0    425.1
63230.0  34.1883   -87.6051    696.9    645.4    431.8
63231.0  34.1893   -87.6051    697.4    646.0    422.1
63232.0  34.1903   -87.6051    698.6    645.4    419.3
63233.0  34.1913   -87.6051    697.5    644.8    418.2
63234.0  34.1923   -87.6051    697.4    643.0    421.9
63235.0  34.1933   -87.6052    697.4    642.8    426.5
63236.0  34.1943   -87.6052    696.7    643.3    429.1
63237.0  34.1953   -87.6052    695.7    642.3    444.1
63238.0  34.1963   -87.6052    694.6    641.6    466.2
63239.0  34.1973   -87.6052    693.4    640.5    478.0
63240.0  34.1983   -87.6052    692.3    638.6    476.1
63241.0  34.1993   -87.6052    691.1    638.2    466.5
63242.0  34.2003   -87.6052    690.0    636.2    465.1
63243.0  34.2013   -87.6053    688.8    634.2    461.1
63244.0  34.2022   -87.6053    688.8    635.4    448.7
63245.0  34.2032   -87.6053    688.3    634.9    440.4
63246.0  34.2042   -87.6053    687.6    632.9    434.5
63247.0  34.2052   -87.6053    687.6    632.4    429.0
63248.0  34.2062   -87.6054    687.6    633.1    439.7
63249.0  34.2072   -87.6054    687.6    633.5    449.3
63250.0  34.2082   -87.6054    688.6    635.3    446.1
63251.0  34.2092   -87.6055    689.1    636.2    445.8
63252.0  34.2102   -87.6055    690.1    636.4    428.1
63253.0  34.2112   -87.6055    690.4    636.8    421.2
63254.0  34.2122   -87.6056    691.5    637.7    411.6
63255.0  34.2132   -87.6056    692.5    638.5    415.3
63256.0  34.2142   -87.6057    693.4    640.0    417.7
63257.0  34.2152   -87.6057    693.0    638.5    412.3
63258.0  34.2162   -87.6058    692.5    639.0    413.1
63259.0  34.2172   -87.6058    693.0    639.5    424.0
63260.0  34.2182   -87.6058    694.1    640.0    417.7
63261.0  34.2192   -87.6059    694.9    642.1    417.2
63262.0  34.2202   -87.6059    693.7    641.6    420.7
63263.0  34.2212   -87.6059    693.0    640.9    440.1
63264.0  34.2222   -87.6060    692.5    641.2    434.6
63265.0  34.2232   -87.6060    692.5    639.0    413.2
63266.0  34.2242   -87.6060    691.7    637.1    410.5
63267.0  34.2252   -87.6061    691.3    638.2    403.7
63268.0  34.2262   -87.6061    691.3    638.6    410.3
63269.0  34.2272   -87.6062    690.6    637.3    413.1
63270.0  34.2282   -87.6062    690.1    637.1    412.1
63271.0  34.2292   -87.6062    690.1    636.9    411.2
63272.0  34.2302   -87.6063    690.1    636.6    427.0
63273.0  34.2312   -87.6063    690.1    637.3    427.1
63274.0  34.2322   -87.6063    690.1    636.8    411.4
63275.0  34.2332   -87.6064    690.1    637.0    409.1
63276.0  34.2343   -87.6064    690.1    637.0    418.2
63277.0  34.2353   -87.6065    690.1    635.5    412.2
63278.0  34.2363   -87.6065    690.1    635.4    416.0
63279.0  34.2373   -87.6065    690.1    637.3    410.5
63280.0  34.2383   -87.6066    690.1    636.1    404.0
63281.0  34.2393   -87.6066    690.1    635.4    393.6
63282.0  34.2403   -87.6066    690.1    635.9    390.0
63283.0  34.2413   -87.6067    690.6    637.9    389.2
63284.0  34.2423   -87.6067    691.4    638.3    394.6
63285.0  34.2433   -87.6067    692.5    640.4    392.4
63286.0  34.2443   -87.6068    693.0    640.3    402.7
63287.0  34.2453   -87.6068    693.7    639.8    408.7
63288.0  34.2463   -87.6069    692.7    638.3    412.5
63289.0  34.2473   -87.6069    692.5    639.0    415.7
63290.0  34.2483   -87.6070    693.0    638.9    417.0
63291.0  34.2493   -87.6070    693.9    640.7    423.5
63292.0  34.2503   -87.6071    694.9    641.8    427.6
63293.0  34.2513   -87.6071    694.9    639.9    431.6
63294.0  34.2523   -87.6072    694.6    639.0    435.3
63295.0  34.2533   -87.6072    693.7    638.2    437.3
63296.0  34.2543   -87.6072    693.7    637.6    432.1
63297.0  34.2553   -87.6073    692.8    638.1    431.5
63298.0  34.2563   -87.6073    692.5    637.0    433.2
63299.0  34.2573   -87.6074    692.5    637.7    444.3
63300.0  34.2583   -87.6074    692.5    637.4    445.3
63301.0  34.2593   -87.6074    692.5    636.9    442.1
63302.0  34.2603   -87.6075    692.5    637.2    439.7
63303.0  34.2613   -87.6075    692.5    637.1    437.4
63304.0  34.2623   -87.6075    692.5    638.2    428.6
63305.0  34.2633   -87.6076    692.5    639.0    435.7
63306.0  34.2643   -87.6076    692.5    638.6    436.5
63307.0  34.2653   -87.6077    692.5    638.5    437.3
63308.0  34.2663   -87.6077    692.3    638.8    429.9
63309.0  34.2673   -87.6078    691.3    638.6    434.8
63310.0  34.2683   -87.6078    691.3    637.0    444.3
63311.0  34.2693   -87.6079    691.3    636.6    443.2
63312.0  34.2703   -87.6079    691.9    636.8    434.7
63313.0  34.2713   -87.6079    692.3    636.3    437.9
63314.0  34.2724   -87.6080    691.3    636.4    431.7
63315.0  34.2733   -87.6080    691.3    638.3    421.4
63316.0  34.2744   -87.6081    692.4    637.5    411.3
63317.0  34.2754   -87.6081    692.5    638.1    407.1
63318.0  34.2764   -87.6082    692.5    638.1    410.6
63319.0  34.2774   -87.6082    692.5    638.7    412.4
63320.0  34.2784   -87.6083    692.5    638.4    420.9
63321.0  34.2794   -87.6083    692.5    638.0    424.8
63322.0  34.2804   -87.6083    692.5    638.9    419.4
63323.0  34.2814   -87.6084    692.5    637.3    423.2
63324.0  34.2824   -87.6084    692.5    637.7    420.1
63325.0  34.2834   -87.6085    692.5    637.2    418.3
63326.0  34.2844   -87.6085    692.5    636.1    421.6
63327.0  34.2854   -87.6085    691.3    636.6    418.1
63328.0  34.2864   -87.6086    691.2    635.6    419.2
63329.0  34.2874   -87.6086    690.1    635.0    418.8
63330.0  34.2884   -87.6086    690.1    635.6    416.7
63331.0  34.2894   -87.6086    690.1    635.0    420.0
63332.0  34.2904   -87.6087    690.1    634.8    413.5
63333.0  34.2914   -87.6087    690.1    634.5    418.2
63334.0  34.2924   -87.6087    690.1    636.4    424.4
63335.0  34.2934   -87.6087    690.6    635.3    427.9
63336.0  34.2944   -87.6087    691.3    635.4    435.2
63337.0  34.2954   -87.6088    691.3    636.9    439.5
63338.0  34.2964   -87.6088    692.5    638.9    437.8
63339.0  34.2974   -87.6088    692.5    638.3    428.9
63340.0  34.2984   -87.6088    692.5    639.7    428.2
63341.0  34.2994   -87.6089    693.7    639.2    418.7
63342.0  34.3004   -87.6089    693.9    639.4    425.2
63343.0  34.3014   -87.6089    694.9    640.3    434.7
63344.0  34.3024   -87.6090    695.8    640.6    449.5
63345.0  34.3034   -87.6090    697.1    643.8    455.0
63346.0  34.3044   -87.6090    697.4    643.8    450.7
63347.0  34.3054   -87.6091    698.6    644.6    453.7
63348.0  34.3064   -87.6091    699.0    646.1    450.3
63349.0  34.3074   -87.6091    698.6    645.6    451.7
63350.0  34.3084   -87.6092    698.6    645.4    444.9
63351.0  34.3095   -87.6092    698.4    643.9    442.4
63352.0  34.3105   -87.6093    697.4    642.2    436.4
63353.0  34.3115   -87.6093    696.7    641.8    429.8
63354.0  34.3125   -87.6093    695.8    641.5    421.9
63355.0  34.3135   -87.6094    694.7    639.5    426.0
63356.0  34.3145   -87.6094    693.4    638.2    419.8
63357.0  34.3155   -87.6094    692.4    636.5    415.9
63358.0  34.3165   -87.6094    691.3    635.2    414.1
63359.0  34.3176   -87.6095    690.1    635.0    414.1
63360.0  34.3186   -87.6095    688.9    634.2    410.4
63361.0  34.3196   -87.6095    688.3    633.1    406.6
63362.0  34.3206   -87.6095    687.6    633.2    401.7
63363.0  34.3216   -87.6095    686.9    633.5    400.4
63364.0  34.3226   -87.6096    686.4    632.2    403.6
63365.0  34.3236   -87.6096    686.4    630.6    408.3
63366.0  34.3247   -87.6096    686.4    630.4    406.6
63367.0  34.3257   -87.6096    687.3    632.8    405.7
63368.0  34.3267   -87.6097    687.8    633.7    408.8
63369.0  34.3277   -87.6097    688.8    635.3    409.9
63370.0  34.3287   -87.6097    690.0    636.6    408.3
63371.0  34.3297   -87.6097    690.3    637.2    408.2
63372.0  34.3307   -87.6097    691.3    636.2    413.2
63373.0  34.3317   -87.6098    692.5    639.7    411.5
63374.0  34.3327   -87.6098    693.2    640.0    418.8
63375.0  34.3338   -87.6098    693.7    637.8    419.5
63376.0  34.3348   -87.6098    693.7    639.1    422.5
63377.0  34.3358   -87.6098    693.7    639.0    425.6
63378.0  34.3368   -87.6098    693.3    639.0    429.0
63379.0  34.3378   -87.6098    692.9    637.8    420.9
63380.0  34.3388   -87.6099    693.7    638.4    413.4
63381.0  34.3398   -87.6099    693.7    640.3    408.9
63382.0  34.3408   -87.6099    693.7    640.2    406.3
63383.0  34.3418   -87.6099    693.7    640.2    415.1
63384.0  34.3428   -87.6100    693.7    640.3    422.4
63385.0  34.3438   -87.6100    694.8    640.1    416.4
63386.0  34.3449   -87.6100    695.5    640.7    413.9
63387.0  34.3459   -87.6100    696.2    641.6    410.5
63388.0  34.3469   -87.6100    697.2    642.7    407.4
63389.0  34.3479   -87.6100    696.5    642.7    404.3
63390.0  34.3489   -87.6101    696.2    642.4    400.9
63391.0  34.3499   -87.6101    695.3    641.6    395.2
63392.0  34.3509   -87.6101    694.4    640.2    396.0
63393.0  34.3519   -87.6101    693.2    638.4    393.1
63394.0  34.3529   -87.6101    692.1    637.1    396.3
63395.0  34.3540   -87.6102    691.0    636.0    408.3
63396.0  34.3550   -87.6102    690.1    634.9    416.4
63397.0  34.3560   -87.6102    689.2    633.7    427.0
63398.0  34.3570   -87.6102    688.8    634.7    429.6
63399.0  34.3580   -87.6102    688.8    634.8    416.0
63400.0  34.3590   -87.6103    688.8    635.6    410.3
63401.0  34.3600   -87.6103    689.2    635.9    408.6
63402.0  34.3610   -87.6103    690.1    636.1    405.0
63403.0  34.3620   -87.6104    690.1    635.1    397.5
63404.0  34.3630   -87.6104    690.1    635.5    400.4
63405.0  34.3640   -87.6104    690.9    635.1    402.5
63406.0  34.3650   -87.6105    691.3    635.2    403.6
63407.0  34.3660   -87.6105    691.3    636.3    401.2
63408.0  34.3670   -87.6105    691.3    637.6    404.4
63409.0  34.3680   -87.6105    691.3    637.1    407.2
63410.0  34.3690   -87.6106    692.4    637.2    399.9
63411.0  34.3701   -87.6106    692.7    636.4    395.1
63412.0  34.3711   -87.6106    693.7    637.6    392.2
63413.0  34.3721   -87.6107    693.7    639.7    394.3
63414.0  34.3731   -87.6107    693.7    638.9    401.4
63415.0  34.3741   -87.6107    693.7    639.5    406.2
63416.0  34.3751   -87.6108    693.7    638.8    407.9
63417.0  34.3761   -87.6108    693.9    637.7    403.4
63418.0  34.3771   -87.6108    694.9    639.9    404.8
63419.0  34.3781   -87.6108    695.7    640.4    402.8
63420.0  34.3791   -87.6109    696.2    641.7    400.3
63421.0  34.3801   -87.6109    697.1    642.1    405.1
63422.0  34.3811   -87.6109    697.4    642.9    407.0
63423.0  34.3821   -87.6110    697.4    643.5    403.9
63424.0  34.3832   -87.6110    697.4    643.4    399.0
63425.0  34.3842   -87.6111    697.4    644.3    395.3
63426.0  34.3852   -87.6111    696.8    642.7    396.7
63427.0  34.3862   -87.6112    696.2    640.9    398.5
63428.0  34.3872   -87.6112    695.1    641.9    391.1
63429.0  34.3882   -87.6113    694.9    640.6    388.7
63430.0  34.3893   -87.6113    693.7    640.0    392.0
63431.0  34.3903   -87.6114    693.1    638.5    393.3
63432.0  34.3913   -87.6114    693.6    638.2    386.9
63433.0  34.3923   -87.6115    694.5    640.3    393.7
63434.0  34.3933   -87.6115    696.0    641.5    402.0
63435.0  34.3943   -87.6116    698.2    643.6    402.7
63436.0  34.3953   -87.6116    701.1    646.3    399.1
63437.0  34.3963   -87.6117    703.9    649.1    402.0
63438.0  34.3973   -87.6118    706.5    651.4    404.0
63439.0  34.3983   -87.6118    709.3    653.7    400.1
63440.0  34.3993   -87.6119    711.7    656.3    408.0
63441.0  34.4003   -87.6119    714.1    657.4    405.1
63442.0  34.4013   -87.6120    716.8    659.9    406.8
63443.0  34.4023   -87.6120    720.0    662.4    412.8
63444.0  34.4033   -87.6121    723.4    666.5    421.7
63445.0  34.4043   -87.6121    726.7    667.9    428.5
63446.0  34.4053   -87.6122    730.8    670.7    429.0
63447.0  34.4063   -87.6122    735.8    678.8    433.5
63448.0  34.4073   -87.6122    740.6    683.9    441.7
63449.0  34.4082   -87.6123    744.3    688.2    456.7
63450.0  34.4092   -87.6123    746.9    691.0    465.9
63451.0  34.4102   -87.6123    748.4    691.8    469.4
63452.0  34.4111   -87.6124    749.6    691.0    468.4
63453.0  34.4121   -87.6124    749.8    691.5    452.3
63454.0  34.4131   -87.6125    750.1    692.3    447.8
63455.0  34.4141   -87.6125    751.0    693.5    449.3
63456.0  34.4150   -87.6126    751.0    693.1    448.2
63457.0  34.4160   -87.6126    750.8    694.8    443.5
63458.0  34.4170   -87.6127    749.8    692.6    439.5
63459.0  34.4180   -87.6127    749.8    692.2    438.2
63460.0  34.4190   -87.6128    749.8    692.0    442.3
63461.0  34.4199   -87.6128    749.0    691.8    445.1
63462.0  34.4209   -87.6129    748.6    690.9    443.3
63463.0  34.4219   -87.6129    748.6    691.8    444.9
63464.0  34.4229   -87.6130    748.0    691.5    438.9
63465.0  34.4239   -87.6130    747.4    690.9    433.1
63466.0  34.4248   -87.6131    747.4    690.6    434.6
63467.0  34.4258   -87.6131    746.5    689.5    435.8
63468.0  34.4268   -87.6132    746.2    688.5    440.2
63469.0  34.4278   -87.6132    745.8    688.1    436.1
63470.0  34.4288   -87.6133    745.0    687.7    436.2
63471.0  34.4298   -87.6134    744.9    687.8    428.9
63472.0  34.4308   -87.6134    744.9    687.9    436.8
63473.0  34.4317   -87.6135    744.9    689.0    453.9
63474.0  34.4327   -87.6135    744.9    688.5    473.5
63475.0  34.4337   -87.6136    744.9    688.8    479.3
63476.0  34.4347   -87.6136    744.9    688.3    482.0
63477.0  34.4357   -87.6137    744.9    688.2    479.3
63478.0  34.4367   -87.6137    746.0    689.8    485.7
63479.0  34.4377   -87.6138    746.2    690.3    497.5
63480.0  34.4387   -87.6138    746.2    690.2    491.6
63481.0  34.4397   -87.6139    747.2    693.0    472.3
63482.0  34.4407   -87.6139    748.4    693.6    460.9
63483.0  34.4416   -87.6139    748.6    693.7    475.9
63484.0  34.4426   -87.6140    748.6    692.0    478.1
63485.0  34.4436   -87.6140    748.6    691.6    467.6
63486.0  34.4446   -87.6140    748.3    690.7    451.6
63487.0  34.4456   -87.6141    747.4    690.6    441.2
63488.0  34.4466   -87.6141    748.4    691.0    441.0
