flight/WP3D/AircraftMis_NP3_20130611_RA.ict
41  1001
Ken Aikin
NOAA ESRL Chemical Sciences Division
various aircraft sensors
SENEX 2013
1  1
2013  06  11  2013  06  11
1
AOCTimewave
8
1  1  1  1  1  1  1  1
-9999  -9999  -9999  -9999  -9999  -9999  -9999  -9999
Attack  deg
CabinPrs  mbar
GndSpd  m/s
Heading  deg
Pitch  deg
Roll  deg
Slip  deg
TrueAirSpd  m/s
1
SPECIAL COMMENTS:Birmingham power plants flight.
18
PI_CONTACT_INFO: Address: NOAA ESRL Chemical Sciences Division  Mail Stop R/CSD7  325 Broadway  Boulder  CO 80305
PLATFORM: NOAA WP-3D
LOCATION: The aircraft was stationed in  Smyrna  Tennessee. Aircraft location information in AircraftPosition file.
ASSOCIATED_DATA: N/A
INSTRUMENT_INFO: N/A
DATA_INFO: Units: Attack degrees; CabinPrs millibar; GndSpd m/s; Heading degrees; Pitch degrees; Roll degrees; Slip degrees; TrueAirSpd m/s
UNCERTAINTY: N/A
ULOD_FLAG: -7777
ULOD_VALUE: N/A
LLOD_FLAG: -8888
LLOD_VALUE: N/A
DM_CONTACT_INFO: Data Manager:Ken Aikin; email:Kenneth.C.Aikin@noaa.gov
PROJECT_INFO: SENEX 2013 Study; June 1 - July 15  2013
STIPULATIONS_ON_USE: Use of these data require prior ok from PI.
OTHER_COMMENTS:       None
REVISION: RA
RA: Preliminary Data.  For in-field use.
AOCTimewave  Attack  CabinPrs  GndSpd  Heading  Pitch  Roll  Slip  TrueAirSpd
[from data line 13550]
72930.0  2.3  975.6  110.8  359.1  2.33  -0.75  -0.65  120.2
72931.0  1.9  976.1  110.8  359.1  1.48  -0.63  -0.66  120.4
72932.0  1.9  975.9  110.9  359.0  1.04  -0.54  -0.57  120.6
72933.0  2.1  975.6  111.1  358.9  0.82  -0.92  -0.53  120.9
72934.0  2.1  975.7  111.4  359.0  0.62  -1.70  -0.65  121.1
72935.0  2.2  975.8  111.6  358.9  0.47  -2.43  -0.82  121.4
72936.0  2.7  976.2  111.9  358.7  1.16  -2.58  -0.85  121.3
72937.0  2.9  975.7  112.1  358.5  1.77  -2.14  -0.75  121.2
72938.0  2.3  975.9  112.2  358.2  1.40  -1.68  -0.57  121.4
72939.0  1.9  975.8  112.4  358.0  0.81  -1.38  -0.46  121.5
72940.0  2.2  975.7  112.6  357.9  1.05  -1.12  -0.38  121.6
72941.0  2.7  975.9  112.7  357.9  1.82  -0.84  -0.50  121.6
72942.0  2.6  975.7  112.8  358.1  2.00  -0.41  -0.64  121.7
72943.0  1.9  975.9  112.9  358.1  1.27  -0.06  -0.59  121.8
72944.0  1.9  975.8  113.0  358.0  0.85  -0.27  -0.40  122.0
72945.0  2.6  975.6  113.2  357.9  1.59  -0.78  -0.43  122.1
72946.0  3.0  975.6  113.2  358.2  2.50  -1.17  -0.69  121.9
72947.0  2.8  975.7  113.2  358.3  2.94  -1.14  -0.91  121.7
72948.0  2.5  975.5  113.0  358.3  2.88  -0.08  -0.82  121.6
72949.0  2.2  975.6  112.9  358.0  2.60  1.35  -0.38  121.5
72950.0  2.4  975.4  112.8  358.1  2.78  1.47  -0.24  121.4
72951.0  2.3  975.9  112.7  358.6  2.74  1.16  -0.60  121.3
72952.0  2.1  975.8  112.6  358.9  2.47  1.93  -0.85  121.3
72953.0  2.6  976.1  112.5  359.1  2.96  3.46  -0.67  121.1
72954.0  2.4  976.0  112.3  359.3  2.96  2.28  -0.64  121.0
72955.0  2.2  976.2  112.2  359.4  2.66  -0.41  -0.74  121.0
72956.0  2.1  975.6  112.1  359.3  2.50  0.30  -0.58  121.0
72957.0  2.1  975.5  112.1  359.2  2.25  0.71  -0.36  121.0
72958.0  2.1  976.1  112.1  359.3  2.05  0.49  -0.36  121.0
72959.0  2.3  975.7  112.1  359.5  2.14  0.86  -0.50  120.9
72960.0  2.2  976.4  112.1  359.7  1.90  1.00  -0.64  120.9
72961.0  2.1  976.0  112.1  359.8  1.63  0.63  -0.56  121.0
72962.0  2.4  975.9  111.9  359.8  1.73  -0.09  -0.56  120.7
72963.0  2.5  975.2  111.3  0.0  1.69  -0.98  -0.84  120.0
72964.0  2.9  975.3  110.9  0.3  2.20  -0.98  -1.13  119.6
72965.0  2.9  976.1  110.7  0.2  2.48  -0.24  -0.94  119.2
72966.0  2.7  976.0  110.5  360.0  2.38  0.48  -0.58  119.0
72967.0  2.7  976.1  110.3  0.1  2.50  1.02  -0.51  118.8
72968.0  2.9  975.9  110.0  0.5  2.81  1.66  -0.74  118.7
72969.0  3.0  976.2  109.7  0.8  3.08  2.62  -0.86  118.4
72970.0  2.9  975.8  109.4  1.1  3.21  3.35  -0.79  118.1
72971.0  2.8  975.7  109.2  1.2  3.13  3.65  -0.63  117.9
72972.0  2.6  976.3  108.9  1.5  2.97  3.79  -0.59  117.8
72973.0  2.7  975.7  108.8  1.9  3.06  4.19  -0.62  117.7
72974.0  2.8  975.7  108.6  2.3  3.14  4.89  -0.56  117.6
72975.0  2.7  976.2  108.5  2.7  3.10  5.25  -0.53  117.5
72976.0  2.7  975.7  108.3  3.2  3.04  4.36  -0.66  117.4
72977.0  2.8  975.9  108.2  3.7  3.18  4.00  -0.77  117.2
72978.0  2.8  975.8  108.0  3.9  3.18  2.89  -0.78  117.0
72979.0  2.6  976.0  107.5  4.0  2.87  -2.94  -1.12  116.5
72980.0  2.3  975.6  107.0  4.2  2.13  -11.17  -1.83  116.1
72981.0  1.9  975.7  106.5  3.7  0.97  -18.05  -2.22  115.7
72982.0  1.5  976.0  106.2  1.9  -1.02  -20.61  -1.35  115.6
72983.0  3.2  976.0  106.1  358.6  -0.58  -20.97  -0.03  115.2
72984.0  3.2  975.8  106.1  356.7  -1.04  -21.88  0.23  115.1
72985.0  3.6  976.2  106.1  355.5  -0.66  -23.05  -0.68  115.1
72986.0  3.6  976.1  106.2  354.3  -0.60  -21.49  -1.29  115.0
72987.0  3.4  975.7  106.2  352.6  -1.05  -21.30  -1.19  115.0
72988.0  3.7  976.0  106.4  350.4  -1.01  -22.62  -0.89  114.7
72989.0  3.9  975.8  106.5  348.3  -0.76  -23.50  -0.84  114.6
72990.0  3.8  975.8  106.7  346.4  -0.76  -25.79  -1.18  114.5
72991.0  3.8  975.9  106.9  344.3  -0.69  -27.95  -1.44  114.2
72992.0  4.3  975.7  107.1  341.5  -0.07  -28.51  -1.42  113.9
72993.0  3.9  975.2  107.3  339.0  -0.54  -29.68  -1.28  113.7
72994.0  3.6  976.2  107.5  336.5  -1.25  -31.38  -1.19  113.7
72995.0  3.6  975.7  107.9  333.9  -1.65  -33.08  -1.28  113.8
72996.0  4.2  975.9  108.3  330.7  -1.29  -33.87  -1.38  113.8
72997.0  4.1  976.0  108.8  327.7  -1.56  -34.68  -1.35  113.7
72998.0  3.9  975.6  109.3  324.8  -2.07  -35.03  -1.28  113.9
72999.0  4.5  975.8  110.0  321.2  -1.77  -35.04  -1.25  114.0
73000.0  4.0  976.0  110.6  318.4  -2.35  -35.35  -1.33  114.1
73001.0  4.1  975.4  111.3  315.2  -2.53  -35.60  -1.37  114.4
73002.0  4.6  975.5  112.1  311.6  -2.17  -35.85  -1.39  114.5
73003.0  3.5  975.5  112.8  308.9  -3.37  -36.69  -1.34  114.9
73004.0  4.0  975.5  113.6  305.4  -3.42  -37.36  -1.30  115.0
73005.0  4.1  975.9  114.5  301.9  -3.49  -37.62  -1.42  115.0
73006.0  4.0  975.9  115.4  298.6  -3.83  -37.73  -1.48  115.3
73007.0  3.9  975.5  116.3  295.1  -4.23  -37.48  -1.40  115.5
73008.0  4.0  975.8  117.2  291.5  -4.46  -37.21  -1.20  116.0
73009.0  4.2  975.6  118.2  288.0  -4.37  -36.55  -1.11  116.3
73010.0  4.0  975.3  119.2  284.9  -4.49  -35.42  -1.14  116.8
73011.0  3.7  975.7  120.1  282.0  -4.75  -34.83  -1.20  117.2
73012.0  3.8  975.1  121.0  278.9  -4.57  -34.37  -1.34  117.6
73013.0  3.5  974.8  121.9  275.9  -4.74  -33.44  -1.37  118.4
73014.0  3.2  976.2  122.7  272.9  -5.13  -32.49  -1.12  119.6
73015.0  3.9  975.2  123.6  269.4  -4.18  -32.13  -0.97  120.2
73016.0  3.4  975.3  124.3  266.9  -4.28  -32.92  -0.97  121.0
73017.0  3.2  974.4  125.0  264.4  -4.05  -33.97  -1.26  122.0
73018.0  3.6  975.3  125.7  261.4  -3.27  -34.17  -1.48  122.8
73019.0  3.2  975.2  126.2  258.6  -3.48  -33.76  -1.13  124.1
73020.0  2.5  975.9  126.8  256.3  -3.84  -34.66  -1.29  125.7
73021.0  2.6  975.2  127.3  254.0  -3.42  -34.99  -2.11  126.5
73022.0  2.7  975.3  127.8  251.0  -3.07  -34.05  -2.31  126.6
73023.0  3.2  975.3  128.3  247.3  -2.98  -32.36  -1.70  126.2
73024.0  3.2  975.2  128.8  244.1  -2.87  -31.13  -0.72  124.2
73025.0  2.2  976.0  129.0  242.5  -3.06  -31.34  -1.35  125.2
73026.0  3.0  974.3  129.3  240.4  -2.12  -30.05  -2.85  125.7
73027.0  3.1  975.1  129.6  237.0  -1.99  -28.22  -1.58  126.2
73028.0  2.9  974.9  129.8  234.2  -2.21  -28.26  -0.71  126.0
73029.0  2.4  975.2  129.9  232.8  -2.18  -29.08  -1.32  126.0
73030.0  2.7  974.6  130.1  231.0  -1.39  -29.35  -2.06  126.1
73031.0  2.3  975.2  130.1  228.8  -1.52  -29.61  -2.20  126.1
73032.0  2.9  974.6  130.2  225.6  -1.33  -30.16  -1.59  125.6
73033.0  3.2  975.2  130.2  222.7  -0.74  -29.56  -1.19  124.9
73034.0  2.8  974.9  130.1  220.8  -0.65  -27.44  -1.30  124.5
73035.0  2.3  975.1  130.0  219.2  -0.94  -26.58  -1.57  124.3
73036.0  2.5  974.9  130.0  217.3  -0.76  -26.18  -1.56  124.2
73037.0  2.6  974.8  129.8  215.1  -0.48  -26.07  -1.51  123.9
73038.0  2.8  974.9  129.7  213.1  -0.15  -26.10  -1.51  123.6
73039.0  2.8  974.6  129.5  211.2  0.12  -26.67  -1.55  123.3
73040.0  2.7  975.3  129.3  209.2  0.33  -27.76  -1.62  123.1
73041.0  3.0  974.7  129.0  207.0  0.91  -28.35  -1.58  122.7
73042.0  2.8  974.8  128.7  204.9  1.07  -28.50  -1.63  122.1
73043.0  2.5  974.5  128.4  202.9  0.83  -28.69  -1.82  121.5
73044.0  2.4  974.7  128.1  200.5  0.49  -28.66  -1.64  121.3
73045.0  2.8  974.8  127.8  197.4  0.40  -28.53  -1.03  120.6
73046.0  2.4  975.0  127.5  194.9  -0.71  -29.06  -0.47  120.4
73047.0  2.4  975.0  127.3  192.6  -1.26  -30.13  -0.14  120.5
73048.0  3.0  974.9  127.2  190.4  -0.82  -30.73  -0.52  120.5
73049.0  2.8  974.6  127.1  188.4  -0.80  -30.56  -1.00  120.2
73050.0  2.5  974.7  127.0  186.3  -1.32  -29.30  -0.99  120.0
73051.0  2.1  974.8  127.0  184.1  -2.56  -28.43  -0.60  120.1
73052.0  2.2  974.7  127.0  181.8  -3.07  -27.59  -0.38  120.2
73053.0  2.7  974.6  127.2  179.7  -2.89  -26.54  -0.44  120.4
73054.0  2.8  975.0  127.4  177.8  -2.68  -25.26  -0.62  120.4
73055.0  2.8  974.9  127.6  176.0  -2.59  -23.90  -0.57  120.6
73056.0  2.2  975.0  127.7  174.5  -3.06  -22.87  -0.68  120.9
73057.0  2.0  974.4  127.9  172.9  -3.63  -22.59  -0.58  121.1
73058.0  2.2  974.6  128.1  171.2  -3.61  -22.97  -0.53  121.7
73059.0  2.9  975.0  128.3  169.2  -2.68  -22.78  -0.70  121.4
73060.0  2.5  975.2  128.5  167.6  -2.65  -22.11  -0.83  121.5
73061.0  2.3  974.8  128.6  165.9  -2.88  -21.36  -0.78  121.7
73062.0  2.4  974.5  128.8  164.1  -2.75  -20.74  -0.58  121.4
73063.0  2.5  974.5  128.9  162.4  -2.44  -20.24  -0.60  121.1
73064.0  2.8  974.5  128.9  160.8  -1.94  -19.52  -1.00  121.4
73065.0  2.9  974.9  128.9  159.1  -1.56  -18.52  -0.85  121.0
73066.0  2.7  974.5  128.9  157.5  -1.57  -18.74  -0.65  120.6
73067.0  2.5  974.7  128.8  156.1  -1.48  -19.68  -0.93  120.5
73068.0  2.6  974.4  128.7  154.5  -1.30  -20.46  -1.01  120.4
73069.0  2.9  974.3  128.5  152.6  -0.81  -20.71  -0.81  120.1
73070.0  2.9  974.9  128.3  150.9  -0.36  -20.81  -0.65  119.8
73071.0  2.8  975.0  128.0  149.4  -0.15  -20.82  -0.94  119.6
73072.0  2.5  974.5  127.7  148.0  -0.30  -21.02  -0.92  119.2
73073.0  2.4  974.5  127.4  146.4  -0.44  -21.63  -0.92  119.1
73074.0  2.7  974.3  127.1  144.7  -0.46  -22.58  -0.89  118.8
73075.0  2.4  974.1  126.8  143.1  -0.60  -23.66  -1.00  118.6
73076.0  2.3  974.7  126.5  141.3  -0.85  -24.87  -1.06  118.2
73077.0  2.5  974.7  126.3  139.4  -1.07  -26.56  -1.22  118.0
73078.0  2.3  974.8  126.1  137.5  -1.82  -29.07  -1.49  118.0
73079.0  2.4  974.3  126.0  135.0  -2.29  -30.57  -1.26  117.9
73080.0  2.3  975.0  125.9  132.6  -3.20  -31.23  -0.93  118.3
73081.0  2.4  974.1  126.0  130.2  -3.70  -30.46  -1.09  118.4
73082.0  2.5  974.8  126.1  127.7  -4.20  -31.01  -0.86  118.6
73083.0  2.5  974.8  126.3  125.3  -4.30  -33.30  -1.11  118.9
73084.0  2.5  974.1  126.5  122.9  -4.38  -34.06  -1.33  119.0
73085.0  2.8  974.9  126.7  120.1  -4.62  -33.86  -1.22  119.4
73086.0  2.6  974.5  127.0  117.5  -5.21  -33.83  -0.96  120.0
73087.0  2.2  974.7  127.3  115.1  -5.81  -34.76  -1.13  120.8
73088.0  2.3  974.6  127.7  112.3  -5.83  -35.52  -1.66  121.0
73089.0  2.5  974.8  128.0  109.0  -6.13  -35.01  -1.41  121.3
73090.0  2.5  973.8  128.4  106.1  -7.14  -35.61  -0.66  122.4
73091.0  2.9  975.4  128.9  103.2  -7.00  -36.82  -0.69  122.6
73092.0  2.3  974.3  129.5  100.9  -6.96  -36.89  -1.60  123.1
73093.0  2.2  975.0  130.0  98.0  -7.30  -35.60  -1.49  123.6
73094.0  2.7  974.3  130.5  94.2  -7.20  -34.47  -0.44  124.7
73095.0  3.0  974.0  131.0  91.0  -6.44  -33.92  -0.49  125.3
73096.0  2.8  973.8  131.5  88.4  -6.25  -33.45  -0.84  125.7
73097.0  1.9  974.4  131.9  86.0  -6.92  -33.23  -0.69  126.0
73098.0  1.8  973.4  132.2  83.6  -7.48  -32.91  -0.79  127.2
73099.0  2.5  973.5  132.7  80.4  -6.87  -32.42  -0.45  128.0
73100.0  2.9  973.5  133.1  77.3  -5.82  -32.41  -0.66  128.4
73101.0  2.9  973.6  133.5  74.4  -4.79  -32.22  -0.99  128.7
73102.0  2.3  974.3  133.6  71.7  -4.78  -31.94  -0.91  128.8
73103.0  2.3  973.4  133.6  68.7  -4.51  -32.15  -0.66  128.7
73104.0  2.3  973.4  133.5  65.8  -4.14  -32.88  -0.64  129.2
73105.0  2.1  973.5  133.4  63.3  -4.06  -33.36  -1.03  129.5
73106.0  2.0  973.0  133.2  60.5  -4.20  -33.11  -0.59  130.2
73107.0  2.5  974.2  133.0  57.5  -3.46  -32.41  -0.71  130.3
73108.0  2.4  973.5  132.8  54.9  -3.09  -31.92  -0.64  129.2
73109.0  2.1  973.3  132.5  52.3  -2.69  -31.50  -0.93  129.0
73110.0  2.6  973.7  132.1  49.1  -1.87  -31.22  -0.59  128.4
73111.0  2.7  973.3  131.5  46.3  -1.16  -31.43  -0.55  127.8
73112.0  1.8  973.0  130.8  44.3  -1.65  -31.75  -0.79  127.8
73113.0  1.3  973.7  130.3  42.2  -2.23  -31.54  -0.78  127.5
73114.0  2.4  973.4  129.8  39.4  -1.75  -31.09  -0.46  127.5
73115.0  2.4  973.1  129.2  36.8  -1.11  -31.30  -0.97  127.6
73116.0  2.2  974.0  128.6  34.1  -0.76  -31.16  -1.11  126.4
73117.0  2.1  974.1  127.8  31.2  -0.86  -31.26  -0.87  126.8
73118.0  1.3  972.7  127.1  29.0  -1.88  -31.36  -0.52  126.5
73119.0  1.8  973.3  126.5  26.8  -1.75  -31.44  -0.70  126.3
73120.0  1.9  973.5  125.9  24.9  -1.59  -31.07  -1.22  126.0
73121.0  2.0  973.3  125.4  22.6  -1.65  -30.20  -1.27  125.6
73122.0  2.0  973.6  124.9  20.0  -1.86  -29.69  -1.01  125.2
73123.0  1.9  973.6  124.4  17.6  -2.00  -29.50  -1.01  124.9
73124.0  2.0  973.6  123.9  15.3  -2.09  -29.22  -1.11  124.7
73125.0  2.0  973.3  123.5  13.0  -2.21  -28.62  -1.07  124.3
73126.0  2.1  973.4  123.0  10.7  -2.26  -28.71  -0.99  124.0
73127.0  2.2  973.5  122.6  8.4  -2.09  -30.61  -1.15  123.6
73128.0  2.3  973.3  122.2  6.1  -1.83  -32.47  -1.50  123.2
73129.0  2.2  973.8  121.7  3.5  -1.97  -32.97  -1.48  122.8
73130.0  2.0  973.3  121.3  0.6  -2.53  -32.95  -1.20  122.8
73131.0  2.2  973.4  120.9  357.7  -2.64  -33.00  -1.02  122.7
73132.0  2.4  973.4  120.5  355.0  -2.65  -32.95  -0.87  122.6
73133.0  2.2  973.1  120.2  352.3  -3.05  -32.95  -0.84  122.5
73134.0  2.1  973.0  119.8  349.0  -3.52  -33.06  -0.30  122.3
73135.0  2.3  973.5  119.5  345.5  -3.79  -33.09  0.37  122.0
73136.0  2.3  973.2  119.2  343.1  -4.14  -33.68  0.05  121.7
73137.0  1.9  972.8  119.0  341.1  -4.68  -34.05  -0.76  122.1
73138.0  2.0  973.1  118.9  338.1  -4.81  -34.12  -0.72  122.7
73139.0  2.2  974.0  118.8  334.8  -5.11  -34.28  -0.06  123.5
73140.0  2.3  973.6  118.8  331.9  -5.17  -34.92  -0.52  123.5
73141.0  2.2  973.0  118.7  329.0  -5.31  -34.81  -0.35  123.9
73142.0  2.5  973.4  118.7  325.6  -4.97  -34.59  -0.26  124.1
73143.0  2.2  973.6  118.7  322.9  -5.20  -34.36  -0.30  124.3
73144.0  2.0  972.9  118.7  320.2  -5.54  -34.47  -0.29  124.5
73145.0  1.9  973.4  118.8  317.4  -5.76  -34.45  -0.44  124.2
73146.0  2.3  972.9  118.9  314.4  -5.59  -34.22  -0.42  124.6
73147.0  2.6  972.6  119.1  311.0  -4.97  -34.28  -0.69  124.5
73148.0  2.5  973.3  119.2  307.8  -4.88  -33.69  -0.48  124.5
73149.0  2.4  972.9  119.3  304.7  -4.87  -33.37  -0.21  124.6
73150.0  2.5  972.9  119.3  301.7  -4.56  -33.72  -0.36  124.9
73151.0  2.5  972.8  119.4  298.9  -4.33  -33.98  -0.55  124.7
73152.0  2.2  973.0  119.4  295.7  -4.05  -34.22  -0.46  125.1
73153.0  2.4  972.4  119.4  292.5  -3.61  -34.62  -0.48  124.9
73154.0  2.6  973.1  119.3  289.1  -3.12  -33.98  -0.58  125.2
73155.0  2.2  972.7  119.1  286.2  -3.26  -32.86  -0.22  125.3
73156.0  2.0  972.4  119.0  283.4  -3.41  -32.14  -0.31  124.9
73157.0  2.2  973.0  118.8  280.7  -3.23  -30.83  -0.48  124.3
73158.0  2.5  973.1  118.7  277.7  -2.81  -30.09  -0.06  124.1
73159.0  2.1  972.6  118.5  275.2  -2.74  -30.34  -0.21  124.4
73160.0  2.2  972.6  118.4  272.9  -2.64  -30.46  -0.41  124.0
73161.0  2.2  972.3  118.2  270.4  -2.58  -30.24  -0.45  124.2
73162.0  2.1  973.3  118.1  267.7  -2.61  -30.29  -0.30  123.6
73163.0  2.1  972.6  117.9  265.0  -2.62  -30.84  0.01  123.0
73164.0  2.3  972.9  117.8  262.5  -2.03  -31.42  -0.28  122.7
73165.0  2.4  972.7  117.6  260.0  -1.75  -31.66  -0.63  121.9
73166.0  2.3  972.9  117.5  257.2  -1.82  -31.80  -0.70  122.2
73167.0  2.3  972.8  117.3  254.0  -2.12  -32.28  -1.24  121.5
73168.0  2.5  972.5  117.2  250.2  -2.45  -32.13  0.00  121.5
73169.0  2.2  972.5  117.1  247.3  -2.69  -32.32  0.16  121.9
73170.0  2.1  973.2  116.9  244.8  -2.53  -33.03  -0.01  121.6
73171.0  2.6  972.6  116.8  242.1  -1.64  -33.22  -0.62  120.4
73172.0  2.3  972.3  116.7  239.5  -1.91  -32.88  -0.75  119.8
73173.0  2.8  972.9  116.6  236.5  -2.26  -32.65  -0.51  119.4
73174.0  2.8  972.9  116.8  233.4  -2.38  -33.49  -0.51  119.1
73175.0  2.3  972.6  116.8  230.3  -2.68  -35.57  -0.13  118.3
73176.0  2.8  972.7  116.8  226.9  -2.23  -36.21  -0.17  117.8
73177.0  2.2  972.1  116.9  224.3  -2.71  -36.16  -0.24  118.0
73178.0  2.4  972.7  117.0  221.5  -2.80  -35.83  -0.55  118.0
73179.0  2.8  974.6  117.3  218.0  -2.73  -35.53  -0.52  117.9
73180.0  2.8  973.6  117.8  214.3  -2.82  -35.72  -0.13  117.5
73181.0  2.6  973.6  118.3  210.5  -2.74  -36.00  -0.34  118.4
73182.0  2.8  975.2  118.8  206.7  -2.52  -36.07  -1.14  119.3
73183.0  3.1  972.5  119.4  202.2  -2.51  -35.29  0.03  120.7
73184.0  2.5  972.9  120.0  198.7  -2.71  -35.22  1.02  121.3
73185.0  1.8  972.4  120.6  196.5  -2.73  -36.31  0.49  122.2
73186.0  2.1  973.1  121.3  193.6  -1.76  -36.39  -0.60  122.3
