flight/WP3D/AircraftMis_NP3_20130616_RA.ict
41  1001
Ken Aikin
NOAA ESRL Chemical Sciences Division
various aircraft sensors
SENEX 2013
1  1
2013  06  16  2013  06  16
1
AOCTimewave
8
1  1  1  1  1  1  1  1
-9999  -9999  -9999  -9999  -9999  -9999  -9999  -9999
Attack  deg
CabinPrs  mbar
GndSpd  m/s
Heading  deg
Pitch  deg
Roll  deg
Slip  deg
TrueAirSpd  m/s
1
SPECIAL COMMENTS:Atlanta power plants.
18
PI_CONTACT_INFO: Address: NOAA ESRL Chemical Sciences Division  Mail Stop R/CSD7  325 Broadway  Boulder  CO 80305
PLATFORM: NOAA WP-3D
LOCATION: The aircraft was stationed in  Smyrna  Tennessee. Aircraft location information in AircraftPosition file.
ASSOCIATED_DATA: N/A
INSTRUMENT_INFO: N/A
DATA_INFO: Units: Attack degrees; CabinPrs millibar; GndSpd m/s; Heading degrees; Pitch degrees; Roll degrees; Slip degrees; TrueAirSpd m/s
UNCERTAINTY: N/A
ULOD_FLAG: -7777
ULOD_VALUE: N/A
LLOD_FLAG: -8888
LLOD_VALUE: N/A
DM_CONTACT_INFO: Data Manager:Ken Aikin; email:Kenneth.C.Aikin@noaa.gov
PROJECT_INFO: SENEX 2013 Study; June 1 - July 15  2013
STIPULATIONS_ON_USE: Use of these data require prior ok from PI.
OTHER_COMMENTS:       None
REVISION: RA
RA: Preliminary Data.  For in-field use.
AOCTimewave  Attack  CabinPrs  GndSpd  Heading  Pitch  Roll  Slip  TrueAirSpd
[from data line 9800]
64793.0  1.9  983.7  116.2  312.8  2.47  1.46  -0.21  114.6
64794.0  2.2  983.6  116.1  312.8  2.65  0.79  -0.02  114.8
64795.0  2.2  983.9  116.0  312.9  2.75  0.38  -0.06  114.5
64796.0  2.4  983.8  115.9  312.9  2.68  0.49  -0.08  114.9
64797.0  1.8  984.0  115.9  312.9  2.38  1.00  -0.30  114.9
64798.0  1.9  984.1  115.8  312.8  2.53  2.33  -0.20  114.4
64799.0  2.2  983.7  115.8  312.9  2.81  2.88  0.06  114.3
64800.0  2.1  983.7  115.7  313.3  2.78  2.75  0.11  114.5
64801.0  2.6  984.1  115.6  313.5  2.82  1.91  0.25  113.7
64802.0  1.8  983.8  115.5  313.8  2.63  1.45  -0.60  114.2
64803.0  3.0  983.8  115.5  313.7  2.70  1.29  0.86  114.9
64804.0  2.7  983.6  115.5  314.1  2.55  -0.18  0.29  113.1
64805.0  1.0  984.1  115.5  314.3  1.77  0.68  -0.37  112.4
64806.0  2.1  983.7  115.5  314.3  2.53  1.19  0.04  112.9
64807.0  2.5  983.6  115.5  314.5  2.90  0.70  -0.03  112.6
64808.0  2.6  983.8  115.4  314.7  2.66  0.73  -0.72  112.1
64809.0  2.8  983.8  115.4  314.5  2.49  0.76  -0.68  112.1
64810.0  2.5  983.1  115.5  314.3  2.12  0.11  -0.73  112.9
64811.0  1.9  983.5  115.6  314.0  1.96  0.49  -0.15  111.5
64812.0  2.8  984.0  115.6  313.9  2.31  0.86  0.52  111.6
64813.0  2.9  983.7  115.7  314.3  2.33  0.85  0.57  111.9
64814.0  2.1  984.2  115.8  314.6  1.66  0.42  0.46  112.9
64815.0  2.2  983.6  115.9  315.0  1.56  0.21  0.11  112.5
64816.0  1.9  983.4  116.0  315.3  1.58  0.12  -0.64  113.2
64817.0  2.2  983.1  116.1  315.1  1.69  -0.48  -0.59  113.9
64818.0  2.5  983.5  116.3  314.8  1.71  -1.12  0.16  113.0
64819.0  2.4  983.7  116.4  314.8  1.31  -1.24  -0.13  114.0
64820.0  1.5  983.2  116.6  314.7  0.95  -0.90  0.11  114.4
64821.0  1.5  983.7  116.7  314.7  1.16  0.14  -0.28  115.6
64822.0  1.6  983.7  116.8  314.7  1.63  0.55  -0.21  115.0
64823.0  2.8  983.5  116.9  314.7  2.02  0.77  -0.63  115.1
64824.0  2.3  984.0  116.9  314.5  1.65  0.28  -0.78  114.5
64825.0  2.0  983.4  117.1  314.3  1.38  0.67  -0.45  114.7
64826.0  2.4  983.7  117.2  314.1  1.59  1.03  -0.27  115.2
64827.0  2.2  983.9  117.3  314.1  1.59  0.93  -0.35  114.9
64828.0  1.9  983.7  117.4  314.0  1.36  0.88  -0.19  114.2
64829.0  1.6  983.8  117.5  313.9  1.66  0.75  0.44  114.7
64830.0  2.1  983.6  117.5  314.2  2.17  0.93  -0.13  115.4
64831.0  2.4  983.6  117.5  314.3  2.39  0.77  0.19  115.3
64832.0  2.5  983.4  117.5  314.5  2.35  0.37  0.62  115.1
64833.0  2.4  983.9  117.5  315.0  2.18  -0.01  0.49  115.1
64834.0  2.8  983.4  117.5  315.4  2.09  -0.37  0.27  114.9
64835.0  1.6  983.7  117.6  315.7  1.64  -0.87  -0.81  115.8
64836.0  2.5  983.1  117.6  315.4  1.81  -1.32  -0.36  116.3
64837.0  1.5  984.0  117.7  315.2  1.52  -1.08  -0.89  117.5
64838.0  1.4  983.7  117.7  314.7  1.48  -0.30  -0.33  116.9
64839.0  1.6  983.8  117.7  314.6  1.81  -0.51  0.08  116.8
64840.0  2.1  983.5  117.7  314.6  2.11  -0.12  0.15  116.3
64841.0  1.9  983.7  117.7  314.7  1.90  -0.21  0.16  116.5
64842.0  1.7  983.9  117.7  314.8  1.83  -0.18  -0.46  116.9
64843.0  2.2  983.9  117.6  314.6  2.14  0.17  -0.49  117.0
64844.0  1.9  984.0  117.6  314.4  1.96  0.03  -0.57  116.5
64845.0  2.0  983.5  117.6  314.2  1.87  0.10  -0.46  117.1
64846.0  2.3  983.7  117.6  313.9  1.86  -0.08  0.15  116.6
64847.0  1.5  984.2  117.7  313.9  1.70  0.61  0.33  116.9
64848.0  1.5  983.2  117.7  314.2  1.77  1.51  0.03  116.7
64849.0  2.1  984.0  117.7  314.4  2.32  1.27  -0.20  116.8
64850.0  2.4  983.5  117.6  314.4  2.26  0.76  -0.48  116.5
64851.0  1.9  984.0  117.6  314.4  1.87  0.88  -0.56  116.3
64852.0  1.3  983.7  117.6  314.2  1.68  1.11  0.03  115.7
64853.0  2.2  983.5  117.6  314.3  2.29  0.64  0.39  115.7
64854.0  2.2  983.9  117.6  314.6  2.38  0.61  -0.26  115.7
64855.0  2.1  983.6  117.5  314.6  2.27  0.72  -0.47  115.6
64856.0  2.0  983.5  117.5  314.5  2.24  0.53  -0.56  115.6
64857.0  2.3  983.9  117.5  314.3  2.36  0.83  -0.07  116.1
64858.0  2.0  983.8  117.4  314.4  2.28  1.24  -0.04  115.6
64859.0  1.9  983.4  117.4  314.5  2.22  0.60  -0.12  115.4
64860.0  2.0  984.1  117.3  314.6  2.37  0.02  -0.21  115.4
64861.0  2.5  983.7  117.3  314.6  2.52  0.13  -0.08  114.6
64862.0  1.8  983.7  117.2  314.5  2.35  0.00  -0.12  114.7
64863.0  2.1  983.8  117.2  314.5  2.47  -0.43  0.01  114.2
64864.0  2.2  983.7  117.1  314.5  2.64  -0.14  -0.01  114.3
64865.0  2.1  983.9  117.1  314.5  2.66  0.04  0.07  114.3
64866.0  2.0  983.6  117.0  314.6  2.63  0.32  -0.11  114.1
64867.0  2.5  983.7  116.9  314.6  2.76  0.51  -0.39  113.8
64868.0  2.5  983.8  116.9  314.5  2.64  0.52  -0.51  114.1
64869.0  2.5  983.7  116.9  314.4  2.44  0.49  -0.45  113.9
64870.0  1.8  983.7  116.9  314.1  2.17  -0.58  -0.32  112.9
64871.0  2.3  983.9  116.9  313.9  2.36  0.26  -0.04  112.8
64872.0  2.4  983.8  116.8  313.9  2.45  1.18  0.33  113.4
64873.0  2.4  983.6  116.8  314.2  2.43  1.32  0.31  113.3
64874.0  2.5  984.2  116.8  314.6  2.20  0.95  0.50  114.8
64875.0  2.2  983.9  116.9  315.1  1.88  0.30  0.83  114.4
64876.0  1.7  983.6  117.0  315.6  1.57  -0.51  -0.45  114.2
64877.0  2.4  983.7  117.1  315.5  1.76  -1.49  -0.13  113.6
64878.0  2.3  983.1  117.1  315.5  1.74  -1.65  -0.19  114.9
64879.0  1.9  983.8  117.2  315.4  1.24  -1.12  -1.19  116.4
64880.0  1.5  983.8  117.4  314.8  1.03  -0.48  -0.52  116.6
64881.0  1.6  983.4  117.5  314.5  1.28  -0.49  0.16  115.9
64882.0  1.9  984.0  117.5  314.6  1.52  -0.19  0.29  115.8
64883.0  1.5  983.5  117.6  314.7  1.47  0.26  0.10  116.3
64884.0  1.8  983.8  117.6  314.9  1.69  0.37  -0.24  116.0
64885.0  2.1  983.5  117.7  314.9  1.82  0.01  -0.45  115.9
64886.0  1.9  984.1  117.7  314.7  1.82  -0.17  -0.60  115.3
64887.0  2.3  983.6  117.7  314.4  2.02  0.00  -0.13  115.0
64888.0  2.2  984.0  117.8  314.4  2.11  0.26  -0.25  115.1
64889.0  2.2  983.6  117.8  314.3  2.05  0.56  -0.32  115.0
64890.0  2.6  983.7  117.8  314.3  2.22  0.81  0.43  115.9
64891.0  1.8  983.6  117.8  314.5  1.93  0.50  -0.14  115.0
64892.0  2.6  983.9  117.8  314.6  1.97  0.20  -0.10  115.3
64893.0  2.2  983.8  117.8  314.6  2.01  -0.40  0.07  117.1
64894.0  1.7  983.6  117.9  314.7  1.71  0.20  0.08  116.3
64895.0  1.7  984.0  117.9  314.9  1.81  0.12  -0.14  116.4
64896.0  2.2  983.6  117.9  314.9  2.10  -0.23  -0.21  116.7
64897.0  2.2  983.5  117.9  314.9  2.07  -0.07  -0.19  116.2
64898.0  1.7  983.4  117.9  314.9  1.77  0.07  -0.43  116.1
64899.0  2.0  983.5  117.9  314.7  1.82  0.12  -0.24  115.6
64900.0  1.4  983.4  117.9  314.7  1.92  -0.26  -0.06  115.8
64901.0  2.0  983.4  117.9  314.6  2.39  -0.04  0.14  116.0
64902.0  3.0  983.9  117.8  314.7  2.53  -0.29  0.51  116.1
64903.0  2.6  984.0  117.8  315.0  2.10  -0.70  0.19  116.5
64904.0  1.4  983.9  117.8  315.2  1.16  -0.64  -0.49  116.4
64905.0  2.0  983.6  117.9  315.1  1.42  0.09  -0.17  115.9
64906.0  2.0  983.8  118.0  315.1  1.57  -0.68  0.11  115.0
64907.0  1.7  983.9  118.1  315.2  1.36  -0.67  -0.45  115.2
64908.0  1.6  983.8  118.2  315.0  1.45  -0.03  -0.33  115.5
64909.0  2.0  983.6  118.3  314.8  1.68  -0.41  0.00  115.5
64910.0  2.4  983.9  118.3  314.9  1.82  -0.36  -0.57  117.0
64911.0  2.0  983.6  118.4  314.5  1.49  -0.74  -0.33  116.2
64912.0  2.0  984.1  118.5  314.4  1.29  0.60  0.04  114.4
64913.0  1.9  983.5  118.6  314.5  1.32  1.23  -0.50  113.7
64914.0  2.6  983.7  118.8  314.5  1.57  0.33  0.15  114.0
64915.0  1.6  984.3  118.9  314.5  1.31  -0.15  -0.53  114.6
64916.0  2.0  983.4  119.0  314.3  1.64  0.39  -0.28  116.3
64917.0  2.7  983.3  119.0  314.2  1.96  0.34  0.34  116.9
64918.0  1.6  983.6  119.1  314.4  1.46  0.09  0.16  117.1
64919.0  1.7  984.0  119.1  314.5  1.40  0.64  -0.07  118.2
64920.0  2.0  983.5  119.2  314.5  1.64  0.43  -0.03  117.5
64921.0  1.8  983.9  119.2  314.6  1.58  -0.43  -0.08  115.8
64922.0  2.2  983.5  119.3  314.6  1.79  -1.39  0.11  115.5
64923.0  1.5  983.7  119.3  314.6  1.64  -1.46  -0.52  115.7
64924.0  2.1  983.3  119.3  314.3  1.87  -1.11  -0.62  117.2
64925.0  3.1  983.8  119.4  313.9  2.25  -1.44  0.07  116.5
64926.0  1.2  983.6  119.4  313.8  1.28  -1.17  -0.02  116.0
64927.0  1.8  984.0  119.5  313.7  1.36  -0.07  0.08  117.0
64928.0  1.9  983.5  119.5  313.8  1.77  0.29  -0.19  117.0
64929.0  2.0  984.0  119.5  313.8  1.86  0.02  -0.23  117.0
64930.0  1.9  984.0  119.5  313.7  1.83  -0.14  -0.01  117.2
64931.0  1.5  983.4  119.5  313.8  1.69  0.28  -0.10  117.4
64932.0  1.9  983.7  119.5  313.8  1.95  -0.02  -0.09  117.3
64933.0  2.1  983.9  119.4  313.8  2.11  -0.30  -0.19  117.6
64934.0  1.8  983.4  119.4  313.8  1.93  -0.08  -0.22  118.0
64935.0  1.8  984.0  119.4  313.7  1.88  0.00  -0.37  118.2
64936.0  2.0  983.8  119.3  313.6  2.01  0.15  -0.36  118.0
64937.0  2.0  983.1  119.3  313.4  2.00  0.38  -0.28  117.5
64938.0  1.9  983.4  119.3  313.3  1.78  0.27  -0.06  116.6
64939.0  1.5  983.8  119.3  313.3  1.79  0.62  0.03  117.0
64940.0  2.0  983.5  119.3  313.4  2.09  0.58  0.15  116.7
64941.0  2.1  984.0  119.2  313.5  2.28  0.22  0.11  116.6
64942.0  1.9  983.5  119.2  313.7  2.11  0.56  -0.20  116.1
64943.0  2.0  983.9  119.2  313.7  2.13  0.26  0.05  115.5
64944.0  2.2  983.6  119.2  313.8  2.19  -0.17  0.22  115.8
64945.0  1.8  984.1  119.1  314.0  2.13  0.17  0.03  115.8
64946.0  1.8  983.6  119.1  314.0  2.18  -0.01  -0.24  115.4
64947.0  2.5  983.7  119.1  314.0  2.50  -0.39  -0.36  115.3
64948.0  1.9  983.8  119.0  313.9  2.24  -0.12  -0.26  115.2
64949.0  1.8  983.7  119.0  313.8  2.26  0.44  -0.23  115.3
64950.0  2.3  983.3  118.9  313.8  2.57  0.05  -0.05  115.5
64951.0  2.3  983.5  118.9  313.8  2.43  -0.10  -0.11  116.0
64952.0  2.5  983.8  118.8  313.9  2.23  0.25  0.02  115.2
64953.0  1.8  983.6  118.8  314.0  1.97  0.78  -0.33  115.2
64954.0  2.3  983.9  118.8  314.0  2.07  0.08  -0.66  115.8
64955.0  2.3  983.9  118.9  313.8  1.88  0.28  -0.47  115.9
64956.0  1.6  983.9  118.9  313.5  1.45  -0.14  -0.56  116.1
64957.0  1.9  983.8  119.0  313.1  1.58  -0.92  0.12  115.3
64958.0  2.4  984.0  119.1  313.0  1.56  0.10  0.00  116.0
64959.0  1.7  983.8  119.1  313.1  1.20  0.70  0.68  116.8
64960.0  1.6  983.6  119.3  313.5  1.00  1.26  0.82  116.8
64961.0  1.6  983.8  119.4  314.1  1.15  0.64  0.29  116.2
64962.0  2.1  983.6  119.5  314.4  1.19  -0.42  -0.59  115.7
64963.0  1.9  983.4  119.7  314.2  0.93  -0.94  -0.12  115.3
64964.0  2.3  983.9  119.9  314.2  0.91  -0.70  -0.36  117.1
64965.0  1.4  983.3  120.0  314.1  0.61  -0.24  -0.89  117.8
64966.0  1.3  983.8  120.2  313.7  0.62  -0.39  -0.90  117.3
64967.0  2.0  983.7  120.3  313.2  1.17  -0.71  0.54  117.3
64968.0  1.8  984.1  120.4  313.4  1.13  0.31  -0.52  118.2
64969.0  1.8  983.6  120.5  313.0  1.04  1.12  -0.33  119.7
64970.0  1.8  983.4  120.6  312.9  1.33  0.71  -0.03  119.0
64971.0  1.8  983.7  120.6  313.0  1.38  0.79  0.06  119.9
64972.0  1.7  983.8  120.6  313.1  1.28  1.43  0.04  120.3
64973.0  1.3  983.5  120.7  313.2  1.37  1.40  0.21  120.1
64974.0  1.5  983.7  120.6  313.5  1.72  1.01  0.26  120.2
64975.0  1.9  983.7  120.5  313.8  2.14  0.31  -0.21  120.1
64976.0  1.7  983.6  120.5  313.8  2.03  -0.01  -0.06  118.7
64977.0  1.7  983.4  120.4  313.8  2.11  -0.13  0.04  119.5
64978.0  1.9  983.7  120.3  313.8  2.27  -0.27  0.01  119.3
64979.0  1.9  983.8  120.1  313.9  2.36  -0.26  0.32  119.2
64980.0  1.8  983.6  120.0  314.1  2.36  -0.45  0.13  118.9
64981.0  1.9  984.0  119.9  314.2  2.39  -0.34  -0.51  118.7
64982.0  1.8  983.9  119.8  314.1  2.40  -0.30  -0.20  117.9
64983.0  1.8  983.9  119.6  314.0  2.57  -0.45  0.00  118.5
64984.0  1.9  983.7  119.5  314.1  2.65  -0.46  -0.22  118.6
64985.0  1.9  983.9  119.3  314.0  2.63  -0.18  -0.76  118.6
64986.0  1.8  984.0  119.1  313.6  2.55  0.07  -0.50  118.2
64987.0  1.7  983.9  119.0  313.4  2.59  0.23  -0.40  118.0
64988.0  2.2  983.9  118.9  313.2  2.69  0.44  0.02  117.2
64989.0  1.6  983.8  118.7  313.2  2.44  0.71  0.24  117.2
64990.0  1.7  984.0  118.6  313.4  2.48  0.89  0.30  117.8
64991.0  1.7  983.6  118.4  313.7  2.62  0.62  -0.09  117.8
64992.0  2.4  983.7  118.3  313.8  2.61  0.01  0.20  117.5
64993.0  2.0  984.2  118.2  314.0  2.37  0.09  0.02  117.8
64994.0  1.4  984.0  118.1  314.1  1.99  -0.30  -0.49  116.9
64995.0  2.3  983.6  118.1  313.9  2.29  -0.58  0.73  116.6
64996.0  1.7  984.2  118.0  314.2  2.14  -0.91  -0.29  117.2
64997.0  1.2  983.7  118.0  314.0  1.80  -0.47  -0.36  115.4
64998.0  2.0  983.7  118.0  313.8  2.39  -0.12  0.02  115.6
64999.0  2.1  983.8  117.9  313.9  2.44  -0.25  -0.20  116.1
65000.0  2.4  983.8  117.9  313.9  2.25  0.41  0.13  116.0
65001.0  2.4  983.8  117.8  314.0  1.87  0.18  -0.38  116.2
65002.0  1.5  984.1  117.9  314.0  1.43  -0.11  -0.60  117.3
65003.0  1.4  983.8  117.9  313.7  1.52  -0.46  -0.05  117.0
65004.0  1.9  983.4  117.9  313.6  2.06  -0.11  -0.22  117.0
65005.0  1.8  983.9  117.9  313.5  1.99  -0.02  -0.26  116.5
65006.0  2.3  983.7  117.9  313.4  1.98  0.39  -0.09  116.8
65007.0  1.5  983.6  117.9  313.4  1.73  0.22  -0.20  116.1
65008.0  1.8  983.9  117.9  313.3  1.83  0.41  -0.16  116.3
65009.0  2.4  983.3  117.9  313.2  2.25  0.33  0.14  116.0
65010.0  1.8  983.8  117.9  313.3  2.01  0.55  -0.10  115.8
65011.0  1.8  983.8  117.9  313.3  1.94  0.94  -0.45  116.0
65012.0  2.2  983.4  117.9  313.2  2.22  1.02  -0.23  115.7
65013.0  2.0  984.1  117.8  313.1  2.26  0.76  -0.26  115.9
65014.0  1.9  983.7  117.8  313.0  2.29  0.43  0.07  115.7
65015.0  2.2  983.5  117.7  313.0  2.59  0.95  0.18  115.6
65016.0  2.2  983.5  117.6  313.2  2.58  1.53  0.19  115.6
65017.0  2.1  983.6  117.5  313.5  2.60  1.26  0.10  115.0
65018.0  2.1  984.1  117.5  313.8  2.55  0.61  -0.23  113.7
65019.0  2.3  983.6  117.4  313.8  2.76  0.34  0.00  113.9
65020.0  2.5  983.9  117.3  313.9  2.91  -0.02  -0.27  113.9
65021.0  2.7  983.4  117.2  313.8  2.69  -0.31  -0.12  114.0
65022.0  2.3  983.5  117.2  313.7  2.44  -0.56  -0.02  114.0
65023.0  2.0  984.3  117.2  313.7  2.23  0.19  -0.05  114.8
65024.0  2.5  983.4  117.2  313.8  2.28  0.52  -0.39  113.6
65025.0  2.2  983.5  117.2  313.7  2.02  0.34  -0.16  114.1
65026.0  1.6  983.2  117.2  313.8  1.81  0.29  -0.06  114.9
65027.0  2.2  983.6  117.2  313.8  2.03  0.06  -0.62  115.6
65028.0  2.7  984.0  117.3  313.5  2.03  0.56  -0.29  114.2
65029.0  2.0  983.9  117.4  313.5  1.49  0.76  0.80  113.8
65030.0  1.6  983.6  117.5  314.1  1.19  0.36  0.99  115.6
65031.0  1.8  983.7  117.6  314.6  1.28  -0.77  -0.17  116.2
65032.0  2.1  983.6  117.7  314.6  1.36  -1.60  -0.02  115.8
65033.0  1.5  983.5  117.8  314.6  1.13  -1.30  -1.16  116.4
65034.0  1.9  983.5  117.9  314.0  1.16  -1.13  -1.10  116.3
65035.0  1.6  983.7  118.0  313.3  1.27  -0.43  -0.10  116.2
65036.0  1.9  983.5  118.1  313.2  1.40  0.56  0.25  117.7
65037.0  2.6  983.6  118.1  313.3  1.55  -0.55  0.73  117.2
65038.0  1.8  984.1  118.2  313.5  1.15  -0.74  -0.48  118.0
65039.0  1.7  983.2  118.3  313.3  0.87  0.04  -0.16  117.3
65040.0  1.3  983.5  118.5  313.2  0.99  1.05  -0.14  117.3
65041.0  2.1  983.3  118.6  313.2  1.42  0.99  -0.06  116.0
65042.0  1.9  984.4  118.6  313.3  1.57  1.07  0.21  116.8
65043.0  1.7  983.5  118.7  313.6  1.52  0.97  -0.07  117.1
65044.0  1.9  983.6  118.7  313.7  1.82  0.67  -0.02  117.1
65045.0  2.0  983.6  118.7  313.8  1.99  0.25  -0.15  117.1
65046.0  1.8  984.1  118.7  313.9  2.01  0.21  -0.06  116.3
65047.0  2.0  983.9  118.6  313.9  2.24  0.54  -0.21  115.8
65048.0  2.5  983.4  118.6  314.0  2.55  0.05  -0.02  115.5
65049.0  2.4  984.1  118.5  314.0  2.48  -0.53  -0.48  115.5
65050.0  2.9  983.7  118.5  313.8  2.34  -0.43  -0.57  115.8
65051.0  1.4  983.4  118.5  313.5  1.94  -0.20  -0.45  115.5
65052.0  2.1  983.3  118.5  313.3  2.23  0.42  -0.07  115.7
65053.0  2.4  983.6  118.4  313.2  2.38  0.90  -0.28  116.2
65054.0  2.0  984.2  118.4  313.3  2.07  1.13  0.90  117.0
65055.0  1.8  983.3  118.3  313.8  1.97  0.92  1.02  117.3
65056.0  2.3  983.6  118.3  314.5  2.03  0.19  0.61  116.6
65057.0  1.4  983.3  118.3  315.0  1.70  -0.87  -0.67  117.0
65058.0  1.4  983.7  118.3  314.8  1.73  -0.99  -1.18  117.7
