flight/WP3D/AircraftPos_NP3_20130623_RA.ict
38  1001
Ken Aikin
NOAA ESRL Chemical Sciences Division
various aircraft sensors
SENEX 2013
1  1
2013  06  23  2013  06  23
1
AOCTimewave
5
1  1  1  1  1 
-9999  -9999  -9999  -9999  -9999
GpsLat  deg
GpsLon  deg
GpsAlt  m
PAlt  m
RAlt  m
1
SPECIAL COMMENTS:Indianapolis and Nashville PP.
18
PI_CONTACT_INFO: Address: NOAA ESRL Chemical Sciences Division  Mail Stop R/CSD7  325 Broadway  Boulder  CO 80305
PLATFORM: NOAA WP-3D
LOCATION: The aircraft was stationed in Smyrna  Tennessee. Aircraft location information in AircraftPosition file.
ASSOCIATED_DATA: N/A
INSTRUMENT_INFO: N/A
DATA_INFO: Units:GpsLat:decimal degrees; GpsLon: decimal degrees; GpsAlt: meters; PAlt:meters; RAlt: meters.
UNCERTAINTY: N/A
ULOD_FLAG: -7777
ULOD_VALUE: N/A
LLOD_FLAG: -8888
LLOD_VALUE: N/A
DM_CONTACT_INFO: Data Manager:Ken Aikin; email:Kenneth.C.Aikin@noaa.gov
PROJECT_INFO: SENEX 2013 Study; June 1 - July 15  2013
STIPULATIONS_ON_USE: Use of these data require prior ok from PI.
OTHER_COMMENTS:       None
REVISION: RA
RA: Preliminary Data.  For in-field use.
AOCTimewave  GpsLat  GpsLon  GpsAlt  PAlt  RAlt
[from data line 16291]
70794.0  36.3992   -87.0974    669.3    582.4    479.0
70795.0  36.3984   -87.0983    670.1    583.2    474.6
70796.0  36.3977   -87.0992    670.8    584.3    473.9
70797.0  36.3970   -87.1001    671.8    585.2    478.6
70798.0  36.3962   -87.1010    672.5    586.2    484.3
70799.0  36.3955   -87.1019    673.0    587.5    477.1
70800.0  36.3947   -87.1028    673.0    586.1    474.5
70801.0  36.3940   -87.1037    673.0    585.7    478.7
70802.0  36.3933   -87.1046    673.0    585.1    480.0
70803.0  36.3925   -87.1055    673.0    587.3    474.5
70804.0  36.3918   -87.1064    673.0    585.9    471.6
70805.0  36.3910   -87.1074    673.0    584.9    476.5
70806.0  36.3903   -87.1083    672.6    586.0    476.9
70807.0  36.3895   -87.1092    671.8    585.6    477.2
70808.0  36.3888   -87.1101    671.8    585.5    477.9
70809.0  36.3881   -87.1110    671.8    584.9    480.7
70810.0  36.3873   -87.1119    671.8    584.9    481.7
70811.0  36.3866   -87.1128    671.0    584.8    486.0
70812.0  36.3858   -87.1137    670.6    583.8    485.7
70813.0  36.3851   -87.1146    669.7    583.3    486.4
70814.0  36.3843   -87.1155    669.3    583.5    490.5
70815.0  36.3836   -87.1164    669.3    582.7    490.6
70816.0  36.3829   -87.1173    668.7    582.2    496.7
70817.0  36.3821   -87.1182    668.1    582.7    501.5
70818.0  36.3814   -87.1191    668.5    583.7    488.7
70819.0  36.3806   -87.1200    669.3    584.4    488.8
70820.0  36.3799   -87.1209    669.3    582.1    488.8
70821.0  36.3792   -87.1218    669.3    582.4    486.4
70822.0  36.3784   -87.1227    670.3    583.0    481.5
70823.0  36.3777   -87.1236    670.6    583.9    485.8
70824.0  36.3769   -87.1245    670.6    584.4    487.8
70825.0  36.3762   -87.1254    670.6    583.4    488.3
70826.0  36.3755   -87.1263    670.6    582.4    486.0
70827.0  36.3747   -87.1272    670.6    582.1    491.8
70828.0  36.3740   -87.1281    670.6    582.9    491.2
70829.0  36.3733   -87.1290    670.1    583.5    487.8
70830.0  36.3725   -87.1299    669.3    582.9    480.8
70831.0  36.3718   -87.1308    669.3    583.3    482.8
70832.0  36.3711   -87.1316    669.7    584.0    487.4
70833.0  36.3703   -87.1325    670.6    583.8    489.9
70834.0  36.3696   -87.1334    670.6    583.1    482.2
70835.0  36.3689   -87.1343    670.1    583.3    486.1
70836.0  36.3681   -87.1352    669.3    583.0    488.8
70837.0  36.3674   -87.1361    669.3    583.6    481.2
70838.0  36.3667   -87.1370    669.0    582.9    491.3
70839.0  36.3659   -87.1379    668.1    582.6    492.7
70840.0  36.3652   -87.1388    668.1    582.9    494.9
70841.0  36.3645   -87.1396    668.1    581.9    491.6
70842.0  36.3637   -87.1405    668.1    583.3    487.3
70843.0  36.3630   -87.1414    668.1    583.3    487.4
70844.0  36.3623   -87.1423    669.0    582.7    488.3
70845.0  36.3616   -87.1432    669.3    582.1    489.0
70846.0  36.3609   -87.1441    669.3    582.9    494.1
70847.0  36.3601   -87.1450    669.3    582.6    493.1
70848.0  36.3594   -87.1459    669.4    582.8    493.2
70849.0  36.3587   -87.1467    670.6    583.5    495.5
70850.0  36.3580   -87.1476    670.6    584.8    499.7
70851.0  36.3572   -87.1485    670.6    584.2    500.6
70852.0  36.3565   -87.1494    670.6    584.0    496.1
70853.0  36.3558   -87.1503    670.9    585.3    501.2
70854.0  36.3551   -87.1511    671.8    586.3    505.4
70855.0  36.3544   -87.1520    672.7    586.5    499.6
70856.0  36.3536   -87.1529    673.0    587.4    493.4
70857.0  36.3529   -87.1538    673.0    588.6    498.5
70858.0  36.3522   -87.1547    673.0    586.8    502.3
70859.0  36.3515   -87.1555    672.0    585.5    503.3
70860.0  36.3508   -87.1564    671.8    585.2    510.2
70861.0  36.3500   -87.1573    671.8    586.2    517.5
70862.0  36.3493   -87.1582    671.8    586.9    519.7
70863.0  36.3486   -87.1590    671.8    587.7    516.4
70864.0  36.3479   -87.1599    671.8    586.7    520.3
70865.0  36.3472   -87.1608    671.3    585.1    519.1
70866.0  36.3464   -87.1617    670.6    582.9    511.7
70867.0  36.3457   -87.1625    670.6    582.4    503.6
70868.0  36.3450   -87.1634    670.6    582.5    500.9
70869.0  36.3443   -87.1643    671.1    581.6    493.6
70870.0  36.3436   -87.1652    672.2    584.2    490.1
70871.0  36.3428   -87.1660    673.0    585.5    489.4
70872.0  36.3421   -87.1669    672.7    585.1    495.0
70873.0  36.3414   -87.1678    671.8    585.9    493.4
70874.0  36.3407   -87.1687    671.6    585.1    490.4
70875.0  36.3400   -87.1695    670.6    584.1    490.8
70876.0  36.3393   -87.1704    671.6    585.5    496.1
70877.0  36.3385   -87.1713    671.8    586.5    509.1
70878.0  36.3378   -87.1722    672.8    586.6    509.2
70879.0  36.3371   -87.1730    672.6    586.2    507.3
70880.0  36.3364   -87.1739    671.8    585.3    492.9
70881.0  36.3357   -87.1748    671.8    585.0    486.8
70882.0  36.3349   -87.1756    671.0    585.1    495.5
70883.0  36.3342   -87.1765    670.6    582.8    501.6
70884.0  36.3335   -87.1774    670.6    583.4    507.3
70885.0  36.3328   -87.1783    670.0    582.9    508.0
70886.0  36.3321   -87.1791    669.3    582.9    504.4
70887.0  36.3314   -87.1800    669.3    582.9    491.9
70888.0  36.3306   -87.1809    669.3    582.4    490.3
70889.0  36.3299   -87.1817    669.3    581.0    486.1
70890.0  36.3292   -87.1826    669.3    582.6    485.6
70891.0  36.3285   -87.1835    669.3    581.9    481.3
70892.0  36.3278   -87.1844    669.3    582.5    485.5
70893.0  36.3271   -87.1852    669.3    582.3    482.7
70894.0  36.3264   -87.1861    669.3    582.2    492.0
70895.0  36.3257   -87.1870    669.3    583.1    505.8
70896.0  36.3250   -87.1878    670.1    582.7    506.4
70897.0  36.3242   -87.1887    670.6    583.5    491.6
70898.0  36.3235   -87.1896    670.6    584.2    496.4
70899.0  36.3228   -87.1904    670.6    583.8    510.1
70900.0  36.3221   -87.1913    670.6    582.9    520.5
70901.0  36.3214   -87.1922    670.6    584.0    526.6
70902.0  36.3207   -87.1930    670.6    584.1    528.6
70903.0  36.3200   -87.1939    670.6    581.4    535.6
70904.0  36.3193   -87.1948    670.2    582.3    547.9
70905.0  36.3186   -87.1956    669.3    582.1    560.0
70906.0  36.3179   -87.1965    669.3    583.1    566.3
70907.0  36.3172   -87.1974    669.3    582.6    567.1
70908.0  36.3165   -87.1982    670.5    584.7    567.1
70909.0  36.3158   -87.1991    670.6    584.7    564.6
70910.0  36.3151   -87.1999    670.6    584.5    565.4
70911.0  36.3144   -87.2008    670.6    584.9    571.6
70912.0  36.3137   -87.2017    670.6    585.5    571.7
70913.0  36.3130   -87.2025    671.6    585.5    568.7
70914.0  36.3123   -87.2034    672.0    585.3    566.3
70915.0  36.3116   -87.2042    673.1    586.0    565.9
70916.0  36.3109   -87.2051    674.3    587.4    569.6
70917.0  36.3102   -87.2060    675.4    587.8    569.9
70918.0  36.3095   -87.2068    675.4    588.0    562.2
70919.0  36.3088   -87.2077    675.1    588.0    552.7
70920.0  36.3081   -87.2085    674.1    587.4    542.0
70921.0  36.3074   -87.2094    673.0    587.0    538.2
70922.0  36.3067   -87.2103    672.5    587.4    530.6
70923.0  36.3060   -87.2111    671.5    585.7    515.5
70924.0  36.3053   -87.2120    670.6    584.7    516.9
70925.0  36.3046   -87.2128    670.1    583.9    515.5
70926.0  36.3039   -87.2137    669.3    582.1    513.2
70927.0  36.3032   -87.2145    669.3    582.1    523.5
70928.0  36.3025   -87.2154    668.6    582.0    517.1
70929.0  36.3018   -87.2162    668.1    582.4    513.5
70930.0  36.3011   -87.2171    668.8    583.1    513.7
70931.0  36.3004   -87.2180    669.3    584.0    517.1
70932.0  36.2997   -87.2188    669.3    584.4    522.6
70933.0  36.2990   -87.2197    669.3    583.8    521.5
70934.0  36.2983   -87.2205    669.3    583.8    522.7
70935.0  36.2976   -87.2213    670.1    583.2    521.3
70936.0  36.2969   -87.2222    670.6    583.5    510.0
70937.0  36.2962   -87.2230    670.6    583.6    507.1
70938.0  36.2955   -87.2239    670.6    582.5    511.5
70939.0  36.2948   -87.2247    670.6    581.0    523.2
70940.0  36.2940   -87.2255    671.3    582.7    518.3
70941.0  36.2933   -87.2263    671.8    581.6    502.0
70942.0  36.2926   -87.2272    671.8    583.5    501.7
70943.0  36.2919   -87.2280    672.3    584.8    514.6
70944.0  36.2912   -87.2288    673.0    586.9    524.4
70945.0  36.2905   -87.2297    673.6    587.7    540.4
70946.0  36.2898   -87.2305    674.6    589.2    538.6
70947.0  36.2891   -87.2314    675.8    589.3    536.5
70948.0  36.2883   -87.2322    676.7    590.9    549.0
70949.0  36.2876   -87.2330    676.2    587.7    562.5
70950.0  36.2869   -87.2339    675.4    588.2    559.6
70951.0  36.2862   -87.2347    675.1    588.3    558.5
70952.0  36.2855   -87.2356    673.6    585.8    552.0
70953.0  36.2848   -87.2364    672.1    583.9    547.2
70954.0  36.2841   -87.2373    671.3    584.6    543.8
70955.0  36.2834   -87.2381    670.5    584.6    550.6
70956.0  36.2827   -87.2390    669.3    584.6    555.8
70957.0  36.2820   -87.2398    670.2    583.4    545.8
70958.0  36.2813   -87.2407    669.3    582.6    533.7
70959.0  36.2806   -87.2416    669.3    581.6    529.3
70960.0  36.2799   -87.2424    669.3    581.9    525.1
70961.0  36.2792   -87.2433    669.3    583.3    520.6
70962.0  36.2785   -87.2442    670.0    583.7    522.4
70963.0  36.2778   -87.2450    669.3    581.4    527.5
70964.0  36.2771   -87.2459    669.3    581.1    523.3
70965.0  36.2764   -87.2468    669.3    580.8    517.5
70966.0  36.2757   -87.2477    669.3    582.2    536.5
70967.0  36.2751   -87.2485    670.1    582.8    541.1
70968.0  36.2744   -87.2494    670.7    583.0    527.8
70969.0  36.2737   -87.2503    672.0    584.9    510.5
70970.0  36.2730   -87.2512    673.0    586.2    507.8
70971.0  36.2723   -87.2520    673.0    586.7    505.5
70972.0  36.2716   -87.2529    673.0    587.0    505.5
70973.0  36.2709   -87.2538    673.0    586.3    511.7
70974.0  36.2702   -87.2546    672.2    585.0    514.4
70975.0  36.2695   -87.2555    671.7    584.7    509.6
70976.0  36.2688   -87.2564    670.6    585.9    498.4
70977.0  36.2682   -87.2573    669.8    583.9    492.6
70978.0  36.2675   -87.2581    669.3    583.5    494.9
70979.0  36.2668   -87.2590    668.4    583.1    495.6
70980.0  36.2661   -87.2599    668.6    584.1    504.0
70981.0  36.2654   -87.2607    668.1    582.2    509.1
70982.0  36.2647   -87.2616    668.1    582.4    504.2
70983.0  36.2640   -87.2625    668.1    582.7    510.7
70984.0  36.2633   -87.2634    668.1    583.3    516.8
70985.0  36.2626   -87.2642    668.1    583.7    524.0
70986.0  36.2619   -87.2651    668.4    582.5    530.2
70987.0  36.2612   -87.2660    669.3    583.0    513.7
70988.0  36.2605   -87.2668    670.3    584.1    510.5
70989.0  36.2598   -87.2677    671.2    584.9    506.7
70990.0  36.2591   -87.2685    671.8    584.5    511.3
70991.0  36.2584   -87.2694    671.8    583.9    520.4
70992.0  36.2577   -87.2702    672.6    583.6    532.2
70993.0  36.2569   -87.2711    673.0    585.2    540.4
70994.0  36.2562   -87.2719    673.0    584.9    536.9
70995.0  36.2555   -87.2728    673.0    583.8    530.4
70996.0  36.2548   -87.2736    672.5    583.9    509.5
70997.0  36.2541   -87.2745    671.8    584.2    497.5
70998.0  36.2534   -87.2753    671.8    583.8    487.4
70999.0  36.2526   -87.2762    671.8    585.6    489.3
71000.0  36.2519   -87.2770    670.3    585.6    496.3
71001.0  36.2512   -87.2779    670.3    585.3    498.4
71002.0  36.2505   -87.2788    670.6    584.7    498.2
71003.0  36.2498   -87.2796    671.0    585.2    504.0
71004.0  36.2491   -87.2805    671.8    586.7    517.0
71005.0  36.2483   -87.2813    671.1    585.2    515.5
71006.0  36.2476   -87.2822    670.6    585.1    511.8
71007.0  36.2469   -87.2831    670.6    584.2    513.8
71008.0  36.2462   -87.2839    671.6    584.6    516.1
71009.0  36.2455   -87.2848    672.3    586.0    505.3
71010.0  36.2448   -87.2856    673.0    587.4    499.4
71011.0  36.2440   -87.2865    673.0    588.6    490.9
71012.0  36.2433   -87.2873    673.0    588.4    490.5
71013.0  36.2426   -87.2882    672.7    587.3    492.3
71014.0  36.2419   -87.2890    671.8    585.9    492.9
71015.0  36.2412   -87.2899    671.4    586.0    496.6
71016.0  36.2405   -87.2908    670.6    586.4    499.7
71017.0  36.2397   -87.2916    670.6    584.1    497.1
71018.0  36.2390   -87.2925    670.4    584.2    495.6
71019.0  36.2383   -87.2933    669.3    582.4    492.6
71020.0  36.2376   -87.2942    669.3    582.8    488.5
71021.0  36.2369   -87.2951    669.3    583.6    482.9
71022.0  36.2362   -87.2959    670.3    582.7    472.4
71023.0  36.2354   -87.2968    670.6    582.4    468.8
71024.0  36.2347   -87.2977    670.6    582.4    465.0
71025.0  36.2340   -87.2985    670.6    582.8    466.1
71026.0  36.2333   -87.2994    670.6    583.3    472.2
71027.0  36.2326   -87.3003    670.6    583.7    474.4
71028.0  36.2319   -87.3011    671.7    585.5    469.8
71029.0  36.2311   -87.3020    671.8    585.4    469.2
71030.0  36.2304   -87.3029    671.8    586.9    466.2
71031.0  36.2297   -87.3037    672.9    586.7    461.5
71032.0  36.2290   -87.3046    673.0    586.9    467.6
71033.0  36.2283   -87.3055    672.3    586.5    469.3
71034.0  36.2276   -87.3064    671.8    586.0    475.7
71035.0  36.2269   -87.3072    671.3    586.5    476.1
71036.0  36.2261   -87.3081    670.6    586.1    487.7
71037.0  36.2254   -87.3090    670.6    585.1    489.7
71038.0  36.2247   -87.3098    670.6    584.9    489.4
71039.0  36.2240   -87.3107    670.6    584.9    491.3
71040.0  36.2233   -87.3116    671.5    584.8    491.3
71041.0  36.2226   -87.3124    672.8    585.4    480.1
71042.0  36.2218   -87.3133    673.5    585.6    473.8
71043.0  36.2211   -87.3142    674.2    586.5    472.1
71044.0  36.2204   -87.3150    674.2    586.0    480.6
71045.0  36.2197   -87.3159    674.9    588.6    484.1
71046.0  36.2190   -87.3168    674.6    589.1    482.1
71047.0  36.2182   -87.3177    674.2    587.7    477.6
71048.0  36.2175   -87.3185    674.2    588.0    468.8
71049.0  36.2168   -87.3194    674.2    588.4    463.1
71050.0  36.2161   -87.3203    674.0    588.0    454.4
71051.0  36.2153   -87.3212    673.0    586.4    446.9
71052.0  36.2146   -87.3220    673.0    584.9    449.3
71053.0  36.2139   -87.3229    672.3    585.2    449.4
71054.0  36.2132   -87.3238    671.8    586.3    453.2
71055.0  36.2124   -87.3247    671.8    586.2    460.0
71056.0  36.2117   -87.3256    671.4    584.8    443.9
71057.0  36.2110   -87.3264    670.6    582.5    446.4
71058.0  36.2102   -87.3273    670.6    582.9    453.1
71059.0  36.2095   -87.3282    670.6    583.8    448.9
71060.0  36.2088   -87.3291    669.9    585.5    444.8
71061.0  36.2081   -87.3300    669.3    584.8    446.0
71062.0  36.2073   -87.3309    670.0    584.2    450.1
71063.0  36.2066   -87.3318    670.6    584.3    452.1
71064.0  36.2059   -87.3327    671.0    586.2    453.8
71065.0  36.2051   -87.3335    671.8    585.6    455.6
71066.0  36.2044   -87.3344    671.8    585.3    467.3
71067.0  36.2037   -87.3353    671.8    587.1    477.6
71068.0  36.2029   -87.3362    671.8    586.4    474.6
71069.0  36.2022   -87.3371    671.8    586.1    464.0
71070.0  36.2015   -87.3380    673.0    587.1    467.1
71071.0  36.2007   -87.3389    673.0    587.5    466.0
71072.0  36.2000   -87.3397    673.0    586.1    465.0
71073.0  36.1992   -87.3406    672.3    585.9    463.6
71074.0  36.1985   -87.3415    671.8    586.9    467.4
71075.0  36.1978   -87.3424    671.8    586.8    475.2
71076.0  36.1970   -87.3433    672.5    585.4    484.3
71077.0  36.1963   -87.3442    672.3    585.8    479.9
71078.0  36.1955   -87.3450    673.0    586.8    472.0
71079.0  36.1948   -87.3459    673.1    586.8    465.8
71080.0  36.1941   -87.3468    674.2    587.0    461.6
71081.0  36.1933   -87.3477    675.2    589.0    455.0
71082.0  36.1926   -87.3486    675.4    589.1    454.5
71083.0  36.1918   -87.3495    675.4    589.9    450.3
