flight/WP3D/AircraftMet_NP3_20130706_RA.ict
43  1001
Ken Aikin
NOAA ESRL Chemical Sciences Division
various aircraft sensors
SENEX 2013
1  1
2013  07  06  2013  07  06
1
AOCTimewave
10
1  1  1  1  1  1  1  1  1  1
-9999  -9999  -9999  -9999  -9999  -9999  -9999  -9999  -9999  -9999
AmbTemp  C
DewPtTemp  C
DewPtTempTDL  C
H2Omr  g/kg
PotTemp  K
RelHumidity  pct
StaticPrs  mbar
VertWindSpd  m/s
WindDir  deg
WindSpd  m/s
1
SPECIAL COMMENTS:PA shale flight.
18
PI_CONTACT_INFO: Address: NOAA ESRL Chemical Sciences Division  Mail Stop R/CSD7  325 Broadway  Boulder  CO 80305
PLATFORM: NOAA WP-3D
LOCATION: The aircraft was stationed in  Smyrna  Tennessee. Aircraft location information in AircraftPosition file.
ASSOCIATED_DATA: N/A
INSTRUMENT_INFO: N/A
DATA_INFO: Units:AmbTemp celcius; DewPtTemp celcius; DewPtTempTDL celcius; H2Omr g/kg; PotTemp kelvin; RelHumidity percent; StaticPrs millibar; VertWindSpd m/s; WindDir degrees; WindSpd m/s
UNCERTAINTY: N/A
ULOD_FLAG: -7777
ULOD_VALUE: N/A
LLOD_FLAG: -8888
LLOD_VALUE: N/A
DM_CONTACT_INFO: Data Manager:Ken Aikin; email:Kenneth.C.Aikin@noaa.gov
PROJECT_INFO: SENEX 2013 Study; June 1 - July 15  2013
STIPULATIONS_ON_USE: Use of these data require prior ok from PI.
OTHER_COMMENTS:       None
REVISION: RA
RA: Preliminary Data.  For in-field use.
AOCTimewave  AmbTemp  DewPtTemp  DewPtTempTDL  H2Omr  PotTemp  RelHumidity  StaticPrs  VertWindSpd  WindDir  WindSpd
[from data line 24161]
75720.0  0.400  -1.650  -4.940  5.63  315.95  86.01  603.57  -0.14  223.14  15.24
75721.0  0.460  -1.770  -4.790  5.58  315.96  84.85  603.97  -0.23  222.79  15.33
75722.0  0.460  -1.930  -4.480  5.51  315.91  83.80  604.35  -0.20  222.97  15.36
75723.0  0.500  -2.080  -4.220  5.44  315.88  82.64  604.85  -0.08  223.16  15.15
75724.0  0.560  -2.220  -4.690  5.38  315.89  81.43  605.31  -0.02  223.42  15.11
75725.0  0.610  -2.360  -4.940  5.32  315.88  80.35  605.71  -0.13  223.99  15.14
75726.0  0.670  -2.440  -5.030  5.28  315.87  79.51  606.19  -0.12  224.53  14.90
75727.0  0.650  -2.490  -5.070  5.26  315.80  79.26  606.60  -0.02  224.84  14.73
75728.0  0.680  -2.550  -5.060  5.24  315.77  78.77  607.03  -0.03  225.53  14.76
75729.0  0.760  -2.590  -5.100  5.21  315.80  78.05  607.45  -0.08  225.63  14.58
75730.0  0.830  -2.660  -5.150  5.19  315.81  77.29  607.92  -0.11  226.01  14.48
75731.0  0.860  -2.720  -5.310  5.15  315.75  76.77  608.52  -0.04  225.10  14.27
75732.0  0.930  -2.800  -5.340  5.12  315.75  75.97  609.06  -0.04  224.90  14.04
75733.0  1.000  -2.860  -5.230  5.09  315.76  75.21  609.54  0.20  224.38  13.95
75734.0  1.010  -2.910  -5.400  5.07  315.69  74.91  610.06  0.69  224.51  13.80
75735.0  1.020  -2.960  -5.530  5.05  315.63  74.52  610.60  0.97  224.11  13.60
75736.0  0.950  -3.000  -4.810  5.03  315.48  74.67  611.07  1.09  225.35  12.95
75737.0  0.740  -3.020  -3.860  5.02  315.16  75.73  611.64  1.07  225.87  12.61
75738.0  0.580  -3.020  -4.100  5.01  314.90  76.63  612.12  0.86  227.28  12.55
75739.0  0.510  -2.990  -4.550  5.02  314.72  77.21  612.81  0.52  228.73  12.57
75740.0  0.500  -2.910  -4.590  5.04  314.64  77.67  613.31  0.32  227.98  12.37
75741.0  0.440  -2.810  -4.380  5.07  314.47  78.60  613.98  0.14  227.81  12.23
75742.0  0.470  -2.670  -4.350  5.12  314.43  79.29  614.46  0.06  227.99  12.23
75743.0  0.500  -2.570  -4.310  5.16  314.39  79.70  615.02  -0.07  227.60  12.08
75744.0  0.590  -2.490  -4.290  5.18  314.39  79.62  615.68  -0.13  227.91  11.96
75745.0  0.660  -2.430  -4.250  5.20  314.37  79.61  616.36  -0.01  228.30  11.84
75746.0  0.710  -2.370  -4.220  5.22  314.34  79.63  616.98  0.00  228.03  11.75
75747.0  0.770  -2.350  -4.150  5.22  314.32  79.47  617.56  -0.06  227.34  11.68
75748.0  0.850  -2.310  -4.090  5.23  314.31  79.22  618.26  -0.16  227.30  11.55
75749.0  0.910  -2.270  -4.060  5.24  314.28  79.07  618.99  -0.20  227.47  11.37
75750.0  0.960  -2.210  -4.070  5.26  314.22  79.15  619.79  -0.26  227.76  11.20
75751.0  1.050  -2.150  -4.110  5.28  314.22  79.04  620.49  -0.26  227.57  11.01
75752.0  1.140  -2.060  -4.220  5.30  314.23  79.03  621.12  -0.09  228.23  10.79
75753.0  1.150  -1.950  -4.520  5.34  314.12  79.64  621.91  0.03  228.76  10.76
75754.0  1.170  -1.840  -4.500  5.38  314.05  80.11  622.66  0.09  229.09  10.89
75755.0  1.230  -1.750  -4.400  5.41  314.01  80.31  623.38  0.15  229.18  10.72
75756.0  1.230  -1.670  -4.150  5.43  313.90  80.82  624.14  0.29  229.01  10.56
75757.0  1.240  -1.620  -4.130  5.45  313.78  81.09  625.01  0.46  228.34  10.60
75758.0  1.300  -1.610  -4.230  5.44  313.72  80.76  625.97  0.54  228.60  10.63
75759.0  1.330  -1.610  -4.160  5.44  313.63  80.61  626.76  0.79  228.72  10.76
75760.0  1.340  -1.610  -4.200  5.43  313.53  80.56  627.62  0.91  228.21  11.15
75761.0  1.400  -1.600  -3.880  5.42  313.43  80.23  628.80  0.76  226.51  11.47
75762.0  1.400  -1.600  -3.650  5.41  313.28  80.25  629.77  0.51  225.56  11.52
75763.0  1.470  -1.590  -3.600  5.41  313.23  79.95  630.68  0.54  225.32  11.69
75764.0  1.570  -1.530  -3.620  5.42  313.21  79.64  631.74  0.51  224.98  11.76
75765.0  1.650  -1.480  -3.660  5.44  313.15  79.49  632.76  0.53  224.71  11.65
75766.0  1.740  -1.410  -3.780  5.45  313.11  79.38  633.81  0.53  224.45  11.59
75767.0  1.870  -1.350  -3.820  5.47  313.11  79.00  634.86  0.38  224.24  11.64
75768.0  1.990  -1.270  -3.730  5.49  313.11  78.79  635.80  0.23  224.03  11.76
75769.0  2.050  -1.210  -3.670  5.51  313.06  78.79  636.59  -0.10  224.00  11.82
75770.0  2.160  -1.140  -3.610  5.53  313.06  78.61  637.47  -0.21  223.46  11.93
75771.0  2.270  -1.070  -3.510  5.56  313.09  78.36  638.21  -0.11  222.94  11.94
75772.0  2.320  -1.020  -3.500  5.57  313.04  78.40  638.94  -0.12  222.67  11.97
75773.0  2.370  -0.960  -3.400  5.59  313.02  78.42  639.52  -0.07  222.20  12.06
75774.0  2.430  -0.890  -3.380  5.61  312.97  78.50  640.31  0.06  222.22  12.08
75775.0  2.490  -0.830  -3.330  5.63  312.94  78.54  641.07  0.08  222.10  12.17
75776.0  2.570  -0.770  -3.270  5.65  312.92  78.40  641.87  0.03  222.05  12.21
75777.0  2.590  -0.720  -3.180  5.66  312.85  78.59  642.56  0.01  222.12  12.30
75778.0  2.640  -0.660  -2.910  5.68  312.79  78.63  643.34  -0.11  222.12  12.20
75779.0  2.710  -0.630  -2.860  5.69  312.76  78.44  644.16  -0.20  222.04  12.14
75780.0  2.760  -0.580  -2.760  5.70  312.71  78.43  644.93  -0.13  221.15  12.17
75781.0  2.820  -0.520  -2.680  5.72  312.66  78.44  645.75  -0.15  220.92  12.19
75782.0  2.890  -0.460  -2.660  5.73  312.65  78.38  646.40  -0.19  220.72  12.09
75783.0  2.970  -0.420  -2.600  5.74  312.63  78.19  647.18  -0.05  220.68  12.06
75784.0  3.040  -0.380  -2.590  5.76  312.59  78.05  648.03  0.00  220.42  11.95
75785.0  3.110  -0.330  -2.610  5.77  312.54  77.98  648.95  0.06  220.15  11.90
75786.0  3.220  -0.270  -2.570  5.78  312.54  77.65  649.91  -0.16  219.85  11.78
75787.0  3.340  -0.220  -2.510  5.80  312.56  77.33  650.74  -0.26  219.62  11.68
75788.0  3.440  -0.160  -2.530  5.82  312.55  77.08  651.61  -0.35  219.42  11.55
75789.0  3.550  -0.100  -2.510  5.83  312.58  76.78  652.35  -0.52  219.55  11.34
75790.0  3.640  -0.040  -2.560  5.85  312.57  76.61  653.16  -0.61  219.42  11.26
75791.0  3.730  -0.010  -2.500  5.86  312.58  76.30  653.88  -0.62  219.37  11.21
75792.0  3.810  0.040  -2.530  5.87  312.53  76.16  654.81  -0.60  219.59  11.01
75793.0  3.870  0.060  -2.560  5.88  312.48  75.98  655.70  -0.51  219.42  10.92
75794.0  3.940  0.110  -2.540  5.89  312.44  75.81  656.61  -0.52  219.94  10.83
75795.0  4.010  0.140  -2.600  5.89  312.41  75.62  657.43  -0.50  220.29  10.57
75796.0  4.070  0.150  -2.550  5.89  312.36  75.40  658.26  -0.52  220.31  10.43
75797.0  4.120  0.170  -2.390  5.89  312.29  75.23  659.17  -0.44  219.68  10.27
75798.0  4.160  0.170  -2.260  5.88  312.21  75.04  660.13  -0.27  218.91  10.10
75799.0  4.200  0.200  -2.220  5.89  312.14  74.95  660.96  -0.23  218.67  10.16
75800.0  4.270  0.220  -2.140  5.89  312.11  74.65  661.83  -0.20  218.06  10.11
75801.0  4.320  0.160  -1.930  5.85  312.04  74.07  662.74  -0.12  218.07  9.93
75802.0  4.350  0.040  -1.470  5.80  311.96  73.29  663.61  -0.07  218.26  9.60
75803.0  4.330  -0.110  -1.200  5.72  311.82  72.59  664.49  0.10  217.76  9.39
75804.0  4.320  -0.240  -1.230  5.66  311.67  71.99  665.44  0.22  217.22  9.33
75805.0  4.360  -0.350  -1.170  5.61  311.59  71.20  666.47  0.15  216.79  9.32
75806.0  4.450  -0.410  -1.130  5.57  311.55  70.41  667.46  0.13  217.39  9.29
75807.0  4.570  -0.480  -1.080  5.54  311.57  69.48  668.37  0.15  218.47  9.22
75808.0  4.660  -0.510  -1.120  5.52  311.55  68.87  669.28  0.17  218.41  9.33
75809.0  4.730  -0.530  -1.100  5.50  311.49  68.39  670.33  0.00  217.94  9.17
75810.0  4.870  -0.570  -1.180  5.48  311.53  67.54  671.26  -0.09  217.42  8.86
75811.0  4.950  -0.580  -1.250  5.47  311.50  67.11  672.16  -0.07  216.73  8.69
75812.0  5.040  -0.590  -1.190  5.45  311.48  66.66  673.05  0.01  215.31  8.52
75813.0  5.060  -0.600  -1.120  5.45  311.40  66.52  673.87  0.05  213.68  8.55
75814.0  5.130  -0.600  -0.980  5.44  311.34  66.20  674.86  0.26  211.67  8.33
75815.0  5.190  -0.620  -1.120  5.42  311.28  65.85  675.79  0.24  210.32  8.05
75816.0  5.250  -0.620  -1.220  5.41  311.25  65.51  676.57  0.25  209.21  8.00
75817.0  5.340  -0.570  -1.220  5.43  311.23  65.37  677.44  0.26  207.72  7.79
75818.0  5.410  -0.440  -1.290  5.47  311.18  65.68  678.43  0.32  205.52  7.40
75819.0  5.470  -0.290  -1.190  5.53  311.13  66.13  679.32  0.38  204.66  7.00
75820.0  5.490  -0.160  -0.920  5.57  311.05  66.65  680.12  0.34  204.29  6.80
75821.0  5.510  -0.080  -0.900  5.60  310.98  66.94  680.83  0.34  203.20  6.74
75822.0  5.550  0.000  -0.790  5.62  310.91  67.19  681.70  0.41  201.14  6.77
75823.0  5.570  0.050  -0.700  5.64  310.82  67.27  682.59  0.40  199.41  6.69
75824.0  5.560  0.070  -0.620  5.64  310.69  67.48  683.48  0.30  197.92  6.42
75825.0  5.530  0.090  -0.780  5.64  310.54  67.71  684.37  0.35  196.48  6.23
75826.0  5.540  0.110  -0.790  5.64  310.45  67.74  685.18  0.21  196.76  6.02
75827.0  5.600  0.110  -0.880  5.63  310.41  67.46  685.99  0.10  194.06  5.67
75828.0  5.640  0.100  -1.120  5.62  310.37  67.23  686.68  0.19  190.09  5.29
75829.0  5.710  0.090  -1.410  5.61  310.34  66.85  687.45  0.26  190.36  4.85
75830.0  5.750  0.080  -1.500  5.60  310.30  66.61  688.20  0.32  188.55  4.68
75831.0  5.830  0.080  -1.820  5.60  310.27  66.26  689.06  0.46  183.54  4.65
75832.0  5.910  0.080  -2.210  5.59  310.24  65.85  690.00  0.50  183.73  4.10
75833.0  5.960  0.070  -2.660  5.58  310.17  65.58  690.99  0.59  186.33  4.03
75834.0  6.060  0.070  -2.560  5.57  310.18  65.16  691.76  0.68  186.87  3.82
75835.0  6.130  0.070  -2.830  5.56  310.14  64.81  692.63  0.72  189.18  3.68
75836.0  6.180  0.070  -2.890  5.55  310.10  64.55  693.50  0.61  195.43  3.77
75837.0  6.320  0.070  -2.890  5.55  310.12  63.95  694.48  0.46  190.60  3.51
75838.0  6.400  0.070  -2.920  5.54  310.09  63.60  695.46  0.42  192.88  3.23
75839.0  6.500  0.070  -2.890  5.53  310.07  63.15  696.49  0.38  192.91  3.25
75840.0  6.600  0.070  -2.990  5.52  310.06  62.72  697.43  0.34  198.34  3.34
75841.0  6.710  0.070  -2.970  5.51  310.03  62.26  698.56  0.23  201.03  3.12
75842.0  6.800  0.090  -2.920  5.51  310.02  61.93  699.48  0.27  201.29  3.28
75843.0  6.880  0.100  -2.860  5.51  309.97  61.66  700.55  0.32  213.08  3.32
75844.0  6.920  0.110  -2.570  5.51  309.88  61.55  701.58  0.26  214.81  3.33
75845.0  7.000  0.120  -2.580  5.50  309.84  61.25  702.64  0.21  214.50  3.35
75846.0  7.010  0.130  -2.430  5.50  309.75  61.25  703.46  0.21  218.12  3.54
75847.0  7.110  0.140  -2.190  5.50  309.76  60.82  704.28  0.15  223.89  3.71
75848.0  7.120  0.140  -2.010  5.49  309.68  60.78  705.02  -0.11  224.58  3.81
75849.0  7.220  0.160  -1.960  5.49  309.67  60.44  706.00  -0.12  221.42  3.72
75850.0  7.300  0.170  -2.120  5.49  309.63  60.21  706.95  -0.19  227.96  3.75
75851.0  7.390  0.180  -2.040  5.49  309.63  59.87  707.77  -0.35  231.60  3.86
75852.0  7.500  0.180  -1.960  5.48  309.63  59.38  708.75  -0.44  231.09  3.83
75853.0  7.630  0.170  -1.980  5.47  309.66  58.84  709.66  -0.54  233.02  4.05
75854.0  7.650  0.150  -1.940  5.45  309.55  58.66  710.74  -0.47  233.52  4.16
75855.0  7.770  0.150  -1.840  5.44  309.56  58.15  711.75  -0.50  235.71  4.31
75856.0  7.870  0.160  -1.800  5.44  309.56  57.82  712.56  -0.53  235.38  4.38
75857.0  7.870  0.170  -1.810  5.44  309.43  57.82  713.65  -0.58  234.78  4.36
75858.0  7.910  0.170  -1.760  5.43  309.36  57.69  714.62  -0.66  228.76  4.35
75859.0  7.980  0.170  -1.780  5.42  309.30  57.42  715.73  -0.88  227.82  4.24
75860.0  8.040  0.180  -1.800  5.42  309.25  57.21  716.64  -0.99  225.53  4.10
75861.0  8.090  0.170  -1.990  5.41  309.20  56.95  717.53  -0.73  222.42  3.94
75862.0  8.170  0.150  -2.290  5.39  309.16  56.59  718.51  -0.45  220.64  3.93
75863.0  8.280  0.150  -2.440  5.38  309.16  56.15  719.54  -0.61  218.31  3.82
75864.0  8.360  0.150  -2.750  5.38  309.14  55.84  720.42  -0.86  219.29  3.84
75865.0  8.480  0.150  -2.760  5.37  309.15  55.40  721.36  -0.98  219.84  3.93
75866.0  8.580  0.160  -2.810  5.36  309.12  55.04  722.50  -1.03  220.73  4.09
75867.0  8.640  0.160  -2.530  5.36  309.06  54.84  723.56  -1.01  220.90  4.07
75868.0  8.790  0.160  -2.550  5.35  309.10  54.26  724.55  -1.05  219.38  4.02
75869.0  8.900  0.170  -2.810  5.34  309.10  53.88  725.59  -1.12  219.74  3.95
75870.0  9.010  0.180  -3.020  5.34  309.10  53.53  726.53  -1.04  219.13  3.99
75871.0  9.070  0.170  -3.080  5.33  309.03  53.30  727.67  -1.04  219.39  4.01
75872.0  9.220  0.170  -3.100  5.32  309.06  52.76  728.77  -1.04  220.87  4.02
75873.0  9.340  0.160  -3.190  5.31  309.06  52.26  729.81  -1.05  222.50  4.00
75874.0  9.390  0.150  -3.090  5.30  309.01  52.05  730.71  -0.93  222.73  4.02
75875.0  9.500  0.150  -2.900  5.29  309.01  51.66  731.68  -0.74  223.56  4.01
75876.0  9.610  0.150  -2.580  5.28  309.02  51.26  732.61  -0.61  223.99  4.14
75877.0  9.610  0.150  -2.620  5.28  308.91  51.29  733.56  -0.60  226.92  4.30
75878.0  9.740  0.140  -2.720  5.27  308.93  50.77  734.56  -0.72  229.50  4.28
75879.0  9.820  0.120  -2.730  5.25  308.89  50.42  735.64  -0.76  230.25  4.25
75880.0  9.900  0.110  -2.630  5.24  308.87  50.13  736.50  -0.74  231.60  4.24
75881.0  9.950  0.110  -2.590  5.24  308.83  49.93  737.40  -0.78  232.22  4.27
75882.0  10.040  0.110  -2.430  5.23  308.83  49.63  738.20  -0.76  233.09  4.18
75883.0  10.080  0.110  -2.190  5.22  308.77  49.49  739.05  -0.74  232.09  4.22
75884.0  10.080  0.120  -1.540  5.22  308.65  49.54  740.05  -0.75  232.20  4.29
75885.0  10.110  0.100  -1.270  5.21  308.59  49.39  740.82  -0.55  233.80  4.51
75886.0  10.110  0.090  -1.210  5.20  308.48  49.34  741.79  -0.45  233.67  4.96
75887.0  9.940  0.100  -0.460  5.20  308.18  49.94  742.76  -0.61  232.22  5.39
75888.0  9.960  0.110  -0.010  5.19  308.09  49.92  743.60  -0.67  231.33  5.55
75889.0  9.850  0.120  0.490  5.19  307.87  50.33  744.57  -0.82  229.23  5.76
75890.0  9.820  0.140  0.980  5.19  307.71  50.49  745.59  -0.74  228.09  5.83
75891.0  9.870  0.140  1.060  5.18  307.64  50.34  746.68  -0.64  226.65  5.74
75892.0  9.890  0.150  1.240  5.18  307.56  50.31  747.43  -0.69  224.77  5.73
75893.0  9.920  0.150  1.250  5.18  307.51  50.23  748.22  -0.77  224.48  5.67
75894.0  9.970  0.170  1.210  5.18  307.46  50.13  749.08  -0.70  224.39  5.57
75895.0  9.990  0.200  1.190  5.18  307.38  50.13  749.99  -0.52  225.35  5.58
75896.0  10.050  0.230  1.180  5.19  307.35  50.05  750.80  -0.57  225.92  5.56
75897.0  10.110  0.230  1.240  5.18  307.32  49.88  751.58  -0.45  225.84  5.57
75898.0  10.160  0.240  1.200  5.18  307.29  49.74  752.31  -0.28  227.85  5.57
75899.0  10.210  0.240  1.270  5.18  307.26  49.54  753.09  -0.24  228.83  5.54
75900.0  10.280  0.190  1.400  5.15  307.24  49.13  753.82  -0.19  229.65  5.58
75901.0  10.340  0.050  1.310  5.10  307.25  48.44  754.37  -0.20  229.70  5.59
75902.0  10.360  -0.120  1.330  5.03  307.19  47.79  755.02  -0.19  230.07  5.59
75903.0  10.470  -0.260  1.270  4.97  307.25  46.96  755.50  -0.35  229.25  5.58
75904.0  10.450  -0.320  1.450  4.95  307.18  46.79  756.01  -0.52  228.58  5.59
75905.0  10.510  -0.340  1.500  4.94  307.21  46.51  756.32  -0.60  228.53  5.64
75906.0  10.630  -0.410  1.440  4.91  307.32  45.93  756.50  -0.64  228.82  5.65
75907.0  10.530  -0.450  1.380  4.90  307.18  46.11  756.73  -0.63  227.57  5.62
75908.0  10.570  -0.440  1.410  4.90  307.21  46.02  756.86  -0.63  226.86  5.63
75909.0  10.570  -0.450  1.430  4.90  307.20  46.00  756.90  -0.59  227.32  5.64
75910.0  10.510  -0.480  1.450  4.89  307.14  46.06  756.94  -0.52  227.73  5.63
75911.0  10.530  -0.460  1.400  4.89  307.15  46.06  756.94  -0.41  227.55  5.66
75912.0  10.550  -0.470  1.360  4.89  307.17  45.96  757.00  -0.43  226.89  5.69
75913.0  10.510  -0.490  1.490  4.88  307.13  46.00  757.02  -0.72  228.82  5.59
75914.0  10.520  -0.500  1.390  4.88  307.13  45.96  757.00  -0.70  227.76  5.57
75915.0  10.500  -0.510  1.410  4.88  307.12  46.00  756.99  -0.75  228.02  5.57
75916.0  10.500  -0.450  1.370  4.90  307.11  46.19  757.05  -0.69  227.86  5.55
75917.0  10.540  -0.300  1.440  4.95  307.14  46.59  757.16  -0.64  227.61  5.52
