flight/WP3D/AircraftMis_NP3_20130618_RA.ict
41  1001
Ken Aikin
NOAA ESRL Chemical Sciences Division
various aircraft sensors
SENEX 2013
1  1
2013  06  18  2013  06  18
1
AOCTimewave
8
1  1  1  1  1  1  1  1
-9999  -9999  -9999  -9999  -9999  -9999  -9999  -9999
Attack  deg
CabinPrs  mbar
GndSpd  m/s
Heading  deg
Pitch  deg
Roll  deg
Slip  deg
TrueAirSpd  m/s
1
SPECIAL COMMENTS:Aborted St. Louis flight. Flaps light came on.
18
PI_CONTACT_INFO: Address: NOAA ESRL Chemical Sciences Division  Mail Stop R/CSD7  325 Broadway  Boulder  CO 80305
PLATFORM: NOAA WP-3D
LOCATION: The aircraft was stationed in  Smyrna  Tennessee. Aircraft location information in AircraftPosition file.
ASSOCIATED_DATA: N/A
INSTRUMENT_INFO: N/A
DATA_INFO: Units: Attack degrees; CabinPrs millibar; GndSpd m/s; Heading degrees; Pitch degrees; Roll degrees; Slip degrees; TrueAirSpd m/s
UNCERTAINTY: N/A
ULOD_FLAG: -7777
ULOD_VALUE: N/A
LLOD_FLAG: -8888
LLOD_VALUE: N/A
DM_CONTACT_INFO: Data Manager:Ken Aikin; email:Kenneth.C.Aikin@noaa.gov
PROJECT_INFO: SENEX 2013 Study; June 1 - July 15  2013
STIPULATIONS_ON_USE: Use of these data require prior ok from PI.
OTHER_COMMENTS:       None
REVISION: RA
RA: Preliminary Data.  For in-field use.
AOCTimewave  Attack  CabinPrs  GndSpd  Heading  Pitch  Roll  Slip  TrueAirSpd
[from data line 3531]
82327.0  1.9  946.0  98.5  274.4  1.41  12.45  -0.43  99.1
82328.0  2.1  946.3  98.3  275.9  1.42  16.31  -0.66  98.7
82329.0  1.9  946.4  98.2  277.5  1.18  19.08  -0.62  98.3
82330.0  2.2  946.2  98.1  279.5  1.30  20.64  -0.61  98.5
82331.0  2.1  946.1  98.0  281.6  1.09  21.71  -0.86  98.5
82332.0  2.1  945.7  97.9  283.9  1.19  22.78  -0.65  98.1
82333.0  2.5  946.2  97.8  286.2  1.22  22.73  -0.66  98.0
82334.0  2.2  945.9  97.8  288.6  0.95  22.37  -0.66  97.8
82335.0  2.2  945.8  97.8  290.8  0.70  22.84  -0.86  97.5
82336.0  2.1  945.8  97.8  293.2  0.74  23.61  -0.71  97.2
82337.0  2.0  945.8  97.8  295.6  0.78  23.59  -0.70  97.2
82338.0  2.4  945.8  97.8  298.3  1.04  23.29  -1.06  97.7
82339.0  1.9  945.9  97.7  300.6  1.01  23.00  -0.75  97.4
82340.0  2.4  945.8  97.7  303.0  1.19  22.58  -0.27  97.1
82341.0  2.6  945.6  97.6  305.7  1.11  23.01  -1.26  97.7
82342.0  2.1  946.3  97.5  307.9  1.03  23.43  -0.20  97.8
82343.0  2.8  946.0  97.4  310.7  1.32  23.56  -0.34  98.3
82344.0  2.4  946.0  97.3  313.5  1.03  24.03  -0.70  98.2
82345.0  2.4  946.1  97.1  316.2  1.07  24.11  -0.77  98.1
82346.0  2.5  945.9  97.0  318.9  1.15  24.03  -1.02  98.2
82347.0  2.3  945.9  96.8  321.4  1.14  24.77  -0.90  98.3
82348.0  2.6  945.8  96.7  324.0  1.25  25.48  -0.85  97.6
82349.0  2.5  945.6  96.5  326.7  1.29  25.79  -0.64  97.8
82350.0  2.3  946.0  96.3  329.5  1.25  26.25  -0.75  98.0
82351.0  2.8  945.9  96.2  332.4  1.43  26.35  -1.05  98.2
82352.0  2.4  946.2  96.0  335.0  1.33  26.18  -0.87  97.8
82353.0  2.4  945.7  95.8  337.7  1.24  25.90  -1.01  97.8
82354.0  2.5  945.7  95.7  340.3  1.34  26.39  -0.91  97.6
82355.0  2.4  945.7  95.6  343.0  1.47  27.43  -0.39  97.3
82356.0  2.6  945.8  95.4  346.1  1.54  27.87  -0.51  97.2
82357.0  2.7  945.5  95.3  349.4  1.60  27.88  -0.70  97.3
82358.0  2.7  945.7  95.1  352.5  1.69  28.08  -0.75  96.8
82359.0  3.0  945.6  95.0  355.6  1.78  28.42  -0.78  96.5
82360.0  2.8  945.5  94.8  358.7  1.75  28.93  -0.85  96.5
82361.0  2.8  945.7  94.6  1.7  1.79  29.11  -0.81  96.6
82362.0  2.8  946.1  94.5  4.9  1.84  29.49  -0.82  96.6
82363.0  3.0  945.5  94.3  8.1  2.02  29.82  -0.97  96.6
82364.0  3.2  945.9  94.2  11.3  2.14  30.36  -0.65  96.0
82365.0  3.2  945.6  94.1  14.5  2.09  30.45  -0.24  95.6
82366.0  3.1  945.7  94.0  18.0  1.88  29.99  -0.86  95.7
82367.0  3.0  945.4  94.0  21.3  1.81  29.91  -0.95  95.9
82368.0  2.9  945.9  93.9  24.5  1.86  29.96  -0.93  95.7
82369.0  3.0  945.4  93.9  27.7  1.93  29.94  -0.79  95.2
82370.0  3.1  945.7  93.9  31.0  2.01  29.96  -0.68  95.1
82371.0  3.2  945.6  93.8  34.4  2.03  29.85  -0.81  95.1
82372.0  3.0  945.7  93.8  37.7  2.04  29.75  -0.77  95.5
82373.0  3.0  945.5  93.8  40.9  2.00  29.75  -0.74  95.4
82374.0  3.0  945.5  93.7  44.2  2.00  29.70  -0.77  95.4
82375.0  3.2  945.5  93.7  47.6  2.09  29.84  -0.73  94.9
82376.0  3.2  945.6  93.7  50.9  2.06  29.99  -0.83  94.7
82377.0  3.2  945.2  93.8  54.1  1.99  29.90  -0.89  94.8
82378.0  3.2  945.6  93.8  57.4  2.04  29.75  -0.83  94.6
82379.0  3.2  945.5  93.9  60.6  2.04  29.64  -0.71  94.2
82380.0  3.2  945.6  93.9  64.0  2.00  29.77  -0.69  94.4
82381.0  3.3  945.4  94.0  67.4  2.06  29.90  -0.62  94.1
82382.0  3.3  945.4  94.1  70.8  2.07  29.99  -0.69  93.9
82383.0  3.3  945.1  94.1  74.3  2.08  29.91  -0.93  93.8
82384.0  3.4  945.4  94.2  77.7  2.24  29.73  -0.87  93.7
82385.0  3.5  945.1  94.2  81.0  2.33  29.74  -0.87  93.6
82386.0  3.5  945.4  94.2  84.4  2.28  29.87  -0.82  93.4
82387.0  3.4  945.3  94.3  87.6  2.11  27.08  -1.02  93.4
82388.0  3.0  945.5  94.3  90.4  1.76  20.78  -1.68  93.3
82389.0  2.4  945.2  94.5  92.4  1.17  13.29  -2.04  93.2
82390.0  2.0  945.4  94.6  93.6  0.88  6.21  -2.39  93.7
82391.0  2.1  945.3  94.8  94.0  1.04  2.73  -2.34  93.9
82392.0  2.5  945.5  95.0  93.9  1.34  2.02  -2.08  94.2
82393.0  2.3  945.7  95.1  93.7  1.30  1.20  -1.59  94.3
82394.0  2.2  945.4  95.2  93.6  1.25  0.33  -1.43  94.3
82395.0  2.2  945.4  95.3  93.7  1.38  0.25  -1.46  94.5
82396.0  2.3  945.6  95.4  93.7  1.53  0.64  -1.43  94.6
82397.0  2.2  945.6  95.5  93.7  1.48  1.01  -1.31  94.8
82398.0  2.2  945.7  95.6  93.8  1.54  1.97  -1.11  95.0
82399.0  2.2  945.4  95.6  94.1  1.61  2.55  -1.01  94.8
82400.0  2.2  945.7  95.7  94.6  1.62  2.28  -1.25  94.9
82401.0  2.3  945.7  95.7  95.0  1.67  1.75  -1.60  95.1
82402.0  2.2  945.6  95.8  95.2  1.60  1.24  -1.78  95.2
82403.0  2.1  945.7  95.8  95.2  1.58  1.20  -1.72  95.3
82404.0  2.1  945.8  95.8  95.1  1.61  2.01  -1.48  95.4
82405.0  2.2  945.7  95.9  95.1  1.68  2.57  -1.16  95.6
82406.0  2.1  946.2  95.9  95.4  1.66  2.59  -1.12  95.6
82407.0  2.0  945.8  95.9  95.9  1.58  2.48  -1.28  95.7
82408.0  2.1  945.7  95.9  96.3  1.54  1.95  -1.43  95.6
82409.0  2.0  945.6  96.0  96.6  1.51  1.21  -1.58  95.6
82410.0  2.0  945.5  96.0  96.7  1.47  1.23  -1.59  95.5
82411.0  2.0  945.8  96.1  96.7  1.48  1.86  -1.43  95.4
82412.0  2.0  945.2  96.1  96.8  1.48  2.05  -1.31  95.4
82413.0  1.9  945.3  96.2  97.1  1.40  1.87  -1.44  95.8
82414.0  2.0  945.8  96.2  97.3  1.47  1.76  -1.52  96.1
82415.0  1.9  945.9  96.2  97.4  1.43  2.17  -1.38  96.3
82416.0  2.0  945.6  96.2  97.6  1.42  2.64  -1.40  96.3
82417.0  2.0  946.1  96.3  97.8  1.40  2.52  -1.29  96.1
82418.0  2.0  945.6  96.3  98.1  1.44  2.15  -1.12  96.0
82419.0  2.0  945.7  96.4  98.5  1.39  1.64  -1.33  96.1
82420.0  2.0  945.7  96.4  98.8  1.27  1.29  -1.47  96.2
82421.0  2.0  945.9  96.5  99.0  1.25  1.48  -1.41  96.3
82422.0  2.0  945.8  96.5  99.1  1.19  1.93  -1.22  96.3
82423.0  2.0  945.7  96.6  99.4  1.19  2.01  -1.17  96.0
82424.0  1.9  945.4  96.7  99.7  1.17  1.37  -1.38  95.7
82425.0  1.9  946.1  96.8  100.0  1.18  0.86  -1.60  95.7
82426.0  2.0  945.8  96.8  100.0  1.29  0.58  -1.62  95.9
82427.0  1.9  945.6  96.9  99.9  1.25  0.47  -1.55  96.0
82428.0  2.1  945.7  97.0  99.9  1.37  0.40  -1.34  96.3
82429.0  2.1  945.7  97.0  100.0  1.34  0.52  -1.34  96.2
82430.0  2.0  945.4  97.1  100.1  1.18  0.78  -1.39  96.2
82431.0  2.1  945.9  97.1  100.2  1.24  0.68  -1.32  96.2
82432.0  2.0  945.8  97.2  100.3  1.25  0.30  -1.21  96.1
82433.0  1.9  945.8  97.3  100.5  1.33  0.14  -1.48  95.9
82434.0  1.9  945.5  97.3  100.6  1.37  0.19  -1.50  96.2
82435.0  2.0  945.6  97.3  100.6  1.39  -0.10  -1.36  96.2
82436.0  2.0  945.5  97.4  100.6  1.41  -0.36  -1.19  96.1
82437.0  2.0  945.8  97.4  100.8  1.39  -0.30  -1.36  96.3
82438.0  2.0  945.5  97.4  100.9  1.43  -0.26  -1.34  96.4
82439.0  2.0  946.1  97.5  100.9  1.42  0.12  -1.36  96.3
82440.0  2.0  945.5  97.5  100.9  1.32  0.88  -1.34  96.2
82441.0  2.0  945.6  97.5  101.0  1.36  1.01  -1.41  95.9
82442.0  2.2  945.8  97.6  101.1  1.39  1.60  -1.50  96.0
82443.0  1.8  945.7  97.7  101.1  1.31  2.48  -1.26  96.0
82444.0  2.2  945.4  97.7  101.3  1.51  2.50  -0.86  95.9
82445.0  1.8  945.5  97.7  101.8  1.32  1.84  -1.09  95.9
82446.0  2.0  945.4  97.8  102.3  1.48  1.07  -1.37  95.6
82447.0  2.0  946.0  97.8  102.5  1.44  0.61  -1.48  95.8
82448.0  2.0  945.5  97.9  102.5  1.44  0.26  -1.39  95.7
82449.0  2.0  945.4  97.9  102.6  1.52  0.01  -1.38  95.9
82450.0  1.9  945.8  97.9  102.6  1.52  -0.29  -1.67  95.9
82451.0  2.1  945.7  97.9  102.4  1.57  -0.35  -1.56  96.1
82452.0  2.0  945.7  98.0  102.2  1.54  0.16  -1.14  95.8
82453.0  2.0  945.6  98.0  102.3  1.54  0.86  -1.35  96.0
82454.0  2.1  945.9  98.0  102.4  1.57  0.26  -1.40  96.6
82455.0  2.0  945.7  98.0  102.5  1.49  -0.75  -1.40  96.6
82456.0  2.0  945.5  98.0  102.5  1.50  -1.31  -1.41  96.8
82457.0  2.0  945.8  98.0  102.4  1.46  -1.63  -1.14  97.0
82458.0  1.9  946.1  98.0  102.5  1.37  -1.61  -1.45  97.2
82459.0  1.7  945.7  98.0  102.3  1.23  -1.46  -1.52  96.9
82460.0  1.9  945.6  98.0  102.1  1.39  -1.39  -1.17  96.9
82461.0  1.8  945.7  98.0  102.1  1.40  -1.11  -1.34  96.6
82462.0  1.8  945.4  98.1  102.1  1.30  -0.49  -1.62  96.4
82463.0  1.9  945.8  98.1  101.9  1.32  -0.19  -1.36  96.3
82464.0  1.9  945.7  98.1  101.8  1.37  -0.28  -1.31  96.5
82465.0  1.8  945.6  98.1  101.8  1.41  -0.29  -1.48  96.4
82466.0  2.1  945.8  98.1  101.7  1.52  -0.30  -1.43  96.8
82467.0  2.0  945.7  98.1  101.6  1.32  -0.27  -1.19  96.8
82468.0  2.0  946.0  98.2  101.7  1.29  0.03  -1.26  97.4
82469.0  1.8  945.8  98.2  101.8  1.21  0.46  -1.26  97.2
82470.0  2.0  945.7  98.2  101.8  1.34  0.27  -1.23  97.2
82471.0  1.9  946.1  98.2  101.9  1.29  0.04  -1.21  97.1
82472.0  1.7  945.8  98.2  102.1  1.14  -0.12  -1.24  97.2
82473.0  1.8  945.8  98.3  102.2  1.26  -0.32  -1.33  97.2
82474.0  1.8  945.8  98.3  102.3  1.24  -0.46  -1.42  97.4
82475.0  1.8  945.8  98.3  102.2  1.26  -0.57  -1.42  97.4
82476.0  1.8  945.7  98.3  102.2  1.24  -0.62  -1.46  97.5
82477.0  2.1  945.9  98.3  102.1  1.25  -0.41  -1.15  97.4
82478.0  1.8  945.7  98.4  102.2  1.12  -0.53  -1.14  97.3
82479.0  1.8  945.8  98.4  102.3  1.17  -0.56  -1.36  97.3
82480.0  1.9  945.8  98.4  102.3  1.19  -0.59  -1.43  96.8
82481.0  1.7  945.7  98.5  102.2  1.01  -0.96  -1.42  96.8
82482.0  1.8  946.1  98.5  102.1  1.20  -0.99  -1.62  96.9
82483.0  1.7  945.8  98.6  101.9  1.12  -1.01  -1.26  97.2
82484.0  1.9  945.6  98.6  101.8  1.30  -1.61  -1.31  97.2
82485.0  1.9  946.2  98.6  101.7  1.31  -1.71  -1.23  97.2
82486.0  1.7  946.0  98.6  101.6  1.16  -1.48  -1.42  97.4
82487.0  1.8  946.0  98.6  101.5  1.24  -2.00  -1.42  97.3
82488.0  1.8  945.9  98.6  101.2  1.38  -3.54  -1.10  97.2
82489.0  1.9  946.2  98.6  101.2  1.40  -4.15  -1.53  96.9
82490.0  1.8  946.1  98.7  100.8  1.21  -4.61  -1.94  97.1
82491.0  1.9  945.8  98.7  100.1  1.27  -4.60  -1.74  97.4
82492.0  1.8  945.9  98.7  99.3  1.44  -3.82  -1.54  97.1
82493.0  1.9  945.8  98.7  98.7  1.48  -2.59  -1.05  97.6
82494.0  2.0  946.0  98.6  98.5  1.51  -1.46  -0.52  97.6
82495.0  2.0  945.6  98.6  98.8  1.44  -0.62  -0.87  97.4
82496.0  1.8  945.9  98.6  99.1  1.22  -0.49  -1.47  97.5
82497.0  1.9  946.2  98.6  99.1  1.39  -1.02  -1.76  97.7
82498.0  1.8  946.0  98.6  98.8  1.39  -2.14  -1.54  97.5
82499.0  1.8  945.9  98.6  98.5  1.44  -2.87  -1.55  97.7
82500.0  1.7  945.8  98.6  98.1  1.42  -2.69  -1.06  97.6
82501.0  1.8  946.0  98.5  97.9  1.59  -2.27  -0.96  97.1
82502.0  1.9  946.2  98.5  98.0  1.44  -1.45  -1.48  97.5
82503.0  1.8  945.9  98.5  97.8  1.29  -0.74  -1.60  97.8
82504.0  1.8  946.0  98.5  97.5  1.34  -0.57  -1.14  97.9
82505.0  1.9  946.1  98.4  97.4  1.44  -0.52  -1.17  97.5
82506.0  1.7  945.6  98.4  97.5  1.25  -0.31  -1.17  97.4
82507.0  1.8  945.8  98.4  97.5  1.30  -0.23  -1.12  97.5
82508.0  1.9  946.1  98.4  97.6  1.32  -0.40  -1.23  97.3
82509.0  1.5  945.9  98.5  97.6  1.15  -0.61  -1.19  97.2
82510.0  1.9  945.5  98.5  97.6  1.40  -0.60  -1.26  97.3
82511.0  1.7  945.9  98.5  97.7  1.21  -0.35  -1.53  97.6
82512.0  1.7  946.0  98.5  97.5  1.09  -0.64  -1.20  97.5
82513.0  1.9  946.3  98.5  97.4  1.32  -1.01  -1.08  97.7
82514.0  1.6  945.8  98.5  97.5  1.18  -0.68  -1.38  97.8
82515.0  1.8  945.9  98.5  97.4  1.29  -0.28  -1.37  98.0
82516.0  1.8  945.7  98.5  97.3  1.22  -0.43  -1.21  97.6
82517.0  1.8  946.1  98.5  97.4  1.10  -0.51  -1.23  97.9
82518.0  1.8  946.1  98.5  97.4  1.19  -0.38  -1.13  97.8
82519.0  1.8  946.2  98.5  97.4  1.18  -0.26  -1.16  97.7
82520.0  1.7  945.9  98.6  97.6  1.06  -0.21  -1.31  97.8
82521.0  1.7  946.0  98.6  97.6  1.05  -0.20  -1.42  97.8
82522.0  1.7  946.4  98.6  97.6  1.10  -0.13  -1.30  97.9
82523.0  1.8  946.0  98.6  97.6  1.16  -0.13  -1.27  97.7
82524.0  1.8  946.0  98.6  97.6  1.12  -0.22  -1.23  97.8
82525.0  1.9  946.1  98.7  97.6  1.10  -0.17  -1.42  98.2
82526.0  1.7  945.8  98.7  97.6  0.93  -0.06  -1.42  97.8
82527.0  1.5  946.2  98.8  97.4  0.91  -0.22  -1.21  97.7
82528.0  2.0  946.0  98.8  97.5  1.14  -0.12  -1.39  98.0
82529.0  1.6  946.1  98.8  97.4  0.88  0.20  -1.35  98.0
82530.0  1.8  946.0  98.9  97.3  1.09  0.19  -1.14  98.0
82531.0  1.8  946.0  98.9  97.4  1.14  0.04  -1.25  98.1
82532.0  1.7  946.0  98.9  97.4  1.02  0.10  -1.39  98.4
82533.0  1.6  946.3  98.9  97.4  0.98  0.10  -1.29  98.7
82534.0  1.7  946.3  98.9  97.4  1.10  -0.22  -1.28  98.7
82535.0  1.7  946.0  98.9  97.3  1.12  -0.33  -1.01  98.3
82536.0  1.7  946.2  98.9  97.4  1.10  -0.16  -0.70  98.2
82537.0  1.7  946.0  98.9  97.8  1.17  0.06  -1.24  98.4
82538.0  1.5  946.1  98.9  97.9  1.04  -0.02  -1.73  98.6
82539.0  1.5  946.1  98.9  97.7  1.02  -0.62  -1.47  98.4
82540.0  1.8  945.8  98.9  97.5  1.30  -1.01  -0.95  98.0
82541.0  1.9  946.2  98.9  97.6  1.27  -0.82  -0.73  97.9
82542.0  2.0  946.0  98.9  97.9  1.08  -0.18  -0.96  98.3
82543.0  1.7  945.7  98.9  98.2  0.92  -0.14  -1.76  98.8
82544.0  1.6  946.3  99.0  98.1  0.89  -0.67  -2.09  98.3
82545.0  1.7  945.8  99.0  97.5  0.98  -1.32  -1.46  98.0
82546.0  1.7  945.9  99.0  97.2  1.14  -1.15  -1.04  98.1
82547.0  1.6  946.2  99.0  97.1  1.08  -0.30  -1.19  98.3
82548.0  1.7  946.1  99.0  97.1  1.09  0.47  -1.18  98.1
82549.0  1.9  946.2  99.0  97.2  1.16  0.49  -1.13  98.2
82550.0  1.6  946.1  99.1  97.3  0.97  0.06  -1.33  97.9
82551.0  1.7  946.0  99.1  97.3  1.00  -0.02  -1.49  98.2
82552.0  1.6  946.2  99.1  97.2  1.07  0.22  -1.40  98.3
82553.0  1.6  946.2  99.1  97.0  1.08  0.10  -0.98  98.5
82554.0  1.6  946.3  99.1  97.1  1.22  -0.04  -0.76  98.6
82555.0  1.8  946.2  99.1  97.4  1.27  -0.04  -1.28  98.9
82556.0  1.7  946.4  99.1  97.6  0.98  0.00  -1.53  98.7
82557.0  1.7  946.2  99.1  97.4  0.96  -0.16  -1.43  98.7
82558.0  1.7  946.0  99.1  97.3  1.00  -0.23  -1.37  98.6
82559.0  1.6  945.8  99.1  97.2  1.05  0.01  -1.26  98.6
82560.0  1.7  945.9  99.1  97.1  1.19  0.22  -0.99  98.3
82561.0  1.6  946.5  99.1  97.3  1.12  0.27  -1.15  98.5
82562.0  1.6  946.0  99.1  97.4  1.13  0.30  -1.19  98.7
82563.0  1.7  946.2  99.0  97.5  1.22  0.15  -1.23  98.6
82564.0  1.6  946.1  99.0  97.6  1.06  -0.18  -1.25  98.8
82565.0  1.7  945.9  99.0  97.6  1.11  -0.46  -1.33  98.9
82566.0  1.6  945.8  99.0  97.5  1.13  -0.48  -1.40  99.1
82567.0  1.7  946.2  99.0  97.4  1.15  -0.40  -1.37  99.0
82568.0  1.6  945.9  99.0  97.3  1.08  -0.29  -1.26  99.0
82569.0  1.6  946.0  98.9  97.2  1.13  -0.04  -1.11  99.0
82570.0  1.6  946.1  98.9  97.2  1.20  0.27  -0.98  99.0
82571.0  1.6  945.9  98.9  97.4  1.15  0.39  -1.11  98.8
82572.0  1.5  946.2  98.9  97.6  1.05  0.27  -1.36  98.8
82573.0  1.7  946.1  98.8  97.6  1.15  -0.12  -1.44  98.8
82574.0  1.8  946.0  98.8  97.5  1.13  -0.91  -1.29  98.4
82575.0  1.7  946.3  98.8  97.3  1.06  -1.90  -1.07  98.3
82576.0  1.6  946.1  98.8  97.3  1.09  -2.05  -1.03  98.6
82577.0  1.7  946.0  98.8  97.4  1.19  -1.70  -1.10  98.7
82578.0  1.6  946.0  98.8  97.4  1.12  -1.80  -1.27  98.7
82579.0  1.7  946.1  98.8  97.3  1.09  -2.74  -1.46  98.9
82580.0  1.6  946.2  98.8  97.1  1.08  -3.91  -1.65  98.8
82581.0  1.6  946.2  98.8  96.6  1.17  -4.39  -1.59  98.9
82582.0  1.7  946.4  98.7  96.0  1.20  -3.88  -1.36  99.0
82583.0  1.6  946.4  98.7  95.5  1.20  -3.02  -1.21  99.0
82584.0  1.6  946.2  98.6  95.2  1.21  -2.79  -1.17  99.0
82585.0  1.7  946.4  98.6  95.0  1.24  -3.64  -1.22  98.7
82586.0  1.6  946.2  98.5  94.8  1.30  -3.43  -1.47  99.1
82587.0  1.6  946.2  98.5  94.4  1.17  -2.29  -1.35  99.2
82588.0  1.5  946.0  98.5  94.1  1.15  -1.65  -1.15  99.3
82589.0  1.6  946.2  98.4  94.0  1.24  -1.35  -1.20  99.2
82590.0  1.6  945.9  98.4  93.9  1.18  -0.96  -1.13  98.9
82591.0  1.5  946.3  98.3  93.8  1.13  -0.70  -1.17  98.7
82592.0  1.5  945.9  98.3  93.8  1.22  -0.65  -1.20  98.9
82593.0  1.7  946.2  98.2  93.8  1.30  -0.65  -1.28  99.1
82594.0  1.4  946.1  98.2  93.7  1.25  -0.50  -1.23  98.7
82595.0  1.7  946.5  98.2  93.7  1.36  -0.34  -1.03  98.2
82596.0  1.7  946.1  98.1  93.8  1.27  -0.81  -1.31  98.5
82597.0  1.7  946.4  98.1  93.7  1.25  -1.75  -1.46  98.6
82598.0  1.6  946.2  98.1  93.4  1.27  -2.42  -1.47  98.6
82599.0  1.8  946.2  98.0  93.1  1.32  -2.22  -1.25  98.9
82600.0  1.7  946.3  98.0  92.9  1.30  -1.65  -1.12  98.7
82601.0  1.8  946.5  97.9  92.8  1.33  -1.00  -0.99  98.6
