flight/WP3D/AircraftPos_NP3_20130710_RA.ict
38  1001
Ken Aikin
NOAA ESRL Chemical Sciences Division
various aircraft sensors
SENEX 2013
1  1
2013  07  10  2013  07  12
1
AOCTimewave
5
1  1  1  1  1 
-9999  -9999  -9999  -9999  -9999
GpsLat  deg
GpsLon  deg
GpsAlt  m
PAlt  m
RAlt  m
1
SPECIAL COMMENTS:NC hog farms  and transit to Tampa.
18
PI_CONTACT_INFO: Address: NOAA ESRL Chemical Sciences Division  Mail Stop R/CSD7  325 Broadway  Boulder  CO 80305
PLATFORM: NOAA WP-3D
LOCATION: The aircraft was stationed in Smyrna  Tennessee. Aircraft location information in AircraftPosition file.
ASSOCIATED_DATA: N/A
INSTRUMENT_INFO: N/A
DATA_INFO: Units:GpsLat:decimal degrees; GpsLon: decimal degrees; GpsAlt: meters; PAlt:meters; RAlt: meters.
UNCERTAINTY: N/A
ULOD_FLAG: -7777
ULOD_VALUE: N/A
LLOD_FLAG: -8888
LLOD_VALUE: N/A
DM_CONTACT_INFO: Data Manager:Ken Aikin; email:Kenneth.C.Aikin@noaa.gov
PROJECT_INFO: SENEX 2013 Study; June 1 - July 15  2013
STIPULATIONS_ON_USE: Use of these data require prior ok from PI.
OTHER_COMMENTS:       None
REVISION: RA
RA: Preliminary Data.  For in-field use.
AOCTimewave  GpsLat  GpsLon  GpsAlt  PAlt  RAlt
[from data line 9891]
59926.0  35.4144   -76.5851    506.3    432.8    521.4
59927.0  35.4144   -76.5863    506.0    432.8    519.0
59928.0  35.4145   -76.5875    506.0    431.7    518.9
59929.0  35.4145   -76.5887    506.0    430.3    519.0
59930.0  35.4145   -76.5899    505.2    430.3    517.5
59931.0  35.4145   -76.5911    504.7    431.0    521.4
59932.0  35.4146   -76.5923    504.7    429.0    516.9
59933.0  35.4146   -76.5935    504.7    428.9    522.1
59934.0  35.4146   -76.5947    504.7    429.2    520.2
59935.0  35.4146   -76.5959    504.7    430.9    519.5
59936.0  35.4146   -76.5971    504.7    430.6    518.2
59937.0  35.4147   -76.5983    504.4    428.3    518.8
59938.0  35.4147   -76.5995    503.5    428.3    520.9
59939.0  35.4147   -76.6007    503.5    428.5    526.6
59940.0  35.4147   -76.6019    503.5    428.8    523.9
59941.0  35.4147   -76.6031    504.2    428.4    521.0
59942.0  35.4148   -76.6043    504.7    428.8    526.8
59943.0  35.4148   -76.6055    504.7    429.9    525.4
59944.0  35.4148   -76.6067    505.4    432.3    521.6
59945.0  35.4149   -76.6079    507.2    432.5    524.5
59946.0  35.4149   -76.6091    507.2    431.4    522.1
59947.0  35.4149   -76.6103    507.2    430.3    523.6
59948.0  35.4149   -76.6115    507.2    430.4    523.5
59949.0  35.4149   -76.6127    506.7    429.3    519.5
59950.0  35.4150   -76.6139    506.0    428.7    516.0
59951.0  35.4150   -76.6151    506.3    429.2    520.6
59952.0  35.4150   -76.6163    507.2    429.6    521.3
59953.0  35.4150   -76.6175    507.2    430.8    522.6
59954.0  35.4150   -76.6187    507.2    430.1    516.9
59955.0  35.4150   -76.6199    507.2    429.3    520.5
59956.0  35.4151   -76.6211    507.2    430.4    526.7
59957.0  35.4151   -76.6224    508.0    430.9    521.0
59958.0  35.4151   -76.6236    508.2    430.7    522.2
59959.0  35.4151   -76.6248    507.2    430.4    525.2
59960.0  35.4151   -76.6260    507.2    428.6    524.2
59961.0  35.4151   -76.6272    507.2    428.4    520.5
59962.0  35.4151   -76.6284    507.2    428.7    519.8
59963.0  35.4151   -76.6296    506.1    429.2    519.7
59964.0  35.4151   -76.6308    506.0    429.2    520.7
59965.0  35.4152   -76.6320    506.0    429.9    516.2
59966.0  35.4152   -76.6332    506.0    428.9    516.1
59967.0  35.4152   -76.6344    506.0    429.1    521.0
59968.0  35.4152   -76.6356    506.0    429.7    519.7
59969.0  35.4152   -76.6368    506.0    428.9    522.8
59970.0  35.4152   -76.6381    506.0    429.5    523.6
59971.0  35.4152   -76.6393    506.0    430.2    522.9
59972.0  35.4152   -76.6405    506.2    429.5    519.4
59973.0  35.4152   -76.6417    504.7    431.0    519.7
59974.0  35.4152   -76.6429    504.7    430.1    516.1
59975.0  35.4153   -76.6441    504.7    430.7    520.4
59976.0  35.4153   -76.6453    504.8    429.8    515.7
59977.0  35.4153   -76.6465    506.0    430.8    517.9
59978.0  35.4153   -76.6477    506.0    431.0    521.0
59979.0  35.4153   -76.6489    506.0    432.1    519.8
59980.0  35.4153   -76.6502    507.1    431.9    524.7
59981.0  35.4153   -76.6514    507.2    431.1    521.5
59982.0  35.4153   -76.6526    508.4    431.9    520.6
59983.0  35.4153   -76.6538    508.4    432.0    522.1
59984.0  35.4153   -76.6550    508.4    432.0    526.3
59985.0  35.4153   -76.6562    508.2    431.0    522.3
59986.0  35.4153   -76.6574    507.2    431.7    521.9
59987.0  35.4153   -76.6586    507.2    430.6    519.1
59988.0  35.4153   -76.6598    507.2    430.2    520.3
59989.0  35.4154   -76.6611    507.2    431.9    517.9
59990.0  35.4154   -76.6623    506.1    431.7    521.5
59991.0  35.4154   -76.6635    506.0    430.1    521.5
59992.0  35.4154   -76.6647    506.0    430.4    522.8
59993.0  35.4154   -76.6659    506.0    428.6    520.5
59994.0  35.4154   -76.6671    506.0    427.4    519.3
59995.0  35.4154   -76.6683    506.0    427.2    523.1
59996.0  35.4154   -76.6695    505.2    428.2    519.5
59997.0  35.4154   -76.6707    504.7    426.7    520.9
59998.0  35.4154   -76.6719    505.9    428.3    519.4
59999.0  35.4154   -76.6731    506.0    430.4    520.0
60000.0  35.4154   -76.6744    506.0    431.9    518.1
60001.0  35.4154   -76.6756    506.0    430.7    519.5
60002.0  35.4155   -76.6768    506.0    429.4    520.0
60003.0  35.4155   -76.6780    506.0    428.6    520.9
60004.0  35.4154   -76.6792    506.0    429.4    517.7
60005.0  35.4154   -76.6804    506.0    429.1    519.2
60006.0  35.4154   -76.6816    506.0    430.0    519.9
60007.0  35.4154   -76.6828    506.5    428.7    521.3
60008.0  35.4154   -76.6840    507.2    428.7    519.0
60009.0  35.4154   -76.6852    507.2    429.1    518.4
60010.0  35.4154   -76.6865    508.2    431.3    523.0
60011.0  35.4154   -76.6877    509.1    431.4    524.0
60012.0  35.4154   -76.6889    509.7    433.0    525.4
60013.0  35.4154   -76.6901    510.8    435.3    525.0
60014.0  35.4154   -76.6913    509.7    432.8    526.5
60015.0  35.4154   -76.6925    509.6    431.0    523.3
60016.0  35.4154   -76.6937    508.3    432.5    525.2
60017.0  35.4154   -76.6949    507.2    433.6    520.8
60018.0  35.4154   -76.6962    506.4    432.1    520.7
60019.0  35.4154   -76.6974    505.7    431.5    521.7
60020.0  35.4154   -76.6986    504.7    429.5    519.3
60021.0  35.4154   -76.6998    504.7    429.3    519.3
60022.0  35.4154   -76.7010    503.5    428.4    519.0
60023.0  35.4154   -76.7022    503.5    427.1    519.4
60024.0  35.4153   -76.7034    503.5    428.0    518.8
60025.0  35.4153   -76.7047    503.5    425.8    518.2
60026.0  35.4153   -76.7059    503.5    424.9    518.5
60027.0  35.4153   -76.7071    503.5    425.2    517.4
60028.0  35.4153   -76.7083    503.7    423.4    516.9
60029.0  35.4153   -76.7095    504.7    425.1    517.1
60030.0  35.4153   -76.7107    504.7    426.6    519.9
60031.0  35.4153   -76.7119    504.7    427.1    516.1
60032.0  35.4153   -76.7131    505.5    428.4    519.9
60033.0  35.4153   -76.7143    506.0    428.3    515.1
60034.0  35.4153   -76.7156    506.0    429.3    519.1
60035.0  35.4153   -76.7168    506.0    431.1    521.2
60036.0  35.4152   -76.7180    506.0    431.4    520.3
60037.0  35.4152   -76.7192    506.0    430.8    517.1
60038.0  35.4152   -76.7204    506.0    430.7    518.3
60039.0  35.4152   -76.7216    506.0    430.9    522.3
60040.0  35.4152   -76.7228    506.0    430.8    519.4
60041.0  35.4152   -76.7240    506.8    430.8    521.0
60042.0  35.4152   -76.7252    507.2    431.1    518.2
60043.0  35.4152   -76.7264    507.2    430.5    520.0
60044.0  35.4152   -76.7276    507.2    430.4    520.3
60045.0  35.4152   -76.7288    506.2    430.0    520.2
60046.0  35.4152   -76.7300    507.2    429.6    518.6
60047.0  35.4151   -76.7312    507.2    429.3    518.7
60048.0  35.4151   -76.7324    507.2    429.5    518.9
60049.0  35.4151   -76.7336    508.3    430.9    517.5
60050.0  35.4151   -76.7348    508.4    430.3    520.9
60051.0  35.4151   -76.7361    508.4    430.4    522.1
60052.0  35.4151   -76.7373    509.2    430.8    523.6
60053.0  35.4151   -76.7385    509.6    432.6    522.2
60054.0  35.4151   -76.7397    510.6    436.0    521.3
60055.0  35.4151   -76.7409    511.5    435.5    525.7
60056.0  35.4151   -76.7421    512.1    437.0    525.3
60057.0  35.4151   -76.7433    512.1    435.3    525.1
60058.0  35.4151   -76.7445    512.1    435.7    526.6
60059.0  35.4151   -76.7457    511.1    435.3    526.5
60060.0  35.4151   -76.7469    510.6    433.5    524.7
60061.0  35.4151   -76.7482    509.6    433.0    522.7
60062.0  35.4151   -76.7494    509.6    433.0    523.7
60063.0  35.4151   -76.7506    508.6    431.7    521.0
60064.0  35.4151   -76.7518    507.8    430.4    522.1
60065.0  35.4150   -76.7530    506.8    429.8    517.8
60066.0  35.4150   -76.7542    505.3    427.3    514.7
60067.0  35.4150   -76.7555    504.7    427.6    517.9
60068.0  35.4150   -76.7567    504.7    427.8    517.9
60069.0  35.4150   -76.7579    504.7    427.1    519.0
60070.0  35.4150   -76.7591    504.7    426.9    516.6
60071.0  35.4150   -76.7603    504.1    427.6    517.9
60072.0  35.4150   -76.7616    504.7    426.8    517.5
60073.0  35.4150   -76.7628    504.7    427.2    519.2
60074.0  35.4150   -76.7640    504.7    426.9    517.2
60075.0  35.4150   -76.7652    504.7    427.1    517.5
60076.0  35.4150   -76.7664    504.7    427.4    519.7
60077.0  35.4150   -76.7676    505.3    428.5    515.8
60078.0  35.4150   -76.7689    506.0    427.8    516.0
60079.0  35.4150   -76.7701    506.0    427.6    518.5
60080.0  35.4150   -76.7713    506.0    425.5    516.0
60081.0  35.4150   -76.7725    506.0    426.7    514.6
60082.0  35.4150   -76.7737    506.0    428.5    518.3
60083.0  35.4150   -76.7749    506.0    427.8    517.3
60084.0  35.4150   -76.7762    506.0    428.7    518.2
60085.0  35.4150   -76.7774    506.2    430.3    520.7
60086.0  35.4150   -76.7786    507.2    429.2    520.3
60087.0  35.4150   -76.7798    507.2    429.1    518.5
60088.0  35.4150   -76.7810    507.2    430.4    518.5
60089.0  35.4149   -76.7822    507.2    430.7    517.9
60090.0  35.4149   -76.7834    507.2    430.0    519.5
60091.0  35.4149   -76.7847    507.2    430.3    515.3
60092.0  35.4149   -76.7859    507.3    431.5    521.6
60093.0  35.4149   -76.7871    508.4    431.3    518.6
60094.0  35.4149   -76.7883    508.4    432.5    520.2
60095.0  35.4149   -76.7895    508.4    433.3    519.2
60096.0  35.4149   -76.7907    508.4    433.0    519.4
60097.0  35.4149   -76.7920    507.7    432.2    516.6
60098.0  35.4149   -76.7932    507.2    430.5    521.2
60099.0  35.4149   -76.7944    507.2    430.7    520.4
60100.0  35.4150   -76.7956    507.2    428.9    521.4
60101.0  35.4150   -76.7968    507.2    429.8    517.6
60102.0  35.4150   -76.7980    507.2    431.5    518.4
60103.0  35.4150   -76.7993    507.2    431.6    520.9
60104.0  35.4150   -76.8005    507.2    430.9    520.9
60105.0  35.4150   -76.8017    507.2    431.9    520.4
60106.0  35.4150   -76.8029    507.2    431.8    519.2
60107.0  35.4150   -76.8041    507.2    430.2    520.3
60108.0  35.4150   -76.8053    507.2    429.7    517.6
60109.0  35.4150   -76.8065    507.2    429.7    518.8
60110.0  35.4150   -76.8078    507.2    429.8    519.0
60111.0  35.4150   -76.8090    507.3    429.9    521.1
60112.0  35.4150   -76.8102    508.4    430.3    521.1
60113.0  35.4150   -76.8114    508.7    431.1    520.6
60114.0  35.4150   -76.8126    509.6    431.4    521.5
60115.0  35.4150   -76.8139    510.6    433.6    524.4
60116.0  35.4150   -76.8151    511.7    435.8    522.3
60117.0  35.4150   -76.8163    512.3    435.2    525.2
60118.0  35.4150   -76.8175    513.3    436.5    525.4
60119.0  35.4150   -76.8187    513.3    436.2    526.1
60120.0  35.4150   -76.8200    513.2    435.4    524.7
60121.0  35.4150   -76.8212    512.1    435.7    523.5
60122.0  35.4150   -76.8224    511.4    434.5    523.5
60123.0  35.4150   -76.8237    509.3    432.9    523.4
60124.0  35.4150   -76.8249    508.0    431.1    521.3
60125.0  35.4150   -76.8261    506.7    428.7    517.9
60126.0  35.4150   -76.8273    505.9    428.0    515.7
60127.0  35.4151   -76.8286    504.7    427.3    516.1
60128.0  35.4151   -76.8298    503.6    426.9    515.2
60129.0  35.4151   -76.8310    503.2    426.8    516.8
60130.0  35.4151   -76.8323    502.2    425.2    512.0
60131.0  35.4152   -76.8335    501.1    423.6    512.6
60132.0  35.4152   -76.8347    501.1    422.0    512.9
60133.0  35.4152   -76.8359    501.9    423.2    517.8
60134.0  35.4152   -76.8372    503.8    425.2    520.8
60135.0  35.4153   -76.8384    505.2    427.5    517.3
60136.0  35.4153   -76.8396    506.6    429.7    516.3
60137.0  35.4153   -76.8409    507.9    430.7    523.6
60138.0  35.4153   -76.8421    508.5    432.2    524.6
60139.0  35.4153   -76.8433    509.6    432.9    523.9
60140.0  35.4154   -76.8445    509.6    432.9    529.5
60141.0  35.4154   -76.8458    509.6    432.4    524.1
60142.0  35.4154   -76.8470    509.3    431.1    525.5
60143.0  35.4154   -76.8482    508.4    431.6    524.3
60144.0  35.4155   -76.8494    508.4    431.8    526.8
60145.0  35.4155   -76.8507    508.3    431.3    525.6
60146.0  35.4155   -76.8519    507.2    430.9    526.8
60147.0  35.4156   -76.8531    506.9    429.6    523.8
60148.0  35.4156   -76.8543    506.0    428.0    527.4
60149.0  35.4157   -76.8556    506.0    428.2    521.8
60150.0  35.4157   -76.8568    506.0    428.7    522.8
60151.0  35.4157   -76.8580    506.0    428.3    523.4
60152.0  35.4158   -76.8592    506.0    427.1    523.9
60153.0  35.4158   -76.8605    505.5    427.8    523.4
60154.0  35.4159   -76.8617    504.7    429.2    519.6
60155.0  35.4159   -76.8629    504.7    429.6    514.3
60156.0  35.4159   -76.8641    504.7    428.9    513.4
60157.0  35.4160   -76.8653    505.4    429.2    524.0
60158.0  35.4160   -76.8666    506.0    430.1    515.9
60159.0  35.4161   -76.8678    506.5    429.2    523.7
60160.0  35.4161   -76.8690    508.0    431.7    527.9
60161.0  35.4162   -76.8702    508.4    431.4    524.3
60162.0  35.4162   -76.8714    509.0    433.5    527.0
60163.0  35.4162   -76.8727    509.6    434.3    527.6
60164.0  35.4163   -76.8739    508.9    433.0    530.5
60165.0  35.4163   -76.8751    508.2    430.2    529.8
60166.0  35.4164   -76.8763    507.2    430.8    524.0
60167.0  35.4164   -76.8775    507.2    430.3    526.1
60168.0  35.4165   -76.8788    507.2    431.8    527.9
60169.0  35.4165   -76.8800    507.2    431.2    522.6
60170.0  35.4166   -76.8812    507.2    430.9    521.1
60171.0  35.4166   -76.8824    507.6    431.6    521.1
60172.0  35.4167   -76.8837    508.4    431.2    515.2
60173.0  35.4167   -76.8849    509.0    432.6    519.1
60174.0  35.4168   -76.8861    509.1    432.6    519.1
60175.0  35.4168   -76.8873    508.4    432.2    514.2
60176.0  35.4169   -76.8885    508.2    431.0    509.1
60177.0  35.4169   -76.8898    506.0    430.7    504.0
60178.0  35.4169   -76.8910    505.5    429.4    501.9
60179.0  35.4170   -76.8922    504.7    428.7    502.5
60180.0  35.4170   -76.8935    504.0    428.9    508.9
60181.0  35.4171   -76.8947    504.7    427.1    510.3
60182.0  35.4171   -76.8959    504.7    429.2    516.5
60183.0  35.4172   -76.8971    504.7    429.7    517.9
60184.0  35.4172   -76.8984    504.8    427.3    516.7
60185.0  35.4173   -76.8996    506.0    427.1    510.3
60186.0  35.4173   -76.9008    506.0    429.2    512.2
60187.0  35.4174   -76.9020    506.0    429.6    509.9
60188.0  35.4174   -76.9033    506.7    430.4    509.4
60189.0  35.4175   -76.9045    507.2    429.4    505.7
60190.0  35.4175   -76.9057    506.3    428.9    507.6
60191.0  35.4176   -76.9069    506.4    429.2    506.2
60192.0  35.4176   -76.9082    507.2    430.3    510.1
60193.0  35.4177   -76.9094    507.2    429.3    513.2
60194.0  35.4177   -76.9106    507.2    430.3    515.0
60195.0  35.4178   -76.9118    508.1    432.7    517.2
60196.0  35.4178   -76.9130    508.4    433.5    519.1
60197.0  35.4179   -76.9143    507.8    430.3    522.9
60198.0  35.4179   -76.9155    507.2    429.4    521.3
60199.0  35.4180   -76.9167    507.8    431.7    514.2
60200.0  35.4180   -76.9179    508.4    432.1    510.8
60201.0  35.4181   -76.9192    508.4    432.2    521.8
60202.0  35.4181   -76.9204    507.6    431.8    517.3
60203.0  35.4182   -76.9216    507.2    430.7    520.6
60204.0  35.4183   -76.9228    507.2    429.3    518.9
60205.0  35.4183   -76.9241    507.2    429.2    514.0
60206.0  35.4184   -76.9253    507.2    428.2    514.7
60207.0  35.4184   -76.9265    507.2    429.2    516.2
60208.0  35.4185   -76.9277    507.2    429.9    517.4
60209.0  35.4185   -76.9290    507.2    430.6    514.2
60210.0  35.4186   -76.9302    508.1    430.8    518.4
60211.0  35.4186   -76.9314    509.1    432.0    521.2
60212.0  35.4187   -76.9326    509.6    432.3    522.6
60213.0  35.4187   -76.9339    509.6    433.0    517.9
60214.0  35.4188   -76.9351    509.6    434.0    517.4
60215.0  35.4188   -76.9363    509.6    433.6    526.5
