flight/WP3D/AircraftPos_NP3_20130629_RA.ict
38  1001
Ken Aikin
NOAA ESRL Chemical Sciences Division
various aircraft sensors
SENEX 2013
1  1
2013  06  29  2013  06  29
1
AOCTimewave
5
1  1  1  1  1 
-9999  -9999  -9999  -9999  -9999
GpsLat  deg
GpsLon  deg
GpsAlt  m
PAlt  m
RAlt  m
1
SPECIAL COMMENTS:Birmingham and C-130 intercomparison.
18
PI_CONTACT_INFO: Address: NOAA ESRL Chemical Sciences Division  Mail Stop R/CSD7  325 Broadway  Boulder  CO 80305
PLATFORM: NOAA WP-3D
LOCATION: The aircraft was stationed in Smyrna  Tennessee. Aircraft location information in AircraftPosition file.
ASSOCIATED_DATA: N/A
INSTRUMENT_INFO: N/A
DATA_INFO: Units:GpsLat:decimal degrees; GpsLon: decimal degrees; GpsAlt: meters; PAlt:meters; RAlt: meters.
UNCERTAINTY: N/A
ULOD_FLAG: -7777
ULOD_VALUE: N/A
LLOD_FLAG: -8888
LLOD_VALUE: N/A
DM_CONTACT_INFO: Data Manager:Ken Aikin; email:Kenneth.C.Aikin@noaa.gov
PROJECT_INFO: SENEX 2013 Study; June 1 - July 15  2013
STIPULATIONS_ON_USE: Use of these data require prior ok from PI.
OTHER_COMMENTS:       None
REVISION: RA
RA: Preliminary Data.  For in-field use.
AOCTimewave  GpsLat  GpsLon  GpsAlt  PAlt  RAlt
[from data line 19782]
75367.0  33.1713   -86.2669    709.6    716.2    546.7
75368.0  33.1723   -86.2668    709.6    716.7    544.4
75369.0  33.1732   -86.2668    710.2    718.4    548.9
75370.0  33.1742   -86.2667    710.8    718.0    545.8
75371.0  33.1752   -86.2667    710.8    717.2    550.4
75372.0  33.1762   -86.2667    711.3    717.0    547.3
75373.0  33.1772   -86.2667    710.7    718.0    548.9
75374.0  33.1781   -86.2666    709.6    718.0    553.5
75375.0  33.1791   -86.2666    709.6    717.7    552.9
75376.0  33.1801   -86.2666    709.7    717.4    550.1
75377.0  33.1811   -86.2666    710.2    718.0    555.3
75378.0  33.1821   -86.2666    710.4    717.4    556.6
75379.0  33.1831   -86.2665    710.8    716.5    553.9
75380.0  33.1840   -86.2665    710.8    717.9    553.7
75381.0  33.1850   -86.2665    710.2    717.6    559.9
75382.0  33.1860   -86.2665    709.6    718.7    558.2
75383.0  33.1870   -86.2665    709.6    718.8    554.6
75384.0  33.1880   -86.2665    709.6    717.8    558.1
75385.0  33.1890   -86.2665    708.9    718.4    559.3
75386.0  33.1900   -86.2665    708.4    717.5    558.1
75387.0  33.1910   -86.2665    708.4    716.9    564.3
75388.0  33.1919   -86.2665    708.4    716.4    556.8
75389.0  33.1929   -86.2665    709.0    718.1    553.8
75390.0  33.1939   -86.2665    709.6    718.5    551.6
75391.0  33.1949   -86.2666    709.6    719.2    551.2
75392.0  33.1959   -86.2666    709.6    718.5    538.1
75393.0  33.1969   -86.2666    708.9    718.2    525.1
75394.0  33.1979   -86.2667    708.4    716.8    514.9
75395.0  33.1989   -86.2667    709.2    717.9    502.8
75396.0  33.1999   -86.2668    709.6    717.2    491.1
75397.0  33.2009   -86.2668    708.9    717.8    489.0
75398.0  33.2019   -86.2669    708.4    717.6    492.2
75399.0  33.2029   -86.2670    708.4    718.4    514.2
75400.0  33.2039   -86.2670    708.4    718.9    533.6
75401.0  33.2049   -86.2671    708.4    717.7    539.6
75402.0  33.2059   -86.2671    708.4    718.0    549.8
75403.0  33.2069   -86.2672    708.4    717.9    560.1
75404.0  33.2079   -86.2673    708.4    717.3    557.4
75405.0  33.2089   -86.2673    708.4    717.1    553.5
75406.0  33.2099   -86.2674    708.4    718.2    548.6
75407.0  33.2109   -86.2674    708.4    718.4    542.1
75408.0  33.2119   -86.2675    708.4    717.7    552.9
75409.0  33.2129   -86.2676    708.4    717.0    555.1
75410.0  33.2139   -86.2676    708.4    717.7    564.2
75411.0  33.2149   -86.2677    708.4    717.6    566.3
75412.0  33.2159   -86.2678    708.4    717.7    572.6
75413.0  33.2169   -86.2678    708.4    717.6    572.2
75414.0  33.2179   -86.2679    708.4    717.0    573.7
75415.0  33.2189   -86.2680    708.4    716.8    573.0
75416.0  33.2199   -86.2680    708.4    717.1    571.8
75417.0  33.2209   -86.2681    707.7    715.3    573.7
75418.0  33.2219   -86.2682    707.1    716.9    574.4
75419.0  33.2229   -86.2683    707.1    717.3    569.6
75420.0  33.2239   -86.2683    707.1    716.6    568.6
75421.0  33.2249   -86.2684    707.1    716.1    561.7
75422.0  33.2259   -86.2685    707.1    715.9    567.3
75423.0  33.2269   -86.2686    706.9    716.0    571.9
75424.0  33.2279   -86.2687    705.9    716.9    565.6
75425.0  33.2290   -86.2689    705.9    716.4    564.1
75426.0  33.2300   -86.2690    706.9    716.1    567.4
75427.0  33.2310   -86.2691    707.1    716.1    569.3
75428.0  33.2320   -86.2692    707.1    715.7    567.7
75429.0  33.2330   -86.2694    707.1    715.0    564.9
75430.0  33.2340   -86.2695    707.1    716.1    562.9
75431.0  33.2350   -86.2696    707.1    716.2    560.0
75432.0  33.2360   -86.2697    707.1    716.2    569.8
75433.0  33.2370   -86.2698    707.1    716.2    572.6
75434.0  33.2380   -86.2699    707.1    715.9    575.2
75435.0  33.2390   -86.2700    707.1    715.7    576.2
75436.0  33.2400   -86.2701    707.1    715.8    575.2
75437.0  33.2410   -86.2702    707.1    715.8    572.6
75438.0  33.2420   -86.2703    707.1    714.4    571.2
75439.0  33.2430   -86.2703    707.1    715.3    558.5
75440.0  33.2441   -86.2704    707.1    716.4    555.5
75441.0  33.2451   -86.2704    707.5    715.9    557.7
75442.0  33.2461   -86.2705    708.4    715.4    554.0
75443.0  33.2471   -86.2705    708.4    715.1    564.2
75444.0  33.2481   -86.2705    708.4    715.6    560.8
75445.0  33.2491   -86.2705    708.4    716.2    559.5
75446.0  33.2502   -86.2705    708.4    716.7    560.8
75447.0  33.2512   -86.2704    708.4    716.8    564.0
75448.0  33.2522   -86.2704    708.4    715.8    559.6
75449.0  33.2532   -86.2704    708.4    716.0    551.2
75450.0  33.2542   -86.2703    707.3    717.3    552.6
75451.0  33.2552   -86.2703    707.1    718.0    556.1
75452.0  33.2563   -86.2703    707.1    716.3    565.7
75453.0  33.2573   -86.2702    707.1    717.6    571.2
75454.0  33.2583   -86.2702    707.1    717.4    566.9
75455.0  33.2593   -86.2702    707.3    718.4    566.6
75456.0  33.2603   -86.2701    708.4    716.6    571.9
75457.0  33.2614   -86.2701    708.4    715.6    573.3
75458.0  33.2624   -86.2701    708.4    715.9    572.8
75459.0  33.2634   -86.2700    708.4    716.4    576.8
75460.0  33.2644   -86.2700    708.4    716.8    579.2
75461.0  33.2655   -86.2700    708.4    716.5    582.9
75462.0  33.2665   -86.2699    708.4    717.4    584.2
75463.0  33.2675   -86.2699    708.4    718.7    582.7
75464.0  33.2685   -86.2699    708.4    718.7    583.0
75465.0  33.2696   -86.2699    708.4    718.7    580.3
75466.0  33.2706   -86.2698    708.4    718.1    589.9
75467.0  33.2716   -86.2698    708.4    718.7    598.6
75468.0  33.2726   -86.2698    708.4    718.9    593.9
75469.0  33.2736   -86.2697    708.4    716.7    587.7
75470.0  33.2747   -86.2697    708.4    715.8    593.8
75471.0  33.2757   -86.2697    708.4    716.5    590.8
75472.0  33.2767   -86.2696    708.4    716.2    592.1
75473.0  33.2778   -86.2696    707.9    716.2    588.2
75474.0  33.2788   -86.2696    707.1    717.4    586.3
75475.0  33.2798   -86.2696    707.1    717.9    587.7
75476.0  33.2808   -86.2695    707.1    716.1    583.0
75477.0  33.2819   -86.2695    707.1    715.5    581.6
75478.0  33.2829   -86.2695    707.1    715.4    571.9
75479.0  33.2839   -86.2694    707.1    715.1    568.6
75480.0  33.2849   -86.2694    706.7    715.4    564.8
75481.0  33.2860   -86.2694    705.9    716.3    557.0
75482.0  33.2870   -86.2694    705.9    716.8    557.8
75483.0  33.2880   -86.2693    705.9    716.0    558.4
75484.0  33.2891   -86.2693    705.9    716.0    552.7
75485.0  33.2901   -86.2693    705.9    715.9    552.6
75486.0  33.2911   -86.2693    705.5    713.7    545.8
75487.0  33.2921   -86.2692    704.7    713.7    543.2
75488.0  33.2932   -86.2692    704.7    715.2    546.7
75489.0  33.2942   -86.2692    704.7    715.8    556.8
75490.0  33.2952   -86.2692    704.7    715.9    555.5
75491.0  33.2962   -86.2691    704.7    714.9    553.6
75492.0  33.2973   -86.2691    704.7    715.2    541.4
75493.0  33.2983   -86.2691    705.3    714.6    524.1
75494.0  33.2993   -86.2691    705.9    715.3    524.8
75495.0  33.3003   -86.2690    705.9    716.2    539.0
75496.0  33.3014   -86.2690    705.9    715.8    547.9
75497.0  33.3024   -86.2690    705.9    715.9    548.7
75498.0  33.3034   -86.2689    705.9    716.8    552.6
75499.0  33.3045   -86.2689    705.9    715.9    556.5
75500.0  33.3055   -86.2689    706.5    715.5    554.7
75501.0  33.3065   -86.2689    707.1    716.2    554.9
75502.0  33.3075   -86.2688    707.1    718.1    561.4
75503.0  33.3086   -86.2688    707.1    717.9    557.8
75504.0  33.3096   -86.2688    707.1    717.1    561.1
75505.0  33.3106   -86.2688    707.1    717.3    553.6
75506.0  33.3116   -86.2687    707.1    717.9    551.4
75507.0  33.3127   -86.2687    707.1    718.3    549.5
75508.0  33.3137   -86.2687    707.1    717.4    551.6
75509.0  33.3147   -86.2686    707.1    716.3    562.7
75510.0  33.3157   -86.2686    707.1    715.3    555.8
75511.0  33.3168   -86.2686    707.1    716.0    552.5
75512.0  33.3178   -86.2686    707.1    716.2    556.3
75513.0  33.3188   -86.2685    707.1    716.1    556.9
75514.0  33.3199   -86.2685    707.1    715.0    560.3
75515.0  33.3209   -86.2685    707.1    715.8    561.8
75516.0  33.3219   -86.2685    707.1    716.2    566.5
75517.0  33.3229   -86.2684    707.1    715.7    564.2
75518.0  33.3240   -86.2684    707.1    716.9    560.3
75519.0  33.3250   -86.2684    707.1    718.1    557.6
75520.0  33.3260   -86.2683    707.6    718.3    553.9
75521.0  33.3271   -86.2683    708.4    719.1    550.7
75522.0  33.3281   -86.2683    708.4    718.5    547.7
75523.0  33.3291   -86.2683    708.4    718.7    545.6
75524.0  33.3302   -86.2682    708.4    718.7    555.3
75525.0  33.3312   -86.2682    707.7    718.7    557.9
75526.0  33.3322   -86.2682    707.1    718.6    557.2
75527.0  33.3333   -86.2682    707.1    717.7    549.3
75528.0  33.3343   -86.2681    707.1    717.3    541.7
75529.0  33.3353   -86.2681    707.1    717.6    543.7
75530.0  33.3364   -86.2681    707.1    717.1    548.1
75531.0  33.3374   -86.2680    707.1    716.9    548.8
75532.0  33.3384   -86.2680    707.1    717.7    557.4
75533.0  33.3395   -86.2680    706.7    717.4    557.1
75534.0  33.3405   -86.2680    706.2    717.8    556.7
75535.0  33.3415   -86.2679    706.3    718.0    567.2
75536.0  33.3426   -86.2679    705.9    717.8    576.0
75537.0  33.3436   -86.2679    705.9    716.8    579.4
75538.0  33.3447   -86.2679    705.9    716.6    578.3
75539.0  33.3457   -86.2679    705.9    715.5    579.4
75540.0  33.3467   -86.2679    705.9    716.2    580.8
75541.0  33.3478   -86.2679    705.9    716.4    579.8
75542.0  33.3488   -86.2679    705.9    715.4    581.3
75543.0  33.3498   -86.2678    705.9    716.2    578.1
75544.0  33.3509   -86.2678    705.9    714.9    578.1
75545.0  33.3519   -86.2678    705.9    715.1    575.3
75546.0  33.3529   -86.2678    705.9    713.7    573.1
75547.0  33.3540   -86.2678    705.9    714.8    574.4
75548.0  33.3550   -86.2678    705.9    714.3    574.5
75549.0  33.3560   -86.2678    705.9    715.5    570.0
75550.0  33.3571   -86.2678    705.9    715.3    562.1
75551.0  33.3581   -86.2678    705.9    714.6    564.7
75552.0  33.3591   -86.2678    705.9    714.9    567.0
75553.0  33.3602   -86.2678    705.2    715.0    568.1
75554.0  33.3612   -86.2678    704.7    716.1    569.6
75555.0  33.3623   -86.2678    704.7    716.4    574.0
75556.0  33.3633   -86.2678    704.7    717.0    569.6
75557.0  33.3643   -86.2677    704.7    716.2    561.0
75558.0  33.3654   -86.2677    705.4    715.3    566.6
75559.0  33.3664   -86.2677    704.7    715.2    562.7
75560.0  33.3674   -86.2677    704.9    715.3    561.6
75561.0  33.3684   -86.2677    705.9    714.7    564.5
75562.0  33.3695   -86.2677    705.9    714.9    558.1
75563.0  33.3705   -86.2677    705.9    715.2    563.0
75564.0  33.3715   -86.2677    705.9    714.6    553.0
75565.0  33.3726   -86.2677    705.9    715.0    550.0
75566.0  33.3736   -86.2677    705.9    716.7    543.4
75567.0  33.3746   -86.2677    705.9    714.9    546.6
75568.0  33.3757   -86.2676    705.9    714.8    536.3
75569.0  33.3767   -86.2676    705.9    716.0    539.1
75570.0  33.3777   -86.2676    705.9    715.6    546.8
75571.0  33.3787   -86.2676    705.9    716.0    547.1
75572.0  33.3798   -86.2676    706.5    717.0    546.8
75573.0  33.3808   -86.2676    706.5    717.0    546.2
75574.0  33.3818   -86.2676    705.9    716.5    544.3
75575.0  33.3828   -86.2676    705.9    715.9    536.8
75576.0  33.3839   -86.2676    705.9    716.1    540.0
75577.0  33.3849   -86.2675    705.3    716.1    535.8
75578.0  33.3859   -86.2675    704.7    715.1    533.6
75579.0  33.3870   -86.2675    704.7    713.7    543.8
75580.0  33.3880   -86.2675    704.7    713.4    545.8
75581.0  33.3890   -86.2675    704.7    714.0    541.6
75582.0  33.3900   -86.2675    704.7    713.6    534.9
75583.0  33.3910   -86.2675    704.7    714.0    532.7
75584.0  33.3921   -86.2675    704.7    714.0    536.8
75585.0  33.3931   -86.2674    703.6    713.7    538.0
75586.0  33.3941   -86.2674    703.5    713.2    534.6
75587.0  33.3951   -86.2674    703.5    713.4    534.0
75588.0  33.3962   -86.2674    704.5    712.7    535.4
75589.0  33.3972   -86.2674    704.7    714.2    539.6
75590.0  33.3982   -86.2674    704.7    714.9    539.7
75591.0  33.3992   -86.2674    704.7    715.5    542.9
75592.0  33.4002   -86.2674    704.7    715.8    545.5
75593.0  33.4013   -86.2674    705.5    716.1    541.5
75594.0  33.4023   -86.2673    705.9    714.7    535.7
75595.0  33.4033   -86.2673    705.9    716.3    543.8
75596.0  33.4043   -86.2673    705.9    714.5    547.3
75597.0  33.4053   -86.2673    705.9    714.1    546.7
75598.0  33.4063   -86.2673    705.9    714.9    543.9
75599.0  33.4074   -86.2673    705.9    715.2    534.7
75600.0  33.4084   -86.2673    705.9    714.9    532.3
75601.0  33.4094   -86.2673    705.9    714.7    537.1
75602.0  33.4104   -86.2673    705.9    713.8    534.8
75603.0  33.4114   -86.2672    705.9    715.9    534.3
75604.0  33.4124   -86.2672    705.9    716.2    529.5
75605.0  33.4134   -86.2672    705.9    715.8    530.5
75606.0  33.4144   -86.2672    705.9    715.9    530.5
75607.0  33.4154   -86.2672    706.0    716.2    535.9
75608.0  33.4164   -86.2672    707.1    718.0    542.3
75609.0  33.4174   -86.2671    707.1    717.7    546.7
75610.0  33.4184   -86.2671    707.1    717.2    543.8
75611.0  33.4194   -86.2671    707.1    716.6    543.1
75612.0  33.4204   -86.2671    707.1    715.9    546.6
75613.0  33.4214   -86.2671    707.1    715.5    549.6
75614.0  33.4225   -86.2671    707.1    715.9    544.3
75615.0  33.4235   -86.2670    707.1    715.6    544.6
75616.0  33.4245   -86.2670    706.9    715.7    547.0
75617.0  33.4255   -86.2670    705.9    715.9    549.5
75618.0  33.4264   -86.2670    705.5    715.5    546.7
75619.0  33.4274   -86.2670    704.7    713.9    545.0
75620.0  33.4284   -86.2670    703.6    712.7    550.6
75621.0  33.4294   -86.2670    703.1    712.2    544.1
75622.0  33.4304   -86.2670    702.3    712.3    548.4
75623.0  33.4314   -86.2670    702.9    711.6    546.9
75624.0  33.4324   -86.2669    703.5    711.5    548.8
75625.0  33.4334   -86.2669    702.5    710.9    554.8
75626.0  33.4344   -86.2669    702.5    711.5    553.0
75627.0  33.4354   -86.2669    703.5    711.7    553.3
75628.0  33.4364   -86.2669    703.5    710.1    552.7
75629.0  33.4374   -86.2669    703.5    712.5    555.3
75630.0  33.4384   -86.2669    703.5    712.2    547.7
75631.0  33.4394   -86.2669    703.8    713.7    558.9
75632.0  33.4404   -86.2669    704.7    713.5    564.9
75633.0  33.4414   -86.2668    705.7    714.9    564.9
75634.0  33.4424   -86.2668    705.9    714.8    566.6
75635.0  33.4433   -86.2668    707.1    716.0    562.2
75636.0  33.4443   -86.2668    707.5    715.9    566.2
75637.0  33.4453   -86.2668    708.4    715.5    565.3
75638.0  33.4463   -86.2668    708.6    718.1    566.5
75639.0  33.4473   -86.2668    708.9    718.0    566.3
75640.0  33.4483   -86.2668    708.4    717.3    566.8
75641.0  33.4493   -86.2667    708.1    716.9    565.8
75642.0  33.4503   -86.2667    707.1    716.3    562.7
75643.0  33.4512   -86.2667    707.1    716.3    559.2
75644.0  33.4522   -86.2667    706.4    716.3    562.1
75645.0  33.4532   -86.2667    705.9    713.6    554.1
75646.0  33.4542   -86.2666    705.9    713.6    550.6
75647.0  33.4552   -86.2666    705.9    713.8    547.2
75648.0  33.4562   -86.2666    705.9    713.4    548.3
75649.0  33.4572   -86.2666    705.9    715.0    539.8
75650.0  33.4581   -86.2666    705.9    715.5    542.6
75651.0  33.4591   -86.2666    706.5    716.5    546.0
75652.0  33.4601   -86.2665    707.1    716.1    537.5
75653.0  33.4611   -86.2665    707.1    715.5    545.6
75654.0  33.4621   -86.2665    707.1    715.4    545.0
75655.0  33.4631   -86.2665    707.1    714.6    542.2
75656.0  33.4641   -86.2665    707.1    714.4    544.7
