flight/WP3D/AircraftMet_NP3_20130625_RA.ict
43  1001
Ken Aikin
NOAA ESRL Chemical Sciences Division
various aircraft sensors
SENEX 2013
1  1
2013  06  25  2013  06  25
1
AOCTimewave
10
1  1  1  1  1  1  1  1  1  1
-9999  -9999  -9999  -9999  -9999  -9999  -9999  -9999  -9999  -9999
AmbTemp  C
DewPtTemp  C
DewPtTempTDL  C
H2Omr  g/kg
PotTemp  K
RelHumidity  pct
StaticPrs  mbar
VertWindSpd  m/s
WindDir  deg
WindSpd  m/s
1
SPECIAL COMMENTS:Haynesville flight. Default DewPtTemp was bad from 19:39:53-19:47:27. Also affected H2Omr  RelHumidity  PotTemp.
18
PI_CONTACT_INFO: Address: NOAA ESRL Chemical Sciences Division  Mail Stop R/CSD7  325 Broadway  Boulder  CO 80305
PLATFORM: NOAA WP-3D
LOCATION: The aircraft was stationed in  Smyrna  Tennessee. Aircraft location information in AircraftPosition file.
ASSOCIATED_DATA: N/A
INSTRUMENT_INFO: N/A
DATA_INFO: Units:AmbTemp celcius; DewPtTemp celcius; DewPtTempTDL celcius; H2Omr g/kg; PotTemp kelvin; RelHumidity percent; StaticPrs millibar; VertWindSpd m/s; WindDir degrees; WindSpd m/s
UNCERTAINTY: N/A
ULOD_FLAG: -7777
ULOD_VALUE: N/A
LLOD_FLAG: -8888
LLOD_VALUE: N/A
DM_CONTACT_INFO: Data Manager:Ken Aikin; email:Kenneth.C.Aikin@noaa.gov
PROJECT_INFO: SENEX 2013 Study; June 1 - July 15  2013
STIPULATIONS_ON_USE: Use of these data require prior ok from PI.
OTHER_COMMENTS:       None
REVISION: RA
RA: Preliminary Data.  For in-field use.
AOCTimewave  AmbTemp  DewPtTemp  DewPtTempTDL  H2Omr  PotTemp  RelHumidity  StaticPrs  VertWindSpd  WindDir  WindSpd
[from data line 16741]
71839.0  21.310  19.780  5.010  16.38  303.64  90.71  897.95  -0.47  194.01  6.54
71840.0  21.170  19.740  5.280  16.33  303.50  91.29  897.85  -0.91  180.35  6.77
71841.0  21.270  19.760  5.110  16.36  303.58  90.89  898.10  -1.04  177.11  6.80
71842.0  21.320  19.820  5.690  16.41  303.62  90.88  898.20  -0.14  180.46  5.73
71843.0  21.380  19.880  5.700  16.48  303.68  90.92  898.23  0.57  183.19  5.51
71844.0  21.240  19.840  5.590  16.43  303.54  91.46  898.20  1.20  175.97  6.49
71845.0  21.300  19.910  5.510  16.50  303.58  91.54  898.35  0.42  179.59  6.70
71846.0  21.300  19.960  5.630  16.56  303.58  91.84  898.43  0.78  183.68  7.02
71847.0  21.300  19.990  5.560  16.59  303.58  91.99  898.42  0.87  187.34  6.31
71848.0  21.260  20.080  5.620  16.68  303.54  92.76  898.37  0.28  184.55  5.93
71849.0  21.260  20.170  5.300  16.78  303.53  93.37  898.46  -0.40  183.37  6.64
71850.0  21.380  20.220  5.280  16.83  303.64  92.94  898.62  0.01  188.35  5.85
71851.0  21.590  20.260  4.490  16.87  303.85  91.96  898.68  0.49  198.96  5.10
71852.0  21.480  20.170  4.060  16.78  303.75  92.03  898.61  1.05  190.74  4.68
71853.0  21.390  20.030  5.360  16.63  303.66  91.76  898.54  0.68  195.40  5.30
71854.0  21.290  19.990  5.340  16.59  303.57  92.07  898.44  0.94  190.36  4.78
71855.0  21.220  20.060  5.830  16.66  303.49  92.90  898.45  0.77  186.24  4.42
71856.0  21.210  20.170  5.840  16.79  303.49  93.63  898.40  0.23  194.01  3.96
71857.0  21.330  20.190  5.660  16.80  303.59  93.08  898.55  -0.14  198.43  5.44
71858.0  21.400  20.070  5.410  16.67  303.65  91.93  898.75  0.16  199.28  5.87
71859.0  21.410  20.050  4.540  16.65  303.66  91.76  898.71  -0.10  195.89  5.71
71860.0  21.370  20.010  4.930  16.60  303.61  91.74  898.76  -0.02  198.34  4.84
71861.0  21.310  19.970  5.120  16.56  303.55  91.88  898.73  -0.72  193.61  5.94
71862.0  21.250  19.990  5.160  16.59  303.47  92.38  898.94  0.07  189.53  6.21
71863.0  21.290  19.990  5.160  16.58  303.53  92.06  898.85  -0.42  193.01  6.18
71864.0  21.300  19.960  4.910  16.55  303.53  91.87  898.96  -0.08  193.26  5.72
71865.0  21.270  19.960  5.220  16.55  303.49  92.07  898.92  0.01  195.15  4.37
71866.0  21.340  19.990  4.920  16.58  303.58  91.81  898.78  -0.23  195.38  5.51
71867.0  21.440  19.960  4.760  16.55  303.70  91.07  898.58  -0.40  202.60  5.45
71868.0  21.390  19.980  4.880  16.58  303.64  91.48  898.72  -0.15  199.92  7.12
71869.0  21.400  20.080  4.750  16.67  303.64  91.94  898.83  -0.31  198.03  7.17
71870.0  21.310  20.050  4.810  16.64  303.55  92.29  898.91  0.18  192.84  6.09
71871.0  21.320  19.990  4.990  16.58  303.56  91.93  898.82  -0.21  195.73  5.43
71872.0  21.360  19.920  4.510  16.51  303.60  91.26  898.88  -0.92  191.71  5.87
71873.0  21.310  19.860  4.590  16.44  303.54  91.21  898.94  -0.77  188.66  5.33
71874.0  21.340  19.850  4.770  16.43  303.57  91.00  898.84  -0.71  193.15  5.47
71875.0  21.300  19.800  4.850  16.39  303.55  90.92  898.79  0.55  188.43  7.26
71876.0  21.390  19.850  4.770  16.44  303.64  90.67  898.74  0.04  198.08  5.71
71877.0  21.310  19.850  4.690  16.43  303.56  91.14  898.72  -0.12  195.09  5.71
71878.0  21.400  19.770  4.770  16.36  303.66  90.20  898.69  -1.07  201.41  6.84
71879.0  21.450  19.750  4.450  16.34  303.71  89.78  898.72  -0.54  206.59  6.74
71880.0  21.410  19.710  4.190  16.28  303.65  89.75  898.89  -1.13  205.04  5.26
71881.0  21.440  19.680  4.130  16.26  303.68  89.44  898.79  -0.76  202.59  4.94
71882.0  21.500  19.580  4.020  16.16  303.76  88.53  898.72  -0.75  203.22  5.94
71883.0  21.730  19.580  3.450  16.16  303.99  87.26  898.80  -0.58  207.63  6.85
71884.0  21.830  19.530  2.770  16.11  304.10  86.43  898.71  -0.74  206.60  6.90
71885.0  21.780  19.410  2.920  15.98  304.04  86.07  898.71  -0.95  205.48  6.22
71886.0  21.770  19.330  3.130  15.91  304.03  85.66  898.78  0.37  203.83  6.53
71887.0  21.650  19.230  3.560  15.80  303.91  85.75  898.76  -0.25  203.22  6.72
71888.0  21.260  19.140  4.700  15.71  303.51  87.41  898.73  -1.01  193.57  5.41
71889.0  21.220  19.170  4.750  15.74  303.45  87.82  898.83  -1.20  195.98  4.50
71890.0  21.150  19.220  4.770  15.79  303.39  88.49  898.75  -1.34  191.81  4.43
71891.0  21.260  19.260  4.360  15.83  303.50  88.09  898.81  -1.05  197.63  4.56
71892.0  21.360  19.240  4.360  15.81  303.58  87.44  898.97  -0.39  200.37  4.91
71893.0  21.410  19.240  4.330  15.81  303.66  87.12  898.81  -0.05  209.29  6.77
71894.0  21.300  19.220  4.670  15.79  303.56  87.64  898.55  -0.62  208.40  7.47
71895.0  21.240  19.260  4.650  15.84  303.51  88.18  898.48  -1.11  212.02  7.13
71896.0  21.350  19.260  4.240  15.84  303.61  87.61  898.59  -1.08  206.78  7.39
71897.0  21.560  19.310  3.430  15.88  303.83  86.68  898.65  -1.38  207.85  7.44
71898.0  21.370  19.310  3.390  15.88  303.63  87.74  898.69  -0.47  192.00  6.98
71899.0  21.580  19.230  3.980  15.80  303.85  86.14  898.60  0.41  205.78  6.07
71900.0  21.630  19.250  3.670  15.82  303.91  85.97  898.58  -0.67  214.11  5.58
71901.0  21.640  19.370  3.420  15.94  303.89  86.61  898.83  -0.12  211.66  6.69
71902.0  21.660  19.450  3.510  16.02  303.92  86.90  898.73  -0.02  219.86  6.31
71903.0  21.650  19.440  3.540  16.01  303.91  86.91  898.79  -0.45  217.27  7.63
71904.0  21.570  19.410  3.620  15.98  303.82  87.22  898.79  -0.26  209.60  8.29
71905.0  21.600  19.380  3.790  15.95  303.85  86.89  898.77  -0.64  214.47  7.98
71906.0  21.630  19.290  3.430  15.86  303.89  86.21  898.63  -0.77  213.70  7.94
71907.0  21.620  19.170  3.310  15.74  303.88  85.58  898.73  -0.37  215.35  7.37
71908.0  21.650  19.160  3.270  15.73  303.91  85.36  898.69  -0.44  214.83  7.13
71909.0  21.810  19.090  2.760  15.66  304.07  84.15  898.76  -0.42  215.51  7.56
71910.0  21.540  19.040  3.470  15.61  303.79  85.34  898.78  -0.47  221.17  5.54
71911.0  21.280  18.900  4.620  15.46  303.52  85.93  898.80  -0.15  205.67  7.22
71912.0  21.440  18.850  4.040  15.42  303.69  84.86  898.74  -0.70  205.48  8.40
71913.0  21.530  18.860  3.830  15.43  303.77  84.42  898.83  -1.23  210.10  7.98
71914.0  21.570  18.960  3.680  15.52  303.81  84.72  898.87  -1.11  213.36  7.29
71915.0  21.560  19.080  3.510  15.64  303.80  85.44  898.84  -0.44  206.14  6.57
71916.0  21.540  19.090  3.650  15.66  303.79  85.60  898.83  0.31  202.13  6.67
71917.0  21.650  18.970  3.590  15.54  303.91  84.35  898.75  0.33  204.51  6.66
71918.0  21.700  18.860  3.440  15.43  303.95  83.50  898.86  -0.14  207.35  7.13
71919.0  21.840  18.890  3.070  15.46  304.10  82.92  898.75  -0.65  207.43  7.57
71920.0  21.910  18.930  2.620  15.50  304.18  82.80  898.66  -0.73  208.94  7.13
71921.0  21.950  18.920  2.510  15.49  304.23  82.48  898.62  -1.04  204.21  6.53
71922.0  21.940  18.840  2.810  15.41  304.21  82.11  898.73  -0.30  203.37  6.36
71923.0  21.910  18.760  3.230  15.34  304.17  81.92  898.72  -0.29  209.15  6.56
71924.0  21.870  18.690  3.210  15.26  304.13  81.72  898.77  0.23  214.60  6.45
71925.0  21.950  18.750  3.080  15.32  304.23  81.57  898.61  0.30  216.33  5.95
71926.0  21.580  18.820  3.490  15.40  303.86  83.92  898.46  0.28  216.99  5.26
71927.0  21.510  18.870  4.030  15.44  303.77  84.57  898.66  0.55  216.04  6.17
71928.0  21.330  18.840  3.990  15.42  303.60  85.37  898.47  0.19  213.58  5.68
71929.0  21.210  18.800  4.360  15.38  303.52  85.80  898.05  0.23  211.94  5.81
71930.0  21.140  18.800  4.460  15.39  303.46  86.17  897.91  0.24  212.88  5.85
71931.0  21.160  18.780  4.320  15.37  303.53  85.92  897.49  0.31  214.34  6.11
71932.0  21.160  18.750  4.180  15.36  303.57  85.83  897.01  0.29  213.47  6.43
71933.0  21.160  18.840  4.060  15.45  303.64  86.25  896.34  0.36  212.02  6.59
71934.0  21.180  18.930  4.000  15.56  303.73  86.68  895.51  0.04  212.57  6.55
71935.0  21.160  18.950  3.950  15.59  303.80  86.88  894.59  -0.31  214.49  6.83
71936.0  21.110  18.940  3.730  15.60  303.84  87.12  893.68  -0.15  215.30  6.74
71937.0  21.090  18.920  3.720  15.60  303.94  87.07  892.47  -0.33  216.09  6.78
71938.0  21.010  18.990  3.660  15.69  303.96  87.96  891.30  -0.52  219.50  6.64
71939.0  20.790  19.070  3.760  15.79  303.86  89.58  890.13  -0.74  219.17  6.30
71940.0  20.660  19.110  3.900  15.86  303.82  90.63  889.01  -0.72  217.11  6.30
71941.0  20.470  19.040  4.160  15.81  303.73  91.29  888.02  -0.62  216.64  6.34
71942.0  20.420  19.040  4.200  15.82  303.74  91.59  887.42  -0.44  217.18  6.43
71943.0  20.360  19.070  3.930  15.86  303.76  92.10  886.49  -0.29  217.25  6.88
71944.0  20.290  19.090  3.900  15.90  303.77  92.64  885.68  -0.29  217.55  7.06
71945.0  20.230  19.080  4.090  15.89  303.76  92.90  885.15  -0.33  222.27  7.15
71946.0  20.160  18.980  3.850  15.80  303.75  92.74  884.54  -0.30  222.22  7.41
71947.0  20.150  18.900  3.720  15.74  303.80  92.35  883.89  -0.35  220.51  7.24
71948.0  20.050  18.880  3.620  15.72  303.75  92.80  883.30  -0.77  213.26  6.74
71949.0  20.040  18.830  3.640  15.69  303.79  92.55  882.85  -0.87  214.35  6.77
71950.0  20.020  18.760  3.580  15.62  303.80  92.27  882.47  -0.54  217.21  6.79
71951.0  20.080  18.750  3.500  15.62  303.90  91.86  882.16  -0.66  218.77  7.11
71952.0  20.030  18.660  3.480  15.53  303.87  91.57  881.91  -0.89  216.89  7.02
71953.0  19.980  18.650  3.440  15.53  303.85  91.82  881.61  -0.88  216.36  7.11
71954.0  19.990  18.580  3.390  15.46  303.89  91.36  881.30  -0.70  216.68  7.06
71955.0  19.990  18.590  3.450  15.48  303.91  91.47  881.04  -0.64  216.32  7.25
71956.0  20.010  18.520  3.440  15.41  303.96  90.92  880.73  -0.65  218.21  7.43
71957.0  19.960  18.510  3.340  15.41  303.93  91.17  880.59  -0.81  217.21  7.26
71958.0  19.930  18.410  3.320  15.32  303.92  90.73  880.42  -0.92  216.84  7.17
71959.0  19.890  18.320  3.310  15.23  303.90  90.43  880.15  -0.67  216.62  7.10
71960.0  19.910  18.290  3.460  15.20  303.94  90.13  880.03  -0.54  215.48  7.08
71961.0  19.860  18.240  3.410  15.16  303.91  90.16  879.78  -0.77  216.55  7.07
71962.0  19.910  18.220  3.190  15.15  303.98  89.79  879.49  -0.91  220.29  7.16
71963.0  19.950  18.130  2.870  15.06  304.05  89.00  879.28  -0.91  220.40  7.17
71964.0  19.900  18.110  3.010  15.05  304.04  89.18  878.81  -0.79  218.39  7.22
71965.0  19.890  18.040  3.120  14.98  304.07  88.80  878.47  -0.76  219.78  7.52
71966.0  19.870  18.060  3.000  15.01  304.08  89.07  878.06  -0.95  221.19  7.59
71967.0  19.860  17.960  2.820  14.92  304.11  88.55  877.76  -0.76  222.63  7.61
71968.0  19.920  17.930  2.700  14.90  304.23  88.04  877.12  -0.71  223.57  7.63
71969.0  19.880  17.860  2.760  14.85  304.25  87.85  876.54  -0.58  221.92  7.33
71970.0  19.860  17.840  2.780  14.84  304.27  87.89  876.05  -0.53  222.76  7.58
71971.0  19.840  17.760  2.750  14.77  304.31  87.51  875.55  -0.38  222.48  7.53
71972.0  19.930  17.720  2.470  14.73  304.43  86.79  875.13  -0.31  225.13  7.65
71973.0  19.950  17.670  1.980  14.70  304.51  86.42  874.61  -0.33  222.52  7.35
71974.0  20.080  17.590  1.950  14.63  304.70  85.26  874.09  -0.61  222.42  7.72
71975.0  20.080  17.530  1.650  14.59  304.74  84.95  873.62  -0.70  221.83  8.01
71976.0  20.210  17.410  1.250  14.47  304.93  83.55  873.08  -0.53  223.95  8.29
71977.0  20.180  17.340  0.730  14.42  304.97  83.33  872.38  -0.70  226.38  8.19
71978.0  20.230  17.160  0.620  14.27  305.09  82.10  871.75  -0.48  223.90  7.75
71979.0  20.170  17.080  0.410  14.21  305.11  81.99  870.93  -0.80  225.96  7.61
71980.0  20.020  16.940  0.690  14.09  305.01  82.05  870.32  -0.59  222.35  7.46
71981.0  19.970  16.860  0.320  14.03  305.01  81.89  869.84  -0.49  216.69  7.42
71982.0  19.810  16.710  0.310  13.90  304.90  81.94  869.26  -0.49  216.99  7.78
71983.0  19.670  16.570  0.860  13.78  304.79  81.89  868.89  -0.34  217.98  7.69
71984.0  19.580  16.500  0.920  13.72  304.74  82.00  868.43  -0.15  218.82  8.12
71985.0  19.510  16.430  0.860  13.67  304.74  81.98  867.77  -0.59  216.94  7.96
71986.0  19.380  16.290  0.970  13.56  304.65  81.95  867.21  -0.83  215.42  7.45
71987.0  19.380  16.240  0.960  13.52  304.72  81.67  866.51  -0.94  218.58  7.91
71988.0  19.330  16.140  0.580  13.45  304.77  81.40  865.54  -1.09  218.38  7.98
71989.0  19.320  16.060  0.590  13.40  304.86  81.03  864.56  -1.04  217.73  8.02
71990.0  19.210  15.990  0.370  13.35  304.83  81.20  863.71  -0.92  217.39  7.60
71991.0  19.240  15.920  0.060  13.30  304.96  80.64  862.74  -1.01  215.89  7.25
71992.0  19.290  15.840  -0.300  13.24  305.10  79.99  861.83  -0.72  217.84  6.95
71993.0  19.290  15.760  -0.990  13.19  305.19  79.60  860.98  -0.69  219.29  7.00
71994.0  19.290  15.700  -0.980  13.15  305.29  79.28  859.95  -0.58  221.92  7.04
71995.0  19.230  15.630  -1.070  13.11  305.32  79.25  859.04  -0.48  221.45  6.92
71996.0  19.230  15.560  -1.010  13.06  305.39  78.86  858.33  -0.34  221.97  6.78
71997.0  19.160  15.480  -1.130  13.01  305.42  78.83  857.36  -0.28  221.43  6.97
71998.0  19.120  15.390  -1.290  12.95  305.47  78.55  856.44  -0.29  221.18  7.01
71999.0  19.070  15.340  -1.320  12.91  305.49  78.52  855.71  -0.32  219.60  6.77
72000.0  18.950  15.210  -1.160  12.82  305.45  78.47  854.92  -0.23  217.69  7.03
72001.0  18.880  15.110  -0.930  12.75  305.46  78.31  854.12  -0.21  217.31  7.24
72002.0  18.830  15.020  -1.280  12.69  305.48  78.09  853.40  -0.16  218.05  7.19
72003.0  18.780  14.920  -1.750  12.61  305.53  77.84  852.39  -0.10  217.55  7.34
72004.0  18.710  14.790  -2.020  12.53  305.57  77.53  851.33  -0.23  217.17  7.31
72005.0  18.650  14.670  -2.020  12.44  305.59  77.20  850.54  -0.28  216.20  7.17
72006.0  18.590  14.550  -1.960  12.35  305.63  76.86  849.55  -0.20  214.81  7.01
72007.0  18.530  14.410  -2.370  12.25  305.66  76.44  848.64  -0.05  215.09  6.95
72008.0  18.490  14.330  -2.550  12.20  305.71  76.23  847.77  0.09  215.29  6.92
72009.0  18.380  14.210  -2.330  12.11  305.69  76.17  846.82  0.14  215.94  6.75
72010.0  18.270  14.170  -2.370  12.10  305.67  76.55  845.81  0.27  217.79  6.85
72011.0  18.260  14.080  -2.760  12.04  305.77  76.14  844.68  0.21  217.94  6.84
72012.0  18.230  14.000  -3.080  12.00  305.85  75.88  843.72  0.12  220.18  6.87
72013.0  18.170  13.880  -3.420  11.92  305.88  75.57  842.80  0.07  221.12  6.91
72014.0  18.130  13.830  -3.380  11.88  305.92  75.51  841.93  -0.12  222.12  7.06
72015.0  18.080  13.700  -3.190  11.80  305.96  75.10  841.19  -0.03  220.49  6.87
72016.0  18.000  13.650  -2.740  11.77  305.97  75.27  840.14  -0.06  220.11  7.01
72017.0  17.930  13.530  -2.340  11.69  305.99  75.01  839.26  -0.07  220.89  7.15
72018.0  17.850  13.500  -2.570  11.68  306.02  75.20  838.24  0.12  221.75  7.14
72019.0  17.810  13.410  -2.680  11.63  306.08  74.97  837.15  0.21  221.78  7.24
72020.0  17.770  13.400  -2.900  11.63  306.14  75.12  836.19  0.26  222.74  7.45
72021.0  17.680  13.330  -3.500  11.59  306.14  75.17  835.34  0.12  222.42  7.54
72022.0  17.610  13.280  -3.730  11.57  306.16  75.30  834.41  0.09  222.38  7.53
72023.0  17.520  13.210  -3.890  11.52  306.17  75.34  833.51  -0.01  222.03  7.51
72024.0  17.440  13.140  -4.170  11.48  306.15  75.41  832.77  0.00  221.54  7.42
72025.0  17.350  13.060  -4.440  11.43  306.15  75.43  831.93  0.21  221.48  7.42
72026.0  17.260  12.970  -4.520  11.37  306.14  75.41  831.12  0.30  221.42  7.62
72027.0  17.170  12.880  -4.560  11.32  306.14  75.41  830.24  0.29  221.64  7.83
72028.0  17.090  12.800  -4.680  11.27  306.15  75.41  829.34  0.28  222.66  7.85
72029.0  17.010  12.770  -4.670  11.26  306.15  75.65  828.57  0.25  222.18  7.99
72030.0  16.970  12.680  -4.630  11.20  306.18  75.39  827.83  0.32  220.59  8.19
72031.0  16.920  12.650  -4.620  11.19  306.21  75.49  827.13  0.40  220.86  8.33
72032.0  16.890  12.580  -4.500  11.15  306.24  75.31  826.41  0.25  219.97  8.25
