flight/WP3D/AircraftPos_NP3_20130708_RA.ict
38  1001
Ken Aikin
NOAA ESRL Chemical Sciences Division
various aircraft sensors
SENEX 2013
1  1
2013  07  08  2013  07  08
1
AOCTimewave
5
1  1  1  1  1 
-9999  -9999  -9999  -9999  -9999
GpsLat  deg
GpsLon  deg
GpsAlt  m
PAlt  m
RAlt  m
1
SPECIAL COMMENTS:Fayetteville AR  then PP and BB.
18
PI_CONTACT_INFO: Address: NOAA ESRL Chemical Sciences Division  Mail Stop R/CSD7  325 Broadway  Boulder  CO 80305
PLATFORM: NOAA WP-3D
LOCATION: The aircraft was stationed in Smyrna  Tennessee. Aircraft location information in AircraftPosition file.
ASSOCIATED_DATA: N/A
INSTRUMENT_INFO: N/A
DATA_INFO: Units:GpsLat:decimal degrees; GpsLon: decimal degrees; GpsAlt: meters; PAlt:meters; RAlt: meters.
UNCERTAINTY: N/A
ULOD_FLAG: -7777
ULOD_VALUE: N/A
LLOD_FLAG: -8888
LLOD_VALUE: N/A
DM_CONTACT_INFO: Data Manager:Ken Aikin; email:Kenneth.C.Aikin@noaa.gov
PROJECT_INFO: SENEX 2013 Study; June 1 - July 15  2013
STIPULATIONS_ON_USE: Use of these data require prior ok from PI.
OTHER_COMMENTS:       None
REVISION: RA
RA: Preliminary Data.  For in-field use.
AOCTimewave  GpsLat  GpsLon  GpsAlt  PAlt  RAlt
[from data line 5237]
59910.0  35.7071   -94.0268   1140.0   1012.0    807.6
59911.0  35.7071   -94.0281   1140.0   1013.3    808.4
59912.0  35.7071   -94.0293   1140.0   1012.3    806.8
59913.0  35.7071   -94.0306   1140.0   1013.9    817.2
59914.0  35.7071   -94.0319   1140.0   1013.8    805.1
59915.0  35.7070   -94.0332   1140.4   1013.4    777.9
59916.0  35.7070   -94.0345   1141.2   1014.3    753.4
59917.0  35.7070   -94.0357   1141.2   1012.8    718.7
59918.0  35.7069   -94.0370   1141.2   1013.2    698.2
59919.0  35.7069   -94.0383   1141.2   1012.7    682.7
59920.0  35.7069   -94.0396   1141.1   1012.1    671.5
59921.0  35.7068   -94.0408   1140.0   1012.4    675.4
59922.0  35.7068   -94.0421   1140.4   1012.9    686.0
59923.0  35.7067   -94.0434   1141.2   1011.7    701.2
59924.0  35.7067   -94.0446   1142.9   1014.2    725.8
59925.0  35.7066   -94.0459   1144.3   1016.5    744.4
59926.0  35.7066   -94.0472   1145.6   1017.7    751.1
59927.0  35.7065   -94.0484   1146.0   1018.1    730.9
59928.0  35.7065   -94.0497   1145.8   1017.3    709.6
59929.0  35.7064   -94.0510   1144.8   1018.1    697.9
59930.0  35.7064   -94.0523   1144.8   1018.3    701.1
59931.0  35.7063   -94.0535   1144.3   1017.8    701.8
59932.0  35.7062   -94.0548   1143.6   1017.1    724.0
59933.0  35.7062   -94.0561   1143.6   1015.7    752.4
59934.0  35.7061   -94.0573   1143.6   1015.4    784.2
59935.0  35.7060   -94.0586   1143.8   1015.9    796.7
59936.0  35.7059   -94.0599   1144.6   1016.9    798.1
59937.0  35.7059   -94.0611   1143.6   1015.0    796.0
59938.0  35.7058   -94.0624   1143.6   1013.9    795.2
59939.0  35.7057   -94.0637   1143.6   1016.5    783.6
59940.0  35.7056   -94.0650   1143.6   1015.9    797.0
59941.0  35.7055   -94.0662   1143.3   1015.0    811.8
59942.0  35.7053   -94.0675   1142.4   1013.0    820.5
59943.0  35.7052   -94.0687   1142.5   1010.7    825.1
59944.0  35.7050   -94.0700   1143.6   1014.3    819.9
59945.0  35.7047   -94.0712   1144.8   1016.3    805.7
59946.0  35.7044   -94.0724   1144.8   1014.6    791.7
59947.0  35.7041   -94.0736   1146.0   1016.2    765.1
59948.0  35.7038   -94.0748   1146.0   1018.8    707.6
59949.0  35.7034   -94.0760   1146.0   1017.7    677.6
59950.0  35.7030   -94.0772   1146.0   1017.3    677.6
59951.0  35.7026   -94.0783   1146.0   1018.0    684.7
59952.0  35.7022   -94.0795   1145.1   1017.1    688.6
59953.0  35.7017   -94.0806   1144.8   1016.1    702.4
59954.0  35.7013   -94.0817   1144.2   1016.4    723.1
59955.0  35.7008   -94.0829   1143.5   1016.2    744.6
59956.0  35.7003   -94.0840   1142.4   1014.2    752.5
59957.0  35.6998   -94.0851   1141.4   1014.0    737.4
59958.0  35.6994   -94.0862   1140.5   1014.2    711.3
59959.0  35.6989   -94.0873   1140.0   1013.5    702.4
59960.0  35.6984   -94.0884   1139.2   1011.4    698.5
59961.0  35.6978   -94.0895   1138.7   1011.3    701.5
59962.0  35.6973   -94.0906   1137.8   1009.2    716.7
59963.0  35.6968   -94.0917   1138.0   1008.6    752.7
59964.0  35.6963   -94.0928   1138.7   1010.4    782.8
59965.0  35.6958   -94.0938   1138.7   1010.8    811.3
59966.0  35.6953   -94.0949   1139.8   1011.5    826.7
59967.0  35.6947   -94.0960   1141.3   1013.6    819.8
59968.0  35.6942   -94.0971   1142.4   1014.9    802.8
59969.0  35.6937   -94.0981   1142.4   1016.0    783.1
59970.0  35.6931   -94.0992   1143.3   1018.4    770.4
59971.0  35.6926   -94.1003   1143.6   1018.0    771.8
59972.0  35.6921   -94.1014   1142.4   1016.2    776.7
59973.0  35.6916   -94.1025   1142.4   1015.3    780.8
59974.0  35.6911   -94.1036   1142.4   1015.2    788.1
59975.0  35.6906   -94.1047   1142.4   1015.5    807.8
59976.0  35.6901   -94.1058   1142.4   1013.9    823.6
59977.0  35.6897   -94.1069   1142.4   1015.4    843.8
59978.0  35.6893   -94.1081   1143.6   1016.3    838.8
59979.0  35.6889   -94.1092   1143.6   1016.4    817.7
59980.0  35.6885   -94.1104   1144.8   1016.7    798.0
59981.0  35.6882   -94.1116   1145.0   1018.9    800.4
59982.0  35.6879   -94.1128   1146.0   1019.0    802.4
59983.0  35.6876   -94.1140   1146.0   1019.4    820.3
59984.0  35.6873   -94.1152   1146.0   1018.2    842.2
59985.0  35.6871   -94.1165   1146.0   1018.0    866.4
59986.0  35.6869   -94.1177   1146.0   1018.5    872.5
59987.0  35.6868   -94.1190   1146.0   1018.7    870.7
59988.0  35.6866   -94.1202   1146.0   1018.6    869.4
59989.0  35.6866   -94.1215   1146.0   1019.0    875.8
59990.0  35.6865   -94.1227   1145.4   1018.0    868.6
59991.0  35.6864   -94.1240   1144.8   1016.5    874.4
59992.0  35.6864   -94.1253   1144.8   1014.9    877.9
59993.0  35.6864   -94.1266   1143.8   1016.1    864.7
59994.0  35.6865   -94.1278   1143.4   1015.8    824.3
59995.0  35.6865   -94.1291   1142.4   1016.1    797.8
59996.0  35.6866   -94.1304   1141.4   1014.9    775.8
59997.0  35.6866   -94.1317   1140.8   1013.4    746.4
59998.0  35.6867   -94.1329   1140.0   1012.0    722.9
59999.0  35.6868   -94.1342   1139.7   1011.7    711.4
60000.0  35.6869   -94.1355   1138.7   1010.9    722.3
60001.0  35.6870   -94.1367   1138.7   1010.9    745.6
60002.0  35.6871   -94.1380   1138.7   1011.9    766.4
60003.0  35.6872   -94.1393   1139.2   1012.5    798.4
60004.0  35.6873   -94.1406   1140.0   1012.0    824.2
60005.0  35.6874   -94.1418   1140.0   1012.8    832.5
60006.0  35.6875   -94.1431   1140.0   1012.5    821.6
60007.0  35.6876   -94.1444   1140.0   1013.7    791.7
60008.0  35.6877   -94.1457   1140.0   1012.8    758.7
60009.0  35.6878   -94.1469   1140.0   1013.6    736.3
60010.0  35.6879   -94.1482   1140.7   1014.4    711.2
60011.0  35.6881   -94.1495   1141.2   1015.0    691.5
60012.0  35.6882   -94.1508   1140.0   1014.3    671.4
60013.0  35.6883   -94.1520   1140.0   1013.0    672.8
60014.0  35.6885   -94.1533   1140.0   1012.9    675.9
60015.0  35.6886   -94.1546   1141.1   1012.7    693.3
60016.0  35.6887   -94.1559   1141.2   1015.0    723.2
60017.0  35.6889   -94.1571   1141.2   1012.1    750.8
60018.0  35.6890   -94.1584   1141.6   1014.7    773.2
60019.0  35.6891   -94.1597   1142.4   1014.2    794.6
60020.0  35.6893   -94.1609   1142.4   1013.7    794.7
60021.0  35.6894   -94.1622   1142.4   1014.5    793.8
60022.0  35.6895   -94.1635   1142.4   1016.6    805.7
60023.0  35.6896   -94.1647   1142.4   1015.9    805.1
60024.0  35.6898   -94.1660   1143.0   1016.6    826.4
60025.0  35.6899   -94.1673   1143.6   1017.8    830.0
60026.0  35.6900   -94.1686   1143.6   1017.4    830.2
60027.0  35.6902   -94.1698   1143.1   1016.4    804.0
60028.0  35.6903   -94.1711   1142.4   1016.1    792.8
60029.0  35.6904   -94.1724   1142.4   1014.7    774.4
60030.0  35.6906   -94.1737   1142.4   1014.6    754.0
60031.0  35.6907   -94.1749   1142.4   1014.6    753.2
60032.0  35.6908   -94.1762   1142.0   1014.8    753.4
60033.0  35.6910   -94.1775   1141.2   1014.9    758.1
60034.0  35.6911   -94.1788   1141.2   1013.6    772.5
60035.0  35.6912   -94.1800   1141.2   1014.3    784.7
60036.0  35.6914   -94.1813   1141.2   1012.8    804.7
60037.0  35.6915   -94.1826   1141.6   1012.6    813.5
60038.0  35.6916   -94.1839   1142.4   1015.3    833.4
60039.0  35.6917   -94.1851   1142.4   1015.8    849.2
60040.0  35.6918   -94.1864   1142.4   1016.9    862.4
60041.0  35.6919   -94.1877   1141.6   1015.6    870.3
60042.0  35.6920   -94.1890   1141.2   1014.7    875.8
60043.0  35.6921   -94.1902   1140.7   1013.6    875.4
60044.0  35.6922   -94.1915   1140.0   1015.3    877.3
60045.0  35.6923   -94.1928   1140.5   1014.5    870.0
60046.0  35.6924   -94.1941   1141.2   1016.5    859.5
60047.0  35.6924   -94.1954   1141.2   1014.6    831.5
60048.0  35.6925   -94.1966   1141.2   1013.8    802.4
60049.0  35.6925   -94.1979   1141.3   1014.0    781.8
60050.0  35.6925   -94.1992   1142.4   1014.4    752.6
60051.0  35.6925   -94.2004   1142.4   1015.2    733.1
60052.0  35.6925   -94.2017   1142.4   1015.7    716.6
60053.0  35.6925   -94.2030   1142.4   1014.9    698.8
60054.0  35.6925   -94.2043   1141.3   1014.9    692.0
60055.0  35.6925   -94.2056   1140.6   1012.7    697.5
60056.0  35.6925   -94.2068   1140.0   1013.0    704.9
60057.0  35.6924   -94.2081   1140.0   1011.9    723.8
60058.0  35.6924   -94.2094   1140.0   1012.2    747.7
60059.0  35.6923   -94.2107   1140.0   1011.4    754.0
60060.0  35.6923   -94.2119   1140.0   1010.8    766.2
60061.0  35.6922   -94.2132   1140.0   1011.7    757.1
60062.0  35.6922   -94.2145   1140.0   1012.2    740.8
60063.0  35.6921   -94.2158   1141.1   1013.2    730.8
60064.0  35.6921   -94.2170   1142.3   1016.3    719.7
60065.0  35.6920   -94.2183   1143.6   1018.5    707.0
60066.0  35.6920   -94.2196   1143.6   1018.5    703.7
60067.0  35.6919   -94.2208   1144.7   1019.1    705.3
60068.0  35.6919   -94.2221   1144.8   1019.7    718.2
60069.0  35.6919   -94.2234   1144.8   1019.6    741.8
60070.0  35.6919   -94.2247   1144.8   1019.1    764.7
60071.0  35.6919   -94.2260   1143.8   1018.6    785.5
60072.0  35.6919   -94.2272   1143.0   1018.0    778.5
60073.0  35.6919   -94.2285   1142.4   1016.3    756.8
60074.0  35.6919   -94.2298   1141.3   1016.7    725.2
60075.0  35.6920   -94.2311   1141.2   1015.4    694.6
60076.0  35.6920   -94.2323   1141.2   1012.2    693.5
60077.0  35.6921   -94.2336   1141.3   1015.5    700.2
60078.0  35.6922   -94.2349   1142.4   1015.1    725.0
60079.0  35.6922   -94.2362   1142.4   1015.7    741.6
60080.0  35.6923   -94.2375   1141.6   1015.6    776.8
60081.0  35.6924   -94.2387   1140.1   1016.0    786.1
60082.0  35.6925   -94.2400   1138.1   1013.0    776.2
60083.0  35.6926   -94.2413   1136.0   1011.0    736.4
60084.0  35.6926   -94.2426   1133.6   1007.9    714.2
60085.0  35.6927   -94.2439   1129.8   1004.7    704.0
60086.0  35.6928   -94.2452   1124.6    999.7    710.2
60087.0  35.6929   -94.2464   1117.6    994.5    722.4
60088.0  35.6929   -94.2477   1109.6    986.4    731.1
60089.0  35.6930   -94.2490   1102.4    979.2    705.5
60090.0  35.6931   -94.2503   1096.1    974.8    668.6
60091.0  35.6932   -94.2516   1091.0    970.1    630.5
60092.0  35.6932   -94.2529   1086.2    965.1    605.9
60093.0  35.6933   -94.2542   1080.2    960.4    585.4
60094.0  35.6934   -94.2555   1074.0    953.8    573.1
60095.0  35.6935   -94.2568   1068.0    948.4    567.7
60096.0  35.6936   -94.2581   1062.3    941.3    571.8
60097.0  35.6936   -94.2594   1056.2    934.4    551.1
60098.0  35.6937   -94.2607   1050.2    929.3    523.3
60099.0  35.6938   -94.2619   1045.1    922.9    497.9
60100.0  35.6939   -94.2632   1040.8    917.3    495.6
60101.0  35.6940   -94.2645   1037.1    914.6    513.0
60102.0  35.6941   -94.2658   1033.7    913.5    531.8
60103.0  35.6942   -94.2671   1029.7    909.7    540.3
60104.0  35.6942   -94.2684   1025.2    905.2    544.6
60105.0  35.6943   -94.2697   1019.3    898.9    555.7
60106.0  35.6944   -94.2710   1013.2    893.0    571.4
60107.0  35.6945   -94.2723   1007.5    885.5    585.6
60108.0  35.6946   -94.2736   1002.7    883.2    584.4
60109.0  35.6947   -94.2749    998.4    880.1    583.8
60110.0  35.6948   -94.2762    994.3    877.6    592.4
60111.0  35.6949   -94.2775    989.6    871.4    589.8
60112.0  35.6950   -94.2788    984.8    865.2    574.1
60113.0  35.6950   -94.2800    979.8    858.0    567.7
60114.0  35.6951   -94.2813    976.2    855.1    566.1
60115.0  35.6952   -94.2826    973.7    852.9    568.9
60116.0  35.6953   -94.2839    971.7    852.5    569.7
60117.0  35.6954   -94.2852    970.1    849.6    570.3
60118.0  35.6954   -94.2864    968.8    850.3    568.4
60119.0  35.6955   -94.2877    967.2    848.7    572.7
60120.0  35.6956   -94.2890    965.6    847.1    592.9
60121.0  35.6956   -94.2902    964.8    846.0    607.7
60122.0  35.6957   -94.2915    964.4    843.8    581.0
60123.0  35.6958   -94.2928    963.9    844.9    553.3
60124.0  35.6958   -94.2940    963.2    844.6    533.3
60125.0  35.6959   -94.2952    963.2    843.3    531.6
60126.0  35.6959   -94.2965    963.4    843.9    526.7
60127.0  35.6960   -94.2977    964.4    845.8    520.6
60128.0  35.6961   -94.2990    964.4    846.2    520.0
60129.0  35.6961   -94.3002    964.4    846.1    526.2
60130.0  35.6962   -94.3015    965.6    845.3    533.1
60131.0  35.6963   -94.3027    965.6    848.1    529.6
60132.0  35.6964   -94.3039    965.1    847.2    528.4
60133.0  35.6964   -94.3052    964.5    846.1    535.6
60134.0  35.6965   -94.3064    965.6    846.4    541.7
60135.0  35.6966   -94.3076    965.6    846.6    555.7
60136.0  35.6967   -94.3089    965.6    845.7    582.3
60137.0  35.6967   -94.3101    966.2    847.7    618.9
60138.0  35.6968   -94.3114    966.2    848.1    632.6
60139.0  35.6969   -94.3126    966.5    846.4    653.3
60140.0  35.6970   -94.3138    966.8    846.9    674.6
60141.0  35.6970   -94.3151    967.2    846.0    698.0
60142.0  35.6971   -94.3163    969.2    848.1    706.9
60143.0  35.6972   -94.3176    971.9    852.1    718.6
60144.0  35.6973   -94.3188    973.5    854.2    732.0
60145.0  35.6973   -94.3200    974.1    853.5    732.7
60146.0  35.6974   -94.3213    974.1    855.5    726.1
60147.0  35.6975   -94.3225    974.1    855.8    727.7
60148.0  35.6976   -94.3238    974.1    855.1    716.3
60149.0  35.6976   -94.3250    973.5    854.7    689.3
60150.0  35.6977   -94.3263    972.9    854.3    681.1
60151.0  35.6977   -94.3275    971.7    854.2    685.7
60152.0  35.6977   -94.3288    971.6    852.2    700.3
60153.0  35.6978   -94.3300    970.5    850.5    708.0
60154.0  35.6978   -94.3313    970.5    849.2    717.8
60155.0  35.6979   -94.3325    971.0    852.5    719.6
60156.0  35.6979   -94.3338    971.7    854.8    719.7
60157.0  35.6980   -94.3350    971.7    854.7    727.6
60158.0  35.6980   -94.3363    971.7    852.3    732.5
60159.0  35.6981   -94.3375    971.7    853.1    737.5
60160.0  35.6981   -94.3388    971.7    854.0    746.4
60161.0  35.6982   -94.3400    972.7    855.2    748.5
60162.0  35.6982   -94.3413    973.2    854.1    749.3
60163.0  35.6983   -94.3426    974.5    854.8    751.5
60164.0  35.6984   -94.3438    975.4    856.2    757.8
60165.0  35.6984   -94.3451    975.4    855.3    754.2
60166.0  35.6985   -94.3464    974.7    856.1    757.2
60167.0  35.6985   -94.3476    973.7    856.2    757.0
60168.0  35.6986   -94.3489    972.5    855.7    758.5
60169.0  35.6987   -94.3502    971.7    852.9    754.8
60170.0  35.6987   -94.3515    971.7    855.0    734.0
60171.0  35.6988   -94.3527    972.4    855.5    718.1
60172.0  35.6988   -94.3540    972.0    853.8    701.8
60173.0  35.6989   -94.3553    970.7    851.8    687.0
60174.0  35.6990   -94.3566    970.5    852.2    668.7
60175.0  35.6990   -94.3578    969.8    852.0    658.4
60176.0  35.6991   -94.3591    969.3    851.1    647.6
60177.0  35.6991   -94.3604    969.3    851.3    649.7
60178.0  35.6992   -94.3617    969.3    851.5    645.6
60179.0  35.6993   -94.3630    969.3    851.1    643.6
60180.0  35.6993   -94.3642    969.3    851.7    656.4
60181.0  35.6994   -94.3655    969.3    851.2    666.8
60182.0  35.6994   -94.3668    970.2    852.3    689.0
60183.0  35.6995   -94.3681    970.5    852.3    715.5
60184.0  35.6996   -94.3694    970.5    852.7    743.0
60185.0  35.6996   -94.3706    971.2    853.4    745.8
60186.0  35.6997   -94.3719    971.7    854.9    724.3
60187.0  35.6997   -94.3732    971.5    853.8    683.2
60188.0  35.6998   -94.3745    971.7    854.9    659.6
60189.0  35.6998   -94.3758    972.1    854.7    641.1
60190.0  35.6999   -94.3771    971.7    854.3    623.8
60191.0  35.7000   -94.3784    971.7    855.2    606.6
60192.0  35.7000   -94.3797    971.7    854.9    594.2
60193.0  35.7001   -94.3809    970.6    854.7    577.7
60194.0  35.7001   -94.3822    970.2    851.5    569.8
60195.0  35.7002   -94.3835    969.3    850.3    574.9
60196.0  35.7002   -94.3848    968.1    850.5    579.8
60197.0  35.7003   -94.3861    968.0    849.3    558.5
60198.0  35.7004   -94.3874    967.3    849.0    555.8
60199.0  35.7004   -94.3887    966.8    847.1    556.3
