flight/WP3D/AircraftMis_NP3_20130531_RA.ict
41  1001
Ken Aikin
NOAA ESRL Chemical Sciences Division
various aircraft sensors
SENEX 2013
1  1
2013  05  31  2013  05  31
1
AOCTimewave
8
1  1  1  1  1  1  1  1
-9999  -9999  -9999  -9999  -9999  -9999  -9999  -9999
Attack  deg
CabinPrs  mbar
GndSpd  m/s
Heading  deg
Pitch  deg
Roll  deg
Slip  deg
TrueAirSpd  m/s
1
SPECIAL COMMENTS:2nd test flight from Tampa.
18
PI_CONTACT_INFO: Address: NOAA ESRL Chemical Sciences Division  Mail Stop R/CSD7  325 Broadway  Boulder  CO 80305
PLATFORM: NOAA WP-3D
LOCATION: The aircraft was stationed in  Smyrna  Tennessee. Aircraft location information in AircraftPosition file.
ASSOCIATED_DATA: N/A
INSTRUMENT_INFO: N/A
DATA_INFO: Units: Attack degrees; CabinPrs millibar; GndSpd m/s; Heading degrees; Pitch degrees; Roll degrees; Slip degrees; TrueAirSpd m/s
UNCERTAINTY: N/A
ULOD_FLAG: -7777
ULOD_VALUE: N/A
LLOD_FLAG: -8888
LLOD_VALUE: N/A
DM_CONTACT_INFO: Data Manager:Ken Aikin; email:Kenneth.C.Aikin@noaa.gov
PROJECT_INFO: SENEX 2013 Study; June 1 - July 15  2013
STIPULATIONS_ON_USE: Use of these data require prior ok from PI.
OTHER_COMMENTS:       None
REVISION: RA
RA: Preliminary Data.  For in-field use.
AOCTimewave  Attack  CabinPrs  GndSpd  Heading  Pitch  Roll  Slip  TrueAirSpd
[from data line 6134]
57206.0  1.6  969.4  116.4  172.1  4.82  -9.74  -1.18  118.7
57207.0  1.3  969.3  116.5  171.3  3.95  -7.92  -0.98  118.8
57208.0  1.8  969.7  116.6  171.0  4.24  -6.62  -1.17  118.9
57209.0  1.9  969.1  116.7  170.9  4.33  -6.33  -1.51  119.0
57210.0  1.9  969.6  116.8  170.6  4.43  -6.43  -1.65  119.2
57211.0  2.0  969.4  116.8  170.1  4.60  -6.59  -1.58  119.4
57212.0  2.0  969.3  116.8  169.5  4.79  -6.51  -1.38  119.4
57213.0  2.0  969.6  116.8  169.1  4.92  -5.07  -1.28  119.4
57214.0  1.8  969.6  116.8  168.8  4.75  -3.61  -1.20  119.4
57215.0  1.6  969.6  116.9  168.7  4.40  -3.17  -1.26  119.4
57216.0  1.8  969.6  117.0  168.7  4.44  -2.96  -1.36  119.5
57217.0  1.9  970.1  117.1  168.6  4.58  -2.74  -1.43  119.5
57218.0  1.9  969.7  117.1  168.4  4.69  -2.52  -1.38  119.4
57219.0  1.9  969.8  117.1  168.3  4.80  -2.41  -1.32  119.5
57220.0  1.9  969.9  117.1  168.2  4.95  -2.34  -1.36  119.5
57221.0  1.9  969.6  117.1  168.2  5.10  -2.20  -1.41  119.5
57222.0  1.9  970.1  117.1  168.1  5.21  -2.03  -1.38  119.5
57223.0  1.9  969.6  117.0  167.9  5.34  -1.91  -1.33  119.4
57224.0  1.9  969.8  117.0  167.9  5.46  -1.79  -1.36  119.4
57225.0  2.0  969.6  116.9  167.8  5.59  -1.67  -1.38  119.2
57226.0  2.0  969.9  116.8  167.7  5.70  -1.52  -1.36  119.1
57227.0  2.0  969.5  116.6  167.7  5.81  -1.39  -1.31  118.9
57228.0  2.0  969.7  116.5  167.6  5.92  -1.28  -1.32  118.6
57229.0  2.0  969.3  116.3  167.6  6.02  -1.21  -1.29  118.4
57230.0  2.0  969.7  116.2  167.6  6.03  -1.20  -1.31  118.1
57231.0  1.6  969.5  116.1  167.7  5.43  -1.64  -1.33  117.8
57232.0  1.6  970.4  116.1  167.7  5.08  -2.41  -1.49  117.7
57233.0  2.2  969.9  116.1  167.7  5.67  -3.15  -1.55  117.7
57234.0  2.3  969.8  116.0  167.5  6.10  -3.96  -1.56  117.6
57235.0  1.8  970.0  115.9  167.2  5.66  -4.56  -1.55  117.5
57236.0  1.9  969.5  115.8  166.8  5.58  -4.74  -1.45  117.3
57237.0  2.2  970.0  115.7  166.3  5.95  -4.88  -1.38  117.2
57238.0  2.1  970.1  115.6  166.0  6.05  -4.60  -1.38  117.0
57239.0  2.1  969.7  115.5  165.8  6.00  -3.55  -1.35  116.9
57240.0  2.1  969.6  115.4  165.5  5.98  -2.56  -1.26  116.7
57241.0  2.2  970.1  115.2  165.4  6.22  -2.53  -1.25  116.4
57242.0  2.4  969.9  115.1  165.4  6.59  -2.51  -1.43  116.1
57243.0  2.6  969.7  114.8  165.3  7.04  -1.85  -1.47  115.7
57244.0  2.5  969.6  114.5  165.1  7.23  -1.39  -1.36  115.3
57245.0  2.2  969.8  114.2  165.0  7.05  -0.97  -1.24  114.9
57246.0  2.0  970.3  114.0  164.9  6.57  -0.32  -1.15  114.6
57247.0  1.7  969.9  114.0  165.0  5.77  0.29  -1.10  114.5
57248.0  1.8  970.6  114.1  165.2  5.30  0.80  -1.19  114.5
57249.0  2.1  970.2  114.2  165.4  5.33  0.85  -1.30  114.5
57250.0  2.2  970.3  114.3  165.5  5.27  0.66  -1.39  114.5
57251.0  2.1  970.4  114.4  165.6  5.04  0.47  -1.38  114.6
57252.0  2.1  970.0  114.5  165.6  4.88  0.52  -1.30  114.8
57253.0  2.3  970.5  114.7  165.6  4.94  0.67  -1.26  114.9
57254.0  2.2  970.3  114.8  165.7  4.72  0.81  -1.26  115.0
57255.0  2.1  970.4  115.0  165.8  4.52  1.00  -1.24  115.3
57256.0  2.2  970.3  115.2  166.0  4.57  0.76  -1.33  115.6
57257.0  2.1  970.3  115.4  166.2  4.32  -0.27  -1.46  115.8
57258.0  2.2  970.5  115.6  166.3  4.40  -1.51  -1.57  116.1
57259.0  2.3  970.5  115.8  166.2  4.65  -2.77  -1.63  116.3
57260.0  2.3  970.3  115.9  166.0  4.69  -4.02  -1.65  116.5
57261.0  2.3  970.6  116.1  165.7  4.82  -5.12  -1.66  116.6
57262.0  2.2  970.6  116.2  165.3  4.76  -5.60  -1.58  116.8
57263.0  2.1  970.1  116.3  164.8  4.57  -5.87  -1.47  116.9
57264.0  2.0  970.4  116.4  164.3  4.41  -6.06  -1.40  117.2
57265.0  2.1  970.3  116.6  164.0  4.46  -4.76  -1.35  117.5
57266.0  2.3  970.2  116.7  163.7  4.67  -1.17  -1.10  117.7
57267.0  2.2  970.3  116.8  163.6  4.66  0.48  -0.94  117.8
57268.0  2.1  970.0  116.9  163.9  4.67  -0.55  -1.15  118.0
57269.0  2.2  969.8  117.0  164.3  4.90  -0.75  -1.54  118.0
57270.0  2.1  970.4  117.0  164.4  4.83  -0.09  -1.60  118.0
57271.0  1.9  970.1  117.2  164.2  4.60  0.39  -1.36  118.1
57272.0  2.0  970.5  117.3  164.1  4.57  0.43  -1.15  118.2
57273.0  2.0  970.6  117.4  164.2  4.59  0.24  -1.19  118.4
57274.0  2.0  970.4  117.6  164.5  4.60  0.24  -1.41  118.7
57275.0  2.0  970.2  117.8  164.7  4.58  0.50  -1.50  118.9
57276.0  2.0  970.6  117.9  164.7  4.55  0.62  -1.38  119.1
57277.0  1.9  970.4  118.1  164.5  4.42  -0.13  -1.23  119.4
57278.0  1.9  970.9  118.3  164.5  4.50  -0.69  -1.15  119.6
57279.0  2.0  970.5  118.5  164.4  4.71  -0.59  -1.16  119.8
57280.0  2.0  970.7  118.6  164.5  4.78  -0.26  -1.19  119.9
57281.0  1.9  970.7  118.7  164.5  4.72  0.10  -1.18  120.0
57282.0  1.9  970.3  118.8  164.5  4.63  0.25  -1.20  120.0
57283.0  1.9  971.0  119.0  164.6  4.59  0.05  -1.24  120.1
57284.0  1.9  970.3  119.1  164.7  4.63  -0.01  -1.28  120.2
57285.0  2.0  970.6  119.2  164.7  4.77  0.05  -1.29  120.4
57286.0  2.0  971.1  119.3  164.8  4.93  0.10  -1.24  120.4
57287.0  2.0  970.7  119.3  164.8  5.09  0.12  -1.23  120.4
57288.0  2.0  971.1  119.4  164.9  5.23  0.17  -1.27  120.4
57289.0  1.9  970.5  119.4  165.0  5.16  0.28  -1.28  120.4
57290.0  1.7  970.6  119.4  165.1  4.85  0.38  -1.22  120.4
57291.0  1.8  971.0  119.6  165.2  4.88  0.42  -1.23  120.4
57292.0  2.0  970.6  119.6  165.4  5.21  0.42  -1.23  120.4
57293.0  1.9  971.2  119.6  165.6  5.14  0.39  -1.31  120.4
57294.0  1.8  970.6  119.7  165.7  4.98  0.29  -1.29  120.4
57295.0  1.8  971.0  119.7  165.8  5.00  -0.01  -1.23  120.6
57296.0  2.0  971.0  119.8  165.9  5.32  -0.46  -1.26  120.6
57297.0  1.8  970.8  119.8  166.0  5.13  -1.08  -1.27  120.6
57298.0  1.7  970.9  119.8  166.0  4.95  -1.50  -1.35  120.6
57299.0  1.8  970.9  119.9  166.0  4.86  -1.52  -1.38  120.7
57300.0  1.8  971.3  120.0  165.8  4.81  -1.31  -1.28  120.8
57301.0  1.8  971.0  120.1  165.6  4.78  -1.20  -1.17  120.8
57302.0  1.9  970.8  120.1  165.5  4.79  -1.09  -1.17  120.9
57303.0  1.9  971.4  120.2  165.6  4.82  -0.94  -1.21  121.0
57304.0  1.9  970.9  120.3  165.7  4.84  -0.60  -1.31  121.0
57305.0  1.9  971.0  120.4  165.7  4.88  -0.19  -1.32  121.0
57306.0  1.9  970.8  120.4  165.6  4.86  0.04  -1.21  121.1
57307.0  1.8  971.0  120.5  165.7  4.68  -0.01  -1.19  121.2
57308.0  1.8  970.8  120.6  165.9  4.56  -0.12  -1.25  121.4
57309.0  1.9  970.7  120.7  166.1  4.69  -0.13  -1.27  121.5
57310.0  1.9  971.3  120.7  166.2  4.75  -0.05  -1.29  121.7
57311.0  1.8  971.1  120.8  166.3  4.67  0.12  -1.35  121.7
57312.0  1.8  971.1  120.9  166.3  4.61  0.33  -1.28  121.8
57313.0  1.8  971.0  121.0  166.3  4.61  0.39  -1.21  121.8
57314.0  1.8  971.2  121.1  166.3  4.66  0.28  -1.19  121.9
57315.0  1.9  971.0  121.2  166.5  4.70  0.18  -1.24  122.0
57316.0  1.8  971.3  121.2  166.7  4.67  0.01  -1.35  122.1
57317.0  1.6  971.3  121.3  166.8  4.43  -1.06  -1.42  122.2
57318.0  1.8  971.2  121.4  166.8  4.63  -2.29  -1.50  122.3
57319.0  2.3  971.3  121.4  166.6  5.49  -2.59  -1.51  122.4
57320.0  2.5  971.3  121.2  166.4  6.29  -2.38  -1.42  122.3
57321.0  2.3  971.2  120.9  166.3  6.68  -2.09  -1.29  122.2
57322.0  2.3  971.1  120.5  166.2  7.03  -1.58  -1.27  122.1
57323.0  2.1  971.2  120.1  166.3  7.16  -1.13  -1.32  121.8
57324.0  1.8  971.2  119.8  166.2  6.85  -1.50  -1.49  121.3
57325.0  1.7  971.1  119.6  166.0  6.61  -2.15  -1.44  121.0
57326.0  1.8  971.4  119.4  165.7  6.62  -2.77  -1.35  120.7
57327.0  2.0  971.5  119.1  165.4  6.77  -2.29  -1.27  120.4
57328.0  1.9  971.4  118.9  165.2  6.57  -1.41  -1.12  120.2
57329.0  1.8  971.4  118.7  165.2  6.31  -1.80  -1.15  120.1
57330.0  2.0  971.7  118.6  165.3  6.36  -2.01  -1.35  120.0
57331.0  2.1  971.4  118.4  165.4  6.45  -1.76  -1.45  119.8
57332.0  2.1  971.7  118.2  165.3  6.44  -1.50  -1.41  119.7
57333.0  1.9  971.7  118.1  165.1  6.15  -1.42  -1.25  119.5
57334.0  1.9  971.7  118.0  164.9  5.94  -1.14  -1.18  119.3
57335.0  2.0  971.6  117.9  164.9  5.89  -0.59  -1.18  119.3
57336.0  2.0  971.7  117.9  165.0  5.66  -0.32  -1.25  119.1
57337.0  1.9  972.0  117.9  165.0  5.38  -0.10  -1.29  119.1
57338.0  1.9  971.7  117.9  165.0  5.10  0.06  -1.27  119.1
57339.0  2.0  971.6  118.0  165.0  5.07  0.10  -1.20  119.3
57340.0  2.2  972.1  118.1  165.0  5.27  0.05  -1.24  119.3
57341.0  2.3  971.6  118.1  165.2  5.55  -0.16  -1.37  119.3
57342.0  2.3  971.9  118.0  165.2  5.77  -0.47  -1.43  119.3
57343.0  2.3  972.0  117.9  165.1  5.94  -0.84  -1.40  119.2
57344.0  2.3  971.5  117.8  165.0  6.07  -1.29  -1.35  119.2
57345.0  2.3  972.1  117.7  164.9  6.21  -1.81  -1.37  119.1
57346.0  2.2  972.0  117.6  164.8  6.24  -2.18  -1.43  119.0
57347.0  2.2  971.9  117.5  164.6  6.25  -2.07  -1.37  119.1
57348.0  2.3  972.3  117.3  164.3  6.37  -1.84  -1.28  119.0
57349.0  2.3  972.1  117.1  164.1  6.46  -1.77  -1.20  118.9
57350.0  2.3  971.8  117.0  164.0  6.52  -1.69  -1.17  118.8
57351.0  2.3  971.9  116.8  163.9  6.60  -1.24  -1.21  118.8
57352.0  2.1  972.2  116.6  163.9  6.40  -0.79  -1.23  118.7
57353.0  2.1  971.9  116.5  163.9  6.21  -0.57  -1.23  118.7
57354.0  2.1  971.9  116.4  163.9  6.12  -0.42  -1.25  118.7
57355.0  2.1  972.0  116.3  163.9  5.98  -0.30  -1.27  118.5
57356.0  2.1  971.6  116.3  163.8  5.85  -0.15  -1.24  118.4
57357.0  2.1  971.9  116.2  163.9  5.73  0.05  -1.23  118.3
57358.0  2.1  971.9  116.2  163.9  5.60  0.23  -1.23  118.1
57359.0  2.2  972.0  116.3  164.0  5.49  0.27  -1.24  118.0
57360.0  2.3  972.0  116.3  164.0  5.60  0.16  -1.26  118.1
57361.0  2.4  971.7  116.3  164.1  5.69  0.02  -1.29  118.0
57362.0  2.3  972.3  116.3  164.1  5.65  -0.14  -1.29  117.9
57363.0  2.2  971.9  116.3  164.1  5.45  -0.35  -1.25  118.0
57364.0  2.1  972.4  116.3  164.1  5.17  -0.58  -1.25  118.1
57365.0  2.3  972.5  116.4  164.1  5.31  -0.67  -1.24  118.3
57366.0  2.5  972.1  116.4  164.1  5.55  -0.62  -1.24  118.3
57367.0  2.7  972.4  116.4  164.1  6.03  -0.52  -1.27  118.3
57368.0  2.5  972.7  116.3  164.2  6.07  -0.18  -1.30  118.1
57369.0  2.2  972.2  116.2  164.1  5.74  0.26  -1.23  118.1
57370.0  2.1  972.6  116.3  164.1  5.45  0.75  -1.11  118.1
57371.0  2.3  972.8  116.3  164.2  5.61  1.96  -0.99  118.1
57372.0  2.4  972.6  116.3  164.4  5.67  3.29  -0.92  118.1
57373.0  2.3  972.1  116.3  164.8  5.56  3.29  -1.00  118.0
57374.0  2.2  972.4  116.3  165.3  5.44  2.84  -1.24  118.0
57375.0  2.3  972.2  116.4  165.7  5.40  3.99  -1.26  118.0
57376.0  2.2  972.8  116.4  166.0  5.28  3.94  -1.13  118.0
57377.0  2.3  973.0  116.5  166.3  5.31  2.91  -1.13  118.1
57378.0  2.4  972.5  116.6  166.7  5.47  2.35  -1.26  118.1
57379.0  2.4  972.8  116.6  167.0  5.54  1.23  -1.37  118.1
57380.0  2.7  972.4  116.6  167.2  6.03  0.23  -1.42  118.1
57381.0  2.8  972.5  116.4  167.2  6.41  -0.04  -1.43  118.0
57382.0  2.6  973.0  116.3  167.2  6.48  -0.08  -1.34  117.9
57383.0  2.4  972.1  116.1  167.0  6.42  -0.09  -1.18  118.0
57384.0  2.4  972.7  116.0  167.0  6.42  -0.17  -1.06  117.9
57385.0  2.5  972.9  115.9  167.2  6.50  -0.22  -1.08  118.0
57386.0  2.6  972.6  115.7  167.4  6.79  -0.14  -1.25  118.0
57387.0  2.7  973.0  115.4  167.6  7.02  0.11  -1.36  117.9
57388.0  2.5  972.6  115.2  167.7  6.94  0.37  -1.29  117.8
57389.0  2.2  972.6  115.0  167.7  6.52  0.50  -1.14  117.8
57390.0  2.1  972.7  114.9  167.8  6.11  0.50  -1.14  117.9
57391.0  2.1  972.5  114.9  167.9  5.82  0.50  -1.17  117.9
57392.0  2.2  972.6  114.9  168.1  5.62  0.56  -1.20  118.0
57393.0  2.5  972.7  114.9  168.3  5.90  1.05  -1.24  117.9
57394.0  2.5  972.8  114.8  168.5  5.86  1.50  -1.15  117.8
57395.0  2.2  972.7  114.8  168.6  5.35  1.33  -1.11  117.9
57396.0  2.3  972.9  114.9  168.9  5.35  0.92  -1.20  117.9
57397.0  2.4  972.9  114.9  169.2  5.26  0.35  -1.37  117.8
57398.0  2.2  972.7  115.0  169.4  4.93  -0.22  -1.44  117.9
57399.0  2.2  973.1  115.2  169.4  4.67  -0.84  -1.38  118.1
57400.0  2.4  972.7  115.4  169.3  4.80  -1.75  -1.40  118.2
57401.0  2.6  973.2  115.5  169.3  5.02  -2.83  -1.47  118.1
57402.0  2.5  972.8  115.6  169.2  5.02  -3.26  -1.46  118.1
57403.0  2.3  973.1  115.7  169.0  4.73  -2.47  -1.36  118.2
57404.0  2.2  972.6  115.9  168.7  4.33  -1.43  -1.06  118.3
57405.0  2.1  973.1  116.1  168.6  4.00  -1.09  -1.07  118.6
57406.0  2.4  972.7  116.4  168.8  4.15  -1.16  -1.29  118.6
57407.0  2.6  973.2  116.6  169.1  4.38  -1.03  -1.49  118.6
57408.0  2.5  973.1  116.8  169.1  4.41  -0.88  -1.40  118.7
57409.0  2.4  973.6  117.0  169.0  4.32  -1.02  -1.29  118.8
57410.0  2.3  972.6  117.2  169.0  4.14  -1.03  -1.29  118.9
57411.0  2.3  973.3  117.5  169.1  4.00  -0.58  -1.34  119.3
57412.0  2.3  973.1  117.7  169.1  3.94  -0.68  -1.39  119.5
57413.0  2.3  973.0  118.0  169.1  3.97  -1.23  -1.40  119.8
57414.0  2.4  973.6  118.2  169.0  4.03  -1.56  -1.44  120.0
57415.0  2.3  973.1  118.4  169.0  3.96  -1.47  -1.43  120.0
57416.0  2.1  972.9  118.7  168.8  3.66  -1.34  -1.29  120.2
57417.0  2.2  973.4  119.0  168.7  3.50  -1.44  -1.27  120.5
57418.0  2.3  973.2  119.3  168.7  3.51  -1.53  -1.33  120.8
57419.0  2.3  973.2  119.6  168.7  3.55  -1.54  -1.33  120.9
57420.0  2.3  973.0  119.8  168.7  3.56  -1.53  -1.36  121.3
57421.0  2.2  972.9  120.1  168.7  3.57  -1.45  -1.38  121.4
57422.0  2.3  972.7  120.4  168.6  3.67  -1.34  -1.43  121.7
57423.0  2.5  973.4  120.6  168.5  3.95  -0.46  -1.34  121.8
57424.0  2.2  973.0  120.8  168.4  3.63  0.37  -1.15  122.0
57425.0  1.8  973.2  121.1  168.5  3.01  0.13  -1.11  122.2
57426.0  2.1  973.1  121.4  168.6  3.38  -0.20  -1.30  122.5
57427.0  2.5  973.5  121.6  168.9  3.82  -0.01  -1.46  122.6
57428.0  2.2  973.2  121.8  168.9  3.57  0.26  -1.40  122.7
57429.0  2.1  973.6  122.1  168.8  3.46  0.35  -1.17  122.7
57430.0  2.2  973.6  122.3  168.9  3.75  0.14  -1.19  122.8
57431.0  2.3  973.6  122.5  169.1  4.05  0.07  -1.37  122.9
57432.0  2.3  973.4  122.6  169.2  4.25  0.26  -1.40  122.8
57433.0  2.2  973.4  122.7  169.3  4.34  0.32  -1.35  122.8
57434.0  2.0  973.4  122.8  169.2  4.05  0.08  -1.23  122.8
57435.0  1.9  973.2  123.0  169.3  3.79  -0.38  -1.28  122.8
57436.0  1.9  973.4  123.2  169.3  3.67  -0.83  -1.27  123.2
57437.0  1.9  973.8  123.4  169.3  3.59  -1.24  -1.37  123.1
57438.0  2.0  973.5  123.7  169.2  3.53  -1.57  -1.42  123.0
57439.0  2.0  973.9  123.9  169.1  3.46  -1.90  -1.35  123.3
57440.0  2.0  973.6  124.2  168.9  3.36  -2.34  -1.33  123.4
57441.0  2.0  973.4  124.5  168.8  3.38  -2.41  -1.34  123.7
57442.0  2.3  973.8  124.7  168.7  3.84  -0.98  -1.28  123.8
57443.0  2.3  973.5  124.8  168.6  3.99  -0.50  -1.24  124.0
57444.0  2.1  973.6  124.9  168.7  3.90  -0.80  -1.30  124.2
57445.0  2.1  973.8  125.1  168.8  3.95  -0.76  -1.39  124.4
57446.0  2.3  973.4  125.2  168.8  4.27  0.55  -1.32  124.5
57447.0  2.1  973.7  125.3  168.7  4.18  1.29  -1.16  124.5
57448.0  2.0  973.4  125.4  168.8  4.02  0.98  -1.16  124.6
57449.0  2.1  973.4  125.4  169.1  4.27  0.37  -1.34  124.6
57450.0  2.2  974.0  125.5  169.3  4.51  0.01  -1.50  124.5
57451.0  2.1  973.5  125.5  169.4  4.45  0.01  -1.45  124.5
57452.0  2.0  974.1  125.6  169.2  4.28  -0.01  -1.24  124.4
57453.0  2.0  973.9  125.7  169.2  4.15  -0.24  -1.15  124.5
57454.0  2.0  973.7  125.8  169.4  4.04  -0.55  -1.27  124.6
57455.0  2.0  974.2  125.9  169.6  3.91  -0.74  -1.42  124.8
57456.0  1.9  973.7  126.0  169.7  3.80  -0.85  -1.44  124.9
57457.0  2.1  973.6  126.2  169.6  3.91  -0.97  -1.43  125.0
57458.0  2.2  973.6  126.3  169.5  4.07  -1.16  -1.37  125.1
57459.0  2.1  973.6  126.4  169.5  4.04  -1.49  -1.34  125.2
57460.0  2.0  974.2  126.5  169.5  3.97  -1.67  -1.41  125.3
57461.0  2.0  974.2  126.6  169.5  3.89  -1.63  -1.44  125.3
57462.0  2.0  974.0  126.8  169.4  3.82  -1.57  -1.42  125.5
57463.0  1.9  974.0  126.9  169.2  3.70  -1.73  -1.34  125.6
57464.0  1.9  974.3  127.1  169.1  3.58  -2.17  -1.31  125.7
57465.0  1.9  974.0  127.3  169.1  3.48  -2.62  -1.36  125.8
57466.0  1.9  974.0  127.5  169.0  3.39  -2.97  -1.43  126.0
57467.0  1.9  974.3  127.7  168.9  3.32  -3.25  -1.47  126.2
57468.0  1.9  973.8  127.9  168.6  3.28  -3.56  -1.44  126.5
