flight/WP3D/AircraftMis_NP3_20130710_RA.ict
41  1001
Ken Aikin
NOAA ESRL Chemical Sciences Division
various aircraft sensors
SENEX 2013
1  1
2013  07  10  2013  07  12
1
AOCTimewave
8
1  1  1  1  1  1  1  1
-9999  -9999  -9999  -9999  -9999  -9999  -9999  -9999
Attack  deg
CabinPrs  mbar
GndSpd  m/s
Heading  deg
Pitch  deg
Roll  deg
Slip  deg
TrueAirSpd  m/s
1
SPECIAL COMMENTS:NC hog farms  and transit to Tampa.
18
PI_CONTACT_INFO: Address: NOAA ESRL Chemical Sciences Division  Mail Stop R/CSD7  325 Broadway  Boulder  CO 80305
PLATFORM: NOAA WP-3D
LOCATION: The aircraft was stationed in  Smyrna  Tennessee. Aircraft location information in AircraftPosition file.
ASSOCIATED_DATA: N/A
INSTRUMENT_INFO: N/A
DATA_INFO: Units: Attack degrees; CabinPrs millibar; GndSpd m/s; Heading degrees; Pitch degrees; Roll degrees; Slip degrees; TrueAirSpd m/s
UNCERTAINTY: N/A
ULOD_FLAG: -7777
ULOD_VALUE: N/A
LLOD_FLAG: -8888
LLOD_VALUE: N/A
DM_CONTACT_INFO: Data Manager:Ken Aikin; email:Kenneth.C.Aikin@noaa.gov
PROJECT_INFO: SENEX 2013 Study; June 1 - July 15  2013
STIPULATIONS_ON_USE: Use of these data require prior ok from PI.
OTHER_COMMENTS:       None
REVISION: RA
RA: Preliminary Data.  For in-field use.
AOCTimewave  Attack  CabinPrs  GndSpd  Heading  Pitch  Roll  Slip  TrueAirSpd
[from data line 17228]
67263.0  0.8  880.3  161.6  206.9  0.86  -1.27  -0.75  159.8
67264.0  0.8  880.7  161.6  207.0  0.86  -1.18  -0.73  159.7
67265.0  0.8  880.4  161.6  207.0  0.75  -1.14  -0.70  159.8
67266.0  0.9  879.9  161.6  207.0  0.86  -1.24  -0.75  159.8
67267.0  0.8  880.1  161.6  207.0  0.86  -1.28  -0.79  160.0
67268.0  0.8  880.1  161.6  207.0  0.80  -1.26  -0.76  160.0
67269.0  0.8  880.2  161.6  207.0  0.73  -1.28  -0.76  160.1
67270.0  0.9  879.6  161.6  207.0  0.81  -1.20  -0.77  160.1
67271.0  0.8  879.8  161.6  206.9  0.80  -1.10  -0.79  160.1
67272.0  0.8  879.8  161.6  206.9  0.74  -1.12  -0.77  160.0
67273.0  0.9  879.3  161.6  206.9  0.82  -1.17  -0.76  159.9
67274.0  0.8  879.4  161.6  206.9  0.73  -1.07  -0.80  159.8
67275.0  0.8  879.5  161.7  206.8  0.69  -0.93  -0.78  159.8
67276.0  0.8  879.4  161.7  206.8  0.68  -0.95  -0.80  159.8
67277.0  0.8  879.0  161.7  206.8  0.64  -0.97  -0.86  159.9
67278.0  0.8  879.3  161.7  206.7  0.71  -0.93  -0.83  159.9
67279.0  0.8  879.1  161.7  206.7  0.74  -0.90  -0.80  159.9
67280.0  0.8  878.6  161.8  206.7  0.74  -0.80  -0.81  159.8
67281.0  0.8  878.8  161.8  206.6  0.74  -0.71  -0.76  159.8
67282.0  0.8  878.8  161.8  206.6  0.78  -0.73  -0.75  159.7
67283.0  0.8  878.6  161.8  206.6  0.80  -0.67  -0.76  159.8
67284.0  0.8  878.3  161.8  206.7  0.68  -0.63  -0.71  160.0
67285.0  0.9  878.5  161.8  206.8  0.77  -0.71  -0.71  160.0
67286.0  0.8  878.5  161.8  206.9  0.80  -0.84  -0.73  160.0
67287.0  0.8  878.0  161.8  206.9  0.79  -0.94  -0.77  160.0
67288.0  0.8  878.4  161.8  206.9  0.82  -1.00  -0.78  160.0
67289.0  0.8  878.1  161.8  206.9  0.77  -1.06  -0.80  160.1
67290.0  0.9  878.3  161.8  206.9  0.92  -1.04  -0.84  160.1
67291.0  0.8  878.2  161.8  206.9  0.77  -0.98  -0.83  160.1
67292.0  0.8  877.8  161.8  206.8  0.80  -1.00  -0.81  160.0
67293.0  0.8  878.1  161.8  206.8  0.82  -0.98  -0.83  160.0
67294.0  0.8  877.7  161.8  206.8  0.82  -0.88  -0.80  159.9
67295.0  0.8  877.6  161.8  206.7  0.74  -0.82  -0.82  159.8
67296.0  0.8  877.4  161.8  206.7  0.75  -0.80  -0.81  159.6
67297.0  0.8  877.4  161.8  206.7  0.78  -0.76  -0.78  159.3
67298.0  0.9  877.5  161.8  206.6  0.85  -0.72  -0.77  159.2
67299.0  0.8  877.5  161.8  206.6  0.79  -0.71  -0.76  159.2
67300.0  0.8  877.4  161.8  206.6  0.79  -0.73  -0.75  159.3
67301.0  0.9  877.1  161.9  206.6  0.83  -0.74  -0.75  159.4
67302.0  0.8  876.9  161.8  206.7  0.80  -0.75  -0.76  159.4
67303.0  0.8  877.1  161.8  206.7  0.83  -0.71  -0.77  159.3
67304.0  0.8  877.0  161.9  206.7  0.85  -0.70  -0.74  159.5
67305.0  0.9  876.8  161.9  206.7  0.91  -0.70  -0.79  159.5
67306.0  0.8  876.8  161.9  206.8  0.80  -0.70  -0.78  159.6
67307.0  0.8  876.5  161.8  206.8  0.82  -0.79  -0.80  159.5
67308.0  0.9  876.6  161.8  206.8  0.87  -0.89  -0.75  159.6
67309.0  0.8  876.6  161.8  206.8  0.82  -0.93  -0.78  159.6
67310.0  0.9  876.5  161.9  206.8  0.91  -0.85  -0.78  159.6
67311.0  0.8  876.1  161.8  206.8  0.83  -0.86  -0.78  159.6
67312.0  0.8  876.7  161.9  206.8  0.72  -0.93  -0.75  159.6
67313.0  0.9  876.4  161.9  206.8  0.86  -0.94  -0.68  159.6
67314.0  0.8  876.3  161.9  206.9  0.79  -0.88  -0.72  159.6
67315.0  0.8  876.6  161.9  206.9  0.72  -0.90  -0.72  159.6
67316.0  0.9  876.3  161.9  207.0  0.86  -1.07  -0.76  159.6
67317.0  0.8  875.8  161.9  207.0  0.74  -1.15  -0.76  159.6
67318.0  0.9  876.2  161.9  207.0  0.91  -1.21  -0.74  159.6
67319.0  0.8  876.3  161.9  207.0  0.75  -1.16  -0.75  159.6
67320.0  0.8  875.9  161.9  206.9  0.66  -1.08  -0.72  159.6
67321.0  0.9  876.2  161.9  206.9  0.85  -1.13  -0.74  159.6
67322.0  0.8  876.0  162.0  207.0  0.77  -1.12  -0.79  159.6
67323.0  0.8  875.5  162.0  206.9  0.72  -1.05  -0.81  159.7
67324.0  0.8  875.9  162.0  206.9  0.74  -1.06  -0.80  159.8
67325.0  0.9  875.6  162.0  206.8  0.79  -1.05  -0.87  159.9
67326.0  0.8  875.1  162.0  206.8  0.71  -0.88  -0.85  159.9
67327.0  0.8  875.8  162.0  206.7  0.76  -0.79  -0.77  159.9
67328.0  0.8  875.3  162.0  206.7  0.77  -0.76  -0.76  159.9
67329.0  0.7  875.6  162.0  206.6  0.73  -0.65  -0.73  159.8
67330.0  0.8  875.3  162.0  206.6  0.80  -0.68  -0.73  159.8
67331.0  0.8  874.5  162.0  206.7  0.83  -0.77  -0.75  159.9
67332.0  0.8  874.9  162.0  206.6  0.78  -0.77  -0.72  160.0
67333.0  0.8  874.4  162.0  206.6  0.84  -0.71  -0.72  160.0
67334.0  0.8  874.8  162.0  206.7  0.80  -0.69  -0.74  160.1
67335.0  0.8  874.1  162.0  206.7  0.80  -0.74  -0.73  160.1
67336.0  0.8  873.9  162.0  206.7  0.80  -0.83  -0.69  159.9
67337.0  0.9  874.0  162.0  206.7  0.88  -0.77  -0.75  159.9
67338.0  0.8  873.9  162.0  206.7  0.81  -0.71  -0.77  159.9
67339.0  0.8  873.8  162.0  206.7  0.83  -0.80  -0.76  159.9
67340.0  0.8  873.3  162.0  206.7  0.79  -0.78  -0.75  159.8
67341.0  0.8  873.4  162.1  206.7  0.78  -0.69  -0.75  159.7
67342.0  0.8  873.5  162.1  206.6  0.79  -0.65  -0.73  159.6
67343.0  0.7  873.4  162.1  206.7  0.69  -0.71  -0.73  159.6
67344.0  0.8  873.3  162.1  206.6  0.74  -0.73  -0.71  159.5
67345.0  0.8  873.1  162.1  206.7  0.84  -0.68  -0.74  159.5
67346.0  0.8  872.8  162.1  206.7  0.80  -0.60  -0.77  159.5
67347.0  0.8  873.5  162.1  206.7  0.88  -0.60  -0.76  159.5
67348.0  0.8  873.4  162.1  206.7  0.85  -0.67  -0.78  159.6
67349.0  0.8  873.2  162.1  206.7  0.87  -0.68  -0.76  159.6
67350.0  0.8  873.6  162.1  206.6  0.86  -0.68  -0.74  159.6
67351.0  0.8  873.7  162.1  206.6  0.85  -0.66  -0.74  159.7
67352.0  0.8  874.0  162.1  206.7  0.84  -0.60  -0.74  159.6
67353.0  0.8  874.3  162.1  206.7  0.85  -0.59  -0.75  159.6
67354.0  0.8  874.9  162.1  206.7  0.87  -0.62  -0.77  159.5
67355.0  0.8  875.0  162.1  206.7  0.85  -0.66  -0.76  159.5
67356.0  0.8  875.2  162.1  206.7  0.91  -0.70  -0.75  159.5
67357.0  0.8  875.4  162.1  206.7  0.90  -0.70  -0.76  159.5
67358.0  0.8  876.1  162.1  206.7  0.88  -0.66  -0.73  159.6
67359.0  0.8  876.1  162.1  206.8  0.88  -0.73  -0.72  159.5
67360.0  0.8  876.7  162.1  206.8  0.92  -0.78  -0.75  159.6
67361.0  0.8  877.5  162.1  206.8  0.87  -0.80  -0.74  159.6
67362.0  0.9  878.3  162.1  206.8  0.97  -0.85  -0.74  159.6
67363.0  0.7  878.8  162.0  206.8  0.78  -0.82  -0.76  159.5
67364.0  0.8  879.2  162.0  206.8  0.88  -0.77  -0.77  159.4
67365.0  0.8  879.3  162.0  206.8  0.92  -0.79  -0.76  159.4
67366.0  0.8  879.3  162.0  206.8  0.89  -0.77  -0.76  159.3
67367.0  0.8  880.2  162.0  206.8  0.84  -0.75  -0.73  159.2
67368.0  0.8  880.1  162.0  206.8  0.91  -0.80  -0.75  159.2
67369.0  0.8  880.3  162.0  206.8  0.92  -0.78  -0.76  159.1
67370.0  0.8  880.5  162.0  206.8  0.94  -0.90  -0.76  159.1
67371.0  0.8  880.3  162.0  206.8  0.90  -1.94  -0.79  159.1
67372.0  0.8  880.7  162.0  206.8  0.89  -2.40  -0.79  159.1
67373.0  0.9  881.0  162.0  206.7  0.95  -2.28  -0.75  159.0
67374.0  0.8  881.3  162.0  206.6  0.91  -2.82  -0.80  159.0
67375.0  0.9  881.3  162.0  206.5  0.99  -3.50  -0.82  159.0
67376.0  0.8  881.2  162.1  206.3  0.86  -3.38  -0.74  158.9
67377.0  0.8  881.3  162.1  206.2  0.86  -3.12  -0.70  158.9
67378.0  0.9  881.1  162.1  206.1  0.93  -2.82  -0.73  158.9
67379.0  0.9  881.4  162.1  206.0  0.92  -2.59  -0.76  158.9
67380.0  0.8  881.5  162.1  205.9  0.81  -2.54  -0.73  158.9
67381.0  0.9  881.6  162.1  205.8  0.95  -2.46  -0.75  158.8
67382.0  0.8  881.6  162.1  205.7  0.79  -2.24  -0.77  158.9
67383.0  0.8  881.7  162.2  205.6  0.83  -2.09  -0.74  158.8
67384.0  0.9  881.7  162.2  205.6  0.96  -2.05  -0.74  158.8
67385.0  0.9  881.8  162.2  205.5  0.92  -1.94  -0.76  158.8
67386.0  0.8  882.0  162.2  205.5  0.79  -1.83  -0.74  158.8
67387.0  0.8  881.8  162.2  205.4  0.84  -1.82  -0.74  158.9
67388.0  0.8  881.9  162.2  205.4  0.83  -1.71  -0.76  158.9
67389.0  0.9  882.3  162.2  205.3  0.87  -1.59  -0.75  158.9
67390.0  0.9  882.2  162.2  205.3  0.88  -1.55  -0.76  159.0
67391.0  0.8  882.1  162.3  205.3  0.83  -1.57  -0.78  159.1
67392.0  0.9  882.0  162.3  205.3  0.90  -1.59  -0.78  159.1
67393.0  0.8  882.3  162.3  205.3  0.81  -1.52  -0.77  159.0
67394.0  0.9  882.4  162.3  205.2  0.86  -1.45  -0.76  159.1
67395.0  0.8  882.4  162.3  205.2  0.81  -1.43  -0.81  159.0
67396.0  0.8  882.3  162.3  205.2  0.83  -1.34  -0.80  159.0
67397.0  0.8  882.8  162.3  205.1  0.82  -1.31  -0.78  159.1
67398.0  0.8  882.7  162.4  205.1  0.81  -1.29  -0.78  159.0
67399.0  0.9  883.1  162.4  205.0  0.88  -1.18  -0.76  158.9
67400.0  0.8  883.1  162.4  205.0  0.81  -1.06  -0.73  158.8
67401.0  0.9  883.0  162.4  205.0  0.90  -1.09  -0.75  158.7
67402.0  0.9  883.1  162.4  205.0  0.94  -1.16  -0.78  158.7
67403.0  0.9  883.3  162.4  205.0  1.04  -1.14  -0.81  158.7
67404.0  0.8  883.4  162.4  204.9  0.83  -1.11  -0.77  158.7
67405.0  0.9  883.5  162.4  204.8  0.93  -1.06  -0.74  158.7
67406.0  0.8  883.8  162.4  204.8  0.84  -0.82  -0.74  158.7
67407.0  0.9  883.6  162.4  204.8  0.93  -0.69  -0.73  158.7
67408.0  0.8  883.8  162.4  204.8  0.87  -0.81  -0.74  158.7
67409.0  0.8  884.0  162.4  204.9  0.88  -0.89  -0.76  158.6
67410.0  0.9  884.1  162.4  204.8  0.92  -0.84  -0.71  158.7
67411.0  0.8  884.4  162.5  204.8  0.90  -0.86  -0.70  158.7
67412.0  0.9  884.9  162.5  204.9  0.93  -0.85  -0.72  158.7
67413.0  0.8  884.9  162.5  204.9  0.93  -0.79  -0.73  158.8
67414.0  0.8  885.0  162.5  204.9  0.89  -0.84  -0.71  158.8
67415.0  0.9  884.9  162.4  204.9  0.95  -0.92  -0.74  159.0
67416.0  0.8  884.8  162.5  204.9  0.88  -0.88  -0.77  158.9
67417.0  0.8  885.3  162.5  204.9  0.85  -0.89  -0.76  158.8
67418.0  0.8  885.5  162.5  204.9  0.89  -0.98  -0.74  158.8
67419.0  0.9  885.4  162.5  204.9  0.95  -0.97  -0.73  158.7
67420.0  0.8  885.7  162.5  204.9  0.86  -0.88  -0.74  158.8
67421.0  0.9  885.8  162.5  204.9  1.01  -0.88  -0.74  158.8
67422.0  0.8  886.0  162.5  204.9  0.89  -0.93  -0.78  158.7
67423.0  0.8  886.0  162.5  204.9  0.88  -0.96  -0.78  158.7
67424.0  0.9  886.0  162.5  204.9  1.05  -0.96  -0.76  158.5
67425.0  0.8  886.1  162.5  204.9  0.93  -0.89  -0.76  158.5
67426.0  0.8  886.3  162.5  204.8  0.89  -0.86  -0.73  158.5
67427.0  0.8  886.3  162.5  204.8  0.88  -0.89  -0.74  158.5
67428.0  0.9  886.6  162.5  204.8  0.97  -0.90  -0.73  158.5
67429.0  0.9  886.7  162.5  204.9  0.95  -0.85  -0.73  158.5
67430.0  0.8  886.5  162.5  204.9  0.90  -0.79  -0.74  158.5
67431.0  0.8  886.8  162.5  204.9  0.86  -0.86  -0.71  158.5
67432.0  0.9  886.8  162.5  204.9  0.93  -0.92  -0.73  158.6
67433.0  0.9  887.2  162.5  205.0  0.93  -0.92  -0.73  158.6
67434.0  0.8  887.2  162.5  205.0  0.85  -0.99  -0.75  158.5
67435.0  0.9  887.2  162.5  205.0  0.92  -1.05  -0.80  158.5
67436.0  0.9  887.4  162.6  205.0  0.89  -1.01  -0.81  158.4
67437.0  0.9  887.5  162.6  205.0  0.90  -1.02  -0.79  158.3
67438.0  0.8  887.6  162.6  205.0  0.81  -1.05  -0.77  158.3
67439.0  0.9  887.7  162.6  205.0  0.92  -0.98  -0.84  158.1
67440.0  0.9  888.2  162.6  204.9  0.85  -0.89  -0.80  158.0
67441.0  0.8  887.9  162.7  204.9  0.73  -0.98  -0.75  158.0
67442.0  0.9  888.1  162.7  204.8  0.82  -0.91  -0.73  157.9
67443.0  0.9  888.1  162.7  204.9  0.93  -0.74  -0.76  157.9
67444.0  0.8  888.3  162.7  204.9  0.79  -0.77  -0.77  158.0
67445.0  0.9  888.5  162.8  204.9  0.88  -0.91  -0.74  158.1
67446.0  0.9  888.4  162.8  204.9  0.95  -0.91  -0.71  158.3
67447.0  0.8  888.3  162.8  205.0  0.82  -0.83  -0.73  158.4
67448.0  0.9  888.6  162.8  205.0  0.94  -0.92  -0.77  158.5
67449.0  0.8  888.7  162.8  205.0  0.84  -1.09  -0.75  158.6
67450.0  0.9  888.7  162.8  205.0  0.94  -1.07  -0.76  158.6
67451.0  0.9  888.6  162.8  205.0  0.92  -0.93  -0.79  158.4
67452.0  0.8  888.8  162.8  205.0  0.84  -0.95  -0.79  158.5
67453.0  0.9  889.1  162.9  204.9  0.82  -1.07  -0.78  158.5
67454.0  0.9  889.2  162.9  204.9  0.85  -0.99  -0.80  158.5
67455.0  0.9  889.2  162.9  204.9  0.91  -0.86  -0.80  158.5
67456.0  0.8  889.4  162.9  204.8  0.85  -0.82  -0.82  158.6
67457.0  0.8  889.6  162.9  204.8  0.81  -0.85  -0.77  158.5
67458.0  0.9  889.5  162.9  204.7  0.89  -0.77  -0.73  158.5
67459.0  0.8  889.5  163.0  204.7  0.82  -0.64  -0.74  158.6
67460.0  0.8  889.5  163.0  204.7  0.81  -0.57  -0.74  158.7
67461.0  0.9  889.7  163.0  204.8  0.86  -0.66  -0.78  158.7
67462.0  0.8  889.9  163.0  204.8  0.81  -0.68  -0.77  158.7
67463.0  0.8  889.8  163.0  204.8  0.84  -0.71  -0.73  158.8
67464.0  0.8  890.2  163.0  204.8  0.81  -0.73  -0.78  158.8
67465.0  0.8  890.3  163.0  204.8  0.78  -0.68  -0.76  158.7
67466.0  0.9  890.0  163.1  204.8  0.78  -0.72  -0.76  158.7
67467.0  0.9  890.2  163.1  204.8  0.86  -0.66  -0.78  158.7
67468.0  0.8  890.4  163.1  204.8  0.82  -0.59  -0.76  158.8
67469.0  0.8  890.2  163.1  204.8  0.76  -0.67  -0.78  158.8
67470.0  0.9  890.6  163.1  204.8  0.87  -0.71  -0.78  158.8
67471.0  0.9  890.9  163.1  204.8  0.93  -0.65  -0.80  158.9
67472.0  0.8  890.6  163.2  204.8  0.82  -0.66  -0.74  159.0
67473.0  0.8  891.3  163.2  204.8  0.81  -0.75  -0.76  159.0
67474.0  0.8  890.8  163.2  204.8  0.86  -0.68  -0.77  159.0
67475.0  0.9  890.6  163.2  204.8  0.97  -0.65  -0.78  158.9
67476.0  0.8  891.4  163.2  204.8  0.88  -0.70  -0.78  158.9
67477.0  0.8  891.5  163.2  204.8  0.88  -0.72  -0.75  158.9
67478.0  0.8  891.3  163.2  204.8  0.91  -0.72  -0.76  158.9
67479.0  0.9  891.8  163.2  204.8  1.03  -0.69  -0.77  159.0
67480.0  0.8  891.9  163.1  204.8  0.98  -0.68  -0.75  159.0
67481.0  0.9  891.8  163.1  204.9  1.11  -0.70  -0.77  159.1
67482.0  0.8  892.5  163.1  204.9  0.98  -0.75  -0.77  159.1
67483.0  0.8  892.1  163.1  204.9  1.02  -0.84  -0.76  159.1
67484.0  0.9  892.9  163.0  204.9  1.08  -0.80  -0.78  159.2
67485.0  0.8  892.4  163.0  204.8  1.00  -0.72  -0.75  159.2
67486.0  0.8  892.7  163.0  204.8  0.98  -0.80  -0.74  159.2
67487.0  0.8  893.1  163.0  204.9  1.00  -0.79  -0.75  159.2
67488.0  0.8  892.9  163.0  204.9  0.92  -0.73  -0.79  159.2
67489.0  0.8  893.1  163.0  204.9  0.95  -0.81  -0.76  159.2
67490.0  0.8  893.3  163.0  204.9  0.92  -0.84  -0.79  159.1
67491.0  0.9  893.5  162.9  204.9  1.01  -0.76  -0.80  159.0
67492.0  0.8  893.4  162.9  204.9  0.87  -0.78  -0.79  158.9
67493.0  0.9  893.9  162.9  204.8  0.96  -0.84  -0.74  158.9
67494.0  0.8  894.2  162.9  204.8  0.84  -0.78  -0.75  159.0
67495.0  0.8  894.1  162.9  204.9  0.86  -0.74  -0.72  159.0
67496.0  0.8  893.9  162.9  204.9  0.91  -0.79  -0.74  159.0
67497.0  0.8  894.4  162.9  205.0  0.82  -0.80  -0.79  158.9
67498.0  0.8  894.5  162.9  204.9  0.88  -0.91  -0.77  158.9
67499.0  0.8  894.5  163.0  205.0  0.85  -0.95  -0.81  158.9
67500.0  0.9  894.3  163.0  205.0  0.96  -0.88  -0.78  158.9
67501.0  0.8  894.2  163.0  205.0  0.81  -0.93  -0.71  159.0
67502.0  0.8  894.7  163.0  205.0  0.79  -0.96  -0.75  159.0
67503.0  0.9  894.7  163.0  205.0  0.97  -0.91  -0.77  159.0
67504.0  0.8  894.5  163.0  205.0  0.82  -0.92  -0.82  158.9
67505.0  0.8  894.9  163.0  205.0  0.70  -0.98  -0.80  159.0
67506.0  0.9  895.1  163.0  205.0  0.76  -1.06  -0.79  158.9
67507.0  0.9  894.9  163.1  205.0  0.73  -0.99  -0.82  158.9
67508.0  0.8  895.0  163.1  204.9  0.69  -0.93  -0.76  158.9
67509.0  0.9  894.9  163.1  205.0  0.79  -0.96  -0.81  158.9
67510.0  0.8  894.8  163.2  204.9  0.70  -0.95  -0.78  158.8
67511.0  0.8  895.4  163.2  204.9  0.67  -0.95  -0.77  158.7
67512.0  0.9  895.2  163.2  204.9  0.70  -0.86  -0.79  158.8
67513.0  0.8  895.4  163.3  204.9  0.68  -0.82  -0.76  158.7
67514.0  0.9  895.3  163.3  204.8  0.73  -0.85  -0.76  158.7
67515.0  0.8  895.2  163.4  204.8  0.63  -0.84  -0.74  158.8
67516.0  0.8  895.5  163.4  204.9  0.71  -0.79  -0.70  159.0
67517.0  0.8  895.4  163.4  204.9  0.67  -0.84  -0.68  159.2
67518.0  0.8  895.2  163.4  205.0  0.74  -0.88  -0.74  159.3
67519.0  0.8  895.5  163.5  205.0  0.72  -0.88  -0.75  159.3
67520.0  0.8  895.3  163.5  204.9  0.76  -0.95  -0.75  159.3
67521.0  0.8  896.0  163.5  204.9  0.85  -0.96  -0.76  159.4
67522.0  0.8  895.5  163.5  204.9  0.79  -0.91  -0.75  159.4
67523.0  0.9  896.0  163.5  204.9  0.89  -0.88  -0.77  159.3
