flight/WP3D/AircraftMis_NP3_20130705_RA.ict
41  1001
Ken Aikin
NOAA ESRL Chemical Sciences Division
various aircraft sensors
SENEX 2013
1  1
2013  07  05  2013  07  05
1
AOCTimewave
8
1  1  1  1  1  1  1  1
-9999  -9999  -9999  -9999  -9999  -9999  -9999  -9999
Attack  deg
CabinPrs  mbar
GndSpd  m/s
Heading  deg
Pitch  deg
Roll  deg
Slip  deg
TrueAirSpd  m/s
1
SPECIAL COMMENTS:St. Louis  power plants.
18
PI_CONTACT_INFO: Address: NOAA ESRL Chemical Sciences Division  Mail Stop R/CSD7  325 Broadway  Boulder  CO 80305
PLATFORM: NOAA WP-3D
LOCATION: The aircraft was stationed in  Smyrna  Tennessee. Aircraft location information in AircraftPosition file.
ASSOCIATED_DATA: N/A
INSTRUMENT_INFO: N/A
DATA_INFO: Units: Attack degrees; CabinPrs millibar; GndSpd m/s; Heading degrees; Pitch degrees; Roll degrees; Slip degrees; TrueAirSpd m/s
UNCERTAINTY: N/A
ULOD_FLAG: -7777
ULOD_VALUE: N/A
LLOD_FLAG: -8888
LLOD_VALUE: N/A
DM_CONTACT_INFO: Data Manager:Ken Aikin; email:Kenneth.C.Aikin@noaa.gov
PROJECT_INFO: SENEX 2013 Study; June 1 - July 15  2013
STIPULATIONS_ON_USE: Use of these data require prior ok from PI.
OTHER_COMMENTS:       None
REVISION: RA
RA: Preliminary Data.  For in-field use.
AOCTimewave  Attack  CabinPrs  GndSpd  Heading  Pitch  Roll  Slip  TrueAirSpd
[from data line 4223]
57783.0  2.9  980.6  114.7  358.9  3.16  -0.85  -0.80  111.4
57784.0  2.9  980.3  114.7  358.9  3.00  -0.88  -0.52  112.0
57785.0  2.5  980.7  114.7  359.1  2.80  -1.48  -0.71  112.6
57786.0  2.9  980.3  114.7  359.2  2.93  -2.23  -1.20  113.2
57787.0  2.4  980.4  114.7  359.0  2.81  -1.90  -1.24  113.9
57788.0  2.5  980.1  114.7  358.8  2.79  -0.92  -1.13  113.9
57789.0  2.5  980.4  114.7  358.6  2.84  0.22  -0.95  113.5
57790.0  2.8  980.3  114.7  358.6  2.74  0.96  -0.53  113.0
57791.0  2.7  980.1  114.7  358.9  2.56  1.28  -0.80  112.7
57792.0  2.2  980.5  114.8  359.1  2.38  1.30  -0.84  112.0
57793.0  2.5  980.4  114.8  359.3  2.54  0.58  0.03  112.5
57794.0  2.8  980.2  114.9  359.9  2.67  -0.87  -0.59  113.7
57795.0  2.3  980.2  114.9  0.2  2.48  -1.62  -1.43  113.2
57796.0  2.8  980.5  115.0  0.0  2.57  -1.23  -0.99  113.4
57797.0  2.8  980.0  115.0  359.9  2.46  -0.85  -1.18  113.7
57798.0  2.8  980.4  115.1  359.7  2.20  -1.96  -1.15  114.0
57799.0  2.2  980.7  115.2  359.5  1.97  -2.94  -1.06  114.9
57800.0  2.4  980.1  115.4  359.3  1.94  -3.89  -1.63  114.6
57801.0  2.0  980.2  115.5  358.5  2.05  -4.15  -0.92  113.2
57802.0  2.4  979.9  115.6  358.0  2.31  -4.39  -0.11  113.0
57803.0  2.6  980.5  115.6  358.0  2.39  -4.52  -0.58  113.3
57804.0  2.5  980.0  115.7  357.9  2.31  -3.98  -0.25  113.6
57805.0  2.7  979.9  115.8  358.0  2.36  -2.87  -0.46  113.5
57806.0  2.5  980.6  115.9  358.2  2.31  -1.50  -1.02  114.5
57807.0  2.3  980.0  115.9  358.2  2.45  -0.61  -1.18  114.2
57808.0  2.6  980.1  116.0  358.2  2.64  0.03  -1.06  113.3
57809.0  2.9  980.0  116.0  358.1  2.77  -0.24  -0.86  113.2
57810.0  2.5  980.3  116.0  358.3  2.64  -0.92  -0.95  113.4
57811.0  2.7  979.9  116.0  358.4  2.68  -1.82  -1.42  114.0
57812.0  2.9  979.9  116.1  358.1  2.84  -1.82  -1.64  113.0
57813.0  2.2  980.9  116.0  357.6  2.74  -1.43  -0.54  113.7
57814.0  2.7  979.8  116.0  357.5  2.91  -2.11  0.18  114.1
57815.0  2.6  979.9  116.0  357.9  2.94  -2.86  -0.81  113.7
57816.0  2.6  980.2  116.0  358.0  2.97  -2.49  -0.95  113.4
57817.0  2.8  980.4  116.0  358.0  3.05  -1.48  -0.80  112.9
57818.0  3.0  980.4  116.0  358.0  2.93  -0.52  -1.37  113.6
57819.0  2.9  980.1  116.0  357.8  2.68  0.93  -0.99  113.5
57820.0  2.0  980.1  116.0  357.8  2.29  1.60  -1.00  113.2
57821.0  2.3  980.3  116.1  358.0  2.56  1.03  -1.23  113.3
57822.0  2.5  980.4  116.1  358.1  2.90  0.00  -1.08  112.9
57823.0  2.7  980.6  116.1  358.0  2.99  -1.36  -0.69  112.6
57824.0  2.9  980.2  116.1  358.1  2.94  -1.78  -0.90  112.6
57825.0  2.4  980.1  116.1  358.2  2.75  -0.44  -0.58  112.8
57826.0  2.7  980.5  116.1  358.4  2.87  -0.04  -0.66  113.1
57827.0  2.6  980.2  116.0  358.7  2.96  -0.39  -0.83  113.1
57828.0  2.7  980.1  116.0  358.9  2.98  -1.07  -1.21  113.2
57829.0  2.5  980.6  116.0  358.8  2.95  -1.82  -0.76  113.9
57830.0  2.7  980.3  116.0  358.8  3.05  -2.44  -0.87  114.4
57831.0  2.5  980.0  115.9  358.8  2.92  -2.37  -1.10  114.3
57832.0  2.5  979.9  115.9  358.7  2.87  -1.98  -0.97  114.2
57833.0  2.5  980.4  115.9  358.6  2.83  -1.48  -1.33  114.9
57834.0  2.6  980.0  115.8  358.3  2.89  -0.69  -0.93  114.4
57835.0  2.6  980.5  115.8  358.3  2.86  0.32  -0.81  114.1
57836.0  2.5  980.1  115.8  358.5  2.74  0.62  -0.99  114.0
57837.0  2.6  980.4  115.8  358.6  2.71  -0.12  -1.03  113.6
57838.0  2.7  980.0  115.8  358.6  2.69  -0.43  -0.68  113.0
57839.0  2.7  980.0  115.8  358.9  2.53  0.72  -0.91  113.3
57840.0  2.3  980.6  115.9  359.2  2.55  0.86  -0.99  114.0
57841.0  2.4  980.0  115.9  359.3  2.54  0.24  -1.02  113.5
57842.0  2.5  980.4  116.0  359.4  2.68  -0.52  -0.87  112.5
57843.0  2.7  980.2  116.0  359.4  2.71  -1.36  -1.22  112.3
57844.0  2.9  980.5  116.0  359.4  2.71  -0.87  -0.89  113.4
57845.0  2.3  980.1  116.1  359.4  2.41  0.16  -1.19  113.9
57846.0  2.1  980.4  116.1  359.4  2.55  0.55  -0.70  113.6
57847.0  2.8  980.1  116.1  359.5  2.83  0.64  -0.77  112.8
57848.0  3.2  980.0  116.1  359.9  2.72  0.79  -1.22  112.5
57849.0  3.1  980.1  116.2  359.9  2.34  0.51  -1.03  112.6
57850.0  2.5  979.9  116.4  0.0  2.00  -0.54  -0.39  114.8
57851.0  1.8  979.8  116.5  0.3  1.80  -2.11  -0.69  115.2
57852.0  2.3  980.2  116.6  0.4  2.27  -3.40  -1.35  113.8
57853.0  2.6  980.6  116.6  360.0  2.58  -3.64  -0.54  114.3
57854.0  2.0  979.8  116.7  359.9  2.27  -3.69  -1.12  114.0
57855.0  2.6  980.5  116.7  359.7  2.61  -3.00  -1.05  114.0
57856.0  2.6  980.2  116.7  359.5  2.75  -2.19  -1.14  113.3
57857.0  2.6  980.5  116.7  359.3  2.78  -1.71  -1.07  113.3
57858.0  2.8  980.2  116.7  359.1  2.75  -2.11  -0.64  113.8
57859.0  2.7  980.5  116.7  359.1  2.70  -2.94  -0.76  113.6
57860.0  2.2  980.3  116.8  359.2  2.57  -2.47  -1.08  114.0
57861.0  2.4  980.0  116.8  359.1  2.90  -1.45  -0.65  114.2
57862.0  2.6  980.2  116.7  359.2  3.18  -1.09  -0.92  114.4
57863.0  2.6  979.9  116.6  359.4  3.15  -1.61  -1.38  114.4
57864.0  2.9  980.2  116.6  359.2  3.18  -1.88  -1.20  114.5
57865.0  2.5  980.3  116.5  359.0  3.04  -1.83  -0.71  114.3
57866.0  2.4  980.3  116.4  359.0  3.05  -1.53  -0.77  114.2
57867.0  2.8  980.6  116.4  359.1  3.23  -0.67  -0.57  114.2
57868.0  2.6  980.1  116.3  359.3  3.13  0.11  -0.87  114.1
57869.0  3.0  980.0  116.2  359.5  3.02  1.37  -1.11  113.6
57870.0  2.9  980.2  116.2  359.7  2.80  1.91  -0.97  113.9
57871.0  2.3  980.2  116.2  359.9  2.40  1.23  -1.07  115.3
57872.0  2.7  980.2  116.2  0.0  2.44  0.29  -1.11  115.4
57873.0  2.1  980.2  116.3  0.2  2.12  1.14  -0.63  115.3
57874.0  2.4  980.6  116.4  0.7  2.04  3.50  -0.58  114.1
57875.0  1.9  980.4  116.4  1.2  1.92  3.03  -0.53  114.3
57876.0  2.2  980.2  116.5  1.7  2.12  0.60  -1.31  114.1
57877.0  2.2  980.0  116.6  1.7  2.31  0.13  -1.46  113.9
57878.0  2.5  980.2  116.6  1.4  2.49  0.58  -1.06  113.8
57879.0  2.5  980.2  116.6  1.4  2.50  -0.14  -1.26  114.0
57880.0  2.7  980.2  116.7  1.4  2.55  -0.79  -0.76  113.6
57881.0  2.6  980.1  116.7  1.5  2.46  -0.80  -0.90  113.7
57882.0  3.1  980.1  116.8  1.6  2.39  -0.39  -0.80  113.8
57883.0  2.4  980.1  116.9  1.7  2.13  -0.06  -1.17  114.3
57884.0  2.4  980.7  116.9  1.6  2.25  -0.28  -1.11  115.5
57885.0  2.5  980.2  117.0  1.6  2.49  -0.42  -1.12  114.9
57886.0  2.6  980.2  117.0  1.5  2.50  -0.67  -0.68  115.3
57887.0  2.2  980.3  117.0  1.6  2.29  -0.88  -0.95  115.8
57888.0  2.3  979.9  117.0  1.7  2.40  -0.76  -0.83  116.5
57889.0  2.5  980.5  117.0  1.7  2.60  -1.09  -0.82  116.5
57890.0  2.3  980.3  117.0  1.8  2.45  -1.33  -0.82  115.9
57891.0  2.0  980.1  117.0  1.8  2.40  -1.36  -0.78  115.6
57892.0  2.4  979.9  117.0  1.8  2.72  -1.20  -0.50  115.4
57893.0  2.4  980.4  117.0  2.1  2.77  -1.52  -0.68  115.0
57894.0  2.7  980.4  116.9  2.2  2.91  -2.47  -1.07  114.8
57895.0  2.5  980.0  116.9  2.2  2.89  -2.93  -1.02  114.2
57896.0  2.5  980.0  116.8  2.0  3.03  -3.33  -1.13  114.5
57897.0  2.7  980.3  116.8  1.8  3.18  -3.45  -1.33  115.1
57898.0  2.7  980.0  116.7  1.4  3.15  -3.06  -1.18  114.6
57899.0  2.7  980.4  116.6  1.1  3.08  -3.09  -1.05  114.3
57900.0  2.6  980.3  116.6  0.8  2.94  -3.30  -1.17  114.3
57901.0  2.4  980.3  116.5  0.5  2.80  -3.17  -1.01  114.1
57902.0  2.6  980.2  116.5  0.3  2.86  -2.82  -0.91  114.2
57903.0  2.5  980.3  116.5  0.2  2.78  -2.27  -0.63  114.3
57904.0  2.4  979.9  116.5  0.2  2.62  -1.87  -0.70  114.5
57905.0  2.4  980.1  116.5  0.3  2.59  -1.54  -0.95  114.7
57906.0  2.4  980.3  116.5  0.3  2.65  -1.87  -0.94  114.6
57907.0  2.5  980.0  116.5  0.3  2.63  -2.44  -1.09  114.5
57908.0  2.3  979.8  116.5  0.1  2.55  -2.10  -1.27  113.9
57909.0  2.5  980.0  116.6  359.8  2.64  -1.03  -1.02  114.1
57910.0  2.4  980.2  116.5  359.7  2.63  -0.02  -0.48  114.3
57911.0  2.3  980.5  116.5  359.9  2.55  -0.85  -0.23  114.2
57912.0  3.0  979.9  116.6  0.3  2.63  -2.35  -1.13  115.3
57913.0  2.6  980.5  116.6  0.3  2.39  -2.54  -1.56  114.7
57914.0  2.7  980.3  116.7  359.8  2.24  -2.19  -0.74  114.2
57915.0  2.1  981.0  116.8  359.5  1.98  -3.05  -0.11  114.5
57916.0  2.2  980.1  116.9  359.8  1.99  -1.99  -1.20  114.7
57917.0  2.0  980.3  116.9  359.7  2.24  0.15  -0.84  115.0
57918.0  2.7  980.0  116.9  359.6  2.57  1.52  -0.73  115.1
57919.0  2.4  980.2  117.0  359.9  2.38  1.21  -1.06  115.4
57920.0  2.3  980.3  117.0  0.1  2.32  0.39  -1.05  115.8
57921.0  2.4  980.4  117.0  0.2  2.46  0.16  -0.78  115.5
57922.0  2.6  980.0  117.0  0.4  2.46  0.72  -0.89  115.3
57923.0  2.3  980.4  117.0  0.6  2.33  1.89  -1.02  115.6
57924.0  2.4  980.2  117.0  0.8  2.37  4.60  -0.27  115.5
57925.0  2.6  980.5  117.1  1.5  2.36  8.32  -0.40  114.8
57926.0  2.5  980.3  117.1  2.5  2.32  11.94  -0.87  115.0
57927.0  2.5  980.2  117.1  3.7  2.57  13.25  0.18  114.9
57928.0  2.3  980.8  117.1  5.3  2.45  13.83  0.38  115.0
57929.0  2.8  980.2  117.2  7.3  2.72  15.11  -0.98  115.1
57930.0  3.0  980.5  117.3  8.9  2.93  17.14  -0.90  115.0
57931.0  2.7  980.1  117.3  10.3  2.67  19.19  -0.71  115.1
57932.0  2.6  980.4  117.4  12.1  2.60  20.21  -0.53  115.0
57933.0  2.9  980.3  117.5  14.2  2.67  20.59  -0.96  115.5
57934.0  2.7  980.4  117.5  16.1  2.63  20.73  -1.20  115.7
57935.0  2.3  979.9  117.6  17.7  2.54  20.70  -0.71  116.4
57936.0  2.4  980.3  117.7  19.6  2.53  21.28  -0.67  116.1
57937.0  2.5  980.0  117.8  21.6  2.68  21.88  -0.75  115.9
57938.0  2.7  980.2  117.8  23.7  2.78  20.74  -0.82  115.4
57939.0  3.0  980.3  117.9  25.5  2.67  19.62  -1.01  115.6
57940.0  2.5  980.1  118.0  27.1  2.49  20.01  -0.84  115.4
57941.0  2.7  980.2  118.1  28.8  2.46  20.53  -0.67  116.0
57942.0  2.5  980.2  118.2  30.7  2.39  20.47  -0.65  116.4
57943.0  2.5  980.1  118.3  32.7  2.38  20.17  -0.77  116.6
57944.0  2.4  980.2  118.3  34.5  2.44  20.01  -0.67  116.7
57945.0  2.5  979.8  118.2  36.5  2.37  19.91  -0.91  117.6
57946.0  2.8  980.0  118.1  38.3  2.40  19.42  -1.11  116.9
57947.0  2.5  979.8  118.0  39.8  2.23  18.50  -1.00  116.3
57948.0  3.0  980.1  118.0  41.3  2.04  17.48  -0.66  116.6
57949.0  2.7  980.4  118.1  42.9  1.57  16.72  -0.15  116.5
57950.0  2.4  979.8  118.1  44.7  1.21  15.25  -0.94  116.9
57951.0  2.1  980.0  118.2  46.2  1.35  14.12  -1.55  116.6
57952.0  2.1  980.0  118.3  47.2  1.67  14.26  -1.28  117.1
57953.0  2.7  980.0  118.3  48.1  1.99  14.90  -0.95  117.4
57954.0  1.9  979.9  118.3  49.1  1.70  15.71  -0.65  116.9
57955.0  2.8  979.7  118.4  50.4  1.95  15.55  -0.71  117.8
57956.0  2.2  980.3  118.4  51.7  1.78  15.31  -0.33  116.9
57957.0  2.1  980.0  118.5  53.3  1.74  15.20  -0.43  115.9
57958.0  2.6  979.6  118.5  54.9  2.05  13.88  -0.42  117.0
57959.0  2.8  980.2  118.5  56.5  1.99  12.16  -0.74  117.5
57960.0  1.9  980.0  118.5  57.7  1.55  11.13  -1.46  117.2
57961.0  2.1  979.9  118.5  58.5  1.95  9.88  -0.91  117.4
57962.0  2.4  980.2  118.5  59.3  2.12  7.66  -0.41  117.6
57963.0  2.2  980.3  118.5  60.3  2.00  4.62  -1.22  116.9
57964.0  2.5  980.0  118.5  60.7  2.20  2.32  -1.31  116.9
57965.0  2.6  980.2  118.4  60.8  2.28  1.14  -1.11  116.4
57966.0  2.0  980.3  118.4  60.8  2.10  0.63  -1.28  117.3
57967.0  2.3  980.1  118.4  60.6  2.39  -0.15  -0.51  117.5
57968.0  2.3  980.2  118.3  60.8  2.48  -0.61  -0.45  117.9
57969.0  2.1  980.1  118.3  61.1  2.38  -0.15  -1.08  117.3
57970.0  2.2  980.6  118.2  61.2  2.50  0.16  -1.13  117.3
57971.0  2.6  980.5  118.1  61.2  2.67  0.55  -1.14  117.1
57972.0  2.2  980.5  118.0  61.1  2.51  1.24  -1.21  116.5
57973.0  2.2  980.4  118.0  61.0  2.56  2.15  -0.40  116.3
57974.0  2.4  980.1  117.9  61.4  2.65  3.59  -0.31  116.7
57975.0  2.4  980.3  117.8  62.0  2.55  4.40  -0.61  116.9
57976.0  2.3  980.0  117.8  62.7  2.47  4.49  -0.76  116.6
57977.0  2.2  979.2  117.8  63.3  2.45  4.49  -1.34  117.3
57978.0  2.5  980.7  118.2  63.6  3.06  4.73  -0.84  116.9
57979.0  3.0  980.2  118.5  63.9  4.43  4.19  -0.56  117.1
57980.0  2.6  980.2  118.6  64.4  4.63  3.55  -0.57  117.3
57981.0  1.7  980.5  118.7  64.8  3.90  3.10  -0.62  117.7
57982.0  1.5  980.3  119.0  65.2  3.25  3.12  -0.87  118.3
57983.0  1.6  980.3  119.3  65.4  2.91  2.57  -0.86  118.5
57984.0  1.5  980.3  119.6  65.6  2.50  1.85  -0.75  118.8
57985.0  1.6  980.2  120.0  65.7  2.22  1.39  -0.75  119.2
57986.0  1.8  980.3  120.5  65.8  2.34  0.31  -0.75  119.6
57987.0  3.0  979.7  120.7  66.0  4.22  -0.21  -0.79  119.8
57988.0  3.3  980.2  120.6  66.2  5.79  -0.23  -0.97  119.6
57989.0  2.3  979.8  120.4  66.3  5.59  -0.31  -1.04  119.3
57990.0  1.9  980.0  120.2  66.3  5.34  -0.62  -0.95  119.3
57991.0  1.9  980.0  120.1  66.2  5.45  -0.53  -0.78  119.2
57992.0  1.8  979.7  120.0  66.2  5.36  -0.06  -0.68  119.1
57993.0  1.8  979.3  119.9  66.2  5.28  0.09  -0.67  119.0
57994.0  1.8  979.6  119.8  66.4  5.25  -0.02  -0.77  119.0
57995.0  1.8  979.3  119.8  66.4  5.20  -0.11  -0.84  118.9
57996.0  1.8  979.4  119.7  66.5  5.14  0.13  -0.75  118.8
57997.0  1.9  979.6  119.6  66.6  5.12  0.75  -0.70  118.8
57998.0  1.9  979.5  119.6  66.7  5.08  1.18  -0.69  118.8
57999.0  1.9  979.7  119.5  67.0  5.06  1.40  -0.71  118.6
58000.0  1.9  979.8  119.5  67.2  5.04  1.55  -0.74  118.6
58001.0  1.9  979.4  119.4  67.5  5.03  1.69  -0.79  118.6
58002.0  1.9  979.8  119.4  67.7  4.99  1.45  -0.85  118.6
58003.0  1.9  979.0  119.4  67.9  4.97  1.34  -0.92  118.6
58004.0  1.9  979.3  119.3  68.1  4.93  1.24  -0.86  118.6
58005.0  1.9  979.4  119.3  68.2  4.96  0.18  -0.85  118.6
58006.0  2.0  978.9  119.2  68.3  5.01  0.04  -0.90  118.6
58007.0  1.9  979.2  119.2  68.3  4.97  0.49  -0.84  118.6
58008.0  1.9  979.5  119.2  68.4  4.89  0.81  -0.68  118.6
58009.0  1.8  979.2  119.2  68.6  4.70  1.41  -0.66  118.8
58010.0  1.9  979.8  119.2  68.8  4.57  1.68  -0.68  119.0
58011.0  2.0  979.3  119.2  69.1  4.79  0.77  -0.80  119.0
58012.0  2.0  979.6  119.2  69.3  4.94  -0.11  -0.95  118.9
58013.0  2.0  979.4  119.1  69.3  5.00  -0.10  -0.92  118.9
58014.0  2.0  979.7  119.1  69.2  4.98  -0.28  -0.85  118.9
58015.0  1.9  979.1  119.0  69.3  4.91  0.17  -0.78  118.8
58016.0  2.0  979.2  119.0  69.3  4.99  1.40  -0.68  118.7
58017.0  2.0  979.1  118.9  69.5  4.98  1.85  -0.67  118.7
58018.0  2.0  979.2  118.9  69.8  4.98  1.67  -0.76  118.6
58019.0  2.0  979.1  118.9  70.1  5.05  0.73  -0.83  118.5
58020.0  2.0  979.1  118.8  70.2  5.08  0.72  -0.82  118.4
58021.0  2.1  979.2  118.7  70.4  5.26  0.35  -0.86  118.3
58022.0  2.1  978.9  118.7  70.5  5.28  0.15  -0.89  118.3
58023.0  2.0  979.4  118.6  70.6  5.28  0.39  -0.91  118.3
58024.0  2.1  979.2  118.5  70.7  5.33  0.44  -0.93  118.2
58025.0  2.2  979.1  118.4  70.8  5.67  0.15  -0.97  118.1
58026.0  2.2  979.2  118.2  70.9  5.86  -0.22  -0.94  117.8
58027.0  2.2  979.3  118.0  70.9  6.06  -0.04  -0.88  117.7
58028.0  2.2  978.8  117.8  71.0  6.17  0.22  -0.87  117.5
58029.0  2.2  979.6  117.6  71.1  6.18  0.34  -0.87  117.4
58030.0  2.2  979.0  117.4  71.2  6.28  0.33  -0.88  117.2
58031.0  2.2  979.5  117.1  71.3  6.46  0.05  -0.93  117.0
58032.0  2.3  979.2  116.8  71.4  6.59  -0.48  -0.98  116.7
58033.0  2.3  978.9  116.6  71.4  6.70  -0.81  -0.97  116.5
58034.0  2.3  979.2  116.3  71.4  6.82  -0.88  -0.94  116.2
58035.0  2.3  979.0  116.0  71.4  6.88  -0.81  -0.91  115.7
58036.0  2.2  979.0  115.7  71.3  6.74  -0.78  -0.87  115.4
58037.0  2.2  978.8  115.5  71.4  6.73  -0.96  -0.87  115.1
58038.0  2.3  979.2  115.2  71.4  6.74  -1.17  -0.91  114.7
58039.0  2.3  979.0  115.0  71.4  6.71  -1.31  -0.93  114.4
58040.0  2.3  979.2  114.8  71.4  6.67  -0.98  -0.89  114.1
58041.0  2.4  979.1  114.6  71.4  6.65  -1.30  -0.94  113.8
58042.0  2.4  979.0  114.4  71.4  6.52  -1.47  -0.98  113.5
58043.0  2.4  978.9  114.3  71.4  6.43  -1.24  -0.94  113.3
58044.0  2.5  979.1  114.1  71.3  6.45  -1.09  -0.91  113.1
58045.0  2.5  979.1  114.0  71.3  6.45  -0.56  -0.88  112.8
58046.0  2.5  979.0  113.9  71.4  6.42  -0.07  -0.83  112.5
58047.0  2.5  978.8  113.7  71.5  6.28  -0.05  -0.91  112.3
58048.0  2.4  979.3  113.7  71.6  6.04  -0.23  -0.97  112.4
58049.0  2.4  979.0  113.6  71.6  5.81  -0.46  -0.96  112.3
