flight/WP3D/AircraftMet_NP3_20130626_RA.ict
43  1001
Ken Aikin
NOAA ESRL Chemical Sciences Division
various aircraft sensors
SENEX 2013
1  1
2013  06  26  2013  06  26
1
AOCTimewave
10
1  1  1  1  1  1  1  1  1  1
-9999  -9999  -9999  -9999  -9999  -9999  -9999  -9999  -9999  -9999
AmbTemp  C
DewPtTemp  C
DewPtTempTDL  C
H2Omr  g/kg
PotTemp  K
RelHumidity  pct
StaticPrs  mbar
VertWindSpd  m/s
WindDir  deg
WindSpd  m/s
1
SPECIAL COMMENTS:Fayetteville shale flight.
18
PI_CONTACT_INFO: Address: NOAA ESRL Chemical Sciences Division  Mail Stop R/CSD7  325 Broadway  Boulder  CO 80305
PLATFORM: NOAA WP-3D
LOCATION: The aircraft was stationed in  Smyrna  Tennessee. Aircraft location information in AircraftPosition file.
ASSOCIATED_DATA: N/A
INSTRUMENT_INFO: N/A
DATA_INFO: Units:AmbTemp celcius; DewPtTemp celcius; DewPtTempTDL celcius; H2Omr g/kg; PotTemp kelvin; RelHumidity percent; StaticPrs millibar; VertWindSpd m/s; WindDir degrees; WindSpd m/s
UNCERTAINTY: N/A
ULOD_FLAG: -7777
ULOD_VALUE: N/A
LLOD_FLAG: -8888
LLOD_VALUE: N/A
DM_CONTACT_INFO: Data Manager:Ken Aikin; email:Kenneth.C.Aikin@noaa.gov
PROJECT_INFO: SENEX 2013 Study; June 1 - July 15  2013
STIPULATIONS_ON_USE: Use of these data require prior ok from PI.
OTHER_COMMENTS:       None
REVISION: RA
RA: Preliminary Data.  For in-field use.
AOCTimewave  AmbTemp  DewPtTemp  DewPtTempTDL  H2Omr  PotTemp  RelHumidity  StaticPrs  VertWindSpd  WindDir  WindSpd
[from data line 6976]
60844.0  24.750  18.060  1.070  14.36  305.35  65.55  917.10  -0.40  225.68  11.84
60845.0  24.540  18.080  1.560  14.37  305.12  66.50  917.19  -0.72  227.07  11.95
60846.0  24.430  18.100  1.610  14.40  305.00  67.09  917.18  -0.43  223.34  12.18
60847.0  24.480  18.150  1.850  14.44  305.06  67.07  917.16  -0.48  220.10  11.88
60848.0  24.550  18.210  1.810  14.49  305.13  67.04  917.21  -0.86  225.14  11.50
60849.0  24.560  18.290  1.740  14.56  305.12  67.32  917.43  -0.41  227.00  12.28
60850.0  24.400  18.340  1.350  14.62  304.98  68.22  917.24  -0.59  219.29  12.59
60851.0  24.520  18.380  2.300  14.66  305.09  67.91  917.25  -0.54  222.57  12.79
60852.0  24.690  18.460  1.990  14.73  305.26  67.56  917.28  -0.55  222.73  11.33
60853.0  24.760  18.570  1.690  14.83  305.33  67.70  917.35  -0.27  223.84  10.56
60854.0  24.670  18.590  1.920  14.85  305.26  68.17  917.09  0.42  215.17  9.71
60855.0  24.060  18.510  3.460  14.78  304.63  70.45  917.15  -0.15  203.09  10.24
60856.0  24.240  18.520  3.730  14.79  304.83  69.68  916.99  -0.74  214.31  9.15
60857.0  24.150  18.570  3.940  14.83  304.72  70.32  917.21  -0.19  230.84  9.63
60858.0  24.110  18.670  4.040  14.93  304.68  70.92  917.27  0.51  235.33  9.60
60859.0  24.130  18.890  3.430  15.14  304.70  71.86  917.20  0.62  230.08  9.59
60860.0  24.250  19.140  2.880  15.39  304.82  72.53  917.15  0.69  225.95  9.04
60861.0  24.050  19.320  2.660  15.57  304.64  74.25  916.96  0.07  220.52  10.63
60862.0  24.350  19.400  1.990  15.64  304.95  73.22  916.97  -1.00  217.75  11.20
60863.0  24.340  19.440  2.800  15.69  304.93  73.52  916.96  -0.73  209.71  9.56
60864.0  24.280  19.410  3.320  15.65  304.86  73.60  917.16  0.07  220.10  9.52
60865.0  24.220  19.400  3.410  15.65  304.81  73.84  916.98  0.27  223.06  8.73
60866.0  24.020  19.450  3.640  15.69  304.60  74.98  917.06  -0.07  226.70  9.23
60867.0  24.310  19.590  2.480  15.83  304.87  74.32  917.30  0.78  226.27  10.89
60868.0  24.470  19.720  1.720  15.97  305.06  74.20  917.05  0.35  226.15  10.97
60869.0  24.660  19.800  1.730  16.05  305.26  73.71  916.96  1.01  227.55  9.93
60870.0  24.690  19.860  1.760  16.11  305.29  73.84  916.94  -0.16  234.81  11.72
60871.0  24.480  19.900  2.030  16.16  305.09  75.03  916.84  0.07  226.05  10.90
60872.0  24.350  19.870  2.850  16.13  304.96  75.47  916.81  -0.81  228.40  11.29
60873.0  24.340  19.780  2.710  16.03  304.94  75.08  916.92  -0.34  223.75  10.83
60874.0  24.670  19.680  1.950  15.93  305.28  73.06  916.90  -2.01  222.27  12.95
60875.0  24.670  19.580  1.410  15.82  305.25  72.63  917.12  -0.90  216.88  11.48
60876.0  24.550  19.480  2.300  15.72  305.13  72.72  917.14  -0.26  215.34  9.58
60877.0  24.390  19.370  2.700  15.62  304.97  72.92  917.09  0.18  223.68  10.37
60878.0  24.290  19.270  2.900  15.52  304.88  72.90  916.99  -0.18  226.84  10.15
60879.0  24.490  19.240  2.130  15.49  305.08  71.88  917.06  0.07  229.18  10.87
60880.0  24.430  19.330  1.880  15.57  305.02  72.52  917.06  -0.28  224.17  10.63
60881.0  24.450  19.400  2.200  15.64  305.04  72.77  917.00  -0.98  221.27  10.48
60882.0  24.440  19.350  2.290  15.59  305.01  72.61  917.16  -0.76  221.66  10.14
60883.0  24.610  19.180  1.940  15.42  305.18  71.04  917.32  -0.19  224.77  9.36
60884.0  24.420  19.040  2.790  15.29  304.98  71.26  917.33  0.46  224.07  8.16
60885.0  24.250  18.980  3.060  15.23  304.81  71.75  917.31  0.87  222.32  9.66
60886.0  24.430  18.970  2.860  15.21  304.99  70.89  917.35  0.20  233.71  10.85
60887.0  24.490  19.020  1.750  15.27  305.09  70.86  916.87  -0.58  225.31  11.81
60888.0  24.390  19.090  2.190  15.34  305.00  71.62  916.80  -0.16  219.03  11.31
60889.0  24.400  19.120  3.110  15.37  305.01  71.73  916.78  -0.03  223.25  10.36
60890.0  24.330  19.090  2.720  15.35  304.95  71.93  916.64  -0.84  226.66  10.16
60891.0  24.330  19.090  2.750  15.34  304.95  71.89  916.67  -0.78  222.12  9.44
60892.0  24.170  19.100  3.540  15.36  304.79  72.66  916.72  0.24  224.48  8.53
60893.0  24.050  19.120  3.840  15.38  304.66  73.33  916.69  0.30  227.38  7.90
60894.0  24.030  19.190  3.980  15.44  304.66  73.72  916.50  -1.07  232.15  7.99
60895.0  24.080  19.290  3.240  15.54  304.69  73.95  916.74  -0.99  232.61  9.58
60896.0  24.300  19.360  2.350  15.60  304.89  73.29  916.91  -1.16  228.69  8.48
60897.0  24.190  19.410  2.720  15.66  304.78  74.02  916.97  0.05  225.91  8.08
60898.0  24.050  19.480  3.360  15.72  304.62  75.02  917.08  0.26  227.08  9.84
60899.0  24.340  19.520  2.260  15.77  304.94  73.88  916.88  -0.54  228.51  10.05
60900.0  24.380  19.530  2.170  15.77  304.96  73.69  917.11  0.40  226.62  9.61
60901.0  24.260  19.500  2.880  15.75  304.82  74.16  917.24  0.40  225.04  9.78
60902.0  24.130  19.470  3.340  15.71  304.70  74.60  917.16  -0.48  228.55  9.98
60903.0  24.190  19.490  3.240  15.74  304.77  74.40  917.13  -0.35  227.25  9.25
60904.0  24.240  19.560  2.820  15.80  304.81  74.50  917.12  0.28  222.92  8.13
60905.0  24.140  19.620  3.470  15.87  304.73  75.24  916.96  -0.40  221.62  7.85
60906.0  24.080  19.640  3.620  15.89  304.66  75.62  917.10  0.44  222.39  7.17
60907.0  24.050  19.630  3.700  15.87  304.63  75.73  917.00  0.03  221.31  7.29
60908.0  24.100  19.650  3.480  15.89  304.67  75.56  917.10  -0.12  228.23  8.57
60909.0  24.060  19.730  3.440  15.97  304.63  76.14  917.19  0.65  224.51  9.00
60910.0  24.010  19.780  3.380  16.03  304.59  76.62  917.00  0.53  222.41  9.20
60911.0  24.060  19.690  3.260  15.94  304.65  75.97  916.94  0.45  225.01  9.21
60912.0  24.170  19.630  3.010  15.88  304.76  75.19  916.88  -0.11  227.13  9.39
60913.0  24.360  19.650  2.350  15.89  304.95  74.37  916.98  0.47  221.74  10.27
60914.0  24.630  19.670  1.930  15.93  305.26  73.24  916.65  0.24  223.07  9.22
60915.0  24.420  19.680  3.020  15.94  305.05  74.25  916.63  1.09  215.72  7.50
60916.0  24.110  19.610  4.380  15.86  304.71  75.33  916.83  1.02  220.31  7.02
60917.0  23.900  19.600  4.440  15.85  304.49  76.29  916.84  0.57  227.03  7.87
60918.0  23.990  19.590  4.320  15.84  304.59  75.81  916.79  0.48  232.04  9.36
60919.0  24.570  19.510  2.250  15.76  305.19  72.75  916.73  0.05  233.45  9.70
60920.0  24.710  19.410  1.590  15.66  305.33  71.70  916.71  0.26  233.82  9.48
60921.0  24.750  19.360  1.790  15.62  305.38  71.29  916.66  0.16  234.56  9.97
60922.0  24.890  19.360  1.150  15.61  305.52  70.65  916.75  0.01  233.60  10.62
60923.0  25.150  19.320  0.590  15.57  305.77  69.39  916.90  -0.08  233.60  10.18
60924.0  25.280  19.260  0.550  15.51  305.92  68.50  916.80  -0.51  237.66  10.62
60925.0  25.390  19.190  0.550  15.44  306.01  67.80  916.89  -0.89  237.20  10.82
60926.0  25.140  19.150  0.800  15.40  305.76  68.62  916.93  -0.72  229.94  9.83
60927.0  24.670  19.080  3.100  15.33  305.27  70.35  917.09  -0.60  230.45  8.92
60928.0  24.470  18.940  3.120  15.19  305.06  70.58  917.07  -0.31  233.96  10.15
60929.0  24.440  18.760  2.800  15.02  305.02  69.94  917.17  0.01  232.42  9.34
60930.0  24.230  18.570  3.380  14.83  304.80  69.97  917.19  0.09  230.02  7.89
60931.0  24.130  18.420  3.650  14.69  304.71  69.70  917.15  0.03  231.84  8.65
60932.0  24.190  18.340  2.850  14.62  304.77  69.12  917.13  0.27  230.73  10.00
60933.0  24.330  18.300  2.730  14.58  304.91  68.36  917.12  0.57  228.34  9.92
60934.0  24.380  18.340  2.700  14.63  304.98  68.35  916.88  1.03  226.30  10.65
60935.0  24.220  18.440  3.780  14.71  304.81  69.44  917.02  0.88  225.58  10.20
60936.0  24.210  18.600  3.370  14.87  304.81  70.20  916.96  1.31  221.47  9.65
60937.0  24.160  18.810  4.760  15.06  304.75  71.35  916.97  1.04  225.89  7.97
60938.0  24.060  18.990  4.450  15.25  304.67  72.66  916.74  1.35  221.10  7.03
60939.0  23.940  19.130  4.520  15.39  304.54  73.89  916.76  0.28  235.03  8.59
60940.0  24.010  19.200  4.090  15.45  304.61  73.88  916.78  0.32  235.30  8.94
60941.0  24.090  19.250  3.310  15.50  304.72  73.70  916.58  0.12  231.72  9.02
60942.0  24.030  19.280  3.250  15.53  304.65  74.14  916.61  -0.29  228.85  9.41
60943.0  24.090  19.350  3.590  15.61  304.70  74.23  916.77  0.23  224.80  9.06
60944.0  24.230  19.470  3.540  15.73  304.84  74.16  916.76  -0.07  219.13  8.87
60945.0  24.250  19.610  3.420  15.86  304.87  74.70  916.66  0.18  221.05  9.04
60946.0  24.440  19.790  2.970  16.04  305.07  74.66  916.64  0.12  231.03  11.38
60947.0  24.740  19.990  2.100  16.25  305.36  74.19  916.78  0.55  230.78  11.08
60948.0  24.570  20.090  2.970  16.35  305.19  75.49  916.70  0.59  229.08  9.52
60949.0  24.520  20.120  3.260  16.39  305.15  75.88  916.59  0.53  234.56  11.01
60950.0  24.680  20.140  2.090  16.41  305.32  75.24  916.58  0.50  234.13  10.92
60951.0  24.670  20.120  2.330  16.39  305.29  75.19  916.69  0.20  232.98  10.03
60952.0  24.480  19.980  2.790  16.24  305.10  75.38  916.69  -0.16  231.82  10.16
60953.0  24.570  19.760  2.920  16.02  305.20  73.91  916.73  -0.11  234.89  10.47
60954.0  24.630  19.600  2.500  15.85  305.26  72.88  916.66  -0.33  228.02  9.79
60955.0  24.550  19.490  2.720  15.74  305.16  72.78  916.82  -0.23  229.65  10.31
60956.0  24.840  19.350  2.470  15.60  305.46  70.82  916.77  -0.51  234.38  10.80
60957.0  24.750  19.220  2.370  15.47  305.37  70.63  916.75  -0.36  226.90  9.30
60958.0  24.600  19.140  3.070  15.39  305.20  70.93  916.99  0.01  228.22  9.16
60959.0  24.560  19.120  3.010  15.37  305.15  71.04  916.98  0.01  226.81  9.02
60960.0  24.660  19.060  2.750  15.31  305.26  70.33  916.95  -0.17  226.39  9.52
60961.0  24.660  19.030  2.780  15.28  305.29  70.17  916.66  -0.76  228.21  10.85
60962.0  24.760  19.010  2.460  15.26  305.36  69.66  916.99  0.30  228.46  10.92
60963.0  24.810  18.970  2.230  15.23  305.43  69.24  916.91  0.25  225.59  10.90
60964.0  24.990  18.970  1.960  15.22  305.62  68.47  916.77  0.24  227.48  11.26
60965.0  25.030  18.920  2.100  15.18  305.66  68.10  916.75  -0.19  228.59  11.08
60966.0  24.990  18.840  2.140  15.10  305.63  67.89  916.73  0.05  227.85  10.45
60967.0  24.990  18.730  2.030  14.99  305.62  67.42  916.85  0.38  229.03  10.63
60968.0  24.890  18.650  2.350  14.92  305.51  67.52  916.79  0.23  231.52  10.33
60969.0  24.790  18.650  2.280  14.91  305.40  67.94  916.93  0.13  231.46  9.99
60970.0  24.810  18.600  2.280  14.87  305.41  67.64  917.02  0.29  232.69  9.52
60971.0  24.660  18.550  2.350  14.82  305.26  68.06  916.98  0.23  233.50  9.50
60972.0  24.530  18.550  2.660  14.82  305.12  68.59  917.09  0.13  233.92  9.72
60973.0  24.510  18.580  2.660  14.85  305.08  68.84  917.31  0.18  232.69  9.77
60974.0  24.540  18.590  2.530  14.86  305.14  68.75  916.99  0.15  232.60  9.54
60975.0  24.450  18.560  2.690  14.84  305.07  69.00  916.72  0.20  231.49  8.94
60976.0  24.360  18.570  2.840  14.86  305.06  69.41  915.88  -0.63  233.08  8.37
60977.0  24.080  18.580  3.500  14.88  304.84  70.68  915.14  -1.06  225.70  8.33
60978.0  24.030  18.600  3.620  14.90  304.83  70.98  914.63  -0.55  228.78  9.02
60979.0  24.070  18.670  2.930  14.99  304.98  71.10  913.61  -0.34  231.50  9.29
60980.0  24.070  18.740  2.640  15.08  305.12  71.42  912.11  -0.15  233.06  9.25
60981.0  23.990  18.770  2.500  15.14  305.18  71.98  910.57  -0.09  234.51  9.69
60982.0  24.080  18.740  2.380  15.13  305.39  71.42  909.38  0.21  238.11  9.69
60983.0  23.980  18.780  2.280  15.19  305.42  72.02  907.99  0.36  237.10  9.64
60984.0  23.910  18.800  2.420  15.24  305.49  72.44  906.48  0.68  237.63  9.69
60985.0  23.850  18.780  2.200  15.23  305.54  72.58  905.39  0.84  238.35  9.53
60986.0  23.730  18.760  2.110  15.24  305.52  73.08  904.19  0.33  238.43  9.81
60987.0  23.440  18.730  2.610  15.23  305.34  74.27  903.05  0.57  237.11  10.02
60988.0  23.120  18.740  3.200  15.26  305.13  75.80  901.77  0.65  235.60  9.64
60989.0  23.190  18.760  2.600  15.30  305.34  75.57  900.39  0.66  237.24  10.82
60990.0  23.540  18.740  1.380  15.31  305.81  73.84  899.18  0.36  239.48  11.48
60991.0  23.730  18.660  0.640  15.24  306.12  72.57  898.10  0.41  239.84  11.80
60992.0  23.850  18.560  0.500  15.16  306.34  71.59  897.05  0.32  241.86  12.05
60993.0  23.820  18.450  0.390  15.07  306.42  71.19  895.97  0.29  241.97  11.98
60994.0  23.770  18.290  0.250  14.94  306.44  70.72  895.15  0.39  241.93  12.11
60995.0  23.810  18.080  0.280  14.75  306.57  69.56  894.36  0.51  247.10  12.00
60996.0  24.240  17.900  -0.620  14.60  307.10  66.95  893.45  -0.17  251.88  12.00
60997.0  24.730  17.770  -1.880  14.48  307.68  64.42  892.65  -0.98  249.96  12.03
60998.0  24.960  17.650  -2.310  14.38  307.98  63.00  892.05  -0.60  246.49  12.31
60999.0  25.030  17.420  -2.020  14.19  308.13  61.80  891.22  -0.19  249.52  12.45
61000.0  25.050  17.220  -2.040  14.02  308.25  60.94  890.26  0.13  250.41  12.48
61001.0  24.910  17.050  -1.970  13.89  308.22  60.81  889.08  0.60  250.24  12.91
61002.0  24.810  16.870  -1.760  13.74  308.22  60.44  888.08  0.91  252.81  12.75
61003.0  24.890  16.710  -2.140  13.62  308.40  59.55  887.13  1.02  255.53  12.52
61004.0  24.950  16.490  -2.510  13.43  308.54  58.48  886.27  0.91  256.99  12.25
61005.0  24.960  16.230  -2.660  13.22  308.65  57.46  885.28  0.63  257.94  12.31
61006.0  24.860  16.000  -2.620  13.04  308.60  56.97  884.70  0.38  256.52  12.43
61007.0  24.870  15.830  -2.680  12.89  308.63  56.29  884.51  0.29  254.31  12.30
61008.0  24.670  15.640  -2.500  12.74  308.44  56.32  884.32  -0.09  253.90  12.42
61009.0  24.620  15.510  -2.510  12.63  308.40  56.01  884.25  -0.16  253.17  12.76
61010.0  24.590  15.380  -2.400  12.53  308.38  55.62  884.16  -0.28  253.22  12.66
61011.0  24.590  15.250  -2.480  12.42  308.37  55.16  884.18  -0.37  253.65  12.58
61012.0  24.630  15.120  -2.520  12.31  308.42  54.55  884.21  -0.55  254.63  12.22
61013.0  24.710  15.000  -2.650  12.21  308.50  53.85  884.23  -0.57  255.84  12.35
61014.0  24.650  14.920  -2.600  12.15  308.43  53.80  884.29  -0.52  255.58  12.19
61015.0  24.730  14.910  -2.700  12.14  308.53  53.45  884.11  -0.49  254.97  12.10
61016.0  24.660  14.850  -2.640  12.10  308.48  53.48  883.89  -0.41  254.72  11.96
61017.0  24.730  14.780  -2.620  12.05  308.56  53.02  883.75  -0.27  254.68  11.94
61018.0  24.690  14.760  -2.700  12.03  308.53  53.05  883.71  -0.18  254.83  11.78
61019.0  24.770  14.710  -2.760  11.99  308.60  52.64  883.78  0.00  255.19  11.68
61020.0  24.780  14.680  -2.800  11.97  308.64  52.49  883.55  0.01  254.87  11.59
61021.0  24.770  14.650  -2.740  11.95  308.65  52.42  883.40  -0.05  254.42  11.60
61022.0  24.860  14.630  -2.820  11.93  308.73  52.07  883.39  -0.04  254.39  11.71
61023.0  24.840  14.630  -2.820  11.93  308.71  52.14  883.43  0.00  255.65  11.60
61024.0  24.900  14.610  -2.790  11.92  308.78  51.86  883.38  -0.32  257.19  11.30
61025.0  24.950  14.590  -2.760  11.91  308.88  51.62  882.90  -0.39  257.91  11.18
61026.0  24.850  14.560  -2.670  11.89  308.83  51.88  882.34  -0.41  256.99  11.34
61027.0  24.820  14.540  -2.690  11.89  308.88  51.90  881.51  -0.33  257.55  11.45
61028.0  24.760  14.530  -2.730  11.89  308.91  52.03  880.67  -0.32  258.14  11.24
61029.0  24.720  14.500  -2.760  11.89  308.99  52.09  879.41  -0.16  258.06  11.30
61030.0  24.560  14.480  -2.770  11.89  308.93  52.53  878.32  0.02  258.24  11.37
61031.0  24.520  14.480  -2.710  11.89  308.97  52.64  877.56  0.04  259.10  11.35
61032.0  24.420  14.460  -2.700  11.89  308.95  52.90  876.72  0.10  258.77  11.27
61033.0  24.330  14.460  -2.710  11.90  308.96  53.18  875.74  0.26  258.20  11.31
61034.0  24.250  14.420  -2.700  11.89  308.96  53.34  874.85  0.25  257.50  11.29
61035.0  24.130  14.400  -2.610  11.88  308.91  53.65  874.18  0.29  257.94  11.22
61036.0  24.060  14.390  -2.580  11.88  308.91  53.83  873.38  0.28  257.81  11.18
