flight/WP3D/AircraftPos_NP3_20130625_RA.ict
39  1001
Ken Aikin
NOAA ESRL Chemical Sciences Division
various aircraft sensors
SENEX 2013
1  1
2013  06  25  2013  06  25
1
AOCTimewave  sec
5
1  1  1  1  1 
-9999  -9999  -9999  -9999  -9999
GpsLat  deg
GpsLon  deg
GpsAlt  m
PAlt  m
RAlt  m
1
Haynesville flight. Default DewPtTemp was bad from 19:39:53-19:47:27. Also affected H2Omr  RelHumidity  PotTemp.
19
PI_CONTACT_INFO: Address: NOAA ESRL Chemical Sciences Division  Mail Stop R/CSD7  325 Broadway  Boulder  CO 80305
PLATFORM: NOAA WP-3D
LOCATION: The aircraft was stationed in Smyrna  Tennessee. Aircraft location information in AircraftPosition file.
ASSOCIATED_DATA: N/A
INSTRUMENT_INFO: N/A
DATA_INFO: Units:GpsLat:decimal degrees; GpsLon: decimal degrees; GpsAlt: meters; PAlt:meters; RAlt: meters.
UNCERTAINTY: N/A
ULOD_FLAG: -7777
ULOD_VALUE: N/A
LLOD_FLAG: -8888
LLOD_VALUE: N/A
DM_CONTACT_INFO: Data Manager:Ken Aikin; email:Kenneth.C.Aikin@noaa.gov
PROJECT_INFO: SENEX 2013 Study; June 1 - July 15  2013
STIPULATIONS_ON_USE: Use of these data require prior ok from PI.
OTHER_COMMENTS:       None
REVISION: RB
RB: Fixed change in units for PAlt and RAlt.
RA: Preliminary Data.  For in-field use.
AOCTimewave  GpsLat  GpsLon  GpsAlt  PAlt  RAlt
[from data line 13382]
68480.0  32.4065   -94.9425   1154.3   1044.9   1079.7
68481.0  32.4065   -94.9412   1142.3   1036.3   1062.1
68482.0  32.4064   -94.9399   1130.9   1026.0   1027.4
68483.0  32.4064   -94.9385   1119.0   1013.3   1018.4
68484.0  32.4064   -94.9372   1107.0   1000.4   1018.1
68485.0  32.4063   -94.9359   1096.3    990.6   1006.5
68486.0  32.4063   -94.9346   1087.9    982.2   1000.5
68487.0  32.4062   -94.9332   1080.9    973.6    992.7
68488.0  32.4062   -94.9319   1073.9    967.9    980.0
68489.0  32.4061   -94.9306   1065.8    961.6    964.4
68490.0  32.4061   -94.9293   1056.3    952.4    961.0
68491.0  32.4060   -94.9280   1047.2    942.9    951.2
68492.0  32.4059   -94.9267   1038.9    935.4    946.7
68493.0  32.4059   -94.9254   1030.0    928.7    924.0
68494.0  32.4058   -94.9240   1021.2    920.9    914.8
68495.0  32.4057   -94.9227   1011.5    908.4    903.2
68496.0  32.4057   -94.9214   1001.7    899.0    895.3
68497.0  32.4056   -94.9201    992.5    891.7    888.1
68498.0  32.4056   -94.9188    982.8    882.6    880.8
68499.0  32.4055   -94.9175    972.7    872.5    868.9
68500.0  32.4055   -94.9162    962.8    863.6    864.0
68501.0  32.4054   -94.9149    952.1    853.7    861.2
68502.0  32.4053   -94.9137    940.9    842.3    858.8
68503.0  32.4053   -94.9123    930.2    830.8    838.5
68504.0  32.4052   -94.9110    921.4    822.0    827.7
68505.0  32.4052   -94.9097    913.5    815.7    825.9
68506.0  32.4051   -94.9084    904.9    808.1    819.4
68507.0  32.4050   -94.9072    896.9    799.3    812.3
68508.0  32.4050   -94.9059    889.8    792.7    810.3
68509.0  32.4049   -94.9046    883.6    787.5    810.6
68510.0  32.4048   -94.9033    877.9    783.1    788.7
68511.0  32.4048   -94.9020    872.4    776.9    777.8
68512.0  32.4047   -94.9007    866.5    771.9    763.4
68513.0  32.4046   -94.8995    860.9    765.9    758.1
68514.0  32.4045   -94.8982    855.8    762.5    752.0
68515.0  32.4045   -94.8970    851.1    759.5    761.9
68516.0  32.4044   -94.8957    845.5    754.0    772.7
68517.0  32.4043   -94.8945    839.6    745.4    771.1
68518.0  32.4042   -94.8932    834.4    742.4    760.1
68519.0  32.4041   -94.8920    829.3    737.8    759.8
68520.0  32.4040   -94.8908    824.7    733.5    756.6
68521.0  32.4039   -94.8896    820.6    730.4    747.3
68522.0  32.4038   -94.8883    815.9    725.7    736.0
68523.0  32.4037   -94.8871    810.4    720.6    733.2
68524.0  32.4036   -94.8859    803.9    713.1    734.6
68525.0  32.4035   -94.8847    798.2    706.7    729.4
68526.0  32.4034   -94.8835    793.9    704.3    716.7
68527.0  32.4033   -94.8823    789.7    698.3    706.4
68528.0  32.4032   -94.8811    785.3    695.0    712.5
68529.0  32.4031   -94.8799    778.7    691.9    703.7
68530.0  32.4030   -94.8787    770.5    683.7    690.8
68531.0  32.4029   -94.8776    762.2    673.0    677.4
68532.0  32.4028   -94.8764    755.5    666.1    673.0
68533.0  32.4027   -94.8752    750.1    662.7    669.9
68534.0  32.4027   -94.8740    745.3    658.0    666.9
68535.0  32.4026   -94.8728    740.7    652.1    662.0
68536.0  32.4025   -94.8716    735.9    648.1    655.5
68537.0  32.4024   -94.8705    729.6    642.7    647.1
68538.0  32.4024   -94.8693    722.4    635.7    621.0
68539.0  32.4023   -94.8681    715.5    630.0    614.2
68540.0  32.4022   -94.8670    708.7    623.6    613.2
68541.0  32.4022   -94.8658    701.7    616.3    598.9
68542.0  32.4021   -94.8646    695.1    608.0    598.9
68543.0  32.4020   -94.8634    690.3    603.4    598.2
68544.0  32.4019   -94.8622    687.2    601.2    576.2
68545.0  32.4019   -94.8610    685.3    597.9    573.0
68546.0  32.4018   -94.8598    684.6    599.3    574.1
68547.0  32.4017   -94.8586    682.5    596.8    576.7
68548.0  32.4016   -94.8574    679.4    592.0    574.0
68549.0  32.4015   -94.8561    677.3    590.0    570.6
68550.0  32.4015   -94.8549    676.7    592.4    574.3
68551.0  32.4014   -94.8537    675.4    594.0    596.2
68552.0  32.4013   -94.8524    673.7    588.2    577.0
68553.0  32.4012   -94.8512    673.6    588.6    585.0
68554.0  32.4011   -94.8500    674.6    592.4    588.2
68555.0  32.4011   -94.8487    674.2    591.5    578.9
68556.0  32.4010   -94.8475    673.4    587.7    592.5
68557.0  32.4009   -94.8462    674.8    590.2    594.5
68558.0  32.4008   -94.8450    675.9    590.7    600.3
68559.0  32.4007   -94.8437    678.6    593.2    605.8
68560.0  32.4007   -94.8425    682.7    598.6    608.4
68561.0  32.4006   -94.8412    685.6    600.4    616.8
68562.0  32.4005   -94.8400    687.2    602.8    610.2
68563.0  32.4005   -94.8388    686.5    601.2    606.6
68564.0  32.4004   -94.8375    686.4    602.6    609.4
68565.0  32.4004   -94.8363    686.4    603.1    602.6
68566.0  32.4003   -94.8350    686.4    603.2    596.2
68567.0  32.4002   -94.8338    687.2    601.9    597.9
68568.0  32.4002   -94.8325    689.7    605.0    593.4
68569.0  32.4001   -94.8313    691.3    605.9    591.1
68570.0  32.4001   -94.8301    692.1    605.4    589.0
68571.0  32.4000   -94.8288    693.4    606.3    590.3
68572.0  32.4000   -94.8276    694.9    609.7    599.5
68573.0  32.4000   -94.8263    694.9    611.4    596.7
68574.0  32.3999   -94.8251    694.1    611.4    598.0
68575.0  32.3999   -94.8238    691.4    607.8    590.1
68576.0  32.3999   -94.8226    687.4    603.3    591.1
68577.0  32.3998   -94.8213    682.5    600.4    584.9
68578.0  32.3998   -94.8201    676.3    593.3    577.9
68579.0  32.3998   -94.8188    669.9    586.2    574.3
68580.0  32.3997   -94.8176    663.2    580.7    558.7
68581.0  32.3997   -94.8163    656.4    575.6    550.3
68582.0  32.3996   -94.8150    649.2    567.6    546.0
68583.0  32.3996   -94.8138    642.9    560.6    537.9
68584.0  32.3996   -94.8125    638.9    557.2    528.8
68585.0  32.3995   -94.8113    637.1    556.1    525.7
68586.0  32.3995   -94.8100    637.6    554.7    528.5
68587.0  32.3994   -94.8087    636.1    553.0    530.9
68588.0  32.3994   -94.8075    632.3    549.0    528.1
68589.0  32.3993   -94.8062    627.5    544.0    519.1
68590.0  32.3993   -94.8049    622.6    539.6    518.6
68591.0  32.3992   -94.8036    617.6    533.9    509.9
68592.0  32.3992   -94.8024    613.2    529.0    508.3
68593.0  32.3991   -94.8011    609.9    526.8    501.7
68594.0  32.3990   -94.7998    607.7    526.5    500.4
68595.0  32.3990   -94.7985    605.1    523.0    495.7
68596.0  32.3990   -94.7972    602.6    520.1    498.9
68597.0  32.3989   -94.7959    600.4    517.5    504.5
68598.0  32.3989   -94.7946    598.1    517.8    494.9
68599.0  32.3988   -94.7934    595.5    513.1    498.4
68600.0  32.3988   -94.7921    595.3    511.5    500.3
68601.0  32.3988   -94.7908    597.4    516.2    505.2
68602.0  32.3987   -94.7896    599.8    518.4    511.9
68603.0  32.3987   -94.7883    602.5    520.5    510.0
68604.0  32.3987   -94.7870    605.6    521.7    517.9
68605.0  32.3987   -94.7858    609.2    527.7    526.2
68606.0  32.3987   -94.7846    611.0    529.0    525.1
68607.0  32.3986   -94.7833    612.8    529.7    524.3
68608.0  32.3986   -94.7821    615.1    532.6    531.3
68609.0  32.3986   -94.7809    616.8    534.6    531.2
68610.0  32.3986   -94.7797    617.3    535.7    529.9
68611.0  32.3985   -94.7785    616.9    536.9    530.2
68612.0  32.3985   -94.7772    616.5    536.4    524.0
68613.0  32.3985   -94.7760    614.2    532.5    512.2
68614.0  32.3985   -94.7748    611.1    529.0    512.6
68615.0  32.3985   -94.7736    608.6    526.5    514.0
68616.0  32.3985   -94.7724    607.2    522.3    501.3
68617.0  32.3985   -94.7711    607.5    524.8    498.9
68618.0  32.3985   -94.7699    609.6    527.9    502.9
68619.0  32.3985   -94.7687    611.6    530.7    506.9
68620.0  32.3985   -94.7675    612.0    529.9    510.7
68621.0  32.3985   -94.7662    612.5    530.0    504.6
68622.0  32.3985   -94.7650    612.5    530.1    507.4
68623.0  32.3985   -94.7638    612.0    531.9    507.6
68624.0  32.3984   -94.7626    610.6    528.4    501.8
68625.0  32.3984   -94.7613    608.8    526.2    503.1
68626.0  32.3984   -94.7601    606.9    524.3    505.1
68627.0  32.3983   -94.7589    605.2    523.1    497.2
68628.0  32.3983   -94.7577    603.2    523.5    498.1
68629.0  32.3982   -94.7564    601.7    521.7    499.1
68630.0  32.3981   -94.7552    601.1    521.7    500.3
68631.0  32.3981   -94.7540    601.1    520.1    495.6
68632.0  32.3980   -94.7528    601.1    518.5    498.6
68633.0  32.3979   -94.7516    600.7    519.4    497.9
68634.0  32.3978   -94.7503    599.8    518.8    502.0
68635.0  32.3978   -94.7491    600.3    519.1    500.6
68636.0  32.3977   -94.7479    601.1    520.3    502.5
68637.0  32.3976   -94.7467    601.1    520.9    504.9
68638.0  32.3975   -94.7455    601.6    520.6    502.4
68639.0  32.3975   -94.7442    602.3    520.4    505.2
68640.0  32.3974   -94.7430    602.7    520.8    508.6
68641.0  32.3973   -94.7418    603.5    521.8    513.4
68642.0  32.3972   -94.7406    603.5    519.9    515.8
68643.0  32.3972   -94.7394    603.5    520.0    516.9
68644.0  32.3971   -94.7381    603.5    519.9    521.0
68645.0  32.3970   -94.7369    603.5    520.2    523.0
68646.0  32.3969   -94.7357    603.5    522.0    529.1
68647.0  32.3968   -94.7345    603.5    522.3    521.5
68648.0  32.3968   -94.7333    602.4    522.6    516.5
68649.0  32.3967   -94.7320    602.2    522.1    515.5
68650.0  32.3966   -94.7308    601.1    520.6    520.4
68651.0  32.3965   -94.7296    601.1    518.7    518.0
68652.0  32.3965   -94.7284    601.6    519.4    514.8
68653.0  32.3964   -94.7272    602.3    519.4    513.9
68654.0  32.3964   -94.7260    602.8    519.4    511.8
68655.0  32.3963   -94.7247    604.1    522.3    508.0
68656.0  32.3963   -94.7235    605.1    523.3    510.9
68657.0  32.3963   -94.7223    606.4    524.0    509.2
68658.0  32.3962   -94.7211    608.1    526.3    506.3
68659.0  32.3962   -94.7198    609.4    528.5    513.2
68660.0  32.3962   -94.7186    609.6    529.7    511.5
68661.0  32.3962   -94.7174    608.6    525.9    509.9
68662.0  32.3962   -94.7161    607.7    524.2    508.0
68663.0  32.3963   -94.7149    608.4    526.9    509.8
68664.0  32.3963   -94.7137    607.3    526.2    510.8
68665.0  32.3963   -94.7124    606.7    527.0    514.3
68666.0  32.3963   -94.7112    605.7    526.4    517.6
68667.0  32.3963   -94.7100    604.4    523.9    508.8
68668.0  32.3963   -94.7087    603.2    523.8    500.2
68669.0  32.3963   -94.7075    602.2    523.0    501.8
68670.0  32.3964   -94.7063    601.1    521.6    503.1
68671.0  32.3964   -94.7050    601.1    521.0    508.8
68672.0  32.3964   -94.7038    600.1    519.5    499.1
68673.0  32.3964   -94.7026    600.1    518.1    503.4
68674.0  32.3964   -94.7013    601.1    518.7    505.9
68675.0  32.3964   -94.7001    601.1    519.5    510.0
68676.0  32.3965   -94.6989    601.2    519.5    506.4
68677.0  32.3965   -94.6976    602.8    521.2    505.2
68678.0  32.3965   -94.6964    604.8    524.4    505.9
68679.0  32.3965   -94.6952    605.9    523.3    507.7
68680.0  32.3965   -94.6939    606.5    524.1    507.3
68681.0  32.3965   -94.6927    607.2    526.0    511.9
68682.0  32.3965   -94.6914    606.1    524.3    518.9
68683.0  32.3965   -94.6902    607.1    527.5    523.9
68684.0  32.3965   -94.6890    606.7    525.9    523.0
68685.0  32.3965   -94.6877    605.9    525.5    520.1
68686.0  32.3965   -94.6865    605.9    525.4    513.5
68687.0  32.3965   -94.6852    605.9    523.8    515.4
68688.0  32.3965   -94.6840    605.9    525.5    508.4
68689.0  32.3965   -94.6828    605.1    524.3    505.6
68690.0  32.3965   -94.6815    603.8    523.8    505.6
68691.0  32.3965   -94.6803    602.5    522.4    509.9
68692.0  32.3964   -94.6791    601.5    519.6    510.0
68693.0  32.3965   -94.6778    601.1    518.9    508.6
68694.0  32.3965   -94.6766    600.3    517.5    502.3
68695.0  32.3965   -94.6753    600.7    517.8    503.8
68696.0  32.3965   -94.6741    601.1    517.3    505.4
68697.0  32.3965   -94.6729    601.1    518.8    510.9
68698.0  32.3965   -94.6716    601.1    520.5    513.7
68699.0  32.3965   -94.6704    601.1    518.5    518.6
68700.0  32.3965   -94.6692    602.3    520.2    519.0
68701.0  32.3965   -94.6679    603.4    522.6    514.5
68702.0  32.3965   -94.6667    603.7    522.0    517.2
68703.0  32.3966   -94.6654    605.3    523.7    510.6
68704.0  32.3966   -94.6642    607.2    524.4    515.3
68705.0  32.3966   -94.6630    608.9    526.2    513.6
68706.0  32.3966   -94.6617    610.5    528.8    518.4
68707.0  32.3966   -94.6605    611.9    531.1    520.8
68708.0  32.3966   -94.6592    611.7    528.4    523.4
68709.0  32.3966   -94.6580    610.8    529.2    526.5
68710.0  32.3966   -94.6568    610.2    528.7    523.2
68711.0  32.3966   -94.6555    609.6    527.9    532.0
68712.0  32.3966   -94.6543    609.5    528.8    529.8
68713.0  32.3966   -94.6530    608.4    526.1    532.0
68714.0  32.3966   -94.6518    608.4    525.5    529.8
68715.0  32.3966   -94.6506    609.2    527.4    533.2
68716.0  32.3966   -94.6493    609.6    528.3    535.5
68717.0  32.3966   -94.6481    609.6    528.3    530.8
68718.0  32.3966   -94.6468    608.6    529.2    530.0
68719.0  32.3966   -94.6456    608.4    527.9    522.6
68720.0  32.3966   -94.6443    607.6    527.0    524.7
68721.0  32.3965   -94.6431    606.8    527.6    521.6
68722.0  32.3965   -94.6418    605.2    524.6    524.1
68723.0  32.3965   -94.6406    603.8    523.5    529.6
68724.0  32.3965   -94.6393    603.4    521.8    528.6
68725.0  32.3965   -94.6381    603.5    522.7    527.3
68726.0  32.3965   -94.6368    602.3    521.7    531.6
68727.0  32.3965   -94.6356    602.6    520.1    532.8
68728.0  32.3965   -94.6343    603.5    524.0    525.7
68729.0  32.3965   -94.6331    603.5    522.8    523.3
68730.0  32.3965   -94.6318    603.5    522.9    534.2
68731.0  32.3965   -94.6306    603.5    523.0    537.8
68732.0  32.3965   -94.6293    603.5    522.4    530.3
68733.0  32.3965   -94.6281    603.4    521.7    531.9
68734.0  32.3965   -94.6268    602.3    521.5    535.0
68735.0  32.3965   -94.6255    601.1    519.4    528.9
68736.0  32.3965   -94.6243    601.1    517.6    523.6
68737.0  32.3965   -94.6230    601.1    518.1    526.1
68738.0  32.3965   -94.6218    601.1    518.6    529.4
68739.0  32.3966   -94.6205    601.1    519.6    528.9
68740.0  32.3966   -94.6193    600.7    519.0    531.2
68741.0  32.3966   -94.6180    599.8    518.9    534.6
68742.0  32.3967   -94.6168    599.8    518.7    537.4
68743.0  32.3967   -94.6155    599.2    516.6    534.1
68744.0  32.3967   -94.6143    598.6    516.7    533.4
68745.0  32.3968   -94.6130    598.6    516.1    530.4
68746.0  32.3968   -94.6118    598.6    516.9    532.1
68747.0  32.3968   -94.6105    598.6    517.3    531.6
68748.0  32.3968   -94.6093    598.6    517.2    527.7
68749.0  32.3968   -94.6080    598.6    516.0    525.7
68750.0  32.3969   -94.6068    598.6    516.0    527.4
68751.0  32.3969   -94.6055    598.6    517.3    531.7
68752.0  32.3969   -94.6043    599.7    516.3    533.4
68753.0  32.3969   -94.6031    599.8    517.7    536.6
68754.0  32.3969   -94.6018    599.8    516.3    529.0
68755.0  32.3969   -94.6006    600.8    518.8    534.6
68756.0  32.3969   -94.5993    601.7    519.5    536.2
68757.0  32.3970   -94.5981    602.3    521.5    534.9
68758.0  32.3970   -94.5969    602.3    521.6    537.3
68759.0  32.3970   -94.5956    603.8    522.4    543.2
68760.0  32.3970   -94.5944    605.5    524.8    544.0
68761.0  32.3970   -94.5932    606.7    525.9    544.3
68762.0  32.3970   -94.5919    607.2    526.6    538.6
68763.0  32.3970   -94.5907    608.3    528.8    542.6
68764.0  32.3970   -94.5895    607.7    525.6    544.3
68765.0  32.3970   -94.5882    607.2    526.0    539.6
68766.0  32.3970   -94.5870    607.1    526.3    544.3
68767.0  32.3971   -94.5857    605.9    526.6    546.7
68768.0  32.3971   -94.5845    605.8    524.1    545.0
68769.0  32.3971   -94.5833    604.7    524.2    541.7
