flight/WP3D/AircraftMis_NP3_20130622_RA.ict
43  1001
Ken Aikin
NOAA ESRL Chemical Sciences Division
various aircraft sensors
SENEX 2013
1  1
2013  06  22  2013  06  22
1
AOCTimewave
8
1  1  1  1  1  1  1  1
-9999  -9999  -9999  -9999  -9999  -9999  -9999  -9999
Attack  deg
CabinPrs  mbar
GndSpd  m/s
Heading  deg
Pitch  deg
Roll  deg
Slip  deg
TrueAirSpd  m/s
3
SPECIAL COMMENTS:Atlanta flight. AOC data system crash between 20:45:42 and 21:09:09. 
New TDL Dew Pt Temp instrument for this flight.
No H2O  PoTemp  H2Omr from takeoff until about 1615 for now. Order of parameters in AOC data stream had been changed. Switched back at 16:15.
18
PI_CONTACT_INFO: Address: NOAA ESRL Chemical Sciences Division  Mail Stop R/CSD7  325 Broadway  Boulder  CO 80305
PLATFORM: NOAA WP-3D
LOCATION: The aircraft was stationed in  Smyrna  Tennessee. Aircraft location information in AircraftPosition file.
ASSOCIATED_DATA: N/A
INSTRUMENT_INFO: N/A
DATA_INFO: Units: Attack degrees; CabinPrs millibar; GndSpd m/s; Heading degrees; Pitch degrees; Roll degrees; Slip degrees; TrueAirSpd m/s
UNCERTAINTY: N/A
ULOD_FLAG: -7777
ULOD_VALUE: N/A
LLOD_FLAG: -8888
LLOD_VALUE: N/A
DM_CONTACT_INFO: Data Manager:Ken Aikin; email:Kenneth.C.Aikin@noaa.gov
PROJECT_INFO: SENEX 2013 Study; June 1 - July 15  2013
STIPULATIONS_ON_USE: Use of these data require prior ok from PI.
OTHER_COMMENTS:       None
REVISION: RA
RA: Preliminary Data.  For in-field use.
AOCTimewave  Attack  CabinPrs  GndSpd  Heading  Pitch  Roll  Slip  TrueAirSpd
[from data line 4224]
58301.0  2.7  961.5  109.6  358.7  3.23  2.75  -0.99  111.0
58302.0  2.8  961.6  109.6  358.7  3.18  2.06  -0.64  110.7
58303.0  2.6  961.5  109.6  358.7  3.10  1.88  0.58  110.5
58304.0  2.8  961.5  109.6  359.2  3.29  1.54  0.04  111.2
58305.0  2.8  961.6  109.6  359.5  3.26  1.79  -0.26  110.3
58306.0  2.9  961.4  109.5  359.8  3.18  1.86  -0.92  110.7
58307.0  2.9  961.3  109.6  359.7  3.12  2.78  -0.91  110.3
58308.0  2.9  961.2  109.6  359.5  2.97  2.54  -0.46  110.5
58309.0  2.9  961.8  109.6  359.6  2.88  2.06  0.09  110.4
58310.0  2.6  961.0  109.7  359.8  2.71  1.77  0.79  111.2
58311.0  2.0  961.1  109.8  0.4  2.49  1.64  0.16  111.2
58312.0  2.4  961.1  109.9  0.8  2.67  1.13  -0.61  110.3
58313.0  3.4  960.9  109.9  0.8  2.95  0.14  -0.21  110.6
58314.0  2.7  961.6  110.0  0.9  2.65  -0.09  -0.24  111.1
58315.0  2.2  961.2  110.1  0.8  2.08  0.24  -0.50  111.5
58316.0  2.2  961.1  110.3  0.7  2.17  0.12  -0.18  112.4
58317.0  2.2  961.1  110.4  0.7  2.35  0.36  -0.22  113.4
58318.0  2.2  961.0  110.5  0.7  2.28  0.32  -0.16  112.8
58319.0  2.3  961.0  110.6  0.7  2.29  -0.15  -0.45  112.0
58320.0  2.5  961.3  110.7  0.5  2.40  -0.10  -0.61  111.6
58321.0  2.8  961.6  110.8  0.2  2.45  1.01  -0.20  110.8
58322.0  2.6  961.1  110.9  0.2  2.32  1.20  0.16  111.8
58323.0  2.7  961.4  111.0  0.5  2.46  1.03  0.15  111.4
58324.0  2.2  961.3  111.2  0.7  2.26  0.81  -0.25  111.9
58325.0  2.5  961.4  111.3  0.8  2.49  0.59  -0.03  111.8
58326.0  2.7  961.6  111.3  0.9  2.68  0.14  -0.52  111.7
58327.0  2.5  961.4  111.4  0.9  2.65  0.36  -0.17  111.8
58328.0  2.4  961.1  111.5  0.9  2.71  0.13  -0.36  111.6
58329.0  2.7  961.2  111.5  0.8  2.92  -0.05  -0.11  111.8
58330.0  2.4  961.6  111.5  0.8  2.94  0.02  -0.50  112.3
58331.0  2.6  961.3  111.5  0.7  3.14  0.50  -0.50  112.3
58332.0  2.6  961.5  111.5  0.5  3.22  0.62  -0.44  111.8
58333.0  3.2  961.1  111.4  0.4  3.40  1.48  -0.07  111.5
58334.0  2.7  961.4  111.4  0.5  3.11  2.15  0.01  111.1
58335.0  3.0  961.8  111.4  0.7  2.98  2.31  -0.06  111.4
58336.0  2.6  961.3  111.5  1.0  2.80  2.86  -0.34  109.6
58337.0  2.2  961.6  111.6  1.2  2.66  2.00  0.20  110.3
58338.0  3.1  960.7  111.6  1.6  3.05  1.16  0.02  111.2
58339.0  2.6  961.3  111.7  1.9  3.03  1.20  0.05  110.6
58340.0  2.6  961.0  111.7  2.1  2.67  0.36  -0.57  112.2
58341.0  2.8  961.8  111.8  2.1  2.63  0.06  -0.78  112.1
58342.0  2.3  961.6  111.9  1.8  2.34  -0.16  -0.77  112.7
58343.0  2.4  960.9  112.0  1.4  2.11  -0.17  -0.61  112.2
58344.0  2.2  961.0  112.1  1.1  2.05  0.82  0.52  112.2
58345.0  2.6  961.3  112.3  1.5  2.14  2.05  0.87  112.6
58346.0  2.2  961.5  112.4  2.1  1.99  1.98  0.35  113.4
58347.0  2.0  960.9  112.5  2.6  1.76  1.40  -0.61  113.3
58348.0  2.2  961.0  112.7  2.6  1.81  0.57  -0.76  112.4
58349.0  2.1  960.4  112.9  2.4  1.88  0.37  0.10  112.9
58350.0  2.1  961.2  113.0  2.5  2.07  0.57  -0.59  113.4
58351.0  2.3  961.2  113.1  2.4  2.25  0.53  -0.46  113.7
58352.0  2.2  960.9  113.2  2.2  2.40  0.60  -0.04  114.3
58353.0  2.5  961.5  113.2  2.3  2.61  1.06  0.11  114.6
58354.0  2.5  961.4  113.2  2.5  2.64  0.69  -0.12  114.2
58355.0  2.5  961.2  113.3  2.5  2.51  0.45  -0.01  113.8
58356.0  2.7  961.6  113.3  2.6  2.53  0.21  -0.16  113.3
58357.0  3.2  961.5  113.4  2.6  2.47  0.06  -0.12  112.7
58358.0  2.0  961.5  113.5  2.6  2.03  -0.11  -0.49  113.8
58359.0  2.5  961.1  113.6  2.5  2.02  0.55  -0.63  114.8
58360.0  2.8  961.2  113.7  2.3  2.19  1.06  -0.86  115.2
58361.0  1.5  961.2  113.8  2.0  1.62  0.90  -0.18  114.8
58362.0  1.8  960.8  114.0  1.9  1.92  0.86  0.17  114.1
58363.0  2.2  960.8  114.0  2.0  2.49  0.98  0.38  114.9
58364.0  2.1  961.0  114.0  2.2  2.48  1.43  -0.05  115.0
58365.0  2.0  960.9  114.0  2.4  2.53  1.38  0.15  115.0
58366.0  2.3  961.4  114.0  2.7  2.76  1.77  -0.06  114.9
58367.0  2.3  961.3  114.0  2.9  2.82  2.40  0.20  114.7
58368.0  2.4  961.0  113.9  3.3  2.88  1.83  0.24  114.4
58369.0  2.3  961.4  113.9  3.7  2.91  1.12  0.17  113.8
58370.0  2.6  961.2  113.9  4.1  2.97  0.28  -0.54  113.3
58371.0  2.7  961.7  113.9  4.0  2.95  0.19  -0.61  113.0
58372.0  2.7  961.3  113.9  3.9  2.91  0.16  -0.79  112.7
58373.0  2.8  961.6  113.9  3.6  2.82  0.12  -0.18  112.8
58374.0  3.0  961.6  113.9  3.6  2.74  0.00  -0.32  113.0
58375.0  2.0  961.0  114.0  3.5  2.39  0.44  -0.79  113.5
58376.0  2.3  961.4  114.1  3.2  2.34  0.83  0.31  114.2
58377.0  2.1  961.2  114.1  3.3  2.48  0.80  0.83  115.5
58378.0  1.7  961.0  114.1  3.8  2.34  0.57  0.60  115.6
58379.0  1.7  960.7  114.1  4.2  2.36  0.03  -0.56  115.3
58380.0  2.0  961.3  114.1  4.2  2.61  0.11  -0.29  115.5
58381.0  2.0  961.0  114.1  4.1  2.79  -0.24  -0.11  115.2
58382.0  2.3  960.9  114.0  4.1  2.88  -0.28  -0.04  114.8
58383.0  2.3  961.3  114.0  4.2  2.83  -0.13  -0.45  114.6
58384.0  2.2  960.9  114.0  4.0  2.73  -0.31  -0.56  114.4
58385.0  2.3  961.1  114.0  3.8  2.78  0.01  -0.59  114.1
58386.0  2.4  961.2  114.0  3.5  2.91  0.28  -0.53  114.9
58387.0  2.5  961.2  113.9  3.2  3.00  0.30  -0.53  115.4
58388.0  2.5  961.3  113.9  3.0  2.86  0.70  0.00  114.6
58389.0  2.6  961.2  113.8  3.0  2.67  1.48  0.19  114.1
58390.0  2.6  961.2  113.9  3.3  2.49  1.97  0.00  114.3
58391.0  1.7  961.3  113.9  3.5  2.09  1.50  -0.32  114.1
58392.0  1.9  960.9  114.0  3.4  2.31  0.41  0.15  114.0
58393.0  2.0  961.3  114.1  3.5  2.62  0.20  -0.41  114.0
58394.0  2.4  960.7  114.0  3.4  2.95  0.17  0.33  114.6
58395.0  2.5  961.6  114.0  3.6  2.90  -0.74  0.29  114.8
58396.0  2.3  960.8  114.0  3.8  2.58  -0.91  -0.06  115.3
58397.0  3.0  961.2  114.0  3.9  2.66  -1.13  -0.09  114.6
58398.0  1.9  961.5  114.1  3.9  2.15  -1.40  -0.31  114.6
58399.0  2.0  961.2  114.2  3.8  1.98  -0.94  -0.27  114.6
58400.0  2.5  961.1  114.2  3.7  2.45  -0.46  -0.57  114.1
58401.0  2.3  961.1  114.3  3.6  2.41  -0.34  -0.33  115.0
58402.0  2.1  960.8  114.3  3.4  2.29  -0.78  -0.05  114.8
58403.0  2.5  960.8  114.4  3.4  2.38  -0.94  -0.82  114.5
58404.0  2.8  961.3  114.5  3.0  2.21  -0.66  -0.81  114.3
58405.0  2.5  960.9  114.6  2.5  1.81  -0.28  -0.02  114.6
58406.0  1.8  960.8  114.8  2.5  1.46  0.11  0.73  114.5
58407.0  1.8  960.6  114.9  2.8  1.60  -0.35  -0.47  115.6
58408.0  2.0  961.1  115.0  2.7  1.86  -0.99  -0.45  115.9
58409.0  2.0  961.5  115.1  2.4  1.91  -1.20  -0.14  115.8
58410.0  2.1  961.2  115.2  2.3  1.86  -0.64  -0.17  115.6
58411.0  2.3  961.3  115.3  2.2  1.98  -0.24  -0.11  116.3
58412.0  2.0  961.0  115.4  2.2  1.89  -0.18  -0.12  117.1
58413.0  2.2  961.3  115.5  2.2  1.95  -0.34  -0.28  117.3
58414.0  1.9  960.9  115.6  2.1  1.82  -0.54  0.01  116.9
58415.0  2.1  960.9  115.6  2.1  1.99  -0.61  -0.28  116.5
58416.0  2.1  961.3  115.7  2.0  2.10  -0.57  0.01  116.7
58417.0  2.0  961.4  115.7  2.1  2.16  -0.87  -0.03  116.3
58418.0  2.2  961.1  115.8  2.0  2.30  -1.52  -0.43  116.7
58419.0  2.1  961.4  115.8  1.8  2.35  -1.92  0.29  116.4
58420.0  2.1  961.0  115.8  1.9  2.54  -2.06  0.10  116.6
58421.0  2.1  961.6  115.8  1.9  2.51  -2.70  -0.67  117.2
58422.0  2.3  961.1  115.8  1.5  2.49  -2.76  -0.61  117.4
58423.0  2.5  961.0  115.7  1.0  2.46  -2.59  -0.34  117.1
58424.0  1.9  961.4  115.8  0.7  2.26  -1.67  0.17  116.7
58425.0  1.9  961.6  115.8  0.8  2.29  -0.90  0.55  117.2
58426.0  2.6  961.2  115.8  1.0  2.45  -1.16  -0.91  117.7
58427.0  2.2  960.8  115.8  0.6  2.14  -1.02  -0.79  118.1
58428.0  1.8  960.9  115.8  0.2  1.81  -0.82  -0.24  117.7
58429.0  2.0  961.2  115.9  0.0  1.87  -0.50  0.04  116.8
58430.0  2.3  961.2  116.0  359.9  2.03  -1.94  0.29  115.8
58431.0  1.8  961.9  116.1  359.9  1.89  -2.88  0.98  116.5
58432.0  1.6  960.9  116.1  0.2  1.83  -1.86  0.27  117.6
58433.0  2.2  960.9  116.2  0.3  2.14  -1.15  -1.14  117.0
58434.0  1.5  960.6  116.3  359.8  1.78  -0.87  -0.50  116.2
58435.0  1.9  961.2  116.3  359.6  2.09  -1.07  -0.50  116.5
58436.0  2.3  960.8  116.3  359.3  2.45  -0.75  -0.15  116.6
58437.0  2.0  960.9  116.3  359.3  2.33  -0.64  -0.07  116.3
58438.0  2.6  960.9  116.4  359.2  2.38  -1.46  -0.84  117.1
58439.0  2.5  961.0  116.4  358.8  2.13  -1.28  -0.54  117.7
58440.0  1.3  960.8  116.5  358.6  1.66  -0.26  0.07  117.2
58441.0  2.1  961.2  116.5  358.5  2.10  -0.97  -0.04  116.1
58442.0  3.1  960.8  116.6  358.5  2.49  -1.42  0.09  115.6
58443.0  2.2  961.1  116.7  358.5  1.88  -0.86  -0.07  116.2
58444.0  1.4  960.7  116.8  358.6  1.40  -0.11  -0.38  116.6
58445.0  1.6  960.9  116.9  358.3  1.79  0.27  -0.51  116.2
58446.0  2.5  961.0  117.0  358.1  2.30  0.59  -0.23  114.9
58447.0  1.7  962.0  117.0  358.1  2.03  1.25  0.26  116.5
58448.0  2.0  960.8  117.0  358.3  2.32  1.42  0.24  118.3
58449.0  2.3  961.1  117.0  358.6  2.51  0.82  -0.02  118.6
58450.0  1.9  961.3  117.0  358.8  2.23  0.79  -0.06  118.4
58451.0  1.8  961.5  116.9  358.9  2.19  1.60  -0.33  118.4
58452.0  2.3  961.3  116.9  358.9  2.34  1.99  -0.17  117.9
58453.0  2.5  961.1  116.8  359.0  2.28  1.23  0.14  118.2
58454.0  1.6  961.0  116.8  359.2  1.80  0.59  0.11  117.2
58455.0  1.7  961.3  116.8  359.3  1.98  1.50  0.15  117.6
58456.0  2.5  960.7  116.7  359.6  2.30  2.81  0.02  117.5
58457.0  2.1  961.6  116.6  360.0  1.95  2.73  -0.58  116.2
58458.0  1.9  961.0  116.6  359.9  1.57  1.56  -0.10  116.4
58459.0  2.2  961.6  116.6  0.1  1.86  1.15  -0.32  117.6
58460.0  2.2  961.1  116.6  0.1  1.64  0.86  -0.06  117.5
58461.0  2.2  961.3  116.7  0.2  1.61  1.18  0.46  118.5
58462.0  1.4  960.4  116.7  0.5  1.26  1.25  -0.16  119.2
58463.0  1.4  961.1  116.8  0.6  1.47  0.57  0.11  117.6
58464.0  2.2  961.3  116.8  0.9  2.00  0.22  -0.38  116.2
58465.0  2.5  961.3  116.8  0.9  2.04  0.55  -0.31  117.0
58466.0  1.5  960.8  116.8  0.9  1.51  0.41  -0.90  117.8
58467.0  2.3  961.1  116.8  0.6  1.67  0.65  -0.70  119.0
58468.0  2.3  960.9  116.8  0.4  1.84  1.08  0.22  119.2
58469.0  1.5  961.5  116.8  0.6  1.30  0.71  0.44  118.5
58470.0  1.9  961.3  116.9  1.0  1.60  0.69  -0.27  117.4
58471.0  2.1  961.4  116.9  1.1  1.82  0.55  -0.69  117.1
58472.0  2.0  961.3  117.0  1.0  1.67  -0.20  0.08  117.7
58473.0  1.8  961.1  117.0  1.0  1.77  -0.21  -0.06  117.5
58474.0  1.9  961.3  117.0  1.1  2.01  0.18  -0.71  117.8
58475.0  2.3  960.8  117.0  0.9  2.16  0.56  -0.60  118.3
58476.0  2.5  961.3  116.9  0.8  2.06  0.41  -0.45  118.2
58477.0  1.7  960.9  116.9  0.7  1.73  0.53  -0.16  118.4
58478.0  1.7  961.1  116.9  0.7  1.86  0.74  -0.30  117.3
58479.0  2.1  960.8  116.9  0.6  2.22  0.36  -0.43  117.5
58480.0  2.2  961.0  116.8  0.5  2.40  0.18  0.04  117.0
58481.0  2.0  961.1  116.8  0.6  2.48  0.36  0.56  116.7
58482.0  2.2  960.9  116.7  1.0  2.65  0.11  0.31  117.7
58483.0  2.1  961.1  116.5  1.2  2.65  0.02  0.08  117.6
58484.0  2.0  961.1  116.4  1.4  2.52  -0.38  -0.05  117.1
58485.0  2.2  961.5  116.4  1.5  2.62  -0.58  -0.71  117.0
58486.0  2.1  961.1  116.3  1.3  2.52  -0.55  -0.81  117.2
58487.0  2.1  961.0  116.2  0.9  2.58  -0.61  -0.40  116.5
58488.0  2.1  961.3  116.1  0.7  2.68  -0.32  -0.25  116.3
58489.0  2.1  961.1  116.0  0.7  2.79  0.27  0.34  115.6
58490.0  2.6  960.8  115.9  0.9  2.91  0.51  -0.42  115.9
58491.0  3.3  961.2  115.8  0.8  2.68  0.54  -0.74  116.4
58492.0  2.1  961.5  115.8  0.6  1.95  0.47  -0.42  115.4
58493.0  1.1  961.1  115.8  0.5  1.46  0.55  0.33  116.2
58494.0  1.6  960.9  115.8  0.7  2.09  0.33  0.32  117.0
58495.0  2.0  961.0  115.8  1.0  2.51  0.29  -0.34  117.6
58496.0  2.1  961.2  115.7  0.9  2.41  -0.03  -0.62  117.3
58497.0  2.2  960.9  115.6  0.6  2.25  -0.21  -0.49  118.1
58498.0  2.1  960.9  115.6  0.4  2.05  -0.04  0.32  117.9
58499.0  1.6  961.3  115.5  0.5  1.87  0.80  0.22  117.6
58500.0  2.2  960.8  115.5  0.8  2.08  0.99  0.19  117.3
58501.0  1.8  961.1  115.5  1.0  2.00  1.31  -0.12  117.4
58502.0  1.8  961.2  115.5  1.2  2.05  1.55  -0.19  116.9
58503.0  1.9  960.9  115.4  1.4  2.23  3.11  0.17  116.7
58504.0  2.2  961.1  115.4  1.8  2.49  5.67  0.00  116.3
58505.0  2.5  960.8  115.3  2.5  2.56  8.93  -0.17  116.5
58506.0  2.6  961.1  115.2  3.3  2.56  10.10  0.48  116.1
58507.0  2.2  960.9  115.1  4.5  2.30  11.45  0.04  115.8
58508.0  2.9  961.3  115.0  5.7  2.35  13.38  -0.02  116.1
58509.0  2.5  960.8  115.0  7.0  2.13  15.74  -0.64  116.1
58510.0  1.8  961.2  114.9  8.2  1.84  18.16  0.57  116.4
58511.0  2.2  961.1  114.9  10.3  2.20  20.23  -0.03  115.4
58512.0  2.4  960.8  114.7  12.3  2.51  22.31  0.02  115.6
58513.0  2.6  961.1  114.5  14.6  2.92  23.81  -0.22  114.5
58514.0  2.6  961.4  114.3  16.8  3.05  24.34  -0.12  114.1
58515.0  3.1  961.0  114.0  19.1  3.14  25.47  -0.23  114.5
58516.0  3.3  961.0  113.8  21.4  3.19  26.46  -0.15  113.8
58517.0  2.9  961.1  113.6  23.6  2.88  27.53  0.05  114.1
58518.0  2.9  960.9  113.4  26.1  2.75  28.04  -0.20  114.0
58519.0  3.1  961.1  113.3  28.6  2.79  28.71  -0.36  113.9
58520.0  3.3  960.8  113.1  31.1  2.88  29.91  -0.28  114.3
58521.0  2.6  960.6  113.0  33.7  2.74  31.27  0.65  113.8
58522.0  3.1  960.5  112.9  37.0  2.79  31.20  1.14  113.8
58523.0  3.7  960.6  112.8  40.8  2.99  31.13  0.49  113.9
58524.0  3.0  960.5  112.6  43.9  2.63  31.44  -0.45  114.8
58525.0  2.5  960.5  112.4  46.6  2.37  32.17  -0.59  114.2
58526.0  3.0  960.7  112.3  49.6  2.60  33.16  -0.51  113.8
58527.0  3.2  960.4  112.1  52.7  2.95  32.67  -0.28  114.1
58528.0  3.1  960.7  111.9  55.6  2.90  31.62  0.04  113.9
58529.0  2.8  960.0  111.7  58.5  2.78  31.92  -0.01  113.5
58530.0  3.3  960.1  111.6  61.6  2.97  32.03  0.30  113.0
58531.0  3.8  960.2  111.4  65.0  3.07  32.44  0.05  112.7
58532.0  3.6  959.9  111.3  68.0  2.94  31.76  -0.32  113.0
58533.0  3.2  960.4  111.2  70.7  2.65  31.06  -0.33  112.3
58534.0  3.2  960.6  111.2  73.4  2.63  31.06  -0.23  112.4
58535.0  3.6  960.2  111.2  76.3  2.82  31.37  -0.23  112.1
58536.0  3.5  960.1  111.2  79.2  2.89  31.86  -0.11  111.2
58537.0  4.0  959.8  111.2  82.2  3.00  31.03  0.95  111.4
58538.0  3.2  959.2  111.3  85.4  2.64  30.24  0.70  111.5
58539.0  2.8  960.4  111.3  88.6  2.49  30.52  0.08  112.6
58540.0  3.5  959.8  111.3  91.8  2.89  30.29  0.12  112.9
58541.0  3.0  959.7  111.2  94.7  2.81  29.64  0.38  112.8
58542.0  2.5  960.3  111.1  97.6  2.48  29.60  -0.83  112.5
58543.0  3.5  959.7  111.0  100.3  2.96  30.57  -0.62  112.3
58544.0  3.4  960.2  110.9  103.0  3.18  30.66  -0.52  112.1
58545.0  3.2  959.8  110.8  105.6  3.12  30.67  -0.31  112.3
58546.0  3.2  959.6  110.8  108.2  3.12  30.74  -0.18  112.0
58547.0  3.3  960.0  110.8  111.0  3.31  30.36  0.17  112.0
58548.0  3.4  959.8  110.7  113.9  3.33  30.10  0.20  111.8
58549.0  3.5  960.0  110.7  116.8  3.31  30.13  0.23  111.1
58550.0  3.4  960.1  110.7  119.8  3.30  30.00  0.30  110.9
58551.0  3.6  959.9  110.7  122.8  3.35  30.10  -0.03  111.3
58552.0  3.5  959.9  110.7  125.7  3.31  30.69  0.61  110.3
58553.0  3.5  960.1  110.7  129.0  3.21  30.88  0.49  110.2
58554.0  3.5  959.9  110.6  132.4  3.33  30.82  0.23  111.3
58555.0  3.7  959.7  110.5  135.6  3.39  30.93  0.00  110.7
58556.0  3.6  960.1  110.4  138.6  3.18  31.32  -0.17  110.4
58557.0  3.5  959.9  110.4  141.5  2.94  31.00  -0.87  110.6
58558.0  2.9  959.8  110.5  144.0  2.78  30.46  -0.51  110.4
58559.0  3.9  959.8  110.5  146.6  2.79  30.47  -0.03  110.0
58560.0  3.6  959.6  110.7  149.5  2.70  30.96  0.00  109.6
58561.0  3.6  959.5  110.9  152.4  2.60  30.39  0.05  109.1
58562.0  3.7  959.4  111.1  155.2  2.45  29.97  0.09  108.9
58563.0  3.4  959.2  111.5  158.1  2.28  30.05  0.07  109.8
58564.0  3.2  959.6  111.9  161.0  2.31  30.41  -0.26  110.0
58565.0  3.2  959.2  112.3  163.7  2.31  30.29  0.00  109.3
58566.0  3.5  959.6  112.8  166.5  2.34  30.18  0.36  110.5
58567.0  3.0  959.2  113.2  169.4  2.10  30.04  0.20  110.8
58568.0  2.8  960.1  113.6  172.4  1.99  29.34  0.43  112.0
58569.0  3.2  959.2  114.0  175.5  2.10  27.06  0.57  112.2
58570.0  3.0  960.0  114.4  178.3  1.80  24.86  -0.91  112.8
58571.0  2.8  959.4  114.7  180.3  1.49  24.52  -1.05  113.7
