flight/WP3D/AircraftMet_NP3_20130708_RA.ict
43  1001
Ken Aikin
NOAA ESRL Chemical Sciences Division
various aircraft sensors
SENEX 2013
1  1
2013  07  08  2013  07  08
1
AOCTimewave
10
1  1  1  1  1  1  1  1  1  1
-9999  -9999  -9999  -9999  -9999  -9999  -9999  -9999  -9999  -9999
AmbTemp  C
DewPtTemp  C
DewPtTempTDL  C
H2Omr  g/kg
PotTemp  K
RelHumidity  pct
StaticPrs  mbar
VertWindSpd  m/s
WindDir  deg
WindSpd  m/s
1
SPECIAL COMMENTS:Fayetteville AR  then PP and BB.
18
PI_CONTACT_INFO: Address: NOAA ESRL Chemical Sciences Division  Mail Stop R/CSD7  325 Broadway  Boulder  CO 80305
PLATFORM: NOAA WP-3D
LOCATION: The aircraft was stationed in  Smyrna  Tennessee. Aircraft location information in AircraftPosition file.
ASSOCIATED_DATA: N/A
INSTRUMENT_INFO: N/A
DATA_INFO: Units:AmbTemp celcius; DewPtTemp celcius; DewPtTempTDL celcius; H2Omr g/kg; PotTemp kelvin; RelHumidity percent; StaticPrs millibar; VertWindSpd m/s; WindDir degrees; WindSpd m/s
UNCERTAINTY: N/A
ULOD_FLAG: -7777
ULOD_VALUE: N/A
LLOD_FLAG: -8888
LLOD_VALUE: N/A
DM_CONTACT_INFO: Data Manager:Ken Aikin; email:Kenneth.C.Aikin@noaa.gov
PROJECT_INFO: SENEX 2013 Study; June 1 - July 15  2013
STIPULATIONS_ON_USE: Use of these data require prior ok from PI.
OTHER_COMMENTS:       None
REVISION: RA
RA: Preliminary Data.  For in-field use.
AOCTimewave  AmbTemp  DewPtTemp  DewPtTempTDL  H2Omr  PotTemp  RelHumidity  StaticPrs  VertWindSpd  WindDir  WindSpd
[from data line 13720]
68393.0  25.120  20.180  6.670  16.30  304.96  73.42  925.08  -0.24  161.11  3.40
68394.0  25.080  17.970  6.760  14.14  304.92  63.86  925.14  -0.06  156.20  3.32
68395.0  25.090  17.630  7.100  13.84  304.93  62.46  925.20  -0.51  152.74  3.61
68396.0  25.080  18.730  7.070  14.85  304.91  67.07  925.28  -0.50  152.88  3.72
68397.0  25.040  18.050  6.900  14.22  304.86  64.39  925.39  -0.76  157.54  3.10
68398.0  25.000  18.830  6.910  14.95  304.81  67.87  925.40  -1.36  168.02  3.53
68399.0  25.040  19.080  6.660  15.18  304.85  68.75  925.46  -0.91  177.20  4.08
68400.0  25.110  20.110  6.310  16.22  304.93  73.11  925.43  -1.11  175.56  4.86
68401.0  25.080  19.130  6.040  15.23  304.90  68.79  925.40  -0.72  173.48  4.46
68402.0  25.160  19.370  5.780  15.48  304.99  69.56  925.25  -0.45  174.51  4.99
68403.0  25.090  19.780  5.980  15.88  304.91  71.70  925.35  -0.38  177.98  4.59
68404.0  25.200  18.320  6.110  14.47  305.02  64.87  925.32  -0.81  173.87  4.72
68405.0  25.190  17.050  6.200  13.33  305.04  59.78  925.19  -1.50  170.70  4.72
68406.0  25.250  17.160  6.140  13.42  305.08  60.01  925.31  -1.36  173.88  4.03
68407.0  25.190  17.840  6.400  14.02  305.02  62.90  925.34  -1.39  175.03  4.38
68408.0  25.210  19.360  6.540  15.46  305.03  69.27  925.43  -1.06  176.35  5.11
68409.0  25.150  17.500  6.770  13.72  304.98  61.70  925.38  -1.02  179.30  5.14
68410.0  25.150  20.190  7.040  16.30  304.99  73.31  925.14  -1.34  177.24  5.29
68411.0  25.170  19.650  6.840  15.76  305.03  70.74  924.99  -1.56  177.99  5.11
68412.0  25.170  19.410  6.630  15.52  305.05  69.67  924.69  -1.76  185.89  5.68
68413.0  25.110  18.600  6.980  14.74  305.02  66.41  924.43  0.47  200.89  3.82
68414.0  25.120  18.310  7.040  14.48  305.07  65.15  923.97  1.81  200.23  3.17
68415.0  25.080  19.410  6.840  15.55  305.09  70.08  923.37  1.23  191.91  4.67
68416.0  25.090  19.250  6.570  15.40  305.14  69.30  922.92  0.88  193.83  3.95
68417.0  25.080  18.620  6.890  14.80  305.16  66.62  922.57  -0.19  177.56  4.70
68418.0  25.000  17.930  6.790  14.15  305.11  64.04  922.26  -0.51  178.29  4.00
68419.0  24.980  16.470  6.660  12.88  305.11  58.30  922.17  -0.56  179.43  4.11
68420.0  24.940  17.580  6.550  13.85  305.08  62.84  921.98  -0.92  181.25  3.98
68421.0  25.050  17.210  6.190  13.52  305.20  60.91  921.98  -0.52  178.24  4.25
68422.0  25.020  18.780  6.280  14.96  305.17  67.55  921.78  -0.57  173.58  4.47
68423.0  24.950  16.610  6.360  13.01  305.14  58.97  921.49  -0.54  171.99  4.58
68424.0  24.940  17.990  6.230  14.23  305.17  64.49  921.03  -0.54  171.14  4.32
68425.0  24.890  18.590  5.860  14.80  305.16  67.30  920.47  -0.81  178.86  4.07
68426.0  24.930  17.990  5.240  14.25  305.24  64.56  920.14  -0.59  190.09  4.91
68427.0  25.050  17.530  4.740  13.83  305.41  62.18  919.63  -0.62  188.72  5.30
68428.0  25.050  15.640  5.090  12.24  305.44  55.00  919.38  -0.80  180.38  5.66
68429.0  25.050  17.670  5.320  13.97  305.49  62.78  918.82  -0.87  169.14  5.22
68430.0  24.920  19.040  5.240  15.27  305.41  69.09  918.22  -0.23  175.29  4.76
68431.0  24.890  18.680  5.070  14.93  305.43  67.64  917.80  -0.19  174.14  4.41
68432.0  24.900  17.640  4.960  13.97  305.47  63.25  917.36  0.45  163.02  4.88
68433.0  24.810  18.140  5.140  14.43  305.42  65.64  916.96  0.74  161.18  5.20
68434.0  24.720  16.180  4.540  12.72  305.35  58.18  916.75  0.19  167.85  5.89
68435.0  24.830  15.030  3.580  11.80  305.48  53.59  916.58  0.14  168.20  5.90
68436.0  24.820  15.600  3.920  12.24  305.45  55.66  916.72  0.25  169.77  4.85
68437.0  24.780  14.700  4.890  11.54  305.42  52.59  916.69  1.01  176.12  5.04
68438.0  24.640  16.630  5.720  13.10  305.31  60.19  916.30  0.40  190.91  3.18
68439.0  24.590  15.880  6.530  12.49  305.29  57.51  915.97  0.33  186.30  4.35
68440.0  24.630  16.180  6.250  12.73  305.34  58.50  915.83  1.85  180.88  4.20
68441.0  24.640  18.700  5.850  14.99  305.39  68.79  915.38  0.91  195.03  3.91
68442.0  24.610  18.210  5.600  14.52  305.38  66.78  915.19  0.33  196.39  4.77
68443.0  24.760  17.710  4.770  14.07  305.52  64.09  915.27  0.83  190.25  4.68
68444.0  24.770  18.070  5.090  14.40  305.53  65.55  915.28  0.43  179.52  4.88
68445.0  24.760  18.570  4.970  14.86  305.52  67.71  915.31  -0.19  183.64  4.70
68446.0  24.720  18.060  5.110  14.38  305.46  65.70  915.52  -0.61  182.29  4.65
68447.0  24.740  17.330  4.690  13.72  305.46  62.60  915.76  -0.73  183.23  4.12
68448.0  24.630  16.070  5.120  12.64  305.34  58.05  915.96  -0.48  189.31  3.83
68449.0  24.670  18.670  5.330  14.95  305.37  68.53  915.91  -0.68  188.78  4.17
68450.0  24.680  16.740  5.330  13.20  305.36  60.48  916.18  -0.67  181.38  4.23
68451.0  24.770  17.800  4.540  14.13  305.43  64.41  916.38  -0.66  177.73  4.57
68452.0  24.780  18.210  5.170  14.50  305.41  66.09  916.69  -0.54  173.46  3.65
68453.0  24.810  18.180  5.440  14.47  305.43  65.82  916.86  -0.83  167.97  3.81
68454.0  24.820  17.440  4.810  13.80  305.44  62.73  916.85  -1.51  165.56  3.97
68455.0  24.810  17.430  5.250  13.79  305.43  62.71  916.89  -1.50  164.77  4.14
68456.0  24.800  17.670  4.240  14.00  305.40  63.75  917.02  -0.65  171.98  4.72
68457.0  24.730  16.810  4.900  13.24  305.33  60.56  917.04  -0.64  173.97  4.98
68458.0  24.760  17.440  5.300  13.79  305.34  62.97  917.23  -0.50  168.45  4.82
68459.0  24.750  16.860  5.180  13.29  305.33  60.69  917.28  -1.13  168.54  4.74
68460.0  24.790  18.010  4.090  14.30  305.36  65.20  917.33  -1.54  170.67  4.71
68461.0  24.670  17.060  5.320  13.46  305.24  61.77  917.39  -1.49  176.95  4.75
68462.0  24.600  18.610  5.520  14.87  305.17  68.53  917.31  -1.57  177.52  4.89
68463.0  24.640  18.040  5.420  14.34  305.22  65.96  917.18  -0.86  180.58  4.66
68464.0  24.620  17.890  5.540  14.20  305.22  65.36  917.04  -1.19  179.66  5.08
68465.0  24.630  18.500  5.480  14.77  305.23  67.96  917.03  -0.55  181.51  3.73
68466.0  24.690  19.690  5.600  15.93  305.28  73.05  917.04  -0.28  183.33  3.18
68467.0  24.630  17.550  5.510  13.90  305.24  63.94  916.92  0.90  189.57  2.75
68468.0  24.660  17.850  5.470  14.17  305.29  65.03  916.69  2.38  205.52  3.86
68469.0  24.830  19.970  5.330  16.24  305.50  73.72  916.33  2.33  194.40  3.04
68470.0  24.740  20.040  5.450  16.32  305.42  74.46  916.16  0.87  182.10  3.80
68471.0  24.730  19.190  5.470  15.45  305.42  70.59  915.99  1.05  175.03  4.84
68472.0  24.540  17.960  5.390  14.28  305.24  66.01  915.94  -0.16  190.87  4.29
68473.0  24.540  18.620  5.570  14.91  305.23  68.88  915.99  0.00  194.85  4.87
68474.0  24.560  18.530  5.480  14.82  305.27  68.40  915.81  -0.04  197.03  3.92
68475.0  24.590  18.640  5.490  14.92  305.28  68.73  915.96  0.34  194.20  4.07
68476.0  24.690  18.810  5.580  15.08  305.38  69.08  915.96  0.97  180.80  3.76
68477.0  24.630  16.970  5.630  13.40  305.35  61.58  915.72  1.12  175.86  3.61
68478.0  24.570  17.730  5.470  14.08  305.29  64.89  915.71  0.36  173.00  3.06
68479.0  24.660  18.170  5.510  14.48  305.38  66.38  915.84  -0.18  169.97  3.82
68480.0  24.600  16.050  5.250  12.62  305.30  58.10  915.93  -0.03  166.63  4.61
68481.0  24.530  16.690  5.460  13.16  305.23  60.86  915.98  -0.50  176.21  4.18
68482.0  24.620  17.670  4.980  14.02  305.31  64.47  916.06  -0.13  181.35  4.24
68483.0  24.680  18.070  4.560  14.39  305.36  65.91  916.16  0.06  182.34  4.24
68484.0  24.650  15.960  4.800  12.54  305.32  57.59  916.29  -0.05  188.70  4.69
68485.0  24.670  16.070  4.860  12.64  305.34  57.95  916.33  -0.40  192.25  4.25
68486.0  24.790  17.440  4.960  13.81  305.44  62.88  916.50  0.38  183.85  3.96
68487.0  24.830  18.050  4.790  14.36  305.49  65.22  916.45  -0.23  187.55  3.95
68488.0  24.820  17.970  4.710  14.28  305.46  64.91  916.60  -0.61  182.94  4.38
68489.0  24.790  18.230  4.820  14.53  305.43  66.13  916.68  -0.90  192.66  4.18
68490.0  24.890  18.190  4.880  14.48  305.51  65.53  916.85  -0.39  187.83  3.98
68491.0  24.860  18.760  4.830  15.02  305.47  68.12  916.89  -1.11  184.21  3.80
68492.0  24.810  19.280  5.450  15.53  305.41  70.63  917.04  -0.95  187.69  3.31
68493.0  24.820  17.380  5.050  13.74  305.44  62.47  916.91  -0.83  182.55  3.91
68494.0  24.730  17.160  5.530  13.55  305.35  61.94  916.90  -0.49  188.73  3.84
68495.0  24.720  19.330  5.750  15.58  305.33  71.24  916.91  -0.15  187.81  4.42
68496.0  24.690  19.950  5.600  16.20  305.29  74.28  916.94  1.25  198.86  4.62
68497.0  24.750  19.810  5.690  16.06  305.37  73.32  916.79  2.18  212.01  3.42
68498.0  24.780  18.360  5.680  14.65  305.42  66.72  916.61  2.93  199.36  4.37
68499.0  24.800  19.760  5.670  16.02  305.46  72.88  916.40  0.71  183.57  5.04
68500.0  24.770  18.550  5.710  14.83  305.43  67.59  916.37  0.89  182.58  6.04
68501.0  24.740  17.020  5.560  13.44  305.41  61.36  916.28  1.06  174.59  5.40
68502.0  24.660  19.210  5.410  15.47  305.32  71.00  916.32  0.25  176.45  4.63
68503.0  24.550  19.710  5.380  15.97  305.21  73.76  916.31  0.41  188.09  4.19
68504.0  24.670  18.830  5.270  15.10  305.34  69.24  916.25  -1.02  179.36  4.32
68505.0  24.690  16.420  4.760  12.93  305.35  59.22  916.31  -1.26  181.04  4.46
68506.0  24.680  18.580  4.870  14.85  305.33  68.08  916.50  -1.24  183.87  4.76
68507.0  24.700  18.380  4.450  14.67  305.35  67.13  916.46  -1.07  185.81  4.65
68508.0  24.680  16.410  4.300  12.91  305.34  59.19  916.43  -1.19  189.32  4.89
68509.0  24.790  16.820  4.200  13.27  305.45  60.38  916.45  -0.32  184.13  5.07
68510.0  24.780  16.700  4.100  13.16  305.42  59.96  916.59  0.14  180.36  4.62
68511.0  24.710  15.860  4.430  12.46  305.35  57.01  916.60  -0.69  188.59  4.96
68512.0  24.750  18.440  3.950  14.72  305.40  67.17  916.60  -0.22  189.19  4.50
68513.0  24.830  17.610  3.900  13.95  305.47  63.37  916.62  -0.66  185.46  4.06
68514.0  24.870  16.380  3.940  12.89  305.52  58.41  916.54  -0.79  175.20  3.62
68515.0  24.860  17.490  3.680  13.85  305.51  62.79  916.56  0.08  181.18  3.40
68516.0  24.920  17.980  2.930  14.29  305.57  64.56  916.54  0.03  180.61  3.49
68517.0  24.960  17.760  2.990  14.09  305.61  63.50  916.53  -0.04  178.80  4.04
68518.0  24.990  16.960  3.240  13.38  305.63  60.17  916.65  -0.23  171.80  3.93
68519.0  24.960  16.960  3.960  13.38  305.61  60.27  916.54  -0.87  171.30  4.42
68520.0  24.940  15.670  4.520  12.30  305.59  55.49  916.59  -0.99  172.75  3.59
68521.0  24.950  16.020  5.180  12.58  305.59  56.72  916.72  -0.77  177.84  3.31
68522.0  24.950  17.140  5.440  13.54  305.59  61.02  916.74  -0.65  171.54  4.15
68523.0  24.890  18.260  5.500  14.55  305.52  65.84  916.72  -0.60  174.69  4.45
68524.0  24.940  17.240  5.590  13.62  305.58  61.43  916.70  -0.18  170.71  4.73
68525.0  25.020  18.100  5.400  14.40  305.67  64.65  916.64  0.95  157.83  5.00
68526.0  24.960  18.110  5.410  14.41  305.61  64.93  916.55  1.27  158.27  5.47
68527.0  24.970  15.760  5.490  12.38  305.64  55.71  916.44  1.34  157.35  5.84
68528.0  24.920  16.530  5.200  13.01  305.59  58.77  916.30  1.17  160.36  5.71
68529.0  24.890  18.250  4.410  14.54  305.55  65.80  916.40  2.75  164.85  4.82
68530.0  24.850  18.620  5.350  14.90  305.54  67.55  916.09  1.71  172.91  4.69
68531.0  24.690  18.360  5.950  14.66  305.38  67.11  916.04  1.33  183.12  5.40
68532.0  24.610  17.490  5.890  13.85  305.31  63.75  915.95  1.75  185.81  5.44
68533.0  24.670  17.410  6.390  13.78  305.38  63.19  915.85  1.56  190.33  4.23
68534.0  24.640  19.620  6.300  15.89  305.35  72.97  915.83  1.55  197.08  4.43
68535.0  24.810  19.080  6.260  15.35  305.52  69.75  915.80  1.06  193.82  3.52
68536.0  24.830  17.530  6.230  13.90  305.56  63.06  915.73  0.17  179.83  4.33
68537.0  24.840  16.870  6.000  13.31  305.55  60.37  915.90  -0.37  178.74  5.21
68538.0  24.820  15.850  5.870  12.45  305.51  56.56  916.09  -0.20  179.10  5.19
68539.0  24.820  16.870  5.930  13.31  305.52  60.47  915.99  -0.26  180.92  5.01
68540.0  24.750  17.470  6.200  13.84  305.43  63.14  916.17  0.45  190.45  4.77
68541.0  24.780  15.710  6.400  12.34  305.46  56.17  916.31  -0.74  182.70  3.76
68542.0  24.800  18.810  6.270  15.08  305.47  68.58  916.32  -0.74  177.92  3.43
68543.0  24.810  18.000  6.100  14.32  305.49  65.08  916.28  -1.25  174.52  3.93
68544.0  24.830  17.400  5.750  13.77  305.49  62.53  916.47  -0.77  171.78  4.25
68545.0  24.800  17.730  5.740  14.06  305.44  63.97  916.62  -0.80  173.09  4.27
68546.0  24.800  18.910  5.710  15.16  305.41  69.01  916.91  -0.54  175.47  3.62
68547.0  24.760  19.060  5.400  15.31  305.38  69.86  916.87  -0.06  175.46  3.52
68548.0  24.810  17.250  4.750  13.63  305.42  62.01  916.97  -0.28  169.31  4.29
68549.0  24.760  17.890  4.690  14.21  305.36  64.84  917.02  -0.78  175.69  3.62
68550.0  24.700  17.750  5.410  14.08  305.30  64.50  917.00  -0.70  177.63  4.46
68551.0  24.640  16.580  5.410  13.05  305.24  60.01  917.08  -0.19  190.30  4.66
68552.0  24.690  19.170  5.260  15.42  305.29  70.67  917.00  0.02  196.36  5.25
68553.0  24.740  18.430  4.960  14.71  305.34  67.20  917.00  -0.36  188.32  4.95
68554.0  24.750  17.850  5.860  14.17  305.36  64.67  916.93  0.10  192.73  3.45
68555.0  24.820  17.860  6.060  14.17  305.43  64.44  916.93  0.44  175.23  3.63
68556.0  24.840  17.400  6.110  13.76  305.47  62.49  916.71  1.45  168.59  3.51
68557.0  24.880  18.760  6.190  15.03  305.52  68.04  916.60  1.19  165.81  4.31
68558.0  24.890  19.180  6.090  15.44  305.54  69.83  916.52  0.93  155.07  4.73
68559.0  24.800  17.410  5.740  13.78  305.44  62.69  916.56  0.40  165.83  4.38
68560.0  24.680  18.140  5.570  14.44  305.34  66.18  916.44  -0.70  168.96  4.07
68561.0  24.680  19.070  5.530  15.33  305.34  70.28  916.27  -1.62  172.17  4.36
68562.0  24.720  18.630  5.320  14.91  305.39  68.16  916.20  -1.19  165.25  4.49
68563.0  24.690  16.780  4.740  13.23  305.36  60.60  916.28  -1.02  172.68  4.22
68564.0  24.700  18.260  4.460  14.55  305.37  66.59  916.37  -1.52  173.76  4.29
68565.0  24.780  18.020  4.650  14.33  305.42  65.31  916.53  -1.21  162.92  4.18
68566.0  24.720  16.600  5.260  13.07  305.34  59.76  916.85  -0.79  175.94  2.84
68567.0  24.690  17.140  5.370  13.53  305.30  62.03  916.89  0.74  184.46  2.92
68568.0  24.680  18.370  5.440  14.66  305.33  67.20  916.51  1.63  185.20  3.67
68569.0  24.680  16.960  5.420  13.39  305.34  61.37  916.39  0.39  189.47  4.71
68570.0  24.720  17.540  5.540  13.89  305.38  63.51  916.43  -0.28  183.14  4.25
68571.0  24.780  16.990  5.420  13.41  305.44  61.09  916.40  -0.85  179.64  4.06
68572.0  24.750  17.130  5.830  13.54  305.42  61.77  916.32  -1.13  187.10  4.45
68573.0  24.940  17.700  5.990  14.04  305.59  63.33  916.54  1.44  170.33  4.17
68574.0  24.860  18.560  6.120  14.84  305.51  67.27  916.52  2.78  174.43  3.93
68575.0  24.970  19.040  5.910  15.31  305.65  68.88  916.24  0.65  174.09  3.58
68576.0  24.840  16.800  5.510  13.25  305.52  60.13  916.16  -1.48  183.72  2.89
68577.0  24.750  19.220  4.930  15.48  305.41  70.66  916.32  -0.53  171.90  4.34
68578.0  24.700  18.040  4.760  14.35  305.38  65.68  916.21  -0.62  192.47  3.58
68579.0  24.690  17.170  4.420  13.57  305.37  62.14  916.19  -0.79  189.38  4.24
68580.0  24.730  17.360  3.980  13.74  305.40  62.76  916.26  -1.21  190.88  4.17
68581.0  24.810  16.720  3.770  13.17  305.48  59.89  916.36  -1.13  187.59  3.78
68582.0  24.750  15.240  3.740  11.96  305.41  54.60  916.41  -1.62  185.90  4.32
68583.0  24.750  18.920  4.340  15.18  305.38  69.30  916.70  -0.81  189.37  4.99
68584.0  25.050  16.340  4.800  12.85  305.71  57.56  916.59  0.77  170.91  3.74
68585.0  24.980  17.560  4.990  13.91  305.64  62.58  916.44  -1.17  176.12  3.91
68586.0  24.820  16.430  4.390  12.92  305.46  58.73  916.71  -0.56  179.24  4.27
