flight/WP3D/AircraftMet_NP3_20130616_RA.ict
43  1001
Ken Aikin
NOAA ESRL Chemical Sciences Division
various aircraft sensors
SENEX 2013
1  1
2013  06  16  2013  06  16
1
AOCTimewave
10
1  1  1  1  1  1  1  1  1  1
-9999  -9999  -9999  -9999  -9999  -9999  -9999  -9999  -9999  -9999
AmbTemp  C
DewPtTemp  C
DewPtTempTDL  C
H2Omr  g/kg
PotTemp  K
RelHumidity  pct
StaticPrs  mbar
VertWindSpd  m/s
WindDir  deg
WindSpd  m/s
1
SPECIAL COMMENTS:Atlanta power plants.
18
PI_CONTACT_INFO: Address: NOAA ESRL Chemical Sciences Division  Mail Stop R/CSD7  325 Broadway  Boulder  CO 80305
PLATFORM: NOAA WP-3D
LOCATION: The aircraft was stationed in  Smyrna  Tennessee. Aircraft location information in AircraftPosition file.
ASSOCIATED_DATA: N/A
INSTRUMENT_INFO: N/A
DATA_INFO: Units:AmbTemp celcius; DewPtTemp celcius; DewPtTempTDL celcius; H2Omr g/kg; PotTemp kelvin; RelHumidity percent; StaticPrs millibar; VertWindSpd m/s; WindDir degrees; WindSpd m/s
UNCERTAINTY: N/A
ULOD_FLAG: -7777
ULOD_VALUE: N/A
LLOD_FLAG: -8888
LLOD_VALUE: N/A
DM_CONTACT_INFO: Data Manager:Ken Aikin; email:Kenneth.C.Aikin@noaa.gov
PROJECT_INFO: SENEX 2013 Study; June 1 - July 15  2013
STIPULATIONS_ON_USE: Use of these data require prior ok from PI.
OTHER_COMMENTS:       None
REVISION: RA
RA: Preliminary Data.  For in-field use.
AOCTimewave  AmbTemp  DewPtTemp  DewPtTempTDL  H2Omr  PotTemp  RelHumidity  StaticPrs  VertWindSpd  WindDir  WindSpd
[from data line 13810]
68803.0  23.060  17.120  -30.720  13.22  301.75  68.56  937.13  1.03  220.96  3.67
68804.0  22.950  17.180  -30.720  13.28  301.66  69.33  936.92  1.64  205.98  3.54
68805.0  23.030  17.230  -30.720  13.31  301.74  69.17  936.90  2.15  199.36  2.59
68806.0  22.940  17.200  -30.720  13.29  301.67  69.41  936.71  0.60  178.47  1.64
68807.0  22.870  17.160  -30.720  13.26  301.59  69.58  936.71  1.63  181.07  3.53
68808.0  22.950  17.170  -30.720  13.27  301.69  69.26  936.56  0.43  208.89  4.08
68809.0  22.930  17.230  -30.720  13.32  301.68  69.59  936.50  -0.60  222.12  4.69
68810.0  22.750  17.250  -30.720  13.34  301.48  70.51  936.64  -1.13  208.29  4.55
68811.0  22.770  17.310  -30.720  13.39  301.47  70.70  936.93  -0.50  205.76  3.35
68812.0  22.830  17.350  -30.720  13.42  301.53  70.58  937.03  -0.85  216.02  3.25
68813.0  22.770  17.370  -30.720  13.44  301.45  70.97  937.17  -0.67  215.04  4.87
68814.0  22.840  17.360  -30.720  13.42  301.52  70.60  937.17  -1.14  214.72  5.05
68815.0  22.800  17.360  -30.720  13.42  301.49  70.75  937.14  -0.63  208.49  3.37
68816.0  22.850  17.400  -30.720  13.46  301.53  70.73  937.21  -0.81  211.76  4.01
68817.0  22.820  17.440  -30.720  13.49  301.50  71.02  937.24  -0.61  206.14  3.34
68818.0  22.870  17.460  -30.720  13.51  301.53  70.93  937.36  -0.50  213.85  3.19
68819.0  22.800  17.470  -30.720  13.51  301.46  71.25  937.40  -0.61  205.54  3.75
68820.0  22.840  17.410  -30.720  13.47  301.51  70.83  937.38  -0.60  207.06  3.43
68821.0  22.880  17.410  -30.720  13.46  301.55  70.62  937.37  -0.83  209.28  3.50
68822.0  22.850  17.390  -30.720  13.44  301.51  70.67  937.41  -0.93  214.93  4.26
68823.0  22.890  17.380  -30.720  13.43  301.55  70.45  937.43  -0.84  216.96  3.80
68824.0  22.820  17.360  -30.720  13.42  301.50  70.68  937.22  -1.10  212.07  3.44
68825.0  22.810  17.340  -30.720  13.41  301.48  70.68  937.31  -0.56  213.62  4.22
68826.0  22.870  17.340  -30.720  13.40  301.54  70.37  937.33  -0.42  214.97  3.81
68827.0  22.830  17.310  -30.720  13.38  301.50  70.42  937.37  -0.53  217.88  3.37
68828.0  22.920  17.290  -30.720  13.36  301.58  69.92  937.46  -0.88  228.41  4.29
68829.0  22.910  17.260  -30.720  13.33  301.56  69.86  937.47  -0.65  227.62  4.53
68830.0  22.930  17.230  -30.720  13.31  301.59  69.65  937.42  -0.88  228.53  4.19
68831.0  22.920  17.210  -30.720  13.30  301.59  69.57  937.34  -0.87  228.03  4.29
68832.0  22.940  17.200  -30.720  13.28  301.60  69.43  937.37  -0.33  219.31  4.13
68833.0  22.970  17.170  -30.720  13.26  301.64  69.17  937.40  0.04  218.66  4.32
68834.0  22.960  17.130  -30.720  13.22  301.65  69.03  937.17  -0.97  220.53  4.68
68835.0  23.010  17.110  -30.720  13.21  301.69  68.77  937.19  -0.26  217.55  4.42
68836.0  23.030  17.070  -30.720  13.18  301.72  68.48  937.16  -0.15  214.51  4.15
68837.0  23.060  17.000  -30.720  13.11  301.74  68.03  937.26  -0.29  215.88  4.56
68838.0  23.090  16.960  -30.720  13.08  301.78  67.73  937.11  -0.21  219.48  4.28
68839.0  23.040  16.900  -30.720  13.04  301.75  67.68  936.88  0.02  218.77  3.64
68840.0  23.040  16.850  -30.720  12.99  301.75  67.44  936.96  0.11  219.51  3.76
68841.0  23.060  16.760  -30.720  12.92  301.77  66.99  936.95  -0.12  225.15  3.38
68842.0  22.990  16.690  -30.720  12.86  301.69  66.99  936.99  0.26  225.82  3.70
68843.0  22.980  16.630  -30.720  12.81  301.68  66.78  936.92  0.41  226.33  3.58
68844.0  22.930  16.580  -30.720  12.77  301.64  66.76  936.82  0.18  227.19  3.57
68845.0  22.940  16.530  -30.720  12.72  301.65  66.50  936.89  -0.19  229.61  3.88
68846.0  22.830  16.500  -30.720  12.70  301.53  66.81  936.97  -0.42  226.30  4.33
68847.0  22.860  16.470  -30.720  12.68  301.57  66.59  936.84  -1.17  220.74  4.24
68848.0  22.890  16.480  -30.720  12.68  301.59  66.46  936.99  -0.69  228.93  4.36
68849.0  22.880  16.500  -30.720  12.70  301.58  66.59  937.00  -0.86  230.88  4.19
68850.0  22.940  16.540  -30.720  12.73  301.64  66.54  937.00  -0.40  225.03  3.25
68851.0  22.930  16.520  -30.720  12.71  301.63  66.46  937.03  -0.64  221.86  4.12
68852.0  22.990  16.520  -30.720  12.71  301.69  66.24  936.98  -0.78  226.29  3.34
68853.0  22.950  16.550  -30.720  12.74  301.66  66.50  936.99  -0.12  223.35  4.62
68854.0  22.920  16.590  -30.720  12.78  301.62  66.85  936.92  -0.55  218.62  4.48
68855.0  22.880  16.640  -30.720  12.82  301.59  67.21  936.92  -0.66  221.97  4.52
68856.0  22.860  16.710  -30.720  12.87  301.56  67.57  937.00  0.41  210.93  4.09
68857.0  22.860  16.790  -30.720  12.94  301.56  67.94  937.01  0.81  207.28  4.74
68858.0  23.000  16.850  -30.720  12.99  301.71  67.64  936.90  1.69  223.64  4.17
68859.0  22.960  16.930  -30.720  13.06  301.67  68.17  936.88  1.60  229.97  2.28
68860.0  22.890  17.040  -30.720  13.15  301.60  68.92  936.88  1.88  251.19  1.24
68861.0  22.920  17.110  -30.720  13.21  301.64  69.13  936.70  1.87  238.55  3.63
68862.0  22.830  17.170  -30.720  13.26  301.56  69.77  936.67  0.91  215.95  5.54
68863.0  23.040  17.230  -30.720  13.32  301.78  69.13  936.61  0.35  228.16  5.15
68864.0  22.980  17.260  -30.720  13.35  301.72  69.53  936.52  0.67  227.99  4.26
68865.0  22.850  17.220  -30.720  13.31  301.59  69.91  936.62  -0.02  222.06  4.30
68866.0  22.870  17.220  -30.720  13.31  301.60  69.83  936.61  0.54  219.53  4.83
68867.0  22.730  17.260  -30.720  13.34  301.45  70.62  936.76  1.10  201.73  3.61
68868.0  22.840  17.310  -30.720  13.39  301.58  70.37  936.55  0.40  209.35  2.50
68869.0  22.820  17.400  -30.720  13.47  301.55  70.89  936.58  1.26  221.03  3.23
68870.0  22.820  17.460  -30.720  13.52  301.56  71.13  936.55  0.50  204.26  3.38
68871.0  22.830  17.460  -30.720  13.52  301.56  71.10  936.63  -0.35  216.12  2.39
68872.0  22.750  17.480  -30.720  13.53  301.47  71.52  936.82  0.47  201.75  3.20
68873.0  22.660  17.530  -30.720  13.58  301.37  72.19  936.80  -0.35  189.20  3.14
68874.0  22.760  17.540  -30.720  13.58  301.47  71.78  936.91  -0.35  184.53  3.38
68875.0  22.850  17.580  -30.720  13.62  301.55  71.56  937.01  -0.71  204.57  3.64
68876.0  22.850  17.580  -30.720  13.61  301.54  71.54  937.09  -0.36  215.14  3.35
68877.0  22.830  17.600  -30.720  13.63  301.52  71.74  937.14  0.34  217.97  4.12
68878.0  22.720  17.600  -30.720  13.63  301.40  72.23  937.13  0.09  208.94  4.51
68879.0  22.690  17.580  -30.720  13.62  301.37  72.31  937.15  0.18  198.81  4.53
68880.0  22.730  17.610  -30.720  13.64  301.42  72.20  937.07  0.15  189.86  4.50
68881.0  22.740  17.680  -30.720  13.71  301.43  72.56  937.03  0.03  195.80  4.34
68882.0  22.740  17.710  -30.720  13.74  301.43  72.70  937.03  0.10  195.79  4.31
68883.0  22.740  17.760  -30.720  13.77  301.43  72.88  937.06  -0.32  196.98  3.72
68884.0  22.760  17.770  -30.720  13.78  301.43  72.85  937.26  -0.95  192.58  2.95
68885.0  22.870  17.720  -30.720  13.74  301.53  72.15  937.33  -0.23  212.74  2.66
68886.0  22.770  17.690  -30.720  13.71  301.45  72.43  937.16  0.07  212.31  4.04
68887.0  22.740  17.710  -30.720  13.73  301.42  72.68  937.11  -0.12  208.82  4.78
68888.0  22.730  17.710  -30.720  13.72  301.39  72.71  937.39  -0.20  209.51  4.87
68889.0  22.790  17.670  -30.720  13.69  301.45  72.29  937.37  -0.13  210.99  4.73
68890.0  22.770  17.660  -30.720  13.69  301.45  72.30  937.18  1.03  207.71  4.30
68891.0  22.840  17.620  -30.720  13.65  301.52  71.79  937.18  2.39  207.14  3.72
68892.0  22.840  17.640  -30.720  13.67  301.55  71.87  936.85  1.66  212.35  4.57
68893.0  22.750  17.670  -30.720  13.70  301.46  72.41  936.83  0.46  209.39  4.75
68894.0  22.770  17.710  -30.720  13.73  301.47  72.53  936.91  0.09  214.94  4.68
68895.0  22.720  17.700  -30.720  13.72  301.42  72.69  936.97  -0.57  208.39  4.80
68896.0  22.750  17.660  -30.720  13.69  301.46  72.39  936.87  -0.57  205.44  4.51
68897.0  22.850  17.610  -30.720  13.64  301.56  71.67  936.88  -0.24  217.07  5.05
68898.0  22.860  17.570  -30.720  13.61  301.56  71.48  936.92  -0.83  217.47  5.38
68899.0  22.810  17.540  -30.720  13.58  301.50  71.58  937.02  -0.26  215.09  4.60
68900.0  22.870  17.520  -30.720  13.57  301.56  71.20  937.06  0.58  225.75  4.11
68901.0  22.810  17.510  -30.720  13.56  301.52  71.41  936.87  0.13  231.27  4.15
68902.0  22.790  17.520  -30.720  13.56  301.49  71.54  936.91  0.04  230.43  4.56
68903.0  22.820  17.520  -30.720  13.56  301.51  71.41  937.02  -0.30  231.13  5.19
68904.0  22.850  17.540  -30.720  13.58  301.53  71.34  937.21  -0.43  234.04  5.12
68905.0  22.820  17.520  -30.720  13.56  301.49  71.43  937.29  -0.05  231.62  3.75
68906.0  22.860  17.510  -30.720  13.55  301.53  71.21  937.32  -0.62  233.67  4.23
68907.0  22.830  17.550  -30.720  13.59  301.51  71.53  937.20  -0.85  232.17  3.22
68908.0  22.760  17.540  -30.720  13.58  301.43  71.80  937.25  -1.60  215.78  3.58
68909.0  22.910  17.480  -30.720  13.52  301.58  70.80  937.40  -1.58  214.54  4.30
68910.0  22.960  17.380  -30.720  13.44  301.64  70.19  937.25  -1.59  221.93  4.60
68911.0  23.050  17.330  -30.720  13.39  301.72  69.53  937.40  -1.44  231.76  3.81
68912.0  22.960  17.340  -30.720  13.40  301.61  69.99  937.48  -1.24  226.39  4.19
68913.0  22.990  17.320  -30.720  13.39  301.64  69.80  937.48  -1.28  235.37  3.13
68914.0  22.900  17.340  -30.720  13.40  301.55  70.24  937.61  -1.58  220.69  3.48
68915.0  22.940  17.340  -30.720  13.40  301.59  70.08  937.53  -2.16  226.81  3.53
68916.0  23.000  17.350  -30.720  13.41  301.64  69.89  937.61  -2.26  225.72  3.19
68917.0  22.890  17.340  -30.720  13.40  301.52  70.26  937.79  -0.88  196.38  2.41
68918.0  22.880  17.340  -30.720  13.40  301.52  70.33  937.57  -0.78  206.05  3.45
68919.0  22.920  17.300  -30.720  13.37  301.59  69.97  937.39  -1.34  221.62  4.78
68920.0  22.910  17.290  -30.720  13.36  301.58  69.96  937.35  -1.56  230.42  3.95
68921.0  22.930  17.310  -30.720  13.38  301.60  69.97  937.38  -1.66  235.65  4.08
68922.0  22.930  17.290  -30.720  13.36  301.59  69.91  937.36  -1.41  234.23  4.25
68923.0  22.860  17.260  -30.720  13.33  301.53  70.07  937.31  -0.76  229.17  3.72
68924.0  22.910  17.210  -30.720  13.30  301.60  69.63  937.11  -0.77  227.95  3.66
68925.0  22.850  17.190  -30.720  13.28  301.55  69.77  937.00  -0.67  225.32  4.08
68926.0  22.800  17.190  -30.720  13.28  301.49  69.99  937.06  -1.02  224.71  3.85
68927.0  22.860  17.230  -30.720  13.31  301.55  69.91  937.06  -0.71  224.44  3.61
68928.0  22.950  17.210  -30.720  13.30  301.63  69.47  937.11  0.57  225.69  2.88
68929.0  22.980  17.210  -30.720  13.29  301.68  69.29  937.03  -0.05  235.37  3.21
68930.0  22.900  17.190  -30.720  13.28  301.62  69.55  936.85  -1.00  226.46  2.81
68931.0  22.970  17.180  -30.720  13.27  301.67  69.21  936.95  -0.89  225.04  3.22
68932.0  22.920  17.090  -30.720  13.20  301.63  69.06  936.89  -0.42  221.52  2.95
68933.0  22.930  17.020  -30.720  13.14  301.64  68.67  936.88  -0.37  220.22  3.31
68934.0  22.940  16.960  -30.720  13.09  301.66  68.38  936.77  -1.08  218.65  4.62
68935.0  23.010  16.960  -30.720  13.09  301.72  68.08  936.88  -1.05  219.77  3.73
68936.0  22.950  16.950  -30.720  13.08  301.66  68.28  936.92  0.23  223.29  2.71
68937.0  22.950  16.880  -30.720  13.02  301.66  68.00  936.87  0.79  206.03  2.60
68938.0  23.030  16.850  -30.720  13.00  301.76  67.52  936.69  1.84  205.24  2.21
68939.0  23.150  16.890  -30.720  13.03  301.89  67.16  936.59  1.63  225.76  2.76
68940.0  23.090  16.950  -30.720  13.09  301.86  67.67  936.26  0.22  236.12  1.99
68941.0  23.050  16.950  -30.720  13.09  301.84  67.86  936.12  -1.81  237.27  3.10
68942.0  22.960  16.900  -30.720  13.04  301.70  68.00  936.57  -1.87  220.96  3.77
68943.0  23.010  16.840  -30.720  12.98  301.74  67.54  936.69  -1.93  216.67  4.72
68944.0  22.890  16.780  -30.720  12.93  301.61  67.78  936.74  -1.34  206.38  5.08
68945.0  23.010  16.700  -30.720  12.87  301.73  66.94  936.84  -0.15  216.52  4.88
68946.0  22.940  16.700  -30.720  12.86  301.65  67.19  936.91  1.89  199.88  3.69
68947.0  23.100  16.760  -30.720  12.91  301.80  66.81  936.96  3.57  194.14  2.72
68948.0  23.170  16.920  -30.720  13.05  301.92  67.20  936.55  2.71  227.21  2.29
68949.0  22.990  17.090  -30.720  13.20  301.74  68.75  936.46  0.29  229.56  3.73
68950.0  22.800  17.190  -30.720  13.28  301.53  69.97  936.63  -0.23  221.70  5.19
68951.0  22.760  17.160  -30.720  13.26  301.48  70.04  936.72  -0.21  218.25  5.08
68952.0  22.740  17.130  -30.720  13.23  301.47  70.01  936.62  0.09  215.33  5.08
68953.0  22.790  17.210  -30.720  13.31  301.52  70.16  936.62  -0.44  213.52  4.47
68954.0  22.840  17.300  -30.720  13.38  301.58  70.34  936.56  -0.85  214.64  3.96
68955.0  22.910  17.280  -30.720  13.36  301.63  69.92  936.79  -1.25  216.83  4.40
68956.0  22.920  17.240  -30.720  13.32  301.63  69.70  936.86  -1.17  217.27  3.74
68957.0  22.930  17.220  -30.720  13.31  301.63  69.59  936.95  -0.86  218.13  2.75
68958.0  22.900  17.290  -30.720  13.36  301.58  70.01  937.26  -0.52  228.64  3.54
68959.0  22.840  17.340  -30.720  13.40  301.52  70.48  937.19  -0.99  228.92  4.32
68960.0  22.760  17.430  -30.720  13.48  301.43  71.27  937.26  -1.59  215.37  4.52
68961.0  22.820  17.530  -30.720  13.57  301.49  71.44  937.34  -0.66  208.62  4.27
68962.0  22.820  17.580  -30.720  13.61  301.48  71.68  937.35  -1.45  211.73  4.35
68963.0  22.820  17.550  -30.720  13.58  301.47  71.53  937.53  -1.30  204.27  3.96
68964.0  22.870  17.450  -30.720  13.50  301.53  70.86  937.50  -1.46  206.78  3.50
68965.0  22.790  17.360  -30.720  13.42  301.44  70.82  937.54  -1.53  205.60  3.34
68966.0  22.810  17.310  -30.720  13.37  301.45  70.50  937.57  -1.22  201.53  3.53
68967.0  22.830  17.330  -30.730  13.39  301.46  70.52  937.69  -0.82  211.21  3.58
68968.0  22.820  17.350  -30.720  13.41  301.48  70.62  937.47  -1.10  215.52  3.59
68969.0  22.770  17.320  -30.720  13.39  301.43  70.72  937.41  -0.99  211.73  4.03
68970.0  22.840  17.280  -30.720  13.35  301.51  70.22  937.35  0.07  207.50  3.63
68971.0  22.760  17.280  -30.720  13.35  301.42  70.61  937.41  -0.13  204.37  4.81
68972.0  22.750  17.280  -30.720  13.35  301.41  70.61  937.42  -0.10  201.27  5.26
68973.0  22.760  17.320  -30.720  13.39  301.44  70.77  937.15  1.10  200.75  4.98
68974.0  22.660  17.330  -30.720  13.40  301.36  71.26  936.95  0.84  211.79  5.39
68975.0  22.770  17.340  -30.720  13.41  301.48  70.81  936.87  0.76  216.36  4.79
68976.0  22.750  17.360  -30.720  13.43  301.47  71.01  936.71  1.18  221.82  4.34
68977.0  22.710  17.390  -30.720  13.46  301.45  71.29  936.49  0.86  220.24  4.24
68978.0  22.690  17.430  -30.720  13.50  301.48  71.59  935.91  1.20  226.72  3.83
68979.0  22.640  17.440  -30.720  13.52  301.49  71.87  935.30  1.03  224.86  2.74
68980.0  22.510  17.480  -30.720  13.57  301.44  72.61  934.42  0.38  215.42  2.95
68981.0  22.370  17.500  -30.720  13.60  301.39  73.35  933.37  0.02  198.36  3.92
68982.0  22.340  17.500  -30.720  13.61  301.45  73.50  932.42  -0.90  203.21  4.36
68983.0  22.300  17.480  -30.720  13.62  301.52  73.61  931.18  -1.93  206.63  4.15
68984.0  22.200  17.500  -30.720  13.65  301.51  74.14  930.28  -1.68  199.16  3.44
68985.0  22.090  17.490  -30.720  13.65  301.45  74.62  929.56  -1.12  194.58  3.58
68986.0  22.090  17.480  -30.720  13.66  301.55  74.60  928.47  -0.43  195.35  3.88
68987.0  22.050  17.480  -30.720  13.67  301.62  74.75  927.40  -0.48  207.76  4.38
68988.0  21.960  17.450  -30.720  13.66  301.61  75.03  926.42  0.17  207.95  4.28
68989.0  21.850  17.390  -30.720  13.62  301.58  75.26  925.56  0.37  212.70  3.24
68990.0  21.810  17.340  -30.720  13.59  301.60  75.21  924.96  -0.25  221.94  3.57
68991.0  21.700  17.300  -30.720  13.57  301.54  75.56  924.31  1.02  213.02  4.11
68992.0  21.680  17.230  -30.720  13.51  301.62  75.27  923.28  1.21  213.02  4.17
