flight/WP3D/AircraftMet_NP3_20130603_RA.ict
43  1001
Ken Aikin
NOAA ESRL Chemical Sciences Division
various aircraft sensors
SENEX 2013
1  1
2013  06  03  2013  06  04
1
AOCTimewave
10
1  1  1  1  1  1  1  1  1  1
-9999  -9999  -9999  -9999  -9999  -9999  -9999  -9999  -9999  -9999
AmbTemp  C
DewPtTemp  C
DewPtTempTDL  C
H2Omr  g/kg
PotTemp  K
RelHumidity  pct
StaticPrs  mbar
VertWindSpd  m/s
WindDir  deg
WindSpd  m/s
1
SPECIAL COMMENTS:Transit from Tampa  FL to Smyrna  TN. No DewPtTempTDL data.
18
PI_CONTACT_INFO: Address: NOAA ESRL Chemical Sciences Division  Mail Stop R/CSD7  325 Broadway  Boulder  CO 80305
PLATFORM: NOAA WP-3D
LOCATION: The aircraft was stationed in  Smyrna  Tennessee. Aircraft location information in AircraftPosition file.
ASSOCIATED_DATA: N/A
INSTRUMENT_INFO: N/A
DATA_INFO: Units:AmbTemp celcius; DewPtTemp celcius; DewPtTempTDL celcius; H2Omr g/kg; PotTemp kelvin; RelHumidity percent; StaticPrs millibar; VertWindSpd m/s; WindDir degrees; WindSpd m/s
UNCERTAINTY: N/A
ULOD_FLAG: -7777
ULOD_VALUE: N/A
LLOD_FLAG: -8888
LLOD_VALUE: N/A
DM_CONTACT_INFO: Data Manager:Ken Aikin; email:Kenneth.C.Aikin@noaa.gov
PROJECT_INFO: SENEX 2013 Study; June 1 - July 15  2013
STIPULATIONS_ON_USE: Use of these data require prior ok from PI.
OTHER_COMMENTS:       None
REVISION: RA
RA: Preliminary Data.  For in-field use.
AOCTimewave  AmbTemp  DewPtTemp  DewPtTempTDL  H2Omr  PotTemp  RelHumidity  StaticPrs  VertWindSpd  WindDir  WindSpd
[from data line 13255]
64526.0  9.120  -33.740  -29.670  0.31  310.99  3.03  712.45  -0.83  275.76  7.89
64527.0  9.140  -33.740  -29.670  0.31  310.95  3.02  712.96  -0.95  275.44  7.89
64528.0  9.130  -33.740  -29.670  0.31  310.89  3.02  713.33  -1.00  275.20  8.04
64529.0  9.070  -33.740  -29.670  0.31  310.76  3.04  713.87  -0.93  275.19  8.03
64530.0  9.010  -33.740  -29.670  0.31  310.61  3.05  714.49  -0.76  276.16  7.78
64531.0  8.930  -33.740  -29.670  0.31  310.45  3.07  715.15  -0.66  277.42  7.58
64532.0  8.880  -33.740  -29.670  0.31  310.32  3.08  715.68  -0.59  278.49  7.42
64533.0  8.840  -33.740  -29.670  0.31  310.20  3.09  716.33  -0.41  279.43  7.02
64534.0  8.760  -33.740  -29.670  0.31  310.04  3.10  716.85  -0.17  279.63  6.71
64535.0  8.660  -33.740  -29.670  0.31  309.85  3.12  717.53  -0.03  279.85  6.51
64536.0  8.580  -33.750  -29.670  0.31  309.66  3.14  718.39  0.12  280.28  6.24
64537.0  8.560  -33.750  -29.670  0.31  309.54  3.15  719.20  0.15  281.59  5.96
64538.0  8.570  -33.750  -29.670  0.31  309.46  3.14  719.85  0.12  282.44  5.72
64539.0  8.570  -33.750  -29.670  0.31  309.39  3.14  720.53  0.18  283.40  5.38
64540.0  8.600  -33.750  -29.670  0.31  309.31  3.14  721.41  0.46  284.99  5.13
64541.0  8.620  -33.750  -29.670  0.31  309.23  3.13  722.23  0.75  286.54  5.07
64542.0  8.630  -33.750  -29.670  0.31  309.16  3.13  722.93  1.09  289.79  4.94
64543.0  8.650  -33.750  -29.670  0.31  309.12  3.12  723.47  1.26  289.38  5.03
64544.0  8.720  -33.750  -29.670  0.31  309.09  3.11  724.35  1.51  285.01  5.40
64545.0  8.920  -33.750  -29.670  0.30  309.20  3.07  725.22  1.45  285.15  5.83
64546.0  9.140  -33.740  -29.670  0.30  309.34  3.02  726.01  1.27  286.96  6.60
64547.0  9.380  -33.750  -29.670  0.30  309.55  2.97  726.50  1.29  284.04  7.09
64548.0  9.600  -33.750  -29.670  0.30  309.69  2.93  727.31  1.36  280.27  7.56
64549.0  9.850  -33.750  -29.670  0.30  309.87  2.88  728.12  1.32  275.32  8.41
64550.0  10.270  -33.770  -29.670  0.30  310.19  2.79  729.21  0.79  274.16  8.69
64551.0  10.530  -33.770  -29.670  0.30  310.35  2.74  730.23  0.02  272.36  8.87
64552.0  10.570  -33.770  -29.670  0.30  310.31  2.74  730.97  -0.53  270.75  8.80
64553.0  10.410  -33.770  -29.670  0.30  310.02  2.76  731.93  -0.89  267.89  8.43
64554.0  9.990  -33.770  -29.670  0.30  309.43  2.85  732.96  -1.14  267.41  8.56
64555.0  9.590  -33.770  -29.670  0.30  308.87  2.92  733.99  -0.74  267.48  8.34
64556.0  9.330  -33.770  -29.670  0.30  308.47  2.98  735.01  -0.45  266.66  8.33
64557.0  8.990  -33.770  -29.670  0.30  307.97  3.05  736.02  0.50  256.68  7.06
64558.0  8.500  -33.770  -29.670  0.30  307.30  3.15  737.13  2.03  247.24  7.40
64559.0  8.260  -33.770  -29.670  0.30  306.90  3.21  738.26  2.85  249.14  6.95
64560.0  8.250  -33.770  -29.670  0.30  306.77  3.21  739.32  2.88  264.72  6.87
64561.0  8.760  -33.770  -29.670  0.30  307.21  3.10  740.36  1.90  282.57  6.37
64562.0  9.310  -33.770  -29.670  0.30  307.67  2.98  741.53  1.87  279.78  5.95
64563.0  9.800  -33.750  -29.670  0.30  308.06  2.89  742.72  1.52  281.78  5.81
64564.0  10.020  -33.750  -29.670  0.30  308.13  2.85  744.14  1.14  286.90  5.94
64565.0  10.190  -33.750  -29.670  0.30  308.18  2.81  745.29  1.09  283.94  6.27
64566.0  10.360  -33.740  -29.670  0.30  308.24  2.78  746.26  1.07  283.90  6.48
64567.0  10.470  -33.740  -29.670  0.30  308.22  2.76  747.50  1.24  282.43  6.85
64568.0  10.600  -33.740  -29.670  0.30  308.22  2.74  748.77  1.11  280.07  6.93
64569.0  10.780  -33.740  -29.670  0.30  308.26  2.71  750.01  0.65  279.16  7.04
64570.0  10.860  -33.740  -29.670  0.29  308.21  2.69  751.16  -0.02  276.52  7.44
64571.0  10.880  -33.740  -29.670  0.29  308.06  2.69  752.64  -0.61  267.99  7.67
64572.0  10.920  -33.740  -29.670  0.29  307.96  2.68  753.96  -0.95  262.33  7.94
64573.0  10.710  -33.720  -29.670  0.29  307.58  2.72  755.17  -1.31  253.56  8.75
64574.0  10.310  -33.720  -29.670  0.29  307.02  2.80  756.30  -1.57  246.47  9.33
64575.0  10.080  -33.720  -29.670  0.29  306.62  2.85  757.58  -1.62  239.73  9.73
64576.0  9.730  -33.720  -29.670  0.29  306.14  2.91  758.42  -2.04  235.98  10.33
64577.0  9.460  -33.740  -29.670  0.29  305.76  2.96  759.22  -1.90  238.42  10.30
64578.0  9.270  -33.700  -29.670  0.29  305.45  3.01  760.07  -1.43  241.18  10.47
64579.0  9.210  -33.530  -29.670  0.30  305.27  3.08  761.17  -1.04  241.16  10.17
64580.0  9.210  -33.250  -29.670  0.30  305.13  3.16  762.38  -0.95  242.25  9.82
64581.0  9.220  -32.840  -29.670  0.32  305.00  3.29  763.59  -0.87  243.00  9.59
64582.0  9.230  -32.310  -29.670  0.33  304.89  3.46  764.60  -0.57  243.81  9.65
64583.0  9.310  -31.630  -29.670  0.35  304.86  3.67  765.65  -0.26  243.42  9.10
64584.0  9.390  -30.860  -29.670  0.38  304.84  3.93  766.63  0.16  242.15  9.13
64585.0  9.540  -29.980  -29.670  0.41  304.89  4.23  767.59  0.24  240.27  8.86
64586.0  9.680  -28.950  -29.670  0.46  304.94  4.62  768.54  0.26  238.98  8.74
64587.0  9.890  -27.800  -29.670  0.51  305.04  5.06  769.62  0.25  234.22  8.64
64588.0  10.050  -26.520  -29.670  0.57  305.08  5.63  770.77  0.41  236.05  8.71
64589.0  10.270  -25.130  -29.670  0.64  305.19  6.30  771.84  0.28  233.82  8.39
64590.0  10.330  -23.620  -29.670  0.74  305.15  7.18  772.83  -0.17  236.66  8.81
64591.0  10.400  -21.960  -29.670  0.85  305.08  8.28  774.12  -0.62  236.03  8.92
64592.0  10.350  -20.260  -29.670  0.99  304.88  9.64  775.30  -1.20  240.28  8.46
64593.0  10.100  -18.580  -29.670  1.14  304.49  11.33  776.49  -1.65  248.43  8.74
64594.0  9.890  -16.960  -29.670  1.30  304.16  13.18  777.37  -1.93  255.43  8.24
64595.0  9.580  -15.500  -29.670  1.47  303.71  15.21  778.38  -1.42  256.38  8.52
64596.0  9.340  -14.190  -29.670  1.64  303.31  17.22  779.64  -0.91  257.83  8.64
64597.0  9.190  -13.050  -29.670  1.79  303.02  19.10  780.81  -0.55  258.67  8.56
64598.0  9.390  -12.040  -29.670  1.94  303.12  20.44  781.86  0.00  256.35  7.81
64599.0  9.330  -11.210  -29.670  2.08  302.96  21.94  782.79  -0.07  253.76  8.04
64600.0  9.540  -10.520  -29.670  2.19  303.07  22.85  783.73  0.50  257.09  8.03
64601.0  9.550  -9.970  -29.670  2.28  302.98  23.85  784.73  0.52  260.26  8.79
64602.0  9.840  -9.600  -29.670  2.35  303.18  24.09  785.62  0.46  258.25  9.27
64603.0  10.080  -9.380  -29.670  2.39  303.32  24.12  786.70  0.19  258.00  9.49
64604.0  10.270  -9.340  -29.670  2.39  303.40  23.87  787.85  -0.23  260.75  9.35
64605.0  10.430  -9.370  -29.670  2.38  303.45  23.56  788.94  -0.96  263.35  9.01
64606.0  10.420  -9.510  -29.670  2.35  303.33  23.33  789.92  -1.06  266.79  8.49
64607.0  10.170  -9.720  -29.670  2.31  302.96  23.33  790.91  -1.59  265.51  8.07
64608.0  9.380  -9.950  -29.670  2.27  301.99  24.17  792.02  -1.51  257.33  6.94
64609.0  8.560  -10.100  -29.670  2.24  300.98  25.27  793.25  -0.52  258.19  5.20
64610.0  8.080  -10.110  -29.670  2.23  300.37  26.09  794.19  -0.30  260.06  5.48
64611.0  7.930  -9.990  -29.670  2.25  300.10  26.62  795.21  -0.33  276.61  6.17
64612.0  7.930  -9.730  -29.670  2.29  299.97  27.18  796.39  -0.18  274.79  5.75
64613.0  8.050  -9.330  -29.670  2.36  299.97  27.81  797.63  -0.51  264.39  6.66
64614.0  8.200  -8.800  -29.670  2.46  299.99  28.71  798.91  -0.39  259.37  6.82
64615.0  8.130  -8.150  -29.670  2.58  299.78  30.34  800.18  -0.76  259.87  6.56
64616.0  8.070  -7.410  -29.670  2.73  299.58  32.28  801.41  -0.38  272.35  5.49
64617.0  7.970  -6.490  -29.670  2.93  299.34  34.90  802.68  -0.64  274.92  4.55
64618.0  7.970  -5.460  -29.670  3.17  299.22  37.77  803.74  -0.30  272.96  4.77
64619.0  7.890  -4.370  -29.670  3.44  299.05  41.25  804.65  -0.65  263.83  5.24
64620.0  7.980  -3.080  -29.670  3.78  299.00  45.20  805.96  0.04  263.07  5.71
64621.0  8.290  -1.730  -29.670  4.17  299.20  48.89  807.14  0.24  270.74  5.67
64622.0  8.320  -0.270  -29.670  4.65  299.13  54.37  808.01  -0.11  259.65  5.24
64623.0  8.360  0.980  -29.670  5.08  299.09  59.39  808.80  -0.11  252.57  4.45
64624.0  8.290  2.110  -29.670  5.51  298.92  64.74  809.69  -1.12  263.70  5.62
64625.0  8.410  3.230  -29.670  5.96  298.93  69.59  810.86  -1.27  270.02  5.49
64626.0  8.450  4.150  -29.670  6.36  298.86  74.08  811.84  -0.39  274.76  4.94
64627.0  8.510  4.940  -29.670  6.71  298.81  78.00  812.96  -0.88  272.02  4.78
64628.0  8.580  5.560  -29.670  7.00  298.75  81.10  814.20  -0.62  267.47  4.65
64629.0  8.750  6.150  -29.670  7.28  298.81  83.53  815.36  -1.34  263.26  4.19
64630.0  8.780  6.610  -29.670  7.51  298.70  86.11  816.69  -0.94  274.06  4.37
64631.0  8.960  7.030  -29.670  7.72  298.77  87.54  817.87  -0.56  281.15  4.23
64632.0  9.140  7.310  -29.670  7.86  298.84  88.19  819.04  -0.59  283.51  3.87
64633.0  9.230  7.520  -29.670  7.97  298.79  88.92  820.43  -0.85  281.95  4.36
64634.0  9.350  7.630  -29.670  8.01  298.77  88.82  821.85  -0.96  276.74  3.63
64635.0  9.360  7.660  -29.670  8.01  298.61  88.98  823.45  -0.68  281.03  4.06
64636.0  9.430  7.660  -29.670  8.00  298.54  88.58  824.91  -0.20  292.35  5.04
64637.0  9.540  7.600  -29.670  7.95  298.51  87.49  826.33  0.12  284.66  6.04
64638.0  9.850  7.440  -29.670  7.85  298.68  84.77  827.77  -1.15  282.97  5.59
64639.0  9.980  7.230  -29.670  7.72  298.66  82.77  829.37  -1.13  288.48  5.00
64640.0  10.030  7.080  -29.670  7.62  298.57  81.62  830.82  -0.65  297.99  4.79
64641.0  10.030  6.990  -29.670  7.57  298.44  81.17  832.01  -1.32  289.60  4.77
64642.0  10.190  6.990  -29.670  7.56  298.47  80.26  833.45  -1.16  299.40  3.80
64643.0  10.190  7.040  -29.670  7.57  298.33  80.56  834.74  -0.86  290.84  3.53
64644.0  10.320  7.160  -29.670  7.62  298.31  80.50  836.25  -0.69  284.65  2.96
64645.0  10.430  7.230  -29.670  7.64  298.28  80.31  837.73  -1.12  270.97  2.78
64646.0  10.660  7.330  -29.670  7.68  298.38  79.60  839.17  -1.41  285.07  3.26
64647.0  10.800  7.380  -29.670  7.70  298.40  79.19  840.32  -0.82  302.21  3.75
64648.0  10.860  7.480  -29.670  7.74  298.34  79.35  841.63  -0.78  305.31  3.67
64649.0  10.930  7.610  -29.670  7.79  298.29  79.68  842.82  -1.09  296.36  3.88
64650.0  11.080  7.750  -29.670  7.86  298.31  79.67  844.20  -0.84  302.31  3.87
64651.0  11.140  7.880  -29.670  7.92  298.25  80.04  845.39  -0.31  305.08  3.16
64652.0  11.160  7.980  -29.670  7.96  298.16  80.51  846.51  -0.76  310.72  2.77
64653.0  11.240  8.100  -29.670  8.02  298.11  80.79  847.80  -0.95  318.93  2.65
64654.0  11.300  8.230  -29.670  8.07  298.05  81.12  849.07  -0.66  311.76  2.87
64655.0  11.540  8.400  -29.670  8.16  298.18  80.75  850.28  -0.55  312.59  3.29
64656.0  11.650  8.520  -29.670  8.22  298.20  80.84  851.25  -0.87  314.34  3.40
64657.0  11.630  8.630  -29.670  8.27  298.09  81.55  852.15  -0.61  315.48  3.96
64658.0  11.670  8.720  -29.670  8.31  298.01  81.87  853.30  0.12  320.08  3.84
64659.0  11.770  8.840  -29.670  8.37  298.02  82.01  854.22  -0.13  309.54  3.56
64660.0  11.900  8.970  -29.670  8.44  298.07  81.98  855.11  -0.16  303.19  3.38
64661.0  12.070  9.070  -29.670  8.49  298.14  81.67  856.15  -0.30  309.11  3.75
64662.0  12.190  9.130  -29.670  8.51  298.19  81.28  857.05  -0.38  307.23  4.21
64663.0  12.250  9.170  -29.670  8.53  298.15  81.22  858.06  0.12  315.27  3.66
64664.0  12.270  9.240  -29.670  8.56  298.06  81.49  859.14  -0.15  317.07  3.99
64665.0  12.430  9.340  -29.670  8.60  298.11  81.17  860.35  -0.07  318.29  4.38
64666.0  12.460  9.410  -29.670  8.63  298.02  81.40  861.60  0.41  324.73  4.52
64667.0  12.570  9.510  -29.670  8.67  298.03  81.31  862.65  0.33  331.68  4.60
64668.0  12.680  9.580  -29.670  8.70  298.02  81.15  863.85  -0.27  328.55  5.12
64669.0  12.720  9.630  -29.670  8.72  297.95  81.18  864.99  -0.01  318.00  4.51
64670.0  12.910  9.640  -29.670  8.71  298.03  80.23  866.22  -0.09  327.98  4.14
64671.0  13.010  9.680  -29.670  8.73  298.00  79.94  867.51  -0.05  326.74  5.10
64672.0  13.100  9.720  -29.670  8.74  297.99  79.67  868.64  -0.12  327.66  5.29
64673.0  13.210  9.770  -29.670  8.76  298.00  79.31  869.76  -0.79  334.86  5.04
64674.0  13.250  9.810  -29.670  8.77  297.92  79.39  870.91  -0.58  335.75  4.02
64675.0  13.450  9.840  -29.670  8.78  298.01  78.46  872.21  -0.60  324.22  3.97
64676.0  13.630  9.830  -29.670  8.75  298.08  77.49  873.30  -1.29  327.42  3.27
64677.0  13.750  9.840  -29.670  8.75  298.10  76.92  874.44  -0.82  352.83  3.13
64678.0  13.560  9.870  -29.670  8.76  297.79  78.02  875.57  -0.91  24.34  3.39
64679.0  13.570  9.950  -29.670  8.80  297.70  78.45  876.64  -1.16  11.27  4.19
64680.0  13.590  10.070  -29.670  8.86  297.62  79.01  877.66  0.05  7.29  4.66
64681.0  13.550  10.210  -29.670  8.94  297.50  79.95  878.46  0.20  2.22  4.39
64682.0  13.640  10.400  -29.670  9.04  297.52  80.50  879.18  -0.58  359.09  4.91
64683.0  13.680  10.610  -29.670  9.16  297.47  81.46  880.18  0.48  4.09  4.75
64684.0  13.690  10.780  -29.670  9.25  297.37  82.34  881.25  0.58  5.29  4.42
64685.0  13.810  10.910  -29.670  9.32  297.39  82.38  882.43  1.84  354.94  4.30
64686.0  13.910  11.040  -29.670  9.39  297.37  82.57  883.64  1.11  5.78  3.84
64687.0  14.180  11.180  -29.670  9.47  297.55  81.86  884.76  -0.22  355.65  4.74
64688.0  14.320  11.330  -29.670  9.55  297.59  81.91  885.85  -1.68  341.16  5.61
64689.0  14.310  11.430  -29.670  9.60  297.46  82.54  887.17  -0.69  327.50  4.19
64690.0  14.700  11.510  -29.670  9.64  297.74  80.89  888.35  -1.21  318.41  5.12
64691.0  14.790  11.610  -29.670  9.70  297.74  80.98  889.35  -0.57  316.50  4.51
64692.0  14.840  11.670  -29.670  9.72  297.69  81.01  890.39  -0.69  315.60  4.84
64693.0  14.930  11.720  -29.670  9.74  297.70  80.79  891.23  0.06  322.26  4.67
64694.0  15.010  11.810  -29.670  9.80  297.72  80.90  891.93  -0.91  333.88  4.42
64695.0  14.960  11.860  -29.670  9.82  297.61  81.39  892.63  -1.37  334.79  3.12
64696.0  15.130  11.880  -29.670  9.83  297.71  80.65  893.37  -1.11  337.49  3.89
64697.0  15.180  11.890  -29.670  9.83  297.69  80.40  894.04  -0.78  347.32  4.57
64698.0  15.160  11.820  -29.670  9.77  297.62  80.16  894.61  -0.56  358.43  4.38
64699.0  15.090  11.750  -29.670  9.72  297.46  80.12  895.48  0.40  6.12  2.87
64700.0  15.260  11.720  -29.670  9.70  297.58  79.12  896.08  0.25  12.23  3.25
64701.0  15.400  11.740  -29.670  9.70  297.66  78.47  896.83  1.36  351.51  3.85
64702.0  15.420  11.770  -29.670  9.71  297.64  78.52  897.28  0.31  351.15  4.04
64703.0  15.470  11.780  -29.670  9.71  297.63  78.32  897.92  -0.28  350.68  4.34
64704.0  15.500  11.800  -29.670  9.72  297.60  78.27  898.54  -0.68  1.11  4.16
64705.0  15.700  11.830  -29.670  9.73  297.73  77.39  899.37  -0.95  337.33  3.50
64706.0  15.790  11.870  -29.670  9.75  297.79  77.15  899.72  -0.91  332.74  3.29
64707.0  15.810  11.880  -29.670  9.75  297.77  77.10  900.13  -1.03  332.02  2.95
64708.0  15.890  11.920  -29.670  9.77  297.77  76.92  900.99  -1.02  339.81  3.50
64709.0  16.000  11.970  -29.670  9.79  297.78  76.64  902.04  -1.30  346.21  3.84
64710.0  16.140  11.990  -29.670  9.80  297.84  76.02  903.01  -0.98  339.30  4.27
64711.0  16.140  12.020  -29.670  9.81  297.78  76.16  903.64  -1.22  331.02  3.91
64712.0  16.190  12.020  -29.670  9.80  297.76  75.95  904.40  -1.76  335.42  4.01
64713.0  16.340  11.990  -29.670  9.77  297.82  75.08  905.32  -1.03  350.78  4.57
64714.0  16.360  11.960  -29.670  9.74  297.76  74.84  906.24  -0.83  2.21  4.78
64715.0  16.410  11.940  -29.670  9.72  297.74  74.46  907.02  -1.21  359.70  4.57
64716.0  16.500  11.960  -29.670  9.72  297.76  74.10  907.86  -1.45  348.09  4.12
64717.0  16.560  12.010  -29.670  9.75  297.76  74.06  908.48  -0.55  344.08  3.77
64718.0  16.540  12.010  -29.670  9.74  297.69  74.20  909.01  2.01  343.90  2.47
64719.0  16.670  12.020  -29.670  9.74  297.81  73.59  909.09  1.83  346.59  2.79
