flight/WP3D/AircraftMis_NP3_20130612_RA.ict
41  1001
Ken Aikin
NOAA ESRL Chemical Sciences Division
various aircraft sensors
SENEX 2013
1  1
2013  06  12  2013  06  12
1
AOCTimewave
8
1  1  1  1  1  1  1  1
-9999  -9999  -9999  -9999  -9999  -9999  -9999  -9999
Attack  deg
CabinPrs  mbar
GndSpd  m/s
Heading  deg
Pitch  deg
Roll  deg
Slip  deg
TrueAirSpd  m/s
1
SPECIAL COMMENTS:Atlanta flight.
18
PI_CONTACT_INFO: Address: NOAA ESRL Chemical Sciences Division  Mail Stop R/CSD7  325 Broadway  Boulder  CO 80305
PLATFORM: NOAA WP-3D
LOCATION: The aircraft was stationed in  Smyrna  Tennessee. Aircraft location information in AircraftPosition file.
ASSOCIATED_DATA: N/A
INSTRUMENT_INFO: N/A
DATA_INFO: Units: Attack degrees; CabinPrs millibar; GndSpd m/s; Heading degrees; Pitch degrees; Roll degrees; Slip degrees; TrueAirSpd m/s
UNCERTAINTY: N/A
ULOD_FLAG: -7777
ULOD_VALUE: N/A
LLOD_FLAG: -8888
LLOD_VALUE: N/A
DM_CONTACT_INFO: Data Manager:Ken Aikin; email:Kenneth.C.Aikin@noaa.gov
PROJECT_INFO: SENEX 2013 Study; June 1 - July 15  2013
STIPULATIONS_ON_USE: Use of these data require prior ok from PI.
OTHER_COMMENTS:       None
REVISION: RA
RA: Preliminary Data.  For in-field use.
AOCTimewave  Attack  CabinPrs  GndSpd  Heading  Pitch  Roll  Slip  TrueAirSpd
[from data line 1845]
55143.0  2.0  950.1  142.6  129.5  -3.37  -2.70  -0.44  136.9
55144.0  1.9  951.1  142.7  129.5  -3.34  -2.66  -0.55  136.9
55145.0  1.7  950.4  142.7  129.3  -3.52  -2.59  -0.50  136.9
55146.0  1.6  950.5  142.7  129.1  -3.66  -2.67  -0.38  137.0
55147.0  1.7  950.1  142.8  128.9  -3.58  -2.92  -0.34  137.0
55148.0  2.0  950.8  142.8  128.8  -3.09  -3.22  -0.44  137.2
55149.0  1.8  950.3  142.9  128.8  -2.99  -3.41  -0.54  137.3
55150.0  1.7  950.3  142.8  128.6  -3.05  -3.49  -0.50  137.4
55151.0  1.7  950.8  142.8  128.3  -2.93  -3.59  -0.46  137.2
55152.0  1.7  950.4  142.7  128.1  -2.85  -3.76  -0.43  137.1
55153.0  1.7  950.1  142.6  127.9  -2.83  -3.97  -0.45  137.1
55154.0  1.7  950.4  142.6  127.7  -2.83  -4.16  -0.53  137.2
55155.0  1.7  949.8  142.5  127.4  -2.69  -4.30  -0.50  137.2
55156.0  2.0  950.6  142.4  127.0  -2.10  -4.19  -0.55  137.2
55157.0  2.1  949.8  142.2  126.7  -1.65  -3.66  -0.45  137.0
55158.0  1.8  950.7  142.0  126.4  -1.62  -3.09  -0.45  136.9
55159.0  1.7  949.9  141.7  126.2  -1.60  -2.56  -0.46  136.8
55160.0  1.7  950.2  141.4  126.0  -1.55  -2.02  -0.42  136.6
55161.0  1.7  949.4  141.1  125.8  -1.49  -1.52  -0.39  136.3
55162.0  1.8  949.9  140.8  125.7  -1.40  -1.20  -0.33  136.0
55163.0  1.7  950.1  140.4  125.7  -1.42  -0.99  -0.43  135.7
55164.0  1.6  949.4  140.1  125.7  -1.64  -0.77  -0.48  135.5
55165.0  1.5  949.9  139.8  125.7  -1.87  -0.81  -0.43  135.1
55166.0  1.8  949.9  139.6  125.6  -1.63  -1.63  -0.42  134.8
55167.0  1.9  949.2  139.3  125.5  -1.37  -2.87  -0.57  134.5
55168.0  1.8  950.0  139.0  125.4  -1.36  -3.75  -0.65  134.2
55169.0  1.7  949.8  138.7  125.1  -1.49  -3.82  -0.54  133.9
55170.0  1.6  949.3  138.4  124.7  -1.72  -3.56  -0.34  133.7
55171.0  1.7  950.0  138.1  124.5  -1.81  -3.36  -0.23  133.6
55172.0  1.5  949.2  137.9  124.5  -2.19  -3.27  -0.30  133.4
55173.0  1.4  950.0  137.6  124.4  -2.70  -3.13  -0.44  133.4
55174.0  1.5  950.1  137.5  124.3  -2.84  -2.89  -0.41  133.4
55175.0  1.8  949.3  137.4  124.1  -2.74  -2.65  -0.33  133.4
55176.0  1.9  950.1  137.3  124.0  -2.46  -2.44  -0.27  133.4
55177.0  2.1  949.6  137.2  124.0  -2.07  -0.89  -0.13  133.3
55178.0  1.9  950.0  137.1  124.1  -2.07  2.40  0.15  133.2
55179.0  1.7  950.0  136.9  124.4  -2.39  5.04  0.21  133.1
55180.0  1.7  949.3  136.8  125.1  -2.56  7.08  0.03  133.0
55181.0  1.7  949.6  136.7  125.9  -2.61  9.02  -0.07  132.8
55182.0  1.7  949.7  136.6  126.7  -2.82  10.93  -0.01  132.7
55183.0  1.6  949.3  136.5  127.5  -3.11  12.76  0.15  132.6
55184.0  1.7  949.8  136.5  128.5  -3.27  14.42  0.30  132.5
55185.0  2.2  949.4  136.5  130.1  -2.70  15.69  0.24  132.4
55186.0  2.2  949.6  136.5  131.7  -2.58  16.78  -0.03  132.5
55187.0  2.0  949.6  136.5  133.1  -2.74  17.93  -0.20  132.9
55188.0  2.0  949.9  136.4  134.4  -2.82  17.10  -0.24  132.6
55189.0  2.1  949.2  136.4  135.7  -2.56  12.73  -0.53  132.5
55190.0  2.5  949.8  136.3  136.9  -1.81  5.92  -1.22  132.1
55191.0  2.0  949.3  136.1  137.3  -1.90  1.05  -1.43  131.9
55192.0  1.4  949.7  135.9  136.6  -2.67  -0.08  -0.72  131.8
55193.0  1.4  948.8  135.8  135.9  -3.04  -0.17  0.13  131.7
55194.0  1.7  949.5  135.7  135.9  -2.99  -0.50  0.05  131.6
55195.0  1.8  949.3  135.6  136.4  -2.98  -0.58  -0.58  131.6
55196.0  1.8  949.6  135.6  136.6  -3.06  -0.10  -0.83  131.7
55197.0  1.8  949.0  135.6  136.3  -3.15  -0.24  -0.47  131.5
55198.0  1.8  949.5  135.6  136.1  -3.21  -0.66  -0.16  131.2
55199.0  1.7  949.5  135.6  136.1  -3.34  -0.52  -0.16  131.4
55200.0  1.6  949.0  135.6  136.4  -3.55  -0.07  -0.36  131.5
55201.0  1.6  949.6  135.6  136.5  -3.78  0.61  -0.36  131.6
55202.0  1.6  949.1  135.7  136.6  -3.92  1.21  -0.24  131.7
55203.0  1.7  948.8  135.8  136.7  -3.94  1.58  -0.21  131.8
55204.0  1.8  949.6  135.9  137.0  -3.93  1.77  -0.32  131.9
55205.0  1.7  949.0  136.0  137.3  -4.01  1.97  -0.44  132.0
55206.0  1.7  949.6  136.1  137.5  -4.14  2.05  -0.40  132.2
55207.0  1.7  949.4  136.3  137.6  -4.22  1.89  -0.30  132.3
55208.0  1.7  949.2  136.4  137.7  -4.28  1.58  -0.26  132.4
55209.0  1.7  949.0  136.6  138.0  -4.32  1.30  -0.35  132.6
55210.0  1.7  949.5  136.7  138.2  -4.30  1.03  -0.39  132.7
55211.0  1.7  949.3  136.9  138.4  -4.29  0.72  -0.37  132.9
55212.0  1.6  949.1  137.0  138.5  -4.46  -0.55  -0.43  133.0
55213.0  1.5  949.2  137.2  138.6  -4.59  -2.90  -0.60  133.2
55214.0  1.6  949.7  137.4  138.5  -4.59  -4.61  -0.74  133.3
55215.0  1.6  949.2  137.6  138.1  -4.57  -5.31  -0.63  133.5
55216.0  1.7  949.2  137.7  137.6  -4.43  -5.35  -0.38  133.5
55217.0  1.8  949.1  137.9  137.2  -4.17  -5.26  -0.26  133.5
55218.0  1.7  949.5  138.1  137.1  -4.08  -5.17  -0.36  133.5
55219.0  1.6  949.2  138.2  137.0  -4.08  -5.06  -0.52  133.6
55220.0  1.6  949.0  138.3  136.7  -4.09  -4.79  -0.48  133.8
55221.0  1.6  948.7  138.4  136.3  -4.08  -4.57  -0.38  133.8
55222.0  1.5  948.6  138.5  136.1  -4.14  -4.45  -0.41  133.9
55223.0  1.4  948.8  138.5  135.9  -4.37  -4.31  -0.47  134.0
55224.0  1.5  949.6  138.6  135.6  -4.38  -4.00  -0.39  134.2
55225.0  1.5  948.9  138.8  135.4  -4.23  -3.54  -0.31  134.3
55226.0  1.6  949.0  138.9  135.3  -4.16  -3.01  -0.34  134.3
55227.0  1.6  948.8  139.0  135.2  -4.01  -2.43  -0.35  134.4
55228.0  2.0  949.3  139.1  135.1  -3.17  -1.77  -0.35  134.2
55229.0  2.1  948.7  139.1  135.0  -2.49  -1.06  -0.35  134.1
55230.0  1.7  949.2  139.0  135.1  -2.60  -0.67  -0.36  133.9
55231.0  1.4  949.0  138.8  135.1  -2.95  -0.55  -0.39  133.9
55232.0  1.4  948.5  138.7  135.1  -3.10  -0.79  -0.39  133.7
55233.0  1.4  948.9  138.6  135.0  -3.11  -1.50  -0.45  133.7
55234.0  1.5  948.9  138.5  135.0  -3.08  -2.24  -0.48  133.6
55235.0  1.5  948.6  138.4  134.9  -3.08  -2.92  -0.48  133.4
55236.0  1.5  949.0  138.3  134.7  -3.03  -3.57  -0.47  133.2
55237.0  1.8  949.2  138.2  134.5  -2.61  -3.18  -0.47  132.8
55238.0  1.7  948.9  138.1  134.2  -2.45  -1.83  -0.29  132.4
55239.0  1.4  949.4  137.9  134.1  -2.76  -1.28  -0.23  132.0
55240.0  1.5  948.6  137.8  134.1  -2.72  -1.49  -0.25  132.0
55241.0  1.8  949.0  137.6  134.3  -2.41  -1.89  -0.48  131.9
55242.0  1.8  949.0  137.5  134.3  -2.32  -2.13  -0.56  131.6
55243.0  1.6  948.7  137.3  134.1  -2.45  -2.35  -0.49  131.3
55244.0  1.4  949.4  137.2  133.9  -2.84  -3.63  -0.48  131.2
55245.0  1.4  948.8  137.0  133.7  -3.16  -5.93  -0.61  130.9
55246.0  1.8  949.2  136.9  133.3  -2.79  -6.19  -0.68  130.6
55247.0  1.8  949.2  136.9  132.7  -2.65  -4.75  -0.34  130.2
55248.0  1.9  949.0  136.7  132.3  -2.36  -4.39  -0.13  129.7
55249.0  2.3  949.2  136.6  132.2  -1.62  -5.15  -0.38  129.2
55250.0  1.9  949.2  136.4  132.2  -1.63  -5.88  -0.77  129.0
55251.0  2.1  949.1  136.1  131.9  -1.15  -5.53  -0.75  128.8
55252.0  2.5  949.4  135.8  131.2  -0.40  -4.35  -0.37  128.3
55253.0  2.0  949.4  135.4  130.9  -0.61  -3.51  -0.22  127.7
55254.0  1.9  949.0  135.0  130.8  -0.71  -3.31  -0.36  127.2
55255.0  1.9  948.7  134.6  130.7  -0.79  -3.46  -0.56  126.7
55256.0  1.7  949.5  134.2  130.6  -1.23  -3.57  -0.63  126.7
55257.0  1.6  949.1  133.9  130.3  -1.71  -3.68  -0.59  126.7
55258.0  1.6  949.0  133.6  129.9  -2.16  -3.85  -0.28  125.8
55259.0  1.3  949.7  133.4  129.7  -2.62  -3.89  -0.21  125.3
55260.0  1.6  949.6  133.2  129.7  -2.84  -3.73  -0.61  125.3
55261.0  2.3  949.5  133.2  129.5  -2.21  -3.42  -0.52  125.0
55262.0  2.2  949.4  133.0  129.3  -1.44  -3.09  -0.96  125.0
55263.0  2.4  949.1  132.8  128.9  -0.82  -2.26  -0.74  125.1
55264.0  2.8  949.8  132.5  128.3  -0.16  -1.78  0.23  124.9
55265.0  2.8  949.3  132.0  128.6  0.44  -2.22  -0.10  124.8
55266.0  3.0  949.5  131.5  129.1  1.09  -2.18  -1.05  124.3
55267.0  2.8  949.7  131.0  129.1  1.32  -1.25  -1.17  123.7
55268.0  2.3  949.2  130.3  128.4  1.13  -0.43  -0.41  122.7
55269.0  1.7  949.8  129.8  127.9  0.27  -0.40  0.11  121.9
55270.0  1.5  949.4  129.3  128.0  -0.55  -1.11  -0.18  121.8
55271.0  2.0  949.2  129.1  128.3  -0.69  -1.77  -0.41  121.1
55272.0  2.3  950.0  129.3  128.1  -0.40  -1.96  0.18  121.2
55273.0  2.7  949.4  129.4  127.9  0.06  -1.90  0.29  121.2
55274.0  1.8  950.0  129.6  128.1  -0.12  -1.40  -0.26  121.6
55275.0  1.7  950.3  129.7  128.0  -0.54  -1.20  -0.05  121.7
55276.0  2.3  950.2  129.9  127.6  -0.12  -1.33  0.20  122.2
55277.0  2.2  949.6  130.0  127.4  0.13  -1.86  0.05  121.7
55278.0  2.0  950.5  130.1  127.4  0.22  -2.03  -0.24  122.2
55279.0  2.2  950.1  130.2  127.2  0.38  -1.59  -0.24  121.7
55280.0  2.4  950.0  130.3  126.7  0.46  -0.92  0.13  122.7
55281.0  1.9  951.1  130.4  126.7  -0.07  -0.54  0.62  123.9
55282.0  1.8  950.0  130.5  127.3  -0.20  -0.58  -0.24  123.9
55283.0  1.7  950.0  130.7  127.8  -0.27  -0.24  -1.13  123.3
55284.0  1.9  950.4  130.8  127.4  0.07  -0.12  -0.36  122.9
55285.0  1.7  949.8  130.9  126.9  -0.28  -0.86  -0.07  122.7
55286.0  1.8  950.0  131.1  126.7  -0.77  -1.94  0.26  123.5
55287.0  1.6  949.9  131.3  127.0  -1.25  -2.75  -0.43  123.4
55288.0  2.4  950.6  131.6  127.0  -0.72  -2.53  -0.58  124.5
55289.0  2.6  950.4  131.8  126.6  0.05  -1.07  0.13  126.2
55290.0  1.7  950.3  132.0  126.7  -0.31  -0.03  0.17  126.4
55291.0  1.3  950.8  132.1  127.1  -0.52  0.52  -0.44  125.6
55292.0  1.8  950.8  132.2  127.0  -0.01  1.08  -0.18  126.6
55293.0  1.6  950.8  132.3  126.9  0.00  0.61  -0.24  127.3
55294.0  1.7  950.7  132.3  126.9  -0.09  -0.45  -0.76  126.9
55295.0  1.3  950.9  132.4  126.4  -0.33  0.08  0.40  125.9
55296.0  1.5  950.7  132.5  126.6  -0.46  0.67  1.01  126.1
55297.0  1.5  950.1  132.6  127.5  -0.74  -0.70  0.10  126.7
55298.0  1.4  951.5  132.8  128.3  -1.13  -1.59  -0.61  127.2
55299.0  1.0  951.3  133.1  128.4  -1.65  0.38  -1.56  126.1
55300.0  1.3  950.6  133.3  127.1  -1.93  2.49  0.52  126.2
55301.0  1.7  951.2  133.6  126.4  -1.92  0.65  0.93  125.1
55302.0  2.0  950.6  134.0  127.2  -1.79  -2.14  -0.31  127.0
55303.0  1.9  951.4  134.3  127.8  -1.30  -3.11  -1.47  126.7
55304.0  2.0  951.0  134.6  127.0  -0.89  -1.12  -0.03  127.0
55305.0  1.5  951.1  134.8  126.4  -1.26  0.82  0.06  126.3
55306.0  1.1  951.9  135.0  126.3  -1.79  0.41  0.32  126.5
55307.0  1.8  951.6  135.3  126.8  -1.56  -1.25  -0.48  127.0
55308.0  1.8  951.6  135.6  127.1  -1.42  -1.22  -0.86  127.0
55309.0  2.0  952.3  135.8  126.6  -0.99  0.90  -0.16  127.5
55310.0  1.9  952.0  136.0  126.3  -0.79  1.78  0.46  128.0
55311.0  1.7  952.7  136.2  126.6  -0.87  1.69  0.14  128.3
55312.0  1.7  952.6  136.3  127.3  -0.69  1.99  -0.33  128.5
55313.0  2.0  952.2  136.4  127.7  0.03  1.86  -0.24  129.9
55314.0  2.1  952.1  136.3  127.9  0.85  0.03  -0.19  130.7
55315.0  2.0  952.7  136.1  128.1  1.16  -1.01  -0.70  130.7
55316.0  0.7  952.7  136.0  127.9  0.25  0.03  -0.83  130.8
55317.0  1.3  952.0  135.8  127.0  0.84  1.05  0.32  130.8
55318.0  2.0  952.2  135.5  126.8  1.68  1.36  0.44  130.4
55319.0  1.2  952.3  135.2  127.4  1.25  1.76  -0.13  130.2
55320.0  1.7  952.7  134.9  127.9  1.32  1.49  0.30  129.8
55321.0  1.5  952.2  134.7  128.5  1.34  0.84  -0.49  129.2
55322.0  1.5  952.8  134.4  128.8  1.41  -0.12  -0.64  128.9
55323.0  1.4  952.2  134.1  128.6  1.65  -0.95  -0.51  128.4
55324.0  1.6  952.8  133.8  128.3  1.62  -1.71  0.06  128.6
55325.0  1.6  952.6  133.5  128.2  1.65  -2.24  0.26  128.3
55326.0  1.0  952.7  133.2  128.6  1.12  -2.43  -0.70  128.9
55327.0  1.3  952.9  133.0  128.4  1.20  -1.72  -0.71  127.3
55328.0  1.5  953.3  132.8  127.4  1.26  0.85  0.19  127.6
55329.0  1.5  952.7  132.5  127.1  1.56  2.58  0.66  127.4
55330.0  2.2  952.8  132.2  127.8  2.21  3.20  0.44  126.1
55331.0  1.9  953.3  131.9  128.8  2.01  3.44  -0.39  125.9
55332.0  1.7  952.5  131.7  129.2  1.79  3.28  -0.52  125.4
55333.0  1.5  953.1  131.5  129.0  1.36  1.81  -0.37  125.4
55334.0  1.5  952.8  131.4  128.5  1.21  0.74  0.47  125.3
55335.0  1.8  952.9  131.3  128.4  1.46  0.82  0.62  125.7
55336.0  1.9  952.5  131.2  128.9  1.69  1.59  -0.17  126.0
55337.0  1.9  953.2  131.0  129.1  1.76  2.23  -0.02  125.8
55338.0  1.5  953.6  130.9  129.2  1.42  2.40  0.20  125.2
55339.0  1.5  953.3  130.9  129.5  1.31  2.30  0.01  125.4
55340.0  1.8  953.4  130.8  129.8  1.69  1.85  -0.34  125.1
55341.0  2.2  953.0  130.6  129.9  2.52  -0.08  -0.16  125.0
55342.0  2.2  953.7  130.3  130.0  2.96  -1.42  -0.13  124.4
55343.0  1.7  953.4  130.1  130.1  2.72  -2.20  -0.54  124.1
55344.0  1.8  952.7  129.8  129.8  2.73  -2.31  -0.57  125.2
55345.0  1.5  953.5  129.5  129.3  2.75  -2.08  -0.72  125.7
55346.0  2.0  953.1  129.2  128.4  2.94  -2.10  0.40  126.2
55347.0  2.3  953.3  128.8  128.1  3.04  -2.14  0.48  125.5
55348.0  1.1  952.7  128.5  128.5  2.19  -2.28  0.06  125.5
55349.0  1.3  952.6  128.4  128.7  2.00  -2.08  -0.47  125.5
55350.0  1.3  953.1  128.2  128.5  1.87  -0.61  -0.25  125.2
55351.0  1.2  952.6  128.0  128.0  1.59  0.47  0.23  125.1
55352.0  1.9  953.2  127.9  128.0  2.05  -0.25  0.43  124.3
55353.0  2.9  952.7  127.7  128.4  3.44  -1.65  -0.02  123.4
55354.0  2.9  953.0  127.2  129.0  4.40  -2.49  -0.90  123.0
55355.0  1.9  953.0  126.8  128.8  3.89  -2.92  -0.87  122.6
55356.0  1.5  952.9  126.4  128.0  3.46  -3.31  -0.42  121.9
55357.0  1.8  952.0  126.1  127.1  3.41  -3.99  0.36  120.6
55358.0  2.2  952.6  125.8  126.8  3.57  -4.54  0.08  119.7
55359.0  2.2  952.1  125.4  127.0  3.66  -3.94  -0.41  120.4
55360.0  2.1  952.4  125.1  126.9  3.64  -2.74  -0.90  121.0
55361.0  1.8  952.6  124.8  126.1  3.72  -1.85  -0.28  119.5
55362.0  2.5  952.3  124.4  125.4  4.05  -1.44  0.66  119.1
55363.0  2.4  952.1  124.0  125.6  4.09  -0.99  0.51  118.7
55364.0  1.9  952.3  123.7  126.2  3.62  -1.09  -0.20  118.2
55365.0  2.2  952.5  123.4  126.6  3.82  -0.73  -0.80  117.9
55366.0  2.1  952.4  123.1  126.3  3.76  0.52  -0.73  118.1
55367.0  1.9  951.7  122.8  125.6  3.04  1.46  -0.12  119.0
55368.0  1.8  952.4  122.6  125.2  2.38  1.42  0.71  119.6
55369.0  1.3  952.0  122.6  125.6  1.59  0.48  0.04  118.2
55370.0  1.9  950.1  122.6  126.1  1.70  -0.17  -0.15  120.3
55371.0  2.7  952.6  122.6  126.4  1.90  -0.30  -0.28  119.5
55372.0  1.9  952.2  122.6  126.8  1.36  0.50  -0.72  119.3
55373.0  1.7  951.8  122.7  126.8  1.02  2.47  -0.39  119.6
55374.0  2.2  952.3  122.8  126.8  1.29  5.41  -0.28  119.2
55375.0  2.4  952.1  122.9  127.1  1.50  8.25  0.07  119.0
55376.0  2.7  952.0  122.9  127.8  1.91  10.50  -0.14  118.4
55377.0  2.2  952.1  123.0  128.6  1.56  12.44  -0.02  118.3
55378.0  1.9  952.1  123.1  129.6  1.38  12.76  0.38  117.9
55379.0  2.1  952.4  123.2  131.0  1.32  12.97  0.76  117.5
55380.0  2.0  952.5  123.3  133.1  0.98  15.83  -0.33  117.5
55381.0  3.1  952.0  123.4  135.2  1.46  18.17  -0.64  117.6
55382.0  3.5  952.3  123.3  137.0  2.72  18.15  -1.05  117.5
55383.0  2.7  952.5  123.2  138.0  2.52  18.07  -0.53  117.4
55384.0  2.4  952.5  123.1  138.9  2.02  17.94  -0.08  117.7
55385.0  1.9  952.2  123.2  140.1  1.40  17.43  0.34  117.5
55386.0  2.6  952.1  123.2  142.1  1.77  16.99  -0.07  119.9
55387.0  3.0  951.9  123.1  144.4  2.16  17.09  -1.21  119.3
55388.0  2.4  951.8  123.0  145.5  1.79  17.87  -1.10  118.8
55389.0  1.6  952.1  123.0  145.9  1.29  18.66  -0.16  118.2
55390.0  2.8  951.7  123.0  147.2  2.44  20.98  1.14  119.2
55391.0  3.1  952.0  122.9  149.7  3.24  22.41  0.94  119.0
55392.0  2.5  952.0  122.6  152.4  2.40  22.60  0.10  119.4
55393.0  2.7  951.9  122.5  155.1  2.25  22.92  -0.97  119.2
55394.0  2.2  952.9  122.3  156.6  1.62  24.58  -0.65  120.0
55395.0  1.7  952.0  122.3  157.7  1.12  26.75  0.33  121.0
55396.0  3.2  951.6  122.2  160.5  2.53  27.41  0.75  119.4
55397.0  3.1  952.1  122.0  163.5  2.33  25.98  -0.26  119.3
55398.0  2.4  951.3  121.9  166.0  1.26  25.49  -0.87  118.2
55399.0  2.0  951.4  121.9  167.9  1.08  27.35  -0.75  118.5
55400.0  3.4  951.7  121.8  170.1  2.22  28.32  0.18  117.7
55401.0  3.7  951.9  121.6  172.9  2.77  27.55  0.38  117.6
55402.0  3.0  951.3  121.4  175.8  2.05  27.22  -0.35  118.2
55403.0  2.7  951.4  121.2  178.7  1.59  25.69  -1.13  118.3
