flight/WP3D/AircraftMis_NP3_20130610_RA.ict
41  1001
Ken Aikin
NOAA ESRL Chemical Sciences Division
various aircraft sensors
SENEX 2013
1  1
2013  06  10  2013  06  10
1
AOCTimewave
8
1  1  1  1  1  1  1  1
-9999  -9999  -9999  -9999  -9999  -9999  -9999  -9999
Attack  deg
CabinPrs  mbar
GndSpd  m/s
Heading  deg
Pitch  deg
Roll  deg
Slip  deg
TrueAirSpd  m/s
1
SPECIAL COMMENTS:Haynesville shale.
18
PI_CONTACT_INFO: Address: NOAA ESRL Chemical Sciences Division  Mail Stop R/CSD7  325 Broadway  Boulder  CO 80305
PLATFORM: NOAA WP-3D
LOCATION: The aircraft was stationed in  Smyrna  Tennessee. Aircraft location information in AircraftPosition file.
ASSOCIATED_DATA: N/A
INSTRUMENT_INFO: N/A
DATA_INFO: Units: Attack degrees; CabinPrs millibar; GndSpd m/s; Heading degrees; Pitch degrees; Roll degrees; Slip degrees; TrueAirSpd m/s
UNCERTAINTY: N/A
ULOD_FLAG: -7777
ULOD_VALUE: N/A
LLOD_FLAG: -8888
LLOD_VALUE: N/A
DM_CONTACT_INFO: Data Manager:Ken Aikin; email:Kenneth.C.Aikin@noaa.gov
PROJECT_INFO: SENEX 2013 Study; June 1 - July 15  2013
STIPULATIONS_ON_USE: Use of these data require prior ok from PI.
OTHER_COMMENTS:       None
REVISION: RA
RA: Preliminary Data.  For in-field use.
AOCTimewave  Attack  CabinPrs  GndSpd  Heading  Pitch  Roll  Slip  TrueAirSpd
[from data line 13799]
67525.0  2.0  959.3  115.9  74.6  2.22  -1.09  -0.21  114.1
67526.0  1.1  959.1  115.8  74.4  1.97  -0.73  -0.01  113.7
67527.0  1.8  959.0  115.7  74.2  2.70  -0.90  -0.24  114.0
67528.0  2.2  959.1  115.6  74.0  2.88  0.07  -0.18  113.4
67529.0  2.0  959.0  115.4  73.8  2.64  1.47  0.09  113.0
67530.0  1.9  958.8  115.3  73.9  2.54  1.24  0.00  113.4
67531.0  1.8  958.5  115.2  74.0  2.59  1.41  -0.25  114.1
67532.0  1.9  958.8  115.0  73.9  2.56  2.99  -0.17  113.7
67533.0  1.8  958.6  114.9  74.0  2.49  3.14  0.17  112.5
67534.0  1.5  958.3  114.8  74.3  2.48  2.16  -0.20  112.2
67535.0  1.7  959.1  114.8  74.4  2.65  2.55  0.43  112.0
67536.0  2.0  958.3  114.6  74.8  2.92  5.72  0.70  112.3
67537.0  1.9  958.8  114.4  75.5  2.81  8.76  0.65  113.2
67538.0  2.1  958.1  114.3  76.6  2.75  9.58  0.48  113.1
67539.0  1.9  958.9  114.1  77.5  2.69  8.88  -0.10  112.5
67540.0  2.0  959.0  114.0  78.3  2.67  9.34  -0.01  112.2
67541.0  1.9  958.8  113.9  79.1  2.64  9.60  0.34  112.3
67542.0  2.0  958.7  113.8  80.1  2.70  9.33  0.24  112.3
67543.0  2.2  959.0  113.6  80.9  2.65  8.37  0.03  112.0
67544.0  1.9  958.7  113.5  81.6  2.44  6.10  -0.06  111.2
67545.0  2.0  958.3  113.5  82.0  2.45  3.07  -0.34  111.3
67546.0  2.0  958.6  113.4  82.0  2.49  0.91  -0.11  111.4
67547.0  2.2  958.4  113.4  82.0  2.48  2.30  0.36  111.9
67548.0  1.9  958.4  113.3  82.3  2.28  3.64  0.17  112.3
67549.0  1.6  958.2  113.3  82.7  2.12  3.77  0.34  112.0
67550.0  2.4  958.6  113.2  83.1  2.40  2.21  -0.03  112.0
67551.0  2.3  958.4  113.2  83.3  2.04  1.58  -0.30  111.1
67552.0  2.0  958.3  113.3  83.2  1.62  0.82  -0.57  110.0
67553.0  2.1  958.5  113.4  83.0  1.54  1.14  0.07  109.9
67554.0  1.8  958.6  113.5  83.1  1.59  1.84  0.10  109.9
67555.0  1.7  958.4  113.6  83.2  1.65  1.42  0.31  110.5
67556.0  2.0  958.5  113.7  83.3  2.01  0.85  0.11  112.0
67557.0  1.8  959.0  113.7  83.4  1.94  2.16  0.47  112.0
67558.0  2.0  958.6  113.7  83.7  2.00  2.84  -0.10  112.1
67559.0  1.8  958.3  113.7  83.9  1.88  1.92  -0.54  112.7
67560.0  2.3  958.6  113.7  83.7  1.99  1.90  -0.43  111.4
67561.0  1.7  958.6  113.8  83.6  1.79  3.01  0.11  111.7
67562.0  2.0  959.2  113.8  83.8  2.01  3.44  0.37  112.8
67563.0  2.3  959.1  113.8  84.2  2.15  3.29  -0.16  113.0
67564.0  2.2  958.6  113.8  84.3  1.82  3.67  -0.29  113.0
67565.0  1.5  959.4  113.8  84.3  1.55  3.45  0.29  113.3
67566.0  1.6  958.8  113.8  84.7  1.86  2.80  0.57  113.7
67567.0  1.7  959.0  113.8  85.2  2.19  3.35  0.51  113.1
67568.0  1.9  958.7  113.7  85.7  2.28  5.57  0.44  112.7
67569.0  1.9  958.6  113.6  86.3  2.31  6.63  0.51  112.0
67570.0  2.1  958.8  113.6  87.1  2.36  6.34  0.23  111.6
67571.0  1.9  958.7  113.5  87.7  2.35  6.17  -0.22  111.7
67572.0  2.0  958.8  113.5  88.2  2.54  6.33  -0.01  111.4
67573.0  2.2  958.9  113.4  88.7  2.74  6.42  -0.37  110.9
67574.0  2.5  959.0  113.3  89.0  2.73  6.01  -0.25  109.6
67575.0  2.5  958.9  113.2  89.4  2.69  3.67  -0.22  109.5
67576.0  2.3  958.8  113.2  89.5  2.45  0.74  -0.25  109.9
67577.0  2.8  959.1  113.2  89.3  2.52  -0.66  -0.30  111.9
67578.0  1.6  959.2  113.2  89.0  2.03  -0.49  -0.19  111.9
67579.0  1.8  959.0  113.2  88.7  2.07  0.05  -0.10  112.7
67580.0  2.0  958.8  113.2  88.7  2.19  0.47  0.85  111.9
67581.0  1.4  959.0  113.1  89.0  1.95  -0.43  0.80  112.0
67582.0  1.6  958.7  113.2  89.3  2.10  0.00  -0.33  111.0
67583.0  2.1  958.6  113.1  89.1  2.42  -0.47  -0.29  110.6
67584.0  2.1  958.7  113.1  89.0  2.32  0.51  0.04  109.6
67585.0  2.0  958.6  113.1  88.9  2.27  0.62  0.01  109.6
67586.0  2.5  958.6  113.2  89.0  2.37  0.09  0.05  110.5
67587.0  1.7  958.9  113.2  89.0  2.13  -0.16  -0.12  110.8
67588.0  2.0  958.5  113.2  88.9  2.30  -0.41  0.57  111.0
67589.0  2.1  958.8  113.1  89.1  2.55  -0.38  0.02  110.3
67590.0  1.8  958.6  113.1  89.0  2.44  0.00  -0.47  110.2
67591.0  2.5  958.9  113.1  88.8  2.70  0.07  -0.03  110.2
67592.0  2.7  958.7  113.0  88.8  2.71  0.47  0.06  110.5
67593.0  2.1  959.3  113.0  88.8  2.31  0.19  0.20  109.8
67594.0  1.5  959.2  113.0  88.8  2.20  -0.65  0.25  110.4
67595.0  2.3  959.2  113.0  88.8  2.80  -1.08  -0.19  110.7
67596.0  2.3  959.1  112.9  88.6  2.69  -0.57  -0.10  109.7
67597.0  2.1  959.3  112.9  88.5  2.44  -0.28  0.33  110.7
67598.0  2.9  959.0  112.9  88.6  2.53  0.38  -0.17  111.1
67599.0  2.0  959.0  112.9  88.6  1.90  0.19  0.16  111.7
67600.0  1.4  958.8  112.9  88.6  1.66  -0.18  -0.01  111.5
67601.0  1.9  959.0  113.0  88.6  2.09  0.13  0.44  112.0
67602.0  1.9  958.9  113.0  88.8  2.09  0.17  -0.16  111.7
67603.0  2.0  958.9  113.0  88.7  1.89  -0.08  0.09  111.3
67604.0  2.0  958.8  113.0  88.7  1.86  -0.37  -0.06  111.1
67605.0  1.9  958.5  113.1  88.6  1.81  -0.53  0.03  110.8
67606.0  2.3  958.8  113.1  88.6  1.87  -0.42  0.44  112.0
67607.0  1.6  958.2  113.2  88.7  1.60  0.20  -0.27  112.8
67608.0  1.8  958.9  113.3  88.5  1.58  0.90  0.11  111.8
67609.0  2.0  958.7  113.3  88.6  1.79  0.57  0.45  111.5
67610.0  1.8  958.6  113.4  88.8  1.77  0.06  -0.13  112.1
67611.0  2.0  958.9  113.4  88.7  1.84  -0.47  0.18  111.6
67612.0  1.6  958.5  113.5  88.8  1.74  -0.20  -0.09  111.9
67613.0  1.9  958.7  113.5  88.7  1.91  -0.26  0.28  112.0
67614.0  2.2  958.8  113.5  88.8  2.16  -0.19  0.05  112.3
67615.0  2.2  958.9  113.5  88.8  2.16  -0.13  -0.26  111.9
67616.0  2.0  958.6  113.5  88.6  2.05  -0.21  -0.02  111.6
67617.0  2.0  958.9  113.5  88.6  2.07  -0.14  0.35  112.0
67618.0  2.0  959.2  113.5  88.7  2.20  -0.04  0.42  111.6
67619.0  1.9  959.5  113.5  88.9  2.25  0.13  -0.26  111.9
67620.0  2.0  958.8  113.5  88.7  2.40  -0.24  -0.39  111.7
67621.0  2.2  959.3  113.4  88.5  2.44  -0.09  -0.42  111.5
67622.0  2.2  959.0  113.4  88.2  2.38  0.56  -0.20  111.5
67623.0  2.2  959.6  113.4  88.1  2.42  1.22  0.21  111.4
67624.0  1.6  959.1  113.3  88.2  2.38  1.17  1.10  111.4
67625.0  2.4  959.1  113.2  88.8  2.58  0.90  -0.37  111.9
67626.0  2.2  959.1  113.2  88.7  2.44  0.56  -0.20  110.9
67627.0  2.6  959.1  113.2  88.6  2.40  -0.35  0.12  110.3
67628.0  2.3  959.4  113.2  88.6  1.97  -0.66  -0.08  110.6
67629.0  2.0  958.5  113.3  88.5  1.61  0.01  -0.23  111.1
67630.0  1.6  959.1  113.4  88.3  1.55  -0.21  0.75  111.1
67631.0  1.9  958.6  113.5  88.5  1.80  0.16  0.17  111.4
67632.0  1.6  958.5  113.5  88.6  1.76  0.46  0.03  111.3
67633.0  1.7  958.8  113.5  88.6  1.87  0.10  0.08  112.2
67634.0  1.7  958.6  113.5  88.6  2.03  -0.16  -0.38  112.3
67635.0  1.7  958.4  113.5  88.4  2.15  0.17  -0.46  112.8
67636.0  2.4  958.5  113.5  88.1  2.23  0.22  0.17  112.1
67637.0  2.1  958.6  113.5  88.0  1.92  0.22  0.81  111.8
67638.0  1.9  959.5  113.5  88.4  1.79  0.83  0.32  113.4
67639.0  2.3  958.7  113.6  88.6  1.71  0.93  -0.61  112.9
67640.0  2.2  958.5  113.7  88.3  1.32  0.44  -0.23  113.2
67641.0  1.5  959.4  113.8  88.1  1.05  0.31  0.77  112.9
67642.0  1.5  958.8  113.9  88.5  1.23  0.65  0.07  113.9
67643.0  1.6  958.5  114.0  88.5  1.49  0.68  -0.01  113.4
67644.0  1.6  958.7  114.0  88.4  1.68  0.45  0.56  114.0
67645.0  2.5  959.0  114.0  88.7  1.80  0.46  0.57  113.0
67646.0  1.9  958.6  114.1  88.9  1.42  -0.32  -0.44  112.8
67647.0  1.6  959.0  114.2  88.7  1.18  0.11  0.09  111.4
67648.0  1.9  958.9  114.4  88.8  1.34  0.70  -0.21  112.6
67649.0  1.5  958.3  114.4  88.7  1.59  0.25  -0.27  112.8
67650.0  1.8  959.0  114.5  88.5  1.88  0.24  0.06  112.6
67651.0  2.0  958.6  114.5  88.5  2.07  0.56  0.19  112.7
67652.0  2.1  958.8  114.4  88.6  2.07  0.70  0.30  112.9
67653.0  2.0  959.0  114.4  88.8  2.01  0.56  0.17  112.8
67654.0  2.1  958.9  114.4  88.9  2.03  0.66  -0.25  112.0
67655.0  1.9  959.0  114.5  88.9  1.99  0.99  -0.18  111.9
67656.0  2.1  959.1  114.5  88.8  2.14  0.59  -0.32  111.4
67657.0  2.8  959.1  114.5  88.6  2.27  0.86  -0.06  111.3
67658.0  2.0  959.0  114.5  88.6  1.80  0.47  0.36  112.7
67659.0  1.1  958.9  114.5  88.8  1.59  0.40  0.20  113.7
67660.0  1.6  958.9  114.5  88.9  2.28  0.40  0.27  113.3
67661.0  2.0  959.2  114.4  89.0  2.55  0.17  0.24  112.9
67662.0  1.9  959.3  114.3  89.1  2.41  -0.09  -0.06  112.9
67663.0  2.2  959.2  114.2  89.0  2.45  -0.23  -0.02  112.5
67664.0  1.8  959.2  114.2  88.9  2.27  -0.81  -0.04  111.8
67665.0  2.1  959.2  114.2  88.8  2.42  -0.14  -0.06  111.5
67666.0  2.0  959.3  114.1  88.7  2.33  0.44  -0.07  111.1
67667.0  2.3  958.8  114.1  88.7  2.41  0.66  -0.18  111.5
67668.0  2.5  959.3  114.1  88.7  2.28  1.22  0.23  112.2
67669.0  1.4  958.8  114.1  88.8  1.77  0.81  -0.49  111.7
67670.0  1.4  959.3  114.1  88.5  1.96  0.56  0.07  112.1
67671.0  2.1  959.2  114.0  88.5  2.56  0.51  0.44  112.8
67672.0  1.9  958.8  113.9  88.7  2.48  0.28  0.28  113.2
67673.0  1.8  959.1  113.9  88.8  2.32  0.44  -0.08  112.2
67674.0  2.5  958.9  113.9  88.8  2.26  0.40  0.06  111.1
67675.0  1.9  959.0  113.8  88.8  1.93  0.30  -0.25  111.4
67676.0  1.3  958.9  113.9  88.6  1.84  0.48  0.03  111.8
67677.0  2.4  959.1  113.8  88.6  2.40  0.68  0.26  113.4
67678.0  1.9  958.7  113.8  88.7  2.33  0.83  0.55  113.5
67679.0  2.0  959.1  113.7  89.0  2.08  1.19  0.32  113.0
67680.0  2.0  959.0  113.7  89.4  1.88  1.42  -0.32  112.3
67681.0  1.9  959.1  113.8  89.4  1.83  0.53  -0.17  111.8
67682.0  1.6  958.9  113.8  89.4  1.93  0.15  0.02  110.7
67683.0  2.2  959.1  113.8  89.5  2.25  -0.32  0.08  110.4
67684.0  2.2  959.1  113.8  89.5  2.29  -0.47  0.79  109.8
67685.0  2.0  958.7  113.8  89.8  2.12  -1.30  -0.48  110.6
67686.0  2.8  959.2  113.9  89.5  2.04  -1.35  -0.91  109.4
67687.0  2.2  958.8  114.0  88.9  1.61  -0.77  -0.04  110.5
67688.0  1.9  960.4  114.1  88.8  1.62  -0.24  0.24  111.6
67689.0  2.2  959.1  114.2  88.9  1.75  0.97  0.65  112.5
67690.0  2.2  958.8  114.3  89.2  1.39  0.65  -0.38  111.0
67691.0  1.8  958.8  114.5  89.0  1.05  0.02  -1.03  111.9
67692.0  2.2  958.4  114.6  88.5  1.01  0.01  0.38  113.2
67693.0  1.3  958.8  114.8  88.7  0.91  1.06  0.38  113.5
67694.0  1.4  958.9  114.9  88.8  1.00  0.94  0.07  114.3
67695.0  1.3  958.2  115.0  88.9  1.27  0.15  -0.34  113.7
67696.0  1.4  958.1  115.0  88.6  1.50  -0.07  0.32  114.8
67697.0  1.5  958.9  115.0  88.7  1.75  0.14  0.31  114.1
67698.0  1.7  958.9  115.0  88.8  1.81  0.40  0.39  114.8
67699.0  2.0  958.5  115.0  89.0  2.02  0.39  0.17  114.0
67700.0  2.3  958.8  115.0  89.1  1.96  -0.04  0.06  114.3
67701.0  2.3  959.2  115.0  89.1  1.69  -0.14  -0.54  113.9
67702.0  1.5  959.0  115.1  88.7  1.29  -0.23  -0.19  113.5
67703.0  1.4  959.1  115.1  88.5  1.58  -0.12  0.32  112.6
67704.0  1.9  959.3  115.1  88.5  2.22  -0.04  0.59  112.7
67705.0  2.0  959.0  115.1  88.7  2.45  0.89  0.08  112.1
67706.0  2.5  959.2  115.0  88.7  2.47  0.88  0.37  111.0
67707.0  2.3  959.1  115.0  88.9  2.25  0.27  -0.22  112.0
67708.0  1.4  958.5  115.0  88.8  1.92  0.40  -0.17  112.4
67709.0  2.0  959.6  115.0  88.6  2.45  0.56  -0.13  112.1
67710.0  2.1  959.3  114.9  88.6  2.53  0.78  -0.11  111.4
67711.0  2.4  959.2  114.9  88.5  2.51  0.55  -0.06  110.9
67712.0  2.4  958.9  114.8  88.5  2.40  0.94  0.13  111.3
67713.0  2.1  959.3  114.8  88.6  2.15  1.11  1.11  111.5
67714.0  1.7  959.0  114.8  89.1  2.08  0.40  0.30  111.3
67715.0  2.3  959.4  114.8  89.2  2.26  -0.59  0.90  112.9
67716.0  2.2  959.2  114.8  89.6  2.06  -0.52  -0.42  112.8
67717.0  1.7  959.0  114.8  89.4  1.54  0.03  -0.67  112.0
67718.0  1.9  959.0  114.9  89.0  1.73  -0.20  -0.01  111.8
67719.0  1.5  958.6  114.9  88.9  1.57  -0.24  -0.26  113.1
67720.0  2.7  958.8  115.0  88.7  1.82  -0.14  0.40  113.0
67721.0  1.5  958.1  115.1  88.9  0.91  1.35  0.84  113.7
67722.0  1.5  959.1  115.2  89.3  0.61  1.12  0.48  114.2
67723.0  1.6  958.3  115.4  89.6  0.65  0.15  -0.22  115.1
67724.0  1.7  958.3  115.6  89.6  0.57  -0.63  -0.40  114.6
67725.0  1.2  958.4  115.7  89.4  0.41  -0.47  0.00  115.1
67726.0  1.4  958.4  115.9  89.3  0.48  0.09  -0.59  114.7
67727.0  1.7  958.5  116.1  88.9  0.66  0.22  0.04  114.4
67728.0  1.3  958.5  116.3  88.9  0.54  -0.05  0.35  114.6
67729.0  1.7  958.1  116.4  88.9  0.70  0.50  -0.61  115.7
67730.0  1.6  958.7  116.6  88.6  0.74  0.01  0.92  115.2
67731.0  1.3  958.2  116.7  89.0  0.71  -0.01  0.69  115.3
67732.0  1.8  958.5  116.8  89.3  1.09  0.14  -0.31  115.0
67733.0  1.7  959.1  116.9  89.1  1.14  -0.04  -0.11  114.9
67734.0  2.0  958.8  117.0  89.0  1.34  -0.10  0.14  115.2
67735.0  1.5  959.3  117.0  89.0  1.37  -0.07  0.17  115.9
67736.0  1.8  959.1  117.0  89.0  1.64  -0.09  -0.14  116.7
67737.0  2.0  959.2  117.0  88.9  1.73  0.22  -0.20  116.8
67738.0  2.5  959.4  117.0  88.7  1.57  0.52  -0.35  116.6
67739.0  1.4  959.4  117.0  88.5  1.03  0.40  -0.14  116.5
67740.0  0.9  959.9  117.1  88.3  1.20  0.69  0.20  116.9
67741.0  1.8  959.3  117.0  88.3  2.06  1.25  0.23  115.9
67742.0  1.6  959.1  116.9  88.4  2.00  1.49  0.16  115.6
67743.0  1.4  959.3  116.9  88.5  2.02  1.29  -0.07  115.4
67744.0  2.2  959.1  116.8  88.5  2.36  0.98  0.49  115.2
67745.0  1.8  958.4  116.6  88.8  2.16  0.34  1.23  116.2
67746.0  1.5  959.8  116.5  89.4  1.97  0.42  0.02  117.2
67747.0  1.6  959.0  116.5  89.5  2.03  -0.14  -0.47  116.7
67748.0  2.0  959.4  116.4  89.2  1.96  -0.73  0.00  116.8
67749.0  1.3  958.9  116.3  89.1  1.57  -0.44  0.17  116.5
67750.0  1.9  959.2  116.3  89.0  1.79  -0.49  -0.34  115.3
67751.0  1.7  958.8  116.3  88.7  1.61  -0.04  0.29  114.9
67752.0  1.5  958.6  116.3  88.7  1.43  0.50  0.44  115.6
67753.0  1.7  959.0  116.3  88.9  1.44  0.82  -0.23  115.5
67754.0  0.9  958.6  116.3  88.8  1.31  0.37  0.54  116.0
67755.0  1.4  958.5  116.3  89.0  1.79  0.45  0.12  115.3
67756.0  1.5  958.6  116.2  89.2  1.95  0.59  0.28  114.8
67757.0  1.8  958.4  116.2  89.3  1.95  -0.02  0.09  115.0
67758.0  1.8  958.6  116.1  89.3  1.91  0.02  -0.28  114.5
67759.0  1.6  958.8  116.1  89.1  1.88  0.10  -0.28  114.3
67760.0  2.0  958.8  116.1  88.9  2.15  -0.07  -0.05  114.4
67761.0  2.4  959.0  116.0  88.9  2.14  0.34  0.49  115.0
67762.0  1.7  959.2  116.0  89.1  1.77  0.24  0.21  115.4
67763.0  2.1  959.0  116.0  89.3  1.69  1.17  -0.13  114.3
67764.0  1.2  959.2  116.0  89.3  1.53  -0.22  -0.01  113.1
67765.0  1.5  958.8  116.0  89.1  1.93  -0.93  -0.23  113.2
67766.0  2.1  959.1  116.0  88.9  2.35  -0.15  0.37  113.2
67767.0  2.3  958.5  115.9  88.9  2.23  -0.04  0.17  114.4
67768.0  1.4  959.2  115.9  88.9  1.63  0.49  0.10  114.5
67769.0  1.5  959.0  115.9  89.0  1.86  0.42  0.15  114.4
67770.0  1.5  959.0  115.8  89.0  2.05  0.42  -0.21  113.9
67771.0  1.9  959.1  115.7  88.9  2.30  0.34  -0.21  114.6
67772.0  2.1  958.8  115.6  88.8  2.25  0.15  0.46  114.9
67773.0  1.8  958.7  115.6  88.9  1.98  0.54  0.21  114.7
67774.0  2.1  958.6  115.5  89.1  1.98  0.49  0.39  115.3
67775.0  1.2  959.4  115.5  89.4  1.68  1.23  -0.18  113.8
67776.0  1.8  959.0  115.5  89.4  1.91  0.51  -0.15  113.9
67777.0  1.9  959.2  115.4  89.3  2.03  -0.62  0.38  114.5
67778.0  1.7  958.6  115.4  89.4  1.80  -0.29  -0.09  115.0
67779.0  1.6  959.0  115.4  89.4  1.68  0.01  -0.14  115.0
67780.0  1.9  958.8  115.4  89.2  1.68  -0.83  0.08  115.2
67781.0  1.7  958.9  115.4  89.1  1.42  -0.66  -0.35  115.2
67782.0  1.3  958.9  115.5  88.8  1.29  -0.14  -0.41  114.4
67783.0  1.7  958.6  115.5  88.5  1.64  0.20  -0.02  113.8
67784.0  1.8  958.8  115.5  88.4  1.70  0.53  0.29  113.4
67785.0  1.7  958.4  115.5  88.4  1.70  0.67  0.37  113.8
67786.0  1.6  958.6  115.5  88.6  1.76  0.72  0.17  113.8
67787.0  1.6  958.9  115.5  88.6  1.86  0.46  0.62  113.3
67788.0  2.0  958.8  115.5  88.9  2.13  0.54  0.08  112.9
67789.0  2.0  958.5  115.5  89.0  2.06  0.24  0.10  112.9
67790.0  1.8  959.2  115.5  89.1  2.06  -0.62  0.15  113.0
67791.0  2.0  958.8  115.4  89.1  2.17  -0.10  -0.36  112.7
67792.0  2.2  958.8  115.4  88.8  2.16  0.05  -0.01  113.1
67793.0  2.4  959.4  115.4  88.8  2.10  -0.27  0.66  113.8
67794.0  2.0  959.3  115.4  89.0  1.70  -0.24  -0.26  114.9
67795.0  1.6  958.7  115.4  88.9  1.29  0.11  -0.60  113.7
