flight/WP3D/AircraftMet_NP3_20130702_RA.ict
43  1001
Ken Aikin
NOAA ESRL Chemical Sciences Division
various aircraft sensors
SENEX 2013
1  1
2013  07  02  2013  07  02
1
AOCTimewave
10
1  1  1  1  1  1  1  1  1  1
-9999  -9999  -9999  -9999  -9999  -9999  -9999  -9999  -9999  -9999
AmbTemp  C
DewPtTemp  C
DewPtTempTDL  C
H2Omr  g/kg
PotTemp  K
RelHumidity  pct
StaticPrs  mbar
VertWindSpd  m/s
WindDir  deg
WindSpd  m/s
1
SPECIAL COMMENTS:Birmingham PP night flight.
18
PI_CONTACT_INFO: Address: NOAA ESRL Chemical Sciences Division  Mail Stop R/CSD7  325 Broadway  Boulder  CO 80305
PLATFORM: NOAA WP-3D
LOCATION: The aircraft was stationed in  Smyrna  Tennessee. Aircraft location information in AircraftPosition file.
ASSOCIATED_DATA: N/A
INSTRUMENT_INFO: N/A
DATA_INFO: Units:AmbTemp celcius; DewPtTemp celcius; DewPtTempTDL celcius; H2Omr g/kg; PotTemp kelvin; RelHumidity percent; StaticPrs millibar; VertWindSpd m/s; WindDir degrees; WindSpd m/s
UNCERTAINTY: N/A
ULOD_FLAG: -7777
ULOD_VALUE: N/A
LLOD_FLAG: -8888
LLOD_VALUE: N/A
DM_CONTACT_INFO: Data Manager:Ken Aikin; email:Kenneth.C.Aikin@noaa.gov
PROJECT_INFO: SENEX 2013 Study; June 1 - July 15  2013
STIPULATIONS_ON_USE: Use of these data require prior ok from PI.
OTHER_COMMENTS:       None
REVISION: RA
RA: Preliminary Data.  For in-field use.
AOCTimewave  AmbTemp  DewPtTemp  DewPtTempTDL  H2Omr  PotTemp  RelHumidity  StaticPrs  VertWindSpd  WindDir  WindSpd
[from data line 11433]
15551.0  20.930  15.830  2.820  12.39  301.23  72.05  919.22  0.33  305.76  2.30
15552.0  20.960  15.830  2.770  12.40  301.28  71.95  919.06  0.30  306.09  2.18
15553.0  20.910  15.850  2.780  12.41  301.23  72.22  919.04  0.26  307.36  2.24
15554.0  20.910  15.840  2.770  12.41  301.23  72.23  919.03  0.17  309.98  2.27
15555.0  20.930  15.840  2.770  12.41  301.24  72.13  919.18  0.15  309.12  2.28
15556.0  20.970  15.850  2.760  12.41  301.28  71.97  919.14  0.34  313.12  2.15
15557.0  20.960  15.850  2.710  12.41  301.27  72.02  919.11  0.38  316.51  2.19
15558.0  20.970  15.840  2.830  12.41  301.28  71.94  919.16  0.28  317.95  2.23
15559.0  20.980  15.860  2.730  12.42  301.27  71.97  919.33  0.21  315.84  2.18
15560.0  20.980  15.870  2.850  12.43  301.30  72.03  919.15  0.15  317.99  2.15
15561.0  20.990  15.890  2.890  12.45  301.31  72.07  919.11  0.10  320.57  2.19
15562.0  20.980  15.890  2.940  12.45  301.30  72.13  919.09  0.11  320.92  2.23
15563.0  20.960  15.890  2.960  12.45  301.29  72.20  918.97  0.03  321.65  2.23
15564.0  20.910  15.870  2.970  12.44  301.23  72.38  919.01  0.03  321.09  2.26
15565.0  20.930  15.880  3.010  12.44  301.24  72.34  919.13  0.24  323.80  2.48
15566.0  20.950  15.890  2.940  12.45  301.27  72.25  919.11  0.31  322.31  2.64
15567.0  20.960  15.900  2.940  12.45  301.27  72.25  919.20  0.18  322.37  2.63
15568.0  20.950  15.940  2.980  12.49  301.26  72.48  919.14  -0.05  322.56  2.63
15569.0  20.980  15.970  3.080  12.51  301.31  72.46  919.04  -0.10  323.08  2.61
15570.0  20.960  16.000  3.150  12.54  301.28  72.74  919.02  -0.11  323.11  2.73
15571.0  20.930  16.030  3.190  12.56  301.25  73.01  919.02  -0.02  325.91  2.67
15572.0  20.910  16.050  3.180  12.58  301.23  73.20  919.00  -0.01  325.94  2.56
15573.0  20.890  16.060  3.140  12.59  301.21  73.37  918.95  0.04  339.68  2.46
15574.0  20.900  16.060  3.100  12.59  301.22  73.32  919.04  0.08  331.90  2.53
15575.0  20.920  16.070  3.180  12.59  301.22  73.25  919.22  -0.08  331.80  2.44
15576.0  20.920  16.070  3.180  12.59  301.21  73.27  919.29  -0.26  336.56  2.42
15577.0  20.890  16.080  3.090  12.60  301.19  73.44  919.21  -0.34  336.65  2.32
15578.0  20.880  16.080  2.930  12.60  301.19  73.49  919.11  -0.39  336.18  2.32
15579.0  20.900  16.090  2.980  12.61  301.22  73.45  919.06  -0.27  340.44  2.39
15580.0  20.890  16.100  2.800  12.62  301.21  73.52  919.06  -0.03  343.67  2.34
15581.0  20.870  16.100  2.790  12.62  301.18  73.66  919.06  0.10  340.57  2.34
15582.0  20.880  16.090  2.840  12.61  301.19  73.55  919.13  0.17  339.79  2.28
15583.0  20.930  16.090  2.900  12.61  301.23  73.33  919.16  0.38  338.14  2.26
15584.0  20.890  16.090  2.940  12.61  301.20  73.48  919.16  0.50  334.53  2.25
15585.0  20.890  16.080  2.980  12.60  301.20  73.43  919.11  0.41  330.61  2.28
15586.0  20.920  16.060  3.140  12.58  301.23  73.20  919.20  0.26  326.52  2.29
15587.0  20.920  16.040  3.010  12.58  301.25  73.13  918.96  0.05  327.08  2.38
15588.0  20.890  16.040  3.020  12.57  301.21  73.27  918.95  0.00  329.46  2.32
15589.0  20.900  16.040  3.160  12.56  301.20  73.16  919.27  -0.02  329.56  2.24
15590.0  20.950  16.040  3.050  12.56  301.25  72.98  919.24  0.15  324.63  2.25
15591.0  20.900  16.030  3.100  12.56  301.21  73.18  919.11  0.09  324.10  2.35
15592.0  20.940  16.050  3.100  12.58  301.27  73.08  918.93  0.04  323.88  2.36
15593.0  20.920  16.050  3.120  12.58  301.25  73.14  919.02  0.03  323.09  2.49
15594.0  20.920  16.050  3.060  12.58  301.24  73.17  919.03  -0.04  322.59  2.48
15595.0  20.950  16.060  3.080  12.59  301.26  73.09  919.09  -0.01  325.51  2.39
15596.0  20.930  16.060  3.130  12.59  301.25  73.15  919.11  0.03  324.14  2.37
15597.0  20.900  16.070  3.110  12.59  301.23  73.35  918.92  0.07  326.90  2.38
15598.0  20.920  16.060  3.160  12.59  301.24  73.21  919.06  -0.01  327.34  2.32
15599.0  20.940  16.040  3.090  12.57  301.25  73.05  919.09  -0.20  327.19  2.41
15600.0  20.910  16.040  3.110  12.57  301.23  73.17  919.03  -0.14  326.15  2.38
15601.0  20.910  16.050  3.120  12.58  301.23  73.23  919.02  -0.05  325.40  2.36
15602.0  20.940  16.060  3.110  12.58  301.25  73.12  919.06  -0.09  323.62  2.33
15603.0  20.890  16.070  3.130  12.60  301.20  73.43  919.12  -0.19  322.45  2.34
15604.0  20.910  16.090  3.170  12.61  301.23  73.39  919.01  -0.31  323.80  2.34
15605.0  20.910  16.100  3.170  12.62  301.24  73.41  918.96  -0.37  322.21  2.33
15606.0  20.880  16.110  3.090  12.62  301.19  73.63  919.09  -0.36  320.52  2.38
15607.0  20.920  16.110  3.170  12.62  301.24  73.42  919.11  -0.33  320.29  2.45
15608.0  20.900  16.110  3.160  12.63  301.21  73.52  919.15  -0.37  321.38  2.47
15609.0  20.880  16.120  3.150  12.64  301.20  73.68  919.05  -0.40  322.40  2.53
15610.0  20.910  16.130  3.140  12.65  301.23  73.59  919.08  -0.37  322.79  2.58
15611.0  20.930  16.130  3.120  12.64  301.24  73.48  919.13  -0.36  321.91  2.54
15612.0  20.910  16.130  3.270  12.64  301.22  73.60  919.17  -0.36  321.56  2.55
15613.0  20.900  16.140  3.220  12.65  301.20  73.72  919.24  -0.33  321.24  2.61
15614.0  20.900  16.170  3.130  12.68  301.21  73.81  919.20  -0.18  321.67  2.59
15615.0  20.910  16.180  3.100  12.69  301.22  73.83  919.15  -0.19  321.81  2.63
15616.0  20.930  16.190  3.140  12.69  301.24  73.77  919.12  -0.14  320.64  2.63
15617.0  20.920  16.180  3.040  12.68  301.24  73.79  919.01  -0.06  320.07  2.74
15618.0  20.890  16.160  3.150  12.67  301.21  73.81  919.07  0.00  322.14  2.59
15619.0  20.890  16.150  3.110  12.66  301.21  73.74  919.03  0.17  323.18  2.71
15620.0  20.870  16.140  3.060  12.65  301.19  73.78  919.03  0.33  324.70  2.85
15621.0  20.890  16.130  2.930  12.65  301.21  73.72  918.96  0.47  322.62  2.83
15622.0  20.860  16.120  2.910  12.64  301.18  73.77  918.98  0.43  321.90  2.74
15623.0  20.880  16.130  2.890  12.64  301.20  73.73  918.93  0.49  322.16  2.65
15624.0  20.920  16.110  2.880  12.63  301.25  73.45  918.92  0.48  322.03  2.70
15625.0  20.890  16.100  2.910  12.62  301.21  73.56  919.06  0.40  318.43  2.75
15626.0  20.890  16.090  2.970  12.61  301.21  73.51  919.01  0.28  319.13  2.72
15627.0  20.920  16.070  3.010  12.59  301.24  73.24  919.06  0.21  317.77  2.81
15628.0  20.890  16.070  3.050  12.59  301.20  73.36  919.13  0.02  316.07  2.85
15629.0  20.890  16.070  3.060  12.59  301.21  73.37  919.10  -0.10  314.34  2.87
15630.0  20.940  16.060  3.010  12.59  301.25  73.12  919.13  -0.13  313.61  2.87
15631.0  20.890  16.070  3.000  12.59  301.20  73.38  919.10  -0.12  315.95  2.81
15632.0  20.880  16.060  3.050  12.59  301.20  73.39  919.11  -0.12  315.95  2.72
15633.0  20.920  16.070  3.050  12.59  301.23  73.25  919.14  -0.21  315.58  2.76
15634.0  20.870  16.080  2.970  12.60  301.16  73.56  919.27  -0.25  315.55  2.64
15635.0  20.860  16.080  2.970  12.60  301.17  73.58  919.16  -0.14  318.01  2.76
15636.0  20.890  16.070  2.840  12.59  301.19  73.39  919.23  0.03  317.24  2.78
15637.0  20.870  16.040  2.890  12.57  301.18  73.35  919.11  -0.01  317.21  2.83
15638.0  20.830  16.020  2.810  12.55  301.15  73.42  919.07  -0.02  319.02  2.85
15639.0  20.870  16.010  2.870  12.55  301.19  73.20  919.08  0.07  316.03  2.90
15640.0  20.900  16.000  2.740  12.53  301.21  73.00  919.15  0.29  314.17  2.89
15641.0  20.900  15.970  2.740  12.51  301.20  72.90  919.19  0.33  314.08  2.80
15642.0  20.910  15.960  2.890  12.50  301.21  72.76  919.33  0.32  316.96  2.85
15643.0  20.850  15.980  2.900  12.52  301.15  73.17  919.26  0.47  320.13  2.92
15644.0  20.830  15.970  2.800  12.52  301.14  73.23  919.10  0.37  318.08  2.91
15645.0  20.820  15.950  2.900  12.50  301.13  73.15  919.07  0.17  318.18  2.84
15646.0  20.850  15.930  2.830  12.48  301.18  72.92  918.87  0.00  319.08  2.95
15647.0  20.830  15.910  2.650  12.46  301.16  72.90  918.85  0.06  318.59  3.03
15648.0  20.830  15.880  2.680  12.44  301.14  72.79  919.04  0.26  312.66  2.82
15649.0  20.880  15.860  2.890  12.42  301.20  72.44  919.06  0.34  312.05  2.85
15650.0  20.840  15.860  2.730  12.42  301.17  72.61  918.99  0.19  308.01  2.73
15651.0  20.860  15.840  2.870  12.41  301.18  72.43  918.97  0.11  311.95  2.78
15652.0  20.860  15.820  2.880  12.39  301.17  72.38  919.09  0.16  312.16  2.90
15653.0  20.870  15.830  2.820  12.40  301.19  72.34  919.04  0.19  313.90  2.96
15654.0  20.840  15.830  2.770  12.40  301.17  72.48  918.89  0.27  316.52  3.06
15655.0  20.830  15.820  2.740  12.39  301.14  72.48  919.15  0.24  312.96  2.93
15656.0  20.880  15.820  2.760  12.39  301.19  72.27  919.15  0.20  310.07  2.93
15657.0  20.890  15.830  2.780  12.40  301.21  72.27  918.99  0.18  305.87  2.78
15658.0  20.930  15.840  2.660  12.41  301.25  72.11  919.06  0.13  305.25  2.82
15659.0  20.880  15.810  2.770  12.38  301.19  72.19  919.14  0.02  310.89  2.89
15660.0  20.850  15.810  2.740  12.39  301.17  72.36  919.02  0.17  313.86  2.96
15661.0  20.840  15.820  2.860  12.39  301.17  72.40  918.93  0.24  311.93  2.90
15662.0  20.890  15.810  2.880  12.38  301.21  72.15  919.00  0.30  308.68  2.89
15663.0  20.870  15.820  2.810  12.39  301.20  72.27  918.95  0.24  313.62  2.91
15664.0  20.840  15.810  2.650  12.38  301.16  72.38  919.08  0.17  312.63  2.81
15665.0  20.870  15.810  2.770  12.38  301.18  72.25  919.13  0.11  308.09  2.75
15666.0  20.890  15.810  2.810  12.38  301.20  72.19  919.12  0.12  310.35  2.92
15667.0  20.850  15.820  2.830  12.39  301.16  72.38  919.10  -0.02  312.74  3.08
15668.0  20.860  15.810  2.690  12.38  301.18  72.30  919.03  0.01  317.37  3.07
15669.0  20.850  15.780  2.710  12.36  301.17  72.21  918.99  0.06  316.92  3.11
15670.0  20.850  15.770  2.680  12.35  301.17  72.16  919.06  -0.01  316.50  3.16
15671.0  20.860  15.760  2.610  12.34  301.18  72.09  919.02  -0.06  317.72  3.15
15672.0  20.890  15.750  2.590  12.33  301.21  71.89  919.03  -0.07  316.94  3.06
15673.0  20.880  15.760  2.600  12.34  301.19  71.97  919.06  -0.11  316.50  3.05
15674.0  20.850  15.750  2.630  12.34  301.17  72.06  918.99  -0.14  316.07  3.19
15675.0  20.850  15.760  2.640  12.34  301.17  72.09  918.97  -0.10  316.56  3.16
15676.0  20.860  15.750  2.640  12.34  301.18  72.02  918.98  0.26  317.47  3.22
15677.0  20.880  15.750  2.660  12.34  301.21  71.92  918.99  0.38  317.14  3.09
15678.0  20.880  15.750  2.620  12.33  301.20  71.89  919.07  0.33  316.88  3.22
15679.0  20.860  15.730  2.610  12.32  301.17  71.90  919.14  0.25  315.55  3.07
15680.0  20.860  15.720  2.670  12.31  301.18  71.85  919.08  0.15  315.90  3.13
15681.0  20.860  15.700  2.630  12.30  301.18  71.77  919.03  0.03  317.41  3.21
15682.0  20.880  15.700  2.610  12.29  301.21  71.67  918.99  -0.17  316.82  3.15
15683.0  20.860  15.690  2.540  12.28  301.18  71.70  919.05  -0.35  319.50  3.14
15684.0  20.850  15.700  2.570  12.29  301.17  71.80  919.06  -0.28  319.93  3.21
15685.0  20.840  15.710  2.600  12.31  301.16  71.95  919.03  -0.12  319.40  3.25
15686.0  20.830  15.730  2.620  12.32  301.15  72.05  919.01  -0.01  319.89  3.32
15687.0  20.860  15.740  2.580  12.33  301.17  71.99  919.07  0.03  318.46  3.25
15688.0  20.880  15.730  2.590  12.32  301.19  71.84  919.13  -0.02  318.74  3.24
15689.0  20.860  15.700  2.570  12.29  301.17  71.77  919.16  0.05  317.08  3.18
15690.0  20.860  15.680  2.560  12.27  301.17  71.66  919.21  0.01  315.75  3.20
15691.0  20.910  15.680  2.620  12.28  301.21  71.49  919.24  -0.04  316.29  3.25
15692.0  20.880  15.680  2.700  12.27  301.19  71.57  919.15  -0.07  317.24  3.09
15693.0  20.870  15.680  2.650  12.27  301.17  71.63  919.27  -0.01  316.26  3.19
15694.0  20.910  15.670  2.620  12.27  301.21  71.41  919.23  0.15  316.05  3.18
15695.0  20.870  15.680  2.570  12.27  301.17  71.63  919.18  0.31  315.85  3.24
15696.0  20.860  15.680  2.590  12.28  301.17  71.71  919.10  0.31  317.00  3.28
15697.0  20.900  15.690  2.590  12.28  301.21  71.55  919.18  0.24  316.64  3.23
15698.0  20.890  15.690  2.680  12.29  301.18  71.61  919.30  0.16  315.86  3.17
15699.0  20.880  15.700  2.630  12.29  301.18  71.68  919.19  0.16  315.91  3.16
15700.0  20.920  15.690  2.610  12.28  301.22  71.47  919.20  0.22  314.58  3.11
15701.0  20.870  15.680  2.620  12.27  301.18  71.63  919.13  0.39  315.43  3.13
15702.0  20.890  15.670  2.620  12.27  301.20  71.50  919.11  0.51  314.92  3.11
15703.0  20.920  15.670  2.610  12.27  301.23  71.37  919.11  0.53  314.75  3.13
15704.0  20.870  15.690  2.600  12.28  301.18  71.67  919.11  0.59  313.96  3.11
15705.0  20.910  15.700  2.580  12.30  301.23  71.56  919.08  0.55  313.68  3.13
15706.0  20.900  15.720  2.580  12.31  301.21  71.71  919.14  0.54  313.90  3.10
15707.0  20.880  15.720  2.630  12.31  301.17  71.79  919.27  0.55  313.22  3.06
15708.0  20.910  15.710  2.570  12.30  301.21  71.61  919.18  0.37  312.64  3.06
15709.0  20.910  15.690  2.570  12.28  301.22  71.50  919.11  0.26  313.90  3.11
15710.0  20.880  15.680  2.600  12.28  301.19  71.61  919.14  0.19  311.67  3.14
15711.0  20.920  15.680  2.600  12.28  301.23  71.41  919.10  0.23  310.93  3.11
15712.0  20.870  15.680  2.560  12.28  301.20  71.63  918.99  0.16  309.66  3.08
15713.0  20.900  15.690  2.610  12.29  301.22  71.56  919.00  0.02  309.99  3.15
15714.0  20.890  15.690  2.570  12.29  301.20  71.62  919.09  -0.02  309.22  3.15
15715.0  20.870  15.690  2.540  12.28  301.18  71.70  919.10  0.01  309.03  3.19
15716.0  20.910  15.690  2.540  12.29  301.22  71.49  919.18  0.04  308.95  3.18
15717.0  20.870  15.680  2.510  12.28  301.18  71.66  919.10  0.07  308.65  3.17
15718.0  20.880  15.680  2.510  12.28  301.20  71.62  919.01  0.04  309.62  3.22
15719.0  20.920  15.680  2.530  12.28  301.23  71.43  919.11  0.02  309.63  3.20
15720.0  20.880  15.680  2.520  12.28  301.18  71.62  919.14  -0.02  311.06  3.20
15721.0  20.860  15.670  2.480  12.27  301.16  71.64  919.20  -0.01  311.78  3.22
15722.0  20.900  15.670  2.560  12.27  301.22  71.45  919.10  0.08  311.71  3.24
15723.0  20.890  15.670  2.400  12.27  301.20  71.53  919.08  0.07  310.85  3.16
15724.0  20.880  15.670  2.400  12.27  301.19  71.55  919.13  0.01  309.67  3.13
15725.0  20.920  15.670  2.480  12.27  301.24  71.36  919.02  0.06  310.19  3.19
15726.0  20.880  15.650  2.480  12.26  301.20  71.46  919.04  0.06  309.20  3.14
15727.0  20.890  15.630  2.420  12.24  301.21  71.32  919.09  0.06  309.07  3.08
15728.0  20.910  15.630  2.470  12.24  301.23  71.21  919.08  0.16  309.10  3.06
15729.0  20.870  15.630  2.450  12.24  301.19  71.42  918.96  0.07  309.37  3.08
15730.0  20.920  15.630  2.530  12.24  301.24  71.20  919.08  0.00  308.63  3.09
15731.0  20.860  15.630  2.450  12.24  301.18  71.47  919.04  0.00  308.84  3.09
15732.0  20.910  15.630  2.530  12.24  301.23  71.24  919.04  -0.08  309.46  3.08
15733.0  20.910  15.630  2.520  12.24  301.22  71.25  919.11  -0.08  310.01  3.08
15734.0  20.860  15.600  2.480  12.22  301.18  71.32  919.04  -0.09  310.08  3.10
15735.0  20.930  15.580  2.470  12.20  301.25  70.91  918.95  -0.20  309.85  3.08
15736.0  20.890  15.560  2.410  12.18  301.21  70.99  919.12  -0.24  308.39  3.00
15737.0  20.890  15.560  2.510  12.18  301.19  70.99  919.22  -0.11  309.09  3.05
15738.0  20.920  15.570  2.510  12.19  301.22  70.89  919.21  0.09  310.10  3.08
15739.0  20.910  15.580  2.510  12.20  301.22  70.99  919.13  0.17  310.16  3.12
15740.0  20.880  15.590  2.500  12.20  301.20  71.16  919.07  0.27  309.79  3.09
15741.0  20.920  15.610  2.490  12.22  301.24  71.07  918.99  0.25  309.91  3.02
15742.0  20.910  15.620  2.510  12.23  301.24  71.15  919.02  0.20  309.78  2.98
15743.0  20.880  15.620  2.490  12.23  301.21  71.29  918.97  0.26  310.58  3.05
15744.0  20.930  15.620  2.560  12.23  301.26  71.10  918.98  0.48  309.77  3.01
15745.0  20.910  15.610  2.560  12.22  301.22  71.15  919.12  0.57  309.97  3.05
15746.0  20.880  15.600  2.530  12.21  301.18  71.23  919.18  0.46  309.46  3.08
