flight/WP3D/AircraftMet_NP3_20130626_RA.ict
43  1001
Ken Aikin
NOAA ESRL Chemical Sciences Division
various aircraft sensors
SENEX 2013
1  1
2013  06  26  2013  06  26
1
AOCTimewave
10
1  1  1  1  1  1  1  1  1  1
-9999  -9999  -9999  -9999  -9999  -9999  -9999  -9999  -9999  -9999
AmbTemp  C
DewPtTemp  C
DewPtTempTDL  C
H2Omr  g/kg
PotTemp  K
RelHumidity  pct
StaticPrs  mbar
VertWindSpd  m/s
WindDir  deg
WindSpd  m/s
1
SPECIAL COMMENTS:Fayetteville shale flight.
18
PI_CONTACT_INFO: Address: NOAA ESRL Chemical Sciences Division  Mail Stop R/CSD7  325 Broadway  Boulder  CO 80305
PLATFORM: NOAA WP-3D
LOCATION: The aircraft was stationed in  Smyrna  Tennessee. Aircraft location information in AircraftPosition file.
ASSOCIATED_DATA: N/A
INSTRUMENT_INFO: N/A
DATA_INFO: Units:AmbTemp celcius; DewPtTemp celcius; DewPtTempTDL celcius; H2Omr g/kg; PotTemp kelvin; RelHumidity percent; StaticPrs millibar; VertWindSpd m/s; WindDir degrees; WindSpd m/s
UNCERTAINTY: N/A
ULOD_FLAG: -7777
ULOD_VALUE: N/A
LLOD_FLAG: -8888
LLOD_VALUE: N/A
DM_CONTACT_INFO: Data Manager:Ken Aikin; email:Kenneth.C.Aikin@noaa.gov
PROJECT_INFO: SENEX 2013 Study; June 1 - July 15  2013
STIPULATIONS_ON_USE: Use of these data require prior ok from PI.
OTHER_COMMENTS:       None
REVISION: RA
RA: Preliminary Data.  For in-field use.
AOCTimewave  AmbTemp  DewPtTemp  DewPtTempTDL  H2Omr  PotTemp  RelHumidity  StaticPrs  VertWindSpd  WindDir  WindSpd
[from data line 5617]
59485.0  21.930  18.350  2.990  15.29  306.21  79.64  878.13  -0.47  248.45  13.48
59486.0  21.620  18.280  3.650  15.23  305.89  80.85  878.13  -1.45  245.40  14.29
59487.0  21.640  18.270  3.980  15.21  305.92  80.65  878.13  -1.20  243.72  13.75
59488.0  21.750  18.270  3.190  15.21  306.01  80.13  878.29  -1.14  244.71  12.96
59489.0  21.460  18.250  4.120  15.19  305.71  81.48  878.29  -0.75  243.96  12.31
59490.0  21.060  18.210  4.410  15.16  305.30  83.38  878.34  -0.42  246.52  13.26
59491.0  21.410  18.200  4.180  15.14  305.66  81.48  878.28  0.22  242.30  11.87
59492.0  21.680  18.250  3.400  15.19  305.94  80.36  878.24  0.48  242.03  12.66
59493.0  22.110  18.290  2.800  15.23  306.40  78.40  878.15  -0.62  241.78  13.59
59494.0  22.360  18.310  1.980  15.25  306.65  77.31  878.17  -1.87  242.38  13.08
59495.0  22.020  18.250  3.570  15.19  306.30  78.67  878.20  -0.95  243.39  12.40
59496.0  21.980  18.120  3.540  15.06  306.24  78.22  878.47  0.17  238.61  11.84
59497.0  21.510  18.060  4.170  15.01  305.75  80.27  878.39  -0.19  240.05  10.91
59498.0  21.160  18.030  4.370  14.98  305.41  81.92  878.23  -1.57  240.23  12.59
59499.0  21.320  17.950  4.190  14.90  305.56  80.66  878.36  -1.05  240.72  12.74
59500.0  21.440  17.860  4.060  14.81  305.69  79.56  878.39  -1.09  239.82  11.85
59501.0  21.550  17.810  3.810  14.77  305.79  78.79  878.46  -0.23  239.87  11.60
59502.0  21.650  17.800  3.330  14.75  305.88  78.22  878.65  -0.14  244.79  11.75
59503.0  21.830  17.770  3.310  14.72  306.06  77.21  878.59  0.65  242.81  12.04
59504.0  21.840  17.750  3.360  14.70  306.09  77.03  878.47  -0.47  239.93  12.27
59505.0  21.840  17.750  3.200  14.71  306.10  77.05  878.42  -0.86  244.66  14.01
59506.0  22.100  17.790  2.830  14.74  306.37  75.98  878.42  0.29  235.80  13.63
59507.0  22.000  17.840  3.370  14.79  306.26  76.70  878.40  -0.86  244.26  12.41
59508.0  21.980  17.850  3.300  14.81  306.26  76.91  878.16  -0.64  241.08  11.33
59509.0  21.840  17.850  3.500  14.81  306.10  77.57  878.32  0.77  241.29  10.09
59510.0  21.630  17.840  4.020  14.80  305.90  78.55  878.19  0.34  242.81  10.78
59511.0  21.280  17.850  4.260  14.81  305.53  80.36  878.16  0.01  242.07  10.78
59512.0  21.150  17.940  4.580  14.90  305.40  81.48  878.26  0.34  247.19  9.81
59513.0  21.070  18.100  4.620  15.05  305.31  82.73  878.30  0.66  246.59  8.07
59514.0  20.930  18.250  4.770  15.19  305.16  84.28  878.29  -0.21  237.51  8.88
59515.0  20.830  18.360  4.820  15.30  305.05  85.42  878.35  0.56  239.62  8.15
59516.0  20.720  18.460  4.920  15.40  304.93  86.58  878.36  0.31  237.67  9.47
59517.0  21.100  18.610  3.780  15.54  305.34  85.31  878.32  1.38  234.66  10.49
59518.0  21.240  18.730  3.900  15.67  305.48  85.24  878.38  2.24  234.19  9.68
59519.0  21.220  18.780  4.030  15.72  305.49  85.60  878.03  -0.35  235.37  12.11
59520.0  21.530  18.760  2.930  15.70  305.80  83.87  878.11  -0.74  239.97  12.84
59521.0  21.620  18.720  2.980  15.66  305.89  83.12  878.13  -0.64  241.67  13.05
59522.0  21.370  18.630  3.670  15.57  305.64  83.97  878.12  -0.71  242.64  12.72
59523.0  21.190  18.560  4.210  15.50  305.45  84.55  878.10  -0.39  234.99  13.12
59524.0  21.170  18.530  4.390  15.47  305.41  84.54  878.23  0.37  225.65  12.01
59525.0  21.320  18.560  4.020  15.50  305.57  83.88  878.17  -1.98  231.10  12.00
59526.0  21.450  18.620  3.480  15.56  305.71  83.53  878.22  -1.07  230.62  9.44
59527.0  21.290  18.650  4.170  15.58  305.51  84.51  878.56  1.37  223.69  8.39
59528.0  20.930  18.610  4.430  15.55  305.15  86.26  878.33  1.49  225.11  7.70
59529.0  20.580  18.540  4.870  15.48  304.80  87.78  878.24  -0.57  223.70  9.73
59530.0  20.850  18.530  4.010  15.47  305.07  86.26  878.40  -0.41  232.02  12.51
59531.0  21.180  18.590  3.290  15.53  305.39  84.82  878.59  0.42  227.81  11.61
59532.0  21.210  18.670  3.600  15.60  305.43  85.07  878.42  -0.03  236.97  12.38
59533.0  21.540  18.660  2.510  15.59  305.80  83.23  878.25  -0.89  241.14  14.89
59534.0  22.070  18.570  2.090  15.51  306.34  80.05  878.33  -0.73  237.30  14.76
59535.0  22.080  18.470  2.410  15.41  306.35  79.54  878.34  -0.62  239.78  14.09
59536.0  21.950  18.370  2.660  15.31  306.22  79.65  878.28  -0.53  239.03  14.64
59537.0  22.050  18.270  2.470  15.21  306.32  78.66  878.32  -0.66  240.26  14.89
59538.0  22.140  18.290  2.190  15.23  306.41  78.30  878.31  -0.70  240.70  14.48
59539.0  22.090  18.320  2.440  15.26  306.37  78.66  878.29  -0.51  240.39  14.65
59540.0  22.000  18.220  2.640  15.16  306.28  78.61  878.25  -0.54  240.00  14.54
59541.0  22.160  18.060  2.260  15.00  306.44  77.03  878.26  -0.78  239.29  14.24
59542.0  21.940  17.960  2.680  14.91  306.21  77.64  878.30  -0.72  238.01  14.29
59543.0  21.900  17.980  2.530  14.93  306.16  77.90  878.39  -0.64  240.43  14.74
59544.0  22.150  17.980  2.360  14.93  306.41  76.69  878.40  -0.54  240.06  14.69
59545.0  22.000  17.870  2.620  14.82  306.27  76.86  878.38  -0.25  238.49  13.70
59546.0  21.660  17.710  2.990  14.67  305.93  77.70  878.25  -0.29  239.14  13.70
59547.0  21.650  17.570  3.120  14.54  305.92  77.09  878.17  -0.38  237.89  13.05
59548.0  21.500  17.470  3.220  14.45  305.75  77.33  878.30  -0.36  237.27  13.37
59549.0  21.550  17.370  3.030  14.35  305.79  76.58  878.42  -0.02  237.43  12.81
59550.0  21.530  17.350  3.170  14.34  305.78  76.57  878.36  -0.21  238.04  12.77
59551.0  21.390  17.400  3.310  14.38  305.62  77.52  878.50  -0.30  238.47  13.29
59552.0  21.760  17.500  2.540  14.47  305.99  76.24  878.59  -0.49  239.97  13.44
59553.0  21.680  17.580  2.810  14.55  305.92  76.98  878.57  -0.36  238.23  13.08
59554.0  21.470  17.540  3.470  14.51  305.71  77.79  878.39  -0.81  240.15  12.84
59555.0  21.400  17.490  3.260  14.47  305.63  77.94  878.41  -1.08  235.59  12.83
59556.0  21.320  17.550  3.420  14.52  305.55  78.63  878.39  -0.91  235.43  12.53
59557.0  21.120  17.650  3.570  14.62  305.38  80.11  878.17  -0.93  248.68  11.58
59558.0  20.930  17.680  3.930  14.64  305.16  81.22  878.32  -0.42  240.82  12.13
59559.0  21.130  17.710  3.350  14.67  305.36  80.39  878.42  -0.54  239.38  13.33
59560.0  21.200  17.800  3.230  14.75  305.42  80.50  878.46  -0.32  240.33  13.03
59561.0  21.170  17.890  3.290  14.84  305.39  81.09  878.52  -0.72  240.27  12.97
59562.0  21.110  17.900  3.510  14.84  305.32  81.45  878.58  0.15  239.29  12.60
59563.0  20.980  17.850  3.510  14.80  305.19  81.87  878.56  0.37  237.93  12.59
59564.0  20.980  17.880  3.640  14.84  305.21  82.04  878.40  -0.03  240.37  11.66
59565.0  20.810  17.990  3.820  14.93  305.04  83.47  878.31  0.45  239.79  12.47
59566.0  20.910  18.030  3.630  14.98  305.14  83.21  878.26  0.51  239.85  12.85
59567.0  21.000  18.040  3.390  14.98  305.24  82.77  878.22  0.02  241.19  12.74
59568.0  21.070  18.050  3.440  15.00  305.30  82.49  878.32  0.27  242.44  12.35
59569.0  21.240  18.110  3.210  15.06  305.49  81.89  878.22  0.14  238.03  11.99
59570.0  21.160  18.170  3.400  15.12  305.41  82.66  878.10  0.44  237.48  11.88
59571.0  21.000  18.170  3.590  15.12  305.24  83.47  878.20  0.80  235.74  11.82
59572.0  20.920  18.160  3.510  15.10  305.16  83.83  878.25  0.88  235.95  12.78
59573.0  20.810  18.200  3.960  15.14  305.05  84.62  878.19  -0.25  239.37  13.13
59574.0  20.930  18.230  3.660  15.17  305.18  84.14  878.15  0.21  245.45  14.53
59575.0  21.440  18.210  3.020  15.16  305.70  81.42  878.19  0.53  249.40  14.23
59576.0  21.930  18.170  1.830  15.12  306.23  78.69  878.05  -0.09  240.95  13.91
59577.0  21.810  18.110  2.460  15.06  306.10  79.01  878.02  0.17  240.42  14.89
59578.0  22.250  18.050  1.880  15.00  306.55  76.52  878.08  -0.11  243.06  15.90
59579.0  22.300  18.040  1.830  14.99  306.62  76.22  877.99  -0.51  244.05  14.84
59580.0  21.830  17.960  3.000  14.91  306.12  78.16  877.96  -0.59  246.16  13.36
59581.0  21.220  17.830  4.180  14.79  305.47  80.56  878.22  0.06  251.02  10.98
59582.0  20.850  17.780  4.620  14.74  305.08  82.19  878.26  -0.02  241.56  10.48
59583.0  20.400  17.850  4.950  14.80  304.61  84.94  878.35  0.84  242.14  11.71
59584.0  20.410  17.990  4.400  14.94  304.63  85.62  878.20  1.10  239.26  12.71
59585.0  20.690  18.090  3.890  15.04  304.91  84.71  878.31  0.37  244.31  13.02
59586.0  20.730  18.210  4.010  15.15  304.93  85.15  878.50  0.60  249.42  11.09
59587.0  20.640  18.300  3.960  15.24  304.85  86.12  878.42  1.27  247.91  11.29
59588.0  20.700  18.280  3.830  15.22  304.91  85.66  878.39  1.77  241.88  12.20
59589.0  21.150  18.210  3.320  15.15  305.40  82.86  878.20  1.39  242.55  14.67
59590.0  21.720  18.200  2.150  15.14  305.99  79.90  878.25  1.39  243.54  15.43
59591.0  22.450  18.170  1.240  15.11  306.75  76.15  878.22  0.98  243.00  16.10
59592.0  22.970  18.110  0.620  15.06  307.31  73.46  878.03  0.60  244.51  16.64
59593.0  23.230  18.070  0.610  15.02  307.57  72.08  878.06  0.69  245.35  16.91
59594.0  23.280  18.010  0.720  14.96  307.62  71.56  878.08  0.64  245.07  16.60
59595.0  23.340  17.880  0.710  14.84  307.69  70.72  877.97  0.65  245.08  16.65
59596.0  23.380  17.790  0.700  14.75  307.74  70.15  877.90  0.83  245.22  16.64
59597.0  23.440  17.760  0.720  14.72  307.80  69.71  877.99  0.79  245.00  16.68
59598.0  23.390  17.670  0.770  14.65  307.76  69.59  877.83  0.61  245.38  16.76
59599.0  23.490  17.470  0.620  14.46  307.87  68.25  877.71  0.50  245.28  16.64
59600.0  23.550  17.190  0.550  14.20  307.95  66.76  877.66  0.36  245.47  16.58
59601.0  23.590  16.910  0.600  13.94  307.97  65.39  877.82  0.26  244.70  16.43
59602.0  23.590  16.650  0.610  13.70  307.96  64.29  878.00  0.12  243.98  16.27
59603.0  23.640  16.450  0.590  13.52  307.99  63.27  878.07  -0.10  244.63  16.14
59604.0  23.660  16.330  0.530  13.42  308.01  62.72  878.12  -0.10  245.06  16.27
59605.0  23.680  16.210  0.470  13.31  308.03  62.12  878.20  0.13  244.83  16.47
59606.0  23.700  16.060  0.420  13.18  308.05  61.44  878.22  0.19  244.84  16.22
59607.0  23.790  15.890  0.470  13.04  308.14  60.45  878.28  -0.17  245.91  15.90
59608.0  23.850  15.810  0.570  12.96  308.19  59.87  878.38  -0.35  245.49  15.87
59609.0  23.830  15.760  0.560  12.92  308.16  59.78  878.48  -0.61  244.80  15.78
59610.0  23.840  15.780  0.490  12.94  308.15  59.84  878.58  -0.75  244.11  15.97
59611.0  23.880  15.810  0.470  12.97  308.20  59.79  878.60  -0.77  243.57  15.87
59612.0  23.860  15.820  0.490  12.97  308.20  59.89  878.35  -0.86  243.97  15.51
59613.0  23.900  15.760  0.540  12.92  308.22  59.52  878.63  -1.40  243.17  15.64
59614.0  23.900  15.730  0.380  12.89  308.20  59.40  878.77  -1.93  242.07  15.80
59615.0  23.810  15.740  0.380  12.90  308.11  59.74  878.76  -3.09  241.56  15.77
59616.0  22.900  15.720  1.540  12.89  307.15  63.19  878.91  -2.26  244.96  15.79
59617.0  21.960  15.700  3.960  12.87  306.17  66.95  878.95  -1.60  245.30  14.17
59618.0  21.530  15.760  4.110  12.92  305.73  69.03  878.93  -1.51  237.59  13.06
59619.0  21.950  15.880  2.800  13.02  306.17  67.78  878.86  -2.43  234.36  14.73
59620.0  21.700  16.060  2.890  13.17  305.89  69.67  879.02  -1.61  235.22  13.66
59621.0  21.440  16.320  3.710  13.39  305.62  72.00  879.09  -1.15  233.92  14.07
59622.0  21.510  16.540  3.100  13.59  305.71  72.73  878.95  -0.81  232.24  13.21
59623.0  21.230  16.700  3.910  13.73  305.38  74.82  879.18  1.12  226.87  10.96
59624.0  20.740  16.800  4.250  13.82  304.88  77.66  879.17  0.03  231.94  12.35
59625.0  21.020  16.920  3.470  13.93  305.18  76.92  879.12  -0.15  237.62  13.21
59626.0  21.350  17.110  2.940  14.10  305.53  76.23  878.96  0.08  238.40  13.33
59627.0  21.450  17.320  2.990  14.30  305.65  76.83  878.76  0.46  236.85  14.00
59628.0  21.540  17.480  2.910  14.45  305.77  77.14  878.61  0.55  236.76  13.34
59629.0  21.510  17.570  3.070  14.54  305.75  77.74  878.52  0.62  237.25  13.93
59630.0  21.610  17.640  2.730  14.60  305.85  77.60  878.45  0.70  238.14  14.04
59631.0  21.890  17.760  2.330  14.72  306.16  76.87  878.30  0.89  241.61  15.46
59632.0  22.180  17.910  1.900  14.87  306.48  76.21  878.11  1.24  242.11  16.33
59633.0  22.780  18.000  1.230  14.96  307.11  73.82  878.04  1.15  242.51  16.35
59634.0  23.060  17.990  0.920  14.94  307.40  72.48  877.94  0.78  242.07  16.53
59635.0  23.260  17.840  0.890  14.80  307.62  70.89  877.92  0.93  240.81  16.70
59636.0  23.320  17.610  0.840  14.59  307.69  69.59  877.88  1.07  241.05  16.37
59637.0  23.490  17.420  0.580  14.41  307.86  68.04  877.87  0.69  240.96  15.89
59638.0  23.460  17.250  0.430  14.26  307.85  67.41  877.68  0.09  242.33  16.13
59639.0  23.390  17.100  0.630  14.11  307.78  67.02  877.74  0.34  243.95  16.66
59640.0  23.370  16.970  0.740  13.99  307.74  66.56  877.84  0.21  244.12  16.42
59641.0  23.300  16.850  0.870  13.88  307.67  66.33  877.83  -0.52  245.13  16.72
59642.0  23.150  16.710  1.340  13.76  307.51  66.34  877.85  -0.54  246.56  16.23
59643.0  22.510  16.550  2.460  13.61  306.84  68.31  877.97  -0.90  243.71  14.19
59644.0  21.780  16.430  3.780  13.51  306.05  71.02  878.18  -0.38  239.17  15.89
59645.0  22.050  16.420  2.080  13.49  306.34  69.74  878.12  -0.99  243.84  15.86
59646.0  22.350  16.500  1.840  13.57  306.65  68.81  878.21  -1.90  243.36  15.40
59647.0  22.010  16.540  2.580  13.60  306.26  70.48  878.59  -1.32  243.53  14.40
59648.0  21.110  16.530  4.200  13.59  305.32  74.53  878.63  -0.72  238.70  13.76
59649.0  20.680  16.510  4.530  13.57  304.88  76.53  878.58  -1.08  232.35  14.05
59650.0  20.740  16.530  4.120  13.59  304.91  76.34  878.87  -0.11  237.36  13.77
59651.0  21.030  16.570  3.390  13.62  305.22  75.15  878.82  -0.16  240.19  13.82
59652.0  21.310  16.610  3.040  13.65  305.51  74.00  878.77  0.08  239.43  13.55
59653.0  21.310  16.580  3.160  13.63  305.50  73.85  878.92  -0.11  238.49  13.76
59654.0  21.330  16.600  3.130  13.64  305.51  73.85  878.98  -0.17  241.22  13.97
59655.0  21.370  16.730  2.990  13.76  305.56  74.31  878.86  0.11  241.25  14.23
59656.0  21.450  16.950  2.900  13.96  305.65  74.95  878.84  0.44  240.81  14.47
59657.0  21.540  17.140  2.860  14.14  305.76  75.48  878.71  0.63  241.23  14.58
59658.0  21.680  17.270  2.680  14.25  305.90  75.44  878.75  0.74  241.42  14.93
59659.0  21.870  17.390  2.400  14.37  306.11  75.17  878.56  0.92  241.63  15.25
59660.0  22.060  17.510  2.180  14.48  306.31  74.80  878.53  1.19  242.02  15.29
59661.0  22.180  17.560  2.040  14.53  306.44  74.52  878.47  1.30  241.99  15.63
59662.0  22.350  17.510  1.880  14.49  306.63  73.50  878.28  1.22  243.32  15.84
59663.0  22.600  17.420  1.620  14.41  306.91  71.93  878.16  1.18  245.74  15.95
59664.0  23.130  17.370  0.270  14.36  307.47  69.33  878.02  0.97  245.83  15.86
59665.0  23.470  17.300  0.060  14.30  307.83  67.58  878.00  0.38  246.05  15.90
59666.0  23.560  17.210  0.150  14.21  307.92  66.80  878.04  -0.18  246.28  16.24
59667.0  23.480  17.170  0.270  14.17  307.84  66.96  877.95  -0.47  245.13  16.66
59668.0  23.080  17.160  1.320  14.16  307.43  68.60  877.97  -0.42  242.85  16.51
59669.0  22.780  17.150  1.780  14.15  307.11  69.85  878.07  -0.52  241.21  16.31
59670.0  22.530  17.140  2.160  14.15  306.83  70.96  878.23  -0.16  238.75  15.91
59671.0  22.100  17.080  2.670  14.08  306.37  72.58  878.33  0.31  238.98  15.65
59672.0  22.030  16.990  2.770  14.01  306.30  72.49  878.38  0.78  239.88  15.10
59673.0  22.090  16.930  2.400  13.94  306.35  71.90  878.50  1.07  241.27  15.26
59674.0  22.250  16.820  2.110  13.85  306.51  70.70  878.58  1.11  240.57  15.27
59675.0  22.230  16.740  2.070  13.78  306.50  70.40  878.50  0.80  241.83  15.00
59676.0  22.420  16.650  2.030  13.70  306.70  69.19  878.41  0.78  242.73  15.15
59677.0  22.700  16.580  1.150  13.63  307.00  67.64  878.30  0.37  243.02  15.34
