flight/WP3D/AircraftMet_NP3_20130623_RA.ict
43  1001
Ken Aikin
NOAA ESRL Chemical Sciences Division
various aircraft sensors
SENEX 2013
1  1
2013  06  23  2013  06  23
1
AOCTimewave
10
1  1  1  1  1  1  1  1  1  1
-9999  -9999  -9999  -9999  -9999  -9999  -9999  -9999  -9999  -9999
AmbTemp  C
DewPtTemp  C
DewPtTempTDL  C
H2Omr  g/kg
PotTemp  K
RelHumidity  pct
StaticPrs  mbar
VertWindSpd  m/s
WindDir  deg
WindSpd  m/s
1
SPECIAL COMMENTS:Indianapolis and Nashville PP.
18
PI_CONTACT_INFO: Address: NOAA ESRL Chemical Sciences Division  Mail Stop R/CSD7  325 Broadway  Boulder  CO 80305
PLATFORM: NOAA WP-3D
LOCATION: The aircraft was stationed in  Smyrna  Tennessee. Aircraft location information in AircraftPosition file.
ASSOCIATED_DATA: N/A
INSTRUMENT_INFO: N/A
DATA_INFO: Units:AmbTemp celcius; DewPtTemp celcius; DewPtTempTDL celcius; H2Omr g/kg; PotTemp kelvin; RelHumidity percent; StaticPrs millibar; VertWindSpd m/s; WindDir degrees; WindSpd m/s
UNCERTAINTY: N/A
ULOD_FLAG: -7777
ULOD_VALUE: N/A
LLOD_FLAG: -8888
LLOD_VALUE: N/A
DM_CONTACT_INFO: Data Manager:Ken Aikin; email:Kenneth.C.Aikin@noaa.gov
PROJECT_INFO: SENEX 2013 Study; June 1 - July 15  2013
STIPULATIONS_ON_USE: Use of these data require prior ok from PI.
OTHER_COMMENTS:       None
REVISION: RA
RA: Preliminary Data.  For in-field use.
AOCTimewave  AmbTemp  DewPtTemp  DewPtTempTDL  H2Omr  PotTemp  RelHumidity  StaticPrs  VertWindSpd  WindDir  WindSpd
[from data line 15250]
69753.0  23.120  16.010  1.310  12.31  301.89  63.56  936.31  -2.38  213.54  4.00
69754.0  23.160  15.980  1.540  12.28  301.87  63.31  936.90  -2.01  208.49  4.35
69755.0  23.210  15.970  1.650  12.26  301.85  63.05  937.73  -2.46  213.23  3.69
69756.0  23.240  15.960  1.660  12.24  301.84  62.85  938.23  -1.83  209.75  3.46
69757.0  23.250  15.930  1.580  12.21  301.78  62.72  938.97  -1.67  210.76  3.57
69758.0  23.330  15.930  1.610  12.20  301.78  62.40  939.75  -0.72  211.01  3.37
69759.0  23.450  15.930  1.670  12.19  301.85  61.93  940.41  -1.08  212.44  2.67
69760.0  23.460  15.940  1.580  12.18  301.77  61.93  941.32  -0.95  221.51  2.71
69761.0  23.540  15.960  1.680  12.19  301.78  61.73  942.18  -0.31  203.29  2.99
69762.0  23.530  15.970  1.650  12.20  301.74  61.80  942.46  -0.73  230.67  3.72
69763.0  23.620  15.980  1.580  12.20  301.79  61.50  942.87  -0.68  206.69  4.19
69764.0  23.530  16.000  1.530  12.21  301.66  61.91  943.37  -0.16  213.21  5.50
69765.0  23.750  16.000  1.380  12.20  301.83  61.06  944.03  -0.43  212.91  5.17
69766.0  23.780  16.010  1.350  12.20  301.79  61.00  944.76  -0.33  213.80  5.06
69767.0  23.890  16.020  1.340  12.20  301.86  60.65  945.15  -0.41  210.76  4.83
69768.0  23.900  16.020  1.370  12.20  301.87  60.57  945.20  -1.58  220.68  4.31
69769.0  23.890  16.020  1.350  12.20  301.87  60.62  945.12  -1.54  226.95  4.05
69770.0  23.880  16.020  1.300  12.21  301.89  60.67  944.80  -1.08  238.98  3.92
69771.0  23.880  16.020  1.300  12.21  301.92  60.69  944.41  -0.38  235.49  3.23
69772.0  23.820  16.020  1.270  12.22  301.90  60.90  943.99  -1.37  223.03  3.06
69773.0  23.780  16.020  1.210  12.22  301.86  61.04  943.97  -1.11  213.83  3.32
69774.0  23.710  16.010  1.230  12.20  301.80  61.24  943.92  -0.75  223.08  3.45
69775.0  23.680  15.990  1.270  12.19  301.78  61.29  943.82  -1.08  242.21  3.99
69776.0  23.670  15.980  1.230  12.18  301.76  61.27  943.91  -1.04  233.57  3.99
69777.0  23.660  15.960  1.320  12.17  301.73  61.28  944.01  -0.56  221.66  4.06
69778.0  23.680  15.970  1.400  12.18  301.76  61.22  944.00  -0.57  217.21  4.32
69779.0  23.620  15.960  1.290  12.17  301.69  61.41  944.04  0.28  230.97  5.17
69780.0  23.700  15.950  1.300  12.16  301.75  61.07  944.19  0.64  222.78  5.12
69781.0  23.680  15.930  1.240  12.14  301.74  61.05  944.20  0.36  226.13  5.50
69782.0  23.760  15.900  1.320  12.12  301.82  60.67  944.15  0.11  229.01  5.17
69783.0  23.680  15.890  1.210  12.11  301.72  60.94  944.29  0.21  231.45  5.77
69784.0  23.720  15.880  1.310  12.10  301.77  60.73  944.26  -0.20  232.43  6.30
69785.0  23.770  15.880  1.400  12.10  301.81  60.53  944.37  -0.42  230.73  5.65
69786.0  23.770  15.880  1.460  12.10  301.83  60.52  944.21  -0.64  220.11  5.36
69787.0  23.800  15.880  1.460  12.10  301.84  60.44  944.32  -0.78  210.90  5.17
69788.0  23.700  15.900  1.450  12.11  301.73  60.85  944.50  -0.68  217.46  5.35
69789.0  23.760  15.910  1.450  12.12  301.78  60.67  944.61  -0.82  208.65  5.20
69790.0  23.770  15.910  1.450  12.12  301.78  60.64  944.70  -0.95  203.33  5.13
69791.0  23.790  15.900  1.420  12.11  301.80  60.51  944.82  -0.53  210.30  4.70
69792.0  23.750  15.880  1.390  12.10  301.74  60.62  944.87  -0.90  217.24  4.70
69793.0  23.810  15.880  1.400  12.10  301.81  60.38  944.87  -1.86  229.37  4.11
69794.0  23.850  15.880  1.440  12.09  301.83  60.22  945.15  -0.86  226.92  3.66
69795.0  23.830  15.880  1.270  12.09  301.81  60.33  944.99  -0.98  224.17  3.93
69796.0  23.860  15.870  1.230  12.08  301.83  60.15  945.17  -1.12  222.58  3.51
69797.0  23.790  15.850  1.210  12.06  301.75  60.33  945.33  -1.27  224.17  4.02
69798.0  23.820  15.840  1.170  12.05  301.79  60.17  945.16  -1.58  226.08  4.33
69799.0  23.830  15.810  1.110  12.03  301.80  60.04  945.11  -1.42  225.88  4.29
69800.0  23.880  15.790  0.820  12.02  301.85  59.75  945.15  -1.62  225.62  3.89
69801.0  23.840  15.750  0.860  11.98  301.79  59.76  945.43  -1.81  213.05  4.33
69802.0  23.770  15.700  1.220  11.95  301.72  59.85  945.31  -1.46  208.80  5.31
69803.0  23.790  15.680  1.420  11.93  301.75  59.70  945.19  -1.41  207.53  5.26
69804.0  23.790  15.700  1.340  11.94  301.75  59.73  945.28  -2.00  213.75  5.01
69805.0  23.850  15.700  1.160  11.95  301.81  59.54  945.30  -1.97  212.34  4.64
69806.0  23.880  15.690  1.150  11.94  301.86  59.34  945.18  -2.44  211.17  4.17
69807.0  23.820  15.660  1.140  11.92  301.80  59.50  945.10  -1.49  213.96  4.45
69808.0  23.840  15.640  1.110  11.90  301.81  59.35  945.14  -1.46  208.50  4.42
69809.0  23.800  15.630  1.220  11.90  301.79  59.42  944.95  -1.63  205.67  4.47
69810.0  23.810  15.620  1.150  11.89  301.79  59.37  945.02  -1.50  204.39  4.45
69811.0  23.820  15.610  1.080  11.88  301.80  59.28  945.09  -1.55  213.23  4.43
69812.0  23.850  15.600  0.660  11.87  301.82  59.15  945.11  -1.70  209.95  4.70
69813.0  23.910  15.580  0.350  11.85  301.88  58.82  945.19  -2.19  207.96  4.83
69814.0  23.890  15.530  0.720  11.81  301.86  58.72  945.23  -1.75  208.91  4.35
69815.0  23.860  15.480  0.760  11.78  301.85  58.65  944.97  -1.59  205.48  4.01
69816.0  23.920  15.480  0.310  11.78  301.91  58.42  944.92  -1.47  203.46  4.07
69817.0  23.890  15.490  0.340  11.79  301.87  58.58  945.10  -1.16  215.18  3.62
69818.0  23.800  15.470  0.560  11.77  301.78  58.83  945.04  -1.06  211.49  4.16
69819.0  23.830  15.410  0.430  11.73  301.81  58.49  945.06  -1.80  203.89  4.02
69820.0  23.810  15.330  0.460  11.66  301.80  58.23  944.99  -1.04  200.62  4.21
69821.0  23.800  15.250  0.520  11.61  301.79  58.00  944.94  -1.05  209.13  4.38
69822.0  23.850  15.200  0.520  11.56  301.85  57.58  944.88  -0.64  216.01  3.64
69823.0  23.910  15.150  0.620  11.53  301.91  57.24  944.85  0.66  219.12  2.88
69824.0  23.780  15.130  0.780  11.52  301.78  57.61  944.78  -0.55  228.43  4.13
69825.0  23.800  15.110  0.690  11.50  301.81  57.46  944.75  -0.41  202.81  3.84
69826.0  23.730  15.090  0.700  11.48  301.74  57.60  944.72  -0.01  208.04  4.58
69827.0  23.720  15.060  0.800  11.46  301.75  57.53  944.50  -0.34  212.03  5.51
69828.0  23.810  15.030  0.780  11.44  301.84  57.11  944.52  -1.00  213.76  4.97
69829.0  23.840  15.040  0.950  11.45  301.86  57.03  944.61  -1.04  224.05  3.82
69830.0  23.790  15.070  0.880  11.48  301.82  57.34  944.50  -0.49  218.82  3.63
69831.0  23.770  15.120  0.890  11.51  301.79  57.59  944.57  -0.10  221.53  3.50
69832.0  23.770  15.100  0.760  11.50  301.78  57.55  944.71  0.73  210.31  3.81
69833.0  23.740  15.100  0.890  11.49  301.75  57.62  944.70  0.07  212.41  3.57
69834.0  23.720  15.140  0.940  11.52  301.74  57.83  944.61  -0.09  205.57  3.59
69835.0  23.690  15.180  1.000  11.55  301.71  58.09  944.68  -0.27  202.97  3.49
69836.0  23.690  15.210  0.870  11.58  301.69  58.24  944.79  0.00  203.08  4.07
69837.0  23.740  15.270  0.530  11.62  301.75  58.27  944.77  -0.30  207.01  4.32
69838.0  23.810  15.270  0.340  11.62  301.81  58.02  944.82  0.18  198.87  4.13
69839.0  23.790  15.230  0.610  11.60  301.81  57.95  944.62  0.19  199.12  4.18
69840.0  23.780  15.200  0.390  11.57  301.80  57.86  944.70  0.28  213.23  3.85
69841.0  23.800  15.180  0.430  11.55  301.81  57.72  944.69  0.78  212.67  4.32
69842.0  23.910  15.160  0.500  11.54  301.94  57.24  944.53  1.11  199.54  3.67
69843.0  23.840  15.140  0.390  11.52  301.87  57.39  944.57  0.66  204.69  3.63
69844.0  23.880  15.120  0.020  11.51  301.92  57.22  944.42  0.59  196.60  3.84
69845.0  23.800  15.080  0.350  11.48  301.82  57.36  944.62  0.65  206.70  3.89
69846.0  23.700  15.030  0.880  11.44  301.72  57.50  944.67  -0.05  211.23  4.21
69847.0  23.680  15.000  1.400  11.42  301.70  57.48  944.60  0.02  212.38  3.70
69848.0  23.670  15.030  1.350  11.45  301.71  57.62  944.42  0.71  220.16  3.28
69849.0  23.660  15.120  1.420  11.51  301.68  57.99  944.60  1.70  242.15  3.54
69850.0  23.670  15.210  1.650  11.58  301.70  58.30  944.56  2.12  221.54  3.71
69851.0  23.600  15.260  1.610  11.62  301.65  58.71  944.33  1.61  222.18  4.58
69852.0  23.660  15.290  1.290  11.64  301.69  58.66  944.42  0.39  239.06  3.59
69853.0  23.580  15.320  1.260  11.66  301.59  59.03  944.72  0.68  223.37  4.24
69854.0  23.490  15.360  1.090  11.69  301.50  59.53  944.71  1.11  226.02  5.15
69855.0  23.580  15.430  1.480  11.74  301.59  59.47  944.62  1.83  225.57  5.34
69856.0  23.610  15.500  1.680  11.80  301.64  59.65  944.48  1.86  213.52  5.83
69857.0  23.690  15.600  1.640  11.88  301.72  59.72  944.50  2.46  225.54  5.25
69858.0  23.700  15.710  1.690  11.97  301.75  60.13  944.34  1.55  217.66  4.62
69859.0  23.630  15.790  1.620  12.02  301.67  60.68  944.45  1.36  216.94  4.88
69860.0  23.560  15.850  1.580  12.07  301.60  61.18  944.43  -0.86  211.79  4.84
69861.0  23.520  15.930  1.130  12.13  301.52  61.64  944.82  -0.61  219.57  5.25
69862.0  23.600  16.000  1.420  12.18  301.59  61.62  944.93  -0.41  217.00  4.94
69863.0  23.600  16.040  1.330  12.21  301.58  61.79  945.04  -0.78  207.96  4.52
69864.0  23.560  16.040  1.320  12.22  301.54  61.95  945.02  -0.28  215.09  4.30
69865.0  23.590  16.010  1.550  12.19  301.55  61.72  945.27  0.03  221.72  4.34
69866.0  23.640  15.980  1.580  12.17  301.60  61.42  945.18  -0.65  211.08  3.87
69867.0  23.600  15.970  1.560  12.16  301.56  61.52  945.31  -0.50  217.27  3.61
69868.0  23.520  15.950  1.520  12.14  301.48  61.76  945.26  -1.74  212.66  4.53
69869.0  23.520  15.950  1.230  12.14  301.46  61.76  945.43  -1.02  219.24  5.26
69870.0  23.690  15.960  1.540  12.15  301.63  61.14  945.48  -0.54  214.19  4.17
69871.0  23.600  15.980  1.480  12.17  301.54  61.57  945.45  -1.21  216.48  4.07
69872.0  23.520  16.000  1.390  12.18  301.47  61.96  945.39  -0.95  223.08  4.88
69873.0  23.520  15.990  1.780  12.17  301.46  61.89  945.50  -0.10  215.12  4.73
69874.0  23.550  15.970  1.840  12.16  301.49  61.71  945.44  -0.71  222.45  4.32
69875.0  23.540  15.990  1.670  12.18  301.49  61.85  945.35  -1.16  222.26  4.29
69876.0  23.620  16.020  1.250  12.20  301.56  61.68  945.46  -1.28  219.38  4.00
69877.0  23.630  16.020  1.230  12.19  301.57  61.59  945.46  -1.33  212.35  3.70
69878.0  23.610  16.010  1.370  12.19  301.55  61.67  945.44  -0.95  215.81  3.85
69879.0  23.660  16.010  0.940  12.18  301.60  61.45  945.49  -0.81  214.89  4.12
69880.0  23.670  15.980  0.970  12.16  301.61  61.31  945.40  -1.21  222.51  3.99
69881.0  23.610  15.940  1.240  12.13  301.56  61.38  945.30  -1.54  224.30  3.97
69882.0  23.570  15.920  1.490  12.12  301.52  61.43  945.39  -1.65  223.19  4.13
69883.0  23.590  15.910  1.520  12.11  301.53  61.34  945.39  -1.82  217.89  3.77
69884.0  23.520  15.930  1.540  12.12  301.46  61.67  945.45  -1.86  220.41  4.17
69885.0  23.520  15.930  1.590  12.13  301.47  61.68  945.38  -1.60  223.79  3.76
69886.0  23.480  15.940  1.620  12.14  301.43  61.87  945.31  -1.67  227.07  3.80
69887.0  23.480  15.950  1.690  12.14  301.43  61.93  945.34  -1.56  220.00  3.58
69888.0  23.490  15.950  1.760  12.14  301.45  61.86  945.24  -1.41  214.54  3.11
69889.0  23.430  15.940  1.800  12.14  301.39  62.07  945.28  -0.82  220.31  3.07
69890.0  23.420  15.940  1.820  12.13  301.37  62.10  945.35  -0.73  217.54  2.97
69891.0  23.370  15.950  1.760  12.14  301.34  62.34  945.10  -0.67  222.52  3.50
69892.0  23.410  15.930  1.510  12.13  301.39  62.10  944.98  -0.69  226.98  4.10
69893.0  23.420  15.940  1.610  12.14  301.40  62.11  945.01  -0.91  229.98  4.11
69894.0  23.470  15.980  1.570  12.17  301.46  62.09  944.96  -0.92  229.74  4.10
69895.0  23.470  16.000  1.510  12.19  301.47  62.13  944.85  -0.98  224.62  3.88
69896.0  23.450  16.020  1.680  12.20  301.44  62.30  944.87  -0.80  228.32  3.61
69897.0  23.390  16.070  1.640  12.24  301.37  62.75  944.96  -1.11  221.52  4.00
69898.0  23.400  16.120  1.630  12.28  301.39  62.91  944.93  -0.52  218.84  3.99
69899.0  23.420  16.120  1.780  12.29  301.41  62.86  944.84  -0.39  211.84  3.49
69900.0  23.400  16.110  1.750  12.28  301.39  62.86  944.93  -0.43  223.55  3.17
69901.0  23.400  16.130  1.840  12.29  301.36  62.97  945.14  -0.14  218.40  2.87
69902.0  23.400  16.150  1.840  12.30  301.37  63.03  945.03  -0.58  205.05  2.62
69903.0  23.330  16.150  1.920  12.31  301.33  63.29  944.84  0.61  197.59  3.09
69904.0  23.280  16.150  2.190  12.31  301.28  63.52  944.83  0.68  198.50  3.87
69905.0  23.290  16.190  2.170  12.34  301.29  63.64  944.71  0.28  200.75  3.83
69906.0  23.290  16.210  2.070  12.36  301.31  63.71  944.61  -0.16  204.44  3.79
69907.0  23.330  16.230  2.140  12.38  301.34  63.67  944.61  -0.07  208.46  2.89
69908.0  23.330  16.260  1.920  12.40  301.35  63.75  944.60  -0.42  224.89  2.66
69909.0  23.310  16.280  1.870  12.42  301.33  63.95  944.51  -0.42  218.14  3.10
69910.0  23.320  16.300  1.890  12.43  301.33  63.95  944.62  -0.49  219.50  2.86
69911.0  23.310  16.300  1.870  12.43  301.32  64.00  944.63  -0.68  219.41  3.18
69912.0  23.290  16.330  1.810  12.45  301.29  64.22  944.74  -0.59  214.42  3.84
69913.0  23.400  16.340  1.990  12.46  301.38  63.85  944.99  -0.62  209.66  3.61
69914.0  23.400  16.360  1.890  12.47  301.38  63.89  944.97  -0.58  217.71  3.42
69915.0  23.420  16.360  1.790  12.48  301.41  63.85  944.85  -0.96  223.40  3.48
69916.0  23.420  16.350  1.780  12.47  301.40  63.78  944.98  -0.89  225.09  3.39
69917.0  23.420  16.330  1.830  12.45  301.39  63.69  945.08  -1.01  218.84  3.51
69918.0  23.390  16.320  1.870  12.44  301.36  63.79  945.07  -1.12  214.66  3.96
69919.0  23.410  16.320  1.890  12.44  301.39  63.69  945.01  -0.64  208.05  3.96
69920.0  23.400  16.290  2.050  12.42  301.36  63.63  945.17  -0.30  205.02  3.40
69921.0  23.360  16.280  2.070  12.41  301.33  63.71  945.13  -0.61  204.90  3.34
69922.0  23.350  16.260  1.910  12.39  301.32  63.70  945.14  -0.38  201.91  3.72
69923.0  23.360  16.240  1.980  12.38  301.33  63.57  945.03  -0.53  199.18  3.62
69924.0  23.390  16.200  1.920  12.35  301.36  63.31  945.09  -0.64  195.98  3.38
69925.0  23.370  16.180  1.920  12.33  301.34  63.30  945.03  -0.95  195.17  3.34
69926.0  23.400  16.180  1.920  12.33  301.38  63.16  945.01  -0.62  198.41  2.61
69927.0  23.340  16.170  1.880  12.32  301.31  63.37  945.05  -0.22  198.67  3.02
69928.0  23.390  16.160  1.800  12.31  301.37  63.11  945.03  -0.24  204.84  3.33
69929.0  23.390  16.140  1.870  12.30  301.36  63.03  945.11  -0.50  218.31  2.94
69930.0  23.400  16.130  1.890  12.29  301.38  62.95  944.98  -0.56  217.44  2.80
69931.0  23.380  16.120  1.890  12.28  301.38  62.98  944.73  -0.42  204.19  2.98
69932.0  23.380  16.130  1.930  12.29  301.39  63.01  944.72  -0.71  205.21  2.91
69933.0  23.380  16.140  1.920  12.30  301.35  63.08  945.04  -0.91  212.82  2.60
69934.0  23.370  16.140  1.970  12.30  301.35  63.12  945.04  -0.78  212.61  2.64
69935.0  23.340  16.150  2.040  12.30  301.30  63.27  945.16  -0.70  203.62  2.95
69936.0  23.320  16.170  2.020  12.32  301.29  63.43  945.06  -0.77  202.48  3.12
69937.0  23.330  16.170  2.150  12.33  301.32  63.40  944.95  -0.88  200.67  2.98
69938.0  23.330  16.170  2.190  12.32  301.31  63.42  944.96  -0.59  196.78  2.78
69939.0  23.310  16.180  2.230  12.33  301.30  63.53  944.92  -0.62  194.45  2.87
69940.0  23.300  16.210  2.180  12.36  301.29  63.68  944.85  -0.96  194.56  2.98
69941.0  23.280  16.240  2.330  12.37  301.25  63.87  945.05  -0.76  195.59  2.44
69942.0  23.280  16.270  2.360  12.40  301.25  64.02  945.02  -1.07  201.64  2.48
69943.0  23.240  16.310  2.380  12.43  301.20  64.34  945.16  -1.00  223.52  2.33
69944.0  23.260  16.340  2.340  12.46  301.24  64.36  944.96  -0.94  196.88  2.89
69945.0  23.300  16.380  2.300  12.49  301.28  64.39  944.96  -0.74  195.73  2.93
69946.0  23.300  16.420  2.140  12.53  301.29  64.58  944.87  -1.01  201.66  3.16
69947.0  23.350  16.440  1.970  12.54  301.34  64.44  944.89  -0.80  202.15  3.45
