flight/WP3D/AircraftMis_NP3_20130705_RA.ict
41  1001
Ken Aikin
NOAA ESRL Chemical Sciences Division
various aircraft sensors
SENEX 2013
1  1
2013  07  05  2013  07  05
1
AOCTimewave
8
1  1  1  1  1  1  1  1
-9999  -9999  -9999  -9999  -9999  -9999  -9999  -9999
Attack  deg
CabinPrs  mbar
GndSpd  m/s
Heading  deg
Pitch  deg
Roll  deg
Slip  deg
TrueAirSpd  m/s
1
SPECIAL COMMENTS:St. Louis  power plants.
18
PI_CONTACT_INFO: Address: NOAA ESRL Chemical Sciences Division  Mail Stop R/CSD7  325 Broadway  Boulder  CO 80305
PLATFORM: NOAA WP-3D
LOCATION: The aircraft was stationed in  Smyrna  Tennessee. Aircraft location information in AircraftPosition file.
ASSOCIATED_DATA: N/A
INSTRUMENT_INFO: N/A
DATA_INFO: Units: Attack degrees; CabinPrs millibar; GndSpd m/s; Heading degrees; Pitch degrees; Roll degrees; Slip degrees; TrueAirSpd m/s
UNCERTAINTY: N/A
ULOD_FLAG: -7777
ULOD_VALUE: N/A
LLOD_FLAG: -8888
LLOD_VALUE: N/A
DM_CONTACT_INFO: Data Manager:Ken Aikin; email:Kenneth.C.Aikin@noaa.gov
PROJECT_INFO: SENEX 2013 Study; June 1 - July 15  2013
STIPULATIONS_ON_USE: Use of these data require prior ok from PI.
OTHER_COMMENTS:       None
REVISION: RA
RA: Preliminary Data.  For in-field use.
AOCTimewave  Attack  CabinPrs  GndSpd  Heading  Pitch  Roll  Slip  TrueAirSpd
[from data line 9269]
62829.0  2.2  979.3  116.2  92.9  2.02  -0.87  -1.00  116.1
62830.0  1.9  979.8  116.2  92.8  2.10  -1.45  -1.11  115.7
62831.0  2.0  979.6  116.2  92.5  2.19  -1.57  -0.93  115.7
62832.0  2.1  979.8  116.2  92.3  2.29  -0.81  -0.52  115.4
62833.0  2.3  979.5  116.2  92.4  2.30  -1.32  -0.29  115.1
62834.0  2.1  979.5  116.2  92.6  2.26  -2.06  -0.58  115.6
62835.0  2.4  980.0  116.1  92.7  2.40  -1.70  -0.32  116.5
62836.0  2.5  979.5  116.1  92.9  2.19  -0.66  -1.28  115.9
62837.0  1.7  979.9  116.1  92.7  1.96  -0.96  -1.41  116.0
62838.0  1.8  979.0  116.1  92.2  2.27  -1.41  -1.30  116.0
62839.0  2.0  979.6  116.1  91.7  2.50  -0.87  -0.79  115.5
62840.0  2.1  979.7  116.0  91.5  2.51  -0.24  -0.27  115.4
62841.0  2.4  979.9  116.0  91.6  2.47  -1.40  -0.25  116.3
62842.0  1.8  980.0  115.9  91.8  2.18  -1.67  -0.77  116.0
62843.0  1.8  979.9  115.9  91.7  2.32  -1.19  -0.56  116.5
62844.0  2.1  979.8  115.9  91.6  2.52  -1.54  -0.67  116.4
62845.0  2.0  979.5  115.8  91.6  2.43  -0.69  -0.64  116.0
62846.0  1.6  979.8  115.7  91.7  2.27  0.14  -0.46  115.6
62847.0  2.2  979.8  115.7  91.9  2.56  -0.37  -0.48  115.7
62848.0  2.1  979.4  115.6  92.1  2.49  -0.68  -0.87  115.9
62849.0  2.1  979.8  115.6  92.1  2.47  -1.18  -0.83  115.7
62850.0  2.1  979.8  115.5  92.1  2.51  -0.96  -0.75  115.3
62851.0  2.0  980.0  115.5  92.1  2.45  -0.89  -0.80  115.4
62852.0  2.3  979.8  115.5  92.1  2.49  -1.28  -0.69  115.6
62853.0  2.0  979.8  115.4  92.1  2.34  -0.76  -0.73  115.8
62854.0  2.2  979.8  115.4  92.1  2.38  -0.45  -0.66  116.7
62855.0  2.1  979.9  115.3  92.2  2.18  -0.84  -1.20  117.6
62856.0  1.8  979.9  115.3  92.0  1.96  -1.37  -0.66  116.8
62857.0  1.7  979.9  115.3  91.9  1.84  -2.26  -0.42  116.7
62858.0  2.2  979.8  115.4  91.9  1.90  -1.53  -0.37  116.4
62859.0  1.8  979.3  115.4  92.0  1.60  -0.24  -0.56  117.1
62860.0  1.9  980.0  115.5  92.1  1.47  -0.42  -0.59  116.6
62861.0  2.0  979.4  115.6  92.1  1.32  -1.08  -0.46  116.7
62862.0  1.4  979.9  115.7  92.2  1.07  -0.12  0.45  116.8
62863.0  1.4  979.7  115.8  92.7  1.37  0.21  -0.12  116.6
62864.0  1.9  980.0  115.9  93.2  1.56  -0.47  -0.99  116.2
62865.0  1.9  979.8  116.0  93.2  1.60  -1.46  -1.23  116.0
62866.0  2.1  979.8  116.1  93.0  1.72  -1.96  -0.84  116.3
62867.0  1.9  979.6  116.1  92.9  1.64  -1.70  -0.44  117.2
62868.0  2.1  979.7  116.2  93.0  1.73  -1.59  -0.65  116.9
62869.0  2.0  979.7  116.3  93.0  1.65  -1.63  -1.17  116.9
62870.0  2.2  979.3  116.3  92.7  1.61  -2.02  -0.91  116.4
62871.0  2.0  979.9  116.4  92.5  1.65  -2.15  -1.10  116.7
62872.0  1.9  979.7  116.5  92.2  1.74  -1.84  -0.65  116.8
62873.0  1.8  980.1  116.5  92.1  1.80  -1.30  -0.36  116.3
62874.0  1.8  979.4  116.6  92.3  1.92  -1.32  -0.65  116.2
62875.0  2.1  979.7  116.6  92.3  2.15  -0.91  -0.88  116.1
62876.0  2.0  979.4  116.6  92.2  2.15  -1.16  -0.62  116.2
62877.0  2.3  979.6  116.6  92.3  2.23  -1.28  -0.84  115.9
62878.0  1.9  979.7  116.6  92.4  2.14  -1.11  -0.63  115.9
62879.0  2.0  979.3  116.6  92.4  2.23  -1.43  -0.72  115.8
62880.0  2.1  979.9  116.5  92.4  2.36  -1.24  -0.92  115.9
62881.0  2.1  979.5  116.5  92.3  2.35  -0.88  -0.55  116.4
62882.0  2.0  979.9  116.5  92.4  2.22  -1.25  -0.89  116.3
62883.0  2.1  979.6  116.5  92.3  2.24  -1.16  -0.70  116.0
62884.0  2.0  980.2  116.5  92.3  2.28  -0.82  -0.57  115.9
62885.0  1.9  979.9  116.4  92.4  2.28  -1.08  -0.71  116.0
62886.0  2.0  979.7  116.4  92.4  2.28  -2.00  -0.71  116.1
62887.0  2.0  979.1  116.4  92.4  2.32  -2.55  -0.93  116.2
62888.0  2.0  979.5  116.4  92.2  2.25  -2.76  -0.83  116.4
62889.0  1.9  979.7  116.4  92.1  2.19  -3.18  -0.63  116.6
62890.0  1.9  979.9  116.3  91.9  2.20  -3.98  -0.75  116.5
62891.0  2.0  979.8  116.3  91.7  2.24  -4.42  -0.80  116.3
62892.0  1.9  979.5  116.3  91.5  2.17  -4.60  -0.85  116.7
62893.0  1.9  980.0  116.3  91.1  2.17  -4.36  -0.92  117.2
62894.0  1.9  979.6  116.3  90.8  2.06  -4.52  -0.98  117.0
62895.0  1.5  979.7  116.3  90.4  1.49  -4.67  -0.81  117.7
62896.0  1.7  979.8  116.4  90.0  1.62  -4.39  -0.65  117.8
62897.0  1.6  979.8  116.5  89.7  1.36  -4.19  -0.57  117.7
62898.0  1.5  980.0  116.6  89.6  0.88  -3.36  -0.50  118.0
62899.0  1.5  980.2  116.7  89.5  0.50  -2.57  -0.61  118.2
62900.0  1.5  979.9  117.0  89.4  0.25  -2.09  -0.77  118.5
62901.0  1.6  979.9  117.2  89.3  0.25  -1.62  -0.65  118.6
62902.0  1.8  979.9  117.4  89.3  0.40  -1.84  -0.65  118.8
62903.0  1.9  979.8  117.7  89.3  0.65  -1.89  -0.66  118.7
62904.0  1.8  979.8  117.8  89.3  0.62  -1.74  -0.70  118.7
62905.0  1.6  980.1  117.9  89.4  0.46  -1.96  -0.78  118.7
62906.0  2.3  979.8  117.9  89.5  1.27  -1.18  -0.88  119.4
62907.0  2.3  979.8  117.9  89.6  1.88  -1.05  -1.06  119.5
62908.0  2.0  979.9  117.7  89.6  2.08  -1.30  -1.01  119.4
62909.0  2.5  979.8  117.5  89.6  2.94  -1.81  -0.88  119.2
62910.0  2.1  979.8  117.1  89.6  3.14  -1.92  -0.97  118.7
62911.0  1.5  980.0  116.8  89.6  2.48  -1.25  -1.02  118.4
62912.0  1.6  979.8  116.6  89.5  2.23  -1.07  -0.66  118.0
62913.0  1.7  980.0  116.4  89.6  2.02  -1.00  -0.96  118.4
62914.0  1.8  979.7  116.2  89.5  1.94  -0.60  -1.21  118.4
62915.0  1.6  980.1  116.1  89.3  1.77  -0.27  -0.98  118.4
62916.0  1.2  979.5  115.9  89.2  1.64  -0.09  -0.74  117.8
62917.0  2.2  980.0  115.8  89.3  2.04  0.46  -0.79  117.8
62918.0  1.8  979.8  115.7  89.4  1.68  0.54  -1.01  117.1
62919.0  1.8  980.1  115.6  89.4  1.55  0.13  -0.47  116.4
62920.0  1.7  980.2  115.6  89.6  1.63  -0.09  0.21  116.2
62921.0  2.3  980.1  115.6  90.2  1.89  -0.88  -0.25  116.8
62922.0  1.9  979.9  115.7  90.6  1.60  -0.35  -1.23  116.8
62923.0  2.1  980.3  115.8  90.6  1.75  0.51  -1.18  116.8
62924.0  2.1  980.2  115.8  90.5  1.84  0.14  -1.02  117.0
62925.0  2.0  980.0  115.9  90.4  1.70  -0.30  -0.80  117.1
62926.0  1.7  980.1  115.9  90.4  1.66  -0.07  -0.59  117.6
62927.0  2.2  980.1  116.0  90.4  1.97  0.12  -0.84  118.0
62928.0  2.1  979.9  116.0  90.3  1.68  -0.24  -0.76  118.6
62929.0  2.0  980.2  116.1  90.3  1.39  -1.14  -0.42  117.3
62930.0  1.9  980.3  116.2  90.4  1.17  -2.09  -0.24  117.3
62931.0  1.5  980.1  116.3  90.5  1.12  -1.05  -0.80  117.4
62932.0  1.4  980.3  116.3  90.5  1.54  -1.46  -0.44  117.3
62933.0  1.8  980.0  116.4  90.5  1.84  -2.57  -0.84  117.3
62934.0  1.9  979.9  116.4  90.4  1.88  -2.57  -0.79  117.4
62935.0  1.9  979.7  116.4  90.3  1.85  -1.71  -0.62  117.2
62936.0  1.9  979.8  116.4  90.3  1.88  -1.91  -0.63  116.8
62937.0  2.0  980.2  116.4  90.3  1.90  -1.00  -0.71  116.9
62938.0  2.0  980.0  116.4  90.3  1.96  -0.67  -0.88  116.8
62939.0  2.1  980.5  116.4  90.4  2.04  -1.14  -0.56  117.0
62940.0  1.8  980.4  116.3  90.5  2.04  -1.06  -0.98  117.1
62941.0  2.1  980.4  116.3  90.4  2.23  -0.64  -0.89  117.2
62942.0  2.0  979.9  116.2  90.3  2.16  -0.85  -0.49  116.6
62943.0  1.9  980.1  116.2  90.5  2.08  -0.85  -0.47  116.4
62944.0  2.2  980.3  116.2  90.6  2.08  -0.35  -0.53  116.8
62945.0  2.2  980.3  116.2  90.9  1.90  -0.35  -1.13  117.2
62946.0  2.0  980.6  116.2  90.8  1.71  -0.27  -0.92  117.5
62947.0  1.2  979.9  116.2  90.7  1.61  -0.44  -0.48  117.6
62948.0  1.7  980.4  116.2  90.9  2.09  -0.35  -0.56  117.0
62949.0  1.9  980.3  116.1  91.0  2.09  -0.14  -0.95  116.4
62950.0  2.3  979.7  116.1  91.1  2.07  -0.07  -0.37  117.7
62951.0  2.0  980.3  116.1  91.4  1.71  0.36  -0.62  117.4
62952.0  1.9  980.4  116.1  91.6  1.55  1.26  -1.12  117.1
62953.0  2.2  980.2  116.2  91.5  1.56  1.60  -0.69  116.7
62954.0  1.9  980.0  116.3  91.7  1.24  0.98  -0.44  116.5
62955.0  1.1  980.6  116.3  91.9  1.04  0.07  -0.87  117.7
62956.0  1.4  979.8  116.4  91.9  1.72  0.49  -0.92  117.5
62957.0  2.0  980.3  116.3  91.9  2.08  0.55  -0.36  117.4
62958.0  1.6  979.8  116.3  92.2  1.73  0.46  -0.67  117.1
62959.0  1.8  980.4  116.3  92.3  1.86  0.63  -0.89  117.6
62960.0  2.7  980.2  116.3  92.4  2.01  0.92  -0.61  117.9
62961.0  1.9  980.2  116.3  92.7  1.50  1.32  -0.74  117.6
62962.0  1.9  980.8  116.4  92.9  1.31  1.60  -0.94  118.1
62963.0  2.0  980.4  116.4  93.0  1.35  1.25  -0.95  118.3
62964.0  1.6  980.1  116.5  93.0  1.25  -0.04  -0.61  118.3
62965.0  2.0  980.3  116.6  93.1  1.42  -0.80  -0.07  117.9
62966.0  1.7  980.3  116.6  93.4  1.27  -0.86  -0.59  118.0
62967.0  2.1  980.2  116.7  93.5  1.28  -0.76  -0.76  119.7
62968.0  1.5  980.1  116.8  93.6  1.04  -0.49  -0.28  117.8
62969.0  1.4  979.8  116.9  93.9  1.18  -0.23  -0.84  117.5
62970.0  1.8  980.3  116.9  93.9  1.48  -0.37  -0.64  117.5
62971.0  1.8  979.9  117.0  94.1  1.39  -0.65  -0.85  118.1
62972.0  1.9  980.3  117.0  94.1  1.45  -0.45  -0.78  118.5
62973.0  1.7  980.0  117.1  94.1  1.43  -0.32  -0.73  118.2
62974.0  1.8  980.2  117.1  94.2  1.54  -0.41  -0.86  118.2
62975.0  1.7  980.5  117.1  94.2  1.70  -0.54  -0.91  117.9
62976.0  2.0  979.8  117.1  94.0  1.95  -1.05  -0.86  117.7
62977.0  1.9  980.4  117.1  93.9  1.95  -0.40  -0.54  117.8
62978.0  1.9  980.2  117.1  94.0  1.92  -0.16  -0.45  117.8
62979.0  1.9  980.5  117.0  94.1  1.95  -0.73  -0.60  118.0
62980.0  1.9  980.4  117.0  94.2  2.13  -1.72  -0.75  118.0
62981.0  2.0  980.4  116.9  94.1  2.18  -1.40  -0.56  117.9
62982.0  2.0  979.9  116.9  94.1  2.19  -0.46  -0.50  117.8
62983.0  1.9  979.9  116.8  94.3  2.12  -0.66  -0.62  117.6
62984.0  2.0  980.6  116.8  94.3  2.21  -0.99  -0.76  117.5
62985.0  1.9  980.2  116.7  94.3  2.20  -0.93  -0.73  117.4
62986.0  1.8  980.5  116.6  94.3  2.19  -1.51  -0.76  118.1
62987.0  1.9  979.9  116.5  94.3  2.30  -1.08  -0.83  118.1
62988.0  1.7  980.2  116.4  94.2  2.20  -1.30  -0.66  117.8
62989.0  1.8  980.1  116.4  94.1  2.22  -2.07  -0.67  117.8
62990.0  1.8  980.5  116.3  94.0  2.24  -1.97  -0.59  117.8
62991.0  1.8  980.2  116.2  93.9  2.23  -2.67  -0.62  117.9
62992.0  1.8  980.3  116.1  93.8  2.30  -2.95  -0.66  117.6
62993.0  1.8  980.1  116.0  93.7  2.29  -1.83  -0.69  117.7
62994.0  1.9  980.7  116.0  93.5  2.24  -2.82  -0.60  117.3
62995.0  1.8  980.0  115.9  93.4  2.15  -3.73  -0.64  117.2
62996.0  1.9  980.1  115.9  93.2  2.20  -3.63  -0.74  117.1
62997.0  1.9  980.5  115.8  93.0  2.16  -3.64  -0.65  116.8
62998.0  2.0  980.1  115.8  92.7  2.15  -3.86  -0.54  116.7
62999.0  1.9  980.5  115.8  92.6  2.11  -3.05  -0.63  117.0
63000.0  1.9  980.2  115.8  92.5  2.06  -1.80  -0.40  117.2
63001.0  1.8  980.2  115.7  92.5  2.06  -1.18  -0.52  117.2
63002.0  1.9  979.9  115.7  92.6  2.09  -0.44  -0.64  117.1
63003.0  1.8  980.2  115.7  92.7  1.97  -0.69  -0.65  117.2
63004.0  1.7  980.2  115.6  92.8  2.09  -1.19  -0.88  117.7
63005.0  1.9  980.2  115.6  92.7  2.28  -1.45  -0.86  117.3
63006.0  1.9  980.1  115.5  92.6  2.19  -1.05  -0.61  117.2
63007.0  1.8  980.4  115.4  92.6  2.05  -1.67  -0.65  117.3
63008.0  2.1  980.0  115.4  92.6  2.22  -1.38  -0.75  117.2
63009.0  1.8  980.5  115.3  92.6  2.05  -0.38  -0.66  117.3
63010.0  1.8  980.2  115.3  92.6  2.11  -0.83  -0.70  116.9
63011.0  1.9  980.1  115.3  92.6  2.19  -1.26  -0.66  116.7
63012.0  2.1  980.3  115.2  92.7  2.18  -0.61  -1.07  116.4
63013.0  1.9  980.4  115.2  92.5  2.11  -0.60  -1.01  115.8
63014.0  1.8  980.3  115.2  92.3  2.22  -1.87  -0.43  116.0
63015.0  1.9  980.2  115.1  92.3  2.26  -1.63  -0.40  116.3
63016.0  1.9  979.9  115.1  92.4  2.33  -0.52  -0.41  116.9
63017.0  2.1  980.5  115.0  92.6  2.42  -0.94  -0.98  116.1
63018.0  2.4  980.4  115.0  92.6  2.38  -1.17  -1.01  115.5
63019.0  1.9  979.8  114.9  92.4  2.06  -1.17  -0.67  115.9
63020.0  2.0  980.4  114.9  92.4  2.17  -1.64  -0.60  116.0
63021.0  2.1  980.2  114.9  92.4  2.19  -1.06  -1.10  115.7
63022.0  2.2  980.4  114.9  92.3  2.12  -0.90  -1.16  115.0
63023.0  2.0  980.1  114.9  92.1  1.92  -0.96  -1.18  115.0
63024.0  2.7  979.9  115.0  91.8  1.95  -0.10  -0.44  114.8
63025.0  1.4  980.3  115.0  91.8  1.33  -0.28  -0.01  115.2
63026.0  1.7  979.9  115.1  92.0  1.61  -1.45  -0.02  114.5
63027.0  1.7  979.8  115.2  92.3  1.85  -1.09  -0.93  115.2
63028.0  2.0  980.0  115.2  92.3  2.09  -0.97  -0.80  116.2
63029.0  1.8  980.2  115.2  92.2  2.10  -1.96  -0.67  116.3
63030.0  1.9  979.7  115.2  92.2  2.04  -2.81  -0.44  116.2
63031.0  1.8  980.3  115.2  92.2  2.05  -2.74  -0.64  116.4
63032.0  1.9  980.0  115.1  92.2  2.20  -2.51  -0.91  116.0
63033.0  2.1  980.0  115.1  92.0  2.34  -2.44  -0.78  115.6
63034.0  2.4  980.5  115.1  91.9  2.39  -3.08  -0.45  115.0
63035.0  2.1  980.1  115.1  91.9  2.15  -3.51  -0.92  115.2
63036.0  2.1  980.4  115.1  91.7  2.23  -3.68  -0.78  115.2
63037.0  2.1  980.0  115.1  91.5  2.34  -4.04  -0.89  115.0
63038.0  2.0  980.0  115.1  91.3  2.42  -3.65  -0.59  115.6
63039.0  2.1  980.4  115.0  91.1  2.45  -3.16  -0.77  115.2
63040.0  2.1  980.3  115.0  91.0  2.46  -2.58  -1.37  115.7
63041.0  2.4  979.9  114.9  90.5  2.52  -2.26  -0.84  115.3
63042.0  2.2  980.2  114.9  90.4  2.26  -1.35  -0.70  114.6
63043.0  1.8  980.2  114.9  90.4  2.00  -0.03  -0.30  114.3
63044.0  2.0  980.1  114.9  90.6  2.14  -0.40  -0.23  114.4
63045.0  2.1  980.2  114.9  90.9  2.19  -0.78  -0.88  115.1
63046.0  1.5  980.3  114.9  90.9  2.18  -0.54  -1.01  114.6
63047.0  1.9  980.6  114.9  90.7  2.58  -1.17  -0.16  115.2
63048.0  2.2  980.2  114.8  91.0  2.60  -1.09  -1.16  115.2
63049.0  2.5  980.3  114.7  90.8  2.56  -0.48  -1.10  114.6
63050.0  2.3  980.5  114.7  90.6  2.22  -0.36  -1.21  114.6
63051.0  2.3  980.0  114.7  90.5  2.01  -0.46  -0.50  116.0
63052.0  1.3  979.9  114.7  90.6  1.73  -1.21  -0.40  115.9
63053.0  2.4  979.9  114.8  90.6  2.25  -1.19  -0.05  115.6
63054.0  1.9  980.2  114.8  90.9  1.95  -1.06  -0.73  114.5
63055.0  2.1  980.6  114.8  91.0  1.93  -0.26  -1.46  113.7
63056.0  2.3  980.4  114.9  90.7  1.99  -0.61  -0.79  113.9
63057.0  2.7  980.3  114.9  90.7  1.83  -0.63  -0.64  115.1
63058.0  1.9  979.6  115.0  90.8  1.25  -0.49  -0.23  115.7
63059.0  1.3  979.8  115.2  90.9  1.23  -0.79  -1.06  116.3
63060.0  1.6  980.1  115.2  90.8  1.85  -0.73  -0.68  116.4
63061.0  2.0  979.9  115.2  90.8  2.04  -0.99  -0.56  116.7
63062.0  1.8  979.8  115.2  90.9  1.83  -1.46  0.32  117.1
63063.0  1.5  980.3  115.2  91.3  1.78  -1.67  -0.43  116.8
63064.0  2.2  980.2  115.2  91.4  2.25  -1.32  -0.83  116.4
63065.0  2.3  980.5  115.2  91.4  2.15  -1.15  -1.24  115.7
63066.0  1.8  980.2  115.2  91.2  1.91  -1.31  -0.95  115.6
63067.0  1.8  980.3  115.2  91.0  2.14  -1.28  -0.66  115.5
63068.0  2.3  980.2  115.1  91.0  2.41  -1.38  -0.34  115.4
63069.0  2.0  980.3  115.1  91.1  2.23  -1.11  -0.79  114.8
63070.0  2.3  980.2  115.1  91.0  2.35  -0.94  -0.25  114.9
63071.0  2.4  980.3  115.1  91.1  2.28  -1.56  -0.75  114.7
63072.0  2.7  979.7  115.1  91.0  2.14  -1.61  -0.66  115.5
63073.0  1.8  980.6  115.2  90.9  1.77  -1.08  -0.74  116.4
63074.0  1.4  980.1  115.2  90.8  1.87  -1.13  -0.62  116.0
63075.0  2.3  980.2  115.2  90.6  2.32  -1.02  -0.20  115.7
63076.0  2.0  980.3  115.2  90.7  2.06  -1.55  -0.56  115.6
63077.0  1.6  980.0  115.1  90.7  1.97  -0.96  -0.42  115.0
63078.0  1.9  980.3  115.1  90.7  2.21  -0.49  -0.33  115.1
63079.0  2.2  980.6  115.1  90.9  2.29  -0.10  -0.88  115.0
63080.0  2.4  980.2  115.1  90.9  2.19  -0.39  -0.59  114.4
63081.0  2.1  980.9  115.2  91.0  1.86  -0.95  -0.99  114.3
63082.0  1.4  979.9  115.2  90.9  1.81  -1.22  -0.25  115.1
63083.0  2.2  980.2  115.2  90.9  2.31  -0.97  -0.69  115.3
63084.0  2.1  980.3  115.2  90.9  2.30  -0.79  -0.42  115.2
63085.0  2.0  980.1  115.2  91.0  2.19  -0.71  -1.07  114.6
63086.0  2.1  980.3  115.2  90.8  2.27  -0.63  -0.45  114.7
63087.0  2.1  980.3  115.2  90.9  2.33  -0.85  -0.43  114.8
63088.0  2.3  980.3  115.1  91.0  2.31  -0.68  -0.34  115.1
63089.0  2.0  980.4  115.1  91.1  2.22  -0.31  -0.80  115.8
63090.0  2.1  980.2  115.1  91.1  2.24  0.27  -0.80  114.2
63091.0  2.3  980.0  115.1  91.1  2.27  0.38  -0.86  114.1
63092.0  2.0  980.0  115.1  91.1  2.09  0.15  -0.67  115.3
63093.0  1.8  980.7  115.1  91.1  2.11  0.05  -0.34  115.5
63094.0  2.0  980.4  115.1  91.3  2.20  0.46  -0.20  114.9
