flight/WP3D/AircraftMet_NP3_20130612_RA.ict
43  1001
Ken Aikin
NOAA ESRL Chemical Sciences Division
various aircraft sensors
SENEX 2013
1  1
2013  06  12  2013  06  12
1
AOCTimewave
10
1  1  1  1  1  1  1  1  1  1
-9999  -9999  -9999  -9999  -9999  -9999  -9999  -9999  -9999  -9999
AmbTemp  C
DewPtTemp  C
DewPtTempTDL  C
H2Omr  g/kg
PotTemp  K
RelHumidity  pct
StaticPrs  mbar
VertWindSpd  m/s
WindDir  deg
WindSpd  m/s
1
SPECIAL COMMENTS:Atlanta flight.
18
PI_CONTACT_INFO: Address: NOAA ESRL Chemical Sciences Division  Mail Stop R/CSD7  325 Broadway  Boulder  CO 80305
PLATFORM: NOAA WP-3D
LOCATION: The aircraft was stationed in  Smyrna  Tennessee. Aircraft location information in AircraftPosition file.
ASSOCIATED_DATA: N/A
INSTRUMENT_INFO: N/A
DATA_INFO: Units:AmbTemp celcius; DewPtTemp celcius; DewPtTempTDL celcius; H2Omr g/kg; PotTemp kelvin; RelHumidity percent; StaticPrs millibar; VertWindSpd m/s; WindDir degrees; WindSpd m/s
UNCERTAINTY: N/A
ULOD_FLAG: -7777
ULOD_VALUE: N/A
LLOD_FLAG: -8888
LLOD_VALUE: N/A
DM_CONTACT_INFO: Data Manager:Ken Aikin; email:Kenneth.C.Aikin@noaa.gov
PROJECT_INFO: SENEX 2013 Study; June 1 - July 15  2013
STIPULATIONS_ON_USE: Use of these data require prior ok from PI.
OTHER_COMMENTS:       None
REVISION: RA
RA: Preliminary Data.  For in-field use.
AOCTimewave  AmbTemp  DewPtTemp  DewPtTempTDL  H2Omr  PotTemp  RelHumidity  StaticPrs  VertWindSpd  WindDir  WindSpd
[from data line 14436]
67734.0  26.420  21.710  -40.800  17.86  305.82  74.66  930.09  0.82  302.79  5.43
67735.0  26.370  21.770  -40.800  17.92  305.79  75.13  929.97  0.47  309.53  3.74
67736.0  26.510  21.790  -40.800  17.95  305.92  74.61  930.04  0.21  315.51  4.01
67737.0  26.620  21.780  -40.800  17.93  306.02  74.06  930.21  -0.81  303.49  3.96
67738.0  26.590  21.750  -40.800  17.89  305.97  74.04  930.40  -0.73  298.09  4.00
67739.0  26.580  21.690  -40.800  17.82  305.95  73.82  930.45  -0.63  303.68  3.51
67740.0  26.550  21.650  -40.800  17.78  305.93  73.78  930.34  -0.67  309.62  3.28
67741.0  26.510  21.640  -40.800  17.77  305.88  73.89  930.44  0.87  305.00  3.02
67742.0  26.480  21.610  -40.800  17.74  305.84  73.93  930.54  1.77  291.80  3.31
67743.0  26.370  21.670  -40.800  17.80  305.75  74.71  930.31  1.48  290.97  2.57
67744.0  26.410  21.750  -40.800  17.89  305.79  74.89  930.31  0.54  296.70  2.78
67745.0  26.370  21.820  -40.800  17.97  305.76  75.39  930.20  0.23  298.03  2.77
67746.0  26.450  21.860  -40.800  18.01  305.84  75.17  930.30  0.29  314.20  2.89
67747.0  26.340  21.850  -40.800  18.01  305.71  75.68  930.43  -0.42  314.23  2.56
67748.0  26.330  21.850  -40.800  18.00  305.70  75.72  930.47  -1.59  293.14  2.76
67749.0  26.340  21.810  -40.800  17.95  305.70  75.46  930.59  -1.04  281.87  1.79
67750.0  26.440  21.810  -40.800  17.95  305.78  75.03  930.70  -1.24  279.51  1.80
67751.0  26.420  21.800  -40.800  17.93  305.76  75.05  930.78  -1.55  267.99  2.46
67752.0  26.540  21.750  -40.800  17.88  305.87  74.27  930.91  -0.65  283.94  2.98
67753.0  26.470  21.700  -40.800  17.82  305.80  74.36  930.88  -0.44  268.48  3.43
67754.0  26.530  21.720  -40.800  17.84  305.85  74.17  930.96  -0.53  262.01  3.71
67755.0  26.570  21.760  -40.800  17.89  305.91  74.19  930.85  -0.40  269.12  3.27
67756.0  26.530  21.770  -40.800  17.91  305.89  74.42  930.65  -0.11  267.59  4.00
67757.0  26.570  21.760  -40.800  17.89  305.92  74.18  930.72  -0.17  279.32  3.49
67758.0  26.550  21.760  -40.800  17.90  305.91  74.26  930.57  0.16  279.92  2.60
67759.0  26.540  21.750  -40.800  17.89  305.91  74.28  930.42  0.25  284.50  3.73
67760.0  26.530  21.710  -40.800  17.85  305.92  74.14  930.34  1.30  286.18  4.55
67761.0  26.510  21.710  -40.800  17.85  305.90  74.21  930.25  1.15  301.92  2.57
67762.0  26.460  21.700  -40.800  17.84  305.85  74.43  930.26  0.58  311.73  2.64
67763.0  26.410  21.730  -40.800  17.88  305.81  74.79  930.14  0.90  298.12  2.82
67764.0  26.480  21.750  -40.800  17.89  305.89  74.53  930.07  1.01  292.55  3.22
67765.0  26.540  21.790  -40.800  17.95  305.95  74.49  929.98  1.32  302.36  4.74
67766.0  26.390  21.800  -40.800  17.95  305.82  75.17  929.83  0.02  298.28  3.17
67767.0  26.470  21.830  -40.800  17.99  305.89  74.97  929.94  0.26  304.41  3.11
67768.0  26.330  21.870  -40.800  18.03  305.74  75.80  930.00  -0.04  287.78  3.26
67769.0  26.360  21.910  -40.800  18.08  305.76  75.88  930.07  0.23  290.11  3.08
67770.0  26.430  21.950  -40.800  18.12  305.82  75.71  930.20  0.92  294.34  4.06
67771.0  26.360  22.000  -40.800  18.18  305.75  76.31  930.20  0.20  295.31  3.02
67772.0  26.470  22.020  -40.800  18.20  305.86  75.86  930.26  1.22  318.22  2.92
67773.0  26.500  22.030  -40.800  18.21  305.89  75.81  930.18  1.22  339.05  2.47
67774.0  26.420  22.060  -40.800  18.25  305.80  76.32  930.24  1.60  311.22  3.52
67775.0  26.400  22.070  -40.800  18.26  305.79  76.45  930.16  1.18  282.14  4.58
67776.0  26.320  22.070  -40.800  18.27  305.73  76.82  930.05  -0.08  282.18  3.93
67777.0  26.400  22.080  -40.800  18.27  305.80  76.50  930.11  0.91  278.55  3.69
67778.0  26.430  22.090  -40.800  18.28  305.83  76.37  930.14  0.93  285.43  4.69
67779.0  26.470  22.050  -40.800  18.23  305.86  75.99  930.26  -0.28  293.68  4.67
67780.0  26.440  22.010  -40.800  18.18  305.82  75.93  930.34  1.16  298.25  4.45
67781.0  26.450  21.960  -40.800  18.14  305.86  75.68  930.08  1.21  287.34  2.34
67782.0  26.410  21.940  -40.800  18.11  305.79  75.79  930.30  1.76  282.97  2.25
67783.0  26.540  21.910  -40.800  18.07  305.93  75.01  930.30  1.91  274.34  2.06
67784.0  26.650  21.910  -40.800  18.08  306.05  74.54  930.07  2.00  285.26  2.31
67785.0  26.720  21.910  -40.800  18.08  306.14  74.21  929.98  2.24  289.00  4.07
67786.0  26.650  21.920  -40.800  18.08  306.06  74.57  930.06  0.80  318.20  3.04
67787.0  26.570  21.910  -40.800  18.07  305.96  74.87  930.27  0.49  326.54  3.38
67788.0  26.530  21.890  -40.800  18.05  305.92  75.00  930.22  -0.79  317.55  4.81
67789.0  26.470  21.870  -40.800  18.02  305.85  75.13  930.36  -0.65  310.31  5.19
67790.0  26.390  21.840  -40.800  17.99  305.76  75.35  930.45  -0.74  301.15  5.23
67791.0  26.670  21.810  -40.800  17.96  306.03  73.99  930.64  -0.28  314.15  5.12
67792.0  26.560  21.740  -40.800  17.87  305.91  74.10  930.73  -0.12  320.49  4.62
67793.0  26.560  21.680  -40.800  17.80  305.89  73.88  930.91  0.00  318.34  4.08
67794.0  26.540  21.640  -40.800  17.76  305.87  73.78  930.92  0.46  318.94  4.17
67795.0  26.570  21.640  -40.800  17.75  305.90  73.62  930.91  0.22  324.21  4.08
67796.0  26.610  21.610  -40.800  17.73  305.94  73.34  930.88  0.40  325.15  3.85
67797.0  26.670  21.540  -40.800  17.65  306.02  72.72  930.73  0.51  331.68  3.56
67798.0  26.670  21.460  -40.800  17.56  306.03  72.37  930.60  0.52  330.80  4.18
67799.0  26.600  21.350  -40.800  17.44  305.97  72.16  930.58  -0.04  335.24  4.17
67800.0  26.680  21.300  -40.800  17.39  306.04  71.61  930.65  -0.10  332.08  4.64
67801.0  26.490  21.260  -40.800  17.35  305.85  72.27  930.59  0.07  327.20  3.72
67802.0  26.530  21.210  -40.800  17.29  305.89  71.84  930.67  -0.14  325.49  4.39
67803.0  26.400  21.160  -40.800  17.23  305.74  72.20  930.76  -0.08  324.32  3.93
67804.0  26.380  21.180  -40.800  17.26  305.73  72.37  930.65  -0.55  318.48  3.13
67805.0  26.460  21.160  -40.800  17.23  305.80  71.92  930.80  -0.77  315.68  3.39
67806.0  26.520  21.090  -40.800  17.15  305.86  71.34  930.81  -1.07  325.78  4.00
67807.0  26.400  21.040  -40.800  17.10  305.74  71.63  930.77  -1.31  315.61  3.51
67808.0  26.460  21.080  -40.800  17.14  305.81  71.53  930.77  -1.34  320.21  3.45
67809.0  26.520  21.070  -40.800  17.14  305.87  71.27  930.73  -0.89  315.46  3.26
67810.0  26.410  21.020  -40.800  17.08  305.75  71.50  930.72  -1.06  304.94  4.06
67811.0  26.410  21.020  -40.800  17.08  305.77  71.49  930.56  -1.32  303.62  4.09
67812.0  26.350  21.080  -40.800  17.14  305.72  72.02  930.43  -1.63  304.21  2.90
67813.0  26.450  21.110  -40.800  17.18  305.81  71.72  930.57  -1.46  306.95  3.54
67814.0  26.420  21.140  -40.800  17.21  305.77  71.99  930.69  -1.63  299.55  4.29
67815.0  26.450  21.200  -40.800  17.27  305.81  72.14  930.58  -0.53  299.47  4.95
67816.0  26.400  21.210  -40.800  17.29  305.77  72.41  930.44  -1.46  307.41  3.78
67817.0  26.370  21.230  -40.800  17.31  305.73  72.66  930.48  -2.07  309.38  3.32
67818.0  26.350  21.280  -40.800  17.36  305.71  72.93  930.61  -1.84  306.86  3.74
67819.0  26.460  21.290  -40.800  17.38  305.82  72.54  930.50  -1.54  314.60  3.68
67820.0  26.380  21.260  -40.800  17.35  305.74  72.73  930.62  -1.59  322.75  3.45
67821.0  26.390  21.270  -40.800  17.35  305.75  72.72  930.60  -2.03  324.95  3.26
67822.0  26.460  21.340  -40.800  17.42  305.80  72.70  930.79  -2.13  330.03  4.09
67823.0  26.460  21.350  -40.800  17.43  305.79  72.78  930.82  -1.12  322.30  5.16
67824.0  26.400  21.350  -40.800  17.44  305.74  73.04  930.77  -1.28  322.56  5.01
67825.0  26.370  21.390  -40.800  17.48  305.71  73.38  930.75  -0.67  321.51  4.84
67826.0  26.330  21.440  -40.800  17.54  305.68  73.79  930.69  -0.39  318.36  5.22
67827.0  26.310  21.490  -40.800  17.59  305.67  74.11  930.49  -0.62  317.50  4.95
67828.0  26.320  21.470  -40.800  17.57  305.69  73.95  930.48  -0.43  317.36  4.73
67829.0  26.250  21.480  -40.800  17.58  305.61  74.34  930.51  -0.31  302.28  3.76
67830.0  26.300  21.520  -40.800  17.63  305.66  74.29  930.55  -0.35  301.48  3.64
67831.0  26.330  21.500  -40.800  17.61  305.70  74.06  930.48  -0.54  301.11  3.92
67832.0  26.340  21.530  -40.800  17.64  305.72  74.14  930.33  -0.63  306.77  3.70
67833.0  26.340  21.530  -40.800  17.64  305.71  74.14  930.48  -0.50  312.26  3.38
67834.0  26.410  21.510  -40.800  17.62  305.77  73.76  930.45  -0.03  317.74  3.94
67835.0  26.380  21.510  -40.800  17.62  305.76  73.88  930.38  -0.35  321.72  3.63
67836.0  26.350  21.510  -40.800  17.62  305.74  74.00  930.29  -0.63  311.51  4.10
67837.0  26.350  21.510  -40.800  17.63  305.74  74.04  930.26  -0.16  304.65  4.76
67838.0  26.340  21.490  -40.800  17.61  305.73  74.00  930.14  0.23  308.27  3.90
67839.0  26.300  21.470  -40.800  17.59  305.70  74.07  930.08  0.04  302.03  4.02
67840.0  26.280  21.450  -40.800  17.57  305.68  74.07  930.06  -0.37  295.08  4.15
67841.0  26.300  21.430  -40.800  17.54  305.70  73.90  930.01  -0.49  293.71  4.25
67842.0  26.230  21.430  -40.800  17.54  305.62  74.23  930.18  -0.88  295.92  3.58
67843.0  26.290  21.400  -40.800  17.50  305.67  73.78  930.35  -0.60  303.04  3.72
67844.0  26.230  21.380  -40.800  17.48  305.60  73.98  930.33  -0.72  299.42  3.85
67845.0  26.240  21.360  -40.800  17.45  305.60  73.83  930.43  -0.96  304.47  3.70
67846.0  26.300  21.360  -40.800  17.45  305.68  73.52  930.39  -1.02  303.39  4.18
67847.0  26.240  21.350  -40.800  17.45  305.61  73.76  930.41  -0.80  300.71  3.95
67848.0  26.280  21.330  -40.800  17.42  305.64  73.47  930.50  -0.50  302.73  3.73
67849.0  26.230  21.310  -40.800  17.40  305.60  73.64  930.46  -0.64  301.30  4.35
67850.0  26.290  21.330  -40.800  17.42  305.66  73.42  930.49  -0.97  293.81  4.84
67851.0  26.460  21.300  -40.800  17.39  305.81  72.58  930.62  -1.26  297.56  4.93
67852.0  26.480  21.270  -40.800  17.35  305.84  72.33  930.61  -0.95  294.35  4.68
67853.0  26.530  21.190  -40.800  17.27  305.89  71.78  930.58  -0.63  294.21  4.42
67854.0  26.550  21.140  -40.800  17.21  305.90  71.46  930.67  -0.89  306.32  4.73
67855.0  26.560  21.130  -40.800  17.19  305.91  71.32  930.75  -0.75  301.42  4.56
67856.0  26.600  21.130  -40.800  17.19  305.94  71.13  930.83  -0.92  302.51  4.30
67857.0  26.610  21.090  -40.800  17.15  305.95  70.95  930.83  -0.92  299.90  4.73
67858.0  26.560  20.990  -40.800  17.05  305.92  70.71  930.65  -1.30  307.04  4.64
67859.0  26.600  20.920  -40.800  16.98  305.96  70.24  930.62  -1.31  306.60  4.59
67860.0  26.570  20.910  -40.800  16.96  305.92  70.30  930.70  -1.63  313.31  3.89
67861.0  26.650  20.930  -40.800  16.98  305.99  70.07  930.73  -0.99  315.32  4.05
67862.0  26.620  20.870  -40.800  16.92  305.98  69.91  930.66  -1.23  310.51  4.25
67863.0  26.570  20.810  -40.800  16.85  305.90  69.88  930.82  -0.66  309.36  3.44
67864.0  26.490  20.710  -40.800  16.75  305.83  69.80  930.69  -0.30  310.95  3.26
67865.0  26.480  20.640  -40.800  16.67  305.83  69.49  930.65  -0.25  292.42  3.71
67866.0  26.440  20.630  -40.800  16.67  305.81  69.62  930.47  -1.19  286.85  3.97
67867.0  26.470  20.660  -40.800  16.70  305.84  69.65  930.43  -1.19  294.32  3.41
67868.0  26.380  20.650  -40.800  16.69  305.75  69.98  930.49  0.02  290.26  2.99
67869.0  26.360  20.650  -40.800  16.70  305.74  70.08  930.36  0.14  296.74  3.12
67870.0  26.300  20.730  -40.800  16.78  305.69  70.68  930.17  -0.05  295.32  2.83
67871.0  26.410  20.830  -40.800  16.88  305.80  70.66  930.21  0.10  313.13  4.13
67872.0  26.270  20.890  -40.800  16.95  305.68  71.53  930.03  0.19  299.06  3.92
67873.0  26.270  20.950  -40.800  17.01  305.68  71.78  930.06  0.46  302.22  4.27
67874.0  26.220  21.070  -40.800  17.15  305.63  72.58  929.99  -0.53  296.41  4.19
67875.0  26.180  21.190  -40.800  17.28  305.58  73.31  930.09  -0.67  290.40  4.05
67876.0  26.250  21.200  -40.800  17.29  305.66  73.06  930.01  -1.11  294.62  3.72
67877.0  26.230  21.200  -40.800  17.29  305.61  73.16  930.28  -1.03  293.64  4.60
67878.0  26.260  21.240  -40.800  17.33  305.64  73.17  930.35  -0.73  296.31  3.88
67879.0  26.220  21.360  -40.800  17.46  305.58  73.94  930.47  -0.02  292.61  3.21
67880.0  26.310  21.490  -40.800  17.60  305.67  74.13  930.53  0.35  295.53  3.71
67881.0  26.280  21.570  -40.800  17.68  305.64  74.60  930.52  1.07  295.88  4.32
67882.0  26.250  21.560  -40.800  17.68  305.61  74.75  930.51  1.31  285.83  4.61
67883.0  26.170  21.570  -40.800  17.69  305.54  75.16  930.34  1.36  279.00  3.65
67884.0  26.270  21.640  -40.800  17.78  305.67  75.02  930.12  1.42  280.63  3.91
67885.0  26.360  21.710  -40.800  17.85  305.76  74.93  930.02  1.89  305.69  3.39
67886.0  26.280  21.710  -40.800  17.86  305.69  75.31  929.98  1.48  310.12  2.86
67887.0  26.250  21.650  -40.800  17.79  305.67  75.14  929.91  0.41  300.46  3.41
67888.0  26.270  21.640  -40.800  17.78  305.68  75.02  929.99  0.80  298.10  5.02
67889.0  26.200  21.680  -40.800  17.81  305.61  75.48  929.98  0.44  300.26  4.48
67890.0  26.160  21.680  -40.800  17.82  305.57  75.66  930.01  -0.36  290.60  3.63
67891.0  26.310  21.670  -40.800  17.81  305.70  74.98  930.21  -1.53  301.24  4.10
67892.0  26.200  21.650  -40.800  17.78  305.58  75.33  930.30  -0.30  288.58  4.18
67893.0  26.320  21.630  -40.800  17.75  305.70  74.70  930.34  -0.01  293.95  4.37
67894.0  26.200  21.640  -40.800  17.77  305.57  75.35  930.40  0.43  303.71  2.58
67895.0  26.180  21.650  -40.800  17.78  305.54  75.49  930.46  0.37  283.57  2.28
67896.0  26.120  21.660  -40.800  17.78  305.47  75.80  930.56  1.62  266.60  3.78
67897.0  26.280  21.640  -40.800  17.77  305.66  74.95  930.32  2.16  281.34  4.63
67898.0  26.360  21.670  -40.800  17.80  305.74  74.75  930.27  1.81  281.20  4.13
67899.0  26.330  21.690  -40.800  17.83  305.73  74.94  930.12  1.56  289.44  3.41
67900.0  26.320  21.690  -40.800  17.82  305.73  74.97  930.06  1.73  290.78  2.69
67901.0  26.290  21.690  -40.800  17.83  305.70  75.14  929.97  1.58  301.80  1.26
67902.0  26.340  21.690  -40.800  17.83  305.74  74.93  930.13  1.64  316.82  1.49
67903.0  26.400  21.710  -40.800  17.84  305.79  74.70  930.24  1.47  300.33  2.72
67904.0  26.440  21.700  -40.800  17.84  305.85  74.50  930.05  1.46  301.60  3.32
67905.0  26.370  21.690  -40.800  17.83  305.77  74.76  930.13  0.93  297.49  4.35
67906.0  26.390  21.710  -40.800  17.85  305.76  74.79  930.41  1.39  300.16  4.64
67907.0  26.420  21.700  -40.800  17.83  305.78  74.57  930.51  1.11  308.39  5.36
67908.0  26.210  21.740  -40.800  17.88  305.59  75.74  930.26  1.81  300.64  3.69
67909.0  26.260  21.750  -40.800  17.90  305.66  75.58  930.06  1.98  286.13  3.27
67910.0  26.270  21.750  -40.800  17.90  305.70  75.48  929.81  0.35  280.10  3.73
67911.0  26.350  21.730  -40.800  17.87  305.75  75.03  930.08  -0.43  293.55  5.34
67912.0  26.310  21.730  -40.800  17.87  305.71  75.23  930.12  0.02  293.68  3.69
67913.0  26.210  21.710  -40.800  17.85  305.61  75.57  930.16  -0.75  286.84  3.26
67914.0  26.240  21.680  -40.800  17.81  305.61  75.32  930.37  -0.87  286.63  3.78
67915.0  26.340  21.660  -40.800  17.78  305.71  74.74  930.51  -1.36  291.95  3.94
67916.0  26.360  21.640  -40.800  17.76  305.71  74.58  930.67  -1.49  300.18  4.46
67917.0  26.380  21.620  -40.800  17.73  305.70  74.41  930.94  -0.79  300.73  4.63
67918.0  26.350  21.600  -40.800  17.71  305.66  74.45  931.06  0.96  301.88  4.05
67919.0  26.400  21.550  -40.800  17.66  305.71  74.01  931.04  1.11  297.56  5.25
67920.0  26.350  21.530  -40.800  17.63  305.68  74.11  930.86  0.31  293.22  4.15
67921.0  26.400  21.520  -40.800  17.62  305.73  73.86  930.82  1.98  295.29  3.42
67922.0  26.380  21.480  -40.800  17.58  305.72  73.76  930.68  1.82  293.50  2.58
67923.0  26.460  21.470  -40.800  17.58  305.83  73.37  930.45  2.44  300.05  2.62
67924.0  26.350  21.440  -40.800  17.55  305.74  73.70  930.20  2.03  288.35  2.57
