flight/WP3D/AircraftPos_NP3_20130531_RA.ict
38  1001
Ken Aikin
NOAA ESRL Chemical Sciences Division
various aircraft sensors
SENEX 2013
1  1
2013  05  31  2013  05  31
1
AOCTimewave
5
1  1  1  1  1 
-9999  -9999  -9999  -9999  -9999
GpsLat  deg
GpsLon  deg
GpsAlt  m
PAlt  m
RAlt  m
1
SPECIAL COMMENTS:2nd test flight from Tampa.
18
PI_CONTACT_INFO: Address: NOAA ESRL Chemical Sciences Division  Mail Stop R/CSD7  325 Broadway  Boulder  CO 80305
PLATFORM: NOAA WP-3D
LOCATION: The aircraft was stationed in Smyrna  Tennessee. Aircraft location information in AircraftPosition file.
ASSOCIATED_DATA: N/A
INSTRUMENT_INFO: N/A
DATA_INFO: Units:GpsLat:decimal degrees; GpsLon: decimal degrees; GpsAlt: meters; PAlt:meters; RAlt: meters.
UNCERTAINTY: N/A
ULOD_FLAG: -7777
ULOD_VALUE: N/A
LLOD_FLAG: -8888
LLOD_VALUE: N/A
DM_CONTACT_INFO: Data Manager:Ken Aikin; email:Kenneth.C.Aikin@noaa.gov
PROJECT_INFO: SENEX 2013 Study; June 1 - July 15  2013
STIPULATIONS_ON_USE: Use of these data require prior ok from PI.
OTHER_COMMENTS:       None
REVISION: RA
RA: Preliminary Data.  For in-field use.
AOCTimewave  GpsLat  GpsLon  GpsAlt  PAlt  RAlt
[from data line 5528]
56600.0  30.1675   -82.2814    496.9    378.3    459.1
56601.0  30.1665   -82.2814    497.9    380.5    450.1
56602.0  30.1655   -82.2814    498.7    381.7    456.6
56603.0  30.1645   -82.2814    499.5    381.4    459.5
56604.0  30.1635   -82.2814    498.8    379.8    462.8
56605.0  30.1625   -82.2814    498.7    380.5    463.4
56606.0  30.1615   -82.2814    498.7    379.8    462.2
56607.0  30.1605   -82.2814    498.2    379.6    457.8
56608.0  30.1595   -82.2814    497.5    380.5    456.4
56609.0  30.1584   -82.2814    498.7    381.3    458.4
56610.0  30.1574   -82.2813    497.6    381.1    454.1
56611.0  30.1564   -82.2813    498.4    381.3    451.5
56612.0  30.1554   -82.2813    498.7    380.7    455.8
56613.0  30.1544   -82.2813    499.7    382.5    456.3
56614.0  30.1534   -82.2813    501.0    383.1    459.3
56615.0  30.1524   -82.2813    501.9    384.0    459.0
56616.0  30.1514   -82.2813    503.3    383.5    464.2
56617.0  30.1504   -82.2813    503.5    386.2    460.4
56618.0  30.1494   -82.2813    503.3    386.5    461.3
56619.0  30.1484   -82.2813    502.3    385.9    459.7
56620.0  30.1474   -82.2812    502.3    385.5    456.2
56621.0  30.1464   -82.2812    501.1    384.3    459.9
56622.0  30.1454   -82.2812    501.1    384.4    457.4
56623.0  30.1444   -82.2812    501.1    385.5    464.1
56624.0  30.1434   -82.2812    501.1    385.3    459.6
56625.0  30.1424   -82.2812    501.4    385.5    465.6
56626.0  30.1414   -82.2812    502.3    384.9    459.4
56627.0  30.1404   -82.2812    502.5    386.5    464.7
56628.0  30.1394   -82.2812    503.5    386.1    463.3
56629.0  30.1384   -82.2812    503.0    384.9    464.1
56630.0  30.1374   -82.2812    502.3    384.8    460.5
56631.0  30.1364   -82.2812    501.2    384.0    468.2
56632.0  30.1353   -82.2812    500.4    383.0    462.2
56633.0  30.1343   -82.2812    499.9    382.2    456.3
56634.0  30.1333   -82.2812    499.6    381.8    456.8
56635.0  30.1323   -82.2812    498.7    381.4    462.1
56636.0  30.1313   -82.2812    499.6    381.8    460.3
56637.0  30.1303   -82.2812    500.4    383.0    456.8
56638.0  30.1293   -82.2812    500.0    384.8    455.4
56639.0  30.1283   -82.2812    499.9    384.8    458.2
56640.0  30.1273   -82.2812    501.0    384.3    458.2
56641.0  30.1263   -82.2812    501.1    382.6    460.1
56642.0  30.1253   -82.2812    500.4    382.2    468.8
56643.0  30.1243   -82.2812    499.9    381.9    463.1
56644.0  30.1233   -82.2812    499.9    382.4    462.6
56645.0  30.1223   -82.2812    499.9    381.4    461.7
56646.0  30.1213   -82.2812    499.9    381.1    456.0
56647.0  30.1203   -82.2812    499.9    381.1    458.5
56648.0  30.1193   -82.2812    499.9    383.2    460.5
56649.0  30.1183   -82.2812    499.5    382.5    462.0
56650.0  30.1172   -82.2812    498.7    382.4    455.8
56651.0  30.1162   -82.2812    498.7    382.3    465.0
56652.0  30.1152   -82.2812    498.7    382.0    458.3
56653.0  30.1142   -82.2812    499.9    381.7    460.3
56654.0  30.1132   -82.2812    499.9    382.1    461.4
56655.0  30.1122   -82.2812    499.9    381.7    461.6
56656.0  30.1112   -82.2812    499.9    382.9    454.4
56657.0  30.1102   -82.2812    499.9    383.0    455.1
56658.0  30.1092   -82.2812    499.9    382.8    457.7
56659.0  30.1082   -82.2813    499.9    383.6    458.5
56660.0  30.1072   -82.2813    500.6    383.7    458.6
56661.0  30.1062   -82.2813    500.7    382.0    456.6
56662.0  30.1052   -82.2813    499.9    382.5    460.1
56663.0  30.1042   -82.2813    499.9    382.7    458.1
56664.0  30.1032   -82.2813    499.9    383.0    459.7
56665.0  30.1022   -82.2813    499.9    383.0    457.8
56666.0  30.1012   -82.2813    499.3    383.1    456.8
56667.0  30.1002   -82.2814    499.0    380.9    457.2
56668.0  30.0992   -82.2814    499.9    380.4    457.0
56669.0  30.0982   -82.2814    500.8    382.7    457.1
56670.0  30.0971   -82.2814    502.6    385.1    456.1
56671.0  30.0961   -82.2814    504.1    385.6    462.0
56672.0  30.0951   -82.2814    504.7    386.3    467.6
56673.0  30.0941   -82.2814    504.6    386.9    459.9
56674.0  30.0931   -82.2814    503.5    386.9    460.1
56675.0  30.0921   -82.2814    502.9    386.8    456.8
56676.0  30.0911   -82.2814    502.3    385.7    457.8
56677.0  30.0901   -82.2814    501.1    384.0    459.4
56678.0  30.0891   -82.2815    499.9    382.8    459.4
56679.0  30.0881   -82.2815    499.2    382.6    459.4
56680.0  30.0871   -82.2815    498.7    381.9    456.3
56681.0  30.0861   -82.2815    498.7    381.6    459.4
56682.0  30.0850   -82.2815    499.8    380.8    458.5
56683.0  30.0840   -82.2815    500.2    382.3    458.9
56684.0  30.0830   -82.2815    501.1    382.9    458.3
56685.0  30.0820   -82.2815    501.6    383.0    459.0
56686.0  30.0810   -82.2815    502.0    385.0    458.2
56687.0  30.0800   -82.2815    501.1    386.0    464.9
56688.0  30.0790   -82.2816    501.1    384.7    458.3
56689.0  30.0779   -82.2816    501.1    382.9    458.2
56690.0  30.0769   -82.2816    501.1    384.3    457.3
56691.0  30.0759   -82.2816    500.1    384.7    458.6
56692.0  30.0749   -82.2816    499.9    384.1    457.3
56693.0  30.0739   -82.2816    499.9    383.2    459.7
56694.0  30.0729   -82.2816    499.9    382.7    461.4
56695.0  30.0719   -82.2816    499.9    381.5    451.7
56696.0  30.0708   -82.2816    499.9    381.9    455.3
56697.0  30.0698   -82.2816    499.9    383.2    461.9
56698.0  30.0688   -82.2816    499.9    382.4    454.1
56699.0  30.0678   -82.2816    499.9    383.6    456.1
56700.0  30.0668   -82.2817    499.4    382.3    456.6
56701.0  30.0658   -82.2817    498.7    382.7    454.5
56702.0  30.0648   -82.2817    498.7    382.7    457.6
56703.0  30.0638   -82.2817    498.7    381.9    456.9
56704.0  30.0628   -82.2817    498.7    381.7    457.4
56705.0  30.0617   -82.2817    498.7    381.5    459.1
56706.0  30.0607   -82.2817    498.7    381.5    453.9
56707.0  30.0597   -82.2818    498.7    381.9    455.2
56708.0  30.0587   -82.2818    499.9    381.8    458.4
56709.0  30.0577   -82.2818    499.9    383.0    458.2
56710.0  30.0567   -82.2818    500.6    383.4    459.1
56711.0  30.0557   -82.2818    499.9    382.9    460.7
56712.0  30.0547   -82.2818    498.9    382.3    458.9
56713.0  30.0537   -82.2818    498.7    383.1    453.2
56714.0  30.0527   -82.2818    498.7    383.8    454.3
56715.0  30.0517   -82.2819    499.0    384.7    458.0
56716.0  30.0506   -82.2819    499.9    384.7    456.3
56717.0  30.0496   -82.2819    500.9    383.5    456.2
56718.0  30.0486   -82.2819    501.1    384.3    455.6
56719.0  30.0476   -82.2819    502.2    384.3    460.8
56720.0  30.0466   -82.2819    503.2    386.2    461.4
56721.0  30.0456   -82.2819    503.5    385.8    459.9
56722.0  30.0446   -82.2819    503.0    386.6    460.1
56723.0  30.0436   -82.2819    502.0    386.1    458.1
56724.0  30.0426   -82.2819    501.1    385.3    452.1
56725.0  30.0415   -82.2820    500.1    385.0    451.5
56726.0  30.0405   -82.2820    499.2    382.7    452.1
56727.0  30.0395   -82.2820    498.7    381.9    453.2
56728.0  30.0385   -82.2820    498.7    380.8    451.1
56729.0  30.0375   -82.2820    498.7    379.7    452.8
56730.0  30.0365   -82.2820    498.7    379.6    451.5
56731.0  30.0355   -82.2820    497.8    380.5    448.7
56732.0  30.0345   -82.2821    497.4    381.4    450.9
56733.0  30.0335   -82.2821    497.4    381.8    450.1
56734.0  30.0324   -82.2821    497.4    379.9    453.7
56735.0  30.0314   -82.2821    497.4    379.6    450.3
56736.0  30.0304   -82.2821    497.4    380.3    453.4
56737.0  30.0294   -82.2822    497.4    380.5    457.0
56738.0  30.0284   -82.2822    497.4    380.0    455.7
56739.0  30.0274   -82.2822    497.4    381.2    454.6
56740.0  30.0264   -82.2822    497.4    381.2    457.6
56741.0  30.0254   -82.2822    498.7    383.5    456.5
56742.0  30.0244   -82.2822    500.2    383.6    463.6
56743.0  30.0234   -82.2823    501.6    383.9    458.8
56744.0  30.0224   -82.2823    502.3    385.0    460.9
56745.0  30.0214   -82.2823    502.3    386.9    460.1
56746.0  30.0204   -82.2823    502.3    384.0    462.0
56747.0  30.0194   -82.2823    501.7    382.3    457.2
56748.0  30.0183   -82.2823    502.1    385.6    457.2
56749.0  30.0173   -82.2823    502.3    386.8    464.6
56750.0  30.0163   -82.2824    503.2    387.1    462.1
56751.0  30.0153   -82.2824    503.0    385.7    463.2
56752.0  30.0143   -82.2824    502.3    385.8    463.8
56753.0  30.0133   -82.2824    502.3    385.7    458.1
56754.0  30.0123   -82.2824    501.6    384.9    457.4
56755.0  30.0113   -82.2824    502.3    384.6    463.8
56756.0  30.0103   -82.2824    501.3    384.6    463.5
56757.0  30.0092   -82.2824    502.3    385.4    461.9
56758.0  30.0082   -82.2825    501.5    384.2    458.5
56759.0  30.0072   -82.2825    500.4    383.7    462.7
56760.0  30.0062   -82.2825    499.2    381.8    460.5
56761.0  30.0052   -82.2825    498.7    382.1    460.7
56762.0  30.0042   -82.2825    498.7    381.1    459.8
56763.0  30.0032   -82.2825    498.7    380.4    459.0
56764.0  30.0021   -82.2825    498.6    379.9    458.1
56765.0  30.0011   -82.2826    497.4    380.6    461.3
56766.0  30.0001   -82.2826    497.0    379.7    457.9
56767.0  29.9991   -82.2826    496.2    380.1    460.0
56768.0  29.9981   -82.2826    496.2    380.4    458.8
56769.0  29.9971   -82.2826    496.2    378.9    460.4
56770.0  29.9961   -82.2826    496.2    378.2    461.5
56771.0  29.9951   -82.2827    496.2    378.8    458.5
56772.0  29.9941   -82.2827    496.9    379.9    459.0
56773.0  29.9930   -82.2827    497.4    382.3    464.3
56774.0  29.9920   -82.2827    497.4    382.1    467.0
56775.0  29.9910   -82.2827    498.3    381.7    464.5
56776.0  29.9900   -82.2828    498.7    382.8    465.4
56777.0  29.9890   -82.2828    499.8    382.9    470.4
56778.0  29.9880   -82.2828    500.5    384.0    471.3
56779.0  29.9870   -82.2828    502.0    385.3    470.0
56780.0  29.9860   -82.2828    502.9    385.3    473.0
56781.0  29.9850   -82.2829    503.5    385.2    468.5
56782.0  29.9840   -82.2829    503.5    385.4    471.2
56783.0  29.9830   -82.2829    503.2    386.4    464.8
56784.0  29.9820   -82.2829    502.3    386.6    465.1
56785.0  29.9810   -82.2829    501.7    385.3    465.6
56786.0  29.9800   -82.2829    501.1    382.9    462.7
56787.0  29.9790   -82.2830    500.2    381.8    457.6
56788.0  29.9780   -82.2830    499.9    381.8    460.3
56789.0  29.9769   -82.2830    499.9    381.7    456.7
56790.0  29.9759   -82.2830    499.4    382.4    456.8
56791.0  29.9749   -82.2830    498.7    383.1    461.5
56792.0  29.9739   -82.2830    498.7    382.9    465.4
56793.0  29.9729   -82.2831    499.3    384.3    462.5
56794.0  29.9719   -82.2831    499.9    383.2    459.7
56795.0  29.9709   -82.2831    499.9    383.2    462.5
56796.0  29.9699   -82.2831    500.6    383.6    463.1
56797.0  29.9689   -82.2831    501.5    384.6    460.3
56798.0  29.9679   -82.2831    502.7    386.0    461.2
56799.0  29.9669   -82.2831    503.5    386.7    461.1
56800.0  29.9659   -82.2831    502.6    385.3    456.6
56801.0  29.9649   -82.2832    501.6    384.6    457.9
56802.0  29.9639   -82.2832    500.6    384.9    456.5
56803.0  29.9629   -82.2832    499.7    384.8    454.8
56804.0  29.9619   -82.2832    498.7    382.5    452.0
56805.0  29.9609   -82.2833    498.2    381.7    449.1
56806.0  29.9598   -82.2833    497.4    381.0    452.5
56807.0  29.9588   -82.2834    497.4    381.3    452.6
56808.0  29.9578   -82.2835    497.2    378.8    450.9
56809.0  29.9568   -82.2835    496.2    379.3    448.6
56810.0  29.9558   -82.2836    495.2    377.1    446.7
56811.0  29.9548   -82.2837    495.0    376.3    446.4
56812.0  29.9538   -82.2838    495.0    376.6    448.2
56813.0  29.9528   -82.2839    495.0    378.2    449.8
56814.0  29.9518   -82.2840    495.9    378.1    447.8
56815.0  29.9508   -82.2841    496.2    378.7    450.9
56816.0  29.9498   -82.2841    496.2    379.9    448.8
56817.0  29.9488   -82.2842    496.2    379.3    448.7
56818.0  29.9478   -82.2843    496.6    379.3    448.7
56819.0  29.9468   -82.2844    497.4    380.6    448.6
56820.0  29.9458   -82.2845    497.4    380.4    450.7
56821.0  29.9448   -82.2846    497.6    380.6    444.7
56822.0  29.9438   -82.2847    498.7    381.8    451.0
56823.0  29.9428   -82.2847    498.7    381.9    451.7
56824.0  29.9418   -82.2848    500.1    382.4    445.5
56825.0  29.9408   -82.2849    501.8    384.1    450.4
56826.0  29.9398   -82.2850    504.0    385.4    454.8
56827.0  29.9387   -82.2851    506.0    385.7    458.8
56828.0  29.9377   -82.2851    507.2    386.7    459.6
56829.0  29.9366   -82.2852    507.7    388.1    455.6
56830.0  29.9356   -82.2853    508.4    389.3    459.8
56831.0  29.9345   -82.2854    508.4    390.0    464.3
56832.0  29.9334   -82.2854    508.4    390.1    461.5
56833.0  29.9324   -82.2855    508.4    391.4    459.6
56834.0  29.9313   -82.2856    508.4    390.9    464.5
56835.0  29.9302   -82.2857    508.4    390.8    464.7
56836.0  29.9291   -82.2857    508.4    390.8    465.1
56837.0  29.9280   -82.2858    508.4    389.0    463.5
56838.0  29.9269   -82.2859    508.7    390.6    463.0
56839.0  29.9258   -82.2860    510.4    392.4    466.7
56840.0  29.9246   -82.2860    512.7    394.9    470.5
56841.0  29.9235   -82.2861    514.7    393.5    471.7
56842.0  29.9224   -82.2862    516.8    393.7    466.6
56843.0  29.9212   -82.2863    519.5    397.6    472.5
56844.0  29.9201   -82.2863    522.4    402.6    475.6
56845.0  29.9189   -82.2864    526.2    406.4    480.3
56846.0  29.9178   -82.2865    531.4    410.8    487.1
56847.0  29.9166   -82.2866    537.4    415.2    491.4
56848.0  29.9155   -82.2867    542.7    420.5    497.0
56849.0  29.9143   -82.2868    548.5    426.0    505.1
56850.0  29.9132   -82.2869    554.9    432.3    510.9
56851.0  29.9120   -82.2869    560.8    437.9    508.9
56852.0  29.9109   -82.2870    566.6    444.0    520.8
56853.0  29.9097   -82.2871    572.3    449.7    529.3
56854.0  29.9086   -82.2872    578.0    454.5    531.3
56855.0  29.9074   -82.2873    583.3    458.1    537.7
56856.0  29.9062   -82.2874    588.7    464.9    547.7
56857.0  29.9051   -82.2875    594.8    472.1    550.6
56858.0  29.9039   -82.2875    602.2    478.1    557.1
56859.0  29.9027   -82.2876    610.1    485.7    558.9
56860.0  29.9016   -82.2877    617.9    492.8    569.8
56861.0  29.9004   -82.2878    625.4    500.9    576.9
56862.0  29.8992   -82.2879    633.1    507.9    587.7
56863.0  29.8981   -82.2880    641.6    515.9    603.8
56864.0  29.8969   -82.2881    650.7    524.3    611.9
56865.0  29.8957   -82.2882    660.3    533.8    615.8
56866.0  29.8946   -82.2883    669.8    543.1    628.1
56867.0  29.8934   -82.2883    679.4    551.8    632.7
56868.0  29.8922   -82.2884    690.1    561.5    645.6
56869.0  29.8911   -82.2885    702.3    573.4    657.3
56870.0  29.8899   -82.2886    714.6    584.7    669.2
56871.0  29.8888   -82.2887    726.8    597.2    678.5
56872.0  29.8876   -82.2888    738.9    609.1    704.0
56873.0  29.8865   -82.2889    750.1    618.1    716.2
56874.0  29.8853   -82.2889    759.8    629.3    721.6
56875.0  29.8841   -82.2890    768.6    637.9    732.4
56876.0  29.8830   -82.2891    776.0    644.8    737.4
56877.0  29.8818   -82.2892    783.2    651.8    745.1
56878.0  29.8807   -82.2893    790.5    657.8    756.8
56879.0  29.8795   -82.2894    798.0    666.5    770.1
56880.0  29.8784   -82.2895    806.1    675.3    775.9
56881.0  29.8772   -82.2896    814.5    682.7    782.9
56882.0  29.8761   -82.2897    822.0    690.4    786.5
56883.0  29.8749   -82.2898    828.7    696.4    796.0
56884.0  29.8737   -82.2899    834.6    702.2    801.0
56885.0  29.8726   -82.2901    840.2    709.0    806.3
56886.0  29.8714   -82.2902    846.2    712.9    812.1
56887.0  29.8702   -82.2904    851.1    717.7    824.4
56888.0  29.8691   -82.2905    855.3    722.3    820.2
56889.0  29.8679   -82.2907    859.5    725.8    823.3
