flight/WP3D/AircraftPos_NP3_20130623_RA.ict
38  1001
Ken Aikin
NOAA ESRL Chemical Sciences Division
various aircraft sensors
SENEX 2013
1  1
2013  06  23  2013  06  23
1
AOCTimewave
5
1  1  1  1  1 
-9999  -9999  -9999  -9999  -9999
GpsLat  deg
GpsLon  deg
GpsAlt  m
PAlt  m
RAlt  m
1
SPECIAL COMMENTS:Indianapolis and Nashville PP.
18
PI_CONTACT_INFO: Address: NOAA ESRL Chemical Sciences Division  Mail Stop R/CSD7  325 Broadway  Boulder  CO 80305
PLATFORM: NOAA WP-3D
LOCATION: The aircraft was stationed in Smyrna  Tennessee. Aircraft location information in AircraftPosition file.
ASSOCIATED_DATA: N/A
INSTRUMENT_INFO: N/A
DATA_INFO: Units:GpsLat:decimal degrees; GpsLon: decimal degrees; GpsAlt: meters; PAlt:meters; RAlt: meters.
UNCERTAINTY: N/A
ULOD_FLAG: -7777
ULOD_VALUE: N/A
LLOD_FLAG: -8888
LLOD_VALUE: N/A
DM_CONTACT_INFO: Data Manager:Ken Aikin; email:Kenneth.C.Aikin@noaa.gov
PROJECT_INFO: SENEX 2013 Study; June 1 - July 15  2013
STIPULATIONS_ON_USE: Use of these data require prior ok from PI.
OTHER_COMMENTS:       None
REVISION: RA
RA: Preliminary Data.  For in-field use.
AOCTimewave  GpsLat  GpsLon  GpsAlt  PAlt  RAlt
[from data line 5819]
60322.0  39.9333   -85.9121    786.4    697.5    546.2
60323.0  39.9326   -85.9111    786.4    697.2    543.2
60324.0  39.9320   -85.9100    786.4    697.3    538.3
60325.0  39.9313   -85.9090    786.4    697.8    538.8
60326.0  39.9306   -85.9079    786.4    698.8    537.7
60327.0  39.9300   -85.9069    787.2    699.4    535.8
60328.0  39.9293   -85.9058    787.6    700.2    537.0
60329.0  39.9287   -85.9047    787.8    701.7    535.4
60330.0  39.9280   -85.9037    788.6    702.6    536.1
60331.0  39.9273   -85.9026    787.2    700.9    536.7
60332.0  39.9267   -85.9015    785.6    698.4    531.2
60333.0  39.9260   -85.9005    784.5    697.2    534.6
60334.0  39.9253   -85.8994    783.8    696.4    530.6
60335.0  39.9247   -85.8984    782.4    694.4    529.9
60336.0  39.9240   -85.8973    781.2    693.3    528.7
60337.0  39.9233   -85.8962    779.8    692.3    526.9
60338.0  39.9226   -85.8952    779.1    690.3    527.5
60339.0  39.9220   -85.8941    779.1    690.3    526.7
60340.0  39.9213   -85.8931    779.8    690.6    525.7
60341.0  39.9206   -85.8920    781.2    692.3    527.3
60342.0  39.9199   -85.8910    780.3    691.4    527.4
60343.0  39.9193   -85.8899    781.3    693.3    530.3
60344.0  39.9186   -85.8889    781.5    694.6    532.3
60345.0  39.9179   -85.8878    781.5    693.9    531.0
60346.0  39.9172   -85.8868    781.5    693.4    530.1
60347.0  39.9165   -85.8858    781.5    693.7    528.5
60348.0  39.9158   -85.8848    780.3    692.9    526.4
60349.0  39.9151   -85.8837    780.3    692.6    526.6
60350.0  39.9144   -85.8827    780.3    692.1    526.3
60351.0  39.9137   -85.8817    780.3    692.4    529.8
60352.0  39.9130   -85.8807    780.3    691.4    527.2
60353.0  39.9123   -85.8797    779.8    691.4    526.9
60354.0  39.9115   -85.8787    780.3    690.7    526.5
60355.0  39.9108   -85.8777    781.5    693.6    527.2
60356.0  39.9101   -85.8767    782.7    695.1    526.2
60357.0  39.9094   -85.8757    782.7    695.6    532.4
60358.0  39.9086   -85.8747    781.9    695.7    532.2
60359.0  39.9079   -85.8738    781.5    694.9    527.2
60360.0  39.9072   -85.8728    780.7    694.1    529.1
60361.0  39.9064   -85.8718    780.8    694.0    528.0
60362.0  39.9057   -85.8709    781.5    695.0    530.1
60363.0  39.9049   -85.8699    782.7    695.3    530.7
60364.0  39.9042   -85.8690    782.7    694.6    530.2
60365.0  39.9034   -85.8680    783.4    696.6    531.2
60366.0  39.9027   -85.8671    783.9    697.7    533.0
60367.0  39.9019   -85.8661    783.9    699.2    535.7
60368.0  39.9012   -85.8652    783.9    698.1    533.6
60369.0  39.9004   -85.8643    783.5    698.7    536.3
60370.0  39.8997   -85.8633    782.7    698.9    533.7
60371.0  39.8989   -85.8624    782.7    698.1    535.4
60372.0  39.8981   -85.8615    782.7    697.0    536.4
60373.0  39.8974   -85.8605    782.7    695.8    534.0
60374.0  39.8966   -85.8596    783.9    696.4    535.7
60375.0  39.8959   -85.8587    783.9    697.1    535.0
60376.0  39.8951   -85.8577    783.9    697.3    532.7
60377.0  39.8943   -85.8568    783.9    697.3    534.8
60378.0  39.8936   -85.8559    783.4    696.2    532.1
60379.0  39.8928   -85.8550    782.7    695.9    532.0
60380.0  39.8921   -85.8540    781.5    694.0    532.2
60381.0  39.8913   -85.8531    780.6    692.9    532.7
60382.0  39.8905   -85.8521    780.3    692.7    527.4
60383.0  39.8898   -85.8512    779.5    692.1    527.0
60384.0  39.8890   -85.8503    780.6    691.2    525.3
60385.0  39.8883   -85.8493    780.8    691.4    523.6
60386.0  39.8875   -85.8484    781.5    692.6    521.8
60387.0  39.8868   -85.8474    781.5    691.7    523.0
60388.0  39.8860   -85.8465    780.7    692.8    519.8
60389.0  39.8853   -85.8455    781.2    693.3    520.9
60390.0  39.8845   -85.8446    781.5    692.6    521.6
60391.0  39.8838   -85.8436    782.2    693.8    521.0
60392.0  39.8830   -85.8427    782.7    693.5    523.5
60393.0  39.8823   -85.8418    782.7    692.8    530.5
60394.0  39.8815   -85.8408    783.3    692.0    522.4
60395.0  39.8808   -85.8399    784.4    695.3    526.3
60396.0  39.8801   -85.8389    785.2    696.1    526.9
60397.0  39.8793   -85.8380    784.3    694.3    529.4
60398.0  39.8786   -85.8370    783.9    693.3    529.1
60399.0  39.8778   -85.8361    783.9    694.7    528.1
60400.0  39.8771   -85.8351    783.9    694.9    527.5
60401.0  39.8764   -85.8342    783.9    695.0    525.5
60402.0  39.8756   -85.8332    783.9    695.0    528.2
60403.0  39.8749   -85.8323    783.2    694.1    527.1
60404.0  39.8742   -85.8313    782.7    693.7    527.3
60405.0  39.8734   -85.8304    782.7    694.0    526.9
60406.0  39.8727   -85.8295    782.7    692.7    523.9
60407.0  39.8719   -85.8285    783.7    693.4    528.7
60408.0  39.8712   -85.8276    783.9    695.8    524.8
60409.0  39.8704   -85.8266    783.9    695.4    525.8
60410.0  39.8697   -85.8257    783.9    695.7    532.6
60411.0  39.8690   -85.8248    784.6    694.3    533.0
60412.0  39.8682   -85.8238    785.2    696.6    531.4
60413.0  39.8675   -85.8229    785.2    696.2    532.7
60414.0  39.8667   -85.8220    785.2    695.0    533.4
60415.0  39.8660   -85.8210    785.0    695.7    531.7
60416.0  39.8652   -85.8201    783.9    694.5    530.4
60417.0  39.8645   -85.8192    783.9    694.9    526.3
60418.0  39.8637   -85.8182    783.9    694.8    530.9
60419.0  39.8630   -85.8173    783.3    692.8    533.1
60420.0  39.8622   -85.8164    783.9    694.7    536.4
60421.0  39.8615   -85.8154    785.4    694.9    538.5
60422.0  39.8607   -85.8145    786.4    698.6    532.2
60423.0  39.8600   -85.8136    786.3    696.0    532.5
60424.0  39.8592   -85.8127    785.2    694.9    531.3
60425.0  39.8585   -85.8117    785.2    695.7    533.6
60426.0  39.8577   -85.8108    785.2    696.9    531.2
60427.0  39.8570   -85.8099    784.8    696.2    528.7
60428.0  39.8562   -85.8090    783.9    695.0    526.5
60429.0  39.8555   -85.8080    783.1    694.4    528.7
60430.0  39.8547   -85.8071    782.7    693.9    528.2
60431.0  39.8540   -85.8062    782.7    694.0    531.0
60432.0  39.8532   -85.8053    782.7    693.2    531.8
60433.0  39.8525   -85.8044    782.7    693.6    535.1
60434.0  39.8517   -85.8035    782.7    694.6    532.2
60435.0  39.8510   -85.8025    782.0    692.1    528.1
60436.0  39.8502   -85.8016    782.6    691.4    527.9
60437.0  39.8495   -85.8007    782.7    693.1    529.8
60438.0  39.8487   -85.7998    783.7    694.4    524.4
60439.0  39.8479   -85.7989    785.3    695.3    525.2
60440.0  39.8472   -85.7980    786.4    699.3    524.8
60441.0  39.8464   -85.7971    786.4    698.8    522.5
60442.0  39.8457   -85.7962    785.3    697.7    519.3
60443.0  39.8449   -85.7953    784.7    696.2    520.2
60444.0  39.8442   -85.7944    783.6    695.7    516.6
60445.0  39.8434   -85.7935    782.7    694.1    517.2
60446.0  39.8426   -85.7926    781.7    692.4    511.9
60447.0  39.8419   -85.7917    781.5    693.3    515.4
60448.0  39.8411   -85.7908    781.3    692.0    519.0
60449.0  39.8403   -85.7899    780.3    690.8    518.3
60450.0  39.8396   -85.7890    780.3    691.6    512.7
60451.0  39.8388   -85.7881    780.3    691.2    509.9
60452.0  39.8381   -85.7872    780.1    690.6    515.4
60453.0  39.8373   -85.7863    780.3    691.4    510.1
60454.0  39.8365   -85.7854    780.3    692.7    512.1
60455.0  39.8358   -85.7845    780.3    692.0    514.4
60456.0  39.8350   -85.7836    780.3    693.3    510.0
60457.0  39.8343   -85.7827    780.3    692.8    507.5
60458.0  39.8335   -85.7818    780.3    693.3    511.0
60459.0  39.8328   -85.7809    781.2    691.6    516.5
60460.0  39.8320   -85.7800    781.5    693.7    512.9
60461.0  39.8313   -85.7791    781.5    693.4    513.9
60462.0  39.8305   -85.7782    781.9    691.2    515.9
60463.0  39.8298   -85.7774    782.7    692.0    513.8
60464.0  39.8290   -85.7765    783.1    693.2    516.0
60465.0  39.8283   -85.7756    783.9    694.3    515.7
60466.0  39.8275   -85.7747    784.3    696.0    517.3
60467.0  39.8268   -85.7738    785.2    697.4    524.1
60468.0  39.8260   -85.7729    785.2    697.4    517.5
60469.0  39.8253   -85.7720    785.9    697.2    520.0
60470.0  39.8245   -85.7711    786.7    699.5    516.0
60471.0  39.8237   -85.7703    786.4    698.3    518.7
60472.0  39.8230   -85.7694    786.1    696.3    517.0
60473.0  39.8222   -85.7685    785.2    695.9    520.4
60474.0  39.8215   -85.7676    784.3    695.7    519.7
60475.0  39.8207   -85.7668    783.5    695.3    518.5
60476.0  39.8199   -85.7659    782.7    694.7    521.6
60477.0  39.8192   -85.7650    782.1    693.2    514.1
60478.0  39.8184   -85.7642    781.5    692.5    521.4
60479.0  39.8176   -85.7633    781.3    692.9    520.9
60480.0  39.8169   -85.7624    780.3    691.3    517.9
60481.0  39.8161   -85.7616    780.3    692.7    525.5
60482.0  39.8153   -85.7607    780.3    692.2    522.1
60483.0  39.8146   -85.7599    780.3    692.8    524.2
60484.0  39.8138   -85.7590    780.3    692.1    522.6
60485.0  39.8131   -85.7581    780.3    692.1    526.0
60486.0  39.8123   -85.7573    780.3    692.4    530.0
60487.0  39.8116   -85.7564    780.3    693.0    524.8
60488.0  39.8108   -85.7555    780.3    692.4    519.6
60489.0  39.8101   -85.7546    780.7    692.3    518.5
60490.0  39.8093   -85.7537    781.5    694.6    519.0
60491.0  39.8086   -85.7528    782.5    695.4    520.4
60492.0  39.8078   -85.7519    782.8    693.8    522.5
60493.0  39.8071   -85.7510    784.1    696.0    525.1
60494.0  39.8064   -85.7501    785.2    697.9    527.0
60495.0  39.8056   -85.7492    785.2    697.7    526.0
60496.0  39.8049   -85.7483    785.9    697.8    524.2
60497.0  39.8042   -85.7474    786.4    698.9    524.3
60498.0  39.8034   -85.7465    786.4    698.2    526.3
60499.0  39.8027   -85.7456    786.4    699.9    528.6
60500.0  39.8020   -85.7447    785.6    699.1    525.1
60501.0  39.8012   -85.7438    784.3    695.9    528.1
60502.0  39.8005   -85.7429    783.2    694.7    525.9
60503.0  39.7997   -85.7420    782.7    695.4    521.3
60504.0  39.7990   -85.7411    782.7    692.4    519.0
60505.0  39.7983   -85.7402    782.2    692.1    520.6
60506.0  39.7975   -85.7393    781.5    692.7    517.1
60507.0  39.7968   -85.7384    781.5    692.7    517.5
60508.0  39.7961   -85.7375    781.2    692.9    519.0
60509.0  39.7954   -85.7366    780.3    691.5    521.1
60510.0  39.7947   -85.7356    780.3    691.2    519.1
60511.0  39.7940   -85.7347    780.3    691.5    518.7
60512.0  39.7932   -85.7337    780.3    691.9    516.0
60513.0  39.7925   -85.7328    780.3    693.8    518.2
60514.0  39.7918   -85.7318    781.2    693.7    525.1
60515.0  39.7911   -85.7309    781.5    693.5    523.0
60516.0  39.7905   -85.7299    782.0    694.5    521.9
60517.0  39.7898   -85.7290    782.7    693.4    522.3
60518.0  39.7891   -85.7280    782.7    693.7    523.1
60519.0  39.7884   -85.7270    782.7    693.2    520.0
60520.0  39.7877   -85.7260    782.7    691.6    517.3
60521.0  39.7871   -85.7250    782.7    693.4    518.5
60522.0  39.7864   -85.7240    782.7    694.1    521.2
60523.0  39.7857   -85.7230    782.7    693.6    516.9
60524.0  39.7851   -85.7220    782.7    693.4    523.3
60525.0  39.7844   -85.7210    782.7    694.2    522.1
60526.0  39.7838   -85.7200    782.7    695.8    522.6
60527.0  39.7831   -85.7190    782.7    695.0    526.0
60528.0  39.7825   -85.7180    782.7    694.4    524.3
60529.0  39.7818   -85.7169    782.7    696.9    524.7
60530.0  39.7812   -85.7159    782.9    696.5    525.8
60531.0  39.7805   -85.7149    783.9    696.5    532.9
60532.0  39.7799   -85.7139    783.9    698.0    528.2
60533.0  39.7792   -85.7129    783.3    696.3    524.8
60534.0  39.7786   -85.7119    782.7    695.5    519.2
60535.0  39.7779   -85.7109    782.4    695.3    520.5
60536.0  39.7773   -85.7099    781.1    693.1    518.0
60537.0  39.7766   -85.7088    780.3    692.0    520.4
60538.0  39.7760   -85.7078    780.3    691.6    519.7
60539.0  39.7753   -85.7068    779.1    689.8    519.8
60540.0  39.7747   -85.7058    779.9    690.9    516.3
60541.0  39.7741   -85.7047    782.0    694.4    519.6
60542.0  39.7734   -85.7037    782.7    695.3    523.6
60543.0  39.7728   -85.7027    783.6    695.9    522.3
60544.0  39.7722   -85.7017    782.7    695.0    521.2
60545.0  39.7715   -85.7006    782.7    694.0    521.2
60546.0  39.7709   -85.6996    782.7    695.9    521.3
60547.0  39.7703   -85.6986    783.0    697.1    523.2
60548.0  39.7696   -85.6975    782.7    693.9    518.0
60549.0  39.7690   -85.6965    782.7    692.3    523.0
60550.0  39.7684   -85.6955    782.7    693.9    522.3
60551.0  39.7677   -85.6945    782.7    694.7    525.1
60552.0  39.7671   -85.6934    783.7    694.6    520.6
60553.0  39.7664   -85.6924    785.2    694.7    520.0
60554.0  39.7658   -85.6914    785.2    695.5    516.6
60555.0  39.7652   -85.6904    784.3    695.8    519.3
60556.0  39.7645   -85.6893    783.9    695.1    516.3
60557.0  39.7639   -85.6883    783.6    693.4    519.2
60558.0  39.7633   -85.6873    782.7    693.8    519.4
60559.0  39.7626   -85.6863    782.7    694.2    527.5
60560.0  39.7620   -85.6853    782.7    693.7    525.6
60561.0  39.7613   -85.6842    782.7    694.2    522.5
60562.0  39.7607   -85.6832    782.7    693.2    520.1
60563.0  39.7601   -85.6822    782.7    694.0    521.6
60564.0  39.7594   -85.6812    782.7    693.6    522.8
60565.0  39.7588   -85.6802    781.5    692.1    519.8
60566.0  39.7582   -85.6792    781.5    691.1    513.2
60567.0  39.7575   -85.6782    781.5    691.9    517.0
60568.0  39.7569   -85.6772    782.5    691.7    513.3
60569.0  39.7562   -85.6762    784.5    694.2    513.2
60570.0  39.7556   -85.6752    786.1    697.4    520.4
60571.0  39.7549   -85.6742    787.4    698.9    519.0
60572.0  39.7543   -85.6732    787.6    698.8    518.8
60573.0  39.7536   -85.6722    788.6    699.7    515.0
60574.0  39.7530   -85.6712    787.9    698.2    514.9
60575.0  39.7523   -85.6702    786.9    697.1    516.2
60576.0  39.7517   -85.6692    785.6    695.1    516.6
60577.0  39.7510   -85.6682    785.7    696.2    519.8
60578.0  39.7503   -85.6672    786.4    697.2    519.3
60579.0  39.7497   -85.6663    786.4    697.6    519.3
60580.0  39.7490   -85.6653    786.4    696.2    517.3
60581.0  39.7483   -85.6643    786.4    696.7    516.1
60582.0  39.7477   -85.6633    786.4    696.9    512.6
60583.0  39.7470   -85.6623    785.7    696.0    516.4
60584.0  39.7463   -85.6614    784.4    694.1    518.6
60585.0  39.7456   -85.6604    783.9    693.5    517.6
60586.0  39.7449   -85.6595    783.3    694.1    513.9
60587.0  39.7443   -85.6585    782.7    694.7    515.3
60588.0  39.7436   -85.6576    782.7    692.8    512.4
60589.0  39.7429   -85.6566    782.6    694.7    512.9
60590.0  39.7422   -85.6557    781.5    692.8    510.0
60591.0  39.7415   -85.6547    780.8    690.6    509.6
60592.0  39.7408   -85.6538    780.3    690.4    513.0
60593.0  39.7401   -85.6528    779.7    689.1    510.3
60594.0  39.7394   -85.6519    779.8    687.6    507.8
60595.0  39.7387   -85.6510    781.9    691.7    511.3
60596.0  39.7380   -85.6500    783.6    694.0    516.2
60597.0  39.7373   -85.6491    783.9    695.7    511.6
60598.0  39.7366   -85.6482    783.9    695.5    514.4
60599.0  39.7359   -85.6473    783.7    694.8    515.5
60600.0  39.7352   -85.6463    782.7    694.2    513.3
60601.0  39.7345   -85.6454    781.6    693.4    511.4
60602.0  39.7338   -85.6445    780.7    692.6    512.9
60603.0  39.7331   -85.6436    780.0    692.4    508.9
60604.0  39.7324   -85.6427    779.8    691.0    512.2
60605.0  39.7317   -85.6417    779.1    691.7    516.3
60606.0  39.7310   -85.6408    779.8    690.4    514.0
60607.0  39.7303   -85.6399    780.4    692.1    516.7
60608.0  39.7295   -85.6390    781.8    691.7    514.0
60609.0  39.7288   -85.6381    783.5    694.2    518.2
60610.0  39.7281   -85.6372    785.8    696.8    516.2
60611.0  39.7274   -85.6363    787.7    699.1    519.9
