flight/WP3D/AircraftPos_NP3_20130619_RA.ict
38  1001
Ken Aikin
NOAA ESRL Chemical Sciences Division
various aircraft sensors
SENEX 2013
1  1
2013  06  19  2013  06  20
1
AOCTimewave
5
1  1  1  1  1 
-9999  -9999  -9999  -9999  -9999
GpsLat  deg
GpsLon  deg
GpsAlt  m
PAlt  m
RAlt  m
1
SPECIAL COMMENTS:Flight into night over Atlanta.
18
PI_CONTACT_INFO: Address: NOAA ESRL Chemical Sciences Division  Mail Stop R/CSD7  325 Broadway  Boulder  CO 80305
PLATFORM: NOAA WP-3D
LOCATION: The aircraft was stationed in Smyrna  Tennessee. Aircraft location information in AircraftPosition file.
ASSOCIATED_DATA: N/A
INSTRUMENT_INFO: N/A
DATA_INFO: Units:GpsLat:decimal degrees; GpsLon: decimal degrees; GpsAlt: meters; PAlt:meters; RAlt: meters.
UNCERTAINTY: N/A
ULOD_FLAG: -7777
ULOD_VALUE: N/A
LLOD_FLAG: -8888
LLOD_VALUE: N/A
DM_CONTACT_INFO: Data Manager:Ken Aikin; email:Kenneth.C.Aikin@noaa.gov
PROJECT_INFO: SENEX 2013 Study; June 1 - July 15  2013
STIPULATIONS_ON_USE: Use of these data require prior ok from PI.
OTHER_COMMENTS:       None
REVISION: RA
RA: Preliminary Data.  For in-field use.
AOCTimewave  GpsLat  GpsLon  GpsAlt  PAlt  RAlt
[from data line 7273]
88309.0  33.5056   -84.8900    893.7    794.6    652.6
88310.0  33.5056   -84.8913    893.7    794.6    657.0
88311.0  33.5055   -84.8926    893.7    794.2    667.7
88312.0  33.5055   -84.8939    893.7    793.9    655.3
88313.0  33.5055   -84.8952    893.7    793.4    663.2
88314.0  33.5055   -84.8966    893.7    793.4    665.8
88315.0  33.5054   -84.8979    893.7    793.0    675.4
88316.0  33.5054   -84.8992    893.7    793.4    676.9
88317.0  33.5054   -84.9005    893.7    794.6    667.6
88318.0  33.5054   -84.9018    893.7    794.0    669.3
88319.0  33.5053   -84.9031    893.7    794.0    667.0
88320.0  33.5053   -84.9044    893.7    794.5    657.7
88321.0  33.5053   -84.9058    893.7    793.0    657.7
88322.0  33.5053   -84.9071    893.7    792.0    664.2
88323.0  33.5052   -84.9084    893.7    791.3    658.9
88324.0  33.5052   -84.9097    893.7    793.5    665.1
88325.0  33.5052   -84.9110    893.7    794.2    655.6
88326.0  33.5051   -84.9123    893.2    793.4    633.7
88327.0  33.5051   -84.9137    891.7    791.7    639.3
88328.0  33.5051   -84.9150    890.2    790.7    633.3
88329.0  33.5051   -84.9163    889.0    790.2    629.8
88330.0  33.5050   -84.9176    888.3    789.0    626.6
88331.0  33.5050   -84.9190    887.6    789.8    622.5
88332.0  33.5050   -84.9203    887.6    788.6    620.5
88333.0  33.5050   -84.9216    887.6    788.1    621.9
88334.0  33.5049   -84.9229    887.6    787.6    617.9
88335.0  33.5049   -84.9242    887.6    786.2    619.0
88336.0  33.5049   -84.9256    887.6    787.1    622.2
88337.0  33.5048   -84.9269    888.4    787.5    618.4
88338.0  33.5048   -84.9282    888.8    789.7    624.0
88339.0  33.5048   -84.9295    888.9    789.5    623.1
88340.0  33.5048   -84.9309    890.0    789.6    621.2
88341.0  33.5047   -84.9322    890.6    790.3    630.4
88342.0  33.5047   -84.9335    891.2    791.3    638.3
88343.0  33.5047   -84.9348    892.0    792.9    630.9
88344.0  33.5047   -84.9361    892.5    792.1    630.6
88345.0  33.5046   -84.9375    893.0    793.2    620.9
88346.0  33.5046   -84.9388    893.7    795.2    610.5
88347.0  33.5046   -84.9401    894.3    795.6    610.4
88348.0  33.5046   -84.9414    894.9    794.9    615.7
88349.0  33.5045   -84.9427    894.9    795.5    616.5
88350.0  33.5045   -84.9441    894.9    794.0    619.8
88351.0  33.5045   -84.9454    895.5    794.7    618.2
88352.0  33.5045   -84.9467    896.1    794.5    625.5
88353.0  33.5045   -84.9480    896.1    795.3    617.0
88354.0  33.5045   -84.9493    896.1    796.9    604.5
88355.0  33.5044   -84.9507    896.1    796.9    607.1
88356.0  33.5044   -84.9520    896.1    796.3    603.5
88357.0  33.5044   -84.9533    896.1    795.6    598.9
88358.0  33.5044   -84.9546    896.1    795.0    600.3
88359.0  33.5044   -84.9559    896.1    795.5    603.4
88360.0  33.5044   -84.9573    896.1    794.7    600.6
88361.0  33.5044   -84.9586    896.1    794.3    591.5
88362.0  33.5044   -84.9599    896.1    794.8    588.4
88363.0  33.5043   -84.9612    896.1    794.5    587.5
88364.0  33.5043   -84.9625    896.0    794.5    584.1
88365.0  33.5043   -84.9639    894.9    795.2    580.7
88366.0  33.5043   -84.9652    894.9    795.7    568.6
88367.0  33.5043   -84.9665    894.9    794.5    572.6
88368.0  33.5043   -84.9678    894.9    794.6    573.6
88369.0  33.5042   -84.9691    894.9    793.2    574.9
88370.0  33.5042   -84.9705    894.4    792.8    581.1
88371.0  33.5042   -84.9718    893.7    792.9    588.7
88372.0  33.5042   -84.9731    893.7    793.7    594.1
88373.0  33.5042   -84.9744    893.7    793.8    598.4
88374.0  33.5041   -84.9757    893.7    792.8    602.8
88375.0  33.5041   -84.9771    893.7    792.1    597.7
88376.0  33.5041   -84.9784    894.2    793.1    598.9
88377.0  33.5041   -84.9797    894.9    794.9    594.6
88378.0  33.5041   -84.9810    894.9    794.1    595.5
88379.0  33.5040   -84.9823    894.9    794.3    592.3
88380.0  33.5040   -84.9837    894.9    796.2    581.8
88381.0  33.5040   -84.9850    894.9    796.3    578.4
88382.0  33.5040   -84.9863    895.9    796.2    581.0
88383.0  33.5040   -84.9876    896.1    795.4    579.6
88384.0  33.5039   -84.9889    896.1    794.9    573.6
88385.0  33.5039   -84.9902    896.1    794.4    567.1
88386.0  33.5039   -84.9916    896.1    794.6    572.6
88387.0  33.5039   -84.9929    896.1    794.2    577.9
88388.0  33.5039   -84.9942    896.1    795.4    579.8
88389.0  33.5039   -84.9955    896.1    794.9    586.7
88390.0  33.5038   -84.9968    896.1    794.6    594.7
88391.0  33.5038   -84.9982    896.1    794.7    602.6
88392.0  33.5038   -84.9995    896.1    795.3    596.4
88393.0  33.5038   -85.0008    896.1    796.4    593.4
88394.0  33.5038   -85.0021    896.1    795.1    585.7
88395.0  33.5037   -85.0034    896.1    796.0    580.4
88396.0  33.5037   -85.0048    896.1    796.1    582.7
88397.0  33.5037   -85.0061    896.1    795.8    587.0
88398.0  33.5037   -85.0074    896.1    795.2    599.8
88399.0  33.5037   -85.0087    896.7    795.7    600.1
88400.0  33.5036   -85.0100    897.3    796.0    611.8
88401.0  33.5036   -85.0114    897.3    796.4    614.1
88402.0  33.5036   -85.0127    897.3    796.6    610.6
88403.0  33.5036   -85.0140    897.3    796.0    620.2
88404.0  33.5036   -85.0153    897.3    795.8    616.2
88405.0  33.5036   -85.0167    897.3    796.4    611.9
88406.0  33.5035   -85.0180    897.3    795.6    600.9
88407.0  33.5035   -85.0193    896.7    796.6    608.6
88408.0  33.5035   -85.0206    896.1    797.7    616.5
88409.0  33.5035   -85.0219    896.1    797.8    615.3
88410.0  33.5035   -85.0233    896.1    797.5    604.0
88411.0  33.5035   -85.0246    896.1    796.2    608.7
88412.0  33.5035   -85.0259    896.1    796.9    601.3
88413.0  33.5035   -85.0272    896.1    796.3    599.9
88414.0  33.5035   -85.0286    896.1    795.9    597.4
88415.0  33.5035   -85.0299    895.5    796.0    594.6
88416.0  33.5035   -85.0312    894.9    795.9    593.5
88417.0  33.5035   -85.0325    894.9    796.2    586.2
88418.0  33.5035   -85.0339    894.9    796.9    597.8
88419.0  33.5034   -85.0352    894.9    796.2    601.8
88420.0  33.5034   -85.0365    894.9    795.9    607.0
88421.0  33.5034   -85.0378    894.9    794.0    608.2
88422.0  33.5034   -85.0392    894.9    794.9    612.4
88423.0  33.5034   -85.0405    894.9    795.4    613.3
88424.0  33.5034   -85.0418    894.9    794.4    608.5
88425.0  33.5034   -85.0432    894.9    794.7    604.8
88426.0  33.5034   -85.0445    894.9    794.1    603.9
88427.0  33.5034   -85.0458    894.9    794.5    599.9
88428.0  33.5034   -85.0471    894.9    794.4    596.8
88429.0  33.5034   -85.0484    894.9    794.0    590.1
88430.0  33.5034   -85.0498    894.9    794.4    588.2
88431.0  33.5034   -85.0511    894.9    794.3    583.1
88432.0  33.5034   -85.0524    894.9    795.4    587.7
88433.0  33.5034   -85.0537    893.8    795.0    599.3
88434.0  33.5034   -85.0551    893.7    795.3    603.6
88435.0  33.5034   -85.0564    893.7    795.8    589.6
88436.0  33.5034   -85.0577    893.7    796.4    584.2
88437.0  33.5034   -85.0590    893.7    796.3    588.4
88438.0  33.5034   -85.0604    893.7    795.0    590.8
88439.0  33.5034   -85.0617    893.7    794.7    590.3
88440.0  33.5034   -85.0630    893.7    795.4    583.8
88441.0  33.5034   -85.0643    893.7    795.5    583.3
88442.0  33.5034   -85.0657    893.7    794.1    577.6
88443.0  33.5034   -85.0670    893.7    794.2    567.9
88444.0  33.5034   -85.0683    893.9    794.2    567.7
88445.0  33.5034   -85.0696    894.9    794.9    562.4
88446.0  33.5034   -85.0709    894.9    795.0    546.4
88447.0  33.5034   -85.0723    894.9    795.9    541.5
88448.0  33.5034   -85.0736    894.9    795.8    535.0
88449.0  33.5034   -85.0749    894.9    795.7    534.4
88450.0  33.5034   -85.0762    894.9    795.5    531.0
88451.0  33.5034   -85.0775    894.9    795.1    524.1
88452.0  33.5034   -85.0789    894.9    795.8    525.2
88453.0  33.5034   -85.0802    894.9    795.5    530.4
88454.0  33.5034   -85.0815    894.9    794.4    536.2
88455.0  33.5034   -85.0828    894.9    794.4    543.2
88456.0  33.5034   -85.0842    894.9    794.2    543.7
88457.0  33.5034   -85.0855    894.9    794.2    544.8
88458.0  33.5034   -85.0868    894.9    795.1    544.2
88459.0  33.5034   -85.0881    894.9    795.2    549.6
88460.0  33.5034   -85.0894    894.9    794.7    559.3
88461.0  33.5034   -85.0908    894.9    795.6    562.2
88462.0  33.5034   -85.0921    894.9    796.1    559.8
88463.0  33.5034   -85.0934    894.9    795.7    556.3
88464.0  33.5034   -85.0947    894.9    796.0    560.5
88465.0  33.5034   -85.0961    894.9    796.1    572.1
88466.0  33.5034   -85.0974    894.9    796.6    573.9
88467.0  33.5034   -85.0987    894.9    794.6    573.0
88468.0  33.5034   -85.1000    894.9    795.1    573.0
88469.0  33.5034   -85.1013    894.9    794.2    581.9
88470.0  33.5034   -85.1027    894.9    795.8    585.2
88471.0  33.5034   -85.1040    894.9    794.9    583.5
88472.0  33.5034   -85.1053    894.9    795.4    587.3
88473.0  33.5034   -85.1066    894.9    795.5    589.5
88474.0  33.5034   -85.1080    894.9    796.5    583.9
88475.0  33.5034   -85.1093    894.9    796.0    586.9
88476.0  33.5034   -85.1106    894.9    794.6    581.9
88477.0  33.5034   -85.1119    894.9    796.2    585.3
88478.0  33.5034   -85.1133    894.9    796.1    591.3
88479.0  33.5034   -85.1146    894.9    795.6    587.1
88480.0  33.5034   -85.1159    894.9    795.4    582.8
88481.0  33.5034   -85.1172    894.0    794.1    582.3
88482.0  33.5034   -85.1186    893.7    794.1    576.7
88483.0  33.5034   -85.1199    893.7    794.7    578.1
88484.0  33.5034   -85.1212    893.7    794.9    587.2
88485.0  33.5034   -85.1225    893.7    795.8    588.4
88486.0  33.5034   -85.1239    893.7    795.1    587.8
88487.0  33.5034   -85.1252    893.7    794.3    597.0
88488.0  33.5034   -85.1265    893.7    794.4    611.7
88489.0  33.5034   -85.1278    893.7    794.0    603.7
88490.0  33.5034   -85.1292    893.7    794.5    606.4
88491.0  33.5034   -85.1305    894.3    795.6    607.8
88492.0  33.5034   -85.1318    894.3    794.7    607.7
88493.0  33.5034   -85.1331    893.7    794.7    608.3
88494.0  33.5034   -85.1344    893.7    796.2    600.0
88495.0  33.5034   -85.1358    893.7    794.3    597.7
88496.0  33.5034   -85.1371    893.7    793.1    598.4
88497.0  33.5034   -85.1384    893.7    793.2    596.8
88498.0  33.5034   -85.1398    893.7    794.5    599.5
88499.0  33.5034   -85.1411    893.7    795.2    598.8
88500.0  33.5034   -85.1424    893.7    795.2    595.0
88501.0  33.5034   -85.1437    893.7    795.6    600.1
88502.0  33.5034   -85.1450    894.2    795.4    606.5
88503.0  33.5034   -85.1464    894.9    793.2    608.0
88504.0  33.5034   -85.1477    894.2    793.4    607.2
88505.0  33.5034   -85.1490    893.7    794.8    606.1
88506.0  33.5034   -85.1503    893.7    795.2    606.6
88507.0  33.5034   -85.1517    893.7    796.2    600.5
88508.0  33.5034   -85.1530    893.7    797.1    595.7
88509.0  33.5034   -85.1543    893.7    795.8    597.8
88510.0  33.5034   -85.1556    893.7    796.7    597.4
88511.0  33.5034   -85.1569    893.9    796.8    600.1
88512.0  33.5034   -85.1582    893.7    795.5    600.6
88513.0  33.5034   -85.1596    893.7    795.3    597.1
88514.0  33.5034   -85.1609    893.7    796.4    605.1
88515.0  33.5034   -85.1622    893.7    796.1    611.3
88516.0  33.5034   -85.1635    893.7    796.3    601.9
88517.0  33.5034   -85.1648    893.7    795.4    610.0
88518.0  33.5034   -85.1662    893.7    794.9    597.9
88519.0  33.5034   -85.1675    892.9    795.8    602.7
88520.0  33.5034   -85.1688    892.5    795.4    608.5
88521.0  33.5034   -85.1701    892.5    794.5    603.4
88522.0  33.5034   -85.1714    892.5    795.1    596.2
88523.0  33.5034   -85.1728    893.6    795.6    600.2
88524.0  33.5034   -85.1741    894.3    795.3    596.8
88525.0  33.5034   -85.1754    893.7    795.6    602.6
88526.0  33.5034   -85.1767    893.7    795.4    609.3
88527.0  33.5034   -85.1780    894.3    795.2    608.2
88528.0  33.5035   -85.1794    894.3    795.3    598.4
88529.0  33.5035   -85.1807    893.7    795.0    599.9
88530.0  33.5035   -85.1820    894.2    796.1    599.5
88531.0  33.5035   -85.1833    894.9    795.8    594.6
88532.0  33.5035   -85.1846    894.9    794.3    586.6
88533.0  33.5035   -85.1860    894.9    795.7    589.8
88534.0  33.5035   -85.1873    894.9    796.1    604.3
88535.0  33.5035   -85.1886    894.9    795.5    610.8
88536.0  33.5035   -85.1899    894.9    796.4    616.8
88537.0  33.5035   -85.1912    894.9    796.2    611.8
88538.0  33.5035   -85.1925    894.9    796.1    606.1
88539.0  33.5035   -85.1939    894.9    796.4    603.7
88540.0  33.5035   -85.1952    894.9    796.6    611.3
88541.0  33.5035   -85.1965    894.9    796.8    618.9
88542.0  33.5035   -85.1978    894.9    796.4    610.1
88543.0  33.5036   -85.1991    894.3    795.9    611.1
88544.0  33.5036   -85.2005    894.5    795.8    610.3
88545.0  33.5036   -85.2018    894.9    796.2    611.3
88546.0  33.5036   -85.2031    894.9    796.0    602.9
88547.0  33.5036   -85.2044    894.9    794.7    595.9
88548.0  33.5036   -85.2057    894.9    794.2    588.7
88549.0  33.5036   -85.2070    894.9    794.5    586.5
88550.0  33.5036   -85.2084    894.5    795.6    591.4
88551.0  33.5036   -85.2097    893.7    794.2    601.0
88552.0  33.5036   -85.2110    893.7    793.3    602.1
88553.0  33.5036   -85.2123    893.7    792.4    593.6
88554.0  33.5036   -85.2136    893.7    794.5    593.5
88555.0  33.5036   -85.2150    894.3    795.0    575.5
88556.0  33.5036   -85.2163    894.9    795.0    574.9
88557.0  33.5036   -85.2176    894.9    796.0    571.5
88558.0  33.5036   -85.2189    894.9    795.9    557.8
88559.0  33.5037   -85.2202    894.9    796.3    557.1
88560.0  33.5037   -85.2215    894.9    796.0    567.3
88561.0  33.5037   -85.2229    894.9    794.5    574.6
88562.0  33.5037   -85.2242    894.9    794.3    575.8
88563.0  33.5037   -85.2255    894.3    795.5    574.9
88564.0  33.5037   -85.2268    893.7    794.8    587.6
88565.0  33.5037   -85.2281    893.7    795.5    594.2
88566.0  33.5037   -85.2294    893.7    795.2    592.7
88567.0  33.5037   -85.2308    893.7    793.7    599.9
88568.0  33.5037   -85.2321    893.7    793.8    601.4
88569.0  33.5037   -85.2334    893.7    795.1    602.8
88570.0  33.5037   -85.2347    893.7    796.1    612.8
88571.0  33.5037   -85.2360    893.7    794.8    611.9
88572.0  33.5037   -85.2373    893.7    795.2    612.7
88573.0  33.5037   -85.2387    893.7    795.2    617.5
88574.0  33.5037   -85.2400    893.7    794.7    614.3
88575.0  33.5038   -85.2413    893.7    794.1    600.2
88576.0  33.5038   -85.2426    893.7    793.2    595.6
88577.0  33.5038   -85.2439    893.7    792.9    593.8
88578.0  33.5038   -85.2452    894.6    794.2    595.1
88579.0  33.5038   -85.2466    893.7    793.9    595.9
88580.0  33.5038   -85.2479    893.7    794.9    594.5
88581.0  33.5038   -85.2492    893.7    793.7    598.7
88582.0  33.5038   -85.2505    893.7    794.4    604.8
88583.0  33.5038   -85.2518    894.2    795.0    610.2
88584.0  33.5038   -85.2532    894.9    795.0    613.3
88585.0  33.5038   -85.2545    894.9    794.8    617.8
88586.0  33.5038   -85.2558    894.9    795.8    621.1
88587.0  33.5039   -85.2571    895.5    794.8    616.8
88588.0  33.5039   -85.2584    896.1    795.3    618.1
88589.0  33.5039   -85.2597    896.1    795.7    616.4
88590.0  33.5039   -85.2610    896.1    796.5    601.5
88591.0  33.5039   -85.2624    896.1    796.7    599.3
88592.0  33.5039   -85.2637    896.1    795.3    595.2
88593.0  33.5039   -85.2650    896.1    795.6    601.7
88594.0  33.5039   -85.2663    896.1    795.4    598.6
88595.0  33.5039   -85.2676    896.1    795.2    601.0
88596.0  33.5039   -85.2690    896.1    794.5    590.9
88597.0  33.5039   -85.2703    896.1    795.5    594.9
88598.0  33.5040   -85.2716    896.1    795.8    598.5
