flight/WP3D/AircraftMet_NP3_20130603_RA.ict
43  1001
Ken Aikin
NOAA ESRL Chemical Sciences Division
various aircraft sensors
SENEX 2013
1  1
2013  06  03  2013  06  04
1
AOCTimewave
10
1  1  1  1  1  1  1  1  1  1
-9999  -9999  -9999  -9999  -9999  -9999  -9999  -9999  -9999  -9999
AmbTemp  C
DewPtTemp  C
DewPtTempTDL  C
H2Omr  g/kg
PotTemp  K
RelHumidity  pct
StaticPrs  mbar
VertWindSpd  m/s
WindDir  deg
WindSpd  m/s
1
SPECIAL COMMENTS:Transit from Tampa  FL to Smyrna  TN. No DewPtTempTDL data.
18
PI_CONTACT_INFO: Address: NOAA ESRL Chemical Sciences Division  Mail Stop R/CSD7  325 Broadway  Boulder  CO 80305
PLATFORM: NOAA WP-3D
LOCATION: The aircraft was stationed in  Smyrna  Tennessee. Aircraft location information in AircraftPosition file.
ASSOCIATED_DATA: N/A
INSTRUMENT_INFO: N/A
DATA_INFO: Units:AmbTemp celcius; DewPtTemp celcius; DewPtTempTDL celcius; H2Omr g/kg; PotTemp kelvin; RelHumidity percent; StaticPrs millibar; VertWindSpd m/s; WindDir degrees; WindSpd m/s
UNCERTAINTY: N/A
ULOD_FLAG: -7777
ULOD_VALUE: N/A
LLOD_FLAG: -8888
LLOD_VALUE: N/A
DM_CONTACT_INFO: Data Manager:Ken Aikin; email:Kenneth.C.Aikin@noaa.gov
PROJECT_INFO: SENEX 2013 Study; June 1 - July 15  2013
STIPULATIONS_ON_USE: Use of these data require prior ok from PI.
OTHER_COMMENTS:       None
REVISION: RA
RA: Preliminary Data.  For in-field use.
AOCTimewave  AmbTemp  DewPtTemp  DewPtTempTDL  H2Omr  PotTemp  RelHumidity  StaticPrs  VertWindSpd  WindDir  WindSpd
[from data line 18521]
69792.0  19.170  13.160  -29.670  10.08  296.81  67.65  948.01  -0.07  6.11  3.78
69793.0  19.210  13.140  -29.670  10.06  296.86  67.36  947.88  -0.36  11.15  3.58
69794.0  19.320  13.060  -29.670  10.01  296.97  66.56  947.91  -0.23  12.96  3.37
69795.0  19.380  13.030  -29.670  9.99  297.03  66.18  947.94  -0.38  11.56  2.78
69796.0  19.380  13.010  -29.670  9.98  297.03  66.08  947.97  -0.38  12.16  3.19
69797.0  19.410  13.010  -29.670  9.98  297.06  65.93  947.95  -0.38  4.41  3.27
69798.0  19.390  12.980  -29.670  9.96  297.04  65.93  947.89  -0.71  5.36  3.37
69799.0  19.350  12.990  -29.670  9.96  297.01  66.10  947.86  -0.40  6.01  3.76
69800.0  19.350  12.980  -29.670  9.96  296.99  66.08  948.07  -0.58  1.21  4.47
69801.0  19.260  13.000  -29.670  9.97  296.90  66.51  948.11  -0.04  8.79  4.53
69802.0  19.360  13.010  -29.670  9.98  297.00  66.15  947.99  0.03  2.72  4.61
69803.0  19.390  12.960  -29.670  9.94  297.04  65.79  948.00  0.86  351.95  4.46
69804.0  19.320  12.970  -29.670  9.95  296.96  66.18  947.99  2.01  351.47  3.86
69805.0  19.320  12.980  -29.670  9.96  296.98  66.17  947.87  3.16  352.58  2.62
69806.0  19.410  12.980  -29.670  9.96  297.10  65.80  947.52  1.82  358.43  4.46
69807.0  19.440  13.030  -29.670  10.00  297.15  65.93  947.26  1.64  346.70  5.08
69808.0  19.320  13.060  -29.670  10.02  297.05  66.53  947.12  1.98  339.38  3.23
69809.0  19.210  13.090  -29.670  10.04  296.95  67.13  946.98  2.05  354.45  4.59
69810.0  19.190  13.140  -29.670  10.07  296.92  67.43  946.98  1.18  4.16  4.90
69811.0  19.190  13.200  -29.670  10.12  296.91  67.74  947.08  1.10  15.68  4.83
69812.0  19.350  13.260  -29.670  10.15  297.07  67.31  947.15  1.45  1.63  3.86
69813.0  19.390  13.310  -29.670  10.19  297.10  67.34  947.26  1.50  350.64  3.33
69814.0  19.370  13.350  -29.670  10.22  297.09  67.61  947.22  2.47  351.27  4.00
69815.0  19.360  13.390  -29.670  10.24  297.07  67.87  947.20  1.94  347.55  3.27
69816.0  19.250  13.420  -29.670  10.26  296.96  68.42  947.31  2.53  22.71  2.90
69817.0  19.390  13.420  -29.670  10.26  297.10  67.82  947.30  0.90  11.90  2.88
69818.0  19.400  13.420  -29.670  10.26  297.11  67.79  947.30  0.55  5.60  3.34
69819.0  19.330  13.420  -29.670  10.26  297.02  68.11  947.43  -0.23  12.75  3.54
69820.0  19.290  13.410  -29.670  10.25  296.98  68.24  947.45  -0.73  14.94  4.15
69821.0  19.410  13.370  -29.670  10.22  297.08  67.56  947.68  -0.41  354.21  2.64
69822.0  19.420  13.330  -29.670  10.20  297.10  67.30  947.62  -0.73  354.12  1.82
69823.0  19.370  13.260  -29.670  10.15  297.03  67.22  947.84  -0.04  19.01  3.01
69824.0  19.340  13.210  -29.670  10.11  296.99  67.12  947.97  -0.45  21.76  4.17
69825.0  19.380  13.170  -29.670  10.08  297.01  66.76  948.11  -0.51  5.93  4.21
69826.0  19.400  13.110  -29.670  10.04  297.02  66.42  948.29  -0.06  355.67  3.49
69827.0  19.450  13.030  -29.670  9.99  297.07  65.88  948.26  -0.02  3.19  4.52
69828.0  19.440  13.010  -29.670  9.97  297.05  65.80  948.45  0.96  7.38  4.98
69829.0  19.550  12.980  -29.670  9.96  297.17  65.24  948.34  1.52  3.83  4.36
69830.0  19.570  12.960  -29.670  9.94  297.20  65.05  948.27  1.11  347.23  4.47
69831.0  19.480  12.930  -29.670  9.92  297.10  65.30  948.32  1.31  351.11  3.96
69832.0  19.640  12.920  -29.670  9.91  297.27  64.59  948.20  1.72  337.47  5.15
69833.0  19.430  12.910  -29.670  9.91  297.07  65.44  948.02  0.08  350.31  3.67
69834.0  19.360  12.910  -29.670  9.91  296.99  65.74  948.13  0.16  348.18  3.30
69835.0  19.320  12.890  -29.670  9.90  296.96  65.78  948.11  1.37  345.70  3.30
69836.0  19.300  12.850  -29.670  9.87  296.96  65.70  947.78  1.17  353.01  2.67
69837.0  19.270  12.870  -29.670  9.89  296.93  65.92  947.76  -0.21  2.36  2.89
69838.0  19.240  12.940  -29.670  9.93  296.90  66.35  947.82  0.50  6.32  3.72
69839.0  19.240  12.980  -29.670  9.96  296.90  66.56  947.74  -0.69  0.88  3.66
69840.0  19.210  13.010  -29.670  9.98  296.86  66.81  947.89  -0.24  8.69  3.93
69841.0  19.270  12.990  -29.670  9.96  296.93  66.42  947.83  -0.58  3.90  4.14
69842.0  19.420  13.070  -29.670  10.02  297.09  66.14  947.80  -0.59  356.34  4.32
69843.0  19.410  13.050  -29.670  10.01  297.06  66.10  948.05  -0.58  344.79  3.58
69844.0  19.370  13.030  -29.670  9.99  297.02  66.20  947.97  -0.76  1.75  4.19
69845.0  19.400  12.990  -29.670  9.96  297.06  65.85  947.97  -0.67  4.62  4.60
69846.0  19.520  12.980  -29.670  9.96  297.17  65.33  948.02  -1.34  2.49  4.21
69847.0  19.530  12.920  -29.670  9.92  297.18  65.04  947.96  -0.07  359.10  4.92
69848.0  19.570  12.830  -29.670  9.86  297.21  64.49  948.06  -0.45  351.42  4.53
69849.0  19.580  12.770  -29.670  9.82  297.24  64.20  947.91  -0.23  352.67  3.94
69850.0  19.540  12.700  -29.670  9.78  297.19  64.07  947.98  1.04  1.61  4.72
69851.0  19.550  12.670  -29.670  9.76  297.21  63.91  947.89  1.35  0.87  5.25
69852.0  19.600  12.670  -29.670  9.76  297.26  63.72  947.83  1.74  350.90  3.19
69853.0  19.490  12.650  -29.670  9.75  297.18  64.05  947.61  0.53  6.58  3.77
69854.0  19.500  12.600  -29.670  9.72  297.18  63.83  947.62  0.44  8.57  4.21
69855.0  19.510  12.550  -29.670  9.68  297.19  63.54  947.64  0.14  18.42  3.76
69856.0  19.680  12.460  -29.670  9.62  297.36  62.45  947.68  -0.53  355.32  3.12
69857.0  19.600  12.430  -29.670  9.60  297.28  62.67  947.68  -0.72  358.86  3.17
69858.0  19.610  12.330  -29.670  9.54  297.28  62.22  947.81  -0.76  350.10  3.24
69859.0  19.560  12.280  -29.670  9.50  297.22  62.20  947.84  -1.21  356.26  3.71
69860.0  19.580  12.180  -29.670  9.45  297.25  61.72  947.83  -1.83  353.23  3.85
69861.0  19.630  12.130  -29.670  9.41  297.30  61.31  947.85  -1.40  340.00  3.55
69862.0  19.530  12.060  -29.670  9.37  297.19  61.42  947.93  -0.77  355.08  2.64
69863.0  19.600  12.040  -29.670  9.35  297.25  61.07  947.98  -0.52  4.88  3.78
69864.0  19.730  12.040  -29.670  9.35  297.39  60.55  947.97  0.39  333.69  2.46
69865.0  19.700  12.040  -29.670  9.35  297.37  60.65  947.85  0.62  347.31  3.42
69866.0  19.680  12.010  -29.670  9.34  297.36  60.62  947.68  0.72  356.89  3.58
69867.0  19.700  12.010  -29.670  9.33  297.38  60.52  947.75  2.74  3.93  4.87
69868.0  19.760  12.030  -29.670  9.35  297.46  60.38  947.54  1.11  350.07  3.89
69869.0  19.620  11.980  -29.670  9.32  297.31  60.76  947.56  0.08  3.71  3.88
69870.0  19.570  11.980  -29.670  9.32  297.26  60.90  947.67  -0.90  0.31  3.17
69871.0  19.570  11.940  -29.670  9.29  297.26  60.76  947.61  -0.52  348.21  4.57
69872.0  19.500  11.960  -29.670  9.31  297.18  61.14  947.65  -1.00  352.02  4.25
69873.0  19.560  11.960  -29.670  9.31  297.23  60.90  947.79  -1.59  337.72  3.76
69874.0  19.520  11.940  -29.670  9.29  297.19  60.95  947.82  -0.65  338.90  3.73
69875.0  19.530  12.000  -29.670  9.33  297.19  61.16  947.90  -0.67  333.24  3.00
69876.0  19.530  12.050  -29.670  9.36  297.19  61.37  947.87  -0.61  321.93  3.06
69877.0  19.500  12.100  -29.670  9.39  297.17  61.69  947.82  -0.47  336.80  2.73
69878.0  19.510  12.150  -29.670  9.42  297.17  61.87  947.88  -0.74  355.46  3.43
69879.0  19.680  12.160  -29.670  9.43  297.34  61.23  947.96  -0.52  325.97  2.74
69880.0  19.720  12.200  -29.670  9.45  297.38  61.25  947.87  -0.81  338.40  3.95
69881.0  19.620  12.270  -29.670  9.50  297.26  61.95  948.03  -1.11  345.81  4.09
69882.0  19.540  12.320  -29.670  9.53  297.17  62.44  948.22  -0.86  342.55  3.96
69883.0  19.590  12.350  -29.670  9.55  297.22  62.39  948.24  0.00  332.72  4.70
69884.0  19.550  12.330  -29.670  9.53  297.19  62.45  948.13  0.06  331.65  4.74
69885.0  19.470  12.360  -29.670  9.56  297.09  62.94  948.24  3.14  334.50  2.77
69886.0  19.370  12.400  -29.670  9.58  297.05  63.45  947.67  2.39  353.69  2.78
69887.0  19.460  12.470  -29.670  9.63  297.15  63.38  947.57  0.65  351.21  5.06
69888.0  19.380  12.560  -29.670  9.69  297.06  64.12  947.63  0.65  353.26  5.59
69889.0  19.320  12.610  -29.670  9.72  297.02  64.56  947.42  0.02  354.94  4.73
69890.0  19.330  12.680  -29.670  9.76  297.01  64.83  947.60  -0.19  352.16  4.87
69891.0  19.350  12.730  -29.670  9.80  297.03  64.97  947.62  0.06  349.00  4.18
69892.0  19.260  12.780  -29.670  9.83  296.95  65.54  947.58  -0.75  2.77  3.12
69893.0  19.280  12.830  -29.670  9.86  296.96  65.70  947.64  -1.40  20.40  2.77
69894.0  19.310  12.880  -29.670  9.90  297.00  65.78  947.52  -1.30  17.04  3.14
69895.0  19.320  12.900  -29.670  9.91  297.00  65.81  947.64  -1.08  10.56  3.24
69896.0  19.310  12.930  -29.670  9.92  296.98  65.97  947.74  -0.88  10.80  2.84
69897.0  19.330  12.880  -29.670  9.90  296.99  65.70  947.85  -0.23  2.43  2.99
69898.0  19.350  12.900  -29.670  9.91  297.01  65.72  947.88  0.53  358.26  4.59
69899.0  19.350  12.920  -29.670  9.92  297.03  65.81  947.66  0.28  351.49  4.67
69900.0  19.300  12.950  -29.670  9.94  296.98  66.12  947.63  -0.45  358.35  4.42
69901.0  19.320  12.930  -29.670  9.93  296.99  65.97  947.77  -0.76  359.92  3.79
69902.0  19.350  12.890  -29.670  9.90  297.01  65.64  947.89  -0.72  357.09  3.91
69903.0  19.370  12.860  -29.670  9.88  297.03  65.46  947.89  -0.54  358.42  3.94
69904.0  19.330  12.820  -29.670  9.85  296.98  65.41  948.02  -0.81  0.32  3.70
69905.0  19.330  12.790  -29.670  9.83  296.97  65.33  948.03  -0.92  357.79  3.54
69906.0  19.360  12.800  -29.670  9.83  296.99  65.21  948.17  -0.76  0.90  2.62
69907.0  19.370  12.770  -29.670  9.82  297.01  65.08  948.08  -0.95  11.53  2.59
69908.0  19.450  12.770  -29.670  9.82  297.08  64.70  948.22  -1.18  5.80  2.97
69909.0  19.520  12.730  -29.670  9.79  297.17  64.24  948.07  -1.29  357.90  2.97
69910.0  19.480  12.700  -29.670  9.78  297.13  64.32  947.97  -0.97  2.37  3.33
69911.0  19.560  12.700  -29.670  9.77  297.19  63.98  948.16  -0.71  350.40  3.54
69912.0  19.530  12.670  -29.670  9.76  297.17  63.97  948.14  -0.56  345.06  3.55
69913.0  19.520  12.680  -29.670  9.76  297.16  64.02  948.15  -0.04  345.92  4.14
69914.0  19.550  12.660  -29.670  9.75  297.20  63.84  948.01  -0.26  337.61  3.96
69915.0  19.540  12.610  -29.670  9.71  297.18  63.68  948.10  -0.15  337.55  4.05
69916.0  19.520  12.560  -29.670  9.68  297.17  63.52  948.06  -0.41  344.43  4.38
69917.0  19.450  12.530  -29.670  9.66  297.10  63.69  947.98  -0.16  2.89  3.64
69918.0  19.550  12.510  -29.670  9.65  297.21  63.19  947.87  -1.09  353.85  3.63
69919.0  19.490  12.480  -29.670  9.63  297.14  63.33  947.98  1.53  4.76  3.56
69920.0  19.540  12.500  -29.670  9.64  297.22  63.19  947.71  1.94  348.78  3.97
69921.0  19.530  12.490  -29.670  9.65  297.22  63.23  947.50  2.75  342.32  4.81
69922.0  19.470  12.490  -29.670  9.65  297.18  63.45  947.32  2.12  344.36  5.52
69923.0  19.450  12.490  -29.670  9.65  297.16  63.56  947.30  1.34  345.66  3.91
69924.0  19.470  12.520  -29.670  9.66  297.19  63.57  947.18  0.33  347.51  3.60
69925.0  19.320  12.540  -29.670  9.68  297.04  64.25  947.27  -0.09  3.34  4.34
69926.0  19.340  12.550  -29.670  9.68  297.05  64.22  947.29  -0.53  18.04  4.29
69927.0  19.410  12.550  -29.670  9.68  297.12  63.97  947.32  -0.05  17.14  4.17
69928.0  19.430  12.570  -29.670  9.70  297.15  63.95  947.20  -0.33  14.36  4.20
69929.0  19.500  12.560  -29.670  9.69  297.21  63.64  947.32  -0.48  7.53  3.99
69930.0  19.470  12.570  -29.670  9.69  297.17  63.78  947.40  0.47  8.90  3.43
69931.0  19.500  12.570  -29.670  9.70  297.21  63.69  947.33  -0.49  356.24  2.58
69932.0  19.510  12.570  -29.670  9.70  297.21  63.62  947.50  -0.40  343.69  2.33
69933.0  19.520  12.610  -29.670  9.72  297.19  63.78  947.75  -0.31  338.98  2.80
69934.0  19.480  12.630  -29.670  9.73  297.16  64.02  947.71  -0.32  335.53  3.13
69935.0  19.440  12.640  -29.670  9.73  297.11  64.20  947.78  -0.51  342.13  3.35
69936.0  19.430  12.650  -29.670  9.74  297.07  64.29  948.04  -0.40  344.69  3.93
69937.0  19.440  12.650  -29.670  9.74  297.09  64.25  948.03  -0.94  349.17  4.06
69938.0  19.520  12.650  -29.670  9.74  297.16  63.91  948.11  -1.13  340.58  4.06
69939.0  19.520  12.640  -29.670  9.73  297.14  63.90  948.34  0.45  339.65  5.00
69940.0  19.460  12.640  -29.670  9.73  297.09  64.09  948.22  0.17  341.90  5.08
69941.0  19.400  12.590  -29.670  9.70  297.04  64.16  948.12  -0.25  348.74  4.57
69942.0  19.440  12.590  -29.670  9.70  297.06  64.00  948.29  -0.69  353.79  5.23
69943.0  19.430  12.570  -29.670  9.69  297.06  63.95  948.13  -0.35  354.99  4.91
69944.0  19.430  12.550  -29.670  9.67  297.07  63.83  948.17  -0.50  353.21  4.78
69945.0  19.400  12.530  -29.670  9.66  297.03  63.91  948.13  0.29  355.61  4.73
69946.0  19.410  12.520  -29.670  9.66  297.05  63.83  948.14  0.25  351.40  5.14
69947.0  19.360  12.500  -29.670  9.64  297.00  63.95  948.07  1.65  345.84  3.77
69948.0  19.330  12.500  -29.670  9.64  296.99  64.04  947.84  1.19  343.12  4.24
69949.0  19.250  12.510  -29.670  9.66  296.92  64.46  947.72  0.50  352.64  4.53
69950.0  19.280  12.560  -29.670  9.68  296.94  64.51  947.85  0.65  354.59  4.91
69951.0  19.250  12.570  -29.670  9.69  296.93  64.66  947.70  0.22  11.74  4.67
69952.0  19.390  12.550  -29.670  9.68  297.07  64.00  947.70  -0.95  1.56  4.28
69953.0  19.380  12.550  -29.670  9.68  297.05  64.08  947.75  -0.70  0.55  3.75
69954.0  19.400  12.530  -29.670  9.66  297.07  63.87  947.79  -0.25  4.30  3.47
69955.0  19.440  12.570  -29.670  9.69  297.11  63.91  947.72  -0.05  4.99  3.03
69956.0  19.480  12.520  -29.670  9.66  297.16  63.53  947.68  0.11  358.49  3.26
69957.0  19.520  12.510  -29.670  9.66  297.18  63.37  947.82  0.31  353.01  3.57
69958.0  19.530  12.490  -29.670  9.64  297.20  63.21  947.86  0.30  348.09  3.35
69959.0  19.530  12.470  -29.670  9.63  297.20  63.11  947.83  0.63  344.96  3.27
69960.0  19.470  12.440  -29.670  9.61  297.15  63.27  947.64  0.69  356.06  4.49
69961.0  19.480  12.420  -29.670  9.60  297.17  63.11  947.62  -0.01  356.62  4.06
69962.0  19.520  12.400  -29.670  9.58  297.21  62.87  947.57  -0.46  348.42  3.74
69963.0  19.470  12.400  -29.670  9.58  297.13  63.07  947.81  -0.67  357.17  3.85
69964.0  19.560  12.420  -29.670  9.60  297.22  62.81  947.88  -0.66  359.79  4.05
69965.0  19.570  12.340  -29.670  9.54  297.23  62.40  947.90  -0.42  359.24  3.95
69966.0  19.580  12.170  -29.670  9.44  297.24  61.68  947.95  -0.53  0.31  4.29
69967.0  19.610  12.050  -29.670  9.36  297.27  61.07  947.89  -0.72  359.47  4.22
69968.0  19.570  11.950  -29.670  9.30  297.22  60.81  947.97  -0.51  1.96  4.09
69969.0  19.570  11.830  -29.670  9.22  297.22  60.33  948.00  -0.51  358.19  4.34
69970.0  19.580  11.750  -29.670  9.17  297.22  59.95  948.09  -0.23  358.39  4.14
69971.0  19.590  11.600  -29.670  9.08  297.25  59.35  947.91  -0.15  352.07  4.25
69972.0  19.540  11.550  -29.670  9.05  297.20  59.30  947.98  -0.61  358.12  4.49
69973.0  19.580  11.450  -29.670  8.99  297.22  58.80  948.11  -0.82  357.68  4.15
69974.0  19.610  11.400  -29.670  8.96  297.26  58.45  948.00  -1.01  354.49  4.04
69975.0  19.610  11.350  -29.670  8.93  297.27  58.26  947.89  -0.94  353.11  4.41
69976.0  19.610  11.300  -29.670  8.90  297.27  58.06  947.93  -0.84  347.07  4.27
69977.0  19.590  11.250  -29.670  8.87  297.24  57.96  948.05  -0.65  346.97  4.65
69978.0  19.540  11.200  -29.670  8.84  297.19  57.96  948.04  -0.32  348.22  4.61
69979.0  19.510  11.130  -29.670  8.80  297.17  57.77  947.97  -0.55  353.54  4.49
69980.0  19.580  11.080  -29.670  8.77  297.23  57.34  947.97  -0.70  345.17  4.77
69981.0  19.570  11.120  -29.670  8.79  297.23  57.52  947.94  -0.12  341.62  4.38
69982.0  19.620  11.210  -29.670  8.85  297.28  57.68  947.88  1.08  347.30  5.42
69983.0  19.670  11.330  -29.670  8.92  297.34  57.98  947.82  1.02  342.61  4.17
69984.0  19.680  11.480  -29.670  9.01  297.36  58.50  947.69  -0.16  325.73  3.23
69985.0  19.560  11.570  -29.670  9.07  297.23  59.34  947.75  -0.99  340.04  3.22
