flight/WP3D/AircraftPos_NP3_20130612_RA.ict
38  1001
Ken Aikin
NOAA ESRL Chemical Sciences Division
various aircraft sensors
SENEX 2013
1  1
2013  06  12  2013  06  12
1
AOCTimewave
5
1  1  1  1  1 
-9999  -9999  -9999  -9999  -9999
GpsLat  deg
GpsLon  deg
GpsAlt  m
PAlt  m
RAlt  m
1
SPECIAL COMMENTS:Atlanta flight.
18
PI_CONTACT_INFO: Address: NOAA ESRL Chemical Sciences Division  Mail Stop R/CSD7  325 Broadway  Boulder  CO 80305
PLATFORM: NOAA WP-3D
LOCATION: The aircraft was stationed in Smyrna  Tennessee. Aircraft location information in AircraftPosition file.
ASSOCIATED_DATA: N/A
INSTRUMENT_INFO: N/A
DATA_INFO: Units:GpsLat:decimal degrees; GpsLon: decimal degrees; GpsAlt: meters; PAlt:meters; RAlt: meters.
UNCERTAINTY: N/A
ULOD_FLAG: -7777
ULOD_VALUE: N/A
LLOD_FLAG: -8888
LLOD_VALUE: N/A
DM_CONTACT_INFO: Data Manager:Ken Aikin; email:Kenneth.C.Aikin@noaa.gov
PROJECT_INFO: SENEX 2013 Study; June 1 - July 15  2013
STIPULATIONS_ON_USE: Use of these data require prior ok from PI.
OTHER_COMMENTS:       None
REVISION: RA
RA: Preliminary Data.  For in-field use.
AOCTimewave  GpsLat  GpsLon  GpsAlt  PAlt  RAlt
[from data line 16001]
69299.0  32.5018   -83.0437    660.8    574.0    597.6
69300.0  32.5018   -83.0450    660.8    574.9    597.4
69301.0  32.5018   -83.0462    659.6    573.7    592.4
69302.0  32.5019   -83.0475    658.9    573.3    581.2
69303.0  32.5019   -83.0487    658.9    571.9    580.1
69304.0  32.5019   -83.0500    659.6    572.9    582.6
69305.0  32.5019   -83.0512    659.1    573.1    587.0
69306.0  32.5019   -83.0524    659.6    572.5    593.6
69307.0  32.5019   -83.0537    659.6    572.2    591.8
69308.0  32.5019   -83.0549    659.6    571.8    597.3
69309.0  32.5019   -83.0562    660.3    573.5    600.2
69310.0  32.5019   -83.0574    660.8    573.7    596.6
69311.0  32.5019   -83.0587    660.0    573.9    593.0
69312.0  32.5019   -83.0599    660.1    573.2    598.5
69313.0  32.5019   -83.0612    659.6    573.3    603.9
69314.0  32.5019   -83.0624    661.2    573.4    594.8
69315.0  32.5018   -83.0636    662.5    574.3    596.6
69316.0  32.5018   -83.0649    663.4    577.0    595.0
69317.0  32.5018   -83.0661    664.5    577.6    599.2
69318.0  32.5018   -83.0674    665.7    578.4    602.1
69319.0  32.5018   -83.0686    665.7    577.8    592.3
69320.0  32.5018   -83.0699    665.7    578.3    598.4
69321.0  32.5018   -83.0711    665.7    578.9    600.2
69322.0  32.5017   -83.0724    665.7    579.1    598.4
69323.0  32.5017   -83.0736    665.7    577.5    597.9
69324.0  32.5017   -83.0749    665.7    578.3    596.1
69325.0  32.5017   -83.0761    665.2    578.0    601.9
69326.0  32.5017   -83.0774    664.5    577.2    600.3
69327.0  32.5016   -83.0786    664.5    577.6    601.1
69328.0  32.5016   -83.0799    664.5    577.4    598.6
69329.0  32.5016   -83.0811    663.4    576.8    596.5
69330.0  32.5016   -83.0824    663.2    576.1    602.9
69331.0  32.5016   -83.0836    663.2    576.2    600.3
69332.0  32.5016   -83.0849    662.1    575.1    592.3
69333.0  32.5015   -83.0862    661.6    575.2    592.4
69334.0  32.5015   -83.0874    660.8    574.6    590.7
69335.0  32.5015   -83.0887    660.3    574.4    592.3
69336.0  32.5015   -83.0899    659.6    574.2    592.9
69337.0  32.5015   -83.0912    659.1    573.0    591.8
69338.0  32.5015   -83.0924    658.4    571.8    584.1
69339.0  32.5014   -83.0937    658.4    571.6    582.2
69340.0  32.5014   -83.0949    657.7    569.6    577.9
69341.0  32.5014   -83.0962    657.1    569.0    574.0
69342.0  32.5014   -83.0974    657.1    569.9    576.6
69343.0  32.5014   -83.0987    658.3    571.1    574.8
69344.0  32.5014   -83.0999    658.4    571.3    575.5
69345.0  32.5014   -83.1012    659.2    573.0    575.6
69346.0  32.5014   -83.1024    660.1    572.9    576.4
69347.0  32.5013   -83.1037    661.5    574.4    582.9
69348.0  32.5013   -83.1049    663.5    577.1    584.6
69349.0  32.5013   -83.1062    665.0    579.4    593.1
69350.0  32.5013   -83.1075    665.7    580.6    599.7
69351.0  32.5013   -83.1087    666.6    581.9    601.0
69352.0  32.5013   -83.1100    666.9    581.6    595.0
69353.0  32.5013   -83.1112    665.8    580.0    591.9
69354.0  32.5013   -83.1125    665.7    578.6    588.8
69355.0  32.5013   -83.1137    664.6    579.0    577.7
69356.0  32.5013   -83.1150    664.5    579.2    581.6
69357.0  32.5012   -83.1162    664.5    577.9    586.1
69358.0  32.5012   -83.1175    664.5    578.1    589.5
69359.0  32.5012   -83.1188    664.5    579.2    584.6
69360.0  32.5012   -83.1200    665.4    580.0    584.3
69361.0  32.5012   -83.1213    665.7    579.2    584.3
69362.0  32.5012   -83.1225    665.7    578.5    583.8
69363.0  32.5012   -83.1238    664.6    577.6    572.1
69364.0  32.5011   -83.1251    663.8    576.8    570.9
69365.0  32.5011   -83.1263    663.0    576.3    569.1
69366.0  32.5011   -83.1276    662.0    576.9    568.8
69367.0  32.5011   -83.1289    660.9    575.4    562.0
69368.0  32.5011   -83.1301    660.3    574.2    572.9
69369.0  32.5010   -83.1314    659.6    572.6    565.2
69370.0  32.5010   -83.1327    658.4    571.0    562.9
69371.0  32.5010   -83.1339    658.0    570.2    563.0
69372.0  32.5010   -83.1352    657.1    569.8    560.2
69373.0  32.5010   -83.1365    656.5    569.9    563.4
69374.0  32.5010   -83.1377    655.9    570.2    560.7
69375.0  32.5009   -83.1390    655.9    570.1    560.7
69376.0  32.5009   -83.1402    655.9    569.7    560.5
69377.0  32.5009   -83.1415    655.9    568.9    561.2
69378.0  32.5009   -83.1428    655.9    569.7    560.7
69379.0  32.5009   -83.1440    655.9    570.0    565.2
69380.0  32.5009   -83.1453    656.6    569.6    570.4
69381.0  32.5009   -83.1465    657.6    572.4    571.2
69382.0  32.5008   -83.1478    658.6    573.3    567.0
69383.0  32.5008   -83.1490    659.6    573.5    574.1
69384.0  32.5008   -83.1503    660.1    574.0    576.0
69385.0  32.5008   -83.1516    660.8    574.7    579.7
69386.0  32.5008   -83.1528    662.0    576.6    584.4
69387.0  32.5008   -83.1541    662.0    577.4    584.9
69388.0  32.5008   -83.1553    662.0    577.2    582.1
69389.0  32.5007   -83.1566    662.0    576.5    580.6
69390.0  32.5007   -83.1578    661.2    576.3    577.9
69391.0  32.5007   -83.1591    660.7    574.8    584.3
69392.0  32.5007   -83.1603    659.6    574.0    579.2
69393.0  32.5007   -83.1616    659.6    572.9    581.1
69394.0  32.5007   -83.1628    660.3    573.4    570.4
69395.0  32.5006   -83.1641    661.4    575.2    573.6
69396.0  32.5006   -83.1653    662.0    577.1    573.3
69397.0  32.5006   -83.1666    662.0    576.3    576.3
69398.0  32.5006   -83.1678    662.0    576.5    577.3
69399.0  32.5006   -83.1691    662.0    576.3    575.5
69400.0  32.5006   -83.1703    661.6    574.8    573.8
69401.0  32.5005   -83.1716    660.8    573.8    572.3
69402.0  32.5005   -83.1728    660.0    573.6    572.9
69403.0  32.5005   -83.1741    659.6    572.3    575.6
69404.0  32.5005   -83.1753    658.7    571.7    574.1
69405.0  32.5005   -83.1766    658.4    571.6    569.9
69406.0  32.5004   -83.1778    658.4    571.5    568.0
69407.0  32.5004   -83.1790    657.4    570.0    562.4
69408.0  32.5004   -83.1803    657.1    570.0    562.5
69409.0  32.5004   -83.1815    657.1    569.4    558.2
69410.0  32.5003   -83.1828    657.1    569.2    559.5
69411.0  32.5003   -83.1840    657.4    570.7    562.2
69412.0  32.5003   -83.1852    658.4    570.9    563.6
69413.0  32.5002   -83.1865    658.4    573.1    564.1
69414.0  32.5002   -83.1877    659.3    574.2    564.8
69415.0  32.5002   -83.1890    659.6    574.4    564.6
69416.0  32.5002   -83.1902    660.5    575.7    568.5
69417.0  32.5002   -83.1914    661.1    575.0    569.0
69418.0  32.5001   -83.1927    662.0    575.0    567.6
69419.0  32.5001   -83.1939    663.2    575.5    568.3
69420.0  32.5001   -83.1951    663.2    575.1    570.2
69421.0  32.5001   -83.1964    663.8    575.4    573.9
69422.0  32.5001   -83.1976    664.5    577.1    576.3
69423.0  32.5001   -83.1989    664.5    578.1    575.0
69424.0  32.5001   -83.2001    664.5    577.9    574.6
69425.0  32.5000   -83.2013    664.5    578.1    578.2
69426.0  32.5000   -83.2026    664.5    577.4    574.6
69427.0  32.5000   -83.2038    663.5    577.6    571.9
69428.0  32.5000   -83.2050    663.2    577.6    573.8
69429.0  32.5000   -83.2063    663.7    576.5    571.9
69430.0  32.5000   -83.2075    664.5    577.7    575.0
69431.0  32.5000   -83.2087    664.5    577.9    574.6
69432.0  32.5000   -83.2100    664.5    577.3    576.5
69433.0  32.5000   -83.2112    664.5    576.6    576.6
69434.0  32.5000   -83.2124    664.5    577.2    575.2
69435.0  32.4999   -83.2137    664.5    576.5    569.0
69436.0  32.4999   -83.2149    663.4    576.4    563.7
69437.0  32.4999   -83.2161    663.2    575.8    567.0
69438.0  32.4999   -83.2174    663.2    574.9    571.2
69439.0  32.4999   -83.2186    663.2    576.0    570.2
69440.0  32.4999   -83.2198    663.2    576.2    575.4
69441.0  32.4998   -83.2211    662.3    574.3    567.9
69442.0  32.4998   -83.2223    661.6    572.9    566.5
69443.0  32.4998   -83.2236    660.7    573.4    564.6
69444.0  32.4998   -83.2248    659.4    570.5    565.5
69445.0  32.4998   -83.2260    658.1    570.2    564.2
69446.0  32.4998   -83.2273    657.1    568.9    555.5
69447.0  32.4998   -83.2285    656.8    570.1    554.1
69448.0  32.4998   -83.2297    655.9    570.1    558.8
69449.0  32.4998   -83.2310    656.1    568.7    556.3
69450.0  32.4998   -83.2322    657.1    570.1    555.6
69451.0  32.4999   -83.2334    657.1    570.5    549.4
69452.0  32.4999   -83.2347    657.2    570.9    554.2
69453.0  32.4999   -83.2359    658.4    570.8    556.9
69454.0  32.4999   -83.2371    659.4    571.4    556.0
69455.0  32.4999   -83.2384    659.6    572.5    552.3
69456.0  32.4999   -83.2396    660.7    572.3    556.3
69457.0  32.4999   -83.2408    660.8    573.4    550.0
69458.0  32.4999   -83.2420    660.8    574.3    558.0
69459.0  32.5000   -83.2433    662.0    574.6    557.4
69460.0  32.5000   -83.2445    662.4    574.7    555.4
69461.0  32.5000   -83.2457    663.2    575.9    555.8
69462.0  32.5000   -83.2469    663.2    576.0    558.9
69463.0  32.5000   -83.2482    664.1    576.9    560.8
69464.0  32.5000   -83.2494    664.5    578.2    560.8
69465.0  32.5001   -83.2506    664.5    577.9    556.5
69466.0  32.5001   -83.2518    664.5    577.3    551.5
69467.0  32.5001   -83.2531    664.5    577.7    554.7
69468.0  32.5001   -83.2543    664.4    577.5    552.4
69469.0  32.5001   -83.2555    663.2    576.8    549.8
69470.0  32.5002   -83.2568    662.1    574.4    555.3
69471.0  32.5002   -83.2580    662.0    573.7    553.0
69472.0  32.5002   -83.2592    662.0    573.7    553.4
69473.0  32.5002   -83.2604    660.9    573.1    547.3
69474.0  32.5003   -83.2617    661.2    574.1    547.8
69475.0  32.5003   -83.2629    662.0    574.2    547.9
69476.0  32.5003   -83.2641    662.0    573.7    544.0
69477.0  32.5003   -83.2653    662.0    573.9    548.0
69478.0  32.5003   -83.2666    662.0    575.0    551.5
69479.0  32.5004   -83.2678    662.0    575.2    551.2
69480.0  32.5004   -83.2690    662.0    575.2    554.7
69481.0  32.5004   -83.2702    663.2    576.1    552.7
69482.0  32.5004   -83.2715    663.6    576.9    554.1
69483.0  32.5004   -83.2727    664.5    577.6    558.0
69484.0  32.5005   -83.2739    664.5    577.3    560.1
69485.0  32.5005   -83.2752    665.0    579.0    558.1
69486.0  32.5005   -83.2764    665.7    579.9    562.1
69487.0  32.5005   -83.2776    665.0    578.0    564.9
69488.0  32.5005   -83.2788    664.5    578.3    568.5
69489.0  32.5006   -83.2801    664.5    578.0    567.3
69490.0  32.5006   -83.2813    664.5    577.6    562.4
69491.0  32.5006   -83.2825    664.5    578.2    562.4
69492.0  32.5006   -83.2838    664.2    577.4    557.1
69493.0  32.5007   -83.2850    663.2    575.6    554.4
69494.0  32.5007   -83.2862    662.0    575.2    554.7
69495.0  32.5007   -83.2875    662.0    574.7    553.3
69496.0  32.5007   -83.2887    662.0    573.7    548.9
69497.0  32.5008   -83.2899    661.2    574.0    543.5
69498.0  32.5008   -83.2912    660.7    574.1    541.2
69499.0  32.5008   -83.2924    660.4    573.6    541.0
69500.0  32.5008   -83.2936    660.0    572.9    540.3
69501.0  32.5008   -83.2949    659.6    572.7    537.6
69502.0  32.5009   -83.2961    659.6    572.3    545.9
69503.0  32.5009   -83.2973    659.6    572.6    548.1
69504.0  32.5009   -83.2986    659.6    572.7    541.4
69505.0  32.5009   -83.2998    660.2    573.7    542.8
69506.0  32.5009   -83.3010    660.8    573.8    546.6
69507.0  32.5010   -83.3023    660.9    574.8    551.9
69508.0  32.5010   -83.3035    662.0    574.7    554.5
69509.0  32.5010   -83.3048    662.0    574.6    552.4
69510.0  32.5010   -83.3060    662.2    574.5    557.3
69511.0  32.5010   -83.3072    663.2    574.9    555.5
69512.0  32.5011   -83.3085    663.9    574.6    560.9
69513.0  32.5011   -83.3097    664.5    577.3    557.8
69514.0  32.5011   -83.3110    665.1    579.7    559.8
69515.0  32.5011   -83.3122    664.2    578.7    557.7
69516.0  32.5011   -83.3134    663.0    577.0    554.3
69517.0  32.5011   -83.3147    661.6    575.8    551.4
69518.0  32.5011   -83.3159    660.1    574.8    544.0
69519.0  32.5012   -83.3172    659.2    574.1    541.5
69520.0  32.5012   -83.3184    658.4    572.4    541.9
69521.0  32.5012   -83.3196    657.4    571.2    542.9
69522.0  32.5012   -83.3209    657.1    571.5    542.0
69523.0  32.5012   -83.3221    657.1    571.3    540.9
69524.0  32.5012   -83.3234    657.1    572.5    542.1
69525.0  32.5012   -83.3246    657.1    571.1    537.5
69526.0  32.5012   -83.3258    657.1    570.1    537.9
69527.0  32.5012   -83.3271    657.6    571.3    539.0
69528.0  32.5012   -83.3283    658.4    572.3    534.6
69529.0  32.5012   -83.3295    658.4    571.9    532.2
69530.0  32.5012   -83.3308    658.4    571.6    530.6
69531.0  32.5012   -83.3320    659.1    572.2    531.0
69532.0  32.5012   -83.3332    659.6    571.3    529.7
69533.0  32.5012   -83.3345    659.6    572.4    533.6
69534.0  32.5012   -83.3357    659.6    573.7    535.5
69535.0  32.5012   -83.3369    659.6    573.3    537.3
69536.0  32.5012   -83.3382    659.6    572.8    539.1
69537.0  32.5012   -83.3394    660.8    574.6    538.0
69538.0  32.5012   -83.3406    660.8    574.1    536.5
69539.0  32.5012   -83.3418    660.8    574.7    532.9
69540.0  32.5012   -83.3431    661.8    574.1    533.1
69541.0  32.5012   -83.3443    662.0    575.7    536.1
69542.0  32.5012   -83.3455    662.0    575.0    540.1
69543.0  32.5012   -83.3467    662.1    575.2    541.2
69544.0  32.5012   -83.3480    663.2    575.9    541.4
69545.0  32.5012   -83.3492    663.2    575.8    538.2
69546.0  32.5012   -83.3504    663.2    575.1    531.9
69547.0  32.5012   -83.3516    664.1    575.3    534.4
69548.0  32.5013   -83.3529    664.5    575.9    529.6
69549.0  32.5013   -83.3541    664.5    576.5    532.1
69550.0  32.5013   -83.3553    664.5    578.7    534.2
69551.0  32.5013   -83.3565    664.5    579.2    540.8
69552.0  32.5013   -83.3578    664.5    578.2    539.3
69553.0  32.5013   -83.3590    664.5    578.0    533.6
69554.0  32.5014   -83.3602    664.5    577.5    536.6
69555.0  32.5014   -83.3614    664.5    578.9    541.3
69556.0  32.5014   -83.3627    663.4    579.2    540.5
69557.0  32.5014   -83.3639    663.2    577.4    537.6
69558.0  32.5014   -83.3651    663.2    577.7    536.5
69559.0  32.5015   -83.3664    662.1    576.1    535.7
69560.0  32.5015   -83.3676    660.8    573.0    539.5
69561.0  32.5015   -83.3688    659.6    571.6    536.0
69562.0  32.5015   -83.3700    658.7    572.7    531.5
69563.0  32.5016   -83.3713    658.2    571.3    537.2
69564.0  32.5016   -83.3725    657.1    570.2    537.3
69565.0  32.5016   -83.3737    657.1    570.5    544.1
69566.0  32.5016   -83.3750    657.1    570.1    542.1
69567.0  32.5016   -83.3762    657.1    569.7    543.3
69568.0  32.5017   -83.3774    657.5    570.6    541.0
69569.0  32.5017   -83.3786    658.4    571.1    546.3
69570.0  32.5017   -83.3799    658.4    570.3    547.8
69571.0  32.5017   -83.3811    658.4    570.9    543.0
69572.0  32.5017   -83.3823    659.6    570.7    541.1
69573.0  32.5018   -83.3835    659.8    571.3    540.7
69574.0  32.5018   -83.3848    660.9    572.9    538.7
69575.0  32.5018   -83.3860    662.0    575.7    538.6
69576.0  32.5018   -83.3872    662.9    575.6    543.3
69577.0  32.5018   -83.3884    663.2    574.9    548.1
69578.0  32.5019   -83.3896    663.2    576.3    555.0
69579.0  32.5019   -83.3909    663.2    577.0    557.3
69580.0  32.5019   -83.3921    663.2    576.1    550.3
69581.0  32.5019   -83.3933    663.2    576.6    546.4
69582.0  32.5019   -83.3945    663.2    575.8    551.8
69583.0  32.5020   -83.3958    663.2    575.7    551.8
69584.0  32.5020   -83.3970    663.2    577.1    549.4
69585.0  32.5020   -83.3982    662.2    576.7    546.4
69586.0  32.5020   -83.3994    662.0    575.9    552.5
69587.0  32.5020   -83.4007    662.0    574.7    553.2
