flight/WP3D/AircraftMet_NP3_20130625_RA.ict
43  1001
Ken Aikin
NOAA ESRL Chemical Sciences Division
various aircraft sensors
SENEX 2013
1  1
2013  06  25  2013  06  25
1
AOCTimewave
10
1  1  1  1  1  1  1  1  1  1
-9999  -9999  -9999  -9999  -9999  -9999  -9999  -9999  -9999  -9999
AmbTemp  C
DewPtTemp  C
DewPtTempTDL  C
H2Omr  g/kg
PotTemp  K
RelHumidity  pct
StaticPrs  mbar
VertWindSpd  m/s
WindDir  deg
WindSpd  m/s
1
SPECIAL COMMENTS:Haynesville flight. Default DewPtTemp was bad from 19:39:53-19:47:27. Also affected H2Omr  RelHumidity  PotTemp.
18
PI_CONTACT_INFO: Address: NOAA ESRL Chemical Sciences Division  Mail Stop R/CSD7  325 Broadway  Boulder  CO 80305
PLATFORM: NOAA WP-3D
LOCATION: The aircraft was stationed in  Smyrna  Tennessee. Aircraft location information in AircraftPosition file.
ASSOCIATED_DATA: N/A
INSTRUMENT_INFO: N/A
DATA_INFO: Units:AmbTemp celcius; DewPtTemp celcius; DewPtTempTDL celcius; H2Omr g/kg; PotTemp kelvin; RelHumidity percent; StaticPrs millibar; VertWindSpd m/s; WindDir degrees; WindSpd m/s
UNCERTAINTY: N/A
ULOD_FLAG: -7777
ULOD_VALUE: N/A
LLOD_FLAG: -8888
LLOD_VALUE: N/A
DM_CONTACT_INFO: Data Manager:Ken Aikin; email:Kenneth.C.Aikin@noaa.gov
PROJECT_INFO: SENEX 2013 Study; June 1 - July 15  2013
STIPULATIONS_ON_USE: Use of these data require prior ok from PI.
OTHER_COMMENTS:       None
REVISION: RA
RA: Preliminary Data.  For in-field use.
AOCTimewave  AmbTemp  DewPtTemp  DewPtTempTDL  H2Omr  PotTemp  RelHumidity  StaticPrs  VertWindSpd  WindDir  WindSpd
[from data line 18503]
73601.0  28.740  19.320  1.270  14.90  305.68  55.73  957.20  2.14  182.27  6.77
73602.0  28.780  19.370  1.240  14.95  305.73  55.78  957.10  1.31  165.81  7.03
73603.0  28.580  19.350  0.830  14.93  305.54  56.38  957.01  -0.37  171.82  7.61
73604.0  28.610  19.440  0.610  15.01  305.55  56.61  957.24  0.60  167.43  8.03
73605.0  28.510  19.490  1.110  15.06  305.45  57.12  957.29  -0.68  165.62  6.30
73606.0  28.510  19.510  0.960  15.08  305.44  57.20  957.35  -0.28  167.90  6.27
73607.0  28.460  19.440  0.680  15.01  305.37  57.11  957.46  -0.05  173.33  8.01
73608.0  28.460  19.370  0.600  14.94  305.38  56.85  957.45  0.13  179.38  7.86
73609.0  28.430  19.320  1.180  14.89  305.34  56.77  957.59  -0.62  179.52  6.80
73610.0  28.390  19.360  1.380  14.93  305.30  57.08  957.52  -1.13  183.01  7.00
73611.0  28.480  19.340  1.350  14.91  305.38  56.69  957.61  -1.40  183.54  6.49
73612.0  28.460  19.320  1.450  14.89  305.36  56.67  957.65  -1.63  183.31  5.74
73613.0  28.570  19.280  1.470  14.84  305.44  56.12  958.03  -0.28  175.81  5.65
73614.0  28.450  19.320  1.460  14.89  305.33  56.71  957.84  1.29  177.31  7.40
73615.0  28.520  19.370  1.660  14.94  305.42  56.64  957.70  1.50  181.11  6.71
73616.0  28.610  19.390  2.170  14.96  305.51  56.41  957.64  1.02  175.73  6.17
73617.0  28.550  19.370  1.990  14.95  305.47  56.57  957.45  0.22  174.66  5.17
73618.0  28.490  19.380  1.580  14.95  305.40  56.79  957.51  0.12  176.00  5.99
73619.0  28.460  19.420  1.510  14.99  305.39  57.02  957.32  0.08  175.06  6.12
73620.0  28.430  19.340  1.320  14.91  305.35  56.84  957.43  -0.56  177.31  6.07
73621.0  28.430  19.370  1.150  14.94  305.35  56.96  957.41  -1.35  180.26  6.33
73622.0  28.460  19.390  1.160  14.96  305.37  56.90  957.57  -1.32  177.20  6.57
73623.0  28.500  19.350  0.770  14.92  305.40  56.67  957.60  -0.53  177.51  5.49
73624.0  28.560  19.410  0.960  14.98  305.47  56.65  957.53  -0.49  166.55  5.27
73625.0  28.510  19.430  0.890  15.00  305.41  56.91  957.57  -0.58  167.01  5.19
73626.0  28.500  19.450  0.520  15.02  305.39  57.02  957.76  -0.76  169.92  5.76
73627.0  28.470  19.450  0.620  15.01  305.37  57.08  957.71  -0.68  172.06  5.79
73628.0  28.520  19.440  0.590  15.00  305.41  56.90  957.75  -0.43  171.85  6.32
73629.0  28.490  19.450  0.960  15.01  305.38  57.03  957.72  0.23  170.02  6.24
73630.0  28.440  19.480  1.160  15.04  305.34  57.29  957.66  -0.60  173.53  5.60
73631.0  28.470  19.470  1.220  15.04  305.38  57.20  957.59  -1.01  177.83  5.71
73632.0  28.450  19.490  0.880  15.05  305.35  57.30  957.64  -0.12  181.02  7.28
73633.0  28.520  19.460  0.680  15.03  305.42  56.98  957.67  -0.75  176.95  8.06
73634.0  28.520  19.420  0.610  14.98  305.41  56.80  957.79  -1.03  175.22  7.17
73635.0  28.680  19.390  0.580  14.96  305.58  56.17  957.70  -0.01  157.98  5.95
73636.0  28.540  19.460  0.500  15.03  305.45  56.90  957.61  0.38  165.51  6.04
73637.0  28.680  19.450  0.640  15.01  305.58  56.37  957.65  0.70  163.75  7.09
73638.0  28.620  19.440  0.700  15.00  305.51  56.57  957.70  1.28  160.99  5.52
73639.0  28.540  19.470  0.910  15.03  305.46  56.93  957.41  0.30  171.86  5.15
73640.0  28.710  19.500  0.830  15.06  305.63  56.45  957.47  0.74  167.75  4.33
73641.0  28.730  19.500  0.750  15.07  305.67  56.38  957.30  0.42  160.32  5.69
73642.0  28.590  19.470  0.710  15.04  305.51  56.77  957.37  0.31  168.71  7.20
73643.0  28.570  19.510  0.710  15.08  305.50  56.97  957.35  0.43  170.47  8.58
73644.0  28.600  19.490  0.760  15.06  305.53  56.80  957.35  1.68  167.28  8.28
73645.0  28.660  19.530  0.980  15.10  305.60  56.76  957.23  1.73  158.42  6.91
73646.0  28.710  19.490  1.240  15.06  305.66  56.42  957.09  1.80  154.62  5.75
73647.0  28.710  19.550  1.390  15.12  305.67  56.64  957.06  1.43  154.09  6.48
73648.0  28.620  19.530  1.290  15.10  305.58  56.88  956.97  1.35  158.16  7.80
73649.0  28.580  19.550  1.160  15.12  305.55  57.08  956.88  0.34  164.32  8.48
73650.0  28.540  19.550  0.880  15.13  305.52  57.23  956.83  0.01  166.26  8.48
73651.0  28.540  19.530  0.470  15.10  305.50  57.17  957.00  -0.44  170.84  8.21
73652.0  28.620  19.490  0.150  15.05  305.56  56.71  957.25  0.10  169.63  9.15
73653.0  28.580  19.480  0.050  15.05  305.53  56.84  957.21  0.29  169.81  8.56
73654.0  28.600  19.410  0.240  14.98  305.54  56.50  957.31  0.05  167.42  7.52
73655.0  28.650  19.410  0.100  14.98  305.58  56.36  957.32  0.26  165.67  7.56
73656.0  28.660  19.350  0.290  14.92  305.59  56.10  957.33  -0.42  163.19  7.49
73657.0  28.610  19.340  0.230  14.91  305.52  56.24  957.59  -0.53  162.80  7.44
73658.0  28.600  19.290  0.210  14.87  305.51  56.10  957.51  -0.22  164.65  8.67
73659.0  28.600  19.270  0.400  14.85  305.50  56.02  957.64  -0.77  165.99  7.95
73660.0  28.730  19.230  0.690  14.81  305.63  55.45  957.72  1.26  162.95  6.24
73661.0  28.880  19.220  1.310  14.79  305.78  54.89  957.75  1.50  157.45  5.94
73662.0  28.850  19.270  0.980  14.85  305.79  55.18  957.26  1.34  163.18  6.67
73663.0  28.780  19.240  0.860  14.82  305.72  55.31  957.24  2.48  170.98  7.90
73664.0  28.840  19.230  0.340  14.82  305.80  55.07  957.09  2.71  175.33  6.26
73665.0  29.060  19.220  0.450  14.81  306.03  54.31  956.95  2.73  177.09  5.22
73666.0  28.940  19.140  0.010  14.73  305.93  54.41  956.73  3.44  183.28  6.37
73667.0  28.980  19.140  -0.240  14.74  305.99  54.29  956.50  1.58  175.79  6.78
73668.0  28.780  19.100  -0.070  14.70  305.79  54.79  956.44  -0.85  183.83  6.23
73669.0  28.760  19.100  -0.320  14.70  305.76  54.86  956.62  -1.76  192.18  6.14
73670.0  28.780  19.120  -1.030  14.71  305.74  54.88  956.98  -1.89  192.64  7.22
73671.0  28.800  19.070  -0.980  14.66  305.76  54.62  957.09  -1.70  191.04  7.01
73672.0  28.880  18.990  -0.740  14.59  305.82  54.13  957.26  -0.02  199.53  5.53
73673.0  28.960  19.000  -0.380  14.59  305.91  53.85  957.25  0.03  190.98  6.80
73674.0  28.990  19.020  -0.560  14.61  305.92  53.85  957.39  -0.10  186.68  6.19
73675.0  29.020  18.950  -0.290  14.55  305.95  53.52  957.39  -1.19  180.22  7.35
73676.0  28.930  18.980  -0.710  14.57  305.85  53.88  957.54  -1.09  180.16  7.99
73677.0  28.850  18.930  -0.940  14.52  305.75  53.98  957.67  -1.15  183.35  7.19
73678.0  28.860  18.830  -0.720  14.43  305.75  53.60  957.80  -0.69  183.75  7.08
73679.0  28.910  18.730  -0.590  14.34  305.79  53.11  957.93  -0.38  178.40  6.87
73680.0  28.900  18.700  -0.550  14.31  305.79  53.05  957.89  -0.64  180.11  7.35
73681.0  28.880  18.610  -0.530  14.23  305.75  52.79  958.02  -0.78  179.82  6.49
73682.0  28.930  18.630  -0.640  14.24  305.79  52.70  958.19  0.60  173.98  7.25
73683.0  28.920  18.590  -0.510  14.21  305.80  52.60  957.93  0.52  173.08  6.00
73684.0  29.030  18.640  -0.630  14.25  305.93  52.42  957.74  1.36  165.67  6.54
73685.0  29.080  18.610  -0.260  14.23  305.99  52.17  957.65  0.80  163.60  6.89
73686.0  28.970  18.620  -0.350  14.23  305.87  52.54  957.70  1.04  165.60  7.83
73687.0  28.860  18.660  -0.360  14.28  305.77  53.02  957.61  1.17  169.99  7.34
73688.0  28.900  18.700  -0.250  14.32  305.82  53.05  957.53  0.26  161.08  7.00
73689.0  28.810  18.680  -0.150  14.29  305.72  53.24  957.60  0.38  163.78  6.52
73690.0  28.830  18.650  0.120  14.27  305.76  53.11  957.39  -0.87  162.17  6.18
73691.0  28.770  18.700  -0.080  14.32  305.69  53.47  957.41  -1.64  163.84  5.88
73692.0  28.780  18.660  -0.470  14.27  305.69  53.29  957.62  -1.53  164.62  6.78
73693.0  28.750  18.630  -0.300  14.25  305.66  53.31  957.56  -1.44  166.23  6.00
73694.0  28.760  18.650  -0.400  14.27  305.66  53.33  957.65  -0.91  170.38  5.85
73695.0  28.820  18.650  -0.320  14.27  305.73  53.12  957.59  -0.44  169.76  6.25
73696.0  28.950  18.650  0.130  14.27  305.85  52.72  957.70  0.52  163.01  6.96
73697.0  28.940  18.660  0.190  14.27  305.84  52.76  957.71  0.18  159.10  6.63
73698.0  28.950  18.700  -0.110  14.31  305.86  52.88  957.58  -0.27  153.33  6.64
73699.0  28.870  18.730  -0.160  14.34  305.76  53.24  957.72  0.52  154.94  7.50
73700.0  28.920  18.670  -0.280  14.29  305.82  52.90  957.66  0.93  148.48  7.67
73701.0  28.900  18.700  0.150  14.31  305.82  53.04  957.53  0.89  149.29  7.74
73702.0  28.720  18.700  0.030  14.31  305.63  53.61  957.56  -0.10  161.99  7.08
73703.0  28.930  18.710  -0.080  14.32  305.85  52.97  957.56  0.83  168.68  6.63
73704.0  28.830  18.740  -0.420  14.35  305.76  53.40  957.29  -0.43  182.36  6.31
73705.0  28.910  18.760  -0.910  14.37  305.85  53.21  957.28  0.02  183.28  6.08
73706.0  28.930  18.710  -0.950  14.33  305.88  53.00  957.16  -0.53  180.38  6.11
73707.0  28.930  18.690  -0.980  14.31  305.88  52.90  957.23  -0.37  179.60  6.11
73708.0  28.950  18.690  -0.880  14.31  305.91  52.85  957.09  -0.67  173.39  6.70
73709.0  28.960  18.710  -1.000  14.33  305.92  52.90  957.08  -0.21  171.72  6.23
73710.0  28.870  18.680  -0.970  14.30  305.84  53.06  956.92  -0.43  185.52  7.46
73711.0  28.870  18.670  -1.090  14.30  305.82  53.06  957.11  -1.09  186.24  7.15
73712.0  28.970  18.620  -1.150  14.25  305.92  52.54  957.27  -1.64  178.31  6.75
73713.0  28.950  18.630  -1.510  14.25  305.87  52.61  957.50  -0.91  180.35  7.35
73714.0  28.950  18.530  -1.320  14.16  305.86  52.32  957.54  -0.32  182.09  7.49
73715.0  28.960  18.510  -1.260  14.14  305.88  52.20  957.49  0.56  181.99  8.67
73716.0  29.030  18.490  -1.140  14.12  305.94  51.92  957.54  0.88  179.07  8.29
73717.0  28.950  18.480  -0.960  14.12  305.87  52.15  957.53  0.82  181.32  8.31
73718.0  29.020  18.410  -0.960  14.06  305.96  51.69  957.35  0.12  171.89  9.27
73719.0  28.960  18.370  -1.220  14.02  305.90  51.74  957.31  -0.51  171.01  9.03
73720.0  28.970  18.370  -1.360  14.01  305.91  51.69  957.36  -0.88  169.45  9.31
73721.0  28.990  18.280  -1.570  13.93  305.92  51.34  957.47  -0.05  166.91  9.19
73722.0  28.910  18.280  -1.380  13.94  305.83  51.61  957.45  -0.68  167.73  7.90
73723.0  28.960  18.250  -1.340  13.91  305.88  51.34  957.59  -0.82  166.14  7.44
73724.0  28.970  18.210  -1.520  13.87  305.88  51.19  957.66  -0.43  163.87  7.72
73725.0  28.890  18.170  -1.570  13.83  305.79  51.31  957.64  -0.34  170.94  8.05
73726.0  28.850  18.170  -1.560  13.84  305.75  51.43  957.68  -0.49  170.11  7.32
73727.0  28.910  18.150  -1.640  13.82  305.81  51.18  957.65  -0.52  169.65  7.58
73728.0  28.960  18.140  -1.430  13.81  305.87  50.98  957.64  -0.69  163.57  7.84
73729.0  28.890  18.150  -1.520  13.81  305.79  51.23  957.68  -0.42  164.20  7.20
73730.0  28.940  18.150  -1.510  13.82  305.86  51.07  957.51  -0.12  161.42  8.00
73731.0  28.850  18.150  -1.460  13.82  305.77  51.35  957.46  -0.15  163.20  8.80
73732.0  28.850  18.150  -1.260  13.81  305.77  51.33  957.58  0.45  165.86  9.30
73733.0  28.890  18.160  -1.230  13.83  305.81  51.28  957.50  -0.07  166.38  9.34
73734.0  28.890  18.180  -1.120  13.84  305.81  51.31  957.55  0.03  166.50  9.12
73735.0  28.820  18.200  -1.260  13.86  305.73  51.61  957.59  0.15  168.00  8.59
73736.0  28.890  18.160  -0.900  13.83  305.80  51.27  957.60  0.02  167.36  8.28
73737.0  28.920  18.250  -0.800  13.91  305.83  51.48  957.63  0.07  164.87  8.33
73738.0  28.890  18.280  -0.920  13.93  305.79  51.67  957.76  0.25  167.02  9.09
73739.0  28.910  18.310  -0.600  13.96  305.81  51.70  957.76  -0.02  168.40  8.28
73740.0  28.920  18.360  -0.540  14.00  305.82  51.83  957.72  0.49  169.42  8.73
73741.0  28.930  18.420  -0.470  14.06  305.83  52.02  957.75  1.28  174.72  8.05
73742.0  28.890  18.470  -0.650  14.10  305.82  52.27  957.39  0.45  182.22  10.16
73743.0  28.830  18.510  -2.190  14.15  305.78  52.63  957.19  0.86  195.03  10.48
73744.0  29.080  18.530  -0.840  14.16  306.03  51.89  957.15  0.97  198.93  6.48
73745.0  29.000  18.460  -0.320  14.10  305.97  51.91  956.95  1.00  195.40  5.93
73746.0  29.050  18.490  -0.630  14.13  306.01  51.84  957.11  1.11  187.73  5.04
73747.0  29.170  18.560  -1.520  14.19  306.13  51.71  957.05  0.02  177.72  9.00
73748.0  29.050  18.680  -2.130  14.30  306.02  52.48  956.96  -0.41  184.87  8.70
73749.0  29.190  18.670  -2.050  14.30  306.15  52.03  957.08  -0.98  182.67  7.46
73750.0  29.200  18.670  -2.310  14.30  306.15  52.00  957.23  -0.10  181.58  6.90
73751.0  28.990  18.600  -2.190  14.23  305.92  52.42  957.38  0.39  192.75  7.43
73752.0  29.060  18.480  -2.070  14.12  306.01  51.81  957.21  -0.40  193.33  8.51
73753.0  29.060  18.340  -2.170  13.99  306.00  51.33  957.35  -0.19  192.55  7.79
73754.0  29.050  18.240  -1.950  13.90  305.97  51.05  957.46  0.82  196.33  7.38
73755.0  29.150  18.140  -1.510  13.81  306.08  50.41  957.40  0.33  189.65  5.89
73756.0  29.130  18.060  -1.550  13.74  306.06  50.22  957.33  0.73  189.10  7.27
73757.0  29.130  17.950  -1.480  13.64  306.08  49.82  957.28  0.50  194.88  5.53
73758.0  29.190  17.840  -1.210  13.55  306.12  49.33  957.40  0.80  191.92  4.90
73759.0  29.110  17.720  -0.850  13.45  306.05  49.20  957.23  -0.54  191.79  6.85
73760.0  29.090  17.660  -1.130  13.39  306.03  49.02  957.35  -0.49  193.25  7.50
73761.0  29.120  17.680  -1.330  13.41  306.05  49.02  957.45  -1.04  185.04  8.48
73762.0  29.130  17.700  -1.500  13.42  306.05  49.05  957.49  -0.96  181.94  8.50
73763.0  29.120  17.620  -1.500  13.36  306.04  48.83  957.59  -1.01  180.86  7.84
73764.0  29.180  17.550  -1.600  13.29  306.10  48.43  957.59  -1.13  176.76  7.06
73765.0  29.070  17.530  -1.490  13.27  305.99  48.66  957.62  -1.46  179.68  7.31
73766.0  29.100  17.550  -1.570  13.29  305.99  48.68  957.81  -1.78  181.62  7.75
73767.0  29.150  17.630  -1.800  13.36  306.04  48.77  957.91  -1.35  180.25  7.77
73768.0  29.140  17.780  -2.170  13.49  306.04  49.25  957.83  -1.51  176.02  7.37
73769.0  29.100  17.870  -2.120  13.57  306.01  49.67  957.72  -1.62  178.34  7.32
73770.0  29.040  17.890  -2.070  13.59  305.93  49.92  957.84  -1.61  180.97  6.69
73771.0  28.980  17.940  -1.850  13.63  305.87  50.26  957.89  -1.02  187.09  7.11
73772.0  29.100  17.990  -1.740  13.67  305.98  50.06  957.96  -0.56  181.03  7.80
73773.0  29.060  18.040  -1.700  13.71  305.94  50.36  957.95  -0.62  177.14  7.60
73774.0  29.030  18.110  -1.640  13.77  305.92  50.65  957.84  -1.01  178.15  8.98
73775.0  29.020  18.160  -1.620  13.82  305.90  50.88  957.91  -1.84  177.24  9.52
73776.0  29.070  18.210  -1.760  13.86  305.95  50.87  957.94  -2.03  175.42  8.46
73777.0  29.000  18.210  -1.290  13.86  305.88  51.10  957.92  -2.44  177.27  7.52
73778.0  28.980  18.200  -1.170  13.86  305.85  51.13  958.00  -1.60  181.97  7.26
73779.0  29.030  18.140  -1.250  13.80  305.90  50.78  958.01  -0.70  177.82  8.36
73780.0  29.070  18.110  -1.280  13.78  305.96  50.56  957.92  0.74  178.51  6.98
73781.0  29.070  18.100  -1.090  13.77  305.97  50.51  957.75  -0.78  177.97  6.87
73782.0  28.960  18.100  -1.020  13.77  305.86  50.87  957.70  -1.46  186.56  8.08
73783.0  29.040  18.080  -1.000  13.75  305.93  50.54  957.90  -1.63  183.28  8.20
73784.0  29.050  18.070  -1.100  13.74  305.94  50.47  957.81  -1.89  185.64  7.86
73785.0  29.020  18.080  -1.070  13.75  305.91  50.59  957.89  -1.22  187.09  7.17
73786.0  29.000  18.130  -0.810  13.79  305.88  50.81  958.00  -0.85  185.77  7.94
73787.0  29.060  18.180  -0.810  13.84  305.95  50.81  957.91  -0.57  189.07  7.26
73788.0  29.070  18.210  -0.630  13.87  305.98  50.87  957.60  -1.19  190.19  7.86
73789.0  29.050  18.260  -1.080  13.91  305.97  51.08  957.52  1.33  191.56  8.38
73790.0  29.280  18.260  -0.590  13.92  306.20  50.39  957.57  2.51  180.30  5.38
73791.0  29.200  18.280  -0.240  13.94  306.16  50.71  957.15  1.82  174.24  4.62
73792.0  29.130  18.360  -0.190  14.01  306.11  51.17  956.87  -0.97  176.33  7.10
73793.0  29.030  18.440  -0.770  14.08  305.99  51.76  957.04  -0.59  179.75  8.35
73794.0  28.980  18.440  -0.940  14.08  305.94  51.90  957.06  0.24  178.13  7.09
