flight/WP3D/AircraftPos_NP3_20130618_RA.ict
38  1001
Ken Aikin
NOAA ESRL Chemical Sciences Division
various aircraft sensors
SENEX 2013
1  1
2013  06  18  2013  06  18
1
AOCTimewave
5
1  1  1  1  1 
-9999  -9999  -9999  -9999  -9999
GpsLat  deg
GpsLon  deg
GpsAlt  m
PAlt  m
RAlt  m
1
SPECIAL COMMENTS:Aborted St. Louis flight. Flaps light came on.
18
PI_CONTACT_INFO: Address: NOAA ESRL Chemical Sciences Division  Mail Stop R/CSD7  325 Broadway  Boulder  CO 80305
PLATFORM: NOAA WP-3D
LOCATION: The aircraft was stationed in Smyrna  Tennessee. Aircraft location information in AircraftPosition file.
ASSOCIATED_DATA: N/A
INSTRUMENT_INFO: N/A
DATA_INFO: Units:GpsLat:decimal degrees; GpsLon: decimal degrees; GpsAlt: meters; PAlt:meters; RAlt: meters.
UNCERTAINTY: N/A
ULOD_FLAG: -7777
ULOD_VALUE: N/A
LLOD_FLAG: -8888
LLOD_VALUE: N/A
DM_CONTACT_INFO: Data Manager:Ken Aikin; email:Kenneth.C.Aikin@noaa.gov
PROJECT_INFO: SENEX 2013 Study; June 1 - July 15  2013
STIPULATIONS_ON_USE: Use of these data require prior ok from PI.
OTHER_COMMENTS:       None
REVISION: RA
RA: Preliminary Data.  For in-field use.
AOCTimewave  GpsLat  GpsLon  GpsAlt  PAlt  RAlt
[from data line 4355]
83151.0  35.7626   -86.9566   1266.7   1197.9   1041.9
83152.0  35.7617   -86.9566   1266.0   1197.8   1032.9
83153.0  35.7608   -86.9566   1266.7   1198.9   1035.2
83154.0  35.7599   -86.9565   1266.7   1198.8   1034.1
83155.0  35.7590   -86.9565   1266.7   1197.9   1045.8
83156.0  35.7580   -86.9564   1266.7   1197.2   1035.8
83157.0  35.7571   -86.9564   1266.7   1197.2   1039.3
83158.0  35.7562   -86.9564   1266.7   1198.2   1036.7
83159.0  35.7553   -86.9563   1266.7   1199.3   1054.6
83160.0  35.7543   -86.9563   1266.7   1199.6   1044.7
83161.0  35.7534   -86.9562   1266.7   1198.6   1049.4
83162.0  35.7525   -86.9562   1266.7   1198.5   1047.3
83163.0  35.7516   -86.9562   1266.7   1199.0   1049.9
83164.0  35.7507   -86.9561   1265.5   1199.1   1057.0
83165.0  35.7497   -86.9561   1265.5   1198.5   1054.3
83166.0  35.7488   -86.9561   1265.5   1199.8   1051.9
83167.0  35.7479   -86.9561   1265.5   1198.4   1047.2
83168.0  35.7470   -86.9560   1265.5   1197.4   1049.1
83169.0  35.7461   -86.9560   1265.5   1196.8   1057.0
83170.0  35.7451   -86.9560   1265.5   1195.6   1062.9
83171.0  35.7442   -86.9560   1265.6   1197.5   1053.5
83172.0  35.7433   -86.9559   1266.7   1197.6   1055.1
83173.0  35.7424   -86.9559   1266.7   1198.6   1057.3
83174.0  35.7415   -86.9559   1266.7   1200.2   1050.1
83175.0  35.7405   -86.9559   1266.7   1198.0   1052.0
83176.0  35.7396   -86.9558   1266.7   1196.8   1063.5
83177.0  35.7387   -86.9558   1266.7   1200.0   1063.5
83178.0  35.7378   -86.9558   1266.7   1200.0   1062.1
83179.0  35.7369   -86.9557   1266.7   1199.1   1066.4
83180.0  35.7359   -86.9557   1266.7   1198.6   1060.6
83181.0  35.7350   -86.9556   1267.9   1198.8   1054.7
83182.0  35.7341   -86.9556   1268.0   1200.4   1059.5
83183.0  35.7332   -86.9556   1268.1   1198.9   1057.1
83184.0  35.7323   -86.9555   1269.2   1200.8   1057.1
83185.0  35.7313   -86.9555   1268.7   1200.1   1055.1
83186.0  35.7304   -86.9554   1268.0   1199.8   1057.6
83187.0  35.7295   -86.9554   1268.0   1199.3   1067.3
83188.0  35.7286   -86.9553   1268.0   1199.2   1074.5
83189.0  35.7277   -86.9553   1268.0   1197.8   1066.3
83190.0  35.7267   -86.9552   1268.0   1199.5   1058.9
83191.0  35.7258   -86.9552   1268.0   1201.1   1066.1
83192.0  35.7249   -86.9551   1268.9   1200.7   1074.5
83193.0  35.7240   -86.9551   1268.7   1199.7   1083.8
83194.0  35.7231   -86.9550   1268.0   1199.4   1080.4
83195.0  35.7221   -86.9550   1268.0   1198.6   1083.8
83196.0  35.7212   -86.9549   1268.0   1199.1   1077.9
83197.0  35.7203   -86.9549   1268.0   1199.0   1082.5
83198.0  35.7194   -86.9548   1268.0   1200.5   1079.9
83199.0  35.7184   -86.9547   1268.0   1200.2   1077.9
83200.0  35.7175   -86.9547   1268.0   1199.3   1084.3
83201.0  35.7166   -86.9546   1268.0   1200.6   1079.9
83202.0  35.7157   -86.9546   1268.0   1200.2   1084.2
83203.0  35.7147   -86.9545   1268.0   1199.2   1080.2
83204.0  35.7138   -86.9545   1268.0   1200.2   1081.1
83205.0  35.7129   -86.9544   1267.9   1201.9   1077.5
83206.0  35.7120   -86.9544   1266.7   1200.0   1075.9
83207.0  35.7110   -86.9543   1266.2   1200.3   1075.6
83208.0  35.7101   -86.9543   1265.5   1197.6   1082.6
83209.0  35.7092   -86.9542   1265.5   1196.2   1088.2
83210.0  35.7083   -86.9542   1265.0   1196.3   1096.3
83211.0  35.7073   -86.9541   1264.3   1195.7   1091.7
83212.0  35.7064   -86.9541   1264.3   1195.9   1093.4
83213.0  35.7055   -86.9540   1264.3   1195.5   1096.2
83214.0  35.7045   -86.9540   1264.3   1195.8   1087.2
83215.0  35.7036   -86.9540   1265.0   1195.7   1087.9
83216.0  35.7027   -86.9539   1265.5   1197.4   1082.8
83217.0  35.7017   -86.9539   1265.5   1197.0   1092.8
83218.0  35.7008   -86.9538   1265.5   1195.9   1089.1
83219.0  35.6999   -86.9538   1265.6   1195.0   1091.2
83220.0  35.6989   -86.9538   1266.7   1196.1   1088.8
83221.0  35.6980   -86.9537   1266.7   1196.4   1090.5
83222.0  35.6971   -86.9537   1266.7   1199.0   1091.9
83223.0  35.6962   -86.9537   1266.7   1199.7   1091.8
83224.0  35.6952   -86.9536   1266.7   1199.1   1096.2
83225.0  35.6943   -86.9536   1266.7   1199.0   1091.8
83226.0  35.6934   -86.9535   1266.7   1199.5   1088.6
83227.0  35.6924   -86.9535   1266.7   1199.2   1090.7
83228.0  35.6915   -86.9535   1266.7   1198.5   1092.6
83229.0  35.6906   -86.9534   1267.0   1199.4   1092.7
83230.0  35.6896   -86.9534   1268.0   1199.3   1085.7
83231.0  35.6887   -86.9533   1268.0   1198.9   1087.3
83232.0  35.6878   -86.9533   1268.0   1198.0   1086.8
83233.0  35.6868   -86.9532   1268.0   1197.2   1095.3
83234.0  35.6859   -86.9532   1268.0   1198.6   1090.9
83235.0  35.6849   -86.9531   1268.0   1198.5   1086.3
83236.0  35.6840   -86.9531   1268.0   1198.9   1083.3
83237.0  35.6831   -86.9530   1268.0   1198.5   1080.2
83238.0  35.6821   -86.9530   1268.0   1198.6   1081.0
83239.0  35.6812   -86.9529   1267.8   1199.0   1083.9
83240.0  35.6803   -86.9529   1266.7   1198.5   1079.6
83241.0  35.6793   -86.9528   1266.7   1197.6   1079.0
83242.0  35.6784   -86.9527   1266.7   1197.3   1075.2
83243.0  35.6775   -86.9527   1266.7   1196.9   1075.3
83244.0  35.6765   -86.9526   1266.7   1196.3   1082.7
83245.0  35.6756   -86.9525   1266.7   1197.6   1086.9
83246.0  35.6747   -86.9525   1266.7   1197.4   1086.8
83247.0  35.6738   -86.9524   1266.7   1196.4   1095.9
83248.0  35.6728   -86.9523   1266.7   1197.2   1091.8
83249.0  35.6719   -86.9523   1266.7   1197.8   1081.4
83250.0  35.6710   -86.9522   1266.7   1199.1   1081.7
83251.0  35.6700   -86.9521   1266.7   1197.7   1088.2
83252.0  35.6691   -86.9521   1265.6   1197.2   1078.5
83253.0  35.6682   -86.9520   1265.5   1198.2   1064.6
83254.0  35.6672   -86.9519   1265.5   1197.4   1064.7
83255.0  35.6663   -86.9519   1265.5   1196.5   1060.8
83256.0  35.6654   -86.9518   1265.5   1197.0   1069.7
83257.0  35.6644   -86.9517   1265.5   1196.7   1065.4
83258.0  35.6635   -86.9517   1265.5   1197.0   1050.7
83259.0  35.6626   -86.9516   1266.2   1196.7   1041.8
83260.0  35.6616   -86.9516   1266.7   1196.8   1044.2
83261.0  35.6607   -86.9515   1266.7   1197.9   1043.6
83262.0  35.6598   -86.9514   1267.7   1198.2   1045.2
83263.0  35.6588   -86.9514   1268.0   1199.4   1043.8
83264.0  35.6579   -86.9513   1268.0   1200.2   1038.0
83265.0  35.6570   -86.9513   1269.0   1200.5   1029.9
83266.0  35.6561   -86.9512   1268.0   1198.9   1020.3
83267.0  35.6551   -86.9511   1268.0   1199.6   1025.2
83268.0  35.6542   -86.9511   1268.0   1199.1   1026.8
83269.0  35.6533   -86.9510   1268.0   1199.3   1034.5
83270.0  35.6524   -86.9509   1268.7   1200.5   1038.2
83271.0  35.6514   -86.9509   1269.2   1202.2   1042.9
83272.0  35.6505   -86.9508   1269.2   1201.9   1051.6
83273.0  35.6496   -86.9507   1269.2   1202.3   1047.2
83274.0  35.6486   -86.9507   1268.4   1199.4   1052.3
83275.0  35.6477   -86.9506   1268.0   1198.3   1053.0
83276.0  35.6468   -86.9505   1268.0   1198.8   1055.5
83277.0  35.6459   -86.9505   1268.0   1197.7   1050.0
83278.0  35.6449   -86.9504   1267.3   1198.7   1053.2
83279.0  35.6440   -86.9503   1266.7   1198.9   1056.9
83280.0  35.6431   -86.9503   1266.7   1199.0   1050.8
83281.0  35.6422   -86.9502   1266.7   1199.4   1057.0
83282.0  35.6412   -86.9501   1266.7   1198.3   1057.6
83283.0  35.6403   -86.9501   1266.7   1198.2   1064.5
83284.0  35.6394   -86.9500   1266.7   1199.2   1066.7
83285.0  35.6385   -86.9500   1266.7   1200.3   1068.6
83286.0  35.6375   -86.9499   1266.7   1198.4   1068.1
83287.0  35.6366   -86.9498   1266.2   1198.6   1071.1
83288.0  35.6357   -86.9498   1265.5   1199.4   1074.1
83289.0  35.6348   -86.9497   1265.5   1197.6   1068.0
83290.0  35.6338   -86.9496   1265.5   1198.0   1074.3
83291.0  35.6329   -86.9496   1266.6   1198.9   1057.9
83292.0  35.6320   -86.9495   1266.7   1198.1   1064.3
83293.0  35.6310   -86.9495   1266.0   1197.8   1071.1
83294.0  35.6301   -86.9495   1266.5   1199.1   1074.2
83295.0  35.6292   -86.9495   1266.7   1199.6   1069.7
83296.0  35.6283   -86.9495   1266.7   1197.7   1069.9
83297.0  35.6273   -86.9496   1266.7   1197.6   1076.1
83298.0  35.6264   -86.9496   1266.7   1198.4   1067.3
83299.0  35.6255   -86.9497   1266.7   1198.1   1062.4
83300.0  35.6245   -86.9499   1266.7   1199.7   1057.6
83301.0  35.6236   -86.9501   1266.7   1200.8   1056.5
83302.0  35.6227   -86.9503   1266.7   1201.4   1057.8
83303.0  35.6218   -86.9505   1267.9   1200.9   1055.0
83304.0  35.6209   -86.9508   1268.0   1201.1   1050.1
83305.0  35.6200   -86.9511   1268.0   1201.2   1055.4
83306.0  35.6191   -86.9515   1268.0   1201.8   1045.8
83307.0  35.6183   -86.9519   1268.0   1201.3   1041.7
83308.0  35.6174   -86.9523   1268.0   1202.4   1041.7
83309.0  35.6166   -86.9528   1268.2   1202.2   1046.8
83310.0  35.6158   -86.9534   1269.2   1202.1   1061.8
83311.0  35.6150   -86.9539   1269.2   1202.3   1064.5
83312.0  35.6142   -86.9546   1269.2   1203.4   1050.8
83313.0  35.6134   -86.9552   1269.2   1203.8   1057.4
83314.0  35.6127   -86.9559   1269.1   1203.7   1072.0
83315.0  35.6120   -86.9567   1268.0   1203.0   1073.9
83316.0  35.6113   -86.9574   1268.0   1201.3   1071.6
83317.0  35.6107   -86.9583   1268.0   1201.3   1079.6
83318.0  35.6101   -86.9591   1267.0   1200.8   1071.7
83319.0  35.6095   -86.9600   1266.7   1200.0   1072.6
83320.0  35.6089   -86.9609   1266.7   1199.4   1084.8
83321.0  35.6084   -86.9618   1266.7   1199.3   1078.4
83322.0  35.6080   -86.9628   1265.9   1198.6   1072.4
83323.0  35.6076   -86.9638   1265.5   1197.7   1068.1
83324.0  35.6072   -86.9649   1265.5   1197.8   1077.0
83325.0  35.6069   -86.9659   1265.5   1198.0   1074.0
83326.0  35.6066   -86.9670   1264.7   1198.1   1074.2
83327.0  35.6064   -86.9681   1264.3   1196.4   1084.1
83328.0  35.6062   -86.9692   1264.3   1196.5   1096.4
83329.0  35.6061   -86.9703   1263.6   1196.5   1085.2
83330.0  35.6061   -86.9714   1263.1   1196.3   1072.4
83331.0  35.6061   -86.9725   1263.1   1197.6   1078.5
83332.0  35.6061   -86.9735   1263.1   1196.9   1070.8
83333.0  35.6062   -86.9746   1263.1   1196.4   1069.3
83334.0  35.6063   -86.9757   1263.1   1196.6   1073.7
83335.0  35.6065   -86.9768   1263.1   1195.0   1073.2
83336.0  35.6067   -86.9778   1263.1   1194.6   1068.8
83337.0  35.6069   -86.9789   1263.1   1194.9   1062.3
83338.0  35.6072   -86.9799   1263.1   1195.8   1065.9
83339.0  35.6074   -86.9809   1263.1   1195.9   1064.0
83340.0  35.6077   -86.9819   1263.1   1195.9   1062.3
83341.0  35.6080   -86.9830   1263.1   1195.0   1048.9
83342.0  35.6083   -86.9840   1262.2   1195.2   1044.1
83343.0  35.6086   -86.9850   1261.9   1195.0   1040.2
83344.0  35.6090   -86.9860   1261.9   1194.8   1037.8
83345.0  35.6093   -86.9870   1261.9   1194.6   1034.4
83346.0  35.6096   -86.9880   1261.9   1193.9   1045.5
83347.0  35.6099   -86.9890   1261.9   1194.8   1047.6
83348.0  35.6102   -86.9900   1261.9   1195.2   1054.1
83349.0  35.6106   -86.9910   1261.9   1195.2   1058.1
83350.0  35.6109   -86.9920   1261.9   1195.7   1072.3
83351.0  35.6112   -86.9930   1263.0   1194.7   1082.7
83352.0  35.6115   -86.9940   1262.7   1195.0   1097.9
83353.0  35.6118   -86.9950   1263.1   1195.9   1098.1
83354.0  35.6122   -86.9960   1264.0   1196.3   1094.1
83355.0  35.6125   -86.9970   1264.3   1197.4   1098.1
83356.0  35.6128   -86.9980   1265.5   1196.6   1095.2
83357.0  35.6131   -86.9990   1265.5   1198.0   1104.7
83358.0  35.6134   -87.0000   1266.5   1197.7   1108.6
83359.0  35.6137   -87.0010   1266.7   1198.7   1109.1
83360.0  35.6140   -87.0021   1266.7   1199.5   1105.5
83361.0  35.6143   -87.0031   1266.7   1199.9   1102.8
83362.0  35.6145   -87.0041   1266.7   1200.0   1098.6
83363.0  35.6148   -87.0052   1266.7   1201.0   1092.0
83364.0  35.6150   -87.0062   1266.7   1200.0   1086.9
83365.0  35.6152   -87.0073   1266.7   1199.4   1077.5
83366.0  35.6154   -87.0083   1266.7   1200.3   1076.3
83367.0  35.6156   -87.0094   1266.7   1199.5   1091.5
83368.0  35.6158   -87.0104   1266.7   1199.4   1093.3
83369.0  35.6160   -87.0115   1266.7   1201.1   1095.6
83370.0  35.6161   -87.0126   1266.7   1200.6   1101.7
83371.0  35.6163   -87.0137   1266.7   1201.3   1101.6
83372.0  35.6165   -87.0147   1266.7   1200.6   1094.2
83373.0  35.6166   -87.0158   1266.7   1200.6   1094.2
83374.0  35.6168   -87.0169   1266.7   1200.7   1079.4
83375.0  35.6169   -87.0180   1266.7   1201.6   1081.4
83376.0  35.6170   -87.0190   1266.7   1201.6   1092.6
83377.0  35.6172   -87.0201   1266.7   1200.5   1086.2
83378.0  35.6173   -87.0212   1266.9   1201.5   1092.4
83379.0  35.6175   -87.0223   1268.0   1201.3   1084.4
83380.0  35.6176   -87.0234   1268.0   1200.5   1091.7
83381.0  35.6178   -87.0244   1268.0   1199.1   1093.4
83382.0  35.6179   -87.0255   1268.0   1199.0   1098.0
83383.0  35.6181   -87.0266   1267.9   1200.1   1102.5
83384.0  35.6182   -87.0277   1266.7   1198.7   1102.6
83385.0  35.6184   -87.0288   1266.7   1200.2   1108.8
83386.0  35.6185   -87.0299   1267.1   1199.3   1107.9
83387.0  35.6186   -87.0309   1267.3   1199.2   1097.6
83388.0  35.6188   -87.0320   1268.0   1200.9   1102.3
83389.0  35.6189   -87.0331   1268.0   1199.4   1104.5
83390.0  35.6190   -87.0342   1268.0   1200.2   1096.0
83391.0  35.6191   -87.0353   1267.9   1199.8   1079.4
83392.0  35.6192   -87.0364   1266.7   1200.3   1074.1
83393.0  35.6194   -87.0375   1266.7   1200.8   1072.8
83394.0  35.6195   -87.0386   1266.7   1200.2   1073.8
83395.0  35.6196   -87.0397   1266.7   1201.0   1068.2
83396.0  35.6197   -87.0408   1266.7   1199.8   1065.8
83397.0  35.6198   -87.0419   1266.7   1200.0   1068.8
83398.0  35.6199   -87.0430   1266.8   1199.9   1069.0
83399.0  35.6200   -87.0441   1268.0   1200.6   1074.8
83400.0  35.6201   -87.0452   1268.0   1201.1   1068.7
83401.0  35.6203   -87.0462   1268.2   1201.2   1072.9
83402.0  35.6204   -87.0473   1269.2   1199.6   1069.1
83403.0  35.6205   -87.0484   1269.1   1200.7   1064.2
83404.0  35.6206   -87.0495   1268.0   1200.7   1064.0
83405.0  35.6207   -87.0506   1268.0   1200.2   1065.1
83406.0  35.6209   -87.0517   1268.0   1200.3   1061.1
83407.0  35.6210   -87.0528   1268.0   1200.2   1058.5
83408.0  35.6211   -87.0539   1268.0   1199.7   1060.9
83409.0  35.6212   -87.0550   1268.0   1198.4   1075.7
83410.0  35.6214   -87.0561   1268.0   1199.8   1086.4
83411.0  35.6215   -87.0572   1266.9   1201.3   1086.3
83412.0  35.6216   -87.0583   1266.7   1199.5   1080.7
83413.0  35.6217   -87.0594   1266.7   1199.4   1082.3
83414.0  35.6219   -87.0605   1266.7   1199.5   1084.2
83415.0  35.6220   -87.0616   1266.7   1198.5   1085.7
83416.0  35.6221   -87.0627   1266.7   1198.6   1095.6
83417.0  35.6222   -87.0638   1265.8   1198.6   1092.6
83418.0  35.6224   -87.0649   1265.5   1198.0   1086.9
83419.0  35.6225   -87.0660   1265.4   1195.8   1088.5
83420.0  35.6226   -87.0671   1264.3   1197.4   1094.7
83421.0  35.6227   -87.0682   1264.3   1197.4   1095.2
83422.0  35.6228   -87.0693   1264.3   1198.3   1103.2
83423.0  35.6229   -87.0704   1264.3   1198.2   1110.6
83424.0  35.6230   -87.0715   1264.3   1198.4   1118.3
83425.0  35.6231   -87.0726   1264.3   1198.6   1114.7
83426.0  35.6233   -87.0737   1265.3   1196.3   1116.8
83427.0  35.6234   -87.0748   1265.5   1197.3   1105.5
83428.0  35.6235   -87.0759   1265.5   1198.4   1093.0
83429.0  35.6236   -87.0770   1265.5   1198.0   1083.8
83430.0  35.6237   -87.0781   1265.8   1198.5   1086.4
83431.0  35.6238   -87.0792   1266.7   1199.3   1087.5
83432.0  35.6239   -87.0803   1266.7   1199.5   1079.8
83433.0  35.6240   -87.0814   1266.7   1199.7   1086.2
83434.0  35.6242   -87.0825   1266.7   1198.9   1080.5
83435.0  35.6243   -87.0836   1265.7   1199.0   1083.9
83436.0  35.6244   -87.0847   1265.5   1199.1   1074.5
83437.0  35.6245   -87.0858   1265.5   1197.0   1071.5
83438.0  35.6246   -87.0869   1265.5   1197.1   1073.6
83439.0  35.6247   -87.0880   1265.5   1197.9   1075.8
83440.0  35.6248   -87.0891   1265.5   1198.2   1075.0
