flight/WP3D/AircraftMis_NP3_20130623_RA.ict
41  1001
Ken Aikin
NOAA ESRL Chemical Sciences Division
various aircraft sensors
SENEX 2013
1  1
2013  06  23  2013  06  23
1
AOCTimewave
8
1  1  1  1  1  1  1  1
-9999  -9999  -9999  -9999  -9999  -9999  -9999  -9999
Attack  deg
CabinPrs  mbar
GndSpd  m/s
Heading  deg
Pitch  deg
Roll  deg
Slip  deg
TrueAirSpd  m/s
1
SPECIAL COMMENTS:Indianapolis and Nashville PP.
18
PI_CONTACT_INFO: Address: NOAA ESRL Chemical Sciences Division  Mail Stop R/CSD7  325 Broadway  Boulder  CO 80305
PLATFORM: NOAA WP-3D
LOCATION: The aircraft was stationed in  Smyrna  Tennessee. Aircraft location information in AircraftPosition file.
ASSOCIATED_DATA: N/A
INSTRUMENT_INFO: N/A
DATA_INFO: Units: Attack degrees; CabinPrs millibar; GndSpd m/s; Heading degrees; Pitch degrees; Roll degrees; Slip degrees; TrueAirSpd m/s
UNCERTAINTY: N/A
ULOD_FLAG: -7777
ULOD_VALUE: N/A
LLOD_FLAG: -8888
LLOD_VALUE: N/A
DM_CONTACT_INFO: Data Manager:Ken Aikin; email:Kenneth.C.Aikin@noaa.gov
PROJECT_INFO: SENEX 2013 Study; June 1 - July 15  2013
STIPULATIONS_ON_USE: Use of these data require prior ok from PI.
OTHER_COMMENTS:       None
REVISION: RA
RA: Preliminary Data.  For in-field use.
AOCTimewave  Attack  CabinPrs  GndSpd  Heading  Pitch  Roll  Slip  TrueAirSpd
[from data line 14016]
68519.0  1.1  956.3  111.5  220.6  1.45  4.69  0.09  116.6
68520.0  2.0  956.4  111.6  221.2  2.05  4.70  -0.26  116.0
68521.0  1.8  956.1  111.6  221.5  1.87  4.03  -0.18  116.0
68522.0  1.6  956.2  111.6  221.9  1.77  3.04  -0.12  115.4
68523.0  2.3  956.6  111.6  222.3  1.86  2.06  0.55  114.9
68524.0  1.8  956.5  111.7  222.8  1.78  1.49  -0.40  115.5
68525.0  1.2  956.0  111.7  223.0  1.59  1.26  -0.54  116.8
68526.0  1.6  956.6  111.7  223.0  1.99  0.87  -0.75  117.1
68527.0  2.0  956.1  111.6  222.9  2.07  0.54  -0.56  116.8
68528.0  1.4  956.7  111.6  222.8  1.67  0.75  -0.38  116.3
68529.0  1.3  956.4  111.6  222.8  1.73  0.77  0.21  116.6
68530.0  1.5  956.6  111.6  223.1  1.94  0.99  0.47  117.0
68531.0  1.2  956.8  111.5  223.7  2.05  1.61  -0.13  116.7
68532.0  1.6  956.6  111.4  224.0  2.23  1.50  -0.31  116.4
68533.0  1.8  956.3  111.4  224.2  2.22  0.51  -0.54  116.2
68534.0  1.4  956.3  111.3  224.1  1.94  0.48  -0.44  116.1
68535.0  2.1  955.9  111.3  224.2  1.98  0.84  -0.54  115.4
68536.0  1.2  956.5  111.3  224.2  1.69  1.18  -0.26  115.0
68537.0  1.6  956.7  111.3  224.3  1.89  0.81  -0.77  115.3
68538.0  1.9  956.1  111.3  224.1  2.09  0.37  -0.46  115.7
68539.0  1.5  956.2  111.3  224.0  1.86  0.17  -0.12  115.8
68540.0  1.5  956.5  111.3  224.1  1.80  0.44  -0.25  116.1
68541.0  1.6  956.0  111.3  224.2  1.86  0.49  -0.10  115.6
68542.0  1.2  955.9  111.3  224.3  1.80  0.28  -0.18  115.9
68543.0  1.4  956.4  111.2  224.5  1.94  0.30  -0.11  116.1
68544.0  1.7  956.2  111.2  224.6  2.18  0.20  -0.65  115.9
68545.0  1.9  956.5  111.1  224.4  2.14  0.16  -0.89  115.2
68546.0  1.7  956.0  111.1  224.1  1.85  0.27  -0.46  115.9
68547.0  1.6  956.3  111.1  224.0  1.83  0.46  -0.18  115.6
68548.0  1.3  956.4  111.1  224.1  1.87  0.30  0.03  115.5
68549.0  1.6  956.4  111.1  224.3  1.97  0.87  -0.28  115.5
68550.0  1.6  956.7  111.1  224.4  2.00  0.46  -0.39  115.7
68551.0  1.7  955.9  111.0  224.4  2.05  0.26  -0.16  115.9
68552.0  1.5  956.4  111.0  224.5  1.88  0.53  -0.36  115.6
68553.0  1.6  956.5  111.0  224.6  1.95  0.26  -0.30  115.2
68554.0  1.4  956.5  111.0  224.6  1.96  0.26  -0.51  114.9
68555.0  1.7  956.1  111.0  224.6  2.17  0.71  -0.34  114.3
68556.0  1.8  956.4  111.0  224.6  2.20  0.46  -0.58  113.8
68557.0  2.0  956.3  110.9  224.6  2.26  -0.33  -0.16  113.7
68558.0  2.0  955.9  110.9  224.6  2.21  -0.77  -0.22  114.0
68559.0  2.2  956.5  110.9  224.5  1.95  0.44  -0.47  114.0
68560.0  1.9  956.1  111.0  224.5  1.71  1.12  0.42  113.8
68561.0  1.8  956.1  111.1  225.0  1.66  1.88  0.49  113.1
68562.0  2.0  955.9  111.1  225.7  1.48  1.71  0.15  113.9
68563.0  1.8  956.2  111.3  226.1  1.22  0.59  -0.87  114.6
68564.0  1.1  956.2  111.4  226.0  0.86  -0.42  -0.71  115.6
68565.0  1.4  956.6  111.5  225.8  1.08  -0.47  -0.90  116.5
68566.0  1.5  956.4  111.6  225.5  1.08  -0.30  -0.63  117.8
68567.0  1.1  955.9  111.7  225.3  0.76  0.21  -0.54  117.6
68568.0  1.3  956.1  111.9  225.2  0.96  1.42  -0.46  116.6
68569.0  1.2  956.2  111.9  225.1  0.98  0.89  -0.28  116.8
68570.0  1.4  956.0  112.1  225.2  1.15  0.65  -0.33  116.3
68571.0  1.6  956.0  112.1  225.2  1.17  0.23  -0.32  116.4
68572.0  1.7  956.2  112.2  225.1  1.27  0.27  -0.38  117.8
68573.0  0.9  956.3  112.3  225.1  1.21  0.88  0.11  117.9
68574.0  1.5  956.2  112.3  225.4  1.60  0.74  -0.29  117.7
68575.0  1.5  956.2  112.3  225.4  1.81  0.39  -0.66  117.1
68576.0  1.7  956.1  112.3  225.3  1.83  0.56  -0.54  117.1
68577.0  1.3  955.8  112.2  225.2  1.74  0.20  -0.05  116.5
68578.0  1.7  956.5  112.2  225.3  2.11  0.01  -0.23  116.9
68579.0  1.9  956.4  112.1  225.4  2.20  0.46  -0.07  116.8
68580.0  1.5  956.4  112.1  225.5  2.12  0.93  -0.37  117.7
68581.0  1.5  956.4  112.0  225.5  2.13  0.96  -0.74  117.0
68582.0  1.5  956.2  111.9  225.3  2.25  1.32  -0.36  116.8
68583.0  1.6  956.4  111.8  225.4  2.25  1.85  -0.21  116.6
68584.0  1.9  956.4  111.7  225.6  2.36  1.84  -0.03  117.0
68585.0  1.5  956.5  111.7  225.9  2.09  1.28  -0.23  115.5
68586.0  1.5  956.4  111.6  226.0  2.03  1.17  -0.75  115.3
68587.0  1.7  956.8  111.6  225.9  2.23  0.84  -0.56  115.8
68588.0  1.8  956.0  111.5  225.9  2.22  0.81  -0.30  117.2
68589.0  1.6  956.6  111.5  225.9  1.98  0.85  -0.10  115.9
68590.0  1.6  956.3  111.5  226.0  1.81  0.60  0.65  115.2
68591.0  1.6  956.1  111.5  226.5  1.78  0.91  -0.27  114.7
68592.0  1.6  956.0  111.5  226.6  1.73  0.87  -0.35  114.8
68593.0  1.3  956.3  111.5  226.6  1.66  0.26  -1.01  116.1
68594.0  1.2  956.4  111.5  226.3  1.76  -0.33  -0.38  116.6
68595.0  1.6  956.2  111.5  226.2  1.99  0.00  -0.24  116.4
68596.0  1.5  956.5  111.5  226.3  1.94  0.75  -0.10  115.5
68597.0  1.5  956.1  111.5  226.5  1.92  0.51  -0.07  115.6
68598.0  1.8  956.3  111.4  226.6  2.02  0.21  -0.22  115.9
68599.0  1.8  955.8  111.4  226.8  1.91  0.19  -0.22  115.6
68600.0  1.4  956.2  111.4  226.9  1.71  0.39  -0.50  115.2
68601.0  1.5  956.4  111.5  226.9  1.86  -0.15  -0.47  115.3
68602.0  1.9  956.2  111.4  226.9  2.01  -0.72  -0.07  116.1
68603.0  1.4  956.4  111.4  227.0  1.89  -0.55  -0.20  116.1
68604.0  1.3  956.1  111.4  227.1  1.92  -0.47  -0.39  116.0
68605.0  1.8  956.3  111.3  227.1  2.23  -0.56  -0.12  115.8
68606.0  1.8  956.4  111.2  227.2  2.24  -0.81  0.03  115.6
68607.0  1.8  956.4  111.2  227.3  2.11  -1.09  -1.61  115.6
68608.0  1.6  956.2  111.2  226.5  1.97  -0.83  -0.75  115.1
68609.0  2.1  956.2  111.2  226.2  2.18  -0.24  0.03  114.7
68610.0  2.0  956.3  111.2  226.4  1.94  0.26  -0.04  114.8
68611.0  1.3  956.4  111.2  226.5  1.60  0.43  0.03  114.9
68612.0  1.6  956.3  111.2  226.7  1.81  0.29  -0.30  114.6
68613.0  1.9  956.4  111.3  226.8  1.86  0.13  -0.50  115.1
68614.0  1.9  956.1  111.3  226.7  1.58  0.16  -0.26  114.9
68615.0  1.0  956.4  111.4  226.8  1.34  0.42  0.15  114.3
68616.0  2.0  956.1  111.5  227.1  1.73  1.25  -0.46  114.1
68617.0  2.0  956.3  111.5  227.2  1.55  1.07  -0.48  115.4
68618.0  1.9  956.6  111.6  227.2  1.14  1.34  -0.04  115.6
68619.0  1.4  956.3  111.8  227.6  0.85  1.35  -0.70  115.3
68620.0  1.1  956.3  111.9  227.5  0.81  0.87  -0.71  116.3
68621.0  1.2  956.1  112.0  227.4  1.14  0.36  -0.45  116.5
68622.0  1.6  956.1  112.1  227.4  1.39  0.47  -0.18  116.7
68623.0  1.4  956.5  112.2  227.5  1.23  0.27  -0.30  116.3
68624.0  1.3  956.1  112.3  227.4  1.08  -0.14  -0.30  115.6
68625.0  1.8  956.4  112.4  227.4  1.34  -0.09  -0.19  115.9
68626.0  1.9  956.3  112.4  227.4  1.44  -0.03  0.30  116.5
68627.0  1.5  955.9  112.5  227.7  1.20  0.07  -0.46  117.0
68628.0  1.3  956.4  112.6  227.7  1.07  0.22  -0.46  117.4
68629.0  1.2  956.2  112.7  227.7  1.24  -0.20  -0.39  118.1
68630.0  1.4  956.1  112.7  227.6  1.44  -0.34  -0.45  117.7
68631.0  1.2  956.3  112.7  227.5  1.44  0.20  -0.49  117.6
68632.0  1.6  956.5  112.7  227.4  1.77  -1.23  -0.13  117.4
68633.0  1.5  956.2  112.7  227.4  1.85  -4.26  -0.58  117.4
68634.0  1.3  956.4  112.6  227.0  1.79  -6.51  -0.69  117.6
68635.0  1.5  956.4  112.5  226.2  2.12  -7.93  -0.40  117.8
68636.0  1.8  956.3  112.4  225.4  2.39  -8.66  -0.21  117.8
68637.0  1.5  956.0  112.2  224.8  2.23  -8.38  -0.59  118.2
68638.0  1.5  956.6  112.1  223.9  2.17  -7.11  -0.02  117.9
68639.0  1.5  956.3  112.0  223.5  2.22  -5.11  0.25  117.7
68640.0  1.4  956.4  111.9  223.4  2.15  -2.50  -0.37  117.3
68641.0  1.5  956.3  111.7  223.2  2.21  0.25  -0.61  117.4
68642.0  1.6  956.6  111.6  223.1  2.30  1.79  -0.47  116.9
68643.0  1.4  956.6  111.6  223.3  2.23  1.91  -0.13  116.7
68644.0  1.6  956.6  111.5  223.6  2.36  1.60  -0.36  116.3
68645.0  1.4  956.4  111.4  223.7  2.42  1.21  -0.47  116.3
68646.0  1.6  956.6  111.2  223.8  2.56  0.37  -0.37  116.1
68647.0  1.7  956.1  111.1  223.8  2.62  -0.23  -0.48  116.0
68648.0  1.6  956.4  111.0  223.7  2.37  -0.96  -0.40  116.3
68649.0  1.7  956.2  110.9  223.5  2.51  -1.38  -0.56  116.0
68650.0  1.5  956.1  110.8  223.2  2.34  -1.65  -0.28  115.0
68651.0  1.6  956.3  110.7  223.1  2.46  -2.48  0.21  115.3
68652.0  1.6  956.5  110.6  223.1  2.43  -2.35  -0.07  115.8
68653.0  1.7  956.0  110.4  223.0  2.53  -1.99  -0.20  115.7
68654.0  1.4  956.2  110.3  222.8  2.37  -2.03  -0.67  115.2
68655.0  1.7  956.1  110.2  222.5  2.53  -0.32  -0.46  115.0
68656.0  1.6  956.3  110.1  222.4  2.51  0.35  -0.14  114.3
68657.0  1.5  956.3  110.0  222.6  2.48  -0.26  0.04  114.6
68658.0  1.7  956.3  110.0  222.7  2.65  -0.42  -0.33  114.1
68659.0  1.9  956.2  109.9  222.7  2.70  -0.51  -0.35  114.0
68660.0  1.8  956.7  109.7  222.7  2.60  -0.59  -0.56  114.4
68661.0  1.9  956.1  109.7  222.5  2.58  -1.23  -0.07  114.1
68662.0  1.8  956.2  109.6  222.5  2.46  -1.90  -0.26  114.0
68663.0  1.9  956.4  109.5  222.4  2.41  -2.28  -0.89  113.8
68664.0  1.9  956.1  109.5  221.9  2.30  -2.39  -0.55  114.1
68665.0  1.7  956.2  109.5  221.6  2.18  -2.13  -0.60  113.7
68666.0  1.6  956.6  109.4  221.2  2.12  -1.85  -0.26  113.4
68667.0  1.9  956.3  109.4  221.0  2.24  -1.02  0.05  113.2
68668.0  2.0  956.1  109.4  221.1  2.15  -0.22  -0.07  113.5
68669.0  1.8  956.7  109.4  221.2  1.91  0.43  -0.10  113.4
68670.0  1.7  956.4  109.5  221.4  1.77  1.26  0.11  113.1
68671.0  1.8  956.4  109.5  221.8  1.79  1.67  0.34  113.3
68672.0  1.2  956.1  109.6  222.3  1.79  1.04  -0.36  112.9
68673.0  2.1  956.4  109.7  222.5  2.06  0.73  -0.62  111.8
68674.0  2.3  956.7  109.7  222.5  2.03  1.14  -0.81  112.3
68675.0  1.5  956.1  109.8  222.4  1.52  1.23  -0.75  112.3
68676.0  2.0  956.5  109.9  222.3  1.73  1.40  -0.33  112.1
68677.0  2.2  955.9  110.0  222.3  1.83  1.09  -0.15  113.0
68678.0  1.5  956.5  110.1  222.5  1.58  -0.05  -0.06  113.4
68679.0  2.1  955.8  110.2  222.6  1.69  -0.80  -0.82  114.3
68680.0  1.3  956.5  110.2  222.3  1.45  -0.91  -0.20  115.3
68681.0  1.5  956.2  110.3  222.3  1.51  -0.40  -0.12  114.7
68682.0  1.7  956.1  110.4  222.3  1.85  0.30  -0.19  114.5
68683.0  1.6  956.1  110.4  222.4  1.83  0.56  -0.20  114.8
68684.0  1.5  956.6  110.4  222.5  1.81  0.27  -0.41  114.9
68685.0  1.3  956.4  110.4  222.5  1.32  -0.73  -0.29  114.9
68686.0  1.4  956.3  110.5  222.5  1.07  -1.42  -0.09  114.6
68687.0  1.7  956.5  110.7  222.5  1.16  -1.37  -0.56  114.5
68688.0  1.6  956.5  110.8  222.3  1.08  -0.83  -0.33  114.6
68689.0  1.6  956.1  111.0  222.2  1.09  -0.61  -0.42  114.6
68690.0  1.6  956.5  111.1  222.1  1.10  -0.45  -0.73  115.7
68691.0  1.4  956.6  111.2  221.9  0.84  -0.58  -0.51  115.8
68692.0  1.3  956.4  111.4  221.7  0.39  -0.51  -0.27  115.8
68693.0  1.7  956.2  111.6  221.7  0.58  -0.19  -0.19  116.0
68694.0  1.7  956.5  111.8  221.7  0.63  -0.12  -0.36  116.5
68695.0  1.5  956.6  112.0  221.7  0.78  -0.09  -0.16  116.4
68696.0  1.6  956.3  112.2  221.8  0.84  -0.15  -0.26  116.3
68697.0  1.7  957.1  112.3  221.9  1.10  -0.28  -0.46  116.2
68698.0  2.1  956.7  112.4  221.9  1.93  0.20  -0.20  116.8
68699.0  2.1  957.2  112.3  222.0  2.48  0.50  -0.45  117.0
68700.0  1.7  956.7  112.2  222.0  2.64  0.80  -0.28  116.9
68701.0  1.5  956.9  112.0  222.1  2.38  0.77  -0.44  117.7
68702.0  1.5  957.0  112.0  222.2  2.05  0.59  -0.05  117.1
68703.0  1.0  956.9  111.9  222.4  1.80  0.29  -0.05  116.4
68704.0  1.4  956.8  111.9  222.6  1.86  0.31  -0.76  116.8
68705.0  1.8  956.7  111.8  222.4  1.97  0.81  -0.58  116.4
68706.0  1.3  957.1  111.8  222.3  1.59  1.80  -0.38  117.3
68707.0  1.2  956.4  111.8  222.5  1.36  2.29  0.31  118.0
68708.0  1.5  956.8  111.9  223.0  1.50  0.90  0.07  117.2
68709.0  1.0  956.5  111.9  223.2  1.39  -0.38  -1.02  117.5
68710.0  1.7  956.6  111.9  222.8  1.65  -0.84  -0.85  118.2
68711.0  1.2  957.0  111.9  222.5  1.44  0.07  -0.38  116.7
68712.0  1.4  956.9  111.9  222.5  1.53  1.17  0.07  116.7
68713.0  1.5  956.3  111.9  222.7  1.80  0.89  -0.27  116.3
68714.0  1.4  956.8  111.9  222.8  1.80  0.67  -0.44  116.2
68715.0  2.0  956.6  111.9  222.8  1.99  0.28  -0.07  115.6
68716.0  1.7  956.8  111.9  223.0  1.85  0.35  -0.03  114.9
68717.0  1.5  956.9  111.9  223.2  1.78  0.18  -0.21  115.1
68718.0  1.8  956.7  111.9  223.3  2.06  -0.78  -0.63  115.5
68719.0  2.0  956.7  111.9  223.2  2.03  -1.18  -0.64  115.2
68720.0  1.5  956.8  111.9  222.9  1.79  -0.85  -0.30  115.6
68721.0  1.6  956.7  111.9  222.8  2.00  -1.33  -0.14  115.7
68722.0  2.0  956.8  111.8  222.8  2.07  -1.15  -0.53  116.0
68723.0  1.8  957.2  111.8  222.6  1.80  -0.69  -0.79  116.3
68724.0  1.5  956.6  111.9  222.3  1.38  -0.96  -0.66  115.2
68725.0  1.2  956.7  111.9  221.9  1.55  -0.82  -0.45  115.5
68726.0  1.7  956.7  111.9  221.6  1.82  -1.25  0.04  114.8
68727.0  2.3  957.1  111.9  221.6  1.74  -1.09  -0.05  116.5
68728.0  1.4  956.4  112.0  221.7  1.10  -0.26  1.19  117.4
68729.0  1.5  957.0  112.1  222.4  0.88  -0.08  0.23  117.0
68730.0  1.3  956.7  112.2  222.8  0.66  -0.26  -0.26  116.9
68731.0  1.2  956.5  112.4  222.9  0.45  -1.21  -1.33  116.5
68732.0  1.5  956.8  112.6  222.4  0.53  -0.50  -0.81  117.8
68733.0  0.6  956.9  112.7  222.1  0.28  -0.26  0.06  118.6
68734.0  0.4  956.6  112.9  222.3  0.52  -0.13  -0.18  118.1
68735.0  1.4  956.4  112.9  222.3  1.32  0.56  -0.59  117.8
68736.0  1.5  956.3  113.0  222.3  1.36  0.47  -0.59  117.8
68737.0  1.1  956.5  113.0  222.1  1.14  0.50  -0.55  118.5
68738.0  1.2  956.8  113.0  222.1  1.45  0.50  -0.25  118.1
68739.0  1.5  956.8  113.0  222.2  1.66  0.76  -0.41  117.5
68740.0  1.8  957.0  113.0  222.2  1.84  1.31  -0.38  117.8
68741.0  1.7  956.6  113.0  222.3  1.77  0.98  -0.28  117.7
68742.0  1.4  957.0  113.0  222.4  1.73  -0.21  -0.27  117.3
68743.0  1.5  957.3  112.9  222.4  1.91  -0.79  -0.35  117.4
68744.0  1.5  956.9  112.9  222.4  2.01  -0.73  -0.28  116.9
68745.0  1.5  957.2  112.8  222.3  2.13  -0.62  -0.20  117.1
68746.0  1.6  956.9  112.7  222.3  2.22  -0.64  -0.31  117.3
68747.0  1.5  957.0  112.6  222.3  2.30  -0.50  -0.24  116.8
68748.0  1.5  957.1  112.5  222.3  2.36  -0.41  -0.54  117.2
68749.0  1.5  956.8  112.4  222.2  2.44  -0.25  -0.59  116.9
68750.0  1.6  957.1  112.2  222.0  2.53  -0.05  -0.47  116.9
68751.0  1.6  957.0  112.1  221.9  2.50  0.15  -0.31  116.5
68752.0  1.5  956.7  112.0  221.9  2.39  0.08  -0.15  115.8
68753.0  1.5  957.2  111.8  222.0  2.40  0.18  -0.30  115.8
68754.0  1.5  957.0  111.7  222.0  2.50  0.17  -0.39  115.7
68755.0  1.6  956.6  111.6  222.0  2.51  0.34  -0.36  115.7
68756.0  1.5  957.1  111.5  222.0  2.42  0.25  -0.28  115.5
68757.0  1.5  956.7  111.4  222.0  2.36  0.28  -0.42  115.6
68758.0  2.0  956.8  111.3  222.0  2.45  0.52  -0.42  115.5
68759.0  1.4  957.0  111.3  222.0  2.18  0.31  -0.32  115.3
68760.0  1.5  956.9  111.2  222.0  2.10  0.08  -0.06  114.9
68761.0  1.5  956.8  111.2  222.1  2.21  -0.19  -0.16  114.8
68762.0  1.5  956.8  111.1  222.1  2.25  0.22  0.33  114.8
68763.0  1.4  956.8  111.0  222.4  2.19  0.46  -0.40  115.2
68764.0  1.8  957.0  111.0  222.4  2.23  0.37  -0.64  114.6
68765.0  1.9  956.9  111.0  222.3  2.27  0.17  -0.36  113.9
68766.0  1.8  956.9  110.9  222.2  2.05  -0.31  -0.60  113.4
68767.0  1.9  956.8  111.0  222.0  1.98  -0.26  -0.02  113.4
68768.0  1.5  956.8  111.0  222.1  1.77  0.38  -0.07  114.3
68769.0  1.7  957.0  111.0  222.3  1.88  0.23  -0.14  114.5
68770.0  1.4  956.5  111.0  222.4  1.88  0.02  -0.68  115.4
68771.0  1.6  957.2  111.0  222.2  1.89  -0.25  -0.85  115.0
68772.0  2.2  956.9  111.0  221.9  1.95  -0.05  0.06  115.6
68773.0  2.3  956.9  111.1  221.9  1.66  -1.10  -0.07  114.4
68774.0  1.0  956.7  111.2  221.8  0.88  -2.45  -0.67  115.0
68775.0  1.4  957.1  111.3  221.3  1.03  -2.86  -0.51  115.1
68776.0  1.9  956.8  111.4  220.9  1.47  -2.55  -0.29  115.9
68777.0  1.7  956.3  111.5  220.6  0.94  -2.63  0.44  116.0
68778.0  1.4  956.9  111.6  220.8  0.55  -2.10  0.31  116.4
68779.0  0.6  956.7  111.8  221.0  0.26  0.41  -0.81  116.7
68780.0  0.5  956.7  112.0  221.0  0.78  3.34  0.46  115.9
68781.0  1.8  956.5  112.1  221.7  1.56  4.34  0.13  115.5
68782.0  1.7  956.6  112.1  222.4  1.56  4.34  -0.39  116.4
68783.0  1.3  957.2  112.2  222.7  1.20  4.96  -0.85  116.4
