flight/WP3D/AircraftPos_NP3_20130626_RA.ict
38  1001
Ken Aikin
NOAA ESRL Chemical Sciences Division
various aircraft sensors
SENEX 2013
1  1
2013  06  26  2013  06  26
1
AOCTimewave
5
1  1  1  1  1 
-9999  -9999  -9999  -9999  -9999
GpsLat  deg
GpsLon  deg
GpsAlt  m
PAlt  m
RAlt  m
1
SPECIAL COMMENTS:Fayetteville shale flight.
18
PI_CONTACT_INFO: Address: NOAA ESRL Chemical Sciences Division  Mail Stop R/CSD7  325 Broadway  Boulder  CO 80305
PLATFORM: NOAA WP-3D
LOCATION: The aircraft was stationed in Smyrna  Tennessee. Aircraft location information in AircraftPosition file.
ASSOCIATED_DATA: N/A
INSTRUMENT_INFO: N/A
DATA_INFO: Units:GpsLat:decimal degrees; GpsLon: decimal degrees; GpsAlt: meters; PAlt:meters; RAlt: meters.
UNCERTAINTY: N/A
ULOD_FLAG: -7777
ULOD_VALUE: N/A
LLOD_FLAG: -8888
LLOD_VALUE: N/A
DM_CONTACT_INFO: Data Manager:Ken Aikin; email:Kenneth.C.Aikin@noaa.gov
PROJECT_INFO: SENEX 2013 Study; June 1 - July 15  2013
STIPULATIONS_ON_USE: Use of these data require prior ok from PI.
OTHER_COMMENTS:       None
REVISION: RA
RA: Preliminary Data.  For in-field use.
AOCTimewave  GpsLat  GpsLon  GpsAlt  PAlt  RAlt
[from data line 7273]
61141.0  35.0061   -94.5505   1955.4   1827.4   1845.4
61142.0  35.0070   -94.5501   1959.9   1830.7   1853.4
61143.0  35.0080   -94.5498   1964.3   1835.7   1853.2
61144.0  35.0089   -94.5495   1968.7   1840.3   1852.8
61145.0  35.0099   -94.5492   1973.3   1843.5   1862.1
61146.0  35.0109   -94.5489   1978.4   1847.9   1860.5
61147.0  35.0118   -94.5485   1983.1   1852.5   1876.9
61148.0  35.0128   -94.5482   1987.7   1856.9   1872.1
61149.0  35.0138   -94.5479   1992.2   1861.7   1888.2
61150.0  35.0148   -94.5475   1996.8   1865.5   1893.5
61151.0  35.0157   -94.5472   2002.0   1870.1   1903.1
61152.0  35.0167   -94.5468   2007.7   1875.9   1893.8
61153.0  35.0177   -94.5465   2013.6   1882.4   1905.0
61154.0  35.0186   -94.5461   2019.7   1888.1   1920.7
61155.0  35.0196   -94.5458   2026.1   1892.8   1916.4
61156.0  35.0206   -94.5454   2032.7   1899.6   1923.1
61157.0  35.0215   -94.5450   2039.7   1906.5   1921.4
61158.0  35.0225   -94.5447   2047.2   1912.6   1940.7
61159.0  35.0235   -94.5443   2055.4   1921.9   1944.1
61160.0  35.0244   -94.5439   2063.7   1929.0   1959.4
61161.0  35.0254   -94.5436   2072.3   1937.0   1960.7
61162.0  35.0263   -94.5432   2081.0   1945.3   1977.3
61163.0  35.0273   -94.5428   2089.7   1954.4   1986.8
61164.0  35.0282   -94.5424   2098.1   1961.7   1980.6
61165.0  35.0292   -94.5420   2106.6   1970.0   1984.0
61166.0  35.0301   -94.5416   2116.0   1977.8   1989.8
61167.0  35.0311   -94.5413   2124.0   1985.7   1996.9
61168.0  35.0320   -94.5409   2131.4   1991.7   2006.9
61169.0  35.0330   -94.5405   2138.2   1997.7   2024.8
61170.0  35.0339   -94.5401   2144.1   2004.4   2006.4
61171.0  35.0348   -94.5396   2150.2   2011.9   2014.1
61172.0  35.0358   -94.5392   2156.3   2018.4   2029.9
61173.0  35.0367   -94.5388   2162.2   2023.7   2039.4
61174.0  35.0376   -94.5384   2170.0   2030.3   2059.8
61175.0  35.0386   -94.5380   2176.5   2036.6   2051.4
61176.0  35.0395   -94.5376   2182.6   2040.6   2051.2
61177.0  35.0405   -94.5371   2188.6   2046.2   2057.3
61178.0  35.0414   -94.5367   2194.4   2052.2   2058.9
61179.0  35.0423   -94.5363   2200.2   2057.5   2065.2
61180.0  35.0433   -94.5359   2205.9   2063.5   2092.1
61181.0  35.0442   -94.5354   2211.5   2068.1   2091.8
61182.0  35.0451   -94.5350   2217.1   2072.4   2099.1
61183.0  35.0461   -94.5345   2223.2   2078.9   2103.7
61184.0  35.0470   -94.5341   2229.6   2085.1   2099.3
61185.0  35.0479   -94.5336   2235.8   2092.1   2104.0
61186.0  35.0489   -94.5331   2242.0   2098.3   2117.3
61187.0  35.0498   -94.5327   2248.0   2104.9   2114.5
61188.0  35.0507   -94.5322   2253.9   2110.6   2119.3
61189.0  35.0516   -94.5317   2259.9   2116.7   2128.8
61190.0  35.0526   -94.5312   2265.7   2122.0   2145.3
61191.0  35.0535   -94.5308   2271.4   2127.2   2150.1
61192.0  35.0544   -94.5303   2276.6   2131.7   2158.1
61193.0  35.0554   -94.5298   2281.7   2136.3   2166.2
61194.0  35.0563   -94.5293   2287.2   2141.7   2168.9
61195.0  35.0572   -94.5289   2292.3   2145.5   2183.9
61196.0  35.0581   -94.5284   2297.2   2149.7   2186.1
61197.0  35.0591   -94.5279   2302.0   2155.0   2180.9
61198.0  35.0600   -94.5275   2306.4   2159.1   2187.4
61199.0  35.0610   -94.5270   2310.5   2164.4   2199.9
61200.0  35.0619   -94.5266   2314.3   2168.7   2202.4
61201.0  35.0629   -94.5262   2317.7   2171.8   2205.5
61202.0  35.0638   -94.5257   2321.6   2173.9   2210.0
61203.0  35.0648   -94.5253   2325.7   2177.9   2211.9
61204.0  35.0658   -94.5249   2330.3   2182.2   2223.9
61205.0  35.0667   -94.5245   2335.2   2187.3   2231.5
61206.0  35.0677   -94.5241   2341.2   2192.0   2230.1
61207.0  35.0687   -94.5238   2346.9   2196.5   2228.1
61208.0  35.0696   -94.5234   2352.4   2203.1   2234.5
61209.0  35.0706   -94.5231   2358.1   2208.2   2234.1
61210.0  35.0716   -94.5227   2363.7   2213.5   2243.5
61211.0  35.0726   -94.5224   2369.2   2219.4   2241.9
61212.0  35.0736   -94.5220   2374.9   2225.5   2243.8
61213.0  35.0745   -94.5217   2380.6   2230.8   2248.3
61214.0  35.0755   -94.5214   2386.1   2235.0   2260.1
61215.0  35.0765   -94.5210   2391.9   2240.2   2260.0
61216.0  35.0775   -94.5207   2397.9   2244.7   2264.2
61217.0  35.0785   -94.5204   2404.2   2251.1   2269.2
61218.0  35.0794   -94.5201   2410.8   2257.6   2283.6
61219.0  35.0804   -94.5197   2417.6   2262.7   2286.4
61220.0  35.0814   -94.5194   2424.8   2270.4   2312.7
61221.0  35.0824   -94.5190   2432.4   2276.9   2322.7
61222.0  35.0833   -94.5187   2440.4   2285.9   2330.1
61223.0  35.0843   -94.5184   2448.5   2293.9   2338.1
61224.0  35.0852   -94.5180   2456.6   2301.2   2342.4
61225.0  35.0862   -94.5177   2464.6   2308.9   2358.1
61226.0  35.0872   -94.5173   2472.7   2316.1   2366.6
61227.0  35.0881   -94.5170   2480.6   2325.7   2375.9
61228.0  35.0891   -94.5167   2487.8   2332.8   2385.0
61229.0  35.0901   -94.5163   2494.3   2337.8   2391.0
61230.0  35.0910   -94.5160   2499.9   2343.3   2396.2
61231.0  35.0920   -94.5156   2505.4   2348.9   2394.3
61232.0  35.0929   -94.5153   2511.2   2354.5   2407.9
61233.0  35.0939   -94.5149   2517.2   2359.7   2420.3
61234.0  35.0949   -94.5146   2523.7   2366.1   2425.2
61235.0  35.0958   -94.5143   2529.8   2372.3   2411.4
61236.0  35.0968   -94.5139   2535.6   2378.6   2412.4
61237.0  35.0977   -94.5136   2540.8   2384.5   2412.0
61238.0  35.0987   -94.5132   2545.0   2390.0   2416.3
61239.0  35.0997   -94.5129   2548.5   2391.6   2425.6
61240.0  35.1006   -94.5125   2551.8   2393.2   2448.6
61241.0  35.1016   -94.5122   2555.0   2397.3   2456.5
61242.0  35.1025   -94.5119   2558.7   2402.5   2453.5
61243.0  35.1035   -94.5115   2561.2   2405.6   2453.9
61244.0  35.1045   -94.5112   2562.8   2406.7   2450.1
61245.0  35.1055   -94.5108   2562.8   2406.3   2451.1
61246.0  35.1065   -94.5105   2562.9   2405.5   2452.8
61247.0  35.1075   -94.5101   2562.1   2404.8   2464.3
61248.0  35.1085   -94.5098   2560.9   2403.6   2462.8
61249.0  35.1095   -94.5094   2560.3   2401.7   2459.3
61250.0  35.1105   -94.5091   2560.6   2399.5   2453.9
61251.0  35.1115   -94.5087   2561.9   2401.7   2462.8
61252.0  35.1125   -94.5083   2563.4   2405.8   2447.7
61253.0  35.1135   -94.5080   2564.9   2408.8   2445.9
61254.0  35.1145   -94.5076   2566.2   2409.4   2451.8
61255.0  35.1155   -94.5073   2566.4   2408.7   2449.1
61256.0  35.1166   -94.5069   2566.4   2408.1   2447.8
61257.0  35.1176   -94.5066   2566.4   2409.0   2450.6
61258.0  35.1186   -94.5062   2568.4   2409.2   2454.2
61259.0  35.1197   -94.5059   2568.9   2409.7   2456.5
61260.0  35.1207   -94.5055   2568.9   2410.1   2452.5
61261.0  35.1218   -94.5052   2568.5   2409.5   2451.4
61262.0  35.1228   -94.5048   2568.3   2409.9   2437.9
61263.0  35.1239   -94.5045   2567.1   2409.3   2456.4
61264.0  35.1249   -94.5041   2564.2   2405.7   2450.3
61265.0  35.1260   -94.5038   2560.7   2402.6   2439.4
61266.0  35.1271   -94.5034   2557.3   2398.4   2427.0
61267.0  35.1281   -94.5031   2553.1   2393.4   2438.8
61268.0  35.1292   -94.5027   2549.0   2390.2   2424.3
61269.0  35.1303   -94.5024   2544.9   2386.8   2412.1
61270.0  35.1314   -94.5021   2542.0   2382.7   2414.9
61271.0  35.1325   -94.5018   2538.4   2379.7   2405.5
61272.0  35.1336   -94.5015   2534.9   2376.3   2410.8
61273.0  35.1347   -94.5012   2531.5   2371.9   2414.0
61274.0  35.1358   -94.5009   2528.8   2368.7   2397.0
61275.0  35.1369   -94.5006   2525.4   2366.3   2413.5
61276.0  35.1380   -94.5004   2522.0   2363.1   2402.8
61277.0  35.1391   -94.5002   2518.8   2362.1   2408.2
61278.0  35.1402   -94.4999   2516.1   2358.6   2418.2
61279.0  35.1413   -94.4997   2513.4   2356.2   2408.5
61280.0  35.1425   -94.4995   2510.8   2353.8   2405.2
61281.0  35.1436   -94.4994   2508.4   2351.3   2414.5
61282.0  35.1447   -94.4992   2506.9   2348.9   2406.5
61283.0  35.1458   -94.4991   2504.5   2347.5   2408.5
61284.0  35.1469   -94.4990   2501.8   2344.7   2387.1
61285.0  35.1481   -94.4988   2498.6   2341.4   2377.2
61286.0  35.1492   -94.4987   2496.4   2337.2   2387.5
61287.0  35.1503   -94.4986   2493.9   2336.6   2386.7
61288.0  35.1514   -94.4986   2492.0   2335.7   2391.5
61289.0  35.1526   -94.4985   2490.2   2334.2   2393.6
61290.0  35.1537   -94.4984   2489.1   2333.0   2382.3
61291.0  35.1548   -94.4984   2487.8   2332.2   2382.8
61292.0  35.1559   -94.4983   2487.1   2329.9   2391.8
61293.0  35.1571   -94.4983   2485.9   2328.3   2388.9
61294.0  35.1582   -94.4983   2485.9   2328.2   2384.1
61295.0  35.1593   -94.4983   2485.3   2327.9   2395.1
61296.0  35.1604   -94.4983   2484.1   2327.9   2392.0
61297.0  35.1616   -94.4983   2483.1   2327.5   2404.1
61298.0  35.1627   -94.4983   2482.3   2326.9   2398.8
61299.0  35.1638   -94.4984   2481.4   2326.2   2384.1
61300.0  35.1649   -94.4984   2481.1   2325.4   2381.5
61301.0  35.1660   -94.4985   2479.9   2325.2   2388.7
61302.0  35.1671   -94.4985   2479.5   2324.1   2391.9
61303.0  35.1682   -94.4986   2477.8   2323.0   2387.1
61304.0  35.1694   -94.4987   2475.2   2321.7   2388.0
61305.0  35.1705   -94.4988   2472.0   2318.0   2385.5
61306.0  35.1716   -94.4989   2468.9   2314.5   2381.6
61307.0  35.1727   -94.4990   2465.2   2310.0   2380.4
61308.0  35.1738   -94.4991   2461.2   2307.4   2372.1
61309.0  35.1749   -94.4992   2457.1   2302.7   2361.9
61310.0  35.1760   -94.4993   2454.0   2297.9   2357.1
61311.0  35.1771   -94.4994   2450.9   2295.1   2353.5
61312.0  35.1783   -94.4995   2448.4   2291.6   2355.3
61313.0  35.1794   -94.4996   2446.5   2290.3   2354.3
61314.0  35.1805   -94.4998   2446.7   2289.3   2360.6
61315.0  35.1816   -94.4999   2445.7   2287.7   2354.6
61316.0  35.1827   -94.5000   2444.8   2288.5   2338.6
61317.0  35.1838   -94.5001   2444.5   2289.0   2337.3
61318.0  35.1849   -94.5002   2444.5   2288.0   2330.3
61319.0  35.1860   -94.5003   2444.5   2288.1   2325.3
61320.0  35.1871   -94.5004   2444.5   2290.1   2319.9
61321.0  35.1882   -94.5005   2443.3   2290.0   2324.0
61322.0  35.1893   -94.5006   2442.4   2287.7   2329.6
61323.0  35.1904   -94.5007   2441.6   2286.2   2330.4
61324.0  35.1915   -94.5008   2440.8   2284.8   2321.0
61325.0  35.1926   -94.5009   2439.8   2284.1   2322.7
61326.0  35.1937   -94.5010   2439.6   2284.4   2317.4
61327.0  35.1948   -94.5011   2439.6   2283.3   2308.4
61328.0  35.1959   -94.5012   2438.9   2283.0   2312.6
61329.0  35.1970   -94.5013   2438.4   2281.8   2333.4
61330.0  35.1981   -94.5014   2439.4   2283.4   2320.7
61331.0  35.1992   -94.5015   2439.6   2283.9   2300.3
61332.0  35.2003   -94.5016   2439.6   2283.2   2296.5
61333.0  35.2014   -94.5017   2439.6   2282.9   2304.2
61334.0  35.2025   -94.5018   2440.6   2284.5   2304.4
61335.0  35.2036   -94.5019   2440.8   2285.9   2303.0
61336.0  35.2047   -94.5020   2440.8   2286.8   2316.9
61337.0  35.2058   -94.5021   2440.8   2287.4   2323.2
61338.0  35.2069   -94.5022   2441.8   2286.4   2324.8
61339.0  35.2080   -94.5023   2442.1   2285.4   2321.1
61340.0  35.2091   -94.5024   2442.1   2287.6   2317.9
61341.0  35.2101   -94.5025   2442.9   2286.4   2329.5
61342.0  35.2112   -94.5026   2445.2   2286.5   2340.4
61343.0  35.2123   -94.5027   2445.7   2286.8   2339.2
61344.0  35.2134   -94.5028   2445.7   2285.7   2333.4
61345.0  35.2145   -94.5029   2445.7   2286.2   2338.5
61346.0  35.2156   -94.5030   2445.7   2286.8   2349.6
61347.0  35.2166   -94.5031   2445.7   2287.1   2348.8
61348.0  35.2177   -94.5032   2445.7   2287.6   2351.1
61349.0  35.2188   -94.5032   2445.7   2288.0   2340.1
61350.0  35.2199   -94.5033   2445.7   2287.6   2344.2
61351.0  35.2210   -94.5034   2445.7   2289.0   2346.0
61352.0  35.2221   -94.5034   2445.7   2288.0   2351.4
61353.0  35.2231   -94.5035   2445.7   2287.8   2365.5
61354.0  35.2242   -94.5036   2445.5   2287.6   2364.0
61355.0  35.2253   -94.5036   2445.7   2287.5   2356.2
61356.0  35.2264   -94.5037   2445.7   2288.2   2351.3
61357.0  35.2275   -94.5037   2444.6   2287.3   2365.1
61358.0  35.2285   -94.5038   2445.5   2285.4   2354.1
61359.0  35.2296   -94.5039   2445.7   2285.8   2354.2
61360.0  35.2307   -94.5039   2445.7   2286.0   2349.2
61361.0  35.2318   -94.5040   2445.7   2286.2   2339.1
61362.0  35.2329   -94.5040   2445.7   2286.5   2330.6
61363.0  35.2339   -94.5041   2445.7   2287.2   2323.2
61364.0  35.2350   -94.5041   2445.7   2287.7   2333.1
61365.0  35.2361   -94.5042   2445.7   2288.8   2335.5
61366.0  35.2372   -94.5042   2446.7   2289.1   2339.7
61367.0  35.2382   -94.5042   2446.9   2289.8   2333.6
61368.0  35.2393   -94.5043   2446.9   2289.1   2338.8
61369.0  35.2404   -94.5043   2446.9   2289.2   2335.3
61370.0  35.2415   -94.5043   2446.9   2288.6   2342.6
61371.0  35.2425   -94.5044   2446.9   2289.0   2349.9
61372.0  35.2436   -94.5044   2446.9   2289.1   2341.0
61373.0  35.2447   -94.5044   2446.9   2288.9   2336.3
61374.0  35.2457   -94.5044   2446.9   2289.2   2344.4
61375.0  35.2468   -94.5045   2446.9   2287.9   2348.5
61376.0  35.2479   -94.5045   2446.9   2288.1   2353.1
61377.0  35.2490   -94.5045   2446.9   2287.6   2347.4
61378.0  35.2500   -94.5046   2446.9   2287.7   2346.5
61379.0  35.2511   -94.5046   2446.9   2287.6   2362.2
61380.0  35.2522   -94.5046   2446.9   2287.6   2361.8
61381.0  35.2533   -94.5046   2446.9   2288.1   2361.5
61382.0  35.2543   -94.5047   2446.9   2287.7   2368.2
61383.0  35.2554   -94.5047   2446.9   2288.5   2374.3
61384.0  35.2565   -94.5047   2446.9   2289.0   2370.9
61385.0  35.2575   -94.5047   2446.9   2289.7   2376.9
61386.0  35.2586   -94.5047   2446.9   2288.2   2380.4
61387.0  35.2597   -94.5048   2446.9   2288.9   2378.2
61388.0  35.2608   -94.5048   2446.9   2288.5   2371.0
61389.0  35.2618   -94.5048   2446.9   2288.0   2360.2
61390.0  35.2629   -94.5048   2446.9   2288.4   2350.4
61391.0  35.2640   -94.5048   2446.9   2288.7   2366.0
61392.0  35.2651   -94.5048   2446.9   2287.7   2369.0
61393.0  35.2661   -94.5047   2445.8   2288.3   2379.2
61394.0  35.2672   -94.5047   2446.7   2288.6   2379.5
61395.0  35.2683   -94.5047   2446.0   2288.0   2389.2
61396.0  35.2693   -94.5047   2445.7   2289.4   2382.9
61397.0  35.2704   -94.5047   2445.7   2289.3   2366.7
61398.0  35.2715   -94.5047   2445.7   2289.0   2361.2
61399.0  35.2726   -94.5047   2445.7   2287.0   2371.4
61400.0  35.2736   -94.5047   2445.7   2288.3   2372.6
61401.0  35.2747   -94.5046   2445.7   2289.4   2360.9
61402.0  35.2758   -94.5046   2445.7   2289.2   2359.4
61403.0  35.2768   -94.5046   2445.7   2289.4   2380.5
61404.0  35.2779   -94.5046   2445.7   2288.2   2380.5
61405.0  35.2790   -94.5046   2445.7   2286.1   2374.9
61406.0  35.2800   -94.5045   2445.7   2285.6   2370.6
61407.0  35.2811   -94.5045   2445.7   2285.5   2379.2
61408.0  35.2822   -94.5045   2445.7   2286.5   2371.8
61409.0  35.2833   -94.5044   2445.7   2287.0   2349.1
61410.0  35.2843   -94.5044   2445.7   2287.9   2349.6
61411.0  35.2854   -94.5043   2445.7   2287.2   2349.2
61412.0  35.2865   -94.5043   2445.7   2286.4   2353.7
61413.0  35.2875   -94.5042   2445.7   2287.6   2343.1
61414.0  35.2886   -94.5042   2446.7   2287.7   2349.6
61415.0  35.2896   -94.5041   2446.9   2286.7   2352.8
61416.0  35.2907   -94.5040   2446.9   2287.0   2361.2
61417.0  35.2918   -94.5040   2446.9   2288.2   2354.1
61418.0  35.2928   -94.5039   2446.9   2286.9   2358.8
61419.0  35.2939   -94.5038   2446.9   2287.9   2352.2
61420.0  35.2950   -94.5038   2446.9   2288.6   2361.0
61421.0  35.2960   -94.5037   2446.9   2289.3   2366.4
61422.0  35.2971   -94.5036   2447.6   2289.6   2362.2
61423.0  35.2982   -94.5036   2446.9   2290.0   2353.7
61424.0  35.2992   -94.5035   2446.9   2289.1   2363.2
61425.0  35.3003   -94.5034   2446.9   2289.6   2359.8
61426.0  35.3013   -94.5034   2446.9   2288.6   2357.9
61427.0  35.3024   -94.5033   2446.9   2289.5   2366.3
61428.0  35.3035   -94.5032   2446.9   2289.9   2369.9
61429.0  35.3045   -94.5032   2446.9   2290.7   2361.3
61430.0  35.3056   -94.5031   2446.9   2290.1   2370.7
