flight/WP3D/AircraftPos_NP3_20130616_RA.ict
38  1001
Ken Aikin
NOAA ESRL Chemical Sciences Division
various aircraft sensors
SENEX 2013
1  1
2013  06  16  2013  06  16
1
AOCTimewave
5
1  1  1  1  1 
-9999  -9999  -9999  -9999  -9999
GpsLat  deg
GpsLon  deg
GpsAlt  m
PAlt  m
RAlt  m
1
SPECIAL COMMENTS:Atlanta power plants.
18
PI_CONTACT_INFO: Address: NOAA ESRL Chemical Sciences Division  Mail Stop R/CSD7  325 Broadway  Boulder  CO 80305
PLATFORM: NOAA WP-3D
LOCATION: The aircraft was stationed in Smyrna  Tennessee. Aircraft location information in AircraftPosition file.
ASSOCIATED_DATA: N/A
INSTRUMENT_INFO: N/A
DATA_INFO: Units:GpsLat:decimal degrees; GpsLon: decimal degrees; GpsAlt: meters; PAlt:meters; RAlt: meters.
UNCERTAINTY: N/A
ULOD_FLAG: -7777
ULOD_VALUE: N/A
LLOD_FLAG: -8888
LLOD_VALUE: N/A
DM_CONTACT_INFO: Data Manager:Ken Aikin; email:Kenneth.C.Aikin@noaa.gov
PROJECT_INFO: SENEX 2013 Study; June 1 - July 15  2013
STIPULATIONS_ON_USE: Use of these data require prior ok from PI.
OTHER_COMMENTS:       None
REVISION: RA
RA: Preliminary Data.  For in-field use.
AOCTimewave  GpsLat  GpsLon  GpsAlt  PAlt  RAlt
[from data line 19782]
74775.0  33.7161   -82.6830    679.1    591.5    512.9
74776.0  33.7168   -82.6839    679.1    590.4    516.0
74777.0  33.7175   -82.6848    679.1    589.6    516.0
74778.0  33.7183   -82.6857    679.1    590.5    519.2
74779.0  33.7190   -82.6866    679.1    591.9    518.2
74780.0  33.7198   -82.6875    679.1    589.8    519.1
74781.0  33.7205   -82.6884    679.1    590.9    511.8
74782.0  33.7213   -82.6893    678.7    591.6    509.9
74783.0  33.7220   -82.6902    677.9    590.5    507.6
74784.0  33.7227   -82.6912    677.9    590.9    509.7
74785.0  33.7235   -82.6921    677.9    590.7    506.4
74786.0  33.7242   -82.6930    677.9    589.9    505.2
74787.0  33.7250   -82.6939    677.0    588.9    495.1
74788.0  33.7257   -82.6948    676.7    588.5    495.1
74789.0  33.7265   -82.6957    676.7    588.9    498.0
74790.0  33.7272   -82.6966    676.7    589.4    490.5
74791.0  33.7279   -82.6975    676.7    588.3    498.1
74792.0  33.7287   -82.6985    676.7    588.8    499.0
74793.0  33.7294   -82.6994    676.7    588.7    499.9
74794.0  33.7302   -82.7003    676.7    587.2    498.6
74795.0  33.7309   -82.7012    676.7    588.0    510.3
74796.0  33.7317   -82.7021    676.7    588.3    512.4
74797.0  33.7324   -82.7030    676.7    588.7    507.8
74798.0  33.7331   -82.7040    676.7    589.1    502.8
74799.0  33.7339   -82.7049    676.7    588.6    500.6
74800.0  33.7346   -82.7058    676.7    587.4    504.2
74801.0  33.7354   -82.7067    676.7    588.4    515.5
74802.0  33.7361   -82.7076    676.7    587.2    527.3
74803.0  33.7369   -82.7085    676.7    586.8    527.9
74804.0  33.7376   -82.7094    676.7    588.9    521.1
74805.0  33.7384   -82.7104    676.7    589.1    523.0
74806.0  33.7391   -82.7113    676.7    589.9    516.5
74807.0  33.7398   -82.7122    676.7    589.2    502.8
74808.0  33.7406   -82.7131    676.7    588.4    505.2
74809.0  33.7413   -82.7140    676.7    589.2    504.5
74810.0  33.7421   -82.7150    675.9    589.2    509.3
74811.0  33.7428   -82.7159    675.5    589.1    510.7
74812.0  33.7436   -82.7168    676.7    589.9    520.8
74813.0  33.7443   -82.7177    676.7    592.0    523.3
74814.0  33.7451   -82.7186    676.7    591.4    528.6
74815.0  33.7458   -82.7195    676.7    590.5    524.3
74816.0  33.7465   -82.7204    676.7    589.7    517.0
74817.0  33.7473   -82.7214    676.0    588.2    515.3
74818.0  33.7480   -82.7223    675.4    587.9    512.7
74819.0  33.7488   -82.7232    675.4    589.3    509.2
74820.0  33.7495   -82.7241    675.4    588.9    504.7
74821.0  33.7503   -82.7250    675.4    588.3    500.5
74822.0  33.7510   -82.7259    675.3    587.0    495.8
74823.0  33.7518   -82.7269    674.5    586.7    503.1
74824.0  33.7525   -82.7278    675.4    588.9    508.3
74825.0  33.7532   -82.7287    675.4    590.8    517.8
74826.0  33.7540   -82.7296    676.3    589.1    510.4
74827.0  33.7547   -82.7305    676.7    589.6    517.3
74828.0  33.7555   -82.7315    676.7    589.5    508.3
74829.0  33.7562   -82.7324    676.7    589.7    514.4
74830.0  33.7569   -82.7333    676.7    588.8    508.8
74831.0  33.7577   -82.7342    676.8    588.2    503.4
74832.0  33.7584   -82.7351    677.9    589.1    508.4
74833.0  33.7592   -82.7361    677.9    589.9    509.5
74834.0  33.7599   -82.7370    677.9    591.2    510.4
74835.0  33.7606   -82.7379    678.4    590.2    515.6
74836.0  33.7614   -82.7388    679.1    590.8    518.1
74837.0  33.7621   -82.7397    679.1    592.4    514.2
74838.0  33.7629   -82.7407    679.1    592.0    520.9
74839.0  33.7636   -82.7416    679.1    590.3    520.9
74840.0  33.7643   -82.7425    679.1    592.5    523.4
74841.0  33.7651   -82.7434    679.1    592.2    526.2
74842.0  33.7658   -82.7443    679.1    590.9    530.2
74843.0  33.7666   -82.7453    679.1    591.8    528.2
74844.0  33.7673   -82.7462    679.1    590.0    527.9
74845.0  33.7680   -82.7471    678.4    588.7    535.3
74846.0  33.7688   -82.7480    677.9    590.5    544.3
74847.0  33.7695   -82.7490    678.3    590.4    541.3
74848.0  33.7703   -82.7499    678.7    590.1    547.2
74849.0  33.7710   -82.7508    677.9    590.3    544.7
74850.0  33.7718   -82.7517    677.9    590.5    550.9
74851.0  33.7725   -82.7526    677.9    590.2    544.5
74852.0  33.7733   -82.7535    676.7    589.2    543.9
74853.0  33.7740   -82.7544    676.0    588.5    540.9
74854.0  33.7748   -82.7554    675.4    586.7    532.2
74855.0  33.7755   -82.7563    675.4    586.6    528.3
74856.0  33.7763   -82.7572    675.4    586.5    531.3
74857.0  33.7770   -82.7581    676.6    589.0    526.3
74858.0  33.7778   -82.7590    677.6    590.5    528.2
74859.0  33.7785   -82.7599    677.9    591.1    524.3
74860.0  33.7793   -82.7608    677.9    590.5    525.8
74861.0  33.7801   -82.7617    676.9    590.9    521.8
74862.0  33.7808   -82.7626    676.7    589.8    517.0
74863.0  33.7816   -82.7636    676.7    589.7    525.2
74864.0  33.7823   -82.7645    675.7    589.6    527.5
74865.0  33.7831   -82.7654    675.4    588.9    526.0
74866.0  33.7838   -82.7663    675.4    588.3    513.6
74867.0  33.7846   -82.7672    675.9    590.3    513.3
74868.0  33.7853   -82.7681    676.7    591.3    516.0
74869.0  33.7861   -82.7691    677.1    590.9    524.6
74870.0  33.7868   -82.7700    678.1    591.4    538.5
74871.0  33.7876   -82.7709    679.0    592.3    539.8
74872.0  33.7883   -82.7718    677.9    591.1    533.1
74873.0  33.7891   -82.7727    677.0    590.1    520.7
74874.0  33.7898   -82.7736    676.7    589.5    514.5
74875.0  33.7906   -82.7746    676.2    589.4    514.5
74876.0  33.7913   -82.7755    675.4    591.1    509.8
74877.0  33.7921   -82.7764    675.4    588.5    509.1
74878.0  33.7928   -82.7773    675.4    590.2    514.6
74879.0  33.7936   -82.7782    674.5    586.8    518.6
74880.0  33.7943   -82.7791    675.3    588.5    522.8
74881.0  33.7951   -82.7801    675.4    589.2    518.8
74882.0  33.7958   -82.7810    675.4    588.7    507.7
74883.0  33.7966   -82.7819    675.4    588.8    499.6
74884.0  33.7973   -82.7828    675.4    590.1    498.8
74885.0  33.7981   -82.7837    675.4    590.2    497.3
74886.0  33.7988   -82.7846    675.4    590.3    498.4
74887.0  33.7996   -82.7855    675.4    589.2    493.1
74888.0  33.8004   -82.7864    675.4    590.5    487.9
74889.0  33.8011   -82.7873    675.9    590.9    488.3
74890.0  33.8019   -82.7883    676.7    590.8    494.5
74891.0  33.8026   -82.7892    677.6    589.3    494.5
74892.0  33.8034   -82.7901    678.0    590.6    495.2
74893.0  33.8041   -82.7910    679.1    590.7    498.2
74894.0  33.8049   -82.7919    679.1    593.1    505.1
74895.0  33.8056   -82.7928    679.1    593.6    501.8
74896.0  33.8064   -82.7937    679.1    593.3    494.7
74897.0  33.8072   -82.7946    678.4    591.9    494.7
74898.0  33.8079   -82.7955    677.9    591.7    491.2
74899.0  33.8087   -82.7964    676.7    589.7    489.9
74900.0  33.8094   -82.7974    676.4    588.3    496.5
74901.0  33.8102   -82.7983    675.4    588.5    498.6
74902.0  33.8110   -82.7992    675.4    587.8    496.6
74903.0  33.8117   -82.8001    675.5    589.4    496.8
74904.0  33.8125   -82.8010    676.7    591.1    505.1
74905.0  33.8132   -82.8019    676.8    590.2    522.7
74906.0  33.8140   -82.8028    677.9    590.3    522.6
74907.0  33.8148   -82.8037    677.9    589.2    516.9
74908.0  33.8155   -82.8046    678.6    591.4    517.2
74909.0  33.8163   -82.8055    677.9    590.5    524.9
74910.0  33.8170   -82.8064    677.9    591.9    524.5
74911.0  33.8178   -82.8073    677.1    592.3    512.9
74912.0  33.8186   -82.8083    676.7    592.4    509.3
74913.0  33.8193   -82.8092    675.8    590.5    506.1
74914.0  33.8201   -82.8101    675.2    590.1    505.4
74915.0  33.8208   -82.8110    674.2    588.6    503.5
74916.0  33.8216   -82.8119    674.2    588.5    507.3
74917.0  33.8223   -82.8128    675.3    589.4    513.0
74918.0  33.8231   -82.8137    675.4    589.7    519.2
74919.0  33.8239   -82.8146    674.3    587.6    520.5
74920.0  33.8246   -82.8155    674.2    587.8    520.8
74921.0  33.8254   -82.8165    674.2    589.1    525.4
74922.0  33.8261   -82.8174    674.2    588.5    528.4
74923.0  33.8269   -82.8183    673.0    587.2    530.8
74924.0  33.8276   -82.8192    673.5    588.0    528.5
74925.0  33.8284   -82.8201    674.2    588.0    531.9
74926.0  33.8292   -82.8210    674.5    589.1    535.5
74927.0  33.8299   -82.8219    675.4    588.9    527.4
74928.0  33.8307   -82.8228    675.4    589.8    520.0
74929.0  33.8314   -82.8237    675.9    588.7    525.6
74930.0  33.8322   -82.8246    676.9    589.4    521.0
74931.0  33.8330   -82.8255    677.9    590.6    523.6
74932.0  33.8338   -82.8264    677.9    591.4    521.7
74933.0  33.8345   -82.8273    677.9    591.4    523.8
74934.0  33.8353   -82.8282    677.9    590.3    524.5
74935.0  33.8361   -82.8290    677.9    591.1    524.6
74936.0  33.8368   -82.8299    677.9    591.9    526.9
74937.0  33.8376   -82.8308    677.9    591.9    529.6
74938.0  33.8384   -82.8317    677.3    591.6    533.6
74939.0  33.8392   -82.8326    676.7    590.9    540.0
74940.0  33.8400   -82.8335    676.7    591.1    540.2
74941.0  33.8407   -82.8343    675.9    588.8    536.1
74942.0  33.8415   -82.8352    675.4    588.4    525.0
74943.0  33.8423   -82.8361    675.4    588.7    522.3
74944.0  33.8431   -82.8370    674.8    587.7    517.3
74945.0  33.8438   -82.8379    674.2    586.8    525.7
74946.0  33.8446   -82.8388    674.9    587.9    535.7
74947.0  33.8454   -82.8396    675.4    588.2    529.2
74948.0  33.8462   -82.8405    675.8    589.4    521.8
74949.0  33.8469   -82.8414    676.7    590.7    517.0
74950.0  33.8477   -82.8423    677.7    592.5    519.4
74951.0  33.8485   -82.8432    677.9    592.2    524.4
74952.0  33.8493   -82.8441    677.9    591.7    519.7
74953.0  33.8500   -82.8450    677.9    591.2    520.3
74954.0  33.8508   -82.8458    677.9    590.8    519.4
74955.0  33.8516   -82.8467    678.5    591.5    515.1
74956.0  33.8524   -82.8476    678.4    591.3    520.8
74957.0  33.8532   -82.8485    679.1    593.1    526.2
74958.0  33.8540   -82.8494    679.1    593.1    525.6
74959.0  33.8547   -82.8503    679.1    593.0    528.5
74960.0  33.8555   -82.8512    679.2    592.6    522.9
74961.0  33.8563   -82.8520    680.3    593.9    520.5
74962.0  33.8571   -82.8529    680.3    592.1    517.9
74963.0  33.8579   -82.8538    680.3    591.5    511.7
74964.0  33.8586   -82.8547    680.3    592.1    509.9
74965.0  33.8594   -82.8556    680.1    590.6    505.0
74966.0  33.8602   -82.8565    678.9    591.3    503.5
74967.0  33.8610   -82.8574    677.6    590.7    502.8
74968.0  33.8618   -82.8583    676.7    590.8    491.8
74969.0  33.8626   -82.8592    675.9    588.6    492.4
74970.0  33.8633   -82.8601    675.4    589.6    498.2
74971.0  33.8641   -82.8610    675.4    589.9    502.7
74972.0  33.8649   -82.8619    675.4    589.8    507.0
74973.0  33.8657   -82.8628    675.4    589.6    510.8
74974.0  33.8664   -82.8637    675.4    590.5    504.4
74975.0  33.8672   -82.8646    676.6    590.9    496.5
74976.0  33.8680   -82.8655    676.7    590.5    495.2
74977.0  33.8688   -82.8664    676.7    590.1    501.8
74978.0  33.8695   -82.8673    676.7    589.3    509.5
74979.0  33.8703   -82.8682    675.8    589.2    511.9
74980.0  33.8711   -82.8691    675.1    588.4    512.8
74981.0  33.8719   -82.8700    674.2    588.8    508.9
74982.0  33.8726   -82.8709    674.2    589.5    507.5
74983.0  33.8734   -82.8718    674.2    588.4    510.6
74984.0  33.8742   -82.8727    675.0    589.6    513.5
74985.0  33.8750   -82.8736    675.4    589.9    514.2
74986.0  33.8757   -82.8745    674.6    587.0    517.4
74987.0  33.8765   -82.8754    675.4    588.9    521.5
74988.0  33.8773   -82.8763    675.4    587.5    530.1
74989.0  33.8781   -82.8772    675.4    589.3    531.2
74990.0  33.8788   -82.8781    675.8    589.9    535.4
74991.0  33.8796   -82.8790    677.2    590.4    535.5
74992.0  33.8804   -82.8799    679.0    593.7    537.1
74993.0  33.8812   -82.8808    679.1    593.3    539.5
74994.0  33.8819   -82.8817    679.1    593.5    546.8
74995.0  33.8827   -82.8826    679.1    593.5    548.1
74996.0  33.8835   -82.8835    678.5    592.1    552.3
74997.0  33.8843   -82.8844    677.9    592.2    546.5
74998.0  33.8850   -82.8853    677.3    590.7    545.5
74999.0  33.8858   -82.8862    676.7    590.5    548.8
75000.0  33.8866   -82.8871    676.7    589.9    551.4
75001.0  33.8873   -82.8880    676.0    591.1    548.8
75002.0  33.8881   -82.8889    675.4    591.7    549.8
75003.0  33.8889   -82.8898    675.4    590.5    546.5
75004.0  33.8897   -82.8907    675.4    589.5    549.2
75005.0  33.8904   -82.8915    675.4    590.5    549.1
75006.0  33.8912   -82.8924    676.5    591.8    543.5
75007.0  33.8920   -82.8933    676.7    591.1    544.6
75008.0  33.8927   -82.8942    676.3    590.6    550.2
75009.0  33.8935   -82.8951    675.4    588.7    552.5
75010.0  33.8943   -82.8960    675.4    588.9    550.7
75011.0  33.8950   -82.8969    675.4    589.8    541.3
75012.0  33.8958   -82.8978    675.4    588.8    538.5
75013.0  33.8966   -82.8987    675.4    588.2    543.2
75014.0  33.8974   -82.8996    674.7    587.3    550.8
75015.0  33.8981   -82.9005    675.2    587.5    557.1
75016.0  33.8989   -82.9014    675.4    588.0    550.4
75017.0  33.8997   -82.9023    675.2    587.8    552.2
75018.0  33.9004   -82.9032    674.2    588.0    549.7
75019.0  33.9012   -82.9041    674.2    588.4    554.1
75020.0  33.9020   -82.9049    674.2    589.1    553.6
75021.0  33.9028   -82.9058    674.2    589.5    553.0
75022.0  33.9035   -82.9067    674.2    589.2    550.7
75023.0  33.9043   -82.9076    674.2    588.6    544.8
75024.0  33.9051   -82.9085    675.1    588.5    537.9
75025.0  33.9058   -82.9094    675.5    588.4    543.8
75026.0  33.9066   -82.9103    677.0    590.5    545.3
75027.0  33.9074   -82.9112    677.9    591.0    544.4
75028.0  33.9081   -82.9120    679.1    592.6    534.1
75029.0  33.9089   -82.9129    679.1    593.3    531.1
75030.0  33.9097   -82.9138    679.1    593.3    530.9
75031.0  33.9104   -82.9147    680.2    594.1    532.7
75032.0  33.9112   -82.9156    679.6    592.8    534.6
75033.0  33.9120   -82.9165    678.7    590.7    534.0
75034.0  33.9127   -82.9174    677.8    590.6    534.0
75035.0  33.9135   -82.9183    676.7    590.1    534.9
75036.0  33.9143   -82.9192    676.6    590.6    542.2
75037.0  33.9150   -82.9200    675.5    590.7    544.5
75038.0  33.9158   -82.9209    675.4    589.5    548.2
75039.0  33.9166   -82.9218    674.2    589.2    544.1
75040.0  33.9173   -82.9227    674.1    588.2    543.5
75041.0  33.9181   -82.9236    674.2    587.6    544.6
75042.0  33.9189   -82.9245    674.2    588.2    549.5
75043.0  33.9196   -82.9254    674.2    588.0    543.1
75044.0  33.9204   -82.9263    675.2    587.8    534.2
75045.0  33.9212   -82.9271    676.0    588.0    527.6
75046.0  33.9219   -82.9280    676.7    589.0    527.5
75047.0  33.9227   -82.9289    676.9    589.0    526.0
75048.0  33.9235   -82.9298    677.9    590.0    528.7
75049.0  33.9242   -82.9307    678.0    589.4    535.5
75050.0  33.9250   -82.9316    679.1    589.0    535.3
75051.0  33.9258   -82.9325    679.1    589.8    535.1
75052.0  33.9265   -82.9334    680.3    591.6    541.0
75053.0  33.9273   -82.9343    680.3    592.2    539.1
75054.0  33.9280   -82.9352    680.3    592.3    532.6
75055.0  33.9287   -82.9362    679.2    593.2    530.0
75056.0  33.9294   -82.9371    679.1    592.5    525.3
75057.0  33.9301   -82.9381    678.9    591.3    527.5
75058.0  33.9308   -82.9391    677.9    591.3    530.4
75059.0  33.9314   -82.9401    677.7    590.2    524.0
75060.0  33.9320   -82.9411    676.7    589.4    523.1
75061.0  33.9326   -82.9422    676.7    588.9    517.6
75062.0  33.9332   -82.9432    676.7    589.3    520.4
75063.0  33.9337   -82.9443    676.7    588.2    521.7
75064.0  33.9343   -82.9454    676.3    588.6    525.6
