flight/WP3D/AircraftMet_NP3_20130622_RA.ict
45  1001
Ken Aikin
NOAA ESRL Chemical Sciences Division
various aircraft sensors
SENEX 2013
1  1
2013  06  22  2013  06  22
1
AOCTimewave
10
1  1  1  1  1  1  1  1  1  1
-9999  -9999  -9999  -9999  -9999  -9999  -9999  -9999  -9999  -9999
AmbTemp  C
DewPtTemp  C
DewPtTempTDL  C
H2Omr  g/kg
PotTemp  K
RelHumidity  pct
StaticPrs  mbar
VertWindSpd  m/s
WindDir  deg
WindSpd  m/s
3
SPECIAL COMMENTS:Atlanta flight. AOC data system crash between 20:45:42 and 21:09:09. 
New TDL Dew Pt Temp instrument for this flight.
No H2O  PoTemp  H2Omr from takeoff until about 1615 for now. Order of parameters in AOC data stream had been changed. Switched back at 16:15.
18
PI_CONTACT_INFO: Address: NOAA ESRL Chemical Sciences Division  Mail Stop R/CSD7  325 Broadway  Boulder  CO 80305
PLATFORM: NOAA WP-3D
LOCATION: The aircraft was stationed in  Smyrna  Tennessee. Aircraft location information in AircraftPosition file.
ASSOCIATED_DATA: N/A
INSTRUMENT_INFO: N/A
DATA_INFO: Units:AmbTemp celcius; DewPtTemp celcius; DewPtTempTDL celcius; H2Omr g/kg; PotTemp kelvin; RelHumidity percent; StaticPrs millibar; VertWindSpd m/s; WindDir degrees; WindSpd m/s
UNCERTAINTY: N/A
ULOD_FLAG: -7777
ULOD_VALUE: N/A
LLOD_FLAG: -8888
LLOD_VALUE: N/A
DM_CONTACT_INFO: Data Manager:Ken Aikin; email:Kenneth.C.Aikin@noaa.gov
PROJECT_INFO: SENEX 2013 Study; June 1 - July 15  2013
STIPULATIONS_ON_USE: Use of these data require prior ok from PI.
OTHER_COMMENTS:       None
REVISION: RA
RA: Preliminary Data.  For in-field use.
AOCTimewave  AmbTemp  DewPtTemp  DewPtTempTDL  H2Omr  PotTemp  RelHumidity  StaticPrs  VertWindSpd  WindDir  WindSpd
[from data line 10207]
64284.0  21.170  14.150  -3.260  10.97  300.43  63.60  930.56  -0.12  117.82  4.06
64285.0  21.030  14.190  -2.980  10.99  300.28  64.28  930.68  -1.12  112.07  2.79
64286.0  20.980  14.190  -3.080  10.99  300.21  64.49  930.86  -0.85  88.34  2.68
64287.0  21.050  14.200  -3.190  10.99  300.27  64.27  930.96  -1.40  98.26  1.84
64288.0  21.080  14.230  -3.430  11.02  300.29  64.32  931.08  -1.18  95.59  2.26
64289.0  21.090  14.260  -3.580  11.04  300.30  64.37  931.13  -1.41  96.98  1.87
64290.0  21.130  14.280  -3.680  11.05  300.30  64.30  931.49  -1.54  100.43  2.39
64291.0  21.140  14.280  -3.790  11.05  300.31  64.28  931.49  -1.33  112.58  1.87
64292.0  21.230  14.250  -3.820  11.03  300.39  63.79  931.66  -0.52  114.68  2.02
64293.0  21.130  14.250  -4.100  11.02  300.28  64.17  931.80  -0.81  93.45  3.17
64294.0  21.200  14.200  -4.270  10.99  300.33  63.70  931.89  -1.24  86.60  2.26
64295.0  21.200  14.120  -4.000  10.92  300.33  63.34  931.94  -1.26  78.02  2.85
64296.0  21.200  14.010  -3.780  10.85  300.32  62.90  932.03  -0.63  76.22  4.02
64297.0  21.340  13.960  -3.850  10.81  300.46  62.14  932.09  -1.08  89.46  3.74
64298.0  21.340  13.930  -4.640  10.79  300.48  61.97  931.98  -1.26  105.52  2.38
64299.0  21.250  13.880  -4.830  10.75  300.38  62.14  931.99  -1.39  97.77  3.27
64300.0  21.260  13.820  -4.960  10.72  300.40  61.88  931.89  -1.00  91.09  3.41
64301.0  21.390  13.770  -5.010  10.68  300.53  61.16  931.89  -1.69  110.61  4.36
64302.0  21.310  13.720  -5.060  10.64  300.45  61.25  931.91  -1.65  107.79  3.69
64303.0  21.270  13.660  -4.910  10.60  300.40  61.16  932.00  -1.66  109.15  3.97
64304.0  21.230  13.600  -4.520  10.56  300.37  61.08  931.86  -1.93  112.54  3.49
64305.0  21.260  13.580  -4.720  10.54  300.39  60.88  932.02  -1.16  112.19  3.39
64306.0  21.330  13.550  -4.030  10.53  300.47  60.52  931.86  0.05  135.43  4.20
64307.0  21.240  13.540  -3.980  10.51  300.37  60.78  931.96  0.48  145.64  1.98
64308.0  21.000  13.550  -3.490  10.52  300.13  61.77  931.86  -0.42  73.17  0.36
64309.0  21.110  13.570  -3.430  10.54  300.23  61.44  932.12  -0.70  87.35  1.85
64310.0  21.210  13.620  -3.510  10.57  300.29  61.24  932.53  -1.09  104.11  2.76
64311.0  21.210  13.640  -3.680  10.58  300.25  61.36  932.87  -1.64  99.54  2.35
64312.0  21.210  13.680  -3.690  10.60  300.20  61.50  933.48  -1.81  85.71  1.50
64313.0  21.370  13.700  -4.240  10.61  300.31  60.97  934.01  -2.14  111.81  2.16
64314.0  21.360  13.700  -3.730  10.60  300.27  60.97  934.47  -2.07  104.43  2.01
64315.0  21.340  13.720  -3.580  10.60  300.19  61.13  935.07  -1.09  105.45  2.30
64316.0  21.370  13.780  -3.260  10.65  300.18  61.30  935.52  -0.68  90.79  3.42
64317.0  21.340  13.840  -2.590  10.68  300.11  61.67  935.86  -1.72  74.15  2.52
64318.0  21.420  13.910  -2.900  10.73  300.16  61.63  936.22  -2.04  87.99  2.36
64319.0  21.460  13.990  -3.630  10.78  300.17  61.81  936.57  -1.66  86.75  2.54
64320.0  21.510  14.060  -3.620  10.83  300.20  61.87  936.84  -1.38  89.40  3.01
64321.0  21.510  14.100  -3.010  10.85  300.15  62.02  937.47  -1.02  93.26  2.48
64322.0  21.520  14.150  -3.030  10.88  300.12  62.19  937.78  -1.71  86.78  2.77
64323.0  21.570  14.210  -3.280  10.92  300.15  62.25  938.05  -0.61  77.85  2.90
64324.0  21.570  14.230  -2.880  10.93  300.14  62.35  938.21  0.48  83.94  3.76
64325.0  21.610  14.260  -2.870  10.95  300.19  62.29  938.01  1.49  86.56  3.45
64326.0  21.570  14.290  -2.840  10.97  300.14  62.58  938.12  -0.06  68.11  3.93
64327.0  21.740  14.340  -3.130  11.01  300.27  62.13  938.57  1.58  68.15  2.86
64328.0  21.790  14.350  -2.900  11.01  300.31  61.96  938.79  1.12  84.64  2.50
64329.0  21.920  14.360  -2.550  11.01  300.41  61.51  939.04  0.55  97.01  3.99
64330.0  21.760  14.410  -3.470  11.04  300.20  62.33  939.56  -0.16  73.45  3.11
64331.0  21.940  14.420  -3.730  11.04  300.30  61.66  940.46  0.82  71.65  3.14
64332.0  21.990  14.420  -4.100  11.04  300.35  61.48  940.65  -0.66  80.23  2.39
64333.0  22.070  14.450  -4.890  11.06  300.39  61.27  941.01  -0.80  98.28  2.02
64334.0  22.090  14.390  -4.780  11.01  300.36  60.99  941.54  -1.23  104.46  2.10
64335.0  22.020  14.330  -4.620  10.96  300.27  61.00  941.76  -1.89  95.99  1.80
64336.0  22.020  14.290  -4.860  10.93  300.27  60.85  941.68  -2.55  65.68  1.46
64337.0  22.000  14.230  -4.870  10.89  300.24  60.67  941.92  -2.39  39.17  1.98
64338.0  22.110  14.160  -4.230  10.83  300.32  59.97  942.19  -2.31  79.47  3.25
64339.0  22.040  14.110  -3.640  10.80  300.22  60.06  942.48  -2.00  84.25  3.25
64340.0  22.020  14.110  -3.390  10.79  300.19  60.11  942.66  -2.23  59.96  2.38
64341.0  22.130  14.110  -3.700  10.79  300.29  59.70  942.86  -2.13  53.86  1.21
64342.0  22.190  14.080  -3.640  10.77  300.33  59.34  943.11  -1.56  84.68  1.41
64343.0  22.100  14.030  -3.560  10.73  300.24  59.50  943.09  0.00  65.80  2.88
64344.0  22.310  14.040  -3.190  10.74  300.45  58.76  943.13  -0.88  91.72  3.16
64345.0  22.160  14.060  -3.220  10.75  300.29  59.37  943.16  -1.82  86.02  3.98
64346.0  22.130  14.060  -3.270  10.75  300.25  59.52  943.24  -2.77  68.54  3.05
64347.0  22.170  14.070  -3.240  10.76  300.30  59.42  943.15  -2.32  77.11  3.04
64348.0  22.190  14.090  -3.080  10.77  300.32  59.42  943.09  -1.31  83.02  4.51
64349.0  22.160  14.100  -3.200  10.78  300.32  59.54  942.82  0.72  93.48  2.69
64350.0  22.240  14.150  -3.240  10.82  300.42  59.46  942.66  1.65  97.87  2.22
64351.0  22.240  14.240  -3.000  10.89  300.43  59.82  942.50  0.42  105.85  3.18
64352.0  22.230  14.300  -2.630  10.93  300.43  60.07  942.37  -1.17  131.13  1.80
64353.0  22.210  14.360  -1.910  10.98  300.38  60.42  942.64  -2.45  121.21  2.90
64354.0  22.110  14.430  -1.870  11.03  300.27  61.09  942.79  -1.28  115.36  3.47
64355.0  22.030  14.460  -1.910  11.05  300.23  61.46  942.39  -1.33  110.00  3.04
64356.0  22.060  14.460  -1.820  11.05  300.26  61.36  942.35  -0.58  101.82  2.87
64357.0  22.120  14.450  -1.710  11.04  300.31  61.09  942.44  1.82  96.64  2.11
64358.0  22.190  14.460  -1.550  11.05  300.42  60.84  942.04  1.94  84.37  1.31
64359.0  22.180  14.500  -1.550  11.08  300.44  61.05  941.75  2.33  59.50  1.59
64360.0  22.180  14.520  -1.830  11.10  300.45  61.13  941.56  1.89  53.92  2.46
64361.0  22.200  14.520  -2.510  11.11  300.51  61.07  941.22  0.46  64.01  3.37
64362.0  22.210  14.530  -2.770  11.11  300.48  61.08  941.54  2.05  70.03  3.07
64363.0  22.070  14.550  -2.360  11.13  300.37  61.69  941.26  -0.78  67.27  3.80
64364.0  21.960  14.590  -2.120  11.15  300.25  62.27  941.34  -2.21  55.76  3.76
64365.0  22.040  14.580  -2.090  11.15  300.31  61.94  941.58  -1.30  62.32  2.01
64366.0  22.070  14.570  -2.840  11.13  300.32  61.75  941.81  1.37  86.84  2.94
64367.0  22.030  14.530  -2.990  11.11  300.28  61.80  941.74  0.51  72.70  3.41
64368.0  22.050  14.510  -3.130  11.10  300.32  61.61  941.61  0.38  79.05  2.11
64369.0  22.090  14.520  -2.860  11.10  300.34  61.52  941.81  0.53  91.66  2.78
64370.0  21.990  14.520  -3.100  11.10  300.24  61.91  941.77  0.54  69.52  1.81
64371.0  22.020  14.530  -3.270  11.10  300.26  61.80  941.94  1.04  64.36  2.37
64372.0  21.920  14.540  -3.270  11.11  300.16  62.25  941.78  0.45  59.28  2.36
64373.0  21.970  14.540  -3.250  11.12  300.22  62.07  941.71  0.36  66.44  3.05
64374.0  22.000  14.550  -3.320  11.12  300.23  61.96  941.94  0.83  71.48  2.82
64375.0  21.960  14.550  -3.460  11.12  300.21  62.13  941.79  -0.30  64.99  2.37
64376.0  21.870  14.540  -3.570  11.11  300.11  62.42  941.92  -0.73  52.56  2.65
64377.0  21.970  14.510  -3.650  11.09  300.20  61.89  941.99  0.25  67.47  3.69
64378.0  22.000  14.480  -3.570  11.07  300.23  61.70  941.96  1.42  69.46  2.91
64379.0  22.060  14.450  -3.490  11.05  300.31  61.31  941.86  0.76  95.27  1.78
64380.0  22.010  14.420  -3.400  11.03  300.25  61.39  941.88  0.29  102.83  1.69
64381.0  21.970  14.440  -3.430  11.04  300.20  61.64  941.95  0.34  80.11  2.26
64382.0  22.010  14.440  -3.530  11.04  300.23  61.47  942.16  1.12  95.46  1.66
64383.0  22.070  14.440  -3.580  11.04  300.29  61.26  942.06  -0.58  107.65  3.07
64384.0  21.980  14.440  -3.750  11.04  300.23  61.57  941.83  -1.65  83.12  2.65
64385.0  22.010  14.420  -3.860  11.02  300.22  61.40  942.12  -1.88  89.82  2.35
64386.0  22.070  14.390  -4.210  11.00  300.25  61.05  942.55  -0.52  91.97  3.79
64387.0  22.230  14.350  -4.340  10.97  300.42  60.28  942.54  0.17  102.34  4.21
64388.0  22.150  14.300  -3.800  10.93  300.35  60.39  942.37  0.19  105.13  2.87
64389.0  22.080  14.280  -3.740  10.92  300.28  60.58  942.35  0.42  81.18  1.91
64390.0  22.200  14.250  -4.080  10.89  300.38  60.00  942.51  2.26  126.93  1.57
64391.0  22.100  14.210  -4.250  10.87  300.34  60.20  942.01  0.85  50.62  2.03
64392.0  22.100  14.180  -4.720  10.85  300.35  60.09  941.83  -0.04  54.40  1.99
64393.0  22.120  14.130  -4.720  10.82  300.35  59.84  941.98  0.28  54.56  0.97
64394.0  22.140  14.070  -4.200  10.77  300.38  59.49  941.94  0.05  96.83  1.32
64395.0  22.010  14.020  -4.360  10.74  300.25  59.81  941.95  -0.46  72.44  2.80
64396.0  22.130  13.960  -4.520  10.69  300.35  59.12  942.06  0.11  54.06  0.21
64397.0  22.110  13.900  -4.570  10.65  300.35  58.95  941.99  -1.09  340.47  0.08
64398.0  22.120  13.860  -4.580  10.62  300.34  58.76  942.11  -1.01  93.19  1.14
64399.0  22.120  13.810  -5.080  10.58  300.34  58.54  942.18  -1.27  82.73  1.41
64400.0  22.230  13.750  -5.530  10.55  300.46  57.94  942.10  -1.64  95.80  2.30
64401.0  22.140  13.670  -5.460  10.49  300.36  57.96  942.18  -1.51  77.57  2.44
64402.0  22.250  13.590  -4.680  10.43  300.45  57.25  942.40  -0.63  98.00  1.65
64403.0  22.230  13.530  -4.540  10.39  300.43  57.08  942.39  -1.41  98.58  1.98
64404.0  22.140  13.510  -4.950  10.38  300.34  57.36  942.39  -2.12  86.92  2.18
64405.0  22.150  13.470  -5.250  10.35  300.34  57.16  942.46  -2.27  80.48  3.13
64406.0  22.040  13.410  -4.820  10.31  300.24  57.32  942.33  -2.24  76.26  3.43
64407.0  22.020  13.340  -4.410  10.26  300.21  57.14  942.43  -2.45  67.58  3.60
64408.0  21.990  13.310  -4.220  10.24  300.18  57.14  942.49  -2.04  67.40  3.91
64409.0  22.050  13.330  -4.150  10.25  300.23  56.99  942.55  -1.52  75.86  4.67
64410.0  21.990  13.350  -4.000  10.27  300.18  57.29  942.42  -1.94  73.82  4.69
64411.0  22.090  13.370  -4.420  10.28  300.29  57.00  942.37  -2.28  82.38  4.02
64412.0  22.110  13.410  -4.730  10.31  300.30  57.07  942.42  -1.97  94.21  3.79
64413.0  22.070  13.410  -4.670  10.30  300.26  57.19  942.45  -1.32  82.00  4.11
64414.0  22.080  13.390  -4.120  10.29  300.26  57.12  942.51  -0.96  90.00  3.65
64415.0  22.010  13.410  -3.690  10.31  300.21  57.42  942.31  -0.62  85.09  2.73
64416.0  22.000  13.460  -3.440  10.34  300.21  57.67  942.24  -1.20  91.94  2.91
64417.0  22.000  13.570  -3.310  10.42  300.21  58.08  942.18  -0.07  113.06  1.97
64418.0  21.990  13.660  -3.780  10.48  300.20  58.45  942.25  -0.80  121.17  2.55
64419.0  22.000  13.720  -3.850  10.52  300.21  58.68  942.13  -0.40  133.17  2.80
64420.0  21.980  13.770  -3.620  10.56  300.20  58.92  942.13  -0.24  141.83  2.55
64421.0  21.870  13.830  -2.540  10.60  300.09  59.58  942.08  0.13  140.01  2.48
64422.0  21.850  13.920  -2.270  10.67  300.06  60.02  942.12  0.64  145.31  2.72
64423.0  21.810  14.000  -2.470  10.72  300.04  60.48  941.91  0.44  140.79  2.63
64424.0  21.760  14.030  -2.330  10.75  300.00  60.78  941.85  1.90  107.43  1.91
64425.0  21.870  14.080  -2.060  10.79  300.15  60.57  941.51  1.25  104.95  0.86
64426.0  21.850  14.130  -2.330  10.82  300.12  60.83  941.53  0.44  82.07  1.78
64427.0  21.820  14.150  -2.830  10.84  300.09  61.03  941.62  1.02  95.95  1.69
64428.0  21.870  14.210  -2.940  10.88  300.14  61.10  941.51  0.03  96.73  2.37
64429.0  21.840  14.310  -3.410  10.95  300.13  61.58  941.39  0.22  98.20  2.88
64430.0  21.900  14.380  -3.630  11.00  300.18  61.66  941.35  -0.78  97.01  3.31
64431.0  21.860  14.400  -4.000  11.02  300.13  61.93  941.52  -1.23  83.95  2.54
64432.0  21.950  14.380  -4.050  10.99  300.19  61.44  941.94  -1.06  100.18  3.23
64433.0  21.920  14.350  -4.220  10.97  300.15  61.47  941.97  -1.27  101.05  3.56
64434.0  21.970  14.330  -4.800  10.96  300.19  61.17  942.13  -1.17  98.48  3.54
64435.0  22.000  14.290  -5.280  10.93  300.23  60.92  942.03  -1.57  99.44  3.32
64436.0  22.030  14.220  -5.100  10.88  300.23  60.53  942.34  -1.71  100.42  3.85
64437.0  22.070  14.160  -5.160  10.83  300.26  60.14  942.46  -1.11  107.20  4.53
64438.0  22.000  14.110  -4.820  10.80  300.20  60.18  942.40  0.03  93.60  4.29
64439.0  22.000  14.050  -4.420  10.75  300.19  59.95  942.38  0.54  80.45  2.71
64440.0  22.150  14.020  -4.140  10.73  300.36  59.27  942.24  1.51  84.72  3.33
64441.0  22.150  13.980  -4.100  10.71  300.37  59.12  942.22  1.68  91.72  3.29
64442.0  22.150  13.940  -3.850  10.68  300.40  58.97  941.80  1.84  92.54  2.16
64443.0  22.170  13.910  -3.730  10.66  300.43  58.78  941.72  2.30  82.94  1.48
64444.0  22.300  13.870  -3.260  10.64  300.57  58.15  941.61  1.93  108.36  1.82
64445.0  22.130  13.860  -3.500  10.63  300.41  58.73  941.47  1.17  95.78  1.24
64446.0  22.070  13.860  -3.500  10.63  300.35  58.93  941.49  2.33  115.11  2.00
64447.0  21.980  13.860  -3.460  10.63  300.28  59.28  941.15  1.20  99.88  3.13
64448.0  22.040  13.890  -3.560  10.66  300.34  59.20  941.22  0.74  107.97  3.62
64449.0  21.830  13.920  -4.130  10.68  300.13  60.08  941.25  0.34  71.50  2.94
64450.0  21.910  13.930  -4.070  10.68  300.19  59.81  941.42  -0.13  82.70  3.40
64451.0  21.930  13.960  -4.410  10.70  300.20  59.88  941.52  -0.85  87.51  3.34
64452.0  21.900  14.010  -4.500  10.74  300.17  60.17  941.61  -1.46  92.75  3.39
64453.0  21.940  14.050  -4.040  10.76  300.17  60.20  941.93  -2.00  99.32  2.92
64454.0  21.880  14.070  -3.330  10.77  300.09  60.51  942.19  -0.98  100.53  3.57
64455.0  21.940  14.110  -3.180  10.80  300.13  60.44  942.41  -0.73  116.70  3.81
64456.0  21.950  14.140  -3.030  10.82  300.15  60.48  942.32  -0.72  128.42  3.78
64457.0  21.940  14.140  -3.470  10.82  300.14  60.54  942.29  -0.01  138.07  4.26
64458.0  21.860  14.150  -3.530  10.83  300.05  60.90  942.42  0.92  136.38  3.61
64459.0  21.840  14.150  -3.680  10.83  300.03  60.98  942.37  -0.23  125.37  3.24
64460.0  21.820  14.140  -3.960  10.82  300.01  61.01  942.45  -0.18  116.27  2.47
64461.0  21.870  14.130  -3.930  10.81  300.04  60.77  942.58  -0.44  105.07  2.22
64462.0  21.980  14.100  -3.880  10.79  300.17  60.22  942.47  -0.38  111.50  2.81
64463.0  21.850  14.090  -3.730  10.78  300.03  60.69  942.57  0.36  78.32  3.09
64464.0  21.880  14.070  -3.710  10.77  300.08  60.51  942.34  0.48  52.06  1.84
64465.0  22.060  14.060  -3.890  10.76  300.27  59.76  942.22  -0.66  123.48  0.20
64466.0  21.940  14.070  -3.870  10.77  300.15  60.24  942.17  -0.58  55.07  1.99
64467.0  22.100  14.080  -3.690  10.78  300.30  59.70  942.36  -0.17  80.14  2.33
64468.0  22.110  14.110  -3.580  10.80  300.33  59.77  942.17  -0.14  88.39  3.83
64469.0  22.130  14.150  -3.560  10.83  300.36  59.87  942.01  0.78  109.91  2.65
64470.0  22.010  14.180  -3.670  10.85  300.24  60.44  941.96  1.73  45.14  0.96
64471.0  22.120  14.200  -3.730  10.87  300.38  60.13  941.65  0.56  78.88  2.59
64472.0  22.060  14.230  -4.340  10.89  300.33  60.45  941.59  1.19  37.79  1.36
64473.0  22.170  14.230  -5.000  10.89  300.45  60.02  941.47  2.15  119.83  0.40
64474.0  22.220  14.170  -3.510  10.85  300.50  59.63  941.42  1.68  108.46  1.14
64475.0  22.080  14.160  -4.070  10.84  300.37  60.11  941.31  -0.84  91.55  2.70
64476.0  22.050  14.200  -4.960  10.87  300.32  60.35  941.51  -0.63  88.39  2.20
64477.0  22.000  14.220  -4.710  10.89  300.27  60.65  941.60  -0.58  89.33  2.69
