flight/WP3D/AircraftPos_NP3_20130603_RA.ict
38  1001
Ken Aikin
NOAA ESRL Chemical Sciences Division
various aircraft sensors
SENEX 2013
1  1
2013  06  03  2013  06  04
1
AOCTimewave
5
1  1  1  1  1 
-9999  -9999  -9999  -9999  -9999
GpsLat  deg
GpsLon  deg
GpsAlt  m
PAlt  m
RAlt  m
1
SPECIAL COMMENTS:Transit from Tampa  FL to Smyrna  TN.
18
PI_CONTACT_INFO: Address: NOAA ESRL Chemical Sciences Division  Mail Stop R/CSD7  325 Broadway  Boulder  CO 80305
PLATFORM: NOAA WP-3D
LOCATION: The aircraft was stationed in Smyrna  Tennessee. Aircraft location information in AircraftPosition file.
ASSOCIATED_DATA: N/A
INSTRUMENT_INFO: N/A
DATA_INFO: Units:GpsLat:decimal degrees; GpsLon: decimal degrees; GpsAlt: meters; PAlt:meters; RAlt: meters.
UNCERTAINTY: N/A
ULOD_FLAG: -7777
ULOD_VALUE: N/A
LLOD_FLAG: -8888
LLOD_VALUE: N/A
DM_CONTACT_INFO: Data Manager:Ken Aikin; email:Kenneth.C.Aikin@noaa.gov
PROJECT_INFO: SENEX 2013 Study; June 1 - July 15  2013
STIPULATIONS_ON_USE: Use of these data require prior ok from PI.
OTHER_COMMENTS:       None
REVISION: RA
RA: Preliminary Data.  For in-field use.
AOCTimewave  GpsLat  GpsLon  GpsAlt  PAlt  RAlt
[from data line 1164]
52435.0  28.4687   -82.9448   5196.2   4869.0   5212.2
52436.0  28.4699   -82.9452   5199.3   4871.1   5221.9
52437.0  28.4710   -82.9455   5202.1   4873.1   5230.8
52438.0  28.4722   -82.9458   5204.6   4874.7   5243.9
52439.0  28.4733   -82.9461   5207.1   4877.3   5245.7
52440.0  28.4745   -82.9464   5209.4   4879.3   5246.0
52441.0  28.4757   -82.9467   5211.7   4883.3   5253.7
52442.0  28.4768   -82.9470   5214.2   4885.6   5244.1
52443.0  28.4780   -82.9473   5216.5   4889.0   5221.5
52444.0  28.4791   -82.9476   5218.7   4890.3   5235.4
52445.0  28.4803   -82.9480   5220.2   4892.1   5229.9
52446.0  28.4815   -82.9483   5222.0   4892.9   5247.5
52447.0  28.4826   -82.9486   5223.6   4893.2   5261.0
52448.0  28.4838   -82.9489   5225.6   4893.7   5257.6
52449.0  28.4849   -82.9492   5227.7   4895.6   5245.3
52450.0  28.4861   -82.9495   5230.2   4899.6   5249.5
52451.0  28.4873   -82.9498   5232.7   4902.9   5266.8
52452.0  28.4884   -82.9501   5234.9   4905.0   5250.7
52453.0  28.4896   -82.9504   5237.0   4906.1   5248.5
52454.0  28.4908   -82.9508   5239.1   4908.0   5242.9
52455.0  28.4919   -82.9511   5241.1   4910.0   5256.1
52456.0  28.4931   -82.9514   5243.2   4912.0   5254.7
52457.0  28.4942   -82.9517   5245.5   4914.6   5273.4
52458.0  28.4954   -82.9520   5247.9   4915.3   5277.2
52459.0  28.4966   -82.9523   5250.5   4918.2   5289.6
52460.0  28.4977   -82.9527   5253.1   4922.5   5288.8
52461.0  28.4989   -82.9530   5255.4   4925.1   5278.2
52462.0  28.5001   -82.9533   5257.6   4925.7   5289.8
52463.0  28.5012   -82.9536   5259.3   4926.5   5293.2
52464.0  28.5024   -82.9540   5261.2   4927.2   5278.8
52465.0  28.5036   -82.9543   5262.7   4929.2   5278.0
52466.0  28.5047   -82.9546   5264.3   4931.4   5280.6
52467.0  28.5059   -82.9549   5266.2   4933.0   5294.8
52468.0  28.5071   -82.9552   5268.0   4935.8   5312.5
52469.0  28.5082   -82.9556   5269.6   4938.1   5296.5
52470.0  28.5094   -82.9559   5270.6   4938.6   5291.7
52471.0  28.5106   -82.9562   5271.6   4937.6   5301.5
52472.0  28.5117   -82.9566   5272.5   4938.8   5293.2
52473.0  28.5129   -82.9569   5273.4   4940.9   5309.5
52474.0  28.5141   -82.9572   5274.3   4940.9   5308.0
52475.0  28.5152   -82.9575   5275.5   4941.9   5305.5
52476.0  28.5164   -82.9579   5276.6   4943.7   5297.9
52477.0  28.5176   -82.9582   5278.1   4944.1   5292.8
52478.0  28.5188   -82.9586   5279.7   4946.2   5302.2
52479.0  28.5199   -82.9589   5281.7   4947.5   5312.0
52480.0  28.5211   -82.9592   5284.1   4950.2   5316.5
52481.0  28.5223   -82.9596   5286.6   4954.3   5315.4
52482.0  28.5234   -82.9599   5288.9   4956.9   5313.8
52483.0  28.5246   -82.9603   5290.9   4957.1   5330.1
52484.0  28.5258   -82.9606   5293.2   4958.7   5320.8
52485.0  28.5270   -82.9610   5295.4   4959.0   5293.7
52486.0  28.5281   -82.9613   5297.6   4961.2   5306.6
52487.0  28.5293   -82.9617   5300.2   4963.0   5332.8
52488.0  28.5305   -82.9620   5303.4   4966.5   5340.1
52489.0  28.5316   -82.9623   5306.5   4971.5   5328.1
52490.0  28.5328   -82.9627   5309.4   4975.2   5337.2
52491.0  28.5340   -82.9630   5311.6   4978.0   5333.2
52492.0  28.5351   -82.9634   5313.2   4979.5   5334.6
52493.0  28.5363   -82.9637   5314.2   4979.3   5343.9
52494.0  28.5375   -82.9641   5314.5   4980.4   5342.7
52495.0  28.5387   -82.9644   5314.8   4980.7   5340.7
52496.0  28.5399   -82.9647   5315.7   4979.7   5348.3
52497.0  28.5410   -82.9651   5316.0   4980.2   5354.2
52498.0  28.5422   -82.9654   5317.3   4982.2   5348.0
52499.0  28.5434   -82.9658   5318.5   4983.6   5348.4
52500.0  28.5446   -82.9661   5319.7   4985.3   5347.9
52501.0  28.5457   -82.9665   5320.6   4985.5   5347.5
52502.0  28.5469   -82.9668   5321.6   4985.7   5345.1
52503.0  28.5481   -82.9671   5322.6   4986.3   5335.8
52504.0  28.5493   -82.9675   5324.1   4987.5   5345.5
52505.0  28.5505   -82.9678   5326.1   4989.7   5340.1
52506.0  28.5517   -82.9682   5328.2   4992.3   5341.0
52507.0  28.5529   -82.9685   5330.5   4995.0   5339.7
52508.0  28.5540   -82.9689   5332.8   4996.3   5353.6
52509.0  28.5552   -82.9692   5334.7   4999.4   5370.0
52510.0  28.5564   -82.9696   5336.0   5001.7   5375.9
52511.0  28.5576   -82.9699   5336.4   5002.4   5367.4
52512.0  28.5588   -82.9702   5337.6   5003.4   5358.3
52513.0  28.5600   -82.9706   5338.2   5004.6   5350.0
52514.0  28.5612   -82.9709   5338.9   5006.4   5367.7
52515.0  28.5624   -82.9713   5338.9   5004.9   5363.8
52516.0  28.5635   -82.9716   5338.9   5003.0   5370.5
52517.0  28.5647   -82.9720   5339.1   5001.7   5364.9
52518.0  28.5659   -82.9723   5340.1   5004.1   5364.5
52519.0  28.5671   -82.9727   5341.2   5005.6   5361.1
52520.0  28.5683   -82.9730   5341.5   5005.0   5354.8
52521.0  28.5695   -82.9734   5342.5   5004.9   5360.7
52522.0  28.5707   -82.9737   5343.6   5006.4   5365.3
52523.0  28.5719   -82.9741   5344.9   5009.0   5360.7
52524.0  28.5731   -82.9745   5345.0   5009.3   5362.2
52525.0  28.5743   -82.9748   5345.9   5008.9   5358.2
52526.0  28.5755   -82.9752   5346.2   5009.7   5366.4
52527.0  28.5767   -82.9755   5347.2   5011.6   5376.0
52528.0  28.5779   -82.9759   5347.4   5012.8   5392.1
52529.0  28.5791   -82.9762   5347.7   5010.7   5377.1
52530.0  28.5803   -82.9765   5348.8   5010.0   5369.4
52531.0  28.5816   -82.9769   5350.2   5013.5   5366.6
52532.0  28.5828   -82.9772   5351.3   5016.2   5367.3
52533.0  28.5840   -82.9776   5352.3   5016.2   5380.9
52534.0  28.5852   -82.9779   5353.0   5015.2   5393.2
52535.0  28.5864   -82.9782   5354.0   5016.6   5383.2
52536.0  28.5876   -82.9786   5355.3   5018.0   5391.1
52537.0  28.5888   -82.9789   5356.6   5020.0   5387.2
52538.0  28.5901   -82.9792   5357.8   5020.7   5405.6
52539.0  28.5913   -82.9796   5359.1   5021.7   5409.6
52540.0  28.5925   -82.9799   5360.5   5022.3   5398.9
52541.0  28.5937   -82.9803   5362.1   5023.9   5396.4
52542.0  28.5949   -82.9806   5363.7   5026.7   5387.9
52543.0  28.5961   -82.9810   5365.1   5027.9   5376.7
52544.0  28.5974   -82.9813   5366.5   5027.7   5384.9
52545.0  28.5986   -82.9817   5367.8   5029.0   5374.7
52546.0  28.5998   -82.9820   5369.2   5030.9   5394.8
52547.0  28.6010   -82.9824   5371.0   5032.1   5394.7
52548.0  28.6022   -82.9827   5372.9   5033.7   5393.4
52549.0  28.6035   -82.9831   5375.4   5036.3   5395.7
52550.0  28.6047   -82.9834   5378.2   5039.5   5409.0
52551.0  28.6059   -82.9838   5381.2   5041.7   5408.6
52552.0  28.6071   -82.9841   5384.4   5044.4   5410.7
52553.0  28.6083   -82.9845   5387.8   5047.4   5410.2
52554.0  28.6096   -82.9848   5391.4   5051.0   5408.4
52555.0  28.6108   -82.9852   5395.0   5054.7   5411.1
52556.0  28.6120   -82.9855   5398.9   5058.9   5412.4
52557.0  28.6132   -82.9859   5403.0   5061.2   5429.6
52558.0  28.6144   -82.9862   5407.1   5065.6   5437.8
52559.0  28.6156   -82.9866   5411.6   5069.1   5433.6
52560.0  28.6168   -82.9869   5416.4   5073.5   5441.6
52561.0  28.6180   -82.9872   5421.6   5076.6   5457.9
52562.0  28.6192   -82.9876   5426.9   5081.6   5450.9
52563.0  28.6205   -82.9879   5432.5   5088.0   5452.1
52564.0  28.6217   -82.9883   5437.9   5093.9   5450.1
52565.0  28.6229   -82.9886   5442.8   5098.5   5469.6
52566.0  28.6241   -82.9889   5447.0   5101.7   5479.2
52567.0  28.6253   -82.9893   5451.1   5105.5   5467.9
52568.0  28.6265   -82.9896   5455.2   5109.8   5482.8
52569.0  28.6277   -82.9899   5459.1   5114.7   5480.5
52570.0  28.6289   -82.9902   5462.8   5117.1   5468.9
52571.0  28.6301   -82.9906   5466.3   5119.8   5488.7
52572.0  28.6313   -82.9909   5469.9   5123.6   5489.1
52573.0  28.6325   -82.9912   5473.8   5126.7   5488.5
52574.0  28.6337   -82.9916   5477.5   5132.4   5496.0
52575.0  28.6349   -82.9919   5480.7   5137.0   5510.2
52576.0  28.6361   -82.9922   5483.4   5139.1   5522.3
52577.0  28.6373   -82.9925   5485.8   5140.3   5508.0
52578.0  28.6385   -82.9929   5488.5   5142.0   5512.2
52579.0  28.6397   -82.9932   5491.3   5144.7   5510.1
52580.0  28.6409   -82.9935   5494.0   5147.4   5507.2
52581.0  28.6421   -82.9938   5496.4   5148.6   5507.5
52582.0  28.6433   -82.9942   5498.8   5149.9   5516.9
52583.0  28.6444   -82.9945   5501.5   5152.7   5531.2
52584.0  28.6456   -82.9948   5504.6   5155.1   5530.8
52585.0  28.6468   -82.9952   5508.0   5157.6   5533.0
52586.0  28.6480   -82.9955   5511.4   5160.7   5529.1
52587.0  28.6492   -82.9959   5514.8   5164.3   5528.6
52588.0  28.6504   -82.9962   5518.2   5168.7   5538.2
52589.0  28.6516   -82.9965   5521.6   5171.5   5545.5
52590.0  28.6528   -82.9969   5524.8   5174.6   5546.7
52591.0  28.6540   -82.9972   5528.2   5176.2   5545.5
52592.0  28.6552   -82.9976   5531.9   5180.5   5552.0
52593.0  28.6563   -82.9979   5535.7   5183.3   5562.2
52594.0  28.6575   -82.9983   5539.5   5187.9   5561.9
52595.0  28.6587   -82.9986   5543.1   5192.0   5574.2
52596.0  28.6599   -82.9990   5546.5   5194.8   5579.4
52597.0  28.6611   -82.9994   5550.0   5197.7   5582.1
52598.0  28.6622   -82.9997   5553.7   5201.9   5589.7
52599.0  28.6634   -83.0001   5557.3   5206.3   5590.5
52600.0  28.6646   -83.0004   5560.8   5209.6   5578.4
52601.0  28.6658   -83.0008   5563.7   5211.2   5586.0
52602.0  28.6669   -83.0011   5566.2   5213.6   5589.4
52603.0  28.6681   -83.0015   5568.5   5213.2   5596.5
52604.0  28.6693   -83.0018   5571.1   5216.1   5593.5
52605.0  28.6705   -83.0022   5574.0   5220.0   5589.8
52606.0  28.6716   -83.0026   5576.7   5222.6   5606.4
52607.0  28.6728   -83.0029   5579.5   5225.1   5610.9
52608.0  28.6740   -83.0033   5582.1   5228.1   5619.0
52609.0  28.6752   -83.0036   5584.5   5231.3   5632.9
52610.0  28.6763   -83.0040   5586.5   5232.6   5624.6
52611.0  28.6775   -83.0044   5588.0   5233.7   5630.0
52612.0  28.6787   -83.0047   5589.5   5236.6   5634.2
52613.0  28.6799   -83.0051   5590.9   5237.8   5617.6
52614.0  28.6810   -83.0054   5592.3   5239.4   5615.1
52615.0  28.6822   -83.0058   5593.2   5239.6   5632.0
52616.0  28.6834   -83.0061   5593.7   5238.9   5640.9
52617.0  28.6846   -83.0065   5593.7   5238.7   5631.6
52618.0  28.6857   -83.0069   5594.8   5239.0   5605.3
52619.0  28.6869   -83.0072   5595.4   5240.5   5615.7
52620.0  28.6881   -83.0076   5596.1   5242.9   5629.3
52621.0  28.6893   -83.0079   5596.1   5242.8   5607.9
52622.0  28.6905   -83.0082   5596.1   5242.1   5603.7
52623.0  28.6917   -83.0086   5596.1   5241.6   5605.7
52624.0  28.6929   -83.0089   5596.1   5241.9   5620.9
52625.0  28.6941   -83.0093   5596.1   5240.7   5618.4
52626.0  28.6953   -83.0096   5597.1   5241.1   5606.3
52627.0  28.6964   -83.0099   5598.1   5241.2   5614.4
52628.0  28.6976   -83.0103   5600.0   5243.0   5618.5
52629.0  28.6988   -83.0106   5602.2   5246.5   5642.1
52630.0  28.7000   -83.0109   5604.7   5249.3   5629.7
52631.0  28.7012   -83.0113   5606.8   5251.6   5641.3
52632.0  28.7024   -83.0116   5608.7   5253.1   5637.3
52633.0  28.7036   -83.0119   5610.2   5254.6   5632.3
52634.0  28.7048   -83.0122   5612.1   5256.9   5644.5
52635.0  28.7060   -83.0125   5614.0   5258.0   5653.9
52636.0  28.7072   -83.0129   5616.1   5260.3   5647.2
52637.0  28.7084   -83.0132   5617.7   5262.5   5643.1
52638.0  28.7096   -83.0135   5619.3   5263.8   5643.4
52639.0  28.7108   -83.0138   5620.9   5265.0   5638.9
52640.0  28.7120   -83.0141   5622.4   5266.4   5630.9
52641.0  28.7132   -83.0144   5623.9   5268.4   5634.2
52642.0  28.7144   -83.0148   5625.2   5268.3   5642.2
52643.0  28.7156   -83.0151   5626.3   5269.9   5663.1
52644.0  28.7168   -83.0154   5627.0   5270.7   5664.0
52645.0  28.7180   -83.0157   5627.8   5270.6   5643.3
52646.0  28.7192   -83.0160   5629.0   5271.1   5641.3
52647.0  28.7204   -83.0164   5629.9   5272.1   5670.8
52648.0  28.7216   -83.0167   5631.3   5273.0   5675.3
52649.0  28.7228   -83.0170   5633.2   5274.7   5675.0
52650.0  28.7240   -83.0173   5635.5   5277.1   5666.4
52651.0  28.7252   -83.0177   5637.6   5280.7   5654.4
52652.0  28.7264   -83.0180   5639.5   5284.0   5661.9
52653.0  28.7276   -83.0183   5640.8   5285.2   5669.9
52654.0  28.7288   -83.0187   5642.0   5286.6   5670.2
52655.0  28.7300   -83.0190   5643.1   5287.3   5670.9
52656.0  28.7312   -83.0193   5643.7   5289.0   5661.8
52657.0  28.7324   -83.0197   5644.9   5290.2   5658.9
52658.0  28.7336   -83.0200   5644.7   5290.3   5666.5
52659.0  28.7348   -83.0204   5643.7   5288.3   5658.8
52660.0  28.7360   -83.0207   5643.8   5287.3   5667.4
52661.0  28.7372   -83.0211   5644.9   5286.9   5677.1
52662.0  28.7385   -83.0214   5645.8   5288.6   5670.9
52663.0  28.7397   -83.0218   5647.0   5290.7   5678.8
52664.0  28.7409   -83.0221   5648.4   5288.9   5670.1
52665.0  28.7421   -83.0225   5650.8   5290.9   5670.2
52666.0  28.7433   -83.0228   5653.6   5294.0   5659.4
52667.0  28.7445   -83.0232   5656.4   5296.5   5675.7
52668.0  28.7457   -83.0235   5659.0   5299.1   5686.4
52669.0  28.7469   -83.0239   5661.6   5301.1   5689.6
52670.0  28.7481   -83.0243   5663.9   5303.7   5688.3
52671.0  28.7493   -83.0246   5666.5   5305.9   5692.0
52672.0  28.7505   -83.0250   5669.3   5308.4   5706.3
52673.0  28.7517   -83.0253   5672.9   5312.8   5690.3
52674.0  28.7529   -83.0257   5676.4   5316.8   5691.1
52675.0  28.7541   -83.0261   5680.0   5320.9   5705.0
52676.0  28.7553   -83.0264   5683.4   5324.1   5712.0
52677.0  28.7565   -83.0268   5686.5   5327.7   5714.3
52678.0  28.7577   -83.0271   5689.3   5328.3   5721.0
52679.0  28.7589   -83.0275   5692.3   5332.3   5708.4
52680.0  28.7601   -83.0278   5695.2   5336.2   5719.7
52681.0  28.7613   -83.0282   5697.6   5338.3   5734.6
52682.0  28.7625   -83.0286   5699.3   5340.0   5735.8
52683.0  28.7637   -83.0289   5700.8   5340.5   5718.1
52684.0  28.7649   -83.0293   5702.3   5341.0   5715.7
52685.0  28.7661   -83.0296   5704.0   5339.8   5723.6
52686.0  28.7672   -83.0300   5706.2   5341.2   5726.1
52687.0  28.7684   -83.0303   5709.4   5345.1   5724.4
52688.0  28.7696   -83.0307   5713.0   5349.0   5726.4
52689.0  28.7708   -83.0311   5716.9   5354.3   5737.7
52690.0  28.7720   -83.0314   5720.9   5359.0   5760.7
52691.0  28.7732   -83.0318   5724.6   5363.8   5763.3
52692.0  28.7744   -83.0321   5727.6   5367.2   5764.8
52693.0  28.7756   -83.0325   5729.9   5367.1   5753.0
52694.0  28.7768   -83.0328   5732.4   5368.6   5742.6
52695.0  28.7780   -83.0332   5734.9   5372.1   5741.6
52696.0  28.7792   -83.0335   5737.4   5373.6   5742.7
52697.0  28.7804   -83.0339   5739.9   5376.0   5740.0
52698.0  28.7815   -83.0342   5742.5   5378.2   5768.2
52699.0  28.7827   -83.0346   5745.2   5379.8   5757.6
52700.0  28.7839   -83.0349   5748.5   5382.8   5770.1
52701.0  28.7851   -83.0353   5751.6   5387.5   5784.2
52702.0  28.7863   -83.0356   5754.7   5390.3   5786.5
52703.0  28.7875   -83.0359   5757.7   5392.4   5785.3
52704.0  28.7887   -83.0363   5760.8   5395.6   5787.5
52705.0  28.7899   -83.0366   5763.6   5399.0   5778.5
52706.0  28.7911   -83.0369   5766.6   5401.2   5783.7
52707.0  28.7923   -83.0373   5769.5   5403.9   5793.7
52708.0  28.7934   -83.0376   5772.2   5407.1   5797.6
52709.0  28.7946   -83.0379   5774.6   5408.5   5809.6
52710.0  28.7958   -83.0383   5777.0   5410.1   5811.6
52711.0  28.7970   -83.0386   5779.4   5411.6   5804.4
52712.0  28.7982   -83.0389   5782.4   5414.6   5817.5
52713.0  28.7994   -83.0393   5785.3   5418.8   5815.0
52714.0  28.8006   -83.0396   5787.9   5421.4   5804.3
52715.0  28.8018   -83.0399   5790.3   5423.9   5799.8
52716.0  28.8029   -83.0403   5792.0   5427.9   5802.9
52717.0  28.8041   -83.0406   5792.4   5427.9   5813.5
52718.0  28.8053   -83.0409   5791.7   5426.4   5827.2
52719.0  28.8065   -83.0412   5791.2   5424.8   5822.6
52720.0  28.8077   -83.0416   5790.1   5426.0   5804.9
52721.0  28.8089   -83.0419   5788.8   5422.6   5811.3
52722.0  28.8101   -83.0422   5788.8   5420.5   5828.7
52723.0  28.8113   -83.0426   5788.8   5421.3   5821.9
52724.0  28.8125   -83.0429   5789.2   5421.5   5809.4
