flight/WP3D/AircraftMis_NP3_20130619_RA.ict
41  1001
Ken Aikin
NOAA ESRL Chemical Sciences Division
various aircraft sensors
SENEX 2013
1  1
2013  06  19  2013  06  20
1
AOCTimewave
8
1  1  1  1  1  1  1  1
-9999  -9999  -9999  -9999  -9999  -9999  -9999  -9999
Attack  deg
CabinPrs  mbar
GndSpd  m/s
Heading  deg
Pitch  deg
Roll  deg
Slip  deg
TrueAirSpd  m/s
1
SPECIAL COMMENTS:Flight into night over Atlanta.
18
PI_CONTACT_INFO: Address: NOAA ESRL Chemical Sciences Division  Mail Stop R/CSD7  325 Broadway  Boulder  CO 80305
PLATFORM: NOAA WP-3D
LOCATION: The aircraft was stationed in  Smyrna  Tennessee. Aircraft location information in AircraftPosition file.
ASSOCIATED_DATA: N/A
INSTRUMENT_INFO: N/A
DATA_INFO: Units: Attack degrees; CabinPrs millibar; GndSpd m/s; Heading degrees; Pitch degrees; Roll degrees; Slip degrees; TrueAirSpd m/s
UNCERTAINTY: N/A
ULOD_FLAG: -7777
ULOD_VALUE: N/A
LLOD_FLAG: -8888
LLOD_VALUE: N/A
DM_CONTACT_INFO: Data Manager:Ken Aikin; email:Kenneth.C.Aikin@noaa.gov
PROJECT_INFO: SENEX 2013 Study; June 1 - July 15  2013
STIPULATIONS_ON_USE: Use of these data require prior ok from PI.
OTHER_COMMENTS:       None
REVISION: RA
RA: Preliminary Data.  For in-field use.
AOCTimewave  Attack  CabinPrs  GndSpd  Heading  Pitch  Roll  Slip  TrueAirSpd
[from data line 268]
81304.0  2.9  954.5  124.7  171.9  3.67  20.15  -1.25  121.0
81305.0  3.3  954.6  124.9  173.8  4.60  19.72  -0.93  121.1
81306.0  3.2  954.1  124.9  175.9  5.08  19.25  -1.21  121.3
81307.0  2.8  954.5  125.0  177.7  4.93  18.97  -1.32  121.3
81308.0  2.7  954.0  125.0  179.4  4.86  18.85  -1.25  121.8
81309.0  2.5  953.7  125.1  180.8  4.65  17.08  -1.31  121.7
81310.0  2.3  954.4  125.2  182.2  4.57  13.66  -1.54  121.9
81311.0  2.4  954.0  125.3  183.5  4.75  9.69  -1.74  121.9
81312.0  2.8  954.3  125.4  184.5  5.55  5.53  -2.24  121.7
81313.0  2.9  953.8  125.2  184.9  6.35  3.53  -2.10  121.7
81314.0  2.4  954.3  125.1  184.6  5.96  5.33  -1.30  121.9
81315.0  2.2  953.5  125.1  184.5  5.54  7.65  -0.51  121.7
81316.0  2.2  953.8  125.1  185.3  5.58  7.32  -0.77  121.4
81317.0  2.2  953.3  125.1  186.6  5.55  5.23  -1.57  121.0
81318.0  2.3  953.9  125.1  187.5  5.63  3.81  -1.91  120.7
81319.0  2.3  953.7  125.1  187.7  5.76  3.40  -1.90  120.3
81320.0  2.5  953.6  125.1  187.5  5.91  1.92  -1.70  120.1
81321.0  2.6  953.7  125.0  187.1  6.32  0.04  -1.28  120.0
81322.0  2.5  953.2  124.9  187.2  6.52  0.10  -1.06  120.4
81323.0  2.8  953.4  124.8  187.6  6.88  1.72  -1.52  119.8
81324.0  2.8  953.7  124.5  187.8  7.37  3.05  -1.04  120.0
81325.0  2.8  953.2  124.2  188.2  7.65  2.29  -1.01  120.3
81326.0  2.6  953.0  123.8  188.9  7.62  0.01  -1.72  120.2
81327.0  2.2  953.0  123.6  189.2  7.19  -0.39  -1.88  120.0
81328.0  2.2  953.4  123.4  188.8  6.91  0.44  -1.21  120.0
81329.0  2.6  952.8  123.2  188.5  7.31  0.65  -0.78  119.8
81330.0  2.8  953.1  122.9  188.8  7.80  0.21  -1.17  119.5
81331.0  2.5  953.1  122.6  189.2  7.59  0.15  -1.63  119.2
81332.0  2.4  952.8  122.4  189.2  7.46  0.83  -1.58  119.1
81333.0  2.6  952.6  122.1  188.9  7.67  1.78  -1.03  118.9
81334.0  2.9  952.9  121.8  188.9  8.12  2.42  -0.71  118.6
81335.0  3.1  953.0  121.3  189.5  8.56  2.62  -0.96  118.1
81336.0  3.0  952.6  120.8  190.3  8.70  2.35  -1.38  117.7
81337.0  2.3  952.5  120.4  190.8  8.05  0.87  -1.66  117.4
81338.0  2.2  952.2  120.2  190.9  7.49  -0.13  -1.63  117.1
81339.0  1.9  952.3  120.2  190.5  6.74  -0.22  -1.25  117.0
81340.0  2.2  952.3  120.2  190.2  6.44  0.02  -0.84  116.8
81341.0  2.7  952.2  120.2  190.2  6.71  -0.04  -0.84  116.7
81342.0  2.9  952.3  120.1  190.7  6.93  -0.29  -1.32  116.3
81343.0  2.9  952.4  120.0  191.0  7.03  -0.30  -1.62  116.1
81344.0  2.9  952.2  119.9  191.0  6.99  -0.23  -1.57  116.0
81345.0  2.9  951.8  119.8  190.7  6.95  -0.30  -1.41  115.8
81346.0  2.9  952.1  119.8  190.4  6.99  -0.64  -1.15  115.8
81347.0  2.9  951.8  119.7  190.2  7.03  -0.78  -0.98  115.9
81348.0  2.9  951.7  119.6  190.2  6.85  0.30  -0.98  116.1
81349.0  2.8  951.7  119.5  190.3  6.61  1.16  -0.96  116.3
81350.0  2.7  951.7  119.5  190.5  6.44  0.85  -1.08  116.3
81351.0  2.8  951.7  119.5  190.8  6.37  0.05  -1.28  116.1
81352.0  2.8  951.9  119.6  190.9  6.43  -0.80  -1.40  115.9
81353.0  2.9  951.6  119.6  190.8  6.50  -1.54  -1.43  115.9
81354.0  2.7  951.5  119.6  190.6  6.14  -1.63  -1.29  115.9
81355.0  2.5  952.0  119.7  190.3  5.56  -0.73  -1.01  116.0
81356.0  2.7  951.7  119.9  190.1  5.52  -0.11  -0.78  116.2
81357.0  2.9  951.7  120.1  190.2  5.64  -0.86  -0.95  116.2
81358.0  2.8  951.9  120.2  190.5  5.59  -0.60  -1.20  116.2
81359.0  2.8  951.7  120.4  190.7  5.55  0.18  -1.26  116.1
81360.0  2.8  951.8  120.5  190.7  5.46  -0.02  -1.24  116.3
81361.0  2.8  951.4  120.7  190.6  5.41  -0.65  -1.18  116.5
81362.0  2.8  951.8  120.9  190.6  5.36  -0.71  -1.11  117.0
81363.0  2.9  951.2  121.1  190.6  5.42  -0.29  -1.12  117.0
81364.0  2.9  951.6  121.2  190.6  5.37  0.01  -1.17  117.2
81365.0  2.8  951.0  121.4  190.6  5.26  -0.13  -1.20  117.3
81366.0  2.8  951.7  121.6  190.6  5.23  -0.45  -1.29  117.6
81367.0  2.8  951.2  121.7  190.5  5.30  -0.72  -1.25  117.7
81368.0  2.9  951.3  121.9  190.3  5.44  -0.86  -1.15  117.7
81369.0  2.9  951.1  122.0  190.2  5.59  -1.02  -1.03  117.8
81370.0  2.8  951.5  122.1  190.2  5.52  -0.89  -0.97  118.0
81371.0  2.8  951.2  122.3  190.4  5.55  -0.48  -1.00  118.0
81372.0  2.9  951.1  122.4  190.7  5.68  -0.50  -1.26  118.1
81373.0  2.8  951.2  122.4  190.8  5.57  -0.73  -1.33  118.4
81374.0  2.8  950.9  122.6  190.7  5.52  -1.04  -1.13  118.6
81375.0  2.8  951.1  122.7  190.7  5.59  -1.31  -1.21  118.7
81376.0  2.7  950.9  122.8  190.7  5.45  -1.47  -1.24  118.8
81377.0  2.6  951.1  122.9  190.6  5.22  -1.85  -1.30  119.0
81378.0  2.7  950.4  123.1  190.4  5.27  -2.34  -1.42  119.2
81379.0  2.8  950.7  123.2  190.2  5.43  -2.34  -1.42  119.1
81380.0  2.8  951.0  123.3  189.7  5.44  -2.03  -1.22  119.1
81381.0  2.7  950.7  123.4  189.4  5.38  -1.40  -1.12  119.0
81382.0  2.7  950.7  123.6  189.3  5.41  -0.80  -1.02  118.9
81383.0  2.6  950.6  123.7  189.2  5.36  -1.09  -1.00  119.0
81384.0  2.5  950.5  123.8  189.3  5.22  -1.71  -1.14  119.3
81385.0  2.5  950.3  124.0  189.4  5.17  -1.56  -1.20  119.6
81386.0  2.7  950.7  124.1  189.3  5.39  -1.26  -1.13  119.9
81387.0  2.8  950.4  124.2  189.2  5.60  -1.37  -0.98  120.0
81388.0  3.0  950.6  124.2  189.3  6.11  -1.76  -1.09  119.6
81389.0  3.1  950.7  124.1  189.5  6.48  -1.99  -1.33  119.4
81390.0  2.7  950.2  124.1  189.6  6.23  -1.54  -1.39  119.5
81391.0  2.6  950.7  124.0  189.3  6.06  -0.92  -1.23  120.0
81392.0  2.7  950.5  124.0  189.0  6.21  -1.16  -1.02  120.1
81393.0  2.9  950.5  123.9  188.9  6.53  -1.81  -1.03  119.8
81394.0  3.0  950.4  123.8  189.0  6.87  -2.02  -1.29  119.8
81395.0  3.1  950.7  123.6  189.1  7.32  -1.80  -1.45  119.4
81396.0  2.9  950.7  123.4  188.8  7.35  -1.36  -1.30  119.2
81397.0  2.2  950.1  123.2  188.5  6.53  -1.01  -1.11  119.1
81398.0  1.9  950.5  123.3  188.2  5.63  -0.88  -0.86  119.4
81399.0  2.2  950.4  123.4  188.1  5.45  -0.92  -0.77  119.5
81400.0  2.6  950.5  123.5  188.2  5.61  -0.90  -0.94  119.4
81401.0  2.7  950.5  123.5  188.5  5.69  -0.67  -1.24  119.5
81402.0  2.9  950.7  123.6  188.6  6.00  -0.27  -1.29  119.4
81403.0  2.8  950.1  123.5  188.5  6.05  0.09  -1.12  119.4
81404.0  2.6  950.6  123.6  188.4  5.72  0.27  -0.99  119.6
81405.0  2.6  949.9  123.6  188.5  5.62  0.25  -1.02  119.6
81406.0  2.6  950.3  123.7  188.6  5.56  0.28  -1.11  119.5
81407.0  2.7  950.2  123.8  188.7  5.49  0.61  -1.19  119.5
81408.0  2.7  950.0  123.9  188.8  5.42  1.25  -1.21  119.5
81409.0  2.6  950.5  124.0  188.8  5.34  1.83  -1.04  119.5
81410.0  2.6  949.9  124.1  188.8  5.23  1.82  -0.95  119.6
81411.0  2.7  950.3  124.2  189.0  5.12  1.31  -1.07  119.7
81412.0  2.7  949.7  124.4  189.3  5.03  0.80  -1.23  119.8
81413.0  2.7  950.3  124.5  189.4  4.94  0.44  -1.22  120.1
81414.0  2.6  950.0  124.7  189.4  4.88  0.55  -1.07  120.3
81415.0  2.5  949.8  124.9  189.3  4.82  0.97  -0.93  120.4
81416.0  2.6  949.8  125.0  189.4  4.79  1.22  -0.87  120.7
81417.0  2.6  949.6  125.2  189.6  4.78  1.07  -0.95  120.7
81418.0  2.6  950.0  125.4  189.8  4.85  0.60  -1.12  120.9
81419.0  2.6  949.5  125.5  190.0  4.96  0.13  -1.22  120.8
81420.0  2.7  950.2  125.7  190.0  5.07  -0.21  -1.23  120.9
81421.0  2.6  949.6  125.8  189.8  5.14  -0.27  -1.08  121.0
81422.0  2.6  950.0  125.9  189.7  5.04  0.26  -0.93  121.0
81423.0  2.5  949.5  126.0  189.7  4.94  0.68  -0.84  121.3
81424.0  2.5  949.8  126.2  189.9  4.92  0.80  -0.93  121.4
81425.0  2.6  949.3  126.3  190.1  4.93  0.79  -1.07  121.5
81426.0  2.5  949.5  126.5  190.2  4.93  0.81  -1.14  121.6
81427.0  2.6  949.6  126.6  190.3  4.94  0.84  -1.11  121.8
81428.0  2.6  949.2  126.7  190.3  4.97  0.84  -1.03  121.9
81429.0  2.7  949.5  126.8  190.3  5.01  0.57  -1.16  122.1
81430.0  2.5  949.2  126.9  190.4  4.74  0.09  -1.13  122.6
81431.0  2.3  949.3  127.1  190.4  4.42  -0.31  -1.13  123.1
81432.0  2.3  949.7  127.3  190.3  4.40  -0.40  -1.04  123.5
81433.0  2.6  949.3  127.5  190.3  4.65  0.06  -0.98  123.6
81434.0  2.5  949.5  127.6  190.4  4.60  0.55  -1.05  124.1
81435.0  2.3  949.8  127.7  190.5  4.44  0.51  -1.21  124.8
81436.0  2.2  949.9  127.9  190.5  4.36  0.27  -1.31  125.1
81437.0  2.3  949.4  128.1  190.3  4.47  0.07  -1.11  125.1
81438.0  2.4  949.7  128.2  190.1  4.72  -0.04  -0.88  125.3
81439.0  2.6  949.5  128.2  190.2  5.01  -0.28  -0.97  125.3
81440.0  2.7  949.4  128.3  190.5  5.29  -0.35  -1.25  125.4
81441.0  2.5  949.8  128.2  190.5  5.49  -0.22  -1.14  125.5
81442.0  2.5  949.4  128.1  190.5  5.61  0.07  -0.87  126.5
81443.0  2.5  949.0  128.0  190.8  5.71  0.73  -1.29  126.7
81444.0  2.2  949.4  127.9  190.9  5.61  0.59  -1.40  127.0
81445.0  2.4  949.1  127.8  190.7  5.72  -0.27  -1.45  126.9
81446.0  2.2  949.2  127.7  190.4  5.80  -1.05  -1.32  126.2
81447.0  2.0  949.2  127.6  189.9  5.63  -0.68  -1.09  126.5
81448.0  2.0  949.5  127.6  189.6  5.61  0.04  -0.48  125.6
81449.0  2.5  949.8  127.5  189.7  5.80  -0.01  -0.57  125.7
81450.0  2.5  949.2  127.3  190.3  6.00  -0.41  -0.88  125.6
81451.0  2.7  949.5  127.2  190.9  6.11  -0.83  -1.40  125.0
81452.0  2.5  949.3  127.1  191.0  6.14  -0.99  -1.54  123.9
81453.0  2.2  948.8  127.0  190.6  5.93  -1.02  -1.32  123.9
81454.0  2.1  949.2  126.9  190.1  5.70  -1.30  -0.79  124.4
81455.0  2.1  948.9  126.9  189.9  5.55  -1.19  -0.87  124.6
81456.0  2.2  949.3  126.9  190.0  5.59  -0.42  -0.92  124.4
81457.0  2.5  949.4  126.9  190.2  5.87  0.23  -0.88  124.2
81458.0  2.8  949.1  126.7  190.5  6.20  -0.38  -0.99  123.7
81459.0  2.8  949.2  126.6  190.8  6.27  -1.74  -1.46  123.8
81460.0  2.4  949.2  126.5  190.8  6.18  -3.10  -1.52  124.0
81461.0  2.8  949.1  126.4  190.3  6.20  -3.65  -1.54  123.2
81462.0  2.8  949.2  126.2  189.5  6.35  -3.80  -0.81  123.6
81463.0  2.4  948.8  126.1  189.1  6.11  -3.06  -0.46  123.1
81464.0  2.4  949.3  126.1  189.2  5.83  -2.01  -0.28  122.9
81465.0  2.5  949.2  126.1  189.7  5.76  -1.04  -1.29  122.6
81466.0  2.3  948.9  126.1  190.0  5.60  -0.29  -1.54  123.0
81467.0  2.5  949.2  126.1  189.6  5.47  -0.63  -1.03  123.5
81468.0  2.8  949.1  126.1  189.3  5.77  -1.78  -0.75  123.3
81469.0  3.3  949.1  126.0  189.5  6.69  -2.43  -1.33  123.2
81470.0  3.1  949.3  125.7  189.6  6.93  -2.08  -1.49  122.7
81471.0  2.5  949.2  125.5  189.3  6.52  -0.84  -1.26  122.4
81472.0  2.4  948.8  125.4  188.8  6.29  0.36  -0.79  122.3
81473.0  2.7  948.6  125.4  188.6  6.24  0.75  -0.54  121.8
81474.0  2.8  948.7  125.2  189.0  6.39  0.22  -0.69  121.8
81475.0  2.7  948.8  125.1  189.6  6.40  -1.09  -1.51  122.2
81476.0  2.5  948.8  125.0  189.8  6.32  -0.97  -1.94  122.0
81477.0  2.5  948.9  124.9  189.2  6.35  0.32  -0.89  122.6
81478.0  2.9  948.8  124.8  188.6  6.72  0.78  -0.20  122.3
81479.0  3.2  949.1  124.5  189.0  7.20  0.26  -0.90  121.1
81480.0  2.9  948.8  124.3  189.7  7.37  0.13  -1.70  120.7
81481.0  2.8  948.9  124.0  189.8  7.19  0.08  -1.76  120.7
81482.0  2.8  948.7  123.8  189.2  7.03  -0.06  -1.18  120.9
81483.0  2.7  948.5  123.6  188.7  6.78  -0.60  -0.59  120.8
81484.0  2.8  949.0  123.5  188.7  6.61  -1.32  -0.67  121.1
81485.0  2.5  948.6  123.4  189.1  6.46  -1.35  -0.93  120.9
81486.0  2.5  949.0  123.4  189.4  6.28  -0.55  -1.11  121.3
81487.0  2.9  948.5  123.3  189.5  6.57  0.51  -1.21  121.6
81488.0  3.0  948.9  123.1  189.5  6.99  1.47  -1.16  121.2
81489.0  3.0  949.2  122.8  189.4  7.05  1.71  -1.10  120.9
81490.0  2.9  948.9  122.6  189.4  7.05  1.53  -0.94  120.5
81491.0  2.9  948.5  122.4  189.5  6.94  1.31  -0.74  120.7
81492.0  2.8  948.4  122.2  189.8  6.81  0.89  -0.96  120.5
81493.0  2.8  948.7  122.1  190.1  6.68  0.11  -0.99  120.2
81494.0  2.8  948.7  122.0  190.4  6.55  -0.13  -1.22  120.1
81495.0  2.7  948.9  122.0  190.4  6.13  0.87  -1.26  120.0
81496.0  2.5  948.4  122.0  190.1  5.70  2.07  -0.69  120.1
81497.0  2.7  948.6  122.0  190.1  5.72  2.11  -0.45  120.5
81498.0  3.1  948.3  122.0  190.5  5.89  1.34  -0.84  121.2
81499.0  2.9  948.6  122.0  191.1  5.65  0.69  -1.31  121.6
81500.0  2.6  948.6  122.1  191.3  5.29  0.47  -1.47  121.9
81501.0  2.6  948.3  122.2  191.0  5.20  0.79  -1.09  122.1
81502.0  2.8  948.7  122.3  190.8  5.32  1.30  -0.65  122.2
81503.0  3.0  948.5  122.3  190.9  5.47  1.43  -0.65  122.2
81504.0  3.0  948.5  122.3  191.4  5.46  0.79  -1.08  122.2
81505.0  2.7  948.3  122.4  191.8  5.15  -1.08  -1.39  122.2
81506.0  2.6  948.5  122.6  191.8  4.90  -3.30  -1.55  122.1
81507.0  2.8  948.3  122.8  191.4  4.86  -4.87  -1.43  121.9
81508.0  2.8  948.7  123.0  190.8  4.84  -5.46  -1.25  121.9
81509.0  2.9  948.6  123.2  190.2  4.82  -5.72  -1.08  121.8
81510.0  2.9  948.2  123.4  189.8  4.79  -5.96  -1.19  121.8
81511.0  2.9  948.6  123.7  189.4  4.77  -6.17  -1.31  122.0
81512.0  2.9  948.0  123.9  188.9  4.73  -6.20  -1.29  122.3
81513.0  2.8  948.4  124.1  188.3  4.68  -4.74  -1.03  122.3
81514.0  2.6  948.3  124.4  187.8  4.63  -2.27  -0.80  122.7
81515.0  2.8  948.5  124.5  187.6  4.66  0.09  -0.65  122.8
81516.0  3.0  948.2  124.7  187.6  4.89  1.35  -0.66  122.9
81517.0  3.0  948.5  124.8  188.0  5.11  0.59  -1.11  123.0
81518.0  3.0  948.3  124.9  188.4  5.30  -0.50  -1.58  123.2
81519.0  2.9  948.2  124.9  188.3  5.39  -0.59  -1.46  123.2
81520.0  2.8  948.1  125.0  187.9  5.44  0.08  -0.91  122.8
81521.0  2.9  948.2  125.0  187.6  5.57  0.46  -0.55  122.7
81522.0  3.0  948.0  125.0  187.9  5.73  0.61  -0.79  122.4
81523.0  3.0  948.3  125.0  188.3  5.85  0.84  -1.12  122.5
81524.0  2.9  948.1  124.9  188.6  5.89  2.24  -1.16  122.4
81525.0  3.1  948.2  124.9  188.7  6.02  5.26  -0.70  122.3
81526.0  3.1  948.8  124.7  188.9  6.14  8.47  -0.16  122.1
81527.0  2.8  948.4  124.6  189.5  5.81  10.30  -0.05  122.2
81528.0  2.7  948.4  124.6  190.7  5.38  10.78  -0.50  122.1
81529.0  2.8  948.5  124.6  192.1  5.20  11.31  -0.99  122.4
81530.0  3.1  948.4  124.6  193.2  5.44  12.05  -0.95  122.3
81531.0  3.3  948.7  124.4  194.1  5.77  12.79  -0.83  122.5
81532.0  3.2  948.1  124.3  195.0  5.86  13.27  -0.69  122.6
81533.0  3.3  948.5  124.1  196.0  5.94  13.77  -0.77  122.8
81534.0  3.2  948.1  123.9  197.2  6.08  14.58  -0.63  122.9
81535.0  3.2  948.7  123.7  198.5  6.18  15.29  -0.79  123.1
81536.0  3.1  948.1  123.5  199.7  6.17  15.53  -0.83  123.1
81537.0  2.9  948.3  123.2  200.9  6.06  15.13  -0.94  123.0
81538.0  2.9  948.0  123.1  202.0  6.01  14.49  -0.90  122.8
81539.0  2.8  948.4  122.9  203.0  5.99  13.64  -0.51  122.5
81540.0  2.9  948.2  122.8  204.2  5.97  12.48  -0.67  122.3
81541.0  3.0  948.1  122.6  205.5  5.90  11.49  -0.83  122.2
81542.0  3.4  948.1  122.5  206.7  5.95  10.34  -1.25  121.7
81543.0  3.1  948.2  122.4  207.7  5.87  8.07  -1.66  121.5
81544.0  2.9  948.0  122.3  208.0  5.73  6.53  -1.37  121.8
81545.0  2.7  947.7  122.2  208.0  5.70  7.65  -0.74  122.3
81546.0  3.0  948.2  122.2  208.2  5.77  8.60  -0.22  121.9
81547.0  3.0  948.4  122.1  209.0  5.73  8.39  -0.27  121.9
81548.0  2.9  948.4  122.1  210.2  5.64  6.96  -1.05  122.1
81549.0  3.0  948.6  122.0  211.2  5.47  5.16  -1.87  122.0
81550.0  2.9  948.4  122.1  211.4  5.46  3.78  -1.72  122.1
81551.0  2.9  948.4  122.1  211.0  5.55  2.57  -1.17  122.3
81552.0  3.0  948.5  122.1  210.6  5.61  1.03  -0.78  122.0
81553.0  3.1  948.4  122.1  210.7  5.69  -0.79  -0.68  121.7
81554.0  2.9  948.5  122.1  211.1  5.70  -1.46  -1.24  121.5
81555.0  2.9  948.3  122.2  211.3  5.61  -0.07  -1.38  122.2
81556.0  3.0  948.2  122.2  211.1  5.80  1.24  -1.01  122.9
81557.0  3.2  948.3  122.1  211.0  6.01  1.27  -0.68  122.9
81558.0  3.0  948.3  122.1  211.4  5.80  0.17  -0.87  122.6
81559.0  2.1  948.0  122.1  211.9  4.86  -0.11  -1.40  123.1
81560.0  2.3  947.7  122.3  211.8  4.44  0.96  -1.25  123.2
81561.0  3.4  948.1  122.5  211.5  5.21  1.83  -0.94  122.6
81562.0  3.4  948.4  122.5  211.5  5.48  1.85  -0.96  122.2
81563.0  2.8  948.1  122.5  211.8  5.16  1.87  -1.03  122.8
81564.0  2.8  948.4  122.6  212.0  4.98  2.04  -1.32  123.0
81565.0  3.1  947.6  122.7  212.0  4.98  2.78  -1.11  123.0
81566.0  3.2  948.2  122.8  212.0  4.80  2.57  -0.91  123.1
81567.0  2.8  948.0  123.0  212.2  4.39  0.65  -1.04  122.9
