flight/WP3D/AircraftPos_NP3_20130625_RA.ict
39  1001
Ken Aikin
NOAA ESRL Chemical Sciences Division
various aircraft sensors
SENEX 2013
1  1
2013  06  25  2013  06  25
1
AOCTimewave  sec
5
1  1  1  1  1 
-9999  -9999  -9999  -9999  -9999
GpsLat  deg
GpsLon  deg
GpsAlt  m
PAlt  m
RAlt  m
1
Haynesville flight. Default DewPtTemp was bad from 19:39:53-19:47:27. Also affected H2Omr  RelHumidity  PotTemp.
19
PI_CONTACT_INFO: Address: NOAA ESRL Chemical Sciences Division  Mail Stop R/CSD7  325 Broadway  Boulder  CO 80305
PLATFORM: NOAA WP-3D
LOCATION: The aircraft was stationed in Smyrna  Tennessee. Aircraft location information in AircraftPosition file.
ASSOCIATED_DATA: N/A
INSTRUMENT_INFO: N/A
DATA_INFO: Units:GpsLat:decimal degrees; GpsLon: decimal degrees; GpsAlt: meters; PAlt:meters; RAlt: meters.
UNCERTAINTY: N/A
ULOD_FLAG: -7777
ULOD_VALUE: N/A
LLOD_FLAG: -8888
LLOD_VALUE: N/A
DM_CONTACT_INFO: Data Manager:Ken Aikin; email:Kenneth.C.Aikin@noaa.gov
PROJECT_INFO: SENEX 2013 Study; June 1 - July 15  2013
STIPULATIONS_ON_USE: Use of these data require prior ok from PI.
OTHER_COMMENTS:       None
REVISION: RB
RB: Fixed change in units for PAlt and RAlt.
RA: Preliminary Data.  For in-field use.
AOCTimewave  GpsLat  GpsLon  GpsAlt  PAlt  RAlt
[from data line 13673]
68771.0  32.3971   -94.5808    603.8    523.2    539.2
68772.0  32.3971   -94.5796    604.2    523.9    536.2
68773.0  32.3971   -94.5783    603.3    522.3    535.5
68774.0  32.3971   -94.5771    603.1    520.6    533.4
68775.0  32.3971   -94.5759    603.5    522.8    537.0
68776.0  32.3971   -94.5746    602.9    521.6    542.9
68777.0  32.3971   -94.5734    602.3    520.7    538.1
68778.0  32.3971   -94.5722    602.3    520.4    538.7
68779.0  32.3972   -94.5709    601.7    519.8    539.4
68780.0  32.3972   -94.5697    601.1    520.5    535.0
68781.0  32.3972   -94.5685    601.1    520.9    539.0
68782.0  32.3972   -94.5672    601.1    519.2    536.6
68783.0  32.3972   -94.5660    601.1    521.8    536.2
68784.0  32.3972   -94.5648    601.1    521.1    538.0
68785.0  32.3972   -94.5636    601.1    520.7    544.1
68786.0  32.3972   -94.5623    601.9    521.4    539.8
68787.0  32.3972   -94.5611    601.5    521.8    537.9
68788.0  32.3972   -94.5599    601.9    520.7    536.6
68789.0  32.3972   -94.5587    603.0    521.9    538.4
68790.0  32.3972   -94.5574    603.5    522.4    542.1
68791.0  32.3972   -94.5562    604.5    522.0    545.0
68792.0  32.3972   -94.5550    605.4    524.7    546.0
68793.0  32.3972   -94.5538    605.9    525.2    546.6
68794.0  32.3972   -94.5525    605.9    523.5    544.8
68795.0  32.3972   -94.5513    605.9    524.3    541.0
68796.0  32.3972   -94.5501    606.3    526.2    545.8
68797.0  32.3972   -94.5489    607.2    526.0    541.6
68798.0  32.3972   -94.5476    607.0    527.4    544.9
68799.0  32.3972   -94.5464    605.9    524.7    543.3
68800.0  32.3972   -94.5452    605.9    524.8    540.9
68801.0  32.3972   -94.5440    605.9    526.2    538.6
68802.0  32.3971   -94.5427    604.7    524.1    540.5
68803.0  32.3971   -94.5415    604.0    523.5    541.2
68804.0  32.3971   -94.5403    602.8    521.9    535.4
68805.0  32.3971   -94.5390    601.4    520.6    537.3
68806.0  32.3971   -94.5378    599.9    519.5    535.1
68807.0  32.3971   -94.5366    600.1    519.9    533.8
68808.0  32.3971   -94.5354    601.4    521.8    536.1
68809.0  32.3971   -94.5341    602.9    522.1    540.1
68810.0  32.3971   -94.5329    604.6    524.0    543.8
68811.0  32.3971   -94.5317    605.9    524.5    543.8
68812.0  32.3971   -94.5304    605.9    524.2    544.0
68813.0  32.3971   -94.5292    604.7    522.2    545.6
68814.0  32.3971   -94.5280    604.2    522.0    543.1
68815.0  32.3971   -94.5267    602.9    521.3    539.0
68816.0  32.3971   -94.5255    602.3    521.6    536.3
68817.0  32.3971   -94.5243    601.2    522.0    540.3
68818.0  32.3971   -94.5230    601.0    520.3    540.1
68819.0  32.3971   -94.5218    599.8    519.7    538.0
68820.0  32.3972   -94.5206    599.8    519.5    533.7
68821.0  32.3972   -94.5194    599.5    519.8    533.1
68822.0  32.3972   -94.5181    598.6    518.4    538.8
68823.0  32.3972   -94.5169    598.6    516.9    539.0
68824.0  32.3972   -94.5157    598.6    516.6    538.4
68825.0  32.3972   -94.5145    598.6    517.8    540.5
68826.0  32.3973   -94.5132    598.6    516.3    539.2
68827.0  32.3973   -94.5120    598.6    517.1    536.6
68828.0  32.3973   -94.5108    599.2    517.0    533.9
68829.0  32.3973   -94.5095    599.8    517.6    529.0
68830.0  32.3974   -94.5083    599.9    518.3    534.8
68831.0  32.3974   -94.5071    599.8    517.8    531.7
68832.0  32.3974   -94.5059    599.8    518.7    532.1
68833.0  32.3974   -94.5047    600.7    517.9    534.8
68834.0  32.3974   -94.5034    602.7    521.4    538.3
68835.0  32.3975   -94.5022    604.9    523.9    547.2
68836.0  32.3975   -94.5010    606.7    526.5    547.1
68837.0  32.3975   -94.4998    608.6    527.7    548.4
68838.0  32.3975   -94.4986    609.6    529.2    547.1
68839.0  32.3975   -94.4974    609.6    530.1    551.5
68840.0  32.3975   -94.4961    608.9    527.8    546.0
68841.0  32.3976   -94.4949    607.6    525.3    544.8
68842.0  32.3976   -94.4937    606.0    525.4    537.3
68843.0  32.3976   -94.4925    604.6    523.5    531.7
68844.0  32.3976   -94.4912    603.5    522.4    533.3
68845.0  32.3976   -94.4900    602.5    522.5    535.0
68846.0  32.3977   -94.4888    601.7    521.7    532.7
68847.0  32.3977   -94.4876    600.5    520.0    530.2
68848.0  32.3977   -94.4864    599.8    521.4    529.1
68849.0  32.3977   -94.4852    599.8    521.5    529.1
68850.0  32.3977   -94.4839    599.8    520.8    527.5
68851.0  32.3977   -94.4827    599.8    520.3    528.7
68852.0  32.3977   -94.4815    599.0    518.3    530.9
68853.0  32.3978   -94.4803    598.6    517.0    531.0
68854.0  32.3978   -94.4791    598.2    517.4    526.6
68855.0  32.3978   -94.4779    597.6    516.1    529.3
68856.0  32.3978   -94.4766    599.0    517.3    529.5
68857.0  32.3978   -94.4754    600.3    519.1    530.5
68858.0  32.3978   -94.4742    601.7    518.3    542.2
68859.0  32.3978   -94.4730    603.4    520.6    545.1
68860.0  32.3979   -94.4718    605.3    523.7    533.4
68861.0  32.3979   -94.4706    606.9    526.6    533.8
68862.0  32.3979   -94.4694    607.9    527.0    535.2
68863.0  32.3979   -94.4681    609.3    528.7    534.6
68864.0  32.3980   -94.4669    611.0    529.8    537.8
68865.0  32.3980   -94.4657    612.0    529.7    539.1
68866.0  32.3980   -94.4645    612.0    531.2    542.9
68867.0  32.3980   -94.4633    612.0    530.5    546.7
68868.0  32.3980   -94.4621    611.0    529.5    541.9
68869.0  32.3980   -94.4608    610.8    527.9    544.4
68870.0  32.3980   -94.4596    609.8    529.1    539.6
68871.0  32.3980   -94.4584    608.9    527.8    539.1
68872.0  32.3981   -94.4572    607.6    526.5    539.2
68873.0  32.3981   -94.4559    606.4    525.1    536.7
68874.0  32.3981   -94.4547    605.9    524.8    536.2
68875.0  32.3981   -94.4535    604.3    523.0    537.2
68876.0  32.3981   -94.4522    602.8    521.6    525.9
68877.0  32.3981   -94.4510    601.3    519.3    531.6
68878.0  32.3981   -94.4498    599.9    517.5    526.4
68879.0  32.3981   -94.4486    598.8    516.7    524.4
68880.0  32.3981   -94.4473    597.4    514.9    527.4
68881.0  32.3981   -94.4461    597.4    512.4    530.1
68882.0  32.3981   -94.4449    597.5    515.9    529.9
68883.0  32.3981   -94.4436    598.6    516.2    526.4
68884.0  32.3981   -94.4424    599.7    517.6    527.1
68885.0  32.3981   -94.4412    599.8    517.0    526.6
68886.0  32.3981   -94.4399    599.6    516.6    526.8
68887.0  32.3981   -94.4387    599.8    518.3    528.0
68888.0  32.3981   -94.4375    600.8    518.9    532.5
68889.0  32.3981   -94.4363    601.8    520.4    527.2
68890.0  32.3981   -94.4350    602.7    521.6    523.6
68891.0  32.3981   -94.4338    603.5    519.9    530.9
68892.0  32.3981   -94.4326    603.5    521.2    535.4
68893.0  32.3981   -94.4314    603.5    521.6    526.5
68894.0  32.3981   -94.4301    602.7    522.1    529.0
68895.0  32.3981   -94.4289    602.6    521.6    531.3
68896.0  32.3981   -94.4277    603.5    522.0    527.9
68897.0  32.3981   -94.4265    603.9    522.8    526.6
68898.0  32.3981   -94.4252    605.2    524.4    529.0
68899.0  32.3981   -94.4240    606.3    524.5    529.8
68900.0  32.3982   -94.4228    607.2    523.9    533.1
68901.0  32.3982   -94.4216    607.9    525.2    529.8
68902.0  32.3982   -94.4203    607.6    525.3    536.1
68903.0  32.3982   -94.4191    608.1    526.2    534.7
68904.0  32.3982   -94.4179    608.4    527.0    536.5
68905.0  32.3982   -94.4166    608.3    526.6    536.4
68906.0  32.3982   -94.4154    607.2    526.9    538.7
68907.0  32.3982   -94.4142    607.2    526.0    548.3
68908.0  32.3982   -94.4129    606.3    524.7    544.6
68909.0  32.3982   -94.4117    605.9    525.3    542.9
68910.0  32.3982   -94.4105    605.0    524.2    540.9
68911.0  32.3982   -94.4092    604.3    523.2    540.0
68912.0  32.3982   -94.4080    603.2    522.6    536.6
68913.0  32.3983   -94.4068    602.2    520.7    542.7
68914.0  32.3983   -94.4055    601.1    519.7    539.9
68915.0  32.3983   -94.4043    601.1    519.6    534.3
68916.0  32.3983   -94.4030    601.1    520.0    536.9
68917.0  32.3983   -94.4018    599.9    519.5    532.1
68918.0  32.3983   -94.4006    599.9    519.1    528.4
68919.0  32.3983   -94.3993    599.8    519.0    521.7
68920.0  32.3983   -94.3981    599.8    518.2    523.9
68921.0  32.3983   -94.3969    599.8    518.1    515.3
68922.0  32.3983   -94.3956    599.1    518.0    516.2
68923.0  32.3983   -94.3944    598.6    517.7    517.5
68924.0  32.3983   -94.3932    598.6    517.0    522.8
68925.0  32.3983   -94.3919    598.6    516.0    521.9
68926.0  32.3983   -94.3907    598.6    515.5    528.3
68927.0  32.3983   -94.3895    599.1    517.3    520.5
68928.0  32.3983   -94.3882    599.8    517.2    523.4
68929.0  32.3983   -94.3870    599.8    518.0    526.6
68930.0  32.3983   -94.3858    600.0    518.7    523.7
68931.0  32.3983   -94.3845    601.1    519.3    517.9
68932.0  32.3983   -94.3833    601.7    520.4    516.6
68933.0  32.3983   -94.3821    603.2    520.8    523.5
68934.0  32.3983   -94.3809    605.4    523.6    531.9
68935.0  32.3983   -94.3796    606.5    524.4    531.7
68936.0  32.3983   -94.3784    608.0    527.0    534.8
68937.0  32.3983   -94.3772    609.5    528.7    533.6
68938.0  32.3983   -94.3760    610.6    530.6    536.6
68939.0  32.3983   -94.3747    610.8    531.6    532.8
68940.0  32.3983   -94.3735    610.8    531.4    529.9
68941.0  32.3983   -94.3723    610.4    531.9    518.1
68942.0  32.3983   -94.3710    608.8    529.3    517.8
68943.0  32.3983   -94.3698    606.6    526.3    516.9
68944.0  32.3983   -94.3686    604.7    523.8    519.5
68945.0  32.3983   -94.3673    602.8    523.0    516.8
68946.0  32.3983   -94.3661    600.9    519.6    516.9
68947.0  32.3983   -94.3649    599.4    517.8    518.7
68948.0  32.3983   -94.3636    598.2    516.4    516.0
68949.0  32.3983   -94.3624    597.4    515.5    514.9
68950.0  32.3983   -94.3612    598.2    516.3    514.9
68951.0  32.3983   -94.3599    598.6    515.5    515.6
68952.0  32.3982   -94.3587    598.6    514.7    510.9
68953.0  32.3982   -94.3575    598.6    514.4    519.6
68954.0  32.3982   -94.3562    597.8    515.3    520.7
68955.0  32.3982   -94.3550    597.4    514.7    525.9
68956.0  32.3982   -94.3538    597.4    515.0    521.2
68957.0  32.3982   -94.3526    598.3    514.9    523.5
68958.0  32.3982   -94.3513    597.8    516.2    516.6
68959.0  32.3982   -94.3501    598.1    516.7    518.7
68960.0  32.3982   -94.3489    599.7    518.7    518.4
68961.0  32.3982   -94.3477    601.4    518.5    517.1
68962.0  32.3981   -94.3464    602.5    520.9    522.1
68963.0  32.3981   -94.3452    603.7    521.6    521.8
68964.0  32.3981   -94.3440    604.7    523.2    527.3
68965.0  32.3981   -94.3428    605.0    524.3    529.2
68966.0  32.3981   -94.3416    605.9    524.9    527.6
68967.0  32.3981   -94.3404    605.2    524.4    530.8
68968.0  32.3981   -94.3391    604.7    524.5    535.7
68969.0  32.3981   -94.3379    604.7    524.8    540.3
68970.0  32.3981   -94.3367    605.8    526.4    538.6
68971.0  32.3981   -94.3355    605.9    526.9    530.4
68972.0  32.3980   -94.3343    604.7    525.6    534.0
68973.0  32.3980   -94.3330    604.2    524.1    535.2
68974.0  32.3980   -94.3318    603.5    523.0    536.2
68975.0  32.3980   -94.3306    603.0    520.6    540.5
68976.0  32.3980   -94.3294    602.3    521.2    540.6
68977.0  32.3980   -94.3282    602.3    520.2    540.0
68978.0  32.3980   -94.3269    602.9    520.4    537.4
68979.0  32.3980   -94.3257    603.5    520.4    534.1
68980.0  32.3980   -94.3245    603.5    521.1    538.0
68981.0  32.3980   -94.3233    604.5    522.2    535.5
68982.0  32.3980   -94.3221    604.7    522.5    543.9
68983.0  32.3979   -94.3208    604.7    522.9    543.8
68984.0  32.3979   -94.3196    603.7    522.7    542.2
68985.0  32.3979   -94.3184    602.6    520.4    539.3
68986.0  32.3979   -94.3172    601.2    519.4    541.6
68987.0  32.3979   -94.3159    599.9    517.8    539.8
68988.0  32.3979   -94.3147    599.8    517.0    534.1
68989.0  32.3980   -94.3135    598.7    515.9    530.9
68990.0  32.3980   -94.3123    599.0    514.6    530.3
68991.0  32.3980   -94.3111    600.4    516.2    533.0
68992.0  32.3980   -94.3098    602.0    519.3    538.3
68993.0  32.3981   -94.3086    603.4    521.0    534.9
68994.0  32.3981   -94.3074    604.7    522.7    541.5
68995.0  32.3981   -94.3062    604.8    524.2    540.5
68996.0  32.3982   -94.3049    605.9    524.6    544.1
68997.0  32.3982   -94.3037    605.9    526.3    544.5
68998.0  32.3983   -94.3025    605.9    526.7    545.1
68999.0  32.3983   -94.3013    606.6    526.4    540.6
69000.0  32.3984   -94.3001    607.2    526.8    535.4
69001.0  32.3984   -94.2988    607.2    527.9    530.9
69002.0  32.3985   -94.2976    607.2    526.5    533.7
69003.0  32.3985   -94.2964    607.2    526.6    527.0
69004.0  32.3986   -94.2952    606.2    526.0    523.9
69005.0  32.3986   -94.2940    605.3    525.7    526.8
69006.0  32.3986   -94.2927    604.1    525.3    527.8
69007.0  32.3986   -94.2915    602.8    523.4    524.2
69008.0  32.3986   -94.2903    601.6    521.7    519.7
69009.0  32.3986   -94.2891    601.1    521.8    515.7
69010.0  32.3986   -94.2879    600.6    520.3    515.0
69011.0  32.3986   -94.2866    599.8    520.1    506.2
69012.0  32.3986   -94.2854    599.8    519.4    508.8
69013.0  32.3986   -94.2842    599.8    519.1    503.9
69014.0  32.3986   -94.2830    600.6    519.1    510.7
69015.0  32.3986   -94.2818    601.1    520.2    513.9
69016.0  32.3986   -94.2806    601.1    520.4    514.6
69017.0  32.3986   -94.2793    601.1    519.6    511.5
69018.0  32.3986   -94.2781    600.8    520.2    513.7
69019.0  32.3986   -94.2769    601.1    519.6    516.3
69020.0  32.3986   -94.2757    601.1    516.6    507.2
69021.0  32.3986   -94.2745    601.1    517.9    509.7
69022.0  32.3986   -94.2733    602.2    518.4    509.7
69023.0  32.3986   -94.2721    603.2    520.1    506.8
69024.0  32.3986   -94.2709    604.0    521.0    509.5
69025.0  32.3986   -94.2696    604.7    521.6    510.7
69026.0  32.3986   -94.2684    603.9    520.1    510.5
69027.0  32.3986   -94.2672    603.5    521.8    516.3
69028.0  32.3986   -94.2660    603.5    521.9    513.4
69029.0  32.3985   -94.2648    603.1    520.8    511.9
69030.0  32.3985   -94.2636    602.3    520.7    511.9
69031.0  32.3985   -94.2624    602.2    520.2    514.1
69032.0  32.3985   -94.2612    601.1    520.3    514.1
69033.0  32.3985   -94.2599    600.9    518.2    513.9
69034.0  32.3985   -94.2587    599.8    517.6    512.1
69035.0  32.3985   -94.2575    600.7    518.2    509.5
69036.0  32.3985   -94.2563    601.4    521.3    508.2
69037.0  32.3985   -94.2551    602.5    521.2    509.1
69038.0  32.3986   -94.2539    603.8    522.3    512.4
69039.0  32.3986   -94.2527    605.3    523.2    518.5
69040.0  32.3986   -94.2515    607.0    525.1    522.8
69041.0  32.3986   -94.2503    608.4    527.7    522.0
69042.0  32.3986   -94.2490    609.4    530.3    523.9
69043.0  32.3986   -94.2478    609.6    530.2    526.8
69044.0  32.3986   -94.2466    609.6    529.5    525.7
69045.0  32.3986   -94.2454    609.6    529.0    527.8
69046.0  32.3986   -94.2442    608.9    529.1    525.9
69047.0  32.3986   -94.2430    607.6    527.8    525.2
69048.0  32.3986   -94.2417    605.6    525.2    526.6
69049.0  32.3987   -94.2405    603.8    522.5    523.7
69050.0  32.3987   -94.2393    602.3    521.2    520.6
69051.0  32.3987   -94.2381    603.1    522.3    522.5
69052.0  32.3987   -94.2368    602.8    521.9    517.8
69053.0  32.3987   -94.2356    602.3    521.3    515.6
69054.0  32.3987   -94.2344    601.2    519.3    512.7
69055.0  32.3988   -94.2331    600.6    518.6    513.1
69056.0  32.3988   -94.2319    599.8    518.7    512.1
69057.0  32.3988   -94.2307    598.9    517.1    505.7
69058.0  32.3988   -94.2295    598.6    517.1    505.3
69059.0  32.3988   -94.2282    597.5    516.1    502.9
69060.0  32.3988   -94.2270    597.4    516.3    506.3
