flight/WP3D/AircraftPos_NP3_20130618_RA.ict
38  1001
Ken Aikin
NOAA ESRL Chemical Sciences Division
various aircraft sensors
SENEX 2013
1  1
2013  06  18  2013  06  18
1
AOCTimewave
5
1  1  1  1  1 
-9999  -9999  -9999  -9999  -9999
GpsLat  deg
GpsLon  deg
GpsAlt  m
PAlt  m
RAlt  m
1
SPECIAL COMMENTS:Aborted St. Louis flight. Flaps light came on.
18
PI_CONTACT_INFO: Address: NOAA ESRL Chemical Sciences Division  Mail Stop R/CSD7  325 Broadway  Boulder  CO 80305
PLATFORM: NOAA WP-3D
LOCATION: The aircraft was stationed in Smyrna  Tennessee. Aircraft location information in AircraftPosition file.
ASSOCIATED_DATA: N/A
INSTRUMENT_INFO: N/A
DATA_INFO: Units:GpsLat:decimal degrees; GpsLon: decimal degrees; GpsAlt: meters; PAlt:meters; RAlt: meters.
UNCERTAINTY: N/A
ULOD_FLAG: -7777
ULOD_VALUE: N/A
LLOD_FLAG: -8888
LLOD_VALUE: N/A
DM_CONTACT_INFO: Data Manager:Ken Aikin; email:Kenneth.C.Aikin@noaa.gov
PROJECT_INFO: SENEX 2013 Study; June 1 - July 15  2013
STIPULATIONS_ON_USE: Use of these data require prior ok from PI.
OTHER_COMMENTS:       None
REVISION: RA
RA: Preliminary Data.  For in-field use.
AOCTimewave  GpsLat  GpsLon  GpsAlt  PAlt  RAlt
[from data line 3196]
81992.0  36.1239   -86.8915   1265.5   1197.9   1151.3
81993.0  36.1237   -86.8905   1265.5   1198.0   1149.8
81994.0  36.1235   -86.8895   1265.5   1199.3   1159.9
81995.0  36.1232   -86.8885   1266.8   1200.0   1160.4
81996.0  36.1229   -86.8875   1268.0   1200.2   1160.5
81997.0  36.1226   -86.8865   1268.0   1200.5   1152.6
81998.0  36.1222   -86.8855   1268.0   1200.6   1154.4
81999.0  36.1218   -86.8846   1269.1   1200.8   1162.2
82000.0  36.1213   -86.8837   1270.4   1200.3   1159.0
82001.0  36.1208   -86.8828   1269.8   1199.5   1155.6
82002.0  36.1203   -86.8820   1269.2   1198.8   1150.5
82003.0  36.1198   -86.8811   1268.0   1198.4   1137.8
82004.0  36.1192   -86.8803   1267.5   1198.0   1134.5
82005.0  36.1185   -86.8796   1266.7   1196.2   1137.7
82006.0  36.1179   -86.8789   1265.6   1196.5   1129.0
82007.0  36.1172   -86.8782   1265.1   1197.2   1119.8
82008.0  36.1165   -86.8775   1264.3   1196.0   1125.0
82009.0  36.1158   -86.8770   1264.0   1195.2   1128.1
82010.0  36.1150   -86.8764   1263.1   1194.6   1122.7
82011.0  36.1142   -86.8759   1263.1   1195.6   1126.5
82012.0  36.1134   -86.8755   1262.3   1193.0   1131.2
82013.0  36.1126   -86.8751   1261.9   1191.2   1134.0
82014.0  36.1117   -86.8747   1261.2   1190.4   1130.5
82015.0  36.1109   -86.8744   1260.8   1191.2   1129.5
82016.0  36.1100   -86.8742   1261.9   1191.7   1130.2
82017.0  36.1092   -86.8740   1261.9   1193.1   1144.8
82018.0  36.1083   -86.8739   1261.9   1193.2   1140.6
82019.0  36.1074   -86.8738   1261.9   1193.5   1138.0
82020.0  36.1065   -86.8738   1261.9   1193.8   1133.4
82021.0  36.1057   -86.8738   1261.9   1195.4   1132.0
82022.0  36.1048   -86.8739   1262.9   1195.8   1144.0
82023.0  36.1039   -86.8741   1263.1   1195.9   1149.4
82024.0  36.1030   -86.8743   1263.6   1194.6   1155.7
82025.0  36.1022   -86.8745   1264.3   1195.4   1135.7
82026.0  36.1013   -86.8748   1264.3   1196.8   1144.1
82027.0  36.1005   -86.8752   1264.3   1197.4   1153.2
82028.0  36.0997   -86.8756   1264.3   1197.4   1140.1
82029.0  36.0989   -86.8760   1264.3   1196.6   1134.6
82030.0  36.0981   -86.8765   1265.0   1196.4   1131.6
82031.0  36.0974   -86.8771   1265.5   1197.3   1141.0
82032.0  36.0966   -86.8777   1265.5   1198.8   1131.3
82033.0  36.0959   -86.8783   1265.5   1197.9   1128.4
82034.0  36.0953   -86.8790   1265.5   1197.3   1126.4
82035.0  36.0946   -86.8797   1265.5   1196.0   1139.2
82036.0  36.0940   -86.8805   1265.5   1196.5   1142.0
82037.0  36.0934   -86.8813   1264.3   1195.6   1127.0
82038.0  36.0928   -86.8821   1264.3   1194.8   1138.7
82039.0  36.0923   -86.8830   1264.3   1195.5   1137.7
82040.0  36.0919   -86.8839   1264.3   1195.8   1133.9
82041.0  36.0914   -86.8848   1264.6   1197.3   1134.8
82042.0  36.0910   -86.8858   1265.5   1197.7   1121.0
82043.0  36.0907   -86.8868   1265.5   1196.6   1113.9
82044.0  36.0904   -86.8878   1265.5   1197.3   1105.3
82045.0  36.0901   -86.8888   1265.5   1196.7   1108.1
82046.0  36.0899   -86.8898   1265.5   1195.7   1109.4
82047.0  36.0897   -86.8909   1265.4   1196.8   1107.3
82048.0  36.0895   -86.8919   1264.3   1196.7   1107.8
82049.0  36.0894   -86.8930   1264.3   1196.7   1107.8
82050.0  36.0894   -86.8940   1264.3   1196.9   1106.6
82051.0  36.0894   -86.8951   1264.3   1197.3   1100.3
82052.0  36.0894   -86.8961   1264.3   1197.0   1108.5
82053.0  36.0895   -86.8972   1264.3   1197.8   1096.9
82054.0  36.0896   -86.8982   1264.5   1198.1   1092.6
82055.0  36.0897   -86.8993   1265.5   1197.5   1081.8
82056.0  36.0899   -86.9003   1265.4   1197.8   1082.3
82057.0  36.0901   -86.9013   1264.3   1198.1   1077.9
82058.0  36.0902   -86.9024   1263.4   1196.0   1064.5
82059.0  36.0904   -86.9034   1263.1   1196.5   1059.4
82060.0  36.0906   -86.9044   1262.0   1196.5   1035.7
82061.0  36.0908   -86.9054   1261.9   1197.0   1032.7
82062.0  36.0910   -86.9065   1261.9   1196.6   1034.4
82063.0  36.0912   -86.9075   1261.9   1195.1   1016.2
82064.0  36.0914   -86.9085   1261.9   1193.5   1014.4
82065.0  36.0916   -86.9096   1261.9   1194.8   1010.7
82066.0  36.0918   -86.9106   1261.9   1194.4   1006.6
82067.0  36.0920   -86.9116   1262.0   1193.6   1020.5
82068.0  36.0922   -86.9127   1263.1   1194.5   1015.4
82069.0  36.0923   -86.9137   1263.1   1196.5   1018.2
82070.0  36.0925   -86.9147   1264.3   1196.2   1021.3
82071.0  36.0927   -86.9158   1264.3   1197.7   1017.7
82072.0  36.0929   -86.9168   1265.4   1199.5   1021.5
82073.0  36.0931   -86.9179   1265.5   1200.3   1014.6
82074.0  36.0933   -86.9189   1266.6   1199.7   1017.5
82075.0  36.0935   -86.9199   1266.7   1200.5   1022.0
82076.0  36.0937   -86.9210   1266.9   1199.7   1034.4
82077.0  36.0939   -86.9220   1268.0   1200.1   1057.2
82078.0  36.0941   -86.9230   1268.0   1199.4   1062.6
82079.0  36.0943   -86.9241   1268.0   1199.8   1070.3
82080.0  36.0945   -86.9251   1268.0   1199.1   1090.2
82081.0  36.0947   -86.9261   1268.0   1200.6   1097.9
82082.0  36.0949   -86.9272   1268.0   1200.1   1111.2
82083.0  36.0951   -86.9282   1267.3   1199.9   1103.8
82084.0  36.0953   -86.9292   1266.7   1199.6   1097.8
82085.0  36.0955   -86.9303   1266.5   1199.1   1100.8
82086.0  36.0957   -86.9313   1265.5   1199.8   1105.1
82087.0  36.0960   -86.9324   1264.9   1199.1   1101.7
82088.0  36.0962   -86.9334   1264.3   1198.1   1099.1
82089.0  36.0964   -86.9344   1264.3   1199.0   1090.1
82090.0  36.0966   -86.9355   1264.3   1198.1   1096.7
82091.0  36.0968   -86.9365   1264.3   1197.0   1095.2
82092.0  36.0970   -86.9376   1264.3   1196.9   1098.8
82093.0  36.0972   -86.9386   1264.8   1196.4   1091.4
82094.0  36.0975   -86.9396   1265.5   1198.3   1068.5
82095.0  36.0977   -86.9407   1265.5   1197.8   1047.6
82096.0  36.0979   -86.9417   1265.5   1197.4   1027.7
82097.0  36.0981   -86.9428   1265.5   1197.1   1026.3
82098.0  36.0983   -86.9438   1265.5   1197.3   1031.3
82099.0  36.0985   -86.9449   1266.5   1197.2   1040.4
82100.0  36.0987   -86.9459   1266.0   1195.6   1039.2
82101.0  36.0989   -86.9470   1266.3   1198.4   1028.0
82102.0  36.0991   -86.9480   1266.7   1197.3   1026.4
82103.0  36.0994   -86.9491   1266.7   1199.0   1027.2
82104.0  36.0996   -86.9501   1266.7   1198.8   1028.5
82105.0  36.0998   -86.9511   1266.7   1199.5   1036.9
82106.0  36.1000   -86.9522   1266.7   1198.7   1044.9
82107.0  36.1002   -86.9532   1266.7   1198.0   1053.0
82108.0  36.1004   -86.9543   1266.7   1198.3   1065.6
82109.0  36.1006   -86.9554   1266.7   1199.0   1065.8
82110.0  36.1008   -86.9564   1266.7   1199.4   1078.0
82111.0  36.1010   -86.9575   1267.5   1199.4   1073.0
82112.0  36.1012   -86.9585   1267.2   1199.2   1079.2
82113.0  36.1014   -86.9596   1268.0   1199.2   1076.7
82114.0  36.1016   -86.9606   1268.0   1198.8   1067.8
82115.0  36.1018   -86.9617   1268.0   1199.3   1072.3
82116.0  36.1020   -86.9628   1268.0   1199.4   1071.2
82117.0  36.1021   -86.9638   1268.0   1199.3   1054.1
82118.0  36.1023   -86.9649   1268.0   1198.9   1060.5
82119.0  36.1025   -86.9660   1267.8   1199.9   1067.8
82120.0  36.1027   -86.9670   1266.7   1199.0   1073.4
82121.0  36.1029   -86.9681   1266.7   1199.3   1060.5
82122.0  36.1031   -86.9692   1266.7   1199.7   1043.0
82123.0  36.1033   -86.9703   1266.1   1199.5   1044.6
82124.0  36.1034   -86.9713   1266.7   1198.4   1048.9
82125.0  36.1036   -86.9724   1266.7   1197.7   1059.1
82126.0  36.1038   -86.9735   1266.7   1198.2   1055.4
82127.0  36.1040   -86.9745   1266.1   1197.1   1064.8
82128.0  36.1042   -86.9756   1265.5   1196.6   1064.6
82129.0  36.1044   -86.9767   1265.5   1197.7   1074.4
82130.0  36.1046   -86.9778   1265.5   1196.5   1082.9
82131.0  36.1048   -86.9788   1265.5   1196.9   1091.4
82132.0  36.1050   -86.9799   1265.5   1197.4   1086.9
82133.0  36.1052   -86.9810   1265.5   1196.9   1088.9
82134.0  36.1054   -86.9820   1266.0   1197.6   1088.0
82135.0  36.1056   -86.9831   1266.7   1196.9   1063.5
82136.0  36.1058   -86.9842   1266.7   1198.3   1059.0
82137.0  36.1060   -86.9852   1266.7   1199.2   1051.5
82138.0  36.1062   -86.9863   1266.7   1198.6   1065.0
82139.0  36.1064   -86.9874   1266.7   1198.1   1083.7
82140.0  36.1066   -86.9884   1266.7   1198.8   1084.9
82141.0  36.1068   -86.9895   1266.7   1199.0   1080.8
82142.0  36.1070   -86.9906   1266.7   1198.3   1087.6
82143.0  36.1072   -86.9916   1266.9   1197.6   1079.2
82144.0  36.1074   -86.9927   1268.0   1197.6   1072.5
82145.0  36.1076   -86.9937   1268.2   1198.8   1066.6
82146.0  36.1078   -86.9948   1269.2   1199.3   1046.6
82147.0  36.1080   -86.9959   1269.2   1198.8   1052.5
82148.0  36.1082   -86.9969   1269.2   1198.1   1036.3
82149.0  36.1084   -86.9980   1269.2   1199.1   1042.5
82150.0  36.1086   -86.9991   1269.2   1198.3   1046.5
82151.0  36.1088   -87.0001   1269.2   1198.3   1043.3
82152.0  36.1091   -87.0012   1269.2   1198.6   1037.7
82153.0  36.1093   -87.0022   1269.2   1199.3   1033.6
82154.0  36.1095   -87.0033   1269.2   1198.1   1028.7
82155.0  36.1097   -87.0044   1269.7   1200.1   1028.6
82156.0  36.1099   -87.0054   1270.4   1198.5   1038.4
82157.0  36.1101   -87.0065   1270.4   1199.5   1045.7
82158.0  36.1103   -87.0076   1270.4   1199.1   1039.4
82159.0  36.1105   -87.0086   1269.4   1199.3   1024.1
82160.0  36.1107   -87.0097   1269.3   1197.3   1010.4
82161.0  36.1109   -87.0108   1269.2   1197.7   1019.7
82162.0  36.1111   -87.0118   1269.2   1198.3   1032.4
82163.0  36.1112   -87.0129   1269.2   1199.0   1037.6
82164.0  36.1114   -87.0140   1269.2   1199.6   1049.7
82165.0  36.1116   -87.0151   1269.2   1199.0   1056.8
82166.0  36.1117   -87.0161   1269.2   1199.9   1063.7
82167.0  36.1119   -87.0172   1269.2   1198.9   1076.1
82168.0  36.1120   -87.0183   1269.2   1199.4   1080.1
82169.0  36.1122   -87.0194   1269.2   1199.9   1080.1
82170.0  36.1123   -87.0205   1269.2   1198.5   1076.1
82171.0  36.1124   -87.0216   1268.4   1197.8   1071.1
82172.0  36.1125   -87.0226   1268.0   1198.2   1061.1
82173.0  36.1127   -87.0237   1268.0   1198.7   1046.5
82174.0  36.1128   -87.0248   1268.0   1198.9   1058.6
82175.0  36.1129   -87.0259   1268.0   1197.6   1056.2
82176.0  36.1130   -87.0270   1268.0   1196.9   1069.2
82177.0  36.1131   -87.0281   1268.0   1198.9   1060.4
82178.0  36.1132   -87.0292   1268.0   1197.7   1055.2
82179.0  36.1133   -87.0303   1268.0   1197.8   1062.4
82180.0  36.1134   -87.0314   1268.0   1198.6   1058.5
82181.0  36.1135   -87.0325   1268.0   1197.4   1051.8
82182.0  36.1136   -87.0335   1268.0   1196.1   1048.7
82183.0  36.1137   -87.0346   1268.0   1197.0   1046.3
82184.0  36.1138   -87.0357   1268.0   1196.3   1058.0
82185.0  36.1138   -87.0368   1268.0   1195.6   1076.0
82186.0  36.1139   -87.0379   1268.0   1197.9   1078.1
82187.0  36.1139   -87.0390   1268.0   1196.1   1088.6
82188.0  36.1140   -87.0401   1268.0   1195.9   1092.8
82189.0  36.1140   -87.0412   1268.0   1198.2   1108.6
82190.0  36.1141   -87.0423   1268.7   1197.6   1104.3
82191.0  36.1141   -87.0434   1269.2   1197.9   1102.3
82192.0  36.1142   -87.0445   1269.2   1198.1   1093.7
82193.0  36.1142   -87.0456   1269.9   1199.7   1094.3
82194.0  36.1143   -87.0467   1270.4   1200.4   1084.8
82195.0  36.1143   -87.0478   1270.4   1200.7   1082.5
82196.0  36.1143   -87.0489   1270.4   1200.6   1084.0
82197.0  36.1144   -87.0500   1270.4   1201.3   1077.2
82198.0  36.1144   -87.0511   1270.4   1199.3   1074.6
82199.0  36.1145   -87.0522   1270.4   1199.6   1070.3
82200.0  36.1145   -87.0533   1270.4   1199.4   1056.9
82201.0  36.1146   -87.0544   1270.4   1199.5   1051.3
82202.0  36.1146   -87.0555   1269.7   1198.6   1067.1
82203.0  36.1146   -87.0566   1269.2   1199.3   1076.1
82204.0  36.1147   -87.0577   1269.2   1199.5   1069.0
82205.0  36.1147   -87.0588   1268.7   1198.6   1068.9
82206.0  36.1148   -87.0599   1268.0   1198.8   1068.0
82207.0  36.1148   -87.0610   1268.0   1197.2   1069.1
82208.0  36.1149   -87.0621   1267.2   1196.8   1068.1
82209.0  36.1149   -87.0632   1266.7   1196.6   1058.7
82210.0  36.1149   -87.0643   1266.7   1196.3   1062.8
82211.0  36.1150   -87.0654   1266.7   1196.6   1061.4
82212.0  36.1150   -87.0665   1266.7   1196.0   1074.5
82213.0  36.1151   -87.0676   1267.6   1197.6   1078.2
82214.0  36.1151   -87.0687   1268.0   1197.4   1101.1
82215.0  36.1152   -87.0698   1268.0   1197.6   1108.9
82216.0  36.1153   -87.0709   1267.4   1197.8   1104.1
82217.0  36.1153   -87.0720   1268.0   1197.8   1107.2
82218.0  36.1154   -87.0731   1268.0   1197.0   1116.7
82219.0  36.1154   -87.0742   1268.0   1196.1   1112.8
82220.0  36.1155   -87.0753   1268.0   1197.1   1096.5
82221.0  36.1156   -87.0764   1268.0   1196.8   1086.6
82222.0  36.1156   -87.0775   1268.0   1197.5   1082.7
82223.0  36.1157   -87.0786   1268.0   1197.9   1081.6
82224.0  36.1157   -87.0797   1268.0   1198.0   1091.5
82225.0  36.1158   -87.0808   1268.0   1199.1   1096.7
82226.0  36.1159   -87.0819   1268.0   1197.5   1096.2
82227.0  36.1159   -87.0830   1268.8   1197.0   1088.4
82228.0  36.1160   -87.0841   1269.2   1196.8   1079.5
82229.0  36.1161   -87.0852   1269.2   1196.6   1074.6
82230.0  36.1162   -87.0863   1269.2   1198.2   1090.2
82231.0  36.1162   -87.0874   1269.2   1198.3   1092.1
82232.0  36.1163   -87.0885   1269.2   1196.7   1087.2
82233.0  36.1164   -87.0896   1269.2   1196.7   1086.1
82234.0  36.1165   -87.0907   1269.2   1198.0   1091.0
82235.0  36.1166   -87.0918   1268.7   1197.5   1092.7
82236.0  36.1166   -87.0929   1268.0   1198.8   1104.6
82237.0  36.1167   -87.0940   1268.0   1197.9   1114.5
82238.0  36.1168   -87.0951   1268.0   1198.0   1126.6
82239.0  36.1169   -87.0962   1268.0   1198.4   1123.6
82240.0  36.1170   -87.0973   1268.3   1197.1   1120.9
82241.0  36.1170   -87.0984   1268.0   1196.3   1112.9
82242.0  36.1171   -87.0995   1268.6   1197.5   1103.3
82243.0  36.1172   -87.1006   1269.2   1197.4   1115.5
82244.0  36.1173   -87.1017   1269.2   1198.6   1120.6
82245.0  36.1174   -87.1028   1269.2   1197.6   1137.5
82246.0  36.1174   -87.1039   1269.2   1196.7   1138.1
82247.0  36.1175   -87.1050   1269.2   1197.2   1133.5
82248.0  36.1176   -87.1061   1269.2   1198.6   1144.0
82249.0  36.1177   -87.1072   1269.2   1197.7   1154.7
82250.0  36.1178   -87.1083   1269.2   1199.2   1160.0
82251.0  36.1179   -87.1094   1269.2   1200.4   1156.3
82252.0  36.1179   -87.1105   1269.2   1198.6   1141.0
82253.0  36.1180   -87.1116   1269.2   1199.9   1151.3
82254.0  36.1181   -87.1127   1269.2   1198.7   1162.8
82255.0  36.1182   -87.1138   1268.4   1197.5   1150.5
82256.0  36.1183   -87.1149   1268.0   1197.1   1129.7
82257.0  36.1184   -87.1159   1268.0   1197.4   1116.0
82258.0  36.1185   -87.1171   1268.0   1197.3   1127.3
82259.0  36.1186   -87.1181   1266.9   1197.2   1114.2
82260.0  36.1187   -87.1192   1266.7   1198.1   1116.4
82261.0  36.1188   -87.1203   1266.7   1195.8   1111.2
82262.0  36.1189   -87.1214   1266.7   1195.1   1112.7
82263.0  36.1189   -87.1225   1265.5   1195.9   1114.0
82264.0  36.1190   -87.1236   1265.5   1193.7   1107.1
82265.0  36.1191   -87.1247   1265.5   1193.9   1110.5
82266.0  36.1192   -87.1258   1264.4   1194.5   1115.7
82267.0  36.1193   -87.1269   1264.3   1195.2   1111.6
82268.0  36.1193   -87.1280   1264.3   1196.5   1115.5
82269.0  36.1194   -87.1291   1264.3   1196.7   1121.0
82270.0  36.1194   -87.1302   1265.1   1195.0   1133.0
82271.0  36.1194   -87.1313   1265.5   1195.5   1119.0
82272.0  36.1195   -87.1324   1265.5   1194.9   1118.6
82273.0  36.1195   -87.1335   1266.0   1196.0   1111.1
82274.0  36.1195   -87.1346   1266.7   1195.7   1111.3
82275.0  36.1195   -87.1357   1266.7   1196.6   1097.7
82276.0  36.1196   -87.1367   1266.9   1197.0   1093.7
82277.0  36.1196   -87.1378   1268.0   1196.1   1091.8
82278.0  36.1196   -87.1389   1268.0   1196.4   1082.9
82279.0  36.1196   -87.1400   1269.2   1197.0   1086.4
82280.0  36.1196   -87.1411   1269.2   1199.2   1087.3
