flight/WP3D/AircraftPos_NP3_20130710_RA.ict
38  1001
Ken Aikin
NOAA ESRL Chemical Sciences Division
various aircraft sensors
SENEX 2013
1  1
2013  07  10  2013  07  12
1
AOCTimewave
5
1  1  1  1  1 
-9999  -9999  -9999  -9999  -9999
GpsLat  deg
GpsLon  deg
GpsAlt  m
PAlt  m
RAlt  m
1
SPECIAL COMMENTS:NC hog farms  and transit to Tampa.
18
PI_CONTACT_INFO: Address: NOAA ESRL Chemical Sciences Division  Mail Stop R/CSD7  325 Broadway  Boulder  CO 80305
PLATFORM: NOAA WP-3D
LOCATION: The aircraft was stationed in Smyrna  Tennessee. Aircraft location information in AircraftPosition file.
ASSOCIATED_DATA: N/A
INSTRUMENT_INFO: N/A
DATA_INFO: Units:GpsLat:decimal degrees; GpsLon: decimal degrees; GpsAlt: meters; PAlt:meters; RAlt: meters.
UNCERTAINTY: N/A
ULOD_FLAG: -7777
ULOD_VALUE: N/A
LLOD_FLAG: -8888
LLOD_VALUE: N/A
DM_CONTACT_INFO: Data Manager:Ken Aikin; email:Kenneth.C.Aikin@noaa.gov
PROJECT_INFO: SENEX 2013 Study; June 1 - July 15  2013
STIPULATIONS_ON_USE: Use of these data require prior ok from PI.
OTHER_COMMENTS:       None
REVISION: RA
RA: Preliminary Data.  For in-field use.
AOCTimewave  GpsLat  GpsLon  GpsAlt  PAlt  RAlt
[from data line 10764]
60799.0  35.4056   -77.6507    509.6    430.5    493.9
60800.0  35.4055   -77.6520    510.6    431.0    500.5
60801.0  35.4055   -77.6532    510.8    432.1    495.3
60802.0  35.4055   -77.6544    511.3    431.5    494.0
60803.0  35.4054   -77.6556    512.1    431.2    496.3
60804.0  35.4054   -77.6568    512.1    432.0    494.1
60805.0  35.4053   -77.6581    512.1    432.1    493.7
60806.0  35.4053   -77.6593    512.1    431.4    495.3
60807.0  35.4052   -77.6605    512.1    431.9    495.8
60808.0  35.4052   -77.6618    511.2    432.1    491.0
60809.0  35.4051   -77.6630    510.7    431.9    492.0
60810.0  35.4051   -77.6642    509.6    430.0    490.8
60811.0  35.4050   -77.6654    509.5    430.0    491.8
60812.0  35.4050   -77.6667    508.4    428.7    489.5
60813.0  35.4050   -77.6679    508.4    428.5    488.3
60814.0  35.4049   -77.6691    508.4    429.3    483.2
60815.0  35.4049   -77.6703    508.4    429.6    482.9
60816.0  35.4048   -77.6716    508.4    429.5    486.0
60817.0  35.4048   -77.6728    508.4    429.6    489.8
60818.0  35.4048   -77.6740    508.4    428.9    484.0
60819.0  35.4047   -77.6753    508.4    429.4    488.0
60820.0  35.4047   -77.6765    507.7    427.9    492.5
60821.0  35.4046   -77.6777    507.2    429.1    489.3
60822.0  35.4045   -77.6789    507.2    428.8    485.5
60823.0  35.4045   -77.6801    507.2    428.7    487.2
60824.0  35.4044   -77.6814    507.2    428.3    488.1
60825.0  35.4043   -77.6826    507.2    427.8    487.7
60826.0  35.4042   -77.6838    507.2    429.1    490.6
60827.0  35.4041   -77.6850    507.9    428.7    489.5
60828.0  35.4040   -77.6862    508.3    428.9    491.3
60829.0  35.4039   -77.6874    507.2    428.8    490.5
60830.0  35.4037   -77.6886    508.4    428.1    481.3
60831.0  35.4036   -77.6898    508.4    428.5    482.3
60832.0  35.4034   -77.6910    509.2    429.5    483.9
60833.0  35.4033   -77.6922    509.6    431.1    487.5
60834.0  35.4031   -77.6934    509.6    431.2    487.3
60835.0  35.4029   -77.6946    509.6    429.8    486.4
60836.0  35.4027   -77.6958    510.1    430.1    484.4
60837.0  35.4026   -77.6970    510.8    429.5    483.5
60838.0  35.4024   -77.6982    510.8    431.3    487.6
60839.0  35.4022   -77.6993    511.8    433.2    489.9
60840.0  35.4020   -77.7005    512.0    432.8    487.0
60841.0  35.4018   -77.7017    510.8    432.3    488.3
60842.0  35.4017   -77.7029    510.8    430.1    486.0
60843.0  35.4015   -77.7041    510.8    431.4    487.8
60844.0  35.4013   -77.7053    510.4    430.8    485.7
60845.0  35.4011   -77.7065    509.6    430.7    487.7
60846.0  35.4009   -77.7077    509.6    429.8    487.0
60847.0  35.4007   -77.7089    509.6    430.1    487.3
60848.0  35.4006   -77.7100    509.4    431.0    484.2
60849.0  35.4004   -77.7112    507.2    430.4    484.1
60850.0  35.4002   -77.7124    507.2    430.4    486.4
60851.0  35.4000   -77.7136    506.1    430.2    486.8
60852.0  35.3998   -77.7148    506.1    430.4    492.7
60853.0  35.3997   -77.7160    507.8    429.3    496.2
60854.0  35.3995   -77.7172    508.4    430.7    488.7
60855.0  35.3993   -77.7184    508.4    431.4    490.9
60856.0  35.3991   -77.7195    508.4    430.6    486.7
60857.0  35.3989   -77.7207    508.9    431.8    483.3
60858.0  35.3987   -77.7219    509.6    432.8    485.1
60859.0  35.3985   -77.7231    508.9    431.4    483.3
60860.0  35.3983   -77.7243    509.5    430.5    486.2
60861.0  35.3981   -77.7255    509.6    431.3    483.6
60862.0  35.3979   -77.7267    509.6    429.7    484.3
60863.0  35.3977   -77.7278    509.6    431.1    485.6
60864.0  35.3975   -77.7290    509.6    431.0    481.1
60865.0  35.3973   -77.7302    509.6    431.2    488.6
60866.0  35.3971   -77.7314    509.6    431.4    492.5
60867.0  35.3969   -77.7326    509.6    433.2    490.5
60868.0  35.3967   -77.7338    509.6    432.9    487.6
60869.0  35.3965   -77.7350    509.6    431.0    484.9
60870.0  35.3964   -77.7362    509.6    430.1    486.8
60871.0  35.3962   -77.7374    509.3    431.7    489.1
60872.0  35.3960   -77.7385    508.4    429.2    491.6
60873.0  35.3958   -77.7397    508.4    429.0    484.1
60874.0  35.3955   -77.7409    508.4    428.4    483.8
60875.0  35.3953   -77.7420    508.4    427.6    481.1
60876.0  35.3950   -77.7432    508.4    428.0    485.6
60877.0  35.3946   -77.7443    509.1    428.1    485.1
60878.0  35.3943   -77.7454    509.6    430.2    485.7
60879.0  35.3939   -77.7465    510.7    433.0    484.8
60880.0  35.3935   -77.7476    510.8    431.0    486.4
60881.0  35.3931   -77.7487    510.8    432.0    485.5
60882.0  35.3927   -77.7498    510.8    431.9    482.3
60883.0  35.3922   -77.7509    510.8    431.8    485.6
60884.0  35.3918   -77.7519    510.8    431.8    483.9
60885.0  35.3913   -77.7529    510.9    431.7    481.6
60886.0  35.3908   -77.7540    512.1    431.5    483.1
60887.0  35.3903   -77.7550    512.1    431.8    483.2
60888.0  35.3898   -77.7560    512.1    433.2    480.9
60889.0  35.3893   -77.7570    512.1    434.0    488.4
60890.0  35.3887   -77.7580    512.1    434.3    487.6
60891.0  35.3882   -77.7590    512.1    433.1    480.7
60892.0  35.3876   -77.7599    512.7    433.5    486.1
60893.0  35.3870   -77.7609    513.3    434.9    487.2
60894.0  35.3864   -77.7619    513.3    433.5    486.9
60895.0  35.3858   -77.7628    513.3    432.9    492.4
60896.0  35.3852   -77.7638    513.3    434.1    483.1
60897.0  35.3846   -77.7647    512.1    433.9    483.1
60898.0  35.3840   -77.7656    512.1    432.5    488.3
60899.0  35.3834   -77.7665    512.1    431.7    484.3
60900.0  35.3828   -77.7675    512.1    432.1    484.0
60901.0  35.3821   -77.7684    512.1    433.5    484.2
60902.0  35.3815   -77.7693    512.1    435.7    483.2
60903.0  35.3808   -77.7702    511.1    434.7    482.5
60904.0  35.3801   -77.7711    510.5    434.1    483.5
60905.0  35.3795   -77.7720    509.6    434.3    487.4
60906.0  35.3788   -77.7728    508.7    432.2    490.0
60907.0  35.3781   -77.7737    507.6    430.8    486.6
60908.0  35.3774   -77.7746    506.7    428.3    486.2
60909.0  35.3767   -77.7754    506.0    426.5    484.1
60910.0  35.3760   -77.7763    505.2    426.8    480.5
60911.0  35.3753   -77.7771    504.7    426.3    479.1
60912.0  35.3746   -77.7779    504.7    427.1    480.6
60913.0  35.3739   -77.7788    504.7    427.3    479.4
60914.0  35.3732   -77.7796    504.7    425.9    481.2
60915.0  35.3725   -77.7804    504.7    425.7    488.3
60916.0  35.3718   -77.7813    504.7    425.5    488.0
60917.0  35.3711   -77.7821    504.7    426.3    485.8
60918.0  35.3703   -77.7829    505.4    427.1    481.4
60919.0  35.3696   -77.7838    506.0    427.8    484.5
60920.0  35.3689   -77.7846    506.0    426.0    484.7
60921.0  35.3682   -77.7854    506.0    426.3    482.9
60922.0  35.3675   -77.7862    506.6    427.2    485.4
60923.0  35.3668   -77.7871    507.2    427.9    482.3
60924.0  35.3661   -77.7879    507.2    427.2    481.6
60925.0  35.3654   -77.7887    507.2    426.9    483.8
60926.0  35.3647   -77.7895    507.7    428.9    482.8
60927.0  35.3639   -77.7903    508.4    430.7    485.1
60928.0  35.3632   -77.7911    508.4    429.5    485.9
60929.0  35.3625   -77.7919    509.3    428.7    483.8
60930.0  35.3618   -77.7928    509.6    428.3    483.1
60931.0  35.3611   -77.7936    509.6    429.7    483.6
60932.0  35.3604   -77.7944    509.5    429.5    487.6
60933.0  35.3597   -77.7952    508.4    429.4    492.3
60934.0  35.3590   -77.7960    508.4    430.4    489.6
60935.0  35.3582   -77.7968    508.4    430.3    487.0
60936.0  35.3575   -77.7976    508.4    431.2    485.2
60937.0  35.3568   -77.7984    508.4    429.9    487.7
60938.0  35.3561   -77.7992    508.4    429.4    489.3
60939.0  35.3554   -77.8000    508.4    429.7    490.4
60940.0  35.3547   -77.8008    509.4    429.2    489.0
60941.0  35.3540   -77.8016    508.4    430.0    488.7
60942.0  35.3532   -77.8025    508.4    430.0    488.0
60943.0  35.3525   -77.8033    509.3    431.5    487.4
60944.0  35.3518   -77.8041    509.6    432.5    487.9
60945.0  35.3511   -77.8049    509.6    432.5    492.4
60946.0  35.3504   -77.8057    509.8    432.9    496.4
60947.0  35.3497   -77.8065    510.8    432.7    492.9
60948.0  35.3490   -77.8073    510.8    432.1    495.1
60949.0  35.3483   -77.8081    510.1    430.7    498.7
60950.0  35.3476   -77.8089    509.8    430.7    498.7
60951.0  35.3469   -77.8097    510.8    431.5    500.5
60952.0  35.3462   -77.8105    510.8    430.6    496.3
60953.0  35.3455   -77.8113    510.8    430.8    500.3
60954.0  35.3447   -77.8122    512.0    432.3    500.4
60955.0  35.3440   -77.8130    512.1    433.1    503.3
60956.0  35.3433   -77.8138    512.1    433.4    502.3
60957.0  35.3426   -77.8146    512.0    433.1    502.7
60958.0  35.3419   -77.8154    510.8    432.3    506.1
60959.0  35.3412   -77.8162    510.8    431.2    503.6
60960.0  35.3405   -77.8170    510.8    431.6    495.4
60961.0  35.3398   -77.8178    510.3    430.6    489.1
60962.0  35.3390   -77.8186    509.2    429.3    486.2
60963.0  35.3383   -77.8194    508.4    429.9    488.6
60964.0  35.3376   -77.8202    508.4    430.1    487.0
60965.0  35.3369   -77.8210    508.4    430.5    487.2
60966.0  35.3362   -77.8218    508.4    430.1    495.8
60967.0  35.3354   -77.8226    508.4    429.0    492.2
60968.0  35.3347   -77.8234    508.4    427.8    487.3
60969.0  35.3340   -77.8242    509.3    430.0    489.1
60970.0  35.3332   -77.8250    509.6    429.2    493.4
60971.0  35.3325   -77.8258    509.6    427.5    488.1
60972.0  35.3318   -77.8266    508.9    429.6    487.7
60973.0  35.3310   -77.8274    508.4    428.5    488.0
60974.0  35.3303   -77.8281    507.5    427.5    483.4
60975.0  35.3296   -77.8289    507.2    427.8    489.0
60976.0  35.3288   -77.8297    507.2    428.5    487.4
60977.0  35.3281   -77.8305    507.2    426.6    480.9
60978.0  35.3273   -77.8312    507.2    426.3    477.5
60979.0  35.3266   -77.8320    506.7    427.6    480.5
60980.0  35.3258   -77.8328    507.2    428.2    484.7
60981.0  35.3251   -77.8335    507.2    426.3    482.9
60982.0  35.3243   -77.8343    507.2    427.0    488.7
60983.0  35.3236   -77.8351    507.2    426.5    487.5
60984.0  35.3228   -77.8358    507.6    428.0    486.2
60985.0  35.3221   -77.8366    508.4    430.2    485.5
60986.0  35.3213   -77.8373    508.6    430.7    491.7
60987.0  35.3206   -77.8381    509.6    431.6    492.9
60988.0  35.3198   -77.8389    509.6    431.9    487.9
60989.0  35.3191   -77.8397    510.1    429.9    487.6
60990.0  35.3183   -77.8404    510.8    430.8    487.3
60991.0  35.3176   -77.8412    510.1    430.3    487.9
60992.0  35.3169   -77.8420    510.3    430.0    484.4
60993.0  35.3161   -77.8427    509.6    431.5    488.4
60994.0  35.3154   -77.8435    509.0    430.9    488.0
60995.0  35.3146   -77.8443    508.4    428.8    490.3
60996.0  35.3139   -77.8450    508.2    429.1    485.6
60997.0  35.3131   -77.8458    507.4    428.7    487.7
60998.0  35.3124   -77.8466    508.4    429.8    490.5
60999.0  35.3116   -77.8473    508.4    430.8    491.4
61000.0  35.3109   -77.8481    508.4    431.4    486.1
61001.0  35.3101   -77.8489    509.1    430.0    483.7
61002.0  35.3094   -77.8497    509.6    430.8    485.0
61003.0  35.3086   -77.8504    510.8    431.0    487.2
61004.0  35.3079   -77.8512    510.8    431.2    491.9
61005.0  35.3071   -77.8520    510.8    432.9    495.5
61006.0  35.3064   -77.8527    510.8    432.5    490.5
61007.0  35.3056   -77.8535    509.9    429.3    491.7
61008.0  35.3049   -77.8543    509.6    429.8    493.3
61009.0  35.3041   -77.8550    509.4    428.9    489.4
61010.0  35.3034   -77.8558    508.4    428.9    490.8
61011.0  35.3026   -77.8565    508.4    428.5    488.4
61012.0  35.3019   -77.8573    507.8    427.3    485.3
61013.0  35.3011   -77.8580    508.4    427.6    486.0
61014.0  35.3004   -77.8588    508.4    427.7    491.5
61015.0  35.2996   -77.8596    508.4    427.3    489.9
61016.0  35.2989   -77.8604    508.4    427.4  -9999.0
61017.0  35.2982   -77.8612    508.4    428.8    501.2
61018.0  35.2976   -77.8621    508.4    428.0    508.5
61019.0  35.2969   -77.8630    509.1    428.6    504.6
61020.0  35.2963   -77.8639    510.1    428.9    503.0
61021.0  35.2958   -77.8649    510.8    432.3    507.7
61022.0  35.2953   -77.8659    510.8    429.8    503.5
61023.0  35.2948   -77.8669    511.9    430.9    502.0
61024.0  35.2943   -77.8679    512.1    431.0    500.4
61025.0  35.2939   -77.8690    512.1    432.8    499.3
61026.0  35.2935   -77.8701    512.6    430.5    499.1
61027.0  35.2932   -77.8712    513.3    433.5    499.4
61028.0  35.2928   -77.8723    513.1    433.5    495.2
61029.0  35.2925   -77.8735    511.8    432.4    495.1
61030.0  35.2922   -77.8746    510.8    430.7    497.8
61031.0  35.2919   -77.8757    509.6    430.3    495.2
61032.0  35.2916   -77.8769    509.5    430.4    496.9
61033.0  35.2913   -77.8780    508.4    429.7    497.0
61034.0  35.2910   -77.8792    507.4    430.0    493.7
61035.0  35.2908   -77.8803    507.2    429.0    496.8
61036.0  35.2905   -77.8815    506.2    427.3    496.5
61037.0  35.2902   -77.8826    506.5    425.9    497.3
61038.0  35.2899   -77.8838    507.2    427.1    499.2
61039.0  35.2896   -77.8849    508.3    428.9    498.9
61040.0  35.2893   -77.8860    507.8    426.8    498.5
61041.0  35.2890   -77.8872    507.2    426.6    499.7
61042.0  35.2887   -77.8883    508.3    429.0    499.0
61043.0  35.2884   -77.8895    509.4    432.2    506.5
61044.0  35.2881   -77.8906    509.6    431.8    502.8
61045.0  35.2878   -77.8918    510.0    430.7    504.5
61046.0  35.2875   -77.8930    511.1    431.6    504.9
61047.0  35.2872   -77.8941    512.1    432.4    509.6
61048.0  35.2869   -77.8953    510.9    430.5    507.2
61049.0  35.2866   -77.8964    510.7    430.0    501.4
61050.0  35.2863   -77.8976    509.6    430.4    504.4
61051.0  35.2860   -77.8987    509.6    429.5    507.3
61052.0  35.2857   -77.8999    509.6    430.2    501.3
61053.0  35.2854   -77.9010    509.6    430.4    497.6
61054.0  35.2851   -77.9022    510.4    431.7    497.2
61055.0  35.2848   -77.9033    510.9    432.8    499.6
61056.0  35.2845   -77.9045    512.1    433.2    504.1
61057.0  35.2842   -77.9057    512.6    435.3    507.9
61058.0  35.2839   -77.9068    513.3    436.4    506.0
61059.0  35.2836   -77.9080    513.3    435.6    509.8
61060.0  35.2833   -77.9091    512.7    433.8    509.1
61061.0  35.2830   -77.9103    511.2    431.7    501.8
61062.0  35.2827   -77.9115    510.2    431.0    503.6
61063.0  35.2824   -77.9126    509.1    431.0    500.9
61064.0  35.2821   -77.9138    507.6    429.2    498.3
61065.0  35.2818   -77.9150    506.2    429.2    496.5
61066.0  35.2815   -77.9161    504.8    427.2    495.6
61067.0  35.2812   -77.9173    503.9    424.9    499.3
61068.0  35.2809   -77.9184    503.5    424.9    499.8
61069.0  35.2806   -77.9196    503.5    424.9    504.4
61070.0  35.2803   -77.9208    503.3    424.3    500.7
61071.0  35.2800   -77.9219    503.0    423.7    496.5
61072.0  35.2797   -77.9231    503.5    424.6    495.2
61073.0  35.2794   -77.9243    503.8    425.7    495.3
61074.0  35.2791   -77.9254    504.7    426.0    494.1
61075.0  35.2788   -77.9266    504.9    425.7    494.7
61076.0  35.2785   -77.9277    506.0    426.9    497.4
61077.0  35.2782   -77.9289    506.0    426.8    501.2
61078.0  35.2779   -77.9301    506.7    428.9    501.5
61079.0  35.2776   -77.9312    507.2    429.1    499.7
61080.0  35.2773   -77.9324    507.2    428.8    498.5
61081.0  35.2770   -77.9335    507.2    427.8    500.0
61082.0  35.2767   -77.9347    507.2    429.1    499.6
61083.0  35.2764   -77.9358    507.2    429.4    497.9
61084.0  35.2761   -77.9370    507.6    428.0    499.1
61085.0  35.2758   -77.9381    508.4    430.4    498.2
61086.0  35.2755   -77.9393    509.4    432.2    501.2
61087.0  35.2752   -77.9404    509.6    432.1    500.5
61088.0  35.2750   -77.9416    509.6    431.0    501.8
