flight/WP3D/AircraftMis_NP3_20130629_RA.ict
41  1001
Ken Aikin
NOAA ESRL Chemical Sciences Division
various aircraft sensors
SENEX 2013
1  1
2013  06  29  2013  06  29
1
AOCTimewave
8
1  1  1  1  1  1  1  1
-9999  -9999  -9999  -9999  -9999  -9999  -9999  -9999
Attack  deg
CabinPrs  mbar
GndSpd  m/s
Heading  deg
Pitch  deg
Roll  deg
Slip  deg
TrueAirSpd  m/s
1
SPECIAL COMMENTS:Birmingham and C-130 intercomparison.
18
PI_CONTACT_INFO: Address: NOAA ESRL Chemical Sciences Division  Mail Stop R/CSD7  325 Broadway  Boulder  CO 80305
PLATFORM: NOAA WP-3D
LOCATION: The aircraft was stationed in  Smyrna  Tennessee. Aircraft location information in AircraftPosition file.
ASSOCIATED_DATA: N/A
INSTRUMENT_INFO: N/A
DATA_INFO: Units: Attack degrees; CabinPrs millibar; GndSpd m/s; Heading degrees; Pitch degrees; Roll degrees; Slip degrees; TrueAirSpd m/s
UNCERTAINTY: N/A
ULOD_FLAG: -7777
ULOD_VALUE: N/A
LLOD_FLAG: -8888
LLOD_VALUE: N/A
DM_CONTACT_INFO: Data Manager:Ken Aikin; email:Kenneth.C.Aikin@noaa.gov
PROJECT_INFO: SENEX 2013 Study; June 1 - July 15  2013
STIPULATIONS_ON_USE: Use of these data require prior ok from PI.
OTHER_COMMENTS:       None
REVISION: RA
RA: Preliminary Data.  For in-field use.
AOCTimewave  Attack  CabinPrs  GndSpd  Heading  Pitch  Roll  Slip  TrueAirSpd
[from data line 2373]
57958.0  4.0  976.9  137.5  113.8  4.51  -27.33  -2.66  123.3
57959.0  3.8  976.8  137.6  112.1  4.65  -27.64  -3.00  123.4
57960.0  3.4  976.8  137.8  110.2  4.42  -28.15  -3.10  123.6
57961.0  3.8  976.2  137.9  107.6  4.71  -29.22  -2.91  123.6
57962.0  4.1  976.2  138.0  104.8  5.16  -29.77  -2.70  123.6
57963.0  4.0  976.4  138.0  102.5  5.42  -28.86  -2.66  123.5
57964.0  3.7  976.2  137.9  100.5  5.43  -28.11  -2.72  123.5
57965.0  3.3  976.3  137.9  98.6  5.14  -27.90  -2.77  123.7
57966.0  3.4  976.4  137.9  96.4  5.15  -29.05  -2.84  123.7
57967.0  3.6  976.4  137.8  94.0  5.43  -31.53  -3.02  123.6
57968.0  3.6  976.4  137.7  91.5  5.48  -32.98  -3.13  123.6
57969.0  3.6  976.2  137.6  88.8  5.29  -33.16  -2.94  123.7
57970.0  3.4  976.2  137.5  86.1  4.81  -32.89  -2.64  123.7
57971.0  3.3  976.1  137.5  83.6  4.40  -32.60  -2.47  123.9
57972.0  3.5  976.5  137.4  81.0  4.45  -32.69  -2.53  124.1
57973.0  3.7  976.5  137.4  78.6  4.76  -32.42  -2.70  124.2
57974.0  3.7  976.2  137.2  76.2  4.85  -31.93  -2.82  124.2
57975.0  3.5  976.1  137.1  73.9  4.63  -31.32  -2.75  124.4
57976.0  3.4  976.1  137.0  71.5  4.35  -30.76  -2.57  124.7
57977.0  3.5  976.3  136.9  69.0  4.39  -30.11  -2.43  124.9
57978.0  3.7  976.2  136.7  66.7  4.59  -28.72  -2.41  125.1
57979.0  3.5  976.3  136.5  64.7  4.70  -28.65  -2.61  125.2
57980.0  3.4  976.4  136.3  62.7  4.73  -29.97  -2.87  125.4
57981.0  3.0  976.5  136.1  60.7  4.21  -29.78  -2.82  125.7
57982.0  2.9  976.4  136.1  58.3  3.57  -29.11  -2.44  126.0
57983.0  3.2  976.5  136.0  55.8  3.45  -29.44  -2.19  126.2
57984.0  3.4  976.3  135.9  53.6  3.72  -29.24  -2.29  126.3
57985.0  3.6  976.4  135.7  51.5  4.18  -27.97  -2.46  126.4
57986.0  3.5  976.4  135.4  49.6  4.38  -26.67  -2.53  126.5
57987.0  3.4  976.4  135.2  47.5  4.45  -26.57  -2.48  126.6
57988.0  3.4  976.2  134.9  45.2  4.49  -27.32  -2.31  126.6
57989.0  3.2  976.5  134.6  43.0  4.27  -27.49  -2.13  126.8
57990.0  3.0  976.3  134.3  41.0  4.06  -27.14  -2.04  127.0
57991.0  2.9  976.4  134.1  39.0  3.78  -26.85  -1.97  127.2
57992.0  3.1  976.2  133.9  36.8  3.84  -27.34  -1.91  127.2
57993.0  3.3  976.4  133.6  34.6  4.13  -28.65  -2.03  127.3
57994.0  3.2  976.7  133.2  32.5  4.17  -30.39  -2.26  127.5
57995.0  3.0  976.2  132.7  30.5  3.95  -32.28  -2.48  127.6
57996.0  3.2  976.3  132.2  28.1  3.96  -33.60  -2.60  127.5
57997.0  3.4  976.3  131.6  25.2  3.89  -34.24  -2.43  127.5
57998.0  3.5  976.3  131.0  22.2  3.70  -34.79  -2.16  127.3
57999.0  3.3  976.2  130.5  19.6  3.27  -34.07  -2.00  127.3
58000.0  3.0  976.3  130.0  17.5  2.63  -30.71  -1.83  127.4
58001.0  2.5  976.5  129.6  15.9  1.61  -24.95  -1.48  127.6
58002.0  2.6  976.4  129.4  14.3  1.20  -17.40  -0.96  127.7
58003.0  2.9  976.4  129.3  13.2  1.32  -10.35  -0.62  127.7
58004.0  2.9  976.6  129.1  13.2  1.39  -5.45  -0.87  127.5
58005.0  3.1  976.6  129.0  13.5  1.80  -4.82  -1.55  127.2
58006.0  3.6  976.6  128.7  13.6  2.77  -6.05  -2.00  126.6
58007.0  3.7  976.4  128.2  13.1  3.37  -7.34  -2.00  126.0
58008.0  3.3  976.2  127.7  12.2  3.22  -6.46  -1.52  125.6
58009.0  3.1  976.2  127.2  11.5  2.99  -4.46  -0.97  125.2
58010.0  3.0  976.4  126.8  11.3  2.92  -2.03  -0.79  124.9
58011.0  3.0  976.2  126.3  11.7  2.89  -2.33  -1.27  124.6
58012.0  3.4  976.5  125.9  12.2  3.51  -5.03  -2.05  124.1
58013.0  3.6  976.6  125.3  12.1  3.98  -7.53  -2.47  123.7
58014.0  3.6  976.5  124.7  11.3  4.15  -8.61  -2.20  123.2
58015.0  3.4  976.3  124.0  10.2  3.87  -6.94  -1.46  122.7
58016.0  2.8  976.0  123.4  9.6  2.85  -1.97  -0.72  122.3
58017.0  2.6  976.3  122.9  9.8  2.04  1.74  -0.60  121.9
58018.0  3.2  976.5  122.5  10.7  2.17  2.60  -1.18  121.5
58019.0  3.7  976.4  122.1  11.8  2.47  4.07  -1.74  120.9
58020.0  4.3  976.6  121.7  12.6  3.18  5.45  -1.81  120.3
58021.0  4.5  976.4  121.3  13.0  3.76  6.45  -1.54  119.5
58022.0  4.0  976.4  120.8  13.7  3.38  8.73  -1.28  119.0
58023.0  4.2  975.9  120.4  14.9  3.57  10.27  -1.34  118.4
58024.0  4.4  976.1  119.9  16.2  3.82  9.83  -1.64  117.7
58025.0  4.6  976.0  119.6  17.5  4.23  8.50  -2.01  117.1
58026.0  4.2  976.7  119.2  18.3  3.96  6.57  -2.18  116.5
58027.0  4.2  976.2  119.0  18.8  4.06  5.05  -2.14  116.0
58028.0  4.4  976.6  118.8  19.2  4.49  5.37  -1.96  115.6
58029.0  4.0  976.2  118.7  19.8  4.01  7.50  -1.77  115.2
58030.0  3.7  976.2  118.8  20.6  3.46  7.97  -1.78  115.1
58031.0  3.7  976.5  119.0  21.5  3.31  7.37  -1.94  114.8
58032.0  3.8  976.8  119.3  22.2  3.19  8.00  -1.88  114.9
58033.0  3.8  976.5  119.7  22.7  3.19  9.29  -1.49  115.0
58034.0  4.1  976.5  120.0  23.5  3.62  9.26  -1.30  115.0
58035.0  4.3  976.4  120.2  24.8  4.02  7.10  -1.83  114.9
58036.0  4.2  976.0  120.4  26.0  4.09  4.44  -2.60  115.1
58037.0  4.1  976.4  120.6  26.5  4.31  2.62  -2.76  115.3
58038.0  3.8  976.3  120.9  26.1  4.06  3.29  -2.04  115.6
58039.0  3.5  976.1  121.1  25.6  3.63  3.71  -1.19  116.1
58040.0  3.5  976.6  121.4  25.7  3.54  2.55  -1.01  116.5
58041.0  3.5  976.5  121.8  26.4  3.49  1.31  -1.47  116.9
58042.0  3.3  976.5  122.1  27.1  3.15  0.59  -1.96  117.3
58043.0  3.5  976.5  122.5  27.4  3.21  0.65  -1.98  117.6
58044.0  3.7  976.5  122.8  27.2  3.57  0.80  -1.62  117.9
58045.0  3.5  976.7  123.1  27.0  3.45  -0.21  -1.38  118.3
58046.0  3.4  976.5  123.3  27.1  3.38  -1.97  -1.53  118.7
58047.0  3.5  976.6  123.6  27.2  3.64  -1.88  -1.74  118.8
58048.0  3.5  976.3  123.8  27.2  3.65  -0.59  -1.65  119.1
58049.0  3.4  976.5  124.1  27.1  3.55  -0.46  -1.47  119.4
58050.0  3.2  976.4  124.3  27.0  3.26  -1.08  -1.41  119.7
58051.0  3.0  976.3  124.6  27.0  2.93  -0.84  -1.44  120.0
58052.0  3.2  976.5  125.0  27.0  3.05  -0.85  -1.43  120.3
58053.0  3.5  976.7  125.3  26.8  3.50  -0.85  -1.26  120.5
58054.0  3.2  976.3  125.6  26.6  3.39  0.54  -0.96  120.9
58055.0  2.9  976.7  126.0  26.7  3.02  0.42  -0.99  121.3
58056.0  2.8  976.7  126.3  27.1  2.83  -1.33  -1.36  121.8
58057.0  3.1  976.5  126.7  27.3  3.19  -2.70  -1.68  122.1
58058.0  3.2  976.6  127.0  27.1  3.41  -2.73  -1.59  122.5
58059.0  2.9  976.6  127.3  26.7  3.08  -1.44  -1.17  122.9
58060.0  2.9  976.3  127.6  26.3  2.98  -0.09  -0.70  123.2
58061.0  3.3  976.3  127.9  26.3  3.67  0.01  -0.74  123.3
58062.0  3.4  976.4  128.0  26.8  4.17  -0.95  -1.33  123.4
58063.0  2.9  976.4  128.2  27.3  3.86  -1.34  -1.74  123.6
58064.0  2.7  976.4  128.4  27.1  3.47  -1.16  -1.56  123.9
58065.0  2.6  976.6  128.6  26.6  3.26  -1.48  -1.14  124.1
58066.0  2.4  976.5  128.9  26.2  2.77  -0.78  -0.78  124.3
58067.0  2.5  976.3  129.2  26.3  2.54  0.05  -0.74  124.7
58068.0  2.9  976.6  129.5  26.7  2.93  -0.68  -1.17  124.9
58069.0  3.0  976.6  129.8  27.2  3.32  -2.58  -1.75  125.0
58070.0  3.0  976.6  130.0  27.2  3.59  -3.86  -1.98  125.2
58071.0  2.8  976.4  130.1  26.7  3.42  -2.91  -1.59  125.5
58072.0  2.5  976.7  130.2  26.1  3.00  -0.76  -0.88  125.7
58073.0  2.3  976.5  130.3  25.9  2.37  1.02  -0.56  126.0
58074.0  2.5  976.6  130.5  26.5  2.29  2.08  -0.91  126.2
58075.0  3.3  976.8  130.5  27.5  3.17  1.08  -1.68  126.1
58076.0  3.4  976.7  130.5  28.2  3.71  -1.35  -2.33  125.9
58077.0  3.3  976.7  130.3  28.0  4.10  -3.80  -2.33  125.8
58078.0  2.9  976.7  130.0  27.2  3.81  -4.09  -1.74  125.7
58079.0  2.4  976.2  129.8  26.5  2.96  -3.00  -1.10  125.8
58080.0  2.3  976.6  129.7  26.4  2.42  -2.05  -0.95  125.7
58081.0  2.6  976.7  129.6  26.7  2.36  -2.02  -1.32  125.5
58082.0  3.0  976.9  129.6  27.2  2.74  -2.74  -1.84  125.3
58083.0  3.2  977.0  129.4  27.3  3.06  -2.74  -2.01  125.1
58084.0  3.0  976.8  129.2  27.0  2.92  -1.42  -1.62  124.9
58085.0  3.2  976.2  129.0  26.6  3.06  -0.75  -1.22  124.6
58086.0  3.3  976.3  128.7  26.7  3.31  -0.67  -1.26  124.2
58087.0  3.2  976.3  128.4  27.2  3.32  -0.29  -1.59  124.0
58088.0  3.1  976.5  128.1  27.5  3.16  0.14  -1.77  123.8
58089.0  3.2  976.2  127.8  27.6  3.21  -0.67  -1.77  123.6
58090.0  3.4  976.3  127.5  27.6  3.51  -2.22  -1.85  123.2
58091.0  3.3  976.9  127.1  27.6  3.49  -3.48  -1.87  122.9
58092.0  3.1  976.9  126.8  27.4  3.20  -3.41  -1.75  122.7
58093.0  3.2  976.6  126.5  27.1  3.10  -2.62  -1.48  122.5
58094.0  3.2  976.5  126.2  27.0  3.07  -2.13  -1.40  122.2
58095.0  3.3  976.5  126.1  27.1  3.11  -1.51  -1.47  122.2
58096.0  3.1  976.2  126.0  27.4  2.85  -0.03  -1.54  122.1
58097.0  3.2  976.7  126.0  27.5  2.88  0.68  -1.52  122.1
58098.0  3.7  976.4  126.0  27.8  3.59  -0.27  -1.72  121.9
58099.0  3.5  976.8  125.9  28.1  3.74  -2.04  -2.05  121.7
58100.0  3.0  976.5  125.9  28.1  3.25  -3.49  -2.15  121.9
58101.0  2.8  976.8  125.9  27.6  2.73  -3.65  -1.76  122.0
58102.0  3.0  976.5  126.1  26.8  2.68  -2.95  -1.18  122.1
58103.0  3.2  976.8  126.2  26.5  2.86  -1.86  -0.93  122.3
58104.0  3.5  976.9  126.2  26.9  3.35  -1.25  -1.30  122.2
58105.0  3.5  977.0  126.2  27.5  3.59  -2.49  -2.02  122.2
58106.0  3.0  976.4  126.2  27.8  3.21  -3.82  -2.35  122.3
58107.0  3.0  976.5  126.3  27.2  3.09  -4.10  -1.98  122.5
58108.0  3.0  976.7  126.3  26.4  2.99  -3.46  -1.33  122.5
58109.0  3.2  976.9  126.4  26.0  3.13  -1.92  -0.94  122.6
58110.0  3.3  976.9  126.5  26.2  3.27  0.08  -1.06  122.6
58111.0  3.2  976.3  126.5  26.8  3.29  1.75  -1.40  122.6
58112.0  3.1  976.6  126.6  27.4  3.17  2.18  -1.68  122.7
58113.0  3.0  976.5  126.8  27.8  2.94  1.10  -1.83  122.8
58114.0  2.8  976.4  126.9  27.9  2.74  -0.91  -1.87  122.8
58115.0  3.0  976.3  127.0  27.7  2.90  -2.85  -1.86  122.9
58116.0  3.4  976.5  127.1  27.4  3.53  -3.73  -1.82  122.8
58117.0  3.0  976.7  127.2  27.1  3.21  -2.84  -1.59  122.7
58118.0  2.8  976.6  127.3  26.7  2.77  -1.71  -1.29  122.9
58119.0  2.9  976.2  127.4  26.6  2.77  -1.98  -1.26  123.0
58120.0  3.0  976.2  127.6  26.8  2.83  -2.41  -1.51  123.2
58121.0  3.0  976.1  127.7  27.0  2.89  -2.18  -1.66  123.4
58122.0  3.1  976.7  127.9  26.9  2.97  -1.21  -1.54  123.6
58123.0  3.2  976.7  128.0  26.8  3.13  0.63  -1.24  123.7
58124.0  3.2  977.1  128.1  27.0  3.26  1.87  -1.09  123.8
58125.0  3.5  976.7  128.0  27.6  3.70  1.59  -1.44  123.8
58126.0  3.3  976.8  127.9  28.2  3.75  -0.13  -1.94  123.6
58127.0  3.0  976.7  127.7  28.2  3.43  -2.17  -1.89  123.6
58128.0  3.1  976.3  127.5  27.7  3.50  -3.41  -1.58  123.4
58129.0  3.1  976.4  127.2  27.3  3.43  -3.92  -1.38  123.1
58130.0  3.1  976.3  127.0  27.1  3.33  -3.30  -1.37  123.0
58131.0  3.1  976.1  126.8  27.2  3.25  -3.21  -1.53  122.7
58132.0  3.1  976.5  126.7  27.3  3.14  -2.32  -1.65  122.8
58133.0  2.8  976.2  126.8  27.2  2.68  -2.36  -1.69  122.8
58134.0  2.9  976.7  126.8  27.1  2.48  -1.72  -1.53  122.9
58135.0  3.2  976.6  126.9  27.0  2.76  -0.90  -1.38  122.9
58136.0  3.3  976.8  127.0  27.1  2.96  -1.29  -1.50  122.8
58137.0  3.3  976.9  127.1  27.3  3.12  -1.94  -1.79  122.8
58138.0  3.1  976.3  127.1  27.4  3.05  -1.87  -1.86  122.8
58139.0  2.8  976.9  127.2  27.2  2.60  -0.92  -1.61  123.0
58140.0  3.0  976.6  127.4  26.9  2.57  0.13  -1.26  123.2
58141.0  3.2  976.4  127.5  27.0  2.89  0.15  -1.30  123.0
58142.0  3.2  976.5  127.6  27.4  3.07  -1.71  -1.76  123.0
58143.0  3.3  976.8  127.7  27.8  3.36  -2.91  -2.16  123.0
58144.0  3.3  976.9  127.7  27.6  3.53  -3.00  -2.06  123.0
58145.0  2.8  976.5  127.7  27.1  2.95  -2.50  -1.52  123.2
58146.0  2.4  976.6  127.8  26.7  2.07  -1.65  -1.12  123.6
58147.0  2.7  976.6  128.0  26.7  1.99  -2.31  -1.22  123.8
58148.0  3.4  976.6  128.2  27.0  2.86  -2.20  -1.62  123.7
58149.0  3.7  976.6  128.2  27.3  3.53  -0.91  -1.93  123.6
58150.0  3.3  976.6  128.3  27.2  3.43  0.19  -1.80  123.6
58151.0  3.0  976.5  128.3  27.0  3.23  -0.33  -1.52  123.7
58152.0  2.5  975.9  128.3  26.9  2.59  -1.27  -1.37  123.8
58153.0  2.5  976.6  128.4  26.9  2.24  -1.59  -1.37  123.9
58154.0  2.9  976.4  128.6  27.0  2.51  -2.54  -1.52  123.9
58155.0  3.2  976.9  128.7  27.1  2.94  -2.23  -1.62  123.9
58156.0  3.4  977.0  128.7  27.1  3.25  -1.92  -1.56  123.7
58157.0  3.1  976.7  128.6  27.1  3.15  -2.41  -1.56  123.8
58158.0  3.1  976.5  128.6  27.1  3.22  -2.22  -1.56  123.7
58159.0  3.0  976.5  128.5  27.0  3.09  -1.61  -1.45  123.7
58160.0  2.8  976.6  128.4  27.0  2.74  -0.93  -1.33  123.7
58161.0  2.8  976.8  128.4  27.1  2.53  -0.53  -1.30  123.8
58162.0  3.1  976.7  128.5  27.3  2.85  -0.90  -1.42  123.8
58163.0  3.5  976.7  128.4  27.5  3.45  -1.11  -1.61  123.5
58164.0  3.4  976.8  128.3  27.6  3.62  -1.12  -1.62  123.4
58165.0  2.9  976.7  128.1  27.6  3.16  -1.47  -1.49  123.4
58166.0  2.7  976.8  128.0  27.5  2.64  -2.55  -1.34  123.6
58167.0  2.9  976.6  128.0  27.5  2.69  -3.88  -1.41  123.6
58168.0  3.2  976.7  127.9  27.5  3.01  -4.68  -1.61  123.4
58169.0  3.4  976.9  127.8  27.3  3.24  -3.54  -1.53  123.3
58170.0  3.3  976.7  127.6  27.0  3.29  -1.71  -1.19  123.3
58171.0  3.3  976.3  127.5  26.9  3.40  -1.64  -1.10  123.2
58172.0  3.4  976.3  127.3  27.1  3.64  -1.96  -1.36  123.2
58173.0  3.1  976.4  127.2  27.5  3.39  -1.58  -1.63  123.2
58174.0  2.9  976.5  127.2  27.5  3.05  -2.35  -1.70  123.3
58175.0  2.7  976.6  127.2  27.4  2.62  -3.13  -1.61  123.5
58176.0  2.7  976.7  127.3  27.1  2.30  -2.83  -1.45  123.6
58177.0  3.2  976.8  127.4  26.9  2.67  -1.18  -1.26  123.6
58178.0  3.5  976.7  127.5  26.9  3.15  -0.08  -1.24  123.5
58179.0  3.3  977.0  127.5  27.1  3.16  -1.25  -1.55  123.5
58180.0  2.8  976.6  127.5  27.4  2.71  -1.86  -1.83  123.7
58181.0  2.7  976.9  127.7  27.2  2.34  -1.91  -1.73  124.0
58182.0  2.8  976.7  127.9  26.7  2.25  -1.98  -1.43  124.1
58183.0  2.8  977.2  128.1  26.4  2.09  -0.37  -1.15  124.2
58184.0  3.0  976.8  128.3  26.4  2.21  0.79  -1.08  124.2
58185.0  3.2  976.8  128.5  26.7  2.65  -0.52  -1.46  124.1
58186.0  3.2  976.3  128.6  27.1  2.91  -1.95  -1.95  124.1
58187.0  2.9  976.8  128.7  27.1  2.67  -1.65  -1.92  124.1
58188.0  2.8  976.8  128.8  26.6  2.53  -1.83  -1.49  124.2
58189.0  2.6  976.6  129.0  26.2  2.22  -2.16  -1.13  124.4
58190.0  2.6  976.7  129.2  26.1  2.02  0.70  -0.89  124.6
58191.0  2.9  976.5  129.4  26.4  2.25  3.65  -0.81  124.6
58192.0  3.1  977.1  129.6  27.1  2.52  3.93  -1.10  124.8
58193.0  3.3  976.8  129.7  28.0  3.11  1.62  -1.72  124.8
58194.0  3.2  977.0  129.7  28.3  3.22  -1.31  -1.91  124.8
58195.0  3.1  976.6  129.6  27.7  3.33  -3.58  -1.37  124.9
58196.0  3.1  976.7  129.3  26.9  3.33  -4.16  -0.84  124.7
58197.0  3.0  976.6  129.0  26.7  3.13  -3.89  -0.79  124.5
58198.0  2.9  976.9  128.8  26.8  2.89  -3.45  -1.11  124.1
58199.0  3.0  976.8  128.7  27.0  2.70  -2.84  -1.38  124.0
58200.0  3.4  976.7  128.5  27.0  3.13  -2.23  -1.38  123.7
58201.0  3.6  976.8  128.3  26.8  3.43  -1.56  -1.18  123.4
58202.0  3.5  976.9  128.1  26.8  3.42  -1.41  -1.23  123.4
58203.0  3.1  976.4  127.9  27.1  3.01  -1.94  -1.93  123.4
58204.0  2.7  976.5  127.9  26.9  2.36  -1.95  -1.77  122.9
58205.0  2.9  976.7  128.0  26.4  2.06  -0.58  -1.39  122.9
58206.0  3.1  976.8  128.1  26.0  2.04  3.11  -0.87  122.8
58207.0  3.3  976.8  128.3  26.3  2.33  4.59  -0.64  122.3
58208.0  3.7  977.0  128.4  27.2  2.90  3.06  -1.36  122.7
58209.0  3.0  977.0  128.5  27.6  2.59  -0.29  -1.74  122.7
58210.0  2.2  976.3  128.7  27.3  1.44  -3.30  -1.71  123.1
58211.0  2.2  976.0  128.9  26.7  1.00  -4.36  -1.28  123.3
58212.0  3.1  976.7  129.1  26.1  1.92  -2.09  -0.80  123.7
58213.0  3.7  976.9  129.2  26.1  2.78  0.07  -0.49  123.3
58214.0  3.7  977.0  129.2  26.8  3.35  0.08  -1.25  123.4
58215.0  3.3  976.7  129.2  27.6  3.23  -0.61  -1.78  123.8
58216.0  3.0  976.5  129.2  27.8  2.91  -1.44  -1.81  124.3
58217.0  3.2  976.2  129.2  27.5  2.95  -2.45  -1.80  124.1
58218.0  3.0  976.9  129.2  27.0  3.00  -2.12  -1.21  124.0
58219.0  2.8  976.9  129.2  26.8  2.73  -1.18  -0.80  124.3
58220.0  2.5  977.2  129.3  27.2  2.34  -1.46  -1.03  124.7
58221.0  2.4  977.2  129.5  27.8  1.98  -1.75  -1.54  125.0
58222.0  2.8  976.9  129.6  28.1  2.36  -2.81  -2.00  124.9
58223.0  3.2  976.9  129.7  27.8  2.97  -3.29  -1.98  124.5
