flight/WP3D/AircraftMet_NP3_20130618_RA.ict
43  1001
Ken Aikin
NOAA ESRL Chemical Sciences Division
various aircraft sensors
SENEX 2013
1  1
2013  06  18  2013  06  18
1
AOCTimewave
10
1  1  1  1  1  1  1  1  1  1
-9999  -9999  -9999  -9999  -9999  -9999  -9999  -9999  -9999  -9999
AmbTemp  C
DewPtTemp  C
DewPtTempTDL  C
H2Omr  g/kg
PotTemp  K
RelHumidity  pct
StaticPrs  mbar
VertWindSpd  m/s
WindDir  deg
WindSpd  m/s
1
SPECIAL COMMENTS:Aborted St. Louis flight. Flaps light came on.
18
PI_CONTACT_INFO: Address: NOAA ESRL Chemical Sciences Division  Mail Stop R/CSD7  325 Broadway  Boulder  CO 80305
PLATFORM: NOAA WP-3D
LOCATION: The aircraft was stationed in  Smyrna  Tennessee. Aircraft location information in AircraftPosition file.
ASSOCIATED_DATA: N/A
INSTRUMENT_INFO: N/A
DATA_INFO: Units:AmbTemp celcius; DewPtTemp celcius; DewPtTempTDL celcius; H2Omr g/kg; PotTemp kelvin; RelHumidity percent; StaticPrs millibar; VertWindSpd m/s; WindDir degrees; WindSpd m/s
UNCERTAINTY: N/A
ULOD_FLAG: -7777
ULOD_VALUE: N/A
LLOD_FLAG: -8888
LLOD_VALUE: N/A
DM_CONTACT_INFO: Data Manager:Ken Aikin; email:Kenneth.C.Aikin@noaa.gov
PROJECT_INFO: SENEX 2013 Study; June 1 - July 15  2013
STIPULATIONS_ON_USE: Use of these data require prior ok from PI.
OTHER_COMMENTS:       None
REVISION: RA
RA: Preliminary Data.  For in-field use.
AOCTimewave  AmbTemp  DewPtTemp  DewPtTempTDL  H2Omr  PotTemp  RelHumidity  StaticPrs  VertWindSpd  WindDir  WindSpd
[from data line 7568]
86364.0  16.880  13.310  -23.940  11.02  301.11  79.09  876.88  1.12  23.45  5.45
86365.0  16.840  13.270  -23.940  10.99  301.06  79.11  876.91  1.11  24.49  5.38
86366.0  16.890  13.250  -23.940  10.98  301.11  78.78  876.96  0.86  20.31  5.24
86367.0  16.840  13.240  -23.940  10.96  301.06  78.93  877.00  1.51  17.69  5.54
86368.0  16.800  13.210  -23.940  10.95  301.01  79.03  876.95  0.99  24.19  5.70
86369.0  16.790  13.210  -23.940  10.94  301.00  79.03  876.96  1.47  21.37  5.07
86370.0  16.790  13.200  -23.940  10.93  301.00  79.00  876.95  1.36  21.22  5.54
86371.0  16.830  13.180  -23.940  10.92  301.06  78.67  876.79  1.27  21.69  5.79
86372.0  16.840  13.150  -23.940  10.90  301.07  78.49  876.80  1.10  22.79  5.79
86373.0  16.860  13.130  -23.940  10.89  301.10  78.28  876.74  1.19  22.18  5.87
86374.0  16.810  13.110  -23.940  10.87  301.05  78.41  876.71  1.45  19.77  5.54
86375.0  16.720  13.100  -23.940  10.87  300.96  78.81  876.75  1.57  20.14  5.74
86376.0  16.840  13.130  -23.940  10.89  301.07  78.40  876.76  1.34  23.81  6.25
86377.0  16.890  13.120  -23.940  10.89  301.14  78.08  876.67  1.12  24.90  6.24
86378.0  16.940  13.070  -23.940  10.84  301.18  77.53  876.79  1.34  24.11  6.07
86379.0  16.990  13.050  -23.940  10.83  301.22  77.20  876.84  1.35  24.15  6.05
86380.0  16.960  13.010  -23.940  10.80  301.20  77.13  876.86  1.24  23.68  6.02
86381.0  16.930  13.000  -23.940  10.79  301.16  77.22  876.89  1.38  23.84  6.14
86382.0  16.920  12.960  -23.940  10.76  301.15  77.06  876.95  1.63  22.11  6.05
86383.0  16.890  12.940  -23.940  10.75  301.12  77.14  876.87  1.88  22.21  6.06
86384.0  16.900  12.920  -23.940  10.73  301.13  76.95  876.86  1.66  22.48  6.03
86385.0  16.880  12.880  -23.940  10.71  301.11  76.88  876.79  1.54  21.22  6.08
86386.0  16.870  12.860  -23.940  10.70  301.10  76.87  876.83  1.52  19.99  6.08
86387.0  16.910  12.840  -23.940  10.68  301.14  76.55  876.84  1.29  19.72  6.06
86388.0  16.830  12.840  -23.940  10.68  301.05  76.93  876.92  1.09  20.44  6.14
86389.0  16.830  12.850  -23.940  10.68  301.03  76.97  877.08  1.20  20.07  5.95
86390.0  16.840  12.850  -23.940  10.69  301.05  76.96  877.03  1.24  20.87  6.04
86391.0  16.830  12.820  -23.940  10.67  301.05  76.81  876.95  1.29  20.92  6.12
86392.0  16.820  12.780  -23.940  10.63  301.04  76.64  876.94  1.38  20.74  6.27
86393.0  16.800  12.780  -23.940  10.64  301.00  76.81  877.05  1.60  20.49  6.12
86394.0  16.810  12.830  -23.940  10.67  301.02  76.94  877.04  1.50  20.78  6.26
86395.0  16.830  12.830  -23.940  10.67  301.03  76.91  877.07  1.47  22.45  6.46
86396.0  16.840  12.850  -23.940  10.69  301.05  76.93  877.06  1.63  21.64  6.22
86397.0  16.840  12.870  -23.940  10.70  301.06  77.04  876.98  1.89  20.78  6.07
86398.0  16.830  12.930  -23.940  10.74  301.04  77.39  876.99  2.01  22.65  6.37
86399.0  16.860  12.930  -23.940  10.74  301.08  77.24  876.93  2.04  20.66  6.48
86400.0  16.840  12.910  -23.940  10.73  301.06  77.24  876.90  1.88  20.88  6.56
86401.0  16.850  12.940  -23.940  10.75  301.08  77.31  876.90  1.73  23.23  6.62
86402.0  16.850  12.900  -23.940  10.73  301.08  77.16  876.80  1.62  22.86  6.61
86403.0  16.850  12.890  -23.940  10.72  301.08  77.08  876.87  1.67  23.08  6.66
86404.0  16.870  12.910  -23.940  10.73  301.10  77.07  876.93  1.68  21.76  6.55
86405.0  16.890  12.880  -23.940  10.71  301.11  76.83  876.89  1.46  19.09  6.61
86406.0  16.930  12.860  -23.940  10.69  301.15  76.53  876.98  1.30  18.73  6.70
86407.0  16.920  12.830  -23.940  10.67  301.14  76.41  877.05  1.23  19.24  6.82
86408.0  16.920  12.800  -23.940  10.65  301.13  76.30  877.04  1.22  18.99  6.77
86409.0  16.920  12.780  -23.940  10.63  301.13  76.14  877.07  1.18  19.07  6.68
86410.0  16.940  12.760  -23.940  10.62  301.15  75.94  877.09  1.13  19.47  6.76
86411.0  16.920  12.740  -23.940  10.60  301.13  75.98  877.07  1.07  19.15  6.94
86412.0  16.930  12.720  -23.940  10.59  301.15  75.78  877.07  1.13  17.10  6.94
86413.0  16.940  12.710  -23.940  10.59  301.16  75.71  877.01  1.26  18.24  7.00
86414.0  16.970  12.640  -23.940  10.53  301.18  75.22  877.10  1.23  16.94  6.99
86415.0  16.970  12.590  -23.940  10.50  301.17  74.97  877.22  1.22  16.88  7.11
86416.0  16.940  12.600  -23.940  10.51  301.15  75.14  877.14  1.09  16.98  7.10
86417.0  16.890  12.570  -23.940  10.49  301.12  75.27  876.89  0.99  17.23  6.99
86418.0  16.870  12.570  -23.940  10.49  301.10  75.37  876.86  1.11  16.98  7.06
86419.0  16.890  12.580  -23.940  10.50  301.12  75.30  876.86  1.24  17.25  7.27
86420.0  16.900  12.550  -23.940  10.48  301.14  75.12  876.79  1.34  17.60  7.14
86421.0  16.860  12.550  -23.940  10.48  301.09  75.30  876.86  1.30  17.63  7.25
86422.0  16.890  12.560  -23.940  10.48  301.10  75.18  877.12  1.38  16.75  7.30
86423.0  16.940  12.560  -23.940  10.48  301.15  74.99  877.02  1.42  17.29  7.30
86424.0  16.920  12.540  -23.940  10.47  301.15  74.96  876.87  1.19  17.30  7.32
86425.0  16.880  12.520  -23.940  10.46  301.11  75.06  876.90  1.25  20.23  7.43
86426.0  16.920  12.520  -23.940  10.45  301.14  74.83  876.98  1.32  21.00  7.22
86427.0  16.940  12.500  -23.940  10.44  301.16  74.67  877.04  1.17  20.63  7.18
86428.0  16.920  12.520  -23.940  10.45  301.13  74.85  877.05  1.14  21.12  7.24
86429.0  16.920  12.500  -23.940  10.44  301.14  74.74  877.06  1.06  20.99  7.20
86430.0  16.970  12.500  -23.940  10.43  301.18  74.50  877.12  1.02  19.40  7.19
86431.0  16.880  12.520  -23.940  10.45  301.10  75.05  876.95  0.91  21.54  7.26
86432.0  16.930  12.530  -23.940  10.46  301.14  74.85  877.03  0.96  22.08  7.44
86433.0  16.970  12.520  -23.940  10.45  301.17  74.65  877.16  0.99  20.80  7.50
86434.0  17.020  12.490  -23.940  10.43  301.23  74.21  877.13  0.80  19.58  7.81
86435.0  16.960  12.460  -23.940  10.41  301.18  74.36  877.04  0.66  19.97  7.91
86436.0  17.000  12.430  -23.940  10.39  301.20  74.06  877.23  0.61  19.64  7.96
86437.0  16.960  12.420  -23.940  10.38  301.17  74.19  877.10  0.60  19.38  7.86
86438.0  16.970  12.400  -23.940  10.37  301.18  74.06  877.13  0.61  18.23  7.63
86439.0  16.930  12.400  -23.940  10.37  301.14  74.25  877.09  0.77  20.02  7.61
86440.0  16.910  12.400  -23.940  10.37  301.13  74.31  877.00  0.72  19.57  7.78
86441.0  16.920  12.400  -23.940  10.37  301.13  74.29  877.04  0.69  19.28  7.66
86442.0  16.880  12.420  -23.940  10.39  301.10  74.57  876.97  0.71  20.14  7.71
86443.0  16.940  12.430  -23.940  10.39  301.17  74.33  876.91  0.60  20.14  7.75
86444.0  16.900  12.430  -23.940  10.39  301.12  74.53  876.92  0.71  22.51  7.68
86445.0  16.930  12.450  -23.940  10.41  301.15  74.47  877.02  0.86  23.87  7.82
86446.0  16.990  12.460  -23.940  10.41  301.21  74.25  877.04  0.86  24.25  7.70
86447.0  17.000  12.450  -23.940  10.40  301.22  74.10  877.04  0.87  25.58  7.70
86448.0  16.970  12.440  -23.940  10.40  301.18  74.25  877.10  0.72  25.21  7.59
86449.0  16.930  12.460  -23.940  10.41  301.15  74.52  877.07  0.74  24.78  7.69
86450.0  16.980  12.510  -23.940  10.44  301.19  74.52  877.12  0.64  24.58  7.82
86451.0  16.920  12.530  -23.940  10.46  301.14  74.92  876.96  0.47  24.81  7.80
86452.0  16.970  12.550  -23.940  10.48  301.22  74.76  876.77  0.39  25.10  7.90
86453.0  16.950  12.570  -23.940  10.49  301.18  74.96  876.90  0.61  26.37  8.07
86454.0  17.030  12.600  -23.940  10.51  301.26  74.72  876.97  0.84  25.40  8.04
86455.0  16.990  12.620  -23.940  10.52  301.22  75.02  876.93  0.83  24.06  7.89
86456.0  17.020  12.650  -23.940  10.55  301.25  75.07  876.84  0.81  23.87  7.81
86457.0  16.990  12.660  -23.940  10.55  301.24  75.22  876.70  0.82  24.66  7.90
86458.0  17.060  12.680  -23.940  10.57  301.31  74.99  876.77  0.73  26.17  8.03
86459.0  17.080  12.690  -23.940  10.57  301.31  74.91  876.92  0.74  28.18  8.03
86460.0  17.160  12.660  -23.940  10.55  301.40  74.39  876.94  1.04  29.15  7.74
86461.0  17.200  12.650  -23.940  10.54  301.42  74.17  877.03  1.27  29.33  7.59
86462.0  17.180  12.650  -23.940  10.54  301.40  74.21  877.13  1.20  27.61  7.40
86463.0  17.110  12.650  -23.940  10.54  301.33  74.56  877.12  1.00  25.36  7.29
86464.0  17.070  12.670  -23.940  10.55  301.29  74.84  877.10  1.16  25.31  7.21
86465.0  17.070  12.670  -23.940  10.56  301.30  74.91  876.95  1.22  24.92  7.05
86466.0  17.100  12.660  -23.940  10.55  301.32  74.67  877.10  1.34  25.97  7.19
86467.0  17.100  12.670  -23.940  10.55  301.30  74.73  877.26  1.27  25.46  7.33
86468.0  17.110  12.660  -23.940  10.55  301.31  74.65  877.25  1.17  24.57  7.07
86469.0  17.060  12.650  -23.940  10.54  301.25  74.82  877.35  0.97  24.16  6.74
86470.0  17.000  12.660  -23.940  10.55  301.19  75.20  877.36  0.70  24.46  6.69
86471.0  17.030  12.680  -23.940  10.56  301.22  75.14  877.35  0.62  25.11  6.98
86472.0  17.050  12.690  -23.940  10.57  301.24  75.05  877.36  0.51  25.41  7.08
86473.0  17.150  12.670  -23.940  10.56  301.35  74.50  877.32  0.46  24.44  7.04
86474.0  17.100  12.690  -23.940  10.57  301.30  74.83  877.23  0.39  24.66  6.87
86475.0  17.150  12.690  -23.940  10.57  301.34  74.63  877.34  0.24  24.95  6.78
86476.0  17.130  12.690  -23.940  10.57  301.33  74.70  877.25  0.20  25.66  6.51
86477.0  17.110  12.710  -23.940  10.58  301.31  74.90  877.22  0.28  25.32  6.41
86478.0  17.130  12.730  -23.940  10.60  301.32  74.91  877.31  0.45  25.51  6.25
86479.0  17.090  12.740  -23.940  10.60  301.28  75.15  877.34  0.52  26.39  6.24
86480.0  17.090  12.720  -23.940  10.59  301.28  75.02  877.38  0.48  26.89  6.19
86481.0  17.090  12.730  -23.940  10.59  301.29  75.05  877.31  0.40  27.73  6.01
86482.0  17.100  12.740  -23.940  10.60  301.28  75.09  877.44  0.39  29.32  5.92
86483.0  17.120  12.720  -23.940  10.59  301.30  74.89  877.48  0.36  29.77  5.94
86484.0  17.150  12.740  -23.940  10.60  301.33  74.84  877.48  0.33  29.33  5.87
86485.0  17.100  12.730  -23.940  10.60  301.29  75.04  877.39  0.30  29.61  5.83
86486.0  17.100  12.720  -23.940  10.59  301.28  74.98  877.52  0.36  29.98  5.74
86487.0  17.090  12.700  -23.940  10.57  301.26  74.94  877.54  0.54  30.29  5.56
86488.0  17.080  12.700  -23.940  10.57  301.24  74.97  877.59  0.70  30.40  5.46
86489.0  17.130  12.700  -23.940  10.57  301.29  74.71  877.66  0.74  28.59  5.24
86490.0  17.040  12.690  -23.940  10.57  301.21  75.15  877.59  0.89  28.60  5.13
86491.0  17.080  12.710  -23.940  10.58  301.26  75.05  877.45  0.87  30.28  5.15
86492.0  17.000  12.720  -23.940  10.59  301.17  75.48  877.53  0.65  30.65  5.05
86493.0  17.010  12.740  -23.940  10.60  301.19  75.53  877.44  0.62  32.15  5.09
86494.0  16.950  12.780  -23.940  10.63  301.12  76.03  877.48  0.71  31.97  5.15
86495.0  16.980  12.810  -23.940  10.65  301.15  76.04  877.42  0.85  32.64  5.20
86496.0  16.910  12.830  -23.940  10.66  301.07  76.49  877.57  0.80  32.39  5.09
86497.0  16.950  12.860  -23.940  10.69  301.12  76.44  877.48  0.67  32.21  5.05
86498.0  16.860  12.900  -23.940  10.72  301.05  77.10  877.31  0.47  32.02  4.98
86499.0  16.880  12.960  -23.940  10.76  301.08  77.28  877.20  0.28  31.97  5.05
86500.0  16.830  12.990  -23.940  10.78  301.04  77.67  877.12  0.38  32.13  4.88
86501.0  16.830  13.030  -23.940  10.81  301.04  77.91  877.05  0.34  31.85  4.80
86502.0  16.770  13.080  -23.940  10.84  300.95  78.46  877.32  0.52  32.37  4.80
86503.0  16.720  13.120  -23.940  10.88  300.90  78.95  877.36  0.56  34.41  4.87
86504.0  16.770  13.190  -23.940  10.92  300.94  79.04  877.42  0.55  34.66  4.82
86505.0  16.730  13.240  -23.940  10.96  300.88  79.52  877.68  0.62  33.24  4.81
86506.0  16.760  13.320  -23.940  11.01  300.91  79.75  877.65  0.73  32.69  5.08
86507.0  16.830  13.350  -23.940  11.04  300.97  79.62  877.72  0.80  34.48  5.16
86508.0  16.850  13.400  -23.940  11.07  300.98  79.74  877.87  0.64  34.38  5.22
86509.0  16.890  13.430  -23.940  11.09  301.00  79.69  878.12  0.48  34.74  5.01
86510.0  16.870  13.420  -23.940  11.08  300.96  79.76  878.22  0.64  35.31  5.28
86511.0  16.950  13.430  -23.940  11.09  301.05  79.39  878.22  1.01  31.97  5.55
86512.0  16.920  13.430  -23.940  11.09  300.99  79.52  878.53  0.86  33.43  5.19
86513.0  16.930  13.450  -23.940  11.11  301.02  79.62  878.26  0.74  37.85  5.26
86514.0  16.970  13.460  -23.940  11.11  301.08  79.43  878.09  0.56  33.49  5.14
86515.0  16.950  13.460  -23.940  11.11  301.06  79.53  878.09  0.63  30.02  5.14
86516.0  16.930  13.450  -23.940  11.11  301.05  79.64  877.98  0.88  30.72  5.28
86517.0  16.940  13.440  -23.940  11.10  301.08  79.47  877.77  0.80  29.74  5.14
86518.0  16.880  13.430  -23.940  11.09  301.00  79.73  878.06  0.87  31.56  5.12
86519.0  16.880  13.420  -23.940  11.08  300.99  79.70  878.07  0.92  31.88  4.91
86520.0  16.880  13.390  -23.940  11.07  301.01  79.54  877.87  0.99  30.89  5.10
86521.0  16.880  13.360  -23.940  11.05  301.04  79.37  877.56  1.01  30.49  5.07
86522.0  16.860  13.330  -23.940  11.03  301.03  79.32  877.50  1.22  29.78  4.95
86523.0  16.830  13.320  -23.940  11.02  301.01  79.43  877.37  1.30  30.51  5.05
86524.0  16.830  13.300  -23.940  11.01  301.01  79.34  877.31  1.10  30.49  5.04
86525.0  16.810  13.310  -23.940  11.01  301.01  79.43  877.18  0.98  31.19  5.20
86526.0  16.820  13.330  -23.940  11.03  301.03  79.50  877.03  1.00  30.46  5.27
86527.0  16.810  13.310  -23.940  11.02  301.04  79.50  876.80  0.88  30.49  5.32
86528.0  16.780  13.320  -23.940  11.03  301.02  79.69  876.70  0.87  30.60  5.37
86529.0  16.810  13.310  -23.940  11.03  301.09  79.46  876.32  0.87  31.27  5.41
86530.0  16.790  13.330  -23.940  11.04  301.10  79.69  875.96  0.95  31.10  5.47
86531.0  16.740  13.310  -23.940  11.03  301.06  79.81  875.91  1.29  30.87  5.49
86532.0  16.700  13.320  -23.940  11.05  301.06  80.09  875.53  1.31  31.32  5.58
86533.0  16.700  13.320  -23.940  11.04  301.07  80.05  875.40  1.14  31.21  5.51
86534.0  16.690  13.330  -23.940  11.05  301.09  80.15  875.13  1.16  31.88  5.52
86535.0  16.690  13.320  -23.940  11.05  301.10  80.10  875.02  1.24  33.13  5.54
86536.0  16.710  13.330  -23.940  11.06  301.13  80.08  874.88  1.17  34.19  5.66
86537.0  16.750  13.320  -23.940  11.05  301.16  79.85  874.94  1.10  33.35  5.56
86538.0  16.740  13.300  -23.940  11.04  301.16  79.76  874.88  1.03  33.31  5.57
86539.0  16.700  13.290  -23.940  11.03  301.13  79.95  874.67  1.01  32.06  5.82
86540.0  16.700  13.290  -23.940  11.03  301.15  79.92  874.52  0.82  30.32  5.77
86541.0  16.680  13.270  -23.940  11.02  301.15  79.89  874.34  0.75  28.42  5.75
86542.0  16.700  13.260  -23.940  11.02  301.18  79.81  874.15  0.75  28.35  5.82
86543.0  16.630  13.260  -23.940  11.02  301.13  80.13  874.07  0.76  28.27  5.80
86544.0  16.630  13.250  -23.940  11.01  301.15  80.06  873.83  0.89  27.83  5.84
86545.0  16.570  13.240  -23.940  11.01  301.11  80.32  873.55  1.00  28.35  5.91
86546.0  16.540  13.220  -23.940  10.99  301.08  80.36  873.62  1.20  28.26  5.96
86547.0  16.520  13.210  -23.940  10.98  301.04  80.44  873.75  1.24  26.83  5.91
86548.0  16.520  13.210  -23.940  10.98  301.05  80.41  873.71  1.12  27.61  6.02
86549.0  16.550  13.220  -23.940  10.99  301.08  80.35  873.64  0.95  27.48  6.00
86550.0  16.540  13.210  -23.940  10.99  301.06  80.38  873.72  1.10  26.68  5.87
86551.0  16.540  13.220  -23.940  10.99  301.06  80.39  873.72  1.26  28.21  5.86
86552.0  16.530  13.220  -23.940  10.99  301.04  80.47  873.79  1.47  29.46  5.91
86553.0  16.540  13.220  -23.940  10.99  301.03  80.38  874.07  1.56  29.40  5.95
86554.0  16.590  13.220  -23.940  10.98  301.08  80.09  874.11  1.38  30.17  5.84
86555.0  16.600  13.200  -23.940  10.97  301.07  80.00  874.22  1.34  29.48  5.86
86556.0  16.580  13.210  -23.940  10.98  301.05  80.14  874.31  1.22  29.77  5.84
86557.0  16.580  13.210  -23.940  10.98  301.08  80.13  874.06  1.01  31.44  5.94
