flight/WP3D/AircraftPos_NP3_20130622_RA.ict
40  1001
Ken Aikin
NOAA ESRL Chemical Sciences Division
various aircraft sensors
SENEX 2013
1  1
2013  06  22  2013  06  22
1
AOCTimewave
5
1  1  1  1  1 
-9999  -9999  -9999  -9999  -9999
GpsLat  deg
GpsLon  deg
GpsAlt  m
PAlt  m
RAlt  m
3
SPECIAL COMMENTS:Atlanta flight. AOC data system crash between 20:45:42 and 21:09:09. 
New TDL Dew Pt Temp instrument for this flight.
No H2O  PoTemp  H2Omr from takeoff until about 1615 for now. Order of parameters in AOC data stream had been changed. Switched back at 16:15.
18
PI_CONTACT_INFO: Address: NOAA ESRL Chemical Sciences Division  Mail Stop R/CSD7  325 Broadway  Boulder  CO 80305
PLATFORM: NOAA WP-3D
LOCATION: The aircraft was stationed in Smyrna  Tennessee. Aircraft location information in AircraftPosition file.
ASSOCIATED_DATA: N/A
INSTRUMENT_INFO: N/A
DATA_INFO: Units:GpsLat:decimal degrees; GpsLon: decimal degrees; GpsAlt: meters; PAlt:meters; RAlt: meters.
UNCERTAINTY: N/A
ULOD_FLAG: -7777
ULOD_VALUE: N/A
LLOD_FLAG: -8888
LLOD_VALUE: N/A
DM_CONTACT_INFO: Data Manager:Ken Aikin; email:Kenneth.C.Aikin@noaa.gov
PROJECT_INFO: SENEX 2013 Study; June 1 - July 15  2013
STIPULATIONS_ON_USE: Use of these data require prior ok from PI.
OTHER_COMMENTS:       None
REVISION: RA
RA: Preliminary Data.  For in-field use.
AOCTimewave  GpsLat  GpsLon  GpsAlt  PAlt  RAlt
[from data line 12218]
66295.0  32.8448   -85.4544   1325.8   1177.0   1087.4
66296.0  32.8449   -85.4557   1334.9   1185.7   1095.6
66297.0  32.8450   -85.4570   1344.0   1194.9   1109.1
66298.0  32.8451   -85.4583   1352.6   1203.8   1115.5
66299.0  32.8453   -85.4597   1361.2   1212.0   1128.1
66300.0  32.8454   -85.4610   1371.0   1221.6   1160.6
66301.0  32.8455   -85.4623   1380.7   1231.5   1172.4
66302.0  32.8456   -85.4636   1388.4   1237.9   1191.1
66303.0  32.8457   -85.4649   1395.5   1244.1   1196.2
66304.0  32.8458   -85.4662   1403.2   1252.4   1209.8
66305.0  32.8460   -85.4675   1411.1   1259.4   1210.1
66306.0  32.8461   -85.4688   1418.9   1266.6   1218.8
66307.0  32.8462   -85.4702   1426.9   1274.7   1232.5
66308.0  32.8463   -85.4715   1434.9   1283.4   1233.9
66309.0  32.8464   -85.4728   1442.4   1290.4   1231.0
66310.0  32.8465   -85.4741   1450.2   1298.2   1239.0
66311.0  32.8466   -85.4755   1458.6   1305.3   1252.3
66312.0  32.8467   -85.4768   1467.1   1313.4   1255.6
66313.0  32.8469   -85.4781   1476.3   1321.6   1260.5
66314.0  32.8470   -85.4794   1485.7   1330.7   1273.3
66315.0  32.8471   -85.4807   1494.7   1340.0   1285.2
66316.0  32.8472   -85.4821   1504.0   1348.0   1295.6
66317.0  32.8473   -85.4834   1513.7   1355.8   1315.6
66318.0  32.8474   -85.4847   1524.5   1366.3   1324.5
66319.0  32.8474   -85.4860   1536.9   1379.5   1339.9
66320.0  32.8475   -85.4873   1550.0   1392.8   1347.0
66321.0  32.8476   -85.4886   1563.3   1405.8   1371.2
66322.0  32.8477   -85.4899   1576.4   1419.7   1392.2
66323.0  32.8478   -85.4912   1588.7   1431.4   1407.0
66324.0  32.8479   -85.4925   1600.6   1442.3   1418.6
66325.0  32.8480   -85.4938   1611.7   1452.1   1435.9
66326.0  32.8481   -85.4951   1622.5   1462.1   1444.3
66327.0  32.8482   -85.4963   1633.8   1472.1   1444.4
66328.0  32.8483   -85.4976   1645.6   1483.3   1455.3
66329.0  32.8483   -85.4989   1657.9   1495.4   1471.0
66330.0  32.8484   -85.5002   1670.4   1508.2   1490.6
66331.0  32.8485   -85.5014   1682.1   1521.7   1498.5
66332.0  32.8486   -85.5027   1692.6   1531.8   1501.8
66333.0  32.8487   -85.5040   1702.0   1538.6   1524.0
66334.0  32.8487   -85.5053   1711.2   1548.4   1520.7
66335.0  32.8488   -85.5066   1720.7   1557.7   1538.0
66336.0  32.8488   -85.5078   1729.8   1567.4   1555.9
66337.0  32.8489   -85.5091   1738.5   1575.4   1551.4
66338.0  32.8490   -85.5104   1746.6   1582.8   1564.6
66339.0  32.8490   -85.5117   1754.6   1590.5   1583.9
66340.0  32.8490   -85.5130   1763.5   1599.0   1570.3
66341.0  32.8491   -85.5142   1772.9   1607.6   1566.5
66342.0  32.8491   -85.5155   1782.5   1617.5   1578.2
66343.0  32.8491   -85.5168   1791.7   1626.7   1594.7
66344.0  32.8491   -85.5181   1800.8   1635.8   1594.8
66345.0  32.8491   -85.5193   1809.4   1643.6   1603.5
66346.0  32.8491   -85.5206   1817.8   1650.6   1604.8
66347.0  32.8491   -85.5219   1826.1   1658.1   1618.1
66348.0  32.8492   -85.5232   1834.3   1667.0   1624.1
66349.0  32.8492   -85.5245   1842.4   1675.6   1638.0
66350.0  32.8492   -85.5257   1850.6   1681.0   1635.0
66351.0  32.8492   -85.5270   1859.1   1689.2   1640.6
66352.0  32.8492   -85.5283   1868.0   1699.7   1653.9
66353.0  32.8492   -85.5296   1876.8   1708.9   1682.6
66354.0  32.8492   -85.5308   1885.2   1715.2   1690.8
66355.0  32.8493   -85.5321   1893.3   1723.6   1685.7
66356.0  32.8493   -85.5334   1901.5   1730.5   1688.2
66357.0  32.8493   -85.5347   1909.4   1739.3   1692.0
66358.0  32.8494   -85.5359   1917.5   1747.4   1694.3
66359.0  32.8494   -85.5372   1925.5   1754.0   1708.9
66360.0  32.8495   -85.5385   1933.5   1761.7   1697.6
66361.0  32.8496   -85.5397   1941.5   1770.5   1707.4
66362.0  32.8497   -85.5410   1949.6   1778.5   1719.3
66363.0  32.8497   -85.5423   1957.7   1786.1   1727.3
66364.0  32.8498   -85.5436   1965.8   1794.3   1736.0
66365.0  32.8499   -85.5449   1974.2   1800.9   1746.3
66366.0  32.8500   -85.5461   1982.7   1808.3   1753.9
66367.0  32.8501   -85.5474   1991.4   1816.7   1762.5
66368.0  32.8501   -85.5487   2000.6   1826.4   1763.7
66369.0  32.8502   -85.5499   2009.8   1836.0   1783.1
66370.0  32.8503   -85.5512   2018.7   1842.6   1804.3
66371.0  32.8504   -85.5525   2027.4   1851.3   1808.8
66372.0  32.8504   -85.5538   2035.7   1860.7   1806.0
66373.0  32.8505   -85.5550   2043.7   1869.2   1826.7
66374.0  32.8506   -85.5563   2051.3   1877.0   1831.8
66375.0  32.8506   -85.5576   2058.7   1883.4   1843.5
66376.0  32.8507   -85.5589   2065.9   1889.5   1857.6
66377.0  32.8507   -85.5601   2072.7   1896.5   1874.1
66378.0  32.8508   -85.5614   2079.2   1902.6   1876.8
66379.0  32.8509   -85.5627   2085.3   1908.0   1881.2
66380.0  32.8509   -85.5640   2091.3   1914.7   1885.6
66381.0  32.8510   -85.5653   2097.6   1921.0   1889.0
66382.0  32.8511   -85.5666   2104.4   1928.0   1896.3
66383.0  32.8511   -85.5679   2111.2   1934.2   1904.5
66384.0  32.8512   -85.5692   2118.0   1939.9   1905.8
66385.0  32.8513   -85.5705   2125.2   1945.9   1922.3
66386.0  32.8513   -85.5718   2132.4   1952.6   1929.5
66387.0  32.8514   -85.5731   2139.0   1959.1   1944.7
66388.0  32.8515   -85.5744   2145.4   1965.0   1943.1
66389.0  32.8515   -85.5757   2151.6   1969.9   1955.3
66390.0  32.8516   -85.5770   2158.0   1977.1   1963.2
66391.0  32.8516   -85.5783   2164.6   1984.7   1973.4
66392.0  32.8517   -85.5796   2171.5   1992.3   1985.2
66393.0  32.8517   -85.5810   2178.5   1999.8   1999.3
66394.0  32.8518   -85.5823   2185.5   2006.6   1991.2
66395.0  32.8519   -85.5836   2192.1   2012.7   1993.7
66396.0  32.8519   -85.5849   2198.5   2019.6   2003.5
66397.0  32.8520   -85.5863   2204.8   2025.1   2018.0
66398.0  32.8520   -85.5876   2211.3   2031.0   2013.8
66399.0  32.8521   -85.5890   2218.2   2038.0   2037.1
66400.0  32.8521   -85.5903   2225.5   2045.8   2051.4
66401.0  32.8521   -85.5916   2233.0   2052.5   2050.4
66402.0  32.8522   -85.5930   2240.6   2058.4   2059.0
66403.0  32.8522   -85.5943   2248.3   2064.2   2073.8
66404.0  32.8522   -85.5957   2256.1   2071.6   2078.0
66405.0  32.8523   -85.5970   2264.0   2078.5   2090.0
66406.0  32.8523   -85.5984   2272.1   2087.8   2104.3
66407.0  32.8523   -85.5998   2280.7   2096.8   2105.2
66408.0  32.8524   -85.6011   2289.4   2105.7   2118.1
66409.0  32.8524   -85.6025   2297.6   2113.7   2132.2
66410.0  32.8524   -85.6038   2305.3   2120.7   2131.0
66411.0  32.8524   -85.6052   2313.0   2127.9   2152.2
66412.0  32.8525   -85.6066   2320.9   2135.6   2150.3
66413.0  32.8525   -85.6079   2329.3   2145.0   2162.0
66414.0  32.8525   -85.6093   2337.9   2152.2   2180.9
66415.0  32.8526   -85.6106   2346.5   2161.1   2190.8
66416.0  32.8526   -85.6120   2354.9   2169.0   2195.0
66417.0  32.8526   -85.6134   2362.8   2176.2   2220.8
66418.0  32.8526   -85.6147   2370.1   2183.6   2228.1
66419.0  32.8527   -85.6161   2377.1   2189.0   2235.7
66420.0  32.8527   -85.6175   2384.2   2196.1   2234.5
66421.0  32.8527   -85.6189   2391.8   2203.6   2241.2
66422.0  32.8527   -85.6202   2399.9   2210.6   2245.7
66423.0  32.8528   -85.6216   2409.0   2218.8   2259.4
66424.0  32.8528   -85.6230   2419.5   2229.6   2263.5
66425.0  32.8528   -85.6244   2430.9   2240.5   2275.3
66426.0  32.8529   -85.6257   2442.9   2251.1   2292.2
66427.0  32.8529   -85.6271   2455.1   2261.7   2299.3
66428.0  32.8530   -85.6284   2467.3   2274.4   2321.9
66429.0  32.8530   -85.6298   2479.4   2288.0   2338.2
66430.0  32.8531   -85.6311   2491.3   2300.6   2327.9
66431.0  32.8531   -85.6325   2503.0   2311.2   2354.9
66432.0  32.8532   -85.6339   2514.8   2321.8   2367.6
66433.0  32.8532   -85.6352   2526.7   2331.9   2379.1
66434.0  32.8533   -85.6365   2538.5   2342.4   2391.9
66435.0  32.8534   -85.6379   2550.2   2354.9   2407.3
66436.0  32.8534   -85.6392   2562.0   2366.7   2420.8
66437.0  32.8535   -85.6406   2574.0   2377.1   2438.9
66438.0  32.8536   -85.6419   2585.8   2388.5   2448.1
66439.0  32.8537   -85.6432   2597.4   2399.8   2443.9
66440.0  32.8538   -85.6446   2609.1   2412.3   2449.8
66441.0  32.8539   -85.6459   2620.8   2423.1   2463.2
66442.0  32.8539   -85.6472   2632.7   2435.0   2492.2
66443.0  32.8540   -85.6485   2644.4   2446.9   2490.2
66444.0  32.8541   -85.6499   2656.1   2457.9   2494.7
66445.0  32.8542   -85.6512   2667.6   2469.2   2501.8
66446.0  32.8543   -85.6525   2678.5   2479.8   2511.6
66447.0  32.8545   -85.6538   2689.1   2489.5   2528.6
66448.0  32.8546   -85.6551   2699.5   2498.5   2543.8
66449.0  32.8547   -85.6564   2710.1   2507.7   2544.3
66450.0  32.8548   -85.6578   2720.7   2517.3   2555.3
66451.0  32.8549   -85.6591   2731.3   2527.9   2569.7
66452.0  32.8550   -85.6604   2742.4   2538.6   2588.1
66453.0  32.8551   -85.6617   2753.7   2549.6   2596.6
66454.0  32.8553   -85.6630   2764.9   2561.0   2598.6
66455.0  32.8554   -85.6643   2775.7   2571.5   2621.5
66456.0  32.8555   -85.6656   2785.8   2581.8   2627.1
66457.0  32.8556   -85.6669   2795.4   2591.5   2637.2
66458.0  32.8557   -85.6682   2804.8   2599.7   2656.2
66459.0  32.8558   -85.6695   2814.5   2609.5   2660.6
66460.0  32.8560   -85.6708   2824.3   2619.3   2678.2
66461.0  32.8561   -85.6721   2834.3   2629.5   2691.3
66462.0  32.8562   -85.6735   2844.4   2638.7   2704.3
66463.0  32.8563   -85.6748   2854.0   2647.3   2709.5
66464.0  32.8564   -85.6761   2863.2   2654.6   2717.1
66465.0  32.8566   -85.6774   2872.1   2663.0   2722.8
66466.0  32.8567   -85.6787   2880.8   2672.1   2740.1
66467.0  32.8568   -85.6800   2889.2   2680.9   2751.9
66468.0  32.8569   -85.6813   2897.4   2689.1   2753.0
66469.0  32.8571   -85.6826   2905.5   2697.1   2756.8
66470.0  32.8572   -85.6839   2913.7   2705.3   2780.0
66471.0  32.8573   -85.6852   2921.9   2713.6   2800.9
66472.0  32.8574   -85.6865   2929.9   2721.4   2803.8
66473.0  32.8575   -85.6879   2938.2   2728.9   2816.9
66474.0  32.8577   -85.6892   2946.4   2737.2   2818.8
66475.0  32.8578   -85.6905   2954.2   2745.2   2834.6
66476.0  32.8579   -85.6918   2962.0   2752.7   2838.1
66477.0  32.8580   -85.6931   2969.6   2759.2   2847.9
66478.0  32.8581   -85.6945   2977.2   2766.0   2842.2
66479.0  32.8582   -85.6958   2984.9   2773.3   2840.8
66480.0  32.8583   -85.6971   2992.4   2781.5   2871.4
66481.0  32.8584   -85.6984   3000.0   2787.7   2875.2
66482.0  32.8585   -85.6998   3007.6   2796.1   2887.2
66483.0  32.8586   -85.7011   3014.9   2802.5   2876.5
66484.0  32.8587   -85.7024   3021.8   2809.5   2879.8
66485.0  32.8587   -85.7038   3028.6   2815.5   2894.8
66486.0  32.8588   -85.7051   3035.7   2822.7   2907.3
66487.0  32.8589   -85.7065   3043.4   2829.2   2902.7
66488.0  32.8590   -85.7078   3051.0   2837.7   2902.2
66489.0  32.8590   -85.7092   3058.5   2845.6   2906.6
66490.0  32.8591   -85.7105   3066.1   2852.3   2914.9
66491.0  32.8592   -85.7118   3074.0   2858.8   2923.3
66492.0  32.8592   -85.7132   3082.6   2866.0   2935.6
66493.0  32.8593   -85.7145   3091.9   2876.2   2938.1
66494.0  32.8594   -85.7159   3102.2   2885.9   2952.5
66495.0  32.8594   -85.7172   3113.3   2896.2   2963.0
66496.0  32.8595   -85.7185   3124.7   2906.9   2974.7
66497.0  32.8595   -85.7199   3136.3   2918.2   2988.8
66498.0  32.8596   -85.7212   3147.7   2930.0   2999.3
66499.0  32.8596   -85.7225   3158.6   2940.9   3000.2
66500.0  32.8597   -85.7239   3169.0   2950.0   3000.4
66501.0  32.8597   -85.7252   3179.4   2959.5   3017.5
66502.0  32.8597   -85.7265   3190.0   2971.4   3019.0
66503.0  32.8598   -85.7279   3200.9   2981.9   3033.4
66504.0  32.8598   -85.7292   3211.4   2991.6   3032.6
66505.0  32.8598   -85.7305   3221.2   3000.2   3051.2
66506.0  32.8598   -85.7318   3230.8   3009.5   3061.8
66507.0  32.8599   -85.7332   3240.2   3019.6   3065.7
66508.0  32.8599   -85.7345   3249.5   3029.0   3072.1
66509.0  32.8599   -85.7358   3258.2   3037.6   3075.9
66510.0  32.8599   -85.7371   3266.7   3045.4   3078.1
66511.0  32.8600   -85.7385   3274.9   3054.1   3095.3
66512.0  32.8600   -85.7398   3283.0   3061.8   3113.2
66513.0  32.8600   -85.7411   3291.5   3069.9   3119.8
66514.0  32.8600   -85.7425   3300.1   3077.9   3130.3
66515.0  32.8601   -85.7438   3308.0   3085.9   3131.9
66516.0  32.8601   -85.7451   3315.6   3092.1   3135.3
66517.0  32.8601   -85.7464   3322.8   3099.1   3137.0
66518.0  32.8602   -85.7478   3329.5   3106.3   3154.3
66519.0  32.8602   -85.7491   3335.8   3112.8   3163.4
66520.0  32.8603   -85.7505   3341.6   3118.5   3172.8
66521.0  32.8604   -85.7518   3347.1   3123.3   3179.7
66522.0  32.8605   -85.7531   3352.4   3128.3   3188.1
66523.0  32.8606   -85.7545   3357.1   3133.2   3208.8
66524.0  32.8608   -85.7558   3361.5   3136.5   3207.1
66525.0  32.8610   -85.7572   3365.8   3140.7   3207.3
66526.0  32.8612   -85.7585   3370.1   3145.4   3223.1
66527.0  32.8614   -85.7598   3373.9   3148.9   3244.7
66528.0  32.8617   -85.7612   3377.6   3153.8   3243.9
66529.0  32.8620   -85.7625   3381.3   3157.7   3243.1
66530.0  32.8623   -85.7638   3384.9   3161.3   3236.9
66531.0  32.8627   -85.7651   3388.2   3164.4   3241.9
66532.0  32.8631   -85.7664   3391.3   3168.2   3257.6
66533.0  32.8635   -85.7677   3394.0   3172.1   3252.9
66534.0  32.8639   -85.7690   3396.3   3173.7   3261.4
66535.0  32.8644   -85.7703   3398.2   3174.0   3259.3
66536.0  32.8649   -85.7715   3399.4   3175.1   3252.0
66537.0  32.8655   -85.7728   3402.1   3175.8   3252.0
66538.0  32.8660   -85.7740   3406.6   3176.4   3248.9
66539.0  32.8666   -85.7752   3412.4   3180.6   3250.2
66540.0  32.8672   -85.7764   3420.2   3189.5   3251.9
66541.0  -9999.0000  -9999.0000  -9999.0  -9999.0  -9999.0
66542.0  -9999.0000  -9999.0000  -9999.0  -9999.0  -9999.0
66543.0  32.8692   -85.7799   3447.8   3216.5   3286.8
66544.0  32.8699   -85.7811   3456.6   3225.2   3315.3
66545.0  32.8706   -85.7822   3464.1   3231.3   3328.9
66546.0  32.8714   -85.7833   3471.3   3239.3   3332.3
66547.0  32.8722   -85.7843   3478.2   3246.6   3344.1
66548.0  32.8729   -85.7854   3484.7   3252.4   3340.5
66549.0  32.8737   -85.7864   3490.9   3258.3   3342.8
66550.0  32.8746   -85.7874   3497.2   3263.7   3387.1
66551.0  32.8754   -85.7884   3503.8   3270.8   3401.8
66552.0  32.8763   -85.7893   3511.0   3278.7   3397.9
66553.0  32.8772   -85.7902   3518.8   3285.7   3398.5
66554.0  32.8781   -85.7911   3526.9   3292.3   3414.6
66555.0  32.8790   -85.7920   3535.4   3301.3   3424.6
66556.0  32.8799   -85.7929   3544.0   3309.7   3452.5
66557.0  32.8809   -85.7937   3552.9   3318.7   3439.6
66558.0  32.8819   -85.7945   3561.8   3327.5   3451.9
66559.0  32.8828   -85.7952   3570.3   3334.6   3463.6
66560.0  32.8838   -85.7960   3578.4   3342.2   3475.2
66561.0  32.8849   -85.7967   3585.9   3349.4   3468.3
66562.0  32.8859   -85.7974   3593.1   3355.9   3468.5
66563.0  32.8869   -85.7980   3599.9   3363.2   3482.9
66564.0  32.8880   -85.7986   3606.5   3370.3   3506.5
66565.0  32.8891   -85.7992   3613.0   3376.5   3527.8
66566.0  32.8901   -85.7997   3619.3   3381.7   3521.7
66567.0  32.8912   -85.8002   3625.3   3387.1   3522.2
66568.0  32.8924   -85.8007   3631.4   3392.4   3513.1
66569.0  32.8935   -85.8011   3637.5   3399.0   3513.4
66570.0  32.8946   -85.8014   3643.6   3406.0   3527.9
66571.0  32.8957   -85.8018   3649.5   3411.4   3534.6
66572.0  32.8969   -85.8021   3655.6   3416.4   3538.8
66573.0  32.8980   -85.8023   3661.7   3422.6   3536.6
66574.0  32.8992   -85.8025   3667.7   3429.0   3545.8
66575.0  32.9003   -85.8027   3673.8   3433.9   3552.8
66576.0  32.9015   -85.8028   3679.7   3440.0   3552.5
66577.0  32.9027   -85.8029   3685.3   3446.1   3542.1
66578.0  32.9039   -85.8030   3690.6   3453.6   3559.0
66579.0  32.9050   -85.8030   3695.7   3458.0   3555.4
66580.0  32.9062   -85.8029   3700.6   3462.3   3556.5
66581.0  -9999.0000  -9999.0000  -9999.0  -9999.0  -9999.0
66582.0  32.9086   -85.8028   3710.5   3471.5   3553.3
66583.0  -9999.0000  -9999.0000  -9999.0  -9999.0  -9999.0
66584.0  -9999.0000  -9999.0000  -9999.0  -9999.0  -9999.0
