flight/WP3D/AircraftMis_NP3_20130623_RA.ict
41  1001
Ken Aikin
NOAA ESRL Chemical Sciences Division
various aircraft sensors
SENEX 2013
1  1
2013  06  23  2013  06  23
1
AOCTimewave
8
1  1  1  1  1  1  1  1
-9999  -9999  -9999  -9999  -9999  -9999  -9999  -9999
Attack  deg
CabinPrs  mbar
GndSpd  m/s
Heading  deg
Pitch  deg
Roll  deg
Slip  deg
TrueAirSpd  m/s
1
SPECIAL COMMENTS:Indianapolis and Nashville PP.
18
PI_CONTACT_INFO: Address: NOAA ESRL Chemical Sciences Division  Mail Stop R/CSD7  325 Broadway  Boulder  CO 80305
PLATFORM: NOAA WP-3D
LOCATION: The aircraft was stationed in  Smyrna  Tennessee. Aircraft location information in AircraftPosition file.
ASSOCIATED_DATA: N/A
INSTRUMENT_INFO: N/A
DATA_INFO: Units: Attack degrees; CabinPrs millibar; GndSpd m/s; Heading degrees; Pitch degrees; Roll degrees; Slip degrees; TrueAirSpd m/s
UNCERTAINTY: N/A
ULOD_FLAG: -7777
ULOD_VALUE: N/A
LLOD_FLAG: -8888
LLOD_VALUE: N/A
DM_CONTACT_INFO: Data Manager:Ken Aikin; email:Kenneth.C.Aikin@noaa.gov
PROJECT_INFO: SENEX 2013 Study; June 1 - July 15  2013
STIPULATIONS_ON_USE: Use of these data require prior ok from PI.
OTHER_COMMENTS:       None
REVISION: RA
RA: Preliminary Data.  For in-field use.
AOCTimewave  Attack  CabinPrs  GndSpd  Heading  Pitch  Roll  Slip  TrueAirSpd
[from data line 15340]
69843.0  1.1  957.8  113.4  221.7  0.77  2.94  -0.19  116.9
69844.0  1.3  958.1  113.5  221.9  1.00  2.62  -0.47  117.0
69845.0  1.4  957.8  113.6  222.0  1.00  2.12  -0.08  117.3
69846.0  1.1  958.0  113.6  222.2  0.96  0.43  -0.10  117.8
69847.0  1.4  958.1  113.7  222.2  1.17  -1.26  -0.17  117.3
69848.0  1.4  957.7  113.7  222.2  1.05  -1.58  0.03  117.0
69849.0  1.6  958.2  113.8  222.2  0.87  -1.35  0.51  117.1
69850.0  1.5  958.0  113.9  222.3  0.76  -1.55  -0.42  117.6
69851.0  0.9  957.9  114.0  222.1  0.42  -0.32  -0.23  118.6
69852.0  0.8  957.9  114.1  222.2  0.60  1.24  0.28  117.5
69853.0  1.5  958.4  114.1  222.5  1.12  1.11  -0.39  118.3
69854.0  1.4  957.6  114.1  222.5  0.93  -0.06  -0.29  119.3
69855.0  1.3  958.4  114.2  222.5  0.64  -0.27  -0.26  119.5
69856.0  1.0  958.0  114.3  222.4  0.39  1.07  -0.63  120.0
69857.0  1.3  958.0  114.4  222.3  0.43  1.27  0.12  119.6
69858.0  0.8  957.8  114.5  222.5  0.32  0.94  -0.31  119.1
69859.0  1.0  957.8  114.5  222.4  0.51  0.66  -0.25  119.4
69860.0  0.4  957.8  114.6  222.4  0.65  1.04  -0.32  119.3
69861.0  1.3  958.0  114.6  222.4  1.24  0.85  0.01  119.8
69862.0  1.3  958.4  114.5  222.6  1.24  0.99  -0.19  119.5
69863.0  1.0  958.3  114.5  222.7  1.07  0.54  -0.53  118.9
69864.0  1.4  958.2  114.5  222.5  1.21  -0.43  -0.10  118.8
69865.0  1.5  957.9  114.5  222.5  1.39  -0.95  0.04  118.8
69866.0  0.9  958.2  114.5  222.5  1.04  -0.97  -0.37  118.3
69867.0  1.3  958.4  114.5  222.3  1.37  -0.61  -0.01  118.1
69868.0  0.9  958.4  114.4  222.3  1.47  -0.21  -0.22  118.9
69869.0  1.5  958.1  114.3  222.3  1.83  0.39  0.01  119.5
69870.0  1.5  958.4  114.2  222.5  1.82  1.60  -0.19  118.3
69871.0  0.9  958.1  114.1  222.6  1.53  2.38  -0.08  118.2
69872.0  1.4  958.5  114.0  222.9  1.87  1.46  -0.05  118.9
69873.0  1.6  958.1  113.9  223.1  1.97  -0.40  -0.55  118.6
69874.0  1.0  958.2  113.8  223.0  1.61  -0.70  -0.16  118.1
69875.0  1.1  958.3  113.7  222.9  1.81  -0.04  -0.12  118.0
69876.0  1.2  958.2  113.5  223.0  1.98  0.01  -0.27  117.5
69877.0  1.3  958.5  113.4  222.9  2.07  0.11  -0.39  117.1
69878.0  1.5  958.5  113.3  222.8  2.14  0.15  -0.19  117.1
69879.0  1.4  958.6  113.1  222.9  2.08  0.58  -0.20  117.2
69880.0  1.2  958.2  113.0  222.9  2.07  0.87  0.08  117.0
69881.0  1.2  958.4  112.9  223.1  2.16  0.52  -0.05  116.9
69882.0  1.4  958.4  112.7  223.3  2.24  0.34  -0.20  116.9
69883.0  1.3  958.1  112.6  223.3  2.26  0.27  -0.35  116.4
69884.0  1.4  958.5  112.4  223.2  2.29  0.14  -0.21  116.6
69885.0  1.5  958.4  112.3  223.2  2.30  0.14  -0.09  116.1
69886.0  1.5  958.2  112.1  223.3  2.31  -0.02  -0.06  116.0
69887.0  1.5  958.3  112.0  223.4  2.29  -0.64  -0.40  115.6
69888.0  1.5  958.1  111.9  223.2  2.28  -0.90  -0.43  115.0
69889.0  1.6  958.2  111.8  223.0  2.23  0.05  -0.06  114.9
69890.0  1.5  958.8  111.7  223.0  2.21  0.95  -0.09  114.7
69891.0  1.4  958.2  111.6  223.1  2.13  1.72  0.04  115.1
69892.0  1.4  958.6  111.5  223.4  2.10  2.26  0.08  115.6
69893.0  1.4  958.0  111.4  223.7  2.11  2.45  0.03  115.5
69894.0  1.5  958.4  111.3  224.1  2.14  1.51  -0.20  115.4
69895.0  1.4  958.2  111.2  224.2  2.10  0.17  -0.51  115.1
69896.0  1.5  958.1  111.1  224.1  2.08  0.42  -0.24  114.7
69897.0  1.4  958.1  111.0  224.2  2.15  1.30  -0.37  115.0
69898.0  1.7  958.4  110.9  224.2  2.17  2.64  -0.29  114.9
69899.0  1.5  958.3  110.9  224.4  2.01  3.76  -0.27  114.3
69900.0  1.6  958.5  110.8  224.6  2.05  3.84  0.09  114.0
69901.0  1.8  958.3  110.7  225.1  2.12  2.90  -0.22  113.6
69902.0  1.5  958.4  110.7  225.3  1.99  1.88  -0.52  113.2
69903.0  2.0  958.1  110.7  225.2  2.02  1.58  -0.56  113.4
69904.0  1.7  958.4  110.7  225.1  1.83  1.37  -0.42  114.1
69905.0  1.4  958.2  110.7  225.0  1.62  0.82  -0.19  114.2
69906.0  1.4  958.5  110.7  225.0  1.75  0.37  -0.05  114.2
69907.0  1.7  958.3  110.7  225.0  1.92  -0.19  0.17  113.4
69908.0  1.4  958.5  110.6  225.2  1.72  -0.04  0.37  113.3
69909.0  1.6  958.1  110.6  225.4  1.79  -0.01  -0.08  113.7
69910.0  1.6  958.3  110.6  225.5  1.89  -0.36  -0.16  113.5
69911.0  1.5  958.5  110.6  225.5  1.83  -0.63  -0.26  113.8
69912.0  1.7  958.1  110.6  225.5  1.88  -0.51  -0.43  114.3
69913.0  1.6  958.4  110.6  225.3  1.90  0.00  -0.40  114.0
69914.0  1.6  958.3  110.5  225.2  1.88  -0.12  -0.06  113.9
69915.0  1.5  958.4  110.5  225.3  1.90  -0.33  0.02  114.0
69916.0  1.6  958.4  110.5  225.4  2.02  -0.18  -0.06  113.9
69917.0  1.5  958.7  110.4  225.4  1.97  -0.29  -0.33  113.9
69918.0  1.6  958.1  110.4  225.4  2.01  -0.55  -0.44  114.3
69919.0  1.8  958.6  110.3  225.2  2.08  -0.50  -0.53  114.1
69920.0  1.8  958.4  110.3  224.9  1.98  -0.34  -0.28  113.5
69921.0  1.5  958.5  110.3  224.8  1.94  -0.12  -0.19  113.4
69922.0  1.7  958.8  110.2  224.8  2.00  0.63  -0.24  113.7
69923.0  1.6  958.3  110.2  224.8  2.04  0.62  -0.24  113.5
69924.0  1.6  958.5  110.2  224.8  2.02  0.49  -0.25  113.1
69925.0  1.6  958.6  110.1  224.8  2.12  0.43  -0.22  113.0
69926.0  1.8  958.8  110.1  224.8  2.23  0.41  0.04  112.4
69927.0  2.0  958.3  110.0  225.0  2.27  0.44  -0.17  112.8
69928.0  1.7  958.8  110.0  225.0  2.04  -0.05  -0.08  113.1
69929.0  1.7  958.5  110.0  225.0  2.02  -0.42  0.21  112.9
69930.0  1.7  958.6  109.9  225.2  2.15  0.24  0.02  112.7
69931.0  1.8  958.6  109.9  225.3  2.12  -0.19  -0.47  112.7
69932.0  1.6  958.7  109.9  225.2  2.07  -1.18  -0.40  112.6
69933.0  1.7  958.4  109.9  225.0  2.10  -1.98  -0.17  112.4
69934.0  1.8  958.5  109.8  224.9  2.16  -2.41  -0.26  112.4
69935.0  1.8  958.4  109.8  224.7  2.16  -1.79  -0.45  112.5
69936.0  1.8  958.1  109.7  224.4  2.15  -0.19  -0.26  112.6
69937.0  1.7  958.4  109.7  224.4  2.13  -0.12  -0.25  112.4
69938.0  1.9  958.4  109.7  224.4  2.16  -0.32  -0.32  112.2
69939.0  1.8  958.8  109.7  224.3  2.08  -0.34  -0.33  112.2
69940.0  1.7  958.6  109.7  224.2  2.06  -0.26  -0.29  112.2
69941.0  1.9  958.2  109.7  224.2  2.13  0.22  -0.10  111.8
69942.0  1.7  958.7  109.6  224.3  2.06  0.12  -0.05  111.9
69943.0  1.8  958.2  109.6  224.3  2.11  -0.76  0.23  112.0
69944.0  1.8  958.6  109.6  224.5  2.12  -1.26  -0.64  112.2
69945.0  1.8  958.6  109.6  224.2  2.08  -1.59  -0.51  112.2
69946.0  1.7  958.2  109.6  223.9  2.08  -2.24  -0.30  112.5
69947.0  1.9  958.7  109.5  223.6  2.12  -2.43  -0.31  112.7
69948.0  1.8  958.1  109.5  223.4  2.04  -1.14  -0.07  112.7
69949.0  1.7  959.0  109.5  223.3  2.03  -1.16  -0.01  113.1
69950.0  1.6  958.4  109.5  223.4  1.96  -1.15  -0.06  112.8
69951.0  1.6  958.6  109.5  223.4  1.92  -0.72  -0.06  112.7
69952.0  1.8  958.8  109.4  223.4  2.02  -1.26  -0.27  112.7
69953.0  1.7  958.5  109.4  223.3  1.99  -1.26  -0.23  112.7
69954.0  1.6  958.2  109.4  223.2  1.94  -0.41  -0.22  112.7
69955.0  1.9  958.6  109.4  223.2  2.03  0.26  -0.38  112.3
69956.0  1.7  958.2  109.4  223.1  1.89  -0.15  -0.33  112.3
69957.0  1.7  958.8  109.4  223.0  1.87  -0.38  -0.30  112.2
69958.0  1.8  958.6  109.4  223.0  1.98  -0.06  -0.07  112.2
69959.0  1.6  958.6  109.4  223.0  1.96  0.14  -0.13  112.6
69960.0  1.8  958.4  109.4  223.0  2.04  -0.65  -0.27  112.3
69961.0  2.0  958.8  109.4  223.0  2.06  -0.82  -0.72  111.7
69962.0  1.7  958.4  109.5  222.7  1.89  -0.19  -0.02  111.7
69963.0  1.6  958.5  109.5  222.7  1.92  0.23  -0.14  111.2
69964.0  2.5  958.6  109.5  222.8  2.17  0.90  -0.64  110.3
69965.0  1.8  958.4  109.6  222.6  1.83  0.58  -0.24  110.8
69966.0  1.5  958.3  109.6  222.6  1.74  0.49  -0.03  111.3
69967.0  1.9  958.3  109.6  222.7  2.07  0.65  -0.02  111.8
69968.0  1.8  958.1  109.6  222.8  2.03  0.48  -0.15  112.3
69969.0  1.6  958.2  109.6  222.9  1.94  0.28  0.10  112.9
69970.0  1.7  958.3  109.6  223.1  2.02  -0.49  -0.36  113.4
69971.0  1.8  958.3  109.6  223.0  2.04  -1.11  -0.15  113.4
69972.0  1.7  958.3  109.5  223.0  2.01  -0.69  -0.24  113.0
69973.0  1.6  958.6  109.5  222.9  1.92  -0.30  -0.25  113.4
69974.0  1.6  958.2  109.5  222.9  1.91  -0.68  -0.20  113.7
69975.0  1.8  958.3  109.5  222.9  1.99  -0.33  -0.40  113.0
69976.0  1.7  958.6  109.5  222.7  1.99  0.04  -0.42  112.9
69977.0  1.7  958.4  109.4  222.6  1.99  -0.55  -0.05  112.8
69978.0  1.7  958.6  109.4  222.6  2.05  -0.84  -0.21  112.9
69979.0  1.8  958.5  109.4  222.5  1.98  -0.38  -0.19  112.7
69980.0  1.9  958.3  109.4  222.5  2.00  0.01  -0.26  112.4
69981.0  1.6  958.5  109.4  222.4  1.97  -0.01  -0.34  112.7
69982.0  1.6  958.5  109.4  222.4  1.98  -0.01  -0.13  113.4
69983.0  1.6  958.6  109.3  222.4  2.12  0.02  -0.41  113.5
69984.0  1.7  958.3  109.3  222.3  2.17  0.13  -0.29  112.1
69985.0  1.9  958.6  109.3  222.2  2.14  0.56  0.13  112.0
69986.0  2.0  958.3  109.2  222.4  2.17  0.32  -0.21  112.6
69987.0  1.7  958.5  109.2  222.4  2.00  0.15  -0.25  112.8
69988.0  1.8  958.2  109.2  222.4  1.96  0.49  -0.28  113.0
69989.0  1.8  958.6  109.2  222.4  1.98  0.91  0.02  113.3
69990.0  1.8  958.3  109.2  222.5  1.94  1.05  -0.23  113.1
69991.0  1.5  958.4  109.2  222.7  1.79  2.24  0.15  113.8
69992.0  1.5  958.5  109.2  223.0  1.77  2.70  -0.17  113.8
69993.0  1.4  958.6  109.2  223.3  1.78  2.35  -0.09  113.9
69994.0  1.5  958.3  109.2  223.5  1.89  1.71  -0.24  113.7
69995.0  1.7  958.8  109.1  223.7  2.03  1.58  -0.26  113.4
69996.0  1.6  958.5  109.1  223.8  2.00  0.66  -0.23  113.2
69997.0  1.6  958.8  109.1  223.9  2.03  0.21  -0.19  113.0
69998.0  1.8  958.4  109.0  223.9  2.16  0.11  -0.25  112.5
69999.0  1.9  958.4  109.0  223.9  2.24  -0.10  -0.16  112.0
70000.0  2.0  958.7  109.0  224.0  2.20  -0.23  -0.15  112.0
70001.0  1.8  958.5  109.0  224.0  2.16  -0.22  -0.15  112.3
70002.0  1.9  958.7  108.9  224.0  2.11  -0.20  -0.09  112.3
70003.0  1.8  958.6  108.9  224.1  2.19  -0.18  -0.04  111.8
70004.0  1.9  958.6  108.9  224.3  2.17  -0.35  -0.10  111.9
70005.0  1.9  958.5  108.9  224.3  2.14  -0.27  -0.30  112.5
70006.0  1.6  958.5  108.8  224.3  2.03  -0.34  -0.28  113.0
70007.0  2.0  958.7  108.8  224.2  2.18  -0.67  -0.10  112.1
70008.0  1.9  958.6  108.8  224.2  2.19  -0.59  -0.26  111.8
70009.0  2.1  958.2  108.8  224.2  1.95  0.42  -0.21  109.9
70010.0  2.4  958.7  109.0  224.2  1.77  0.89  -0.55  109.7
70011.0  2.2  958.3  109.1  224.2  1.35  1.32  -0.39  110.3
70012.0  1.4  958.6  109.2  224.2  1.00  0.26  -0.45  111.7
70013.0  1.6  958.3  109.4  224.1  1.27  -0.28  -0.92  111.1
70014.0  2.3  958.6  109.5  223.6  1.50  -0.27  0.11  111.9
70015.0  1.6  958.7  109.6  223.6  1.20  0.14  -0.10  112.4
70016.0  1.1  958.5  109.8  223.6  0.97  0.46  -0.05  112.1
70017.0  1.5  958.5  109.8  223.7  1.41  0.43  -0.13  112.9
70018.0  1.8  958.3  109.9  223.7  1.69  0.58  -0.32  112.9
70019.0  1.7  958.6  109.9  223.6  1.54  0.42  -0.10  113.2
70020.0  1.5  958.3  110.0  223.7  1.50  0.31  0.02  113.1
70021.0  1.8  959.0  110.0  223.8  1.61  0.47  -0.20  113.5
70022.0  1.9  958.3  110.1  223.9  1.65  0.70  -0.21  113.3
70023.0  1.4  958.4  110.1  223.9  1.57  0.69  -0.25  113.7
70024.0  1.7  958.7  110.1  223.9  1.80  0.58  -0.20  113.7
70025.0  1.7  958.4  110.1  224.0  1.90  0.07  -0.25  113.7
70026.0  1.6  958.8  110.1  224.0  1.87  -0.24  -0.29  113.8
70027.0  1.8  958.8  110.1  223.9  2.07  -0.31  -0.24  113.6
70028.0  1.7  958.8  110.0  223.8  2.12  -0.22  -0.28  113.7
70029.0  1.6  959.1  110.0  223.8  2.24  -0.23  -0.04  113.8
70030.0  1.8  958.5  109.9  223.8  2.40  0.13  -0.07  113.1
70031.0  1.7  958.7  109.8  224.0  2.35  1.44  -0.23  112.9
70032.0  1.6  958.8  109.7  224.1  2.31  3.35  -0.01  113.4
70033.0  1.9  958.4  109.6  224.5  2.58  5.03  -0.02  113.0
70034.0  1.8  958.6  109.5  225.0  2.59  6.46  -0.08  113.0
70035.0  1.7  958.7  109.4  225.6  2.54  7.69  0.08  113.0
70036.0  2.0  958.6  109.3  226.5  2.64  8.50  -0.26  112.7
70037.0  1.7  958.7  109.3  227.2  2.60  8.89  -0.22  112.4
70038.0  1.8  958.7  109.2  228.0  2.59  8.00  -0.30  111.7
70039.0  2.0  958.7  109.1  228.7  2.57  6.31  -0.41  111.7
70040.0  1.9  958.4  109.0  229.0  2.50  4.05  -0.27  111.7
70041.0  1.9  958.7  109.0  229.4  2.45  2.91  -0.34  111.9
70042.0  1.8  958.5  108.9  229.5  2.36  2.78  -0.16  111.8
70043.0  1.7  958.4  108.9  229.7  2.38  1.91  -0.22  111.9
70044.0  1.8  958.8  108.8  229.8  2.35  -0.03  -0.22  112.2
70045.0  1.8  958.5  108.8  229.8  2.41  -1.39  -0.32  111.7
70046.0  1.8  958.4  108.7  229.6  2.48  -1.33  -1.05  111.5
70047.0  2.2  958.5  108.6  229.0  2.46  -1.47  -0.33  111.4
70048.0  2.2  958.0  108.6  228.7  2.36  -2.99  -0.15  111.4
70049.0  1.9  958.7  108.6  228.4  2.00  -3.71  -0.15  111.3
70050.0  1.9  958.4  108.6  228.1  1.76  -3.53  -0.37  110.6
70051.0  2.0  958.3  108.7  227.7  1.85  -2.63  0.01  110.1
70052.0  1.8  958.7  108.7  227.5  1.67  -2.85  0.23  110.4
70053.0  1.7  958.6  108.8  227.5  1.52  -3.08  -0.17  109.8
70054.0  1.7  958.3  108.9  227.3  1.63  -3.05  0.00  110.8
70055.0  1.5  959.0  109.0  227.2  1.62  -3.00  0.05  110.4
70056.0  2.5  958.6  109.1  227.0  1.87  -3.07  -0.76  111.1
70057.0  1.8  958.5  109.2  226.6  1.46  -2.52  -0.27  111.1
70058.0  1.7  958.2  109.3  226.4  1.32  -1.66  -0.09  111.5
70059.0  1.5  958.7  109.4  226.3  1.48  -0.98  -0.11  111.2
70060.0  1.9  958.3  109.5  226.2  1.65  -0.98  -0.05  111.6
70061.0  2.2  958.8  109.5  226.3  1.66  -0.75  0.03  111.8
70062.0  1.7  958.4  109.6  226.4  1.41  0.78  -0.13  111.1
70063.0  1.5  958.6  109.7  226.6  1.31  0.36  -0.10  112.4
70064.0  1.8  958.2  109.8  226.7  1.69  -0.99  -0.48  112.1
70065.0  1.8  958.7  109.9  226.6  1.75  -1.11  -0.50  111.9
70066.0  1.9  958.6  109.9  226.3  1.71  -1.35  -0.20  112.4
70067.0  2.0  958.6  110.0  226.2  1.73  -1.72  -0.25  112.1
70068.0  1.9  958.5  110.0  226.1  1.69  -1.53  -0.45  112.6
70069.0  2.2  958.8  110.1  225.9  1.62  -0.63  -0.32  112.6
70070.0  1.8  958.5  110.2  225.8  1.32  -0.67  -0.37  112.3
70071.0  1.4  958.6  110.3  225.6  1.16  -1.07  -0.37  112.2
70072.0  2.0  958.7  110.4  225.3  1.53  -0.46  -0.33  112.4
70073.0  1.9  958.5  110.5  225.2  1.39  -0.69  0.33  111.4
70074.0  1.1  958.8  110.6  225.4  1.19  -0.50  0.05  111.3
70075.0  1.2  958.3  110.7  225.6  1.47  -1.04  0.30  113.1
70076.0  1.8  958.6  110.7  225.7  2.07  -1.76  -0.55  113.2
70077.0  1.7  958.6  110.6  225.5  1.98  -2.29  -0.72  113.5
70078.0  1.9  958.4  110.6  225.0  1.99  -2.79  -0.69  113.4
70079.0  1.9  959.0  110.6  224.6  2.00  -2.78  -0.57  112.5
70080.0  1.6  958.9  110.6  224.2  1.85  -2.94  -0.14  112.9
70081.0  2.3  959.1  110.6  223.9  2.15  -3.05  -0.10  112.7
70082.0  2.0  958.8  110.6  223.7  2.02  -1.43  -0.06  112.3
70083.0  1.7  958.5  110.6  223.6  1.75  0.03  -0.15  112.7
70084.0  1.8  958.9  110.6  223.7  1.85  0.57  -0.25  112.7
70085.0  1.6  958.5  110.6  223.7  1.84  0.32  0.07  112.8
70086.0  1.3  958.6  110.6  223.8  1.86  -0.15  -0.34  112.5
70087.0  2.0  958.5  110.6  223.8  2.21  -0.50  -0.24  112.5
70088.0  1.6  958.6  110.6  223.7  2.14  -0.32  0.19  113.4
70089.0  1.8  958.4  110.5  223.9  2.17  -0.48  0.16  113.9
70090.0  1.5  958.7  110.4  224.0  1.95  -0.36  -0.06  114.4
70091.0  1.4  958.4  110.4  224.1  1.94  -0.59  0.24  114.5
70092.0  1.7  958.7  110.3  224.3  2.15  -0.73  -0.18  114.4
70093.0  1.6  958.7  110.3  224.4  2.02  -0.76  -0.27  113.9
70094.0  1.5  958.7  110.2  224.4  1.99  -1.02  -0.79  113.2
70095.0  1.8  958.3  110.2  224.0  2.14  -0.91  -0.63  112.8
70096.0  2.0  958.3  110.2  223.7  2.12  -0.55  -0.32  112.1
70097.0  1.9  958.5  110.2  223.6  1.93  0.05  0.28  112.2
70098.0  1.9  958.5  110.2  223.8  1.81  0.19  0.53  112.7
70099.0  1.5  958.3  110.2  224.2  1.61  0.04  -0.16  113.2
70100.0  1.6  958.5  110.2  224.3  1.82  -0.42  0.01  113.3
70101.0  1.8  958.3  110.3  224.5  1.97  -0.15  -0.40  112.1
70102.0  1.5  958.5  110.2  224.4  1.82  -0.29  -0.59  112.1
70103.0  1.9  958.4  110.3  224.2  1.91  -0.73  -0.69  112.4
70104.0  1.5  958.6  110.3  224.0  1.95  -0.16  -0.08  111.6
70105.0  2.0  958.8  110.3  224.0  2.08  0.88  -0.19  112.5
70106.0  2.2  958.2  110.3  224.1  2.04  0.67  -0.64  112.6
