flight/WP3D/AircraftMis_NP3_20130708_RA.ict
41  1001
Ken Aikin
NOAA ESRL Chemical Sciences Division
various aircraft sensors
SENEX 2013
1  1
2013  07  08  2013  07  08
1
AOCTimewave
8
1  1  1  1  1  1  1  1
-9999  -9999  -9999  -9999  -9999  -9999  -9999  -9999
Attack  deg
CabinPrs  mbar
GndSpd  m/s
Heading  deg
Pitch  deg
Roll  deg
Slip  deg
TrueAirSpd  m/s
1
SPECIAL COMMENTS:Fayetteville AR  then PP and BB.
18
PI_CONTACT_INFO: Address: NOAA ESRL Chemical Sciences Division  Mail Stop R/CSD7  325 Broadway  Boulder  CO 80305
PLATFORM: NOAA WP-3D
LOCATION: The aircraft was stationed in  Smyrna  Tennessee. Aircraft location information in AircraftPosition file.
ASSOCIATED_DATA: N/A
INSTRUMENT_INFO: N/A
DATA_INFO: Units: Attack degrees; CabinPrs millibar; GndSpd m/s; Heading degrees; Pitch degrees; Roll degrees; Slip degrees; TrueAirSpd m/s
UNCERTAINTY: N/A
ULOD_FLAG: -7777
ULOD_VALUE: N/A
LLOD_FLAG: -8888
LLOD_VALUE: N/A
DM_CONTACT_INFO: Data Manager:Ken Aikin; email:Kenneth.C.Aikin@noaa.gov
PROJECT_INFO: SENEX 2013 Study; June 1 - July 15  2013
STIPULATIONS_ON_USE: Use of these data require prior ok from PI.
OTHER_COMMENTS:       None
REVISION: RA
RA: Preliminary Data.  For in-field use.
AOCTimewave  Attack  CabinPrs  GndSpd  Heading  Pitch  Roll  Slip  TrueAirSpd
[from data line 17421]
72094.0  2.2  952.2  116.9  92.7  -3.62  -4.34  -1.66  117.1
72095.0  2.3  951.7  117.1  92.6  -3.64  -4.46  -1.67  117.1
72096.0  2.3  952.1  117.2  92.5  -3.52  -4.75  -1.71  117.1
72097.0  2.4  952.1  117.4  92.3  -3.37  -4.38  -1.65  117.1
72098.0  2.2  951.9  117.5  92.1  -3.55  -3.97  -1.54  117.3
72099.0  2.2  951.7  117.7  92.1  -3.62  -3.93  -1.63  117.3
72100.0  2.6  951.9  117.9  92.0  -3.34  -2.82  -1.59  117.1
72101.0  2.4  952.0  118.0  92.0  -3.46  -1.82  -1.56  117.1
72102.0  2.0  952.1  118.1  92.0  -3.71  -1.80  -1.63  117.3
72103.0  2.2  952.0  118.2  92.0  -3.51  -2.12  -1.41  117.1
72104.0  2.4  951.9  118.4  92.1  -3.31  -1.79  -1.41  117.3
72105.0  2.4  951.5  118.5  92.2  -3.38  -0.72  -1.53  117.4
72106.0  2.0  952.3  118.6  92.3  -3.70  -1.09  -1.40  117.6
72107.0  2.0  951.5  118.7  92.5  -3.94  -1.07  -1.55  118.0
72108.0  2.0  952.4  118.8  92.5  -3.87  -1.42  -1.51  118.1
72109.0  2.4  952.1  119.0  92.5  -3.53  -1.24  -1.50  117.6
72110.0  2.3  952.0  119.1  92.6  -3.44  -0.91  -1.24  117.7
72111.0  2.4  952.1  119.3  92.8  -3.34  -0.44  -1.60  117.6
72112.0  2.0  951.9  119.3  92.9  -3.58  -0.30  -1.47  117.4
72113.0  1.9  951.8  119.4  92.9  -3.76  -0.63  -1.47  117.6
72114.0  2.1  952.3  119.5  93.0  -3.75  -0.41  -1.43  117.7
72115.0  1.9  952.0  119.6  93.1  -3.95  -0.61  -1.22  117.9
72116.0  1.9  951.9  119.7  93.3  -4.15  -0.92  -1.29  118.3
72117.0  1.8  952.4  119.9  93.5  -4.40  -1.27  -1.23  118.2
72118.0  2.0  952.6  120.1  93.6  -4.39  -1.16  -1.37  118.9
72119.0  1.9  952.1  120.3  93.7  -4.40  -0.62  -1.41  119.2
72120.0  1.9  952.0  120.4  93.7  -4.45  -0.59  -1.31  119.8
72121.0  2.1  952.5  120.7  93.9  -4.21  -0.05  -1.27  119.9
72122.0  2.0  952.6  120.8  94.1  -4.10  0.30  -1.11  120.2
72123.0  1.8  952.1  121.0  94.5  -4.23  0.05  -1.29  120.2
72124.0  1.9  952.1  121.1  94.6  -4.22  -0.57  -1.40  120.1
72125.0  2.1  952.0  121.3  94.8  -4.03  -0.21  -1.17  120.0
72126.0  2.0  951.9  121.4  95.0  -4.01  -0.08  -1.31  120.5
72127.0  1.9  952.8  121.6  95.1  -3.94  0.25  -1.29  120.6
72128.0  1.8  951.8  121.7  95.3  -3.83  0.58  -1.27  120.0
72129.0  1.9  952.0  121.7  95.5  -3.80  0.90  -1.18  120.1
72130.0  1.7  952.4  121.8  95.7  -4.03  0.59  -1.08  119.9
72131.0  1.6  952.2  121.9  96.1  -4.36  -0.05  -1.24  120.1
72132.0  1.7  951.9  122.0  96.2  -4.40  0.17  -1.25  120.2
72133.0  1.8  952.5  122.2  96.4  -4.33  0.94  -1.25  120.5
72134.0  1.9  952.3  122.3  96.6  -4.32  2.07  -1.18  120.2
72135.0  2.1  952.3  122.5  96.9  -4.01  2.35  -1.17  120.0
72136.0  2.0  952.9  122.6  97.3  -3.69  2.17  -1.29  120.0
72137.0  2.0  952.0  122.7  97.6  -3.42  1.39  -1.34  120.0
72138.0  1.9  952.5  122.7  97.8  -3.13  0.96  -1.23  119.9
72139.0  1.8  952.4  122.6  98.0  -3.08  0.39  -1.07  119.9
72140.0  1.9  952.2  122.6  98.2  -2.87  -1.24  -1.19  120.0
72141.0  2.0  952.0  122.5  98.3  -2.71  -2.78  -1.25  120.6
72142.0  1.7  952.2  122.4  98.3  -2.78  -5.65  -1.38  120.9
72143.0  1.5  952.4  122.3  97.9  -2.84  -9.26  -1.57  121.0
72144.0  1.8  951.9  122.2  97.0  -2.62  -12.11  -1.52  120.5
72145.0  2.0  952.1  122.2  95.9  -2.41  -13.44  -1.45  120.5
72146.0  1.8  952.7  122.1  94.8  -2.48  -14.31  -1.21  120.3
72147.0  1.8  952.0  122.0  93.8  -2.59  -15.03  -1.11  120.1
72148.0  2.2  952.5  122.0  92.7  -2.21  -15.14  -1.22  119.7
72149.0  2.3  952.3  121.9  91.6  -1.89  -14.74  -1.23  119.4
72150.0  2.5  952.2  121.8  90.5  -1.60  -14.56  -1.36  119.5
72151.0  1.9  951.8  121.7  89.4  -1.57  -14.23  -1.32  119.6
72152.0  1.7  952.6  121.5  88.4  -1.77  -13.75  -1.34  119.6
72153.0  1.6  952.2  121.3  87.4  -2.14  -12.33  -1.17  119.4
72154.0  1.7  952.0  121.1  86.6  -2.29  -10.81  -1.16  119.3
72155.0  1.9  952.5  120.9  85.9  -2.14  -10.10  -1.16  119.3
72156.0  2.1  952.3  120.8  85.2  -1.92  -10.72  -1.29  119.0
72157.0  2.2  952.2  120.6  84.5  -1.71  -11.49  -1.36  119.1
72158.0  2.1  952.5  120.5  83.6  -1.71  -11.95  -1.35  118.6
72159.0  1.4  952.2  120.2  82.7  -1.94  -12.72  -1.47  117.8
72160.0  1.9  952.3  120.1  81.6  -1.97  -13.03  -1.29  117.4
72161.0  1.7  951.9  119.9  80.5  -2.10  -13.14  -1.23  117.0
72162.0  2.0  952.3  119.7  79.5  -1.94  -13.41  -1.07  117.0
72163.0  2.1  952.4  119.5  78.6  -1.68  -13.79  -1.31  116.9
72164.0  2.2  952.3  119.3  77.5  -1.65  -13.67  -1.00  116.8
72165.0  2.3  952.5  119.1  76.6  -1.50  -13.76  -0.67  117.0
72166.0  2.4  952.5  118.9  76.0  -1.28  -12.98  -0.82  116.5
72167.0  1.9  952.1  118.7  75.5  -1.42  -12.18  -1.13  116.5
72168.0  1.9  952.0  118.5  74.8  -1.55  -10.77  -1.08  116.0
72169.0  2.2  952.3  118.3  74.1  -1.34  -9.86  -1.49  115.1
72170.0  2.6  952.3  118.0  73.2  -0.89  -9.39  -1.32  114.3
72171.0  2.7  952.5  117.8  72.5  -0.67  -8.23  -1.01  113.8
72172.0  2.4  952.7  117.5  72.0  -0.56  -6.83  -0.72  113.7
72173.0  2.5  952.4  117.1  71.8  -0.57  -5.17  -1.18  113.2
72174.0  2.2  952.6  116.8  71.6  -1.01  -4.70  -0.71  112.6
72175.0  2.0  952.3  116.5  71.5  -1.24  -4.39  -0.97  112.7
72176.0  2.0  952.6  116.3  71.5  -1.37  -4.13  -1.44  111.8
72177.0  2.4  952.4  116.0  71.0  -1.30  -4.20  -1.30  112.0
72178.0  2.4  952.1  115.7  70.7  -1.23  -4.54  -1.06  111.9
72179.0  2.6  952.5  115.5  70.4  -1.09  -4.06  -1.04  112.0
72180.0  2.7  952.4  115.3  70.3  -0.87  -2.97  -1.23  111.6
72181.0  2.6  952.7  115.0  70.1  -0.85  -1.66  -0.51  111.5
72182.0  2.3  952.7  114.7  70.4  -1.12  -0.03  -0.76  111.3
72183.0  2.4  952.7  114.5  70.7  -1.39  0.62  -1.00  111.1
72184.0  2.6  952.5  114.3  71.0  -1.25  0.68  -1.04  110.7
72185.0  2.6  953.0  114.0  71.2  -1.18  0.92  -1.02  110.5
72186.0  2.5  952.8  113.8  71.5  -1.22  1.36  -0.83  110.1
72187.0  2.4  953.2  113.6  71.9  -1.40  0.77  -1.19  109.8
72188.0  2.6  952.9  113.3  72.0  -1.28  0.03  -1.21  109.8
72189.0  2.6  953.2  113.1  72.1  -1.38  -0.62  -1.01  109.8
72190.0  2.6  953.0  112.9  72.2  -1.48  -0.77  -0.97  110.0
72191.0  2.5  953.4  112.8  72.4  -1.32  -1.32  -1.10  109.7
72192.0  2.8  953.0  112.6  72.4  -1.05  -1.94  -1.04  109.7
72193.0  2.7  953.1  112.3  72.4  -0.95  -2.56  -1.32  109.4
72194.0  2.8  953.1  112.1  72.2  -1.06  -2.58  -1.63  109.1
72195.0  2.3  953.3  111.9  71.6  -1.41  -2.10  -1.06  109.3
72196.0  2.4  953.5  111.7  71.4  -1.55  -1.58  -0.50  109.2
72197.0  2.8  953.4  111.5  71.6  -1.46  -2.08  -0.61  108.9
72198.0  2.7  954.0  111.4  71.9  -1.42  -2.70  -1.03  109.2
72199.0  2.7  953.4  111.2  71.9  -1.47  -3.31  -1.04  109.1
72200.0  2.5  953.6  111.1  71.7  -1.63  -2.86  -1.10  109.2
72201.0  2.3  953.7  110.9  71.6  -1.84  -2.49  -0.92  109.8
72202.0  2.7  954.1  110.8  71.6  -1.80  -1.28  -0.81  109.6
72203.0  2.7  954.1  110.7  71.8  -1.81  -0.15  -0.59  109.1
72204.0  2.6  953.7  110.6  72.2  -1.92  -0.04  -1.09  109.7
72205.0  2.5  955.2  110.5  72.4  -2.15  -0.07  -1.21  110.0
72206.0  2.6  954.2  110.4  72.4  -2.23  -0.05  -1.35  110.2
72207.0  2.2  954.7  110.3  72.3  -2.14  -0.28  -1.01  109.6
72208.0  2.8  954.3  110.2  72.4  -1.91  -0.46  -0.85  109.5
72209.0  2.7  954.0  110.1  72.6  -1.83  -0.40  -0.87  109.3
72210.0  2.8  954.6  110.0  72.8  -1.81  -0.56  -0.76  109.2
72211.0  2.6  955.0  109.9  73.1  -1.97  -2.04  -1.39  108.8
72212.0  2.6  955.2  109.9  72.9  -2.33  -3.22  -1.35  108.7
72213.0  2.3  954.6  109.8  72.5  -2.56  -3.61  -1.07  108.8
72214.0  2.6  955.3  109.8  72.3  -2.38  -3.85  -1.03  109.0
72215.0  2.9  955.3  109.9  72.1  -2.02  -4.66  -1.03  108.6
72216.0  2.7  955.7  109.9  71.9  -1.95  -5.30  -1.22  108.2
72217.0  2.3  955.9  109.8  71.4  -2.10  -5.99  -1.37  108.2
72218.0  2.7  955.9  109.7  70.8  -2.10  -9.13  -1.38  107.7
72219.0  2.8  956.9  109.7  69.9  -2.06  -11.57  -1.54  108.7
72220.0  2.7  956.5  109.7  68.8  -2.11  -12.89  -1.25  108.6
72221.0  2.9  956.6  109.8  67.6  -1.67  -12.85  -1.24  108.8
72222.0  2.7  956.8  109.7  66.4  -1.49  -12.75  -0.80  108.5
72223.0  2.9  956.7  109.6  65.5  -1.33  -13.22  -1.01  108.1
72224.0  2.9  956.5  109.5  64.5  -1.16  -13.28  -1.24  107.6
72225.0  3.2  957.0  109.5  63.4  -1.03  -12.44  -0.99  107.0
72226.0  3.1  956.8  109.3  62.5  -1.07  -11.70  -0.78  106.8
72227.0  2.5  957.1  109.2  61.9  -1.40  -10.57  -1.08  106.9
72228.0  2.6  957.3  109.1  61.2  -1.80  -10.24  -0.86  106.7
72229.0  2.8  957.7  109.1  60.5  -1.76  -11.13  -0.96  106.3
72230.0  2.8  957.5  109.1  59.8  -1.78  -11.98  -1.29  105.8
72231.0  2.7  957.4  109.0  58.8  -1.83  -11.74  -1.49  106.0
72232.0  3.1  958.5  109.0  57.7  -1.66  -11.50  -1.48  106.3
72233.0  3.1  958.0  109.0  56.6  -1.63  -10.75  -1.20  106.6
72234.0  2.8  957.8  109.0  55.7  -1.84  -8.17  -0.80  106.5
72235.0  2.7  958.5  108.9  55.2  -1.79  -6.17  -0.61  106.0
72236.0  3.0  958.7  108.9  55.0  -1.64  -4.57  -0.67  106.0
72237.0  3.4  959.1  108.8  54.9  -0.95  -2.89  -0.82  105.9
72238.0  3.5  958.7  108.7  54.8  -0.07  -2.47  -1.02  105.7
72239.0  3.1  959.5  108.8  54.7  0.08  -1.74  -1.26  106.0
72240.0  2.6  959.5  108.9  54.2  -0.32  -0.34  -0.78  105.1
72241.0  2.6  959.8  109.0  54.1  -0.46  0.08  -0.45  105.0
72242.0  2.7  959.9  109.4  54.3  -0.38  0.09  -0.73  105.2
72243.0  2.5  959.1  110.0  54.3  -0.57  1.35  -0.56  106.4
72244.0  2.7  959.9  110.8  54.5  -0.41  2.15  -0.20  106.7
72245.0  2.6  959.9  111.5  54.9  -0.17  2.06  -0.20  107.5
72246.0  2.5  959.7  112.2  55.4  0.14  1.49  -0.52  108.3
72247.0  2.2  960.1  112.9  55.8  0.37  0.69  -0.92  109.2
72248.0  2.3  959.9  113.4  55.8  0.86  1.47  -0.67  109.8
72249.0  2.5  960.1  113.8  55.9  1.25  1.20  -0.59  110.3
72250.0  3.1  960.1  114.2  56.1  1.68  1.17  -0.91  110.5
72251.0  2.9  959.8  114.5  56.0  2.30  1.96  -0.60  110.5
72252.0  1.8  959.9  114.7  56.1  2.37  2.28  -0.38  112.1
72253.0  0.8  960.1  114.8  56.3  1.63  1.22  -0.15  112.0
72254.0  1.7  959.8  114.9  56.7  2.05  0.80  -0.49  111.8
72255.0  1.9  960.1  115.0  56.8  2.08  1.30  -0.64  112.1
72256.0  1.9  960.0  115.1  56.9  1.83  2.01  -0.58  112.8
72257.0  1.8  959.8  115.2  57.1  1.67  3.38  -0.82  112.6
72258.0  1.5  959.7  115.3  57.3  1.53  3.65  -0.28  112.1
72259.0  1.8  959.9  115.5  57.9  1.69  3.71  -0.38  112.5
72260.0  1.8  960.1  115.5  58.4  1.79  2.74  -0.60  112.8
72261.0  1.8  959.9  115.6  58.8  1.83  0.70  -1.18  113.9
72262.0  2.2  960.2  115.7  58.7  1.91  0.46  -1.18  113.5
72263.0  2.0  960.3  115.8  58.4  1.69  -0.10  -0.10  113.0
72264.0  2.1  960.4  115.9  58.7  1.50  -0.66  -1.22  114.4
72265.0  1.8  960.0  116.1  58.4  1.16  -1.06  -0.58  113.5
72266.0  1.9  960.4  116.3  58.3  1.17  -0.68  -0.17  113.6
72267.0  1.6  960.5  116.4  58.7  1.07  -0.20  -0.77  112.8
72268.0  1.3  960.0  116.6  58.8  1.18  -0.29  -0.67  112.6
72269.0  1.8  959.9  116.8  58.9  1.51  -1.36  -1.18  112.3
72270.0  1.7  959.8  116.9  58.7  1.62  -1.46  -1.12  112.6
72271.0  1.6  960.3  117.0  58.4  1.65  -1.10  -0.73  113.0
72272.0  1.8  960.5  117.1  58.4  1.87  -1.31  -0.52  113.7
72273.0  1.8  960.4  117.1  58.4  1.83  -1.22  -1.02  115.1
72274.0  1.6  960.4  117.2  58.3  1.72  -1.10  -0.67  114.7
72275.0  1.8  960.6  117.2  58.4  1.79  -1.44  -1.04  115.1
72276.0  1.6  960.2  117.3  58.2  1.70  -1.90  -0.75  115.1
72277.0  1.6  960.3  117.3  58.1  1.75  -1.42  -0.58  114.9
72278.0  1.6  960.6  117.3  58.2  1.88  -0.46  -1.04  114.9
72279.0  1.9  960.1  117.4  58.1  1.93  -0.47  -0.82  114.6
72280.0  1.7  960.5  117.4  58.1  1.81  -0.29  -0.59  114.9
72281.0  1.7  960.5  117.4  58.4  1.77  -0.37  -0.52  115.7
72282.0  1.6  960.2  117.5  58.7  1.72  -1.23  -0.92  114.9
72283.0  1.4  960.5  117.5  58.6  1.65  -1.76  -1.35  114.5
72284.0  1.6  960.4  117.5  58.2  1.85  -1.89  -0.92  114.9
72285.0  1.8  960.3  117.6  58.0  1.94  -0.45  -0.90  115.8
72286.0  1.5  960.3  117.6  57.9  1.77  0.50  -0.56  115.4
72287.0  1.6  960.6  117.6  58.1  1.70  -0.30  -0.64  114.9
72288.0  1.7  960.6  117.6  58.4  1.70  -0.95  -0.95  115.0
72289.0  1.5  960.6  117.7  58.4  1.67  -0.79  -0.61  115.1
72290.0  1.4  960.7  117.7  58.5  1.84  -0.45  -1.01  115.3
72291.0  1.8  960.6  117.7  58.5  1.95  -0.49  -0.70  115.9
72292.0  1.4  960.7  117.7  58.6  1.79  -0.80  -0.76  115.9
72293.0  1.6  960.5  117.7  58.7  1.86  -1.06  -0.96  115.5
72294.0  1.7  960.6  117.7  58.6  1.89  -0.77  -1.42  115.4
72295.0  1.5  960.7  117.7  58.2  1.65  -0.67  -1.06  115.7
72296.0  1.5  960.4  117.7  58.0  1.73  -0.47  -0.81  115.3
72297.0  1.5  960.6  117.7  58.1  1.84  -0.09  -0.59  115.4
72298.0  1.6  960.5  117.7  58.3  1.90  0.01  -0.70  115.6
72299.0  1.6  960.6  117.7  58.5  1.92  -0.24  -0.69  115.9
72300.0  1.6  960.4  117.7  58.7  1.84  -0.66  -0.72  115.9
72301.0  1.8  960.2  117.7  58.9  1.73  -0.77  -1.01  116.0
72302.0  1.2  960.5  117.7  58.9  1.43  -0.91  -1.24  115.8
72303.0  1.4  960.3  117.7  58.6  1.64  -1.29  -1.26  116.2
72304.0  1.7  960.6  117.7  58.3  1.92  -0.82  -1.05  116.0
72305.0  1.4  960.2  117.7  58.1  1.68  -0.78  -0.23  116.6
72306.0  1.4  960.4  117.7  58.5  1.82  -0.81  -0.18  115.9
72307.0  1.5  960.5  117.7  58.9  1.90  -0.64  -0.97  115.3
72308.0  1.6  960.6  117.7  59.0  1.87  -0.87  -1.08  115.6
72309.0  1.6  960.6  117.7  58.9  1.85  -1.70  -0.96  115.5
72310.0  1.6  960.8  117.7  58.9  1.90  -1.66  -1.07  115.9
72311.0  1.5  960.9  117.7  58.7  1.89  -1.73  -0.84  116.2
72312.0  1.4  960.3  117.6  58.7  1.98  -1.28  -1.02  115.9
72313.0  1.7  960.4  117.6  58.6  2.18  -0.92  -1.19  115.1
72314.0  1.8  960.1  117.5  58.4  2.18  -1.57  -0.90  115.7
72315.0  1.4  960.8  117.5  58.3  2.07  -2.03  -0.63  116.2
72316.0  1.5  960.8  117.4  58.4  2.17  -0.70  -1.22  115.9
72317.0  2.0  961.0  117.4  58.2  2.24  0.11  -1.15  114.9
72318.0  2.0  960.7  117.3  58.2  2.08  -0.64  -1.00  114.6
72319.0  1.8  960.4  117.3  58.2  1.76  -1.98  -0.65  114.6
72320.0  0.9  960.8  117.4  58.2  1.69  -2.17  -0.72  114.4
72321.0  1.7  960.4  117.4  58.2  2.08  -1.40  -0.69  114.5
72322.0  2.7  960.4  117.4  58.3  2.23  -1.56  -0.67  116.3
72323.0  1.8  961.6  117.4  58.5  1.34  -2.34  -1.31  117.2
72324.0  1.3  960.7  117.5  58.2  0.74  -2.48  -1.14  116.9
72325.0  1.3  960.8  117.7  57.9  0.72  -2.60  -0.75  117.3
72326.0  1.2  960.4  117.8  57.9  0.68  -1.19  -0.86  117.4
72327.0  1.1  960.3  118.0  57.9  0.62  -0.84  -0.90  116.3
72328.0  1.1  960.8  118.1  57.9  0.59  -0.63  -0.23  115.9
72329.0  1.1  960.2  118.2  58.4  0.65  -0.38  -1.43  116.5
72330.0  1.2  960.5  118.4  58.1  0.78  -0.97  -1.31  117.0
72331.0  1.3  960.3  118.5  57.8  0.91  -1.54  -0.72  117.6
72332.0  1.7  960.6  118.6  57.8  0.99  -1.38  -0.29  117.6
72333.0  1.0  960.4  118.7  58.2  0.75  -0.33  0.12  116.8
72334.0  1.3  960.9  118.8  59.0  1.00  0.15  -0.78  115.9
72335.0  1.8  960.8  118.9  59.4  1.42  -0.24  -1.43  116.1
72336.0  1.4  960.8  119.0  59.3  1.31  -1.51  -1.30  116.2
72337.0  1.7  960.5  119.0  59.0  1.48  -1.94  -0.94  116.8
72338.0  1.5  961.2  119.0  58.9  1.60  -1.59  -0.93  117.0
72339.0  1.5  961.1  119.0  58.8  1.63  -0.88  -1.25  116.8
72340.0  1.5  961.2  119.0  58.6  1.81  -0.61  -1.20  116.4
72341.0  2.0  960.8  119.0  58.4  2.07  -1.16  -1.25  116.5
72342.0  1.6  961.4  118.9  58.2  1.89  -0.96  -1.04  116.5
72343.0  1.6  961.1  118.9  58.0  1.85  -0.39  -0.42  116.5
72344.0  1.5  961.1  118.9  58.4  1.93  0.26  -0.77  117.1
72345.0  1.6  961.0  118.8  58.6  1.95  -0.28  -0.89  117.2
72346.0  1.4  961.2  118.7  58.7  1.84  -0.97  -1.08  117.3
72347.0  1.4  961.0  118.7  58.7  1.87  -0.82  -0.87  117.8
72348.0  1.4  961.2  118.6  58.7  1.91  -0.82  -0.56  118.0
72349.0  1.3  961.0  118.5  59.0  1.87  -0.67  -0.73  117.7
72350.0  1.4  961.4  118.5  59.2  1.86  -0.38  -0.86  117.1
72351.0  1.4  961.0  118.4  59.3  1.80  -0.43  -1.11  116.9
72352.0  1.3  961.2  118.4  59.2  1.69  -0.76  -1.14  116.6
72353.0  1.3  960.9  118.4  59.1  1.76  -0.81  -1.10  116.3
72354.0  1.6  960.7  118.3  58.9  1.92  -0.26  -1.30  116.2
72355.0  1.7  961.3  118.3  58.7  1.92  0.20  -1.07  115.3
72356.0  1.7  961.1  118.3  58.7  1.76  0.15  -0.88  115.9
