flight/WP3D/AircraftPos_NP3_20130623_RA.ict
38  1001
Ken Aikin
NOAA ESRL Chemical Sciences Division
various aircraft sensors
SENEX 2013
1  1
2013  06  23  2013  06  23
1
AOCTimewave
5
1  1  1  1  1 
-9999  -9999  -9999  -9999  -9999
GpsLat  deg
GpsLon  deg
GpsAlt  m
PAlt  m
RAlt  m
1
SPECIAL COMMENTS:Indianapolis and Nashville PP.
18
PI_CONTACT_INFO: Address: NOAA ESRL Chemical Sciences Division  Mail Stop R/CSD7  325 Broadway  Boulder  CO 80305
PLATFORM: NOAA WP-3D
LOCATION: The aircraft was stationed in Smyrna  Tennessee. Aircraft location information in AircraftPosition file.
ASSOCIATED_DATA: N/A
INSTRUMENT_INFO: N/A
DATA_INFO: Units:GpsLat:decimal degrees; GpsLon: decimal degrees; GpsAlt: meters; PAlt:meters; RAlt: meters.
UNCERTAINTY: N/A
ULOD_FLAG: -7777
ULOD_VALUE: N/A
LLOD_FLAG: -8888
LLOD_VALUE: N/A
DM_CONTACT_INFO: Data Manager:Ken Aikin; email:Kenneth.C.Aikin@noaa.gov
PROJECT_INFO: SENEX 2013 Study; June 1 - July 15  2013
STIPULATIONS_ON_USE: Use of these data require prior ok from PI.
OTHER_COMMENTS:       None
REVISION: RA
RA: Preliminary Data.  For in-field use.
AOCTimewave  GpsLat  GpsLon  GpsAlt  PAlt  RAlt
[from data line 13964]
68467.0  38.0816   -85.0506    789.9    696.0    548.1
68468.0  38.0808   -85.0514    789.6    694.9    546.5
68469.0  38.0800   -85.0522    788.8    693.5    536.7
68470.0  38.0793   -85.0530    788.2    694.5    528.1
68471.0  38.0785   -85.0539    787.6    694.2    530.6
68472.0  38.0777   -85.0547    786.9    692.9    531.2
68473.0  38.0770   -85.0555    786.4    691.1    531.9
68474.0  38.0762   -85.0563    786.4    691.1    533.7
68475.0  38.0754   -85.0571    786.4    690.7    538.1
68476.0  38.0747   -85.0579    785.9    690.7    540.3
68477.0  38.0739   -85.0587    785.2    691.0    538.3
68478.0  38.0731   -85.0595    785.2    690.2    538.4
68479.0  38.0724   -85.0603    784.7    688.9    531.6
68480.0  38.0716   -85.0611    783.9    688.5    536.0
68481.0  38.0708   -85.0619    783.9    689.6    538.6
68482.0  38.0701   -85.0627    784.8    688.5    540.2
68483.0  38.0693   -85.0635    785.2    688.6    542.8
68484.0  38.0685   -85.0643    785.2    690.6    552.3
68485.0  38.0678   -85.0651    785.2    691.3    557.2
68486.0  38.0670   -85.0659    785.2    691.6    542.8
68487.0  38.0663   -85.0667    786.3    690.9    550.3
68488.0  38.0655   -85.0676    786.4    691.8    547.2
68489.0  38.0647   -85.0684    786.6    691.8    549.9
68490.0  38.0640   -85.0691    787.6    692.2    551.8
68491.0  38.0632   -85.0699    787.9    692.5    557.0
68492.0  38.0625   -85.0707    788.8    692.9    561.5
68493.0  38.0617   -85.0715    788.8    693.2    557.9
68494.0  38.0609   -85.0723    788.8    693.4    555.7
68495.0  38.0602   -85.0731    789.1    694.0    564.3
68496.0  38.0594   -85.0739    790.0    696.4    569.6
68497.0  38.0587   -85.0747    790.0    695.7    568.7
68498.0  38.0579   -85.0755    790.0    697.1    573.6
68499.0  38.0572   -85.0763    790.0    695.8    558.3
68500.0  38.0564   -85.0771    790.4    696.8    558.7
68501.0  38.0557   -85.0779    791.6    699.7    560.3
68502.0  38.0549   -85.0787    792.5    698.8    558.3
68503.0  38.0541   -85.0795    793.7    699.9    558.7
68504.0  38.0534   -85.0803    794.9    701.2    561.1
68505.0  38.0526   -85.0811    794.9    699.3    563.4
68506.0  38.0519   -85.0819    794.9    699.7    561.5
68507.0  38.0511   -85.0827    794.9    699.7    560.3
68508.0  38.0504   -85.0835    795.2    700.5    566.4
68509.0  38.0496   -85.0843    794.9    699.2    565.8
68510.0  38.0488   -85.0851    794.0    698.9    565.4
68511.0  38.0481   -85.0859    793.1    698.2    560.0
68512.0  38.0473   -85.0868    792.5    699.4    559.1
68513.0  38.0466   -85.0876    792.5    699.1    555.5
68514.0  38.0458   -85.0884    792.2    697.5    564.3
68515.0  38.0450   -85.0892    791.3    696.0    568.1
68516.0  38.0443   -85.0901    790.3    695.6    568.9
68517.0  38.0435   -85.0909    790.0    695.2    566.6
68518.0  38.0428   -85.0918    789.9    695.1    569.2
68519.0  38.0420   -85.0926    788.5    693.7    571.1
68520.0  38.0413   -85.0935    786.9    692.2    580.3
68521.0  38.0406   -85.0943    785.8    691.6    582.0
68522.0  38.0398   -85.0952    785.2    691.3    589.9
68523.0  38.0391   -85.0961    784.1    689.1    585.6
68524.0  38.0384   -85.0969    784.1    690.0    591.7
68525.0  38.0376   -85.0978    785.2    691.6    596.6
68526.0  38.0369   -85.0987    784.0    690.3    600.0
68527.0  38.0362   -85.0996    784.4    689.9    598.7
68528.0  38.0355   -85.1005    785.2    691.0    587.5
68529.0  38.0347   -85.1014    786.2    692.1    587.3
68530.0  38.0340   -85.1022    786.4    692.1    581.2
68531.0  38.0333   -85.1031    786.4    693.2    595.2
68532.0  38.0326   -85.1040    786.4    691.4    597.6
68533.0  38.0319   -85.1049    786.4    691.0    600.5
68534.0  38.0312   -85.1058    786.4    692.5    593.1
68535.0  38.0304   -85.1067    786.8    691.0    597.1
68536.0  38.0297   -85.1076    787.6    692.1    598.6
68537.0  38.0290   -85.1085    787.6    691.4    599.8
68538.0  38.0283   -85.1094    788.0    690.7    597.9
68539.0  38.0276   -85.1103    788.8    691.5    602.5
68540.0  38.0269   -85.1111    788.8    692.1    605.1
68541.0  38.0262   -85.1120    788.8    692.8    605.9
68542.0  38.0255   -85.1129    788.8    694.4    606.3
68543.0  38.0248   -85.1138    788.8    694.2    587.4
68544.0  38.0240   -85.1147    788.4    694.1    582.2
68545.0  38.0233   -85.1156    787.6    692.7    588.4
68546.0  38.0226   -85.1165    787.6    693.5    597.0
68547.0  38.0219   -85.1174    787.6    694.3    590.7
68548.0  38.0212   -85.1183    787.6    692.4    588.0
68549.0  38.0205   -85.1192    787.6    690.9    590.3
68550.0  38.0198   -85.1201    787.6    691.5    591.9
68551.0  38.0191   -85.1210    787.6    692.0    590.6
68552.0  38.0184   -85.1219    787.6    694.1    587.4
68553.0  38.0177   -85.1228    787.6    694.9    588.8
68554.0  38.0170   -85.1237    787.1    693.8    589.4
68555.0  38.0163   -85.1246    786.4    692.3    596.6
68556.0  38.0156   -85.1255    786.4    690.0    599.4
68557.0  38.0149   -85.1264    785.6    689.6    598.1
68558.0  38.0142   -85.1273    785.5    689.3    583.3
68559.0  38.0135   -85.1282    786.4    690.8    579.7
68560.0  38.0128   -85.1291    787.2    691.4    567.9
68561.0  38.0121   -85.1300    788.6    693.0    572.2
68562.0  38.0114   -85.1309    789.9    694.2    586.7
68563.0  38.0107   -85.1318    791.7    696.7    590.4
68564.0  38.0100   -85.1328    793.3    698.7    578.2
68565.0  38.0093   -85.1337    793.8    699.1    571.3
68566.0  38.0086   -85.1346    794.9    701.0    580.7
68567.0  38.0079   -85.1355    794.9    700.8    584.7
68568.0  38.0072   -85.1364    794.9    700.6    577.4
68569.0  38.0065   -85.1373    794.9    701.4    573.6
68570.0  38.0058   -85.1383    793.7    699.2    579.6
68571.0  38.0051   -85.1392    792.8    699.9    597.6
68572.0  38.0044   -85.1401    791.5    698.1    603.5
68573.0  38.0037   -85.1410    790.5    696.5    602.0
68574.0  38.0030   -85.1420    788.5    694.6    595.7
68575.0  38.0023   -85.1429    786.9    693.4    588.9
68576.0  38.0017   -85.1438    785.4    692.2    590.2
68577.0  38.0010   -85.1447    784.7    690.1    587.4
68578.0  38.0003   -85.1457    783.3    687.8    584.5
68579.0  37.9996   -85.1466    782.7    685.3    590.6
68580.0  37.9989   -85.1475    782.7    684.8    602.6
68581.0  37.9982   -85.1485    782.7    686.7    603.7
68582.0  37.9975   -85.1494    782.7    687.1    600.3
68583.0  37.9968   -85.1503    782.7    688.6    612.1
68584.0  37.9961   -85.1513    782.7    688.3    599.0
68585.0  37.9954   -85.1522    783.8    689.9    588.1
68586.0  37.9948   -85.1532    784.9    690.1    590.5
68587.0  37.9941   -85.1541    785.2    690.1    581.5
68588.0  37.9934   -85.1550    786.0    690.1    579.4
68589.0  37.9927   -85.1560    787.1    691.0    602.7
68590.0  37.9921   -85.1569    788.3    693.2    610.8
68591.0  37.9914   -85.1579    789.5    694.9    614.8
68592.0  37.9907   -85.1588    790.4    695.9    609.4
68593.0  37.9900   -85.1597    791.3    697.0    611.5
68594.0  37.9894   -85.1607    791.3    698.2    601.5
68595.0  37.9887   -85.1616    791.3    696.8    593.3
68596.0  37.9880   -85.1626    790.5    696.3    592.0
68597.0  37.9874   -85.1635    790.0    696.8    599.9
68598.0  37.9867   -85.1645    789.1    695.8    605.2
68599.0  37.9860   -85.1654    788.8    694.7    613.4
68600.0  37.9853   -85.1663    788.8    692.3    622.4
68601.0  37.9847   -85.1673    788.8    691.9    636.0
68602.0  37.9840   -85.1682    788.2    692.3    632.6
68603.0  37.9833   -85.1692    787.6    692.5    629.6
68604.0  37.9827   -85.1701    787.6    691.5    620.9
68605.0  37.9820   -85.1711    787.3    691.8    603.8
68606.0  37.9813   -85.1720    786.4    691.5    592.3
68607.0  37.9807   -85.1730    786.4    691.5    582.6
68608.0  37.9800   -85.1739    786.4    690.7    587.1
68609.0  37.9793   -85.1748    786.4    690.3    581.9
68610.0  37.9786   -85.1758    787.3    690.5    587.4
68611.0  37.9780   -85.1767    788.5    693.5    587.0
68612.0  37.9773   -85.1777    788.8    694.2    591.0
68613.0  37.9766   -85.1786    788.9    694.8    595.7
68614.0  37.9760   -85.1795    790.0    693.8    602.3
68615.0  37.9753   -85.1805    791.2    695.5    611.2
68616.0  37.9746   -85.1814    791.3    694.8    612.8
68617.0  37.9739   -85.1824    791.3    695.7    605.2
68618.0  37.9733   -85.1833    792.5    698.9    607.6
68619.0  37.9726   -85.1843    793.6    700.1    635.6
68620.0  37.9719   -85.1852    794.5    700.0    640.8
68621.0  37.9713   -85.1862    794.9    699.5    640.0
68622.0  37.9706   -85.1871    793.7    698.2    640.0
68623.0  37.9699   -85.1881    793.7    698.7    635.8
68624.0  37.9693   -85.1891    792.7    698.3    612.2
68625.0  37.9686   -85.1900    791.3    696.3    597.6
68626.0  37.9679   -85.1910    790.3    694.8    595.3
68627.0  37.9673   -85.1919    790.0    694.7    592.8
68628.0  37.9666   -85.1929    790.0    694.5    601.0
68629.0  37.9659   -85.1939    789.6    695.1    607.6
68630.0  37.9653   -85.1948    788.8    695.5    606.6
68631.0  37.9646   -85.1958    788.0    694.6    610.2
68632.0  37.9639   -85.1968    787.2    692.2    607.2
68633.0  37.9633   -85.1977    786.4    692.7    612.5
68634.0  37.9626   -85.1987    785.6    692.3    606.9
68635.0  37.9619   -85.1996    784.7    689.6    610.1
68636.0  37.9612   -85.2005    783.9    688.9    613.7
68637.0  37.9605   -85.2015    783.9    689.6    608.6
68638.0  37.9598   -85.2024    783.9    687.4    595.3
68639.0  37.9591   -85.2033    783.9    687.5    587.1
68640.0  37.9584   -85.2042    783.9    689.1    584.2
68641.0  37.9577   -85.2051    783.9    688.0    589.9
68642.0  37.9569   -85.2060    783.9    687.7    596.2
68643.0  37.9562   -85.2068    783.9    688.0    595.5
68644.0  37.9555   -85.2077    783.9    689.7    591.9
68645.0  37.9548   -85.2086    783.9    690.7    597.8
68646.0  37.9541   -85.2095    783.9    691.0    593.5
68647.0  37.9534   -85.2104    783.9    689.2    580.7
68648.0  37.9527   -85.2113    784.7    691.3    582.9
68649.0  37.9520   -85.2122    785.2    690.3    589.1
68650.0  37.9513   -85.2131    785.5    691.8    592.8
68651.0  37.9506   -85.2140    786.4    691.4    583.3
68652.0  37.9498   -85.2149    786.4    690.4    582.7
68653.0  37.9491   -85.2157    786.4    689.7    584.9
68654.0  37.9484   -85.2166    787.4    691.5    582.3
68655.0  37.9477   -85.2175    787.3    692.5    585.4
68656.0  37.9470   -85.2183    787.1    693.0    573.3
68657.0  37.9463   -85.2192    787.6    692.1    580.6
68658.0  37.9455   -85.2201    786.6    693.6    581.5
68659.0  37.9448   -85.2209    786.4    693.0    588.4
68660.0  37.9441   -85.2218    786.4    692.4    586.2
68661.0  37.9434   -85.2227    786.4    691.1    574.5
68662.0  37.9427   -85.2235    786.4    691.3    566.8
68663.0  37.9420   -85.2244    787.0    693.0    572.6
68664.0  37.9413   -85.2252    787.6    693.3    562.7
68665.0  37.9405   -85.2261    788.6    693.3    572.6
68666.0  37.9398   -85.2269    788.8    694.2    567.5
68667.0  37.9391   -85.2278    789.6    693.4    572.5
68668.0  37.9384   -85.2286    790.0    693.2    577.8
68669.0  37.9376   -85.2295    790.6    694.8    566.6
68670.0  37.9369   -85.2303    791.3    696.2    570.3
68671.0  37.9362   -85.2312    792.3    697.4    571.0
68672.0  37.9355   -85.2320    792.5    697.4    572.5
68673.0  37.9347   -85.2329    792.2    696.7    582.9
68674.0  37.9340   -85.2337    791.7    695.6    579.6
68675.0  37.9333   -85.2346    792.5    697.6    584.9
68676.0  37.9326   -85.2354    791.6    696.6    589.7
68677.0  37.9319   -85.2363    791.3    696.4    598.9
68678.0  37.9311   -85.2371    791.3    695.7    613.9
68679.0  37.9304   -85.2380    791.3    695.5    617.2
68680.0  37.9297   -85.2389    791.3    696.2    617.8
68681.0  37.9290   -85.2397    791.3    696.1    604.8
68682.0  37.9283   -85.2406    790.8    695.4    600.6
68683.0  37.9275   -85.2414    790.0    696.5    596.6
68684.0  37.9268   -85.2423    789.6    696.3    588.1
68685.0  37.9261   -85.2432    788.6    696.4    583.7
68686.0  37.9254   -85.2440    786.9    694.3    571.1
68687.0  37.9246   -85.2449    784.5    691.1    566.5
68688.0  37.9239   -85.2458    782.3    688.0    570.9
68689.0  37.9232   -85.2466    780.0    685.9    559.2
68690.0  37.9224   -85.2475    777.5    683.0    557.6
68691.0  37.9217   -85.2483    775.0    682.8    566.5
68692.0  37.9210   -85.2492    772.4    678.9    571.0
68693.0  37.9202   -85.2501    769.3    675.5    569.0
68694.0  37.9195   -85.2509    766.2    672.3    571.8
68695.0  37.9188   -85.2518    763.5    669.4    561.1
68696.0  37.9180   -85.2527    761.4    667.1    543.0
68697.0  37.9173   -85.2535    759.1    664.2    538.2
68698.0  37.9165   -85.2544    757.3    661.1    538.3
68699.0  37.9158   -85.2553    755.9    660.4    532.0
68700.0  37.9151   -85.2562    757.0    661.8    538.0
68701.0  37.9143   -85.2570    758.0    665.3    543.3
68702.0  37.9136   -85.2579    759.1    664.8    544.1
68703.0  37.9129   -85.2588    760.3    665.1    547.2
68704.0  37.9121   -85.2596    760.8    665.3    544.3
68705.0  37.9114   -85.2605    760.8    665.4    543.6
68706.0  37.9107   -85.2614    760.8    666.1    533.1
68707.0  37.9099   -85.2623    760.8    667.5    536.0
68708.0  37.9092   -85.2631    761.1    666.3    528.8
68709.0  37.9085   -85.2640    761.5    666.5    525.9
68710.0  37.9077   -85.2649    760.8    666.1    523.3
68711.0  37.9070   -85.2658    760.6    666.7    521.8
68712.0  37.9063   -85.2667    759.5    666.1    521.7
68713.0  37.9056   -85.2675    758.3    666.5    526.4
68714.0  37.9048   -85.2684    757.3    664.4    522.8
68715.0  37.9041   -85.2693    756.0    663.3    522.8
68716.0  37.9034   -85.2702    755.6    661.9    522.6
68717.0  37.9027   -85.2711    754.7    661.3    523.8
68718.0  37.9019   -85.2720    753.9    660.2    524.9
68719.0  37.9012   -85.2728    753.5    659.6    529.9
68720.0  37.9005   -85.2737    753.5    658.3    534.8
68721.0  37.8998   -85.2746    753.5    658.6    535.5
68722.0  37.8990   -85.2755    753.6    659.2    535.6
68723.0  37.8983   -85.2764    754.9    660.3    530.2
68724.0  37.8976   -85.2772    756.3    663.0    528.4
68725.0  37.8968   -85.2781    757.1    662.6    533.7
68726.0  37.8961   -85.2790    757.7    662.4    530.3
68727.0  37.8954   -85.2799    758.4    664.2    528.8
68728.0  37.8946   -85.2807    760.0    665.9    532.9
68729.0  37.8939   -85.2816    761.6    667.4    531.9
68730.0  37.8932   -85.2825    763.6    668.7    537.3
68731.0  37.8924   -85.2834    765.0    671.2    544.3
68732.0  37.8917   -85.2842    765.7    671.6    542.1
68733.0  37.8910   -85.2851    766.9    673.3    543.6
68734.0  37.8902   -85.2860    766.4    672.5    543.4
68735.0  37.8895   -85.2869    764.4    670.1    542.7
68736.0  37.8887   -85.2877    762.4    668.2    538.3
68737.0  37.8880   -85.2886    760.3    666.8    535.4
68738.0  37.8872   -85.2895    758.2    664.8    536.2
68739.0  37.8865   -85.2904    756.0    663.9    534.7
68740.0  37.8858   -85.2913    754.0    660.3    534.0
68741.0  37.8850   -85.2922    752.6    659.8    538.6
68742.0  37.8843   -85.2930    751.8    658.1    534.8
68743.0  37.8835   -85.2939    751.0    657.9    531.9
68744.0  37.8828   -85.2948    750.9    657.6    537.0
68745.0  37.8821   -85.2957    751.0    656.9    536.8
68746.0  37.8813   -85.2966    751.0    656.0    538.3
68747.0  37.8806   -85.2974    751.0    656.5    538.5
68748.0  37.8799   -85.2983    751.0    656.7    541.8
68749.0  37.8791   -85.2992    751.0    656.9    547.9
68750.0  37.8784   -85.3001    751.0    656.6    547.8
68751.0  37.8777   -85.3009    751.8    658.3    539.3
68752.0  37.8769   -85.3018    752.2    659.1    534.1
68753.0  37.8762   -85.3027    753.2    659.4    532.5
68754.0  37.8755   -85.3036    753.5    659.6    538.3
68755.0  37.8747   -85.3045    754.3    658.6    544.7
68756.0  37.8740   -85.3053    754.7    659.6    537.3
