flight/WP3D/AircraftMis_NP3_20130618_RA.ict
41  1001
Ken Aikin
NOAA ESRL Chemical Sciences Division
various aircraft sensors
SENEX 2013
1  1
2013  06  18  2013  06  18
1
AOCTimewave
8
1  1  1  1  1  1  1  1
-9999  -9999  -9999  -9999  -9999  -9999  -9999  -9999
Attack  deg
CabinPrs  mbar
GndSpd  m/s
Heading  deg
Pitch  deg
Roll  deg
Slip  deg
TrueAirSpd  m/s
1
SPECIAL COMMENTS:Aborted St. Louis flight. Flaps light came on.
18
PI_CONTACT_INFO: Address: NOAA ESRL Chemical Sciences Division  Mail Stop R/CSD7  325 Broadway  Boulder  CO 80305
PLATFORM: NOAA WP-3D
LOCATION: The aircraft was stationed in  Smyrna  Tennessee. Aircraft location information in AircraftPosition file.
ASSOCIATED_DATA: N/A
INSTRUMENT_INFO: N/A
DATA_INFO: Units: Attack degrees; CabinPrs millibar; GndSpd m/s; Heading degrees; Pitch degrees; Roll degrees; Slip degrees; TrueAirSpd m/s
UNCERTAINTY: N/A
ULOD_FLAG: -7777
ULOD_VALUE: N/A
LLOD_FLAG: -8888
LLOD_VALUE: N/A
DM_CONTACT_INFO: Data Manager:Ken Aikin; email:Kenneth.C.Aikin@noaa.gov
PROJECT_INFO: SENEX 2013 Study; June 1 - July 15  2013
STIPULATIONS_ON_USE: Use of these data require prior ok from PI.
OTHER_COMMENTS:       None
REVISION: RA
RA: Preliminary Data.  For in-field use.
AOCTimewave  Attack  CabinPrs  GndSpd  Heading  Pitch  Roll  Slip  TrueAirSpd
[from data line 546]
79342.0  2.2  947.7  90.3  269.7  2.02  -10.65  -1.67  89.6
79343.0  1.5  948.2  90.5  268.4  0.68  -7.38  -1.92  89.6
79344.0  2.5  947.8  90.8  267.0  0.49  -5.11  -1.03  90.1
79345.0  3.7  948.2  91.1  266.2  1.35  -3.92  -0.16  89.2
79346.0  4.1  948.1  91.4  266.2  1.95  -3.75  -0.89  89.5
79347.0  3.9  948.0  91.6  266.2  2.08  -3.39  -1.61  89.5
79348.0  3.9  947.9  91.7  265.9  2.07  -2.43  -1.47  90.2
79349.0  3.5  947.8  91.8  265.5  2.09  -0.94  -1.44  90.4
79350.0  3.6  948.0  92.0  265.2  2.19  1.07  -0.74  90.0
79351.0  3.4  947.8  92.0  265.5  2.41  2.70  -0.49  89.5
79352.0  3.7  948.0  92.0  266.2  2.68  3.33  -0.65  89.2
79353.0  3.7  947.7  92.0  266.9  2.85  2.88  -1.20  89.4
79354.0  3.7  948.0  92.0  267.5  3.01  1.84  -1.81  89.2
79355.0  3.5  947.9  91.9  267.6  3.17  0.61  -1.72  89.1
79356.0  3.6  947.9  91.9  267.4  3.40  -1.06  -1.71  89.0
79357.0  3.8  947.6  91.8  267.1  3.54  -2.29  -1.57  89.5
79358.0  3.9  947.6  91.6  266.7  3.67  -2.64  -1.00  88.6
79359.0  3.3  947.7  91.5  266.5  3.62  -2.41  -0.36  88.3
79360.0  3.5  947.4  91.3  266.5  3.78  -1.90  -0.51  88.1
79361.0  3.8  947.5  91.1  266.7  4.09  -1.58  -0.29  87.3
79362.0  4.4  947.8  90.8  267.1  4.39  -0.75  -1.37  87.6
79363.0  4.5  947.9  90.6  267.2  4.41  -0.03  -1.75  88.0
79364.0  3.8  947.5  90.3  266.9  4.13  0.29  -1.40  87.9
79365.0  3.7  947.7  90.0  266.8  3.98  0.12  -1.32  87.6
79366.0  3.7  947.5  89.8  266.7  4.02  -0.14  -1.18  87.1
79367.0  4.1  947.8  89.5  266.7  4.19  -0.05  -1.04  87.2
79368.0  4.1  947.7  89.2  266.8  4.31  0.23  -0.94  86.6
79369.0  4.0  947.8  89.0  267.0  4.27  0.41  -1.10  86.1
79370.0  4.3  947.5  88.7  267.1  4.31  0.51  -1.19  85.5
79371.0  4.3  947.6  88.5  267.3  4.35  0.41  -1.39  85.4
79372.0  4.1  948.2  88.4  267.4  4.33  0.15  -1.00  85.5
79373.0  3.9  947.9  88.3  267.5  4.32  -0.33  -1.43  86.2
79374.0  4.0  947.3  88.2  267.6  4.29  -0.72  -1.79  86.7
79375.0  4.0  947.7  88.1  267.4  4.37  -0.54  -1.82  86.3
79376.0  4.2  947.7  88.0  267.0  4.33  0.34  -1.42  86.5
79377.0  4.4  947.5  87.9  266.8  4.28  1.19  -1.08  86.8
79378.0  3.8  947.3  87.8  267.0  4.01  1.61  -0.90  87.2
79379.0  3.6  947.7  87.7  267.3  3.68  1.94  -1.18  87.3
79380.0  3.8  947.5  87.7  267.6  3.66  2.20  -1.31  86.6
79381.0  4.1  947.6  87.7  267.9  3.79  2.33  -1.60  86.2
79382.0  4.0  947.3  87.7  268.1  3.72  1.71  -1.43  86.2
79383.0  3.6  947.5  87.6  268.2  3.62  0.91  -0.92  86.3
79384.0  3.8  947.4  87.7  268.6  3.56  0.37  -1.47  86.8
79385.0  3.9  947.3  87.7  268.8  3.62  -0.09  -1.81  86.4
79386.0  4.0  947.3  87.7  268.6  3.65  -0.55  -1.32  86.4
79387.0  4.0  947.3  87.7  268.6  3.57  -0.84  -0.98  86.4
79388.0  4.2  947.4  87.8  268.8  3.56  -0.83  -1.24  86.2
79389.0  4.1  947.4  87.9  269.0  3.48  -0.37  -1.50  85.8
79390.0  4.0  947.1  88.0  269.0  3.35  -0.20  -1.71  85.9
79391.0  4.1  947.2  88.1  268.8  3.31  -0.46  -1.74  85.7
79392.0  4.0  947.3  88.2  268.6  3.32  -0.79  -1.60  86.1
79393.0  3.8  946.9  88.3  268.3  3.30  -0.89  -1.41  86.2
79394.0  3.9  947.4  88.4  268.2  3.41  -0.84  -1.20  86.3
79395.0  4.1  947.3  88.5  268.2  3.53  -0.49  -1.42  86.1
79396.0  4.0  947.4  88.6  268.1  3.50  0.06  -1.20  86.0
79397.0  4.2  947.2  88.8  268.1  3.49  0.28  -1.10  86.4
79398.0  4.1  947.4  88.9  268.3  3.47  0.36  -1.53  86.6
79399.0  3.9  947.3  89.0  268.3  3.39  0.49  -1.48  87.0
79400.0  3.9  947.3  89.1  268.2  3.32  0.27  -1.37  87.2
79401.0  3.8  946.9  89.2  268.2  3.26  -0.14  -1.37  87.6
79402.0  3.8  947.7  89.3  268.3  3.18  -0.10  -1.52  87.1
79403.0  3.6  947.0  89.4  268.2  3.13  0.20  -1.22  87.0
79404.0  3.6  947.6  89.5  268.2  3.10  0.50  -1.01  87.2
79405.0  3.9  947.3  89.7  268.5  3.18  0.54  -1.21  87.2
79406.0  3.8  947.3  89.8  268.8  3.24  0.50  -1.62  87.6
79407.0  3.6  947.7  89.9  268.8  3.10  -0.22  -1.53  88.0
79408.0  3.7  947.1  90.0  268.6  3.05  -0.97  -1.75  87.6
79409.0  3.5  947.4  90.2  268.4  3.00  -1.29  -1.91  87.3
79410.0  3.6  947.3  90.3  267.9  3.03  -1.18  -1.62  87.2
79411.0  3.7  947.2  90.5  267.5  3.12  -0.85  -0.90  87.6
79412.0  4.0  947.3  90.6  267.4  3.20  -0.48  -0.71  87.6
79413.0  3.6  947.5  90.8  267.6  3.11  -0.21  -1.39  87.6
79414.0  3.5  947.5  90.9  267.7  3.03  0.81  -1.38  87.7
79415.0  3.4  947.1  91.0  267.7  3.04  1.56  -0.56  88.3
79416.0  3.5  947.6  91.1  268.1  3.27  1.38  -0.46  89.0
79417.0  3.8  947.0  91.2  268.8  3.32  1.13  -0.79  88.4
79418.0  3.8  947.2  91.3  269.5  3.29  0.66  -1.55  88.5
79419.0  3.5  947.3  91.3  269.7  3.11  0.07  -1.72  88.6
79420.0  3.5  947.3  91.4  269.6  3.05  -0.22  -1.65  88.7
79421.0  3.8  947.2  91.6  269.4  3.05  -0.11  -1.64  88.4
79422.0  3.4  947.0  91.7  269.2  3.08  0.48  -1.41  89.2
79423.0  3.3  947.7  91.7  269.1  3.01  0.91  -1.20  89.3
79424.0  3.2  947.0  91.8  269.2  2.94  1.33  -1.27  89.8
79425.0  3.2  947.2  91.9  269.3  2.97  1.55  -1.13  89.8
79426.0  3.2  947.1  92.0  269.5  3.01  1.39  -1.24  89.9
79427.0  3.4  947.1  92.1  269.6  3.02  0.93  -1.56  90.4
79428.0  3.4  946.9  92.2  269.5  3.00  0.53  -1.32  90.2
79429.0  3.0  947.2  92.2  269.4  2.79  0.31  -1.04  90.3
79430.0  3.2  947.3  92.4  269.5  2.70  0.25  -1.27  90.4
79431.0  3.0  947.3  92.5  269.6  2.62  0.67  -0.91  90.6
79432.0  3.0  947.0  92.6  269.7  2.62  0.92  -0.92  90.4
79433.0  3.1  947.7  92.7  270.0  2.64  0.97  -1.05  90.8
79434.0  2.9  947.2  92.8  270.3  2.61  0.86  -1.60  91.0
79435.0  3.1  947.4  92.9  270.4  2.63  0.53  -1.59  90.8
79436.0  2.9  947.6  93.1  270.2  2.64  -0.21  -1.67  90.8
79437.0  3.4  947.1  93.2  270.0  2.72  -0.62  -1.88  91.6
79438.0  2.8  947.3  93.3  269.7  2.70  -0.41  -1.29  91.2
79439.0  2.6  947.4  93.3  269.4  2.57  -0.22  -1.03  91.5
79440.0  2.8  947.0  93.4  269.5  2.74  0.41  -1.70  92.8
79441.0  2.9  947.0  93.4  269.3  2.83  0.98  -1.66  92.8
79442.0  3.2  947.2  93.5  269.1  2.92  1.47  -1.27  92.2
79443.0  3.1  947.0  93.5  269.1  2.77  1.69  -1.33  92.0
79444.0  2.9  947.0  93.6  269.1  2.55  1.40  -1.38  91.9
79445.0  2.9  947.4  93.7  269.1  2.53  1.02  -1.19  91.5
79446.0  2.8  947.1  93.8  269.2  2.49  0.63  -0.42  91.2
79447.0  3.2  947.1  93.9  269.6  2.55  0.61  -0.24  91.1
79448.0  2.6  947.4  94.0  270.3  2.56  0.48  -0.57  91.6
79449.0  2.9  946.7  94.1  271.0  2.51  0.31  -1.20  92.3
79450.0  3.2  947.2  94.2  271.4  2.67  -0.24  -1.49  92.7
79451.0  2.9  947.1  94.3  271.5  2.47  -0.93  -1.72  92.7
79452.0  2.5  947.3  94.4  271.3  2.25  -1.63  -1.93  93.1
79453.0  2.6  947.3  94.5  270.9  2.28  -1.88  -1.83  93.2
79454.0  2.7  946.9  94.6  270.4  2.41  -1.78  -1.44  93.1
79455.0  2.8  947.4  94.7  270.1  2.36  -1.50  -1.50  93.3
79456.0  2.9  946.9  94.8  269.8  2.40  -1.33  -1.26  93.1
79457.0  2.5  947.3  94.9  269.6  2.22  -1.16  -1.41  93.3
79458.0  2.7  947.0  95.1  269.4  2.15  -0.62  -1.06  93.4
79459.0  2.3  947.0  95.2  269.4  2.21  0.09  -0.94  93.4
79460.0  2.5  946.8  95.3  269.6  2.22  0.46  -1.25  93.4
79461.0  2.9  946.7  95.4  269.7  2.33  0.52  -1.23  93.7
79462.0  2.7  946.4  95.5  269.8  2.25  0.29  -1.18  93.9
79463.0  2.5  946.8  95.6  270.0  2.07  0.17  -1.17  94.2
79464.0  2.5  946.8  95.7  270.1  2.08  -0.04  -1.56  94.3
79465.0  2.4  946.9  95.8  270.2  2.10  -0.42  -1.26  94.2
79466.0  3.1  946.8  95.9  270.1  2.16  -1.53  -1.60  94.5
79467.0  2.3  947.0  96.0  270.0  1.92  -2.41  -1.21  95.3
79468.0  2.4  947.3  96.1  269.9  1.87  -2.12  -1.12  95.2
79469.0  2.2  946.8  96.2  269.8  1.89  -1.59  -1.35  94.6
79470.0  2.2  947.0  96.4  269.7  1.85  -1.55  -1.28  94.7
79471.0  2.5  947.0  96.5  269.7  1.94  -1.51  -0.78  94.9
79472.0  2.5  947.3  96.6  269.8  1.92  -1.77  -1.73  95.5
79473.0  2.2  947.0  96.7  269.6  1.80  -1.49  -1.57  95.4
79474.0  2.3  946.9  96.8  269.3  1.80  -1.10  -1.08  95.3
79475.0  2.5  946.7  97.0  269.3  1.77  -1.26  -0.87  95.5
79476.0  2.2  947.1  97.1  269.5  1.62  -1.49  -1.12  95.5
79477.0  2.2  946.9  97.2  269.7  1.63  -1.50  -1.49  95.6
79478.0  2.3  946.7  97.3  269.5  1.70  -1.42  -1.63  95.8
79479.0  2.2  946.7  97.4  269.2  1.74  -1.35  -1.73  95.9
79480.0  2.3  946.6  97.5  268.8  1.76  -1.14  -1.72  96.2
79481.0  2.5  947.2  97.6  268.4  1.87  -0.62  -1.63  96.0
79482.0  2.2  946.9  97.6  268.0  1.72  -0.14  -1.04  95.4
79483.0  2.4  947.2  97.7  268.0  1.66  0.22  -0.88  95.8
79484.0  2.3  947.0  97.8  268.2  1.61  0.37  -0.72  95.6
79485.0  2.3  946.9  97.9  268.5  1.63  0.28  -1.16  95.4
79486.0  2.4  946.8  98.0  268.7  1.74  0.20  -1.44  95.4
79487.0  2.1  947.0  98.1  268.7  1.75  0.05  -1.48  95.7
79488.0  2.6  947.0  98.1  268.6  1.93  -0.21  -1.59  95.9
79489.0  2.5  946.5  98.2  268.4  1.90  -0.30  -1.22  96.2
79490.0  2.0  947.2  98.2  268.3  1.76  -0.16  -1.57  96.9
79491.0  1.9  946.6  98.2  268.1  1.84  0.12  -0.98  97.0
79492.0  2.1  946.6  98.2  268.2  2.10  0.56  -0.56  95.6
79493.0  2.3  946.6  98.2  268.7  2.18  1.25  -1.23  94.6
79494.0  2.6  947.2  98.3  269.0  2.13  0.77  -0.49  94.3
79495.0  2.9  946.8  98.3  269.5  2.25  -0.36  -1.54  94.0
79496.0  2.5  946.7  98.4  269.6  2.11  -1.21  -1.78  94.4
79497.0  2.5  946.7  98.4  269.3  2.09  -1.70  -1.80  94.7
79498.0  2.5  946.8  98.5  268.8  2.27  -1.49  -1.14  94.7
79499.0  2.5  946.9  98.5  268.7  2.29  -1.30  -0.97  94.3
79500.0  2.8  947.1  98.5  268.7  2.34  -1.29  -0.88  94.6
79501.0  2.6  946.9  98.5  268.9  2.28  -1.29  -0.81  94.6
79502.0  2.5  946.8  98.6  269.1  2.25  -1.08  -1.12  94.7
79503.0  2.5  946.9  98.6  269.2  2.32  -0.71  -1.41  95.0
79504.0  2.5  946.7  98.6  269.2  2.37  -0.47  -1.35  94.9
79505.0  2.5  946.8  98.6  269.1  2.38  -0.54  -1.32  94.9
79506.0  2.5  946.9  98.6  269.1  2.40  -0.79  -1.43  95.0
79507.0  2.5  947.0  98.5  269.0  2.39  -1.08  -1.29  95.4
79508.0  2.4  946.9  98.5  268.8  2.31  -1.35  -1.34  94.9
79509.0  2.5  947.0  98.6  268.7  2.37  -1.15  -1.19  94.8
79510.0  2.5  946.9  98.5  268.6  2.36  -0.61  -1.24  94.7
79511.0  2.5  947.0  98.5  268.6  2.32  -0.22  -1.41  94.8
79512.0  2.5  946.8  98.5  268.5  2.31  -0.16  -1.29  95.0
79513.0  2.4  946.8  98.5  268.5  2.24  -0.13  -1.34  95.5
79514.0  2.3  946.9  98.5  268.4  2.22  -0.22  -1.27  96.0
79515.0  2.3  946.8  98.5  268.4  2.22  -0.32  -1.39  96.5
79516.0  2.2  946.8  98.4  268.3  2.21  -0.21  -1.33  96.1
79517.0  2.3  946.7  98.4  268.2  2.18  -0.12  -1.19  96.1
79518.0  2.3  946.7  98.4  268.1  2.05  -0.06  -1.33  96.1
79519.0  2.4  946.6  98.4  268.1  2.00  0.48  -1.10  95.8
79520.0  2.4  947.0  98.4  268.2  1.96  0.81  -1.11  95.5
79521.0  2.1  946.4  98.5  268.3  1.79  0.74  -1.14  96.0
79522.0  2.1  946.9  98.5  268.5  1.84  0.55  -1.47  95.6
79523.0  2.4  946.7  98.5  268.4  1.94  0.61  -1.27  96.0
79524.0  2.2  946.7  98.6  268.4  1.79  0.33  -0.88  95.7
79525.0  1.9  946.9  98.6  268.6  1.72  -0.06  -0.59  95.7
79526.0  2.4  946.6  98.6  269.1  1.96  -0.37  -1.64  96.0
79527.0  2.5  946.5  98.7  269.0  2.00  -0.49  -1.57  96.3
79528.0  2.4  946.7  98.7  268.8  1.74  -0.12  -0.69  95.8
79529.0  2.2  946.5  98.8  269.0  1.61  0.07  -0.85  95.4
79530.0  2.5  946.4  98.8  269.3  1.77  -0.25  -1.14  95.7
79531.0  2.4  946.6  98.9  269.4  1.71  -0.64  -1.37  95.6
79532.0  2.2  946.9  99.0  269.4  1.70  -1.03  -1.33  95.5
79533.0  2.3  946.9  99.0  269.2  1.89  -1.43  -1.53  96.1
79534.0  2.3  946.9  99.1  269.0  1.84  -1.80  -1.45  96.6
79535.0  2.1  946.6  99.1  268.6  1.79  -1.54  -1.33  96.2
79536.0  2.3  946.5  99.1  268.4  1.89  -0.49  -0.64  95.5
79537.0  2.6  947.0  99.2  268.6  1.98  0.71  -0.81  95.4
79538.0  2.5  946.9  99.2  268.9  1.84  1.87  -0.98  95.5
79539.0  2.3  946.5  99.2  269.2  1.78  1.91  -1.30  95.6
79540.0  2.3  946.5  99.3  269.4  1.79  1.36  -1.38  95.9
79541.0  2.4  946.6  99.3  269.4  1.90  1.06  -1.22  95.9
79542.0  2.3  946.7  99.3  269.5  1.88  0.66  -1.03  95.7
79543.0  2.2  946.6  99.3  269.6  1.82  0.38  -1.17  95.4
79544.0  2.3  946.6  99.4  269.7  1.88  0.23  -1.31  95.7
79545.0  2.3  946.7  99.4  269.7  1.95  0.27  -1.13  95.9
79546.0  2.3  946.7  99.4  269.8  2.05  0.16  -0.99  95.9
79547.0  2.3  946.6  99.4  269.9  2.04  -0.05  -1.13  96.1
79548.0  2.3  946.5  99.3  270.1  2.04  -0.15  -1.16  96.3
79549.0  2.3  946.5  99.3  270.1  2.04  -0.27  -1.22  96.7
79550.0  2.3  946.8  99.3  270.2  2.03  -0.56  -1.33  96.6
79551.0  2.2  946.7  99.3  270.1  2.02  -0.71  -1.30  96.4
79552.0  2.2  946.9  99.3  270.0  1.96  -0.68  -1.32  96.4
79553.0  2.3  946.7  99.3  269.8  2.13  -0.79  -1.30  96.1
79554.0  2.1  946.8  99.3  269.7  2.04  -0.74  -1.04  96.1
79555.0  2.2  946.8  99.3  269.6  2.11  -0.47  -1.16  96.1
79556.0  2.4  946.6  99.3  269.6  2.10  -0.05  -1.14  96.0
79557.0  2.2  946.6  99.2  269.5  2.05  0.51  -0.97  96.1
79558.0  2.2  946.5  99.2  269.7  2.10  1.85  -0.58  95.9
79559.0  2.7  947.1  99.2  270.2  2.24  7.12  -0.21  96.0
79560.0  2.8  946.7  99.1  271.1  2.12  14.00  0.36  95.8
79561.0  2.5  946.7  98.9  272.8  2.06  18.34  0.19  96.8
79562.0  2.4  946.0  98.7  275.4  2.20  20.71  -0.75  97.7
79563.0  2.9  946.7  98.4  277.8  2.58  21.94  -0.03  97.1
79564.0  3.0  946.5  98.0  280.4  2.42  22.69  -0.75  97.1
79565.0  2.6  946.4  97.6  283.1  2.21  24.02  -1.16  96.8
79566.0  2.7  946.5  97.2  285.6  2.35  25.17  -1.07  95.7
79567.0  3.0  946.0  96.8  288.0  2.51  24.51  -0.53  96.2
79568.0  3.5  946.4  96.4  290.7  2.39  23.66  -1.30  95.2
79569.0  3.1  945.8  96.0  292.9  2.14  23.30  -1.54  95.0
79570.0  3.2  946.3  95.8  294.8  2.10  23.57  -0.62  94.8
79571.0  2.3  946.4  95.5  297.1  1.80  24.27  0.14  94.9
79572.0  3.0  946.3  95.3  300.1  1.90  24.28  -0.41  94.6
79573.0  3.4  946.1  95.0  303.1  2.19  23.66  -1.10  94.7
79574.0  3.2  946.4  94.6  305.6  2.21  23.17  -1.01  94.2
79575.0  3.0  946.8  94.3  307.9  2.05  23.84  -0.71  93.9
79576.0  3.5  946.4  94.0  310.5  2.15  24.90  -0.35  94.0
79577.0  3.8  946.5  93.7  313.5  2.39  25.18  -0.36  93.8
79578.0  3.8  946.3  93.3  316.6  2.44  24.92  -0.53  93.2
79579.0  3.5  946.2  93.0  319.5  2.40  24.30  -0.07  92.6
79580.0  3.4  946.7  92.6  322.6  2.32  24.12  -0.62  91.8
79581.0  3.6  945.9  92.3  325.7  2.46  24.19  -0.94  91.9
79582.0  4.6  946.3  92.0  328.7  2.91  24.67  -1.48  92.6
79583.0  4.2  946.4  91.5  331.3  3.00  25.35  -1.64  92.2
79584.0  3.6  946.1  91.2  333.4  2.83  25.32  -1.11  92.0
79585.0  3.2  946.5  91.0  335.8  2.55  24.75  -0.56  91.7
79586.0  3.2  946.4  90.8  338.6  2.54  24.23  -0.34  92.1
79587.0  3.8  945.9  90.5  341.7  2.81  24.11  -0.67  92.0
79588.0  4.1  946.6  90.2  344.8  3.06  25.13  -0.63  91.7
79589.0  4.2  946.4  89.9  347.8  3.15  26.07  -0.97  91.5
79590.0  3.9  946.6  89.6  350.7  3.15  26.07  -0.84  91.8
79591.0  4.0  946.3  89.4  353.5  3.05  25.42  -0.98  91.6
79592.0  3.8  946.1  89.1  356.4  2.95  25.00  -0.75  91.3
79593.0  3.7  946.4  88.9  359.2  2.84  24.86  -0.73  91.5
79594.0  3.5  946.4  88.7  2.2  2.79  24.99  -0.79  91.2
79595.0  4.1  946.5  88.5  5.2  2.94  25.13  -0.79  91.3
79596.0  4.0  946.1  88.2  8.2  3.05  25.53  -0.81  91.6
79597.0  4.0  946.3  88.0  11.1  3.01  25.75  -0.68  91.6
79598.0  3.6  946.2  87.8  14.0  2.88  25.31  -0.92  91.5
79599.0  3.6  946.0  87.6  16.9  2.79  24.65  -1.31  91.0
79600.0  3.7  945.9  87.4  19.5  2.84  24.66  -1.25  91.0
79601.0  3.9  946.3  87.3  22.2  2.95  25.63  -0.93  90.8
79602.0  4.1  946.3  87.1  25.0  3.17  26.33  -0.70  90.8
79603.0  4.1  946.1  87.0  28.0  3.16  26.37  -0.74  91.0
79604.0  4.0  946.2  86.8  31.0  3.07  26.00  -0.78  90.9
79605.0  4.0  946.0  86.7  34.1  3.00  25.84  -0.98  91.0
79606.0  4.0  946.1  86.7  37.0  2.97  25.72  -1.05  90.9
79607.0  3.9  946.0  86.6  39.9  2.93  25.66  -1.00  91.0
79608.0  3.8  945.9  86.6  42.7  2.87  25.71  -0.85  90.8
79609.0  3.8  945.8  86.6  45.6  2.87  25.76  -0.78  90.6
79610.0  3.9  946.4  86.6  48.7  2.90  26.02  -0.72  90.2
79611.0  4.1  945.9  86.7  51.7  2.95  26.19  -0.75  90.5
79612.0  4.1  946.0  86.8  54.8  2.98  25.95  -0.78  90.3
79613.0  4.0  945.9  86.9  57.7  2.90  25.58  -0.87  90.3
79614.0  3.8  946.0  87.0  60.5  2.79  25.96  -0.66  90.6
