flight/WP3D/AircraftMis_NP3_20130616_RA.ict
41  1001
Ken Aikin
NOAA ESRL Chemical Sciences Division
various aircraft sensors
SENEX 2013
1  1
2013  06  16  2013  06  16
1
AOCTimewave
8
1  1  1  1  1  1  1  1
-9999  -9999  -9999  -9999  -9999  -9999  -9999  -9999
Attack  deg
CabinPrs  mbar
GndSpd  m/s
Heading  deg
Pitch  deg
Roll  deg
Slip  deg
TrueAirSpd  m/s
1
SPECIAL COMMENTS:Atlanta power plants.
18
PI_CONTACT_INFO: Address: NOAA ESRL Chemical Sciences Division  Mail Stop R/CSD7  325 Broadway  Boulder  CO 80305
PLATFORM: NOAA WP-3D
LOCATION: The aircraft was stationed in  Smyrna  Tennessee. Aircraft location information in AircraftPosition file.
ASSOCIATED_DATA: N/A
INSTRUMENT_INFO: N/A
DATA_INFO: Units: Attack degrees; CabinPrs millibar; GndSpd m/s; Heading degrees; Pitch degrees; Roll degrees; Slip degrees; TrueAirSpd m/s
UNCERTAINTY: N/A
ULOD_FLAG: -7777
ULOD_VALUE: N/A
LLOD_FLAG: -8888
LLOD_VALUE: N/A
DM_CONTACT_INFO: Data Manager:Ken Aikin; email:Kenneth.C.Aikin@noaa.gov
PROJECT_INFO: SENEX 2013 Study; June 1 - July 15  2013
STIPULATIONS_ON_USE: Use of these data require prior ok from PI.
OTHER_COMMENTS:       None
REVISION: RA
RA: Preliminary Data.  For in-field use.
AOCTimewave  Attack  CabinPrs  GndSpd  Heading  Pitch  Roll  Slip  TrueAirSpd
[from data line 3962]
58955.0  2.5  984.2  115.5  136.7  2.68  0.71  0.07  116.2
58956.0  2.2  984.9  115.5  137.1  2.56  -1.97  -1.09  116.8
58957.0  2.5  984.7  115.5  136.7  2.53  -6.53  -1.24  117.1
58958.0  2.5  984.8  115.5  135.6  2.60  -10.94  -1.13  116.8
58959.0  2.5  984.5  115.5  134.3  2.68  -14.77  -0.43  116.3
58960.0  2.4  984.5  115.5  133.1  2.85  -16.55  -0.63  116.6
58961.0  2.8  984.5  115.5  131.5  3.06  -18.46  -0.85  117.1
58962.0  2.3  984.8  115.5  129.8  2.92  -20.95  -0.81  117.2
58963.0  2.7  984.7  115.5  127.7  3.02  -22.77  -0.90  116.8
58964.0  2.7  984.7  115.5  125.4  3.27  -23.71  -0.08  117.0
58965.0  2.9  984.4  115.4  123.4  3.63  -24.04  0.01  116.7
58966.0  2.9  984.9  115.4  121.7  3.79  -24.75  -1.04  116.4
58967.0  2.8  984.6  115.3  119.5  3.65  -24.95  -1.47  116.2
58968.0  2.5  984.6  115.3  116.8  3.34  -25.69  -1.22  116.2
58969.0  3.1  984.7  115.3  113.8  3.64  -26.67  -1.02  115.2
58970.0  4.1  984.4  115.1  110.5  4.78  -27.31  -0.37  115.0
58971.0  3.8  984.8  114.7  107.8  5.44  -28.50  -0.50  115.3
58972.0  3.7  984.3  114.4  105.3  5.82  -28.79  0.00  115.2
58973.0  3.8  984.5  114.0  103.0  6.30  -28.77  -0.86  114.0
58974.0  2.9  984.9  113.7  100.5  6.15  -29.35  -1.42  113.7
58975.0  3.2  984.9  113.5  97.1  6.48  -31.34  -1.12  113.7
58976.0  3.7  984.1  113.2  93.5  6.95  -34.63  -0.98  112.1
58977.0  3.4  983.9  113.0  90.0  6.93  -36.91  -0.54  111.6
58978.0  3.5  984.1  113.1  86.5  6.87  -37.23  -1.10  111.7
58979.0  3.5  984.1  113.2  82.8  6.56  -34.86  -1.14  111.2
58980.0  3.3  983.4  113.4  79.7  5.20  -31.86  -0.05  111.0
58981.0  3.0  984.0  113.7  77.1  4.59  -31.04  -0.02  111.3
58982.0  2.5  983.7  114.2  75.0  3.96  -30.52  -0.26  111.3
58983.0  2.3  983.8  114.8  72.6  3.42  -31.28  -0.98  111.7
58984.0  2.8  983.5  115.5  69.4  3.24  -33.12  -1.41  111.8
58985.0  3.4  983.5  116.1  65.5  3.48  -31.68  -0.84  112.1
58986.0  3.9  983.3  116.5  61.8  3.81  -31.03  -0.27  113.1
58987.0  3.7  983.3  117.0  58.6  4.28  -30.47  -0.39  112.9
58988.0  3.2  983.5  117.3  55.8  4.44  -27.62  0.10  112.9
58989.0  3.0  983.1  117.7  53.4  4.52  -26.81  0.60  113.6
58990.0  3.5  983.2  117.9  51.3  5.06  -27.16  -0.50  112.7
58991.0  3.5  983.1  118.3  48.9  5.00  -27.46  -0.43  112.7
58992.0  2.7  983.0  118.6  46.8  4.37  -26.08  -0.74  114.1
58993.0  2.6  983.1  119.0  44.4  4.00  -23.32  -0.39  115.1
58994.0  2.3  982.9  119.4  42.2  3.83  -19.46  0.62  115.3
58995.0  2.4  982.6  119.8  40.8  3.94  -12.94  1.28  114.7
58996.0  2.4  982.8  120.2  40.2  4.60  -7.67  0.91  114.1
58997.0  2.2  982.9  120.4  40.2  4.50  -5.51  -0.36  114.6
58998.0  1.6  982.7  120.8  39.7  3.84  -4.12  -0.48  115.5
58999.0  2.0  982.7  121.1  39.2  3.91  -3.16  -0.34  116.1
59000.0  2.1  982.4  121.4  38.8  3.95  -3.26  -0.14  116.1
59001.0  3.2  982.6  121.7  38.4  5.07  -1.94  -0.09  116.3
59002.0  2.9  982.3  121.7  38.3  5.52  0.40  -0.11  116.5
59003.0  2.3  982.3  121.7  38.2  5.31  0.85  0.05  116.8
59004.0  2.2  982.0  121.7  38.4  5.52  0.81  -0.47  116.5
59005.0  1.9  982.6  121.8  38.2  5.33  1.05  -0.35  116.3
59006.0  1.9  982.3  121.8  38.0  5.44  0.53  0.01  116.5
59007.0  1.9  982.4  121.9  38.0  5.32  0.25  0.06  116.4
59008.0  2.1  982.1  122.0  38.1  5.30  0.30  -0.19  116.5
59009.0  2.1  982.1  122.0  38.0  5.43  0.65  0.12  116.8
59010.0  2.2  981.9  122.1  38.1  5.41  0.82  0.10  116.4
59011.0  2.0  981.4  122.1  38.2  5.45  0.69  -0.23  116.6
59012.0  1.8  982.2  122.1  38.2  5.33  0.71  -0.17  116.8
59013.0  2.0  981.6  122.2  38.1  5.28  0.14  0.00  116.5
59014.0  2.2  981.9  122.3  38.2  5.26  -0.37  0.18  116.7
59015.0  2.5  981.5  122.3  38.4  5.66  0.10  -0.13  116.9
59016.0  2.3  981.2  122.3  38.4  5.71  1.32  -0.23  117.5
59017.0  2.0  981.3  122.2  38.5  5.91  2.11  0.20  117.9
59018.0  2.0  981.0  122.1  38.8  6.15  3.46  0.16  117.6
59019.0  2.5  981.1  122.0  39.3  7.05  4.54  -0.25  116.5
59020.0  2.6  980.9  121.6  39.7  7.41  4.95  -0.24  116.1
59021.0  2.3  981.0  121.3  40.1  7.37  4.94  -0.29  115.9
59022.0  2.8  981.1  120.9  40.5  8.23  4.83  -0.30  115.3
59023.0  2.5  980.9  120.4  40.8  8.23  4.71  -0.28  115.0
59024.0  2.0  981.2  120.0  41.1  7.72  4.59  -0.23  114.8
59025.0  1.8  981.1  119.8  41.3  7.08  4.29  -0.17  114.5
59026.0  2.0  981.0  119.6  41.6  6.92  4.28  -0.18  114.2
59027.0  2.2  980.9  119.5  41.9  6.87  4.23  -0.19  114.1
59028.0  2.2  981.2  119.3  42.1  6.90  4.10  -0.21  113.9
59029.0  2.3  981.0  119.2  42.4  6.95  4.10  -0.28  113.7
59030.0  2.5  981.2  119.0  42.7  7.25  4.26  -0.14  113.4
59031.0  2.7  981.0  118.7  43.0  7.61  4.51  -0.17  113.1
59032.0  2.8  980.7  118.4  43.4  7.94  4.83  -0.22  112.7
59033.0  2.6  980.8  118.1  43.8  7.82  4.39  -0.32  112.8
59034.0  2.5  980.6  117.8  44.0  7.59  4.12  -0.31  112.9
59035.0  2.7  980.8  117.5  44.3  7.91  4.40  -0.23  112.6
59036.0  2.6  980.7  117.2  44.6  8.06  4.50  -0.10  112.1
59037.0  2.4  980.8  116.9  45.0  7.89  4.04  -0.15  112.1
59038.0  2.4  980.3  116.6  45.3  7.73  3.73  -0.26  112.0
59039.0  2.3  980.5  116.4  45.5  7.63  3.79  -0.40  111.6
59040.0  3.1  980.4  116.1  45.8  8.47  4.17  -0.35  111.9
59041.0  3.2  980.4  115.6  46.1  8.90  4.08  -0.39  111.5
59042.0  2.8  980.4  115.1  46.3  8.77  4.05  -0.39  111.1
59043.0  2.6  980.2  114.7  46.5  8.59  4.19  -0.36  110.5
59044.0  2.7  980.1  114.4  46.7  8.59  4.26  -0.23  109.8
59045.0  2.9  980.1  114.0  47.0  8.73  4.33  -0.37  109.5
59046.0  2.8  980.5  113.6  47.3  8.58  4.25  -0.51  109.9
59047.0  2.8  980.0  113.3  47.4  8.48  3.95  -0.28  109.9
59048.0  3.0  980.6  113.0  47.7  8.73  3.88  -0.21  108.9
59049.0  2.8  980.4  112.6  47.9  8.65  4.07  -0.31  108.5
59050.0  2.9  980.2  112.3  48.2  8.72  4.12  -0.15  108.7
59051.0  3.0  980.4  111.9  48.5  9.07  4.31  -0.03  108.3
59052.0  3.2  980.0  111.5  49.0  9.09  4.02  -0.78  108.6
59053.0  3.1  980.3  111.1  49.1  8.93  4.14  -0.96  108.1
59054.0  2.9  980.1  110.8  48.9  8.69  4.20  -0.43  108.1
59055.0  2.5  980.3  110.5  48.9  7.74  3.57  -0.03  107.9
59056.0  2.1  980.0  110.6  49.1  6.64  2.24  -0.23  107.9
59057.0  2.5  980.2  110.7  49.3  6.31  1.47  -0.34  107.7
59058.0  2.1  980.7  110.9  49.3  5.23  0.46  -0.36  107.9
59059.0  3.0  980.7  111.2  49.3  5.72  -0.08  -0.41  108.0
59060.0  3.0  980.6  111.4  49.2  5.64  -0.39  -0.44  108.1
59061.0  2.9  980.6  111.7  49.1  5.44  -0.78  -0.27  108.4
59062.0  3.2  980.4  111.9  49.0  5.62  0.11  -0.28  108.4
59063.0  2.9  980.3  112.1  49.0  5.20  0.32  -0.30  108.7
59064.0  3.0  980.3  112.4  49.0  5.19  0.00  -0.42  108.9
59065.0  2.9  979.9  112.7  49.0  5.13  0.17  -0.49  109.2
59066.0  3.1  980.1  112.9  49.0  5.33  0.96  -0.40  109.3
59067.0  2.9  980.2  113.1  49.0  5.15  1.03  -0.40  109.6
59068.0  2.8  980.0  113.4  49.0  5.09  0.25  -0.55  110.1
59069.0  2.7  980.6  113.7  49.0  4.74  -0.07  -0.66  110.7
59070.0  2.7  980.4  114.0  48.8  4.66  0.30  -0.51  111.0
59071.0  3.1  980.2  114.3  48.7  5.09  0.93  -0.38  111.3
59072.0  3.1  980.5  114.5  48.7  5.37  1.44  -0.37  111.4
59073.0  3.1  980.1  114.6  48.9  5.73  1.52  -0.40  111.6
59074.0  2.9  980.4  114.7  49.0  5.76  1.62  -0.36  111.6
59075.0  2.8  980.0  114.8  49.1  5.80  0.71  -0.56  111.5
59076.0  2.8  980.2  114.9  49.2  5.91  0.13  -0.64  111.4
59077.0  3.0  980.0  114.9  49.0  6.18  0.52  -0.53  111.5
59078.0  2.8  980.3  115.0  48.9  6.08  0.71  -0.48  111.5
59079.0  2.8  980.1  115.0  48.9  6.12  0.48  -0.47  111.6
59080.0  2.8  980.2  115.0  48.9  6.08  0.53  -0.42  111.6
59081.0  2.6  980.2  115.1  48.9  5.84  0.39  -0.42  111.7
59082.0  2.7  980.1  115.2  48.9  5.88  0.47  -0.42  111.8
59083.0  3.0  980.4  115.3  48.9  6.17  0.99  -0.35  111.8
59084.0  2.8  979.8  115.3  49.0  6.04  0.57  -0.40  111.9
59085.0  2.9  980.6  115.3  49.1  6.31  0.11  -0.55  111.9
59086.0  2.9  980.2  115.3  49.1  6.43  -0.02  -0.54  111.9
59087.0  3.0  980.4  115.3  49.0  6.65  0.14  -0.50  111.9
59088.0  2.5  980.0  115.3  49.0  6.03  0.46  -0.47  111.8
59089.0  2.7  980.0  115.3  49.0  6.09  0.58  -0.44  111.8
59090.0  2.7  980.6  115.4  49.0  6.03  0.46  -0.49  111.8
59091.0  2.9  979.8  115.4  49.0  6.21  0.21  -0.55  111.8
59092.0  2.9  980.5  115.4  49.0  6.19  0.14  -0.55  111.7
59093.0  2.6  980.2  115.5  48.9  5.79  -0.17  -0.56  111.9
59094.0  2.3  979.9  115.7  48.9  5.21  -0.29  -0.53  112.0
59095.0  2.8  980.4  115.8  48.7  5.72  0.06  -0.45  112.0
59096.0  2.8  980.0  115.9  48.7  5.81  0.15  -0.47  112.1
59097.0  2.6  980.4  116.0  48.7  5.50  0.02  -0.58  112.3
59098.0  2.4  980.2  116.2  48.6  5.01  -0.07  -0.54  112.6
59099.0  1.9  979.8  116.5  48.5  3.95  -0.34  -0.49  113.0
59100.0  2.4  980.1  116.9  48.3  4.01  -0.50  -0.44  113.4
59101.0  2.5  980.5  117.2  48.3  4.01  0.01  -0.42  113.6
59102.0  2.9  980.2  117.6  48.3  4.47  0.66  -0.46  113.7
59103.0  3.2  980.6  117.8  48.3  5.13  1.44  -0.41  113.8
59104.0  2.9  980.0  117.9  48.4  5.24  1.68  -0.48  113.9
59105.0  2.5  980.0  118.1  48.6  4.77  1.68  -0.56  114.2
59106.0  2.1  980.1  118.3  48.6  4.07  1.34  -0.53  114.5
59107.0  2.4  979.7  118.7  48.6  4.13  1.25  -0.42  114.9
59108.0  3.0  980.2  118.9  48.8  4.77  1.73  -0.43  115.0
59109.0  2.3  980.1  119.1  48.9  4.07  1.48  -0.40  115.4
59110.0  2.4  980.1  119.4  49.1  4.08  1.04  -0.48  115.8
59111.0  2.6  979.9  119.7  49.2  4.34  1.23  -0.52  116.3
59112.0  2.6  980.7  119.9  49.3  4.58  0.29  -0.64  116.7
59113.0  2.1  980.4  120.1  49.3  4.01  -0.57  -0.75  117.4
59114.0  2.9  980.7  120.3  49.1  5.35  -0.93  -0.76  117.8
59115.0  3.7  980.4  120.1  48.9  7.34  -1.32  -1.40  117.3
59116.0  3.2  979.9  119.6  48.3  7.61  -1.34  -0.97  117.3
59117.0  2.8  979.7  119.2  47.8  7.87  -0.38  -0.33  117.1
59118.0  2.4  979.9  118.8  47.7  7.55  1.23  -0.29  116.4
59119.0  2.4  979.7  118.5  47.8  7.44  2.10  -0.26  116.3
59120.0  2.3  979.9  118.2  48.0  7.43  1.96  -0.48  116.0
59121.0  2.5  980.1  117.9  48.1  7.56  2.25  -0.48  115.5
59122.0  2.4  980.0  117.6  48.2  7.36  2.34  -0.16  115.4
59123.0  2.4  980.3  117.4  48.5  7.25  0.83  -0.45  115.0
59124.0  1.9  980.2  117.3  48.7  6.51  0.25  -0.80  114.9
59125.0  2.4  979.8  117.2  48.5  6.67  0.78  -0.61  114.6
59126.0  2.7  980.2  117.0  48.4  7.08  0.94  -0.47  114.3
59127.0  2.8  980.3  116.8  48.4  7.28  0.94  -0.48  114.1
59128.0  3.1  980.2  116.6  48.5  7.83  1.50  -0.56  113.9
59129.0  3.0  980.1  116.2  48.5  8.12  2.39  -0.59  113.4
59130.0  3.1  979.9  115.8  48.6  8.46  3.76  -0.38  113.2
59131.0  2.9  979.7  115.3  48.9  8.32  3.98  -0.35  112.8
59132.0  2.7  980.0  115.0  49.3  8.12  3.26  -0.52  112.5
59133.0  2.5  980.1  114.8  49.5  7.74  2.92  -0.51  112.2
59134.0  2.8  980.1  114.5  49.6  7.84  3.00  -0.44  111.8
59135.0  3.2  980.0  114.2  49.8  8.30  2.77  -0.44  111.4
59136.0  3.3  980.1  113.8  50.1  8.68  2.47  -0.57  110.9
59137.0  3.1  980.2  113.4  50.2  8.56  1.62  -0.73  110.5
59138.0  2.5  980.1  113.2  50.2  7.72  -0.19  -0.82  110.3
59139.0  2.4  980.1  113.1  50.0  7.13  -1.06  -0.85  110.3
59140.0  2.7  980.0  113.1  49.6  7.00  -0.64  -0.61  110.4
59141.0  2.9  980.3  113.0  49.3  6.94  -0.28  -0.32  110.2
59142.0  3.3  980.4  112.9  49.2  7.39  0.59  -0.28  110.1
59143.0  3.4  980.3  112.7  49.3  7.69  1.27  -0.40  109.7
59144.0  3.5  980.3  112.5  49.4  7.99  1.24  -0.57  109.6
59145.0  2.7  980.0  112.3  49.4  7.02  1.23  -0.63  109.7
59146.0  2.7  980.4  112.4  49.4  6.60  0.74  -0.52  109.8
59147.0  2.7  980.1  112.4  49.3  6.11  0.18  -0.56  109.9
59148.0  2.7  980.3  112.6  49.3  5.61  -0.07  -0.58  110.1
59149.0  2.8  980.6  112.8  49.1  5.38  0.24  -0.46  110.3
59150.0  2.8  980.2  113.0  49.1  5.17  0.32  -0.46  110.5
59151.0  3.3  980.6  113.2  49.1  5.56  -0.18  -0.56  110.6
59152.0  3.1  980.3  113.3  49.1  5.43  -0.46  -0.64  110.7
59153.0  3.2  980.5  113.5  49.0  5.74  -0.09  -0.66  111.0
59154.0  3.4  980.0  113.6  48.9  6.15  -0.08  -0.74  111.1
59155.0  3.1  980.4  113.7  48.8  5.90  -0.20  -0.75  111.4
59156.0  3.1  980.1  113.7  48.6  5.98  -0.20  -0.72  111.4
59157.0  3.1  980.3  113.8  48.4  5.99  -0.99  -0.68  111.5
59158.0  3.4  980.1  113.8  48.2  6.53  -1.34  -0.69  111.6
59159.0  3.2  980.2  113.8  48.0  6.55  -1.60  -0.63  111.5
59160.0  3.3  980.3  113.7  47.8  6.82  -0.83  -0.57  111.7
59161.0  3.2  980.0  113.6  47.6  6.94  -0.44  -0.54  111.7
59162.0  3.0  980.2  113.5  47.5  6.79  -1.02  -0.55  111.7
59163.0  2.9  980.1  113.4  47.4  6.57  -0.83  -0.54  111.9
59164.0  2.8  980.2  113.4  47.3  6.39  -1.59  -0.57  112.1
59165.0  3.0  979.9  113.4  47.2  6.50  -2.24  -0.68  112.2
59166.0  3.0  980.2  113.4  46.9  6.53  -1.36  -0.56  112.3
59167.0  2.9  980.2  113.3  46.7  6.39  -0.17  -0.38  112.3
59168.0  2.9  980.1  113.3  46.6  6.23  -1.06  -0.51  112.3
59169.0  2.9  980.4  113.3  46.6  6.25  -1.54  -0.67  112.4
59170.0  3.1  980.1  113.3  46.4  6.44  -1.07  -0.63  112.3
59171.0  3.2  980.5  113.2  46.3  6.63  -2.08  -0.72  112.2
59172.0  3.0  980.0  113.2  46.0  6.49  -2.82  -0.81  112.2
59173.0  2.9  980.4  113.2  45.7  6.29  -1.81  -0.68  112.1
59174.0  3.0  980.4  113.2  45.3  6.31  -0.44  -0.40  112.0
59175.0  3.2  980.2  113.1  45.3  6.53  -1.09  -0.51  111.9
59176.0  3.0  980.7  113.1  45.2  6.29  -1.52  -0.73  112.0
59177.0  2.8  980.2  113.2  45.0  5.99  -2.22  -0.68  112.0
59178.0  3.0  980.3  113.2  44.7  6.14  -2.41  -0.65  112.0
59179.0  3.4  980.5  113.2  44.4  6.71  -2.04  -0.60  111.8
59180.0  3.4  980.4  113.0  44.2  6.96  -0.80  -0.52  111.6
59181.0  3.2  980.5  112.9  44.1  6.84  -0.13  -0.52  111.7
59182.0  3.1  980.5  112.8  44.0  6.82  -0.31  -0.60  111.7
59183.0  3.1  980.7  112.8  44.0  6.86  -0.07  -0.62  111.5
59184.0  2.9  980.2  112.7  43.9  6.49  0.05  -0.59  111.5
59185.0  2.7  980.6  112.8  43.8  5.97  -0.33  -0.56  111.6
59186.0  3.0  980.1  112.8  43.8  6.08  -0.29  -0.58  111.6
59187.0  3.0  980.8  112.9  43.7  5.91  -0.20  -0.56  111.7
59188.0  3.3  980.5  112.9  43.6  6.33  0.04  -0.56  111.6
59189.0  3.5  980.5  112.9  43.6  6.75  0.32  -0.60  111.5
59190.0  3.4  980.5  112.8  43.6  6.96  0.70  -0.59  111.4
59191.0  3.4  980.4  112.7  43.7  7.12  1.42  -0.59  111.2
59192.0  2.9  980.5  112.6  43.7  6.54  0.83  -0.67  111.1
59193.0  2.8  980.6  112.6  43.7  6.19  0.56  -0.68  111.1
59194.0  3.2  980.6  112.7  43.7  6.50  1.12  -0.57  111.0
59195.0  3.5  980.7  112.6  43.7  6.95  1.30  -0.54  110.9
59196.0  3.3  980.8  112.5  43.8  6.87  0.64  -0.67  110.8
59197.0  3.2  980.5  112.5  43.8  6.80  -0.16  -0.78  110.8
59198.0  3.3  980.4  112.4  43.7  6.94  -0.09  -0.73  110.7
59199.0  3.2  980.7  112.3  43.6  6.81  -0.16  -0.63  110.6
59200.0  3.4  980.6  112.3  43.5  7.10  -0.01  -0.58  110.3
59201.0  3.6  980.6  112.1  43.4  7.35  0.35  -0.61  110.1
59202.0  3.3  980.4  112.0  43.5  7.22  0.25  -0.66  110.0
59203.0  3.4  980.7  111.9  43.4  7.40  0.15  -0.70  109.7
59204.0  3.4  980.5  111.7  43.3  7.32  0.31  -0.70  109.3
59205.0  3.0  980.5  111.7  43.2  6.80  0.16  -0.63  109.1
59206.0  3.4  980.4  111.7  43.1  7.02  0.11  -0.57  108.7
59207.0  3.5  980.3  111.6  43.1  7.08  0.30  -0.53  108.6
59208.0  3.5  980.9  111.6  43.2  7.04  0.50  -0.52  108.5
59209.0  3.5  980.6  111.5  43.2  7.04  0.43  -0.56  108.3
59210.0  3.5  980.7  111.5  43.3  7.05  0.19  -0.70  108.1
59211.0  3.5  980.8  111.5  43.3  6.99  0.29  -0.67  107.9
59212.0  3.1  980.7  111.5  43.3  6.28  1.28  -0.48  107.9
59213.0  3.5  980.3  111.6  43.3  6.51  1.72  -0.39  107.9
59214.0  3.5  980.6  111.7  43.5  6.53  2.14  -0.61  108.1
59215.0  3.3  980.8  111.8  43.7  5.99  2.05  -0.59  108.3
59216.0  3.5  980.9  112.0  43.8  6.13  3.27  -0.38  108.3
59217.0  3.2  980.7  112.1  44.0  5.69  5.38  -0.11  108.2
59218.0  3.1  981.2  112.4  44.5  5.13  6.46  -0.11  108.4
59219.0  3.7  980.8  112.7  45.3  5.49  7.79  -0.28  108.3
59220.0  3.9  980.8  113.0  46.2  5.92  9.20  -0.30  108.3
59221.0  3.9  981.2  113.1  47.1  5.99  10.93  -0.31  108.3
