flight/WP3D/AircraftMet_NP3_20130703_RB.ict
44  1001
Ken Aikin
NOAA ESRL Chemical Sciences Division
various aircraft sensors
SENEX 2013
1  1
2013  07  03  2013  07  03
1
AOCTimewave
10
1  1  1  1  1  1  1  1  1  1
-9999  -9999  -9999  -9999  -9999  -9999  -9999  -9999  -9999  -9999
AmbTemp  C
DewPtTemp  C
DewPtTempTDL  C
H2Omr  g/kg
PotTemp  K
RelHumidity  pct
StaticPrs  mbar
VertWindSpd  m/s
WindDir  deg
WindSpd  m/s
1
SPECIAL COMMENTS:AR  MO power plants  night flight.
19
PI_CONTACT_INFO: Address: NOAA ESRL Chemical Sciences Division  Mail Stop R/CSD7  325 Broadway  Boulder  CO 80305
PLATFORM: NOAA WP-3D
LOCATION: The aircraft was stationed in  Smyrna  Tennessee. Aircraft location information in AircraftPosition file.
ASSOCIATED_DATA: N/A
INSTRUMENT_INFO: N/A
DATA_INFO: Units:AmbTemp celcius; DewPtTemp celcius; DewPtTempTDL celcius; H2Omr g/kg; PotTemp kelvin; RelHumidity percent; StaticPrs millibar; VertWindSpd m/s; WindDir degrees; WindSpd m/s
UNCERTAINTY: N/A
ULOD_FLAG: -7777
ULOD_VALUE: N/A
LLOD_FLAG: -8888
LLOD_VALUE: N/A
DM_CONTACT_INFO: Data Manager:Ken Aikin; email:Kenneth.C.Aikin@noaa.gov
PROJECT_INFO: SENEX 2013 Study; June 1 - July 15  2013
STIPULATIONS_ON_USE: Use of these data require prior ok from PI.
OTHER_COMMENTS:       None
REVISION: RB
RB: Correct time. RA was off by one day. No change to data.
RA: Preliminary Data.  For in-field use.
AOCTimewave  AmbTemp  DewPtTemp  DewPtTempTDL  H2Omr  PotTemp  RelHumidity  StaticPrs  VertWindSpd  WindDir  WindSpd
[from data line 6501]
 9900.0  14.250  12.610  1.110  10.13  295.27  89.67  909.68  -0.24  256.99  3.11
 9901.0  14.330  12.660  0.970  10.16  295.29  89.53  910.38  -0.21  256.98  2.93
 9902.0  14.390  12.710  0.990  10.18  295.31  89.43  910.88  -0.33  256.64  2.86
 9903.0  14.420  12.740  1.020  10.20  295.30  89.44  911.27  -0.45  254.73  2.88
 9904.0  14.500  12.800  1.120  10.23  295.33  89.34  911.85  -0.62  254.49  2.78
 9905.0  14.490  12.830  1.130  10.25  295.29  89.59  912.17  -0.60  249.66  2.82
 9906.0  14.550  12.870  1.330  10.28  295.29  89.50  912.81  -0.46  249.21  2.81
 9907.0  14.530  12.920  1.290  10.30  295.22  89.91  913.30  -0.44  248.90  2.85
 9908.0  14.560  12.970  1.250  10.33  295.21  90.02  913.81  -0.51  248.16  2.81
 9909.0  14.620  13.040  1.220  10.37  295.21  90.09  914.49  -0.51  244.91  2.89
 9910.0  14.680  13.090  1.180  10.39  295.20  90.00  915.31  -0.18  247.20  2.99
 9911.0  14.700  13.120  1.120  10.40  295.12  90.05  916.42  -0.09  249.91  2.76
 9912.0  14.820  13.140  1.000  10.40  295.12  89.48  917.72  -0.17  252.90  2.35
 9913.0  14.850  13.170  0.910  10.41  295.03  89.50  919.01  -0.28  265.27  2.08
 9914.0  14.790  13.160  1.310  10.39  294.87  89.76  920.07  -0.35  278.64  2.02
 9915.0  14.860  13.200  1.120  10.41  294.86  89.65  920.91  -0.32  279.52  2.09
 9916.0  14.860  13.290  1.310  10.45  294.76  90.15  922.01  -0.38  288.94  2.11
 9917.0  14.860  13.360  1.370  10.49  294.65  90.58  923.23  -0.14  291.53  2.10
 9918.0  14.880  13.430  1.420  10.53  294.56  90.89  924.55  -0.05  295.09  2.08
 9919.0  14.950  13.530  1.470  10.58  294.48  91.07  926.08  -0.07  296.20  2.01
 9920.0  15.040  13.600  1.450  10.61  294.46  90.98  927.33  -0.16  297.68  2.05
 9921.0  15.160  13.680  1.500  10.65  294.49  90.72  928.42  -0.34  298.06  2.04
 9922.0  15.280  13.770  1.500  10.71  294.51  90.53  929.57  -0.52  303.42  2.19
 9923.0  15.330  13.820  1.550  10.73  294.47  90.52  930.59  -0.77  309.27  2.26
 9924.0  15.460  13.880  1.500  10.76  294.52  90.11  931.41  -0.86  312.45  2.27
 9925.0  15.500  13.940  1.520  10.80  294.51  90.27  932.03  -0.91  317.57  2.36
 9926.0  15.570  13.990  1.370  10.83  294.54  90.15  932.53  -0.88  317.38  2.32
 9927.0  15.590  14.070  1.420  10.88  294.51  90.48  933.04  -0.79  318.67  2.31
 9928.0  15.620  14.120  1.410  10.91  294.50  90.64  933.46  -0.76  316.39  2.36
 9929.0  15.680  14.200  1.440  10.96  294.50  90.75  934.21  -0.63  318.15  2.35
 9930.0  15.730  14.290  1.470  11.01  294.50  90.96  934.75  -0.69  322.53  2.37
 9931.0  15.780  14.330  1.480  11.04  294.52  90.95  935.04  -0.88  327.47  2.29
 9932.0  15.850  14.350  1.550  11.05  294.56  90.63  935.44  -1.05  329.39  2.36
 9933.0  15.860  14.350  1.490  11.05  294.56  90.59  935.62  -1.04  332.88  2.30
 9934.0  15.860  14.400  1.420  11.09  294.56  90.87  935.51  -0.97  335.96  2.16
 9935.0  15.860  14.400  1.380  11.09  294.59  90.88  935.18  -0.84  339.53  2.15
 9936.0  15.800  14.400  1.360  11.10  294.55  91.28  934.88  -0.68  333.55  2.08
 9937.0  15.760  14.410  1.410  11.11  294.54  91.55  934.60  -0.44  330.27  2.13
 9938.0  15.740  14.400  1.480  11.10  294.53  91.56  934.53  -0.38  328.95  2.04
 9939.0  15.690  14.430  1.430  11.12  294.47  92.03  934.61  -0.42  330.05  2.02
 9940.0  15.670  14.430  1.460  11.12  294.46  92.18  934.52  -0.43  331.17  1.99
 9941.0  15.660  14.440  1.450  11.13  294.45  92.34  934.45  -0.45  327.34  1.97
 9942.0  15.650  14.470  1.460  11.15  294.44  92.55  934.41  -0.33  323.57  1.99
 9943.0  15.620  14.470  1.500  11.15  294.41  92.75  934.49  -0.31  321.66  2.03
 9944.0  15.630  14.480  1.490  11.16  294.42  92.77  934.50  -0.15  322.34  2.05
 9945.0  15.590  14.470  1.480  11.15  294.37  92.91  934.64  -0.13  321.89  1.94
 9946.0  15.570  14.490  1.520  11.16  294.35  93.12  934.69  -0.18  323.01  1.96
 9947.0  15.610  14.480  1.460  11.15  294.37  92.83  934.84  -0.10  323.87  1.98
 9948.0  15.600  14.470  1.520  11.15  294.36  92.85  934.86  -0.06  322.74  1.94
 9949.0  15.570  14.470  1.550  11.15  294.32  93.05  934.86  -0.11  322.60  2.02
 9950.0  15.620  14.470  1.550  11.15  294.38  92.74  934.83  -0.21  318.82  2.14
 9951.0  15.600  14.490  1.530  11.16  294.35  92.99  934.90  -0.28  313.07  2.10
 9952.0  15.670  14.490  1.480  11.16  294.42  92.55  934.99  -0.37  309.34  2.07
 9953.0  15.710  14.510  1.470  11.18  294.45  92.47  935.00  -0.36  311.21  2.15
 9954.0  15.630  14.490  1.510  11.16  294.37  92.79  935.10  -0.40  313.32  2.30
 9955.0  15.660  14.500  1.530  11.17  294.39  92.72  935.14  -0.46  311.12  2.35
 9956.0  15.630  14.520  1.530  11.18  294.37  93.00  935.10  -0.43  308.79  2.33
 9957.0  15.640  14.500  1.510  11.17  294.37  92.82  935.13  -0.45  309.11  2.34
 9958.0  15.680  14.520  1.480  11.18  294.41  92.69  935.22  -0.44  308.65  2.34
 9959.0  15.690  14.490  1.460  11.16  294.43  92.46  935.08  -0.47  310.14  2.26
 9960.0  15.730  14.470  1.500  11.15  294.49  92.09  934.90  -0.41  308.50  2.13
 9961.0  15.730  14.500  1.460  11.16  294.49  92.23  934.87  -0.35  298.22  2.05
 9962.0  15.870  14.470  1.410  11.14  294.63  91.21  934.93  -0.42  295.61  2.03
 9963.0  15.880  14.430  1.340  11.12  294.64  90.99  934.87  -0.49  298.78  2.05
 9964.0  15.860  14.410  1.470  11.10  294.62  90.95  934.89  -0.38  303.19  1.93
 9965.0  15.840  14.380  1.420  11.08  294.60  90.89  934.82  -0.31  299.98  1.89
 9966.0  15.850  14.350  1.410  11.06  294.62  90.67  934.74  -0.31  299.17  1.85
 9967.0  15.830  14.340  1.380  11.05  294.61  90.65  934.75  -0.16  302.03  1.77
 9968.0  15.850  14.310  1.420  11.03  294.61  90.43  934.84  -0.03  300.93  1.73
 9969.0  15.860  14.300  1.400  11.02  294.62  90.28  934.81  0.00  297.63  1.59
 9970.0  15.850  14.270  1.400  11.00  294.62  90.14  934.80  0.06  294.27  1.60
 9971.0  15.870  14.240  1.390  10.98  294.62  89.84  934.98  0.03  297.70  1.68
 9972.0  15.840  14.200  1.360  10.94  294.57  89.80  935.17  0.03  298.48  1.70
 9973.0  15.860  14.190  1.380  10.94  294.58  89.66  935.23  -0.02  297.34  1.77
 9974.0  15.780  14.150  1.420  10.91  294.51  89.82  935.21  -0.09  303.79  1.80
 9975.0  15.770  14.140  1.510  10.90  294.50  89.88  935.14  -0.25  308.08  1.92
 9976.0  15.680  14.120  1.500  10.89  294.42  90.30  935.09  -0.39  315.81  1.93
 9977.0  15.590  14.120  1.610  10.89  294.32  90.81  935.15  -0.24  321.70  2.00
 9978.0  15.530  14.130  1.650  10.90  294.28  91.20  934.95  -0.18  320.33  2.01
 9979.0  15.580  14.160  1.510  10.92  294.33  91.06  934.93  -0.16  316.32  1.78
 9980.0  15.580  14.190  1.450  10.94  294.32  91.23  935.06  -0.23  311.20  1.64
 9981.0  15.600  14.220  1.490  10.96  294.33  91.32  935.11  -0.34  316.15  2.00
 9982.0  15.600  14.230  1.560  10.97  294.33  91.41  935.19  -0.36  321.33  2.23
 9983.0  15.490  14.240  1.550  10.98  294.23  92.11  935.01  -0.14  321.75  2.49
 9984.0  15.500  14.240  1.540  10.98  294.24  92.11  934.99  -0.02  325.15  2.58
 9985.0  15.440  14.270  1.500  11.00  294.17  92.62  935.05  0.03  324.75  2.50
 9986.0  15.450  14.280  1.540  11.01  294.18  92.62  935.12  0.04  322.83  2.46
 9987.0  15.480  14.310  1.540  11.02  294.21  92.59  935.13  0.09  323.61  2.47
 9988.0  15.460  14.320  1.490  11.04  294.20  92.80  934.99  0.03  326.40  2.46
 9989.0  15.510  14.330  1.520  11.04  294.25  92.51  935.08  -0.03  326.94  2.40
 9990.0  15.470  14.350  1.500  11.06  294.20  92.94  935.11  -0.03  323.38  2.29
 9991.0  15.520  14.370  1.590  11.07  294.26  92.74  934.99  -0.09  318.33  2.38
 9992.0  15.540  14.390  1.540  11.09  294.28  92.76  935.02  -0.07  318.80  2.30
 9993.0  15.560  14.420  1.590  11.10  294.29  92.77  935.21  -0.11  314.38  2.11
 9994.0  15.650  14.410  1.390  11.10  294.39  92.17  935.10  -0.19  312.58  1.90
 9995.0  15.620  14.400  1.420  11.09  294.37  92.26  935.01  -0.05  317.96  1.98
 9996.0  15.670  14.420  1.490  11.11  294.42  92.13  934.94  -0.02  314.57  1.78
 9997.0  15.660  14.420  1.440  11.11  294.40  92.20  935.05  -0.10  319.55  1.75
 9998.0  15.680  14.420  1.450  11.11  294.41  92.08  935.18  0.00  313.95  1.61
 9999.0  15.720  14.420  1.340  11.11  294.47  91.84  935.03  0.02  308.56  1.62
10000.0  15.700  14.430  1.420  11.12  294.45  92.01  935.01  0.11  315.55  1.72
10001.0  15.710  14.440  1.550  11.12  294.45  92.03  935.04  -0.01  314.06  1.67
10002.0  15.650  14.420  1.580  11.11  294.40  92.28  934.93  -0.19  302.55  1.77
10003.0  15.740  14.460  1.490  11.13  294.49  91.94  934.98  -0.24  303.14  1.78
10004.0  15.700  14.440  1.500  11.12  294.44  92.10  935.08  -0.26  304.34  1.78
10005.0  15.720  14.470  1.510  11.14  294.47  92.09  934.99  -0.16  310.53  1.88
10006.0  15.620  14.450  1.460  11.13  294.36  92.60  935.01  0.14  318.76  2.07
10007.0  15.590  14.450  1.560  11.13  294.34  92.79  935.01  0.20  315.71  1.92
10008.0  15.620  14.490  1.510  11.16  294.37  92.85  934.94  0.14  313.90  1.86
10009.0  15.590  14.460  1.520  11.14  294.34  92.90  934.89  0.20  314.72  1.90
10010.0  15.590  14.470  1.580  11.14  294.34  92.88  934.94  0.20  322.88  2.05
10011.0  15.480  14.490  1.550  11.16  294.23  93.69  934.85  0.12  327.05  2.11
10012.0  15.460  14.480  1.580  11.16  294.21  93.77  934.90  0.19  322.01  2.11
10013.0  15.450  14.480  1.580  11.15  294.20  93.82  934.94  0.21  323.02  2.07
10014.0  15.430  14.500  1.640  11.17  294.18  94.11  934.85  0.18  320.66  2.06
10015.0  15.500  14.530  1.580  11.19  294.25  93.83  934.99  0.01  318.19  1.93
10016.0  15.470  14.530  1.570  11.19  294.21  94.07  934.94  -0.21  318.28  1.91
10017.0  15.540  14.550  1.530  11.21  294.29  93.73  934.86  -0.26  313.80  1.88
10018.0  15.480  14.570  1.500  11.22  294.23  94.21  934.92  -0.24  318.14  2.20
10019.0  15.500  14.550  1.530  11.20  294.24  93.95  935.09  -0.29  320.01  2.18
10020.0  15.440  14.570  1.610  11.22  294.18  94.46  935.05  -0.30  323.41  2.16
10021.0  15.460  14.600  1.570  11.24  294.20  94.54  935.05  -0.27  321.94  1.90
10022.0  15.510  14.610  1.510  11.25  294.23  94.29  935.22  -0.24  323.37  1.98
10023.0  15.500  14.630  1.560  11.26  294.21  94.45  935.28  -0.19  324.92  1.83
10024.0  15.530  14.600  1.630  11.24  294.25  94.12  935.24  -0.13  316.77  1.78
10025.0  15.520  14.610  1.630  11.25  294.26  94.23  935.02  -0.17  319.82  2.02
10026.0  15.490  14.630  1.560  11.26  294.24  94.48  934.97  -0.30  321.92  1.88
10027.0  15.530  14.600  1.630  11.24  294.28  94.11  934.96  -0.43  323.31  1.83
10028.0  15.450  14.620  1.620  11.26  294.20  94.68  934.98  -0.47  323.56  2.05
10029.0  15.440  14.600  1.630  11.24  294.18  94.62  935.03  -0.43  319.71  2.34
10030.0  15.340  14.620  1.520  11.25  294.08  95.37  935.07  -0.43  320.42  2.63
10031.0  15.360  14.630  1.440  11.26  294.09  95.36  935.09  -0.53  319.18  2.67
10032.0  15.340  14.600  1.350  11.24  294.07  95.25  935.07  -0.55  318.77  2.90
10033.0  15.300  14.590  1.330  11.23  294.02  95.46  935.23  -0.50  322.35  3.11
10034.0  15.320  14.570  1.200  11.21  294.03  95.22  935.25  -0.45  322.97  3.34
10035.0  15.270  14.550  1.100  11.20  294.00  95.40  935.09  -0.43  322.14  3.33
10036.0  15.290  14.520  1.100  11.18  294.02  95.06  935.13  -0.41  322.48  3.33
10037.0  15.290  14.450  1.080  11.13  294.01  94.61  935.26  -0.35  322.89  3.21
10038.0  15.280  14.400  1.110  11.09  294.00  94.39  935.15  -0.26  322.96  3.30
10039.0  15.310  14.360  1.160  11.07  294.05  93.96  934.98  -0.03  319.40  3.27
10040.0  15.260  14.310  1.220  11.03  294.02  93.90  934.81  -0.03  319.08  3.29
10041.0  15.310  14.290  1.120  11.02  294.07  93.52  934.77  -0.07  318.83  3.37
10042.0  15.270  14.220  1.190  10.97  294.03  93.34  934.77  -0.12  317.99  3.30
10043.0  15.320  14.200  1.340  10.95  294.08  92.88  934.78  -0.17  319.50  3.23
10044.0  15.300  14.160  1.290  10.92  294.05  92.78  934.91  -0.22  319.53  3.16
10045.0  15.310  14.110  1.380  10.89  294.05  92.43  935.00  -0.15  318.22  3.14
10046.0  15.300  14.100  1.330  10.88  294.05  92.37  934.92  -0.01  319.16  3.21
10047.0  15.310  14.090  1.340  10.87  294.06  92.30  934.85  0.00  318.44  3.22
10048.0  15.310  14.060  1.350  10.85  294.06  92.14  934.84  0.03  318.47  3.14
10049.0  15.320  14.040  1.320  10.84  294.07  91.98  934.84  0.09  321.09  3.15
10050.0  15.340  14.070  1.330  10.86  294.09  92.00  934.93  0.05  320.65  3.08
10051.0  15.280  14.100  1.370  10.87  294.03  92.53  934.83  -0.03  319.18  3.08
10052.0  15.300  14.110  1.330  10.88  294.06  92.45  934.81  -0.15  321.73  3.18
10053.0  15.260  14.130  1.260  10.90  293.99  92.84  935.05  -0.27  321.20  3.17
10054.0  15.280  14.150  1.330  10.91  294.01  92.82  935.12  -0.20  322.75  3.05
10055.0  15.230  14.150  1.280  10.91  293.96  93.17  935.08  -0.13  320.93  2.94
10056.0  15.300  14.170  1.350  10.93  294.04  92.84  935.04  -0.13  323.02  2.73
10057.0  15.300  14.180  1.340  10.93  294.04  92.89  935.01  -0.08  323.09  2.78
10058.0  15.250  14.230  1.350  10.97  293.99  93.52  935.03  -0.12  325.38  2.87
10059.0  15.250  14.240  1.330  10.98  294.00  93.59  934.89  -0.12  324.14  2.96
10060.0  15.180  14.230  1.230  10.97  293.90  93.96  935.13  -0.03  323.57  2.89
10061.0  15.220  14.250  1.270  10.98  293.94  93.83  935.18  -0.09  321.40  2.81
10062.0  15.170  14.250  1.300  10.98  293.89  94.15  935.24  -0.19  323.50  3.23
10063.0  15.130  14.240  1.280  10.97  293.85  94.28  935.21  -0.07  325.88  3.47
10064.0  15.090  14.230  1.270  10.97  293.81  94.47  935.22  0.04  325.81  3.20
10065.0  15.090  14.210  1.250  10.96  293.81  94.38  935.25  0.04  325.17  3.06
10066.0  15.120  14.240  1.240  10.97  293.84  94.39  935.15  -0.12  324.90  3.12
10067.0  15.090  14.230  1.280  10.97  293.80  94.51  935.23  -0.10  326.61  3.19
10068.0  15.110  14.210  1.320  10.95  293.85  94.21  935.03  -0.12  326.01  3.15
10069.0  15.080  14.210  1.300  10.95  293.81  94.45  935.03  -0.19  326.61  3.13
10070.0  15.120  14.200  1.220  10.95  293.84  94.15  935.13  -0.15  327.37  3.15
10071.0  15.090  14.210  1.310  10.95  293.82  94.37  934.99  -0.05  325.95  3.14
10072.0  15.120  14.230  1.260  10.97  293.86  94.33  934.88  -0.02  325.40  3.05
10073.0  15.140  14.220  1.300  10.97  293.89  94.13  934.81  0.04  324.56  2.87
10074.0  15.140  14.210  1.340  10.95  293.87  94.05  935.01  0.12  325.32  2.79
10075.0  15.190  14.210  1.340  10.95  293.92  93.75  935.04  0.18  325.45  2.60
10076.0  15.220  14.220  1.390  10.97  293.96  93.67  935.00  0.21  322.88  2.54
10077.0  15.200  14.210  1.420  10.95  293.93  93.71  935.12  0.06  322.46  2.59
10078.0  15.260  14.230  1.350  10.96  293.98  93.46  935.12  0.03  320.57  2.55
10079.0  15.240  14.230  1.390  10.97  293.96  93.60  935.18  -0.03  317.25  2.37
10080.0  15.330  14.240  1.430  10.98  294.05  93.11  935.24  -0.04  316.83  2.30
10081.0  15.360  14.280  1.410  11.01  294.09  93.21  935.07  -0.01  314.20  2.20
10082.0  15.350  14.270  1.430  11.00  294.11  93.14  934.83  -0.03  309.30  2.05
10083.0  15.440  14.290  1.470  11.02  294.19  92.72  934.92  0.05  305.15  1.91
10084.0  15.400  14.320  1.550  11.03  294.14  93.11  935.07  -0.03  299.97  1.80
10085.0  15.460  14.320  1.550  11.03  294.20  92.75  935.07  -0.13  298.52  1.81
10086.0  15.430  14.370  1.510  11.07  294.16  93.28  935.05  -0.24  303.19  1.87
10087.0  15.430  14.390  1.560  11.08  294.17  93.36  935.03  -0.38  305.80  1.89
10088.0  15.420  14.390  1.480  11.08  294.15  93.45  935.09  -0.40  310.66  2.02
10089.0  15.430  14.420  1.440  11.11  294.17  93.64  934.97  -0.34  312.72  2.15
10090.0  15.450  14.410  1.360  11.10  294.19  93.39  935.01  -0.27  314.02  2.06
10091.0  15.410  14.420  1.280  11.11  294.16  93.67  934.95  -0.14  313.19  1.99
10092.0  15.480  14.440  1.380  11.12  294.21  93.40  935.15  -0.03  314.77  1.70
10093.0  15.500  14.440  1.430  11.12  294.22  93.27  935.18  0.13  315.03  1.38
