flight/WP3D/AircraftPos_NP3_20130625_RA.ict
39  1001
Ken Aikin
NOAA ESRL Chemical Sciences Division
various aircraft sensors
SENEX 2013
1  1
2013  06  25  2013  06  25
1
AOCTimewave  sec
5
1  1  1  1  1 
-9999  -9999  -9999  -9999  -9999
GpsLat  deg
GpsLon  deg
GpsAlt  m
PAlt  m
RAlt  m
1
Haynesville flight. Default DewPtTemp was bad from 19:39:53-19:47:27. Also affected H2Omr  RelHumidity  PotTemp.
19
PI_CONTACT_INFO: Address: NOAA ESRL Chemical Sciences Division  Mail Stop R/CSD7  325 Broadway  Boulder  CO 80305
PLATFORM: NOAA WP-3D
LOCATION: The aircraft was stationed in Smyrna  Tennessee. Aircraft location information in AircraftPosition file.
ASSOCIATED_DATA: N/A
INSTRUMENT_INFO: N/A
DATA_INFO: Units:GpsLat:decimal degrees; GpsLon: decimal degrees; GpsAlt: meters; PAlt:meters; RAlt: meters.
UNCERTAINTY: N/A
ULOD_FLAG: -7777
ULOD_VALUE: N/A
LLOD_FLAG: -8888
LLOD_VALUE: N/A
DM_CONTACT_INFO: Data Manager:Ken Aikin; email:Kenneth.C.Aikin@noaa.gov
PROJECT_INFO: SENEX 2013 Study; June 1 - July 15  2013
STIPULATIONS_ON_USE: Use of these data require prior ok from PI.
OTHER_COMMENTS:       None
REVISION: RB
RB: Fixed change in units for PAlt and RAlt.
RA: Preliminary Data.  For in-field use.
AOCTimewave  GpsLat  GpsLon  GpsAlt  PAlt  RAlt
[from data line 20946]
76044.0  32.8278   -92.8222   3080.0   2874.4   3073.9
76045.0  32.8282   -92.8208   3088.8   2883.8   3080.7
76046.0  32.8286   -92.8195   3097.7   2892.8   3069.0
76047.0  32.8289   -92.8181   3106.7   2901.0   3075.6
76048.0  32.8293   -92.8168   3115.7   2908.6   3092.5
76049.0  32.8297   -92.8154   3124.8   2916.9   3093.6
76050.0  32.8301   -92.8141   3133.9   2925.2   3093.7
76051.0  32.8305   -92.8128   3142.9   2935.3   3099.2
76052.0  32.8309   -92.8114   3151.8   2944.9   3112.0
76053.0  32.8313   -92.8101   3160.0   2952.7   3130.5
76054.0  32.8317   -92.8087   3167.8   2960.0   3145.9
76055.0  32.8321   -92.8074   3175.1   2966.7   3163.7
76056.0  32.8324   -92.8060   3181.8   2974.5   3193.7
76057.0  32.8328   -92.8047   3188.4   2980.7   3188.8
76058.0  32.8332   -92.8033   3194.9   2986.8   3201.0
76059.0  32.8336   -92.8020   3201.2   2991.9   3201.0
76060.0  32.8340   -92.8007   3207.6   2998.1   3214.8
76061.0  32.8343   -92.7993   3214.3   3003.6   3232.0
76062.0  32.8347   -92.7980   3221.0   3009.7   3240.9
76063.0  32.8351   -92.7966   3227.2   3014.4   3235.3
76064.0  32.8355   -92.7952   3232.9   3020.2   3246.4
76065.0  32.8358   -92.7939   3238.4   3025.8   3253.5
76066.0  32.8362   -92.7925   3244.1   3030.6   3243.4
76067.0  32.8366   -92.7912   3249.6   3035.2   3259.6
76068.0  32.8370   -92.7898   3255.0   3041.9   3271.6
76069.0  32.8374   -92.7884   3259.8   3045.3   3272.5
76070.0  32.8377   -92.7871   3264.6   3049.5   3269.0
76071.0  32.8381   -92.7857   3269.1   3053.1   3288.9
76072.0  32.8385   -92.7843   3273.4   3057.9   3294.7
76073.0  32.8389   -92.7830   3277.7   3063.3   3294.6
76074.0  32.8393   -92.7816   3281.7   3066.5   3297.1
76075.0  32.8397   -92.7802   3286.0   3070.5   3309.5
76076.0  32.8401   -92.7789   3290.3   3076.1   3300.6
76077.0  32.8405   -92.7775   3294.5   3080.8   3293.7
76078.0  32.8409   -92.7761   3298.4   3084.6   3301.4
76079.0  32.8413   -92.7748   3302.3   3088.9   3308.3
76080.0  32.8417   -92.7734   3306.3   3091.4   3292.9
76081.0  32.8421   -92.7720   3310.3   3095.0   3309.8
76082.0  32.8425   -92.7706   3314.4   3098.1   3309.0
76083.0  32.8429   -92.7693   3319.1   3101.7   3299.1
76084.0  32.8433   -92.7679   3323.7   3106.5   3311.4
76085.0  32.8437   -92.7665   3328.0   3110.3   3326.5
76086.0  32.8442   -92.7652   3332.6   3115.2   3327.8
76087.0  32.8446   -92.7638   3337.3   3119.6   3327.9
76088.0  32.8450   -92.7624   3342.1   3123.6   3339.3
76089.0  32.8455   -92.7610   3347.2   3129.3   3343.0
76090.0  32.8459   -92.7597   3352.7   3134.6   3346.0
76091.0  32.8463   -92.7583   3358.4   3140.1   3358.5
76092.0  32.8468   -92.7569   3364.1   3145.6   3359.9
76093.0  32.8472   -92.7555   3369.7   3151.8   3359.8
76094.0  32.8477   -92.7542   3375.1   3155.8   3369.2
76095.0  32.8481   -92.7528   3380.5   3160.9   3368.6
76096.0  32.8485   -92.7514   3385.9   3165.5   3386.5
76097.0  32.8490   -92.7500   3391.4   3170.2   3405.0
76098.0  32.8494   -92.7487   3397.2   3174.9   3419.0
76099.0  32.8499   -92.7473   3402.9   3180.1   3412.0
76100.0  32.8503   -92.7459   3408.4   3186.2   3421.5
76101.0  32.8508   -92.7445   3413.9   3190.8   3420.9
76102.0  32.8512   -92.7432   3419.1   3196.9   3414.5
76103.0  32.8517   -92.7418   3424.5   3203.5   3418.2
76104.0  32.8522   -92.7404   3430.2   3207.7   3436.4
76105.0  32.8526   -92.7390   3436.2   3213.4   3448.5
76106.0  32.8531   -92.7376   3442.7   3218.3   3461.7
76107.0  32.8535   -92.7363   3449.2   3225.6   3463.8
76108.0  32.8540   -92.7349   3455.6   3231.0   3474.7
76109.0  32.8545   -92.7335   3462.0   3236.8   3472.4
76110.0  32.8549   -92.7321   3468.8   3242.6   3475.8
76111.0  32.8554   -92.7308   3475.5   3248.6   3491.4
76112.0  32.8559   -92.7294   3482.5   3254.1   3494.7
76113.0  32.8563   -92.7280   3489.8   3261.7   3514.8
76114.0  32.8568   -92.7266   3496.9   3268.8   3511.0
76115.0  32.8573   -92.7253   3503.7   3275.6   3520.8
76116.0  32.8577   -92.7239   3510.6   3283.2   3526.1
76117.0  32.8582   -92.7225   3517.3   3289.3   3535.9
76118.0  32.8587   -92.7212   3524.1   3295.5   3544.4
76119.0  32.8592   -92.7198   3530.8   3301.7   3553.6
76120.0  32.8596   -92.7184   3537.4   3308.1   3557.4
76121.0  32.8601   -92.7170   3543.9   3313.7   3576.9
76122.0  32.8606   -92.7157   3550.5   3319.8   3581.4
76123.0  32.8610   -92.7143   3557.0   3325.7   3570.1
76124.0  32.8615   -92.7129   3563.7   3332.7   3586.9
76125.0  32.8619   -92.7115   3570.4   3338.8   3598.1
76126.0  32.8624   -92.7102   3576.8   3344.5   3618.5
76127.0  32.8629   -92.7088   3583.2   3351.3   3628.2
76128.0  32.8633   -92.7074   3589.8   3356.7   3616.1
76129.0  32.8638   -92.7060   3596.5   3363.9   3591.8
76130.0  32.8643   -92.7047   3603.0   3370.6   3576.4
76131.0  32.8647   -92.7033   3609.2   3375.6   3602.7
76132.0  32.8652   -92.7019   3615.5   3382.0   3630.0
76133.0  32.8656   -92.7005   3621.8   3387.4   3645.7
76134.0  32.8661   -92.6992   3627.8   3393.4   3660.3
76135.0  32.8666   -92.6978   3633.7   3398.6   3656.8
76136.0  32.8670   -92.6964   3639.4   3404.6   3688.0
76137.0  32.8675   -92.6950   3645.1   3409.6   3696.5
76138.0  32.8680   -92.6937   3651.0   3415.7   3689.2
76139.0  32.8684   -92.6923   3656.9   3421.6   3693.0
76140.0  32.8689   -92.6909   3662.7   3427.6   3690.2
76141.0  32.8694   -92.6895   3668.5   3433.2   3691.1
76142.0  32.8698   -92.6881   3674.4   3438.1   3681.9
76143.0  32.8703   -92.6868   3680.2   3442.6   3680.9
76144.0  32.8708   -92.6854   3685.6   3448.1   3698.1
76145.0  32.8713   -92.6840   3690.8   3452.5   3712.9
76146.0  32.8717   -92.6826   3695.7   3458.0   3718.6
76147.0  32.8722   -92.6812   3700.5   3462.7   3735.2
76148.0  32.8727   -92.6799   3705.3   3467.7   3736.8
76149.0  32.8732   -92.6785   3710.1   3472.6   3760.7
76150.0  32.8737   -92.6771   3714.9   3477.2   3765.4
76151.0  32.8742   -92.6757   3719.6   3481.4   3756.4
76152.0  32.8747   -92.6743   3723.8   3483.7   3762.4
76153.0  32.8752   -92.6730   3727.9   3487.1   3774.2
76154.0  32.8757   -92.6716   3732.3   3491.5   3787.5
76155.0  32.8762   -92.6702   3736.7   3496.3   3794.5
76156.0  32.8768   -92.6689   3741.0   3501.3   3796.3
76157.0  32.8773   -92.6675   3745.5   3505.4   3813.8
76158.0  32.8778   -92.6661   3750.1   3509.9   3803.3
76159.0  32.8784   -92.6648   3755.0   3514.3   3805.2
76160.0  32.8789   -92.6634   3760.2   3518.1   3808.9
76161.0  32.8795   -92.6620   3765.8   3523.5   3811.6
76162.0  32.8801   -92.6607   3771.5   3527.8   3823.5
76163.0  32.8806   -92.6593   3777.3   3533.6   3816.9
76164.0  32.8812   -92.6580   3783.0   3538.3   3802.4
76165.0  32.8818   -92.6566   3788.7   3544.5   3823.0
76166.0  32.8824   -92.6553   3794.4   3550.0   3834.4
76167.0  32.8830   -92.6539   3800.3   3556.2   3835.9
76168.0  32.8836   -92.6526   3806.2   3560.9   3848.4
76169.0  32.8842   -92.6513   3812.4   3567.2   3856.6
76170.0  32.8848   -92.6499   3818.5   3572.8   3865.1
76171.0  32.8854   -92.6486   3824.6   3578.8   3869.6
76172.0  32.8860   -92.6473   3830.8   3584.5   3876.3
76173.0  32.8866   -92.6460   3837.1   3590.1   3893.7
76174.0  32.8872   -92.6446   3843.6   3595.8   3894.5
76175.0  32.8878   -92.6433   3850.3   3601.7   3907.9
76176.0  32.8884   -92.6420   3857.1   3609.1   3897.2
76177.0  32.8890   -92.6407   3864.1   3615.1   3898.6
76178.0  32.8896   -92.6393   3871.2   3621.6   3903.4
76179.0  32.8902   -92.6380   3878.3   3628.5   3919.3
76180.0  32.8908   -92.6367   3885.4   3635.3   3918.4
76181.0  32.8914   -92.6353   3892.5   3641.4   3930.8
76182.0  32.8920   -92.6340   3900.0   3648.5   3931.0
76183.0  32.8926   -92.6327   3907.4   3655.8   3939.2
76184.0  32.8932   -92.6314   3915.0   3662.1   3966.9
76185.0  32.8938   -92.6300   3922.3   3669.5   3967.0
76186.0  32.8944   -92.6287   3929.4   3676.1   3970.6
76187.0  32.8949   -92.6273   3936.1   3682.5   3963.1
76188.0  32.8955   -92.6260   3942.3   3688.1   3963.1
76189.0  32.8961   -92.6247   3948.2   3694.3   3976.1
76190.0  32.8967   -92.6233   3953.8   3698.6   3984.0
76191.0  32.8972   -92.6220   3959.1   3704.7   4004.5
76192.0  32.8978   -92.6206   3964.1   3709.6   4011.0
76193.0  32.8984   -92.6193   3968.8   3713.3   4023.4
76194.0  32.8990   -92.6180   3973.1   3718.1   4032.0
76195.0  32.8995   -92.6166   3977.3   3722.8   4032.4
76196.0  32.9001   -92.6152   3981.4   3726.0   4030.3
76197.0  32.9007   -92.6139   3985.4   3729.0   4017.4
76198.0  32.9012   -92.6125   3989.7   3733.7   3988.8
76199.0  32.9018   -92.6112   3993.7   3737.6   4013.5
76200.0  32.9023   -92.6098   3997.5   3741.0   4024.7
76201.0  32.9029   -92.6084   4001.5   3745.2   4043.5
76202.0  32.9035   -92.6071   4005.5   3748.9   4040.6
76203.0  32.9040   -92.6057   4009.6   3752.6   4050.1
76204.0  32.9046   -92.6043   4014.1   3755.6   4058.6
76205.0  32.9051   -92.6030   4018.9   3760.1   4058.6
76206.0  32.9057   -92.6016   4024.1   3766.3   4063.5
76207.0  32.9062   -92.6002   4029.4   3770.8   4057.8
76208.0  32.9068   -92.5988   4034.5   3776.6   4054.3
76209.0  32.9074   -92.5975   4039.7   3781.2   4051.3
76210.0  32.9079   -92.5961   4046.3   3785.6   4071.8
76211.0  32.9085   -92.5947   4052.3   3791.1   4075.7
76212.0  32.9090   -92.5933   4057.4   3796.2   4058.4
76213.0  32.9095   -92.5919   4062.1   3799.9   4067.9
76214.0  32.9101   -92.5905   4065.8   3804.7   4075.6
76215.0  32.9106   -92.5891   4069.6   3809.0   4087.2
76216.0  32.9112   -92.5877   4074.0   3812.0   4106.0
76217.0  32.9117   -92.5863   4078.4   3815.9   4111.2
76218.0  32.9122   -92.5849   4082.4   3822.3   4111.9
76219.0  32.9127   -92.5835   4087.1   3828.0   4117.0
76220.0  32.9133   -92.5821   4092.3   3831.0   4130.9
76221.0  32.9138   -92.5807   4097.6   3835.2   4134.4
76222.0  32.9143   -92.5793   4102.9   3839.5   4142.3
76223.0  32.9148   -92.5779   4108.4   3845.9   4153.6
76224.0  32.9154   -92.5765   4114.0   3851.5   4173.6
76225.0  32.9159   -92.5751   4119.8   3855.6   4202.7
76226.0  32.9164   -92.5737   4125.4   3861.5   4179.7
76227.0  32.9169   -92.5723   4131.1   3867.5   4171.5
76228.0  32.9174   -92.5709   4137.2   3873.4   4163.6
76229.0  32.9180   -92.5695   4143.6   3878.7   4172.2
76230.0  32.9185   -92.5681   4150.1   3885.1   4177.1
76231.0  32.9190   -92.5667   4156.9   3890.7   4173.5
76232.0  32.9195   -92.5653   4164.2   3896.7   4174.2
76233.0  32.9201   -92.5639   4171.7   3904.5   4162.3
76234.0  32.9206   -92.5625   4179.1   3911.6   4178.2
76235.0  32.9211   -92.5612   4186.4   3918.5   4165.1
76236.0  32.9216   -92.5598   4193.9   3926.3   4184.4
76237.0  32.9221   -92.5584   4201.6   3933.6   4180.4
76238.0  32.9227   -92.5570   4209.2   3941.1   4199.3
76239.0  32.9232   -92.5556   4216.7   3947.8   4211.0
76240.0  32.9237   -92.5542   4224.0   3955.2   4232.4
76241.0  32.9242   -92.5528   4231.2   3962.3   4238.0
76242.0  32.9247   -92.5514   4238.3   3968.8   4248.2
76243.0  32.9253   -92.5501   4245.0   3975.1   4262.9
76244.0  32.9258   -92.5487   4251.6   3980.5   4283.0
76245.0  32.9263   -92.5473   4258.2   3986.3   4281.7
76246.0  32.9268   -92.5459   4264.2   3992.8   4282.9
76247.0  32.9273   -92.5445   4270.5   3998.6   4257.4
76248.0  32.9278   -92.5432   4277.0   4004.8   4267.1
76249.0  32.9283   -92.5418   4283.0   4011.8   4290.7
76250.0  32.9288   -92.5404   4288.7   4017.5   4302.0
76251.0  32.9294   -92.5390   4294.0   4021.6   4310.3
76252.0  32.9299   -92.5376   4298.8   4024.7   4330.6
76253.0  32.9304   -92.5362   4303.6   4029.4   4327.1
76254.0  32.9309   -92.5348   4308.3   4035.6   4314.3
76255.0  32.9314   -92.5335   4312.9   4040.3   4331.0
76256.0  32.9319   -92.5321   4317.7   4044.2   4341.1
76257.0  32.9324   -92.5307   4322.4   4047.5   4341.2
76258.0  32.9329   -92.5293   4326.8   4053.1   4335.6
76259.0  32.9334   -92.5279   4331.3   4057.8   4338.1
76260.0  32.9339   -92.5265   4335.7   4060.6   4356.2
76261.0  32.9344   -92.5251   4340.0   4064.1   4373.5
76262.0  32.9348   -92.5238   4344.1   4067.4   4344.5
76263.0  32.9353   -92.5224   4347.9   4072.1   4355.8
76264.0  32.9358   -92.5210   4351.4   4075.2   4365.5
76265.0  32.9363   -92.5196   4354.9   4079.2   4352.1
76266.0  32.9368   -92.5182   4358.5   4083.7   4346.3
76267.0  32.9373   -92.5168   4361.8   4085.5   4358.7
76268.0  32.9378   -92.5154   4365.3   4089.9   4361.9
76269.0  32.9383   -92.5140   4368.6   4092.6   4362.8
76270.0  32.9388   -92.5126   4372.2   4094.9   4373.4
76271.0  32.9393   -92.5111   4375.9   4098.7   4381.9
76272.0  32.9398   -92.5097   4379.6   4101.9   4385.5
76273.0  32.9403   -92.5083   4383.5   4105.3   4404.5
76274.0  32.9407   -92.5069   4387.8   4110.1   4407.9
76275.0  32.9412   -92.5055   4392.0   4114.1   4418.1
76276.0  32.9417   -92.5041   4395.9   4117.6   4445.6
76277.0  32.9422   -92.5027   4399.8   4120.7   4445.1
76278.0  32.9427   -92.5013   4404.1   4124.5   4447.7
76279.0  32.9432   -92.4999   4408.1   4129.4   4438.7
76280.0  32.9437   -92.4985   4412.3   4133.7   4429.9
76281.0  32.9442   -92.4971   4416.5   4137.8   4450.3
76282.0  32.9447   -92.4957   4420.2   4140.7   4479.4
76283.0  32.9452   -92.4943   4424.0   4144.1   4477.2
76284.0  32.9457   -92.4929   4428.2   4147.4   4477.5
76285.0  32.9462   -92.4915   4432.7   4150.6   4470.6
76286.0  32.9468   -92.4901   4437.2   4154.1   4479.9
76287.0  32.9473   -92.4887   4441.9   4158.5   4485.7
76288.0  32.9478   -92.4873   4447.0   4163.7   4482.7
76289.0  32.9483   -92.4859   4452.6   4170.5   4490.8
76290.0  32.9489   -92.4845   4458.6   4176.7   4496.1
76291.0  32.9494   -92.4831   4464.7   4180.7   4493.7
76292.0  32.9499   -92.4817   4470.7   4186.0   4499.8
76293.0  32.9504   -92.4803   4476.7   4192.3   4531.1
76294.0  32.9510   -92.4790   4482.6   4199.6   4549.5
76295.0  32.9515   -92.4776   4488.6   4204.5   4555.0
76296.0  32.9520   -92.4762   4494.5   4210.7   4543.2
76297.0  32.9526   -92.4748   4500.6   4215.8   4528.2
76298.0  32.9531   -92.4734   4507.0   4220.9   4531.6
76299.0  32.9536   -92.4720   4513.8   4226.4   4536.8
76300.0  32.9542   -92.4707   4520.7   4233.6   4540.9
76301.0  32.9547   -92.4693   4527.8   4241.4   4545.0
76302.0  32.9553   -92.4679   4534.6   4247.1   4563.7
76303.0  32.9558   -92.4666   4541.1   4253.2   4558.8
76304.0  32.9564   -92.4652   4547.5   4260.5   4576.0
76305.0  32.9570   -92.4639   4553.3   4266.4   4575.9
76306.0  32.9575   -92.4625   4558.7   4271.4   4591.0
76307.0  32.9581   -92.4612   4564.5   4275.3   4607.0
76308.0  32.9587   -92.4598   4570.1   4280.7   4609.6
76309.0  32.9593   -92.4585   4575.8   4287.0   4585.8
76310.0  32.9599   -92.4571   4581.0   4291.9   4600.1
76311.0  32.9605   -92.4558   4586.1   4297.5   4597.2
76312.0  32.9611   -92.4544   4591.3   4302.9   4614.1
76313.0  32.9617   -92.4531   4596.5   4306.7   4618.1
76314.0  32.9623   -92.4518   4601.9   4311.1   4616.6
76315.0  32.9629   -92.4504   4607.3   4316.2   4625.9
76316.0  32.9635   -92.4491   4612.9   4320.5   4637.8
76317.0  32.9641   -92.4478   4618.6   4326.3   4663.5
76318.0  32.9647   -92.4465   4624.0   4331.5   4678.2
76319.0  32.9653   -92.4451   4629.4   4337.7   4665.7
76320.0  32.9659   -92.4438   4635.0   4342.7   4656.3
76321.0  32.9665   -92.4425   4640.2   4348.3   4679.9
76322.0  32.9671   -92.4411   4645.3   4354.1   4697.6
76323.0  32.9677   -92.4398   4650.6   4358.1   4687.2
76324.0  32.9683   -92.4385   4655.9   4363.1   4668.2
76325.0  32.9689   -92.4371   4661.0   4368.4   4683.9
76326.0  32.9695   -92.4358   4666.4   4373.1   4711.3
76327.0  32.9701   -92.4344   4671.8   4378.0   4724.2
76328.0  32.9706   -92.4331   4677.3   4382.9   4719.8
76329.0  32.9712   -92.4318   4682.8   4387.3   4722.5
76330.0  32.9718   -92.4304   4688.2   4392.8   4730.9
76331.0  32.9724   -92.4291   4693.6   4397.8   4710.1
76332.0  32.9729   -92.4277   4698.9   4403.4   4715.5
