flight/WP3D/AircraftMet_NP3_20130629_RA.ict
43  1001
Ken Aikin
NOAA ESRL Chemical Sciences Division
various aircraft sensors
SENEX 2013
1  1
2013  06  29  2013  06  29
1
AOCTimewave
10
1  1  1  1  1  1  1  1  1  1
-9999  -9999  -9999  -9999  -9999  -9999  -9999  -9999  -9999  -9999
AmbTemp  C
DewPtTemp  C
DewPtTempTDL  C
H2Omr  g/kg
PotTemp  K
RelHumidity  pct
StaticPrs  mbar
VertWindSpd  m/s
WindDir  deg
WindSpd  m/s
1
SPECIAL COMMENTS:Birmingham and C-130 intercomparison.
18
PI_CONTACT_INFO: Address: NOAA ESRL Chemical Sciences Division  Mail Stop R/CSD7  325 Broadway  Boulder  CO 80305
PLATFORM: NOAA WP-3D
LOCATION: The aircraft was stationed in  Smyrna  Tennessee. Aircraft location information in AircraftPosition file.
ASSOCIATED_DATA: N/A
INSTRUMENT_INFO: N/A
DATA_INFO: Units:AmbTemp celcius; DewPtTemp celcius; DewPtTempTDL celcius; H2Omr g/kg; PotTemp kelvin; RelHumidity percent; StaticPrs millibar; VertWindSpd m/s; WindDir degrees; WindSpd m/s
UNCERTAINTY: N/A
ULOD_FLAG: -7777
ULOD_VALUE: N/A
LLOD_FLAG: -8888
LLOD_VALUE: N/A
DM_CONTACT_INFO: Data Manager:Ken Aikin; email:Kenneth.C.Aikin@noaa.gov
PROJECT_INFO: SENEX 2013 Study; June 1 - July 15  2013
STIPULATIONS_ON_USE: Use of these data require prior ok from PI.
OTHER_COMMENTS:       None
REVISION: RA
RA: Preliminary Data.  For in-field use.
AOCTimewave  AmbTemp  DewPtTemp  DewPtTempTDL  H2Omr  PotTemp  RelHumidity  StaticPrs  VertWindSpd  WindDir  WindSpd
[from data line 21272]
76857.0  24.870  12.590  -3.670  9.90  304.34  45.50  929.17  1.16  295.41  6.10
76858.0  24.950  12.650  -3.870  9.94  304.40  45.46  929.36  1.51  303.62  5.71
76859.0  25.010  12.680  -3.910  9.95  304.43  45.37  929.68  1.16  306.37  6.28
76860.0  24.950  12.690  -4.080  9.96  304.36  45.56  929.86  1.06  307.00  5.67
76861.0  24.990  12.710  -3.520  9.97  304.37  45.51  930.15  1.18  309.34  5.37
76862.0  25.060  12.790  -3.490  10.02  304.41  45.58  930.48  0.63  316.74  6.19
76863.0  25.050  12.840  -3.580  10.05  304.39  45.74  930.62  0.72  323.66  5.53
76864.0  25.040  12.900  -4.010  10.09  304.38  45.97  930.57  -0.10  312.01  5.92
76865.0  25.110  13.010  -4.130  10.17  304.43  46.11  930.77  -0.03  311.54  6.77
76866.0  25.080  13.040  -4.570  10.19  304.40  46.28  930.81  -0.12  318.25  5.72
76867.0  25.140  12.990  -4.490  10.15  304.44  45.97  930.96  -0.04  317.03  6.16
76868.0  25.170  13.000  -4.450  10.16  304.46  45.92  931.09  -0.04  318.52  6.51
76869.0  25.090  12.970  -4.490  10.13  304.37  46.05  931.22  -0.19  315.25  6.26
76870.0  25.070  12.910  -4.490  10.10  304.35  45.92  931.19  -0.30  308.39  6.57
76871.0  25.060  12.930  -3.610  10.11  304.33  46.02  931.27  0.02  307.28  6.24
76872.0  25.030  12.940  -3.530  10.11  304.32  46.11  931.11  0.12  307.85  6.39
76873.0  25.030  12.950  -3.390  10.12  304.31  46.14  931.23  -0.13  307.05  6.06
76874.0  25.000  12.950  -3.150  10.12  304.28  46.24  931.16  -0.63  304.68  6.11
76875.0  25.000  13.030  -2.800  10.18  304.28  46.48  931.28  -0.06  308.81  6.29
76876.0  25.030  13.070  -3.060  10.20  304.31  46.53  931.20  0.48  312.59  6.11
76877.0  24.960  13.110  -3.110  10.23  304.24  46.87  931.10  -0.04  307.29  5.65
76878.0  24.940  13.110  -3.000  10.23  304.24  46.90  931.02  -0.04  313.79  5.09
76879.0  25.000  13.100  -2.570  10.23  304.30  46.71  930.95  1.00  323.47  4.67
76880.0  25.050  13.160  -1.870  10.27  304.36  46.74  930.87  0.79  334.54  5.25
76881.0  24.970  13.240  -1.590  10.32  304.28  47.21  930.86  0.91  326.92  5.47
76882.0  25.000  13.330  -1.200  10.39  304.31  47.44  930.90  -0.04  322.01  5.86
76883.0  24.930  13.500  -1.980  10.50  304.24  48.17  930.81  -0.03  326.52  5.50
76884.0  24.940  13.600  -1.940  10.57  304.26  48.46  930.77  -0.62  321.72  5.61
76885.0  24.930  13.690  -2.100  10.63  304.25  48.76  930.77  -0.42  319.88  5.94
76886.0  24.880  13.740  -1.910  10.67  304.20  49.09  930.65  -0.48  315.07  6.02
76887.0  24.920  13.810  -3.070  10.72  304.25  49.19  930.71  -0.39  307.93  6.34
76888.0  24.990  13.940  -3.380  10.81  304.30  49.40  930.85  -0.43  308.89  6.68
76889.0  24.980  14.010  -3.450  10.86  304.28  49.66  930.99  -0.06  305.50  6.47
76890.0  25.000  14.050  -3.730  10.89  304.29  49.73  931.05  -0.47  304.58  6.42
76891.0  25.080  13.980  -3.910  10.83  304.37  49.24  931.16  -0.35  306.48  6.58
76892.0  25.070  13.900  -3.870  10.78  304.37  49.03  930.95  -0.40  309.54  6.38
76893.0  25.080  13.810  -3.850  10.72  304.39  48.73  930.85  -0.25  311.09  6.50
76894.0  25.040  13.790  -3.610  10.70  304.36  48.76  930.74  -0.51  310.15  6.10
76895.0  25.020  13.860  -3.530  10.75  304.35  49.03  930.70  -0.65  308.18  6.60
76896.0  25.050  13.880  -3.540  10.77  304.37  49.01  930.78  -0.43  310.20  6.44
76897.0  25.070  13.800  -3.730  10.71  304.39  48.73  930.76  -0.46  313.53  6.23
76898.0  25.060  13.680  -3.570  10.63  304.38  48.36  930.73  -0.09  314.99  6.31
76899.0  25.050  13.520  -3.550  10.52  304.38  47.87  930.67  0.43  316.75  6.13
76900.0  25.010  13.470  -3.240  10.48  304.35  47.82  930.57  0.93  318.52  5.94
76901.0  25.010  13.490  -3.200  10.50  304.36  47.90  930.49  1.58  318.07  6.35
76902.0  24.990  13.500  -1.770  10.50  304.34  47.98  930.44  2.08  327.12  5.80
76903.0  24.950  13.450  -0.550  10.47  304.31  47.92  930.37  1.41  319.72  6.49
76904.0  24.910  13.400  -1.110  10.44  304.27  47.90  930.28  1.05  312.78  7.15
76905.0  24.880  13.440  -1.600  10.46  304.23  48.12  930.37  1.51  312.50  6.98
76906.0  24.890  13.590  -2.410  10.57  304.24  48.58  930.40  0.61  307.91  7.29
76907.0  24.870  13.800  -2.810  10.71  304.22  49.29  930.47  0.91  306.73  6.90
76908.0  24.850  14.020  -2.620  10.87  304.20  50.11  930.36  0.68  303.84  6.36
76909.0  24.910  14.210  -2.320  11.01  304.26  50.52  930.43  -0.51  302.74  6.52
76910.0  24.910  14.270  -1.970  11.05  304.27  50.74  930.38  -0.71  305.01  7.07
76911.0  24.910  14.190  -2.020  10.99  304.25  50.48  930.56  -0.66  300.35  7.80
76912.0  24.920  14.140  -2.110  10.96  304.27  50.26  930.46  -0.75  301.78  7.25
76913.0  24.920  14.180  -2.450  10.99  304.28  50.39  930.41  -0.70  300.92  7.01
76914.0  24.920  14.340  -2.510  11.10  304.26  50.96  930.47  0.12  298.67  6.47
76915.0  24.870  14.460  -1.710  11.19  304.21  51.51  930.58  0.60  294.04  6.17
76916.0  24.910  14.470  -1.720  11.20  304.24  51.42  930.54  0.68  289.58  6.14
76917.0  24.880  14.410  -2.160  11.16  304.23  51.31  930.41  0.26  288.48  5.11
76918.0  24.970  14.450  -2.820  11.19  304.31  51.17  930.47  -0.08  300.53  3.61
76919.0  25.020  14.550  -2.700  11.26  304.37  51.34  930.47  0.68  301.45  4.23
76920.0  25.090  14.560  -2.620  11.27  304.44  51.14  930.44  0.35  310.87  5.00
76921.0  24.990  14.450  -1.810  11.19  304.34  51.08  930.46  -0.11  305.45  6.01
76922.0  24.950  14.250  -2.070  11.04  304.29  50.57  930.45  -0.37  306.30  5.84
76923.0  24.970  14.130  -2.370  10.95  304.31  50.08  930.56  -0.24  307.40  6.34
76924.0  25.040  14.110  -2.670  10.93  304.36  49.82  930.70  -0.89  312.55  7.20
76925.0  24.980  14.090  -3.020  10.92  304.28  49.95  930.93  -0.93  309.20  6.82
76926.0  25.010  14.100  -3.090  10.92  304.30  49.87  931.06  -0.95  313.10  6.63
76927.0  24.990  14.090  -3.260  10.91  304.28  49.89  931.08  -0.73  309.61  7.07
76928.0  25.010  14.040  -3.220  10.88  304.30  49.66  931.08  -0.83  308.05  7.42
76929.0  25.010  13.980  -3.100  10.84  304.30  49.48  931.12  -0.59  305.74  7.47
76930.0  25.010  13.940  -3.180  10.81  304.29  49.34  931.18  -0.37  310.14  7.09
76931.0  24.990  13.910  -3.170  10.79  304.28  49.30  931.14  0.07  309.90  6.65
76932.0  24.970  13.890  -3.260  10.77  304.28  49.28  930.91  -0.22  303.04  6.15
76933.0  24.930  13.840  -3.080  10.74  304.24  49.25  930.87  0.53  299.96  6.05
76934.0  24.970  13.770  -2.800  10.69  304.29  48.90  930.71  0.50  300.61  6.05
76935.0  25.000  13.760  -2.880  10.69  304.33  48.79  930.68  0.37  306.88  5.63
76936.0  25.020  13.760  -2.940  10.69  304.34  48.75  930.70  0.33  302.78  6.84
76937.0  24.980  13.760  -2.990  10.69  304.31  48.86  930.64  -0.10  306.68  6.27
76938.0  25.000  13.770  -3.160  10.69  304.33  48.83  930.61  -0.16  308.17  6.11
76939.0  25.010  13.770  -3.310  10.69  304.35  48.78  930.64  -0.54  308.06  7.45
76940.0  25.020  13.660  -3.520  10.61  304.33  48.40  930.79  -0.18  308.31  7.56
76941.0  25.000  13.530  -3.630  10.52  304.32  48.04  930.75  0.12  310.29  7.29
76942.0  25.000  13.480  -3.620  10.49  304.31  47.89  930.84  -0.35  311.42  7.27
76943.0  25.000  13.510  -3.620  10.51  304.31  48.00  930.87  -0.28  312.58  7.19
76944.0  25.010  13.550  -3.590  10.54  304.32  48.09  930.81  -0.39  313.22  7.20
76945.0  24.980  13.580  -3.710  10.56  304.30  48.26  930.77  -0.31  309.74  7.11
76946.0  25.020  13.520  -3.650  10.51  304.33  47.95  930.92  -0.31  311.23  7.30
76947.0  25.000  13.440  -3.500  10.46  304.31  47.74  930.96  -0.11  311.81  7.18
76948.0  24.980  13.440  -3.610  10.46  304.27  47.84  931.02  -0.11  309.41  7.09
76949.0  25.010  13.450  -3.730  10.46  304.31  47.75  931.01  0.04  308.63  7.32
76950.0  24.990  13.440  -3.820  10.46  304.30  47.81  930.85  -0.28  307.37  6.86
76951.0  25.020  13.360  -4.480  10.40  304.33  47.45  930.86  -0.20  305.69  6.62
76952.0  25.060  13.320  -5.110  10.37  304.37  47.20  930.86  -0.29  305.19  7.10
76953.0  24.990  13.280  -4.320  10.35  304.30  47.29  930.86  -0.33  302.83  7.03
76954.0  25.000  13.190  -3.410  10.29  304.30  46.99  930.96  -0.76  305.46  6.74
76955.0  25.020  13.120  -4.290  10.24  304.33  46.70  930.92  -0.60  307.31  6.53
76956.0  25.080  13.160  -4.790  10.26  304.37  46.66  931.12  -1.04  307.23  6.90
76957.0  25.050  13.250  -4.980  10.33  304.35  47.02  931.03  -0.54  306.02  6.13
76958.0  25.090  13.270  -4.850  10.34  304.40  46.97  930.87  -0.22  308.54  5.99
76959.0  25.090  13.210  -4.820  10.30  304.40  46.80  930.88  -0.39  309.99  5.76
76960.0  24.930  13.130  -3.700  10.25  304.23  47.01  931.00  -0.34  306.21  4.75
76961.0  24.970  13.000  -2.210  10.15  304.28  46.46  930.95  0.34  314.83  4.74
76962.0  24.890  12.910  -2.620  10.09  304.20  46.41  930.87  1.39  298.69  5.96
76963.0  24.910  12.810  -2.050  10.04  304.25  46.08  930.49  1.47  294.22  6.67
76964.0  24.930  12.640  -1.430  9.92  304.29  45.49  930.30  1.62  304.53  6.50
76965.0  24.890  12.440  -2.000  9.79  304.26  45.01  930.23  1.52  305.97  5.86
76966.0  24.780  12.250  -1.930  9.67  304.15  44.73  930.22  0.98  300.61  5.07
76967.0  24.850  12.130  -1.310  9.59  304.23  44.18  930.15  0.76  307.82  5.26
76968.0  24.760  12.070  -1.280  9.55  304.13  44.24  930.17  0.82  303.41  5.40
76969.0  24.760  12.140  -1.430  9.60  304.13  44.44  930.19  1.15  301.80  5.30
76970.0  24.860  12.320  -1.610  9.71  304.23  44.71  930.28  1.06  313.48  5.10
76971.0  24.850  12.490  -1.990  9.83  304.23  45.26  930.14  1.25  314.21  6.06
76972.0  24.830  12.660  -1.970  9.94  304.21  45.84  930.02  0.91  316.29  6.07
76973.0  24.770  12.840  -1.230  10.06  304.15  46.56  930.10  -0.10  322.02  5.34
76974.0  24.710  13.070  -1.480  10.21  304.06  47.48  930.35  -0.53  312.05  5.56
76975.0  24.790  13.320  -1.820  10.38  304.13  48.01  930.45  -0.44  308.15  5.70
76976.0  24.810  13.560  -1.850  10.55  304.13  48.73  930.62  -0.60  311.58  5.22
76977.0  24.790  13.780  -1.660  10.70  304.13  49.48  930.59  -0.71  312.20  5.15
76978.0  24.830  13.920  -1.720  10.80  304.16  49.81  930.70  -0.55  312.91  5.37
76979.0  24.800  14.050  -1.520  10.89  304.11  50.34  930.80  -0.84  309.19  5.25
76980.0  24.850  14.240  -1.560  11.02  304.13  50.83  931.09  -0.83  311.57  5.35
76981.0  24.870  14.490  -1.680  11.21  304.16  51.60  931.09  -0.48  316.50  5.57
76982.0  24.830  14.740  -1.510  11.39  304.10  52.60  931.25  -0.54  311.63  5.55
76983.0  24.820  14.930  -1.320  11.53  304.10  53.27  931.25  -0.24  311.08  5.80
76984.0  24.820  15.060  -1.030  11.63  304.10  53.73  931.17  -0.11  307.81  5.91
76985.0  24.860  15.110  -0.920  11.67  304.15  53.78  931.11  0.39  305.96  6.68
76986.0  24.850  15.100  -1.620  11.66  304.13  53.78  931.14  0.66  314.61  5.43
76987.0  24.800  15.010  -0.630  11.59  304.08  53.62  931.11  1.74  315.15  4.61
76988.0  24.780  14.860  0.050  11.48  304.08  53.17  930.95  0.39  303.28  5.20
76989.0  24.830  14.720  0.010  11.38  304.15  52.51  930.73  -0.25  317.36  5.04
76990.0  24.830  14.600  -0.460  11.30  304.16  52.12  930.60  -1.10  308.74  5.92
76991.0  24.810  14.540  -1.010  11.25  304.14  51.96  930.59  -0.11  307.45  5.72
76992.0  24.840  14.470  -1.810  11.20  304.18  51.63  930.51  0.26  304.60  6.23
76993.0  24.870  14.430  -1.900  11.17  304.21  51.38  930.57  0.36  305.46  6.64
76994.0  24.890  14.400  -1.980  11.15  304.21  51.25  930.72  0.18  308.56  6.64
76995.0  24.850  14.400  -1.590  11.15  304.18  51.37  930.64  -0.04  314.70  6.45
76996.0  24.870  14.400  -1.690  11.15  304.18  51.32  930.74  0.39  313.14  6.38
76997.0  24.780  14.420  -1.920  11.16  304.10  51.64  930.70  0.33  311.52  5.60
76998.0  24.740  14.420  -1.640  11.16  304.07  51.78  930.58  0.59  301.66  4.96
76999.0  24.760  14.420  -1.170  11.16  304.11  51.72  930.44  0.65  298.85  5.46
77000.0  24.810  14.440  -1.100  11.18  304.16  51.64  930.37  0.92  299.54  6.08
77001.0  24.740  14.440  -1.070  11.18  304.09  51.85  930.47  1.20  295.24  6.23
77002.0  24.840  14.450  -1.420  11.18  304.20  51.55  930.36  1.73  299.91  6.66
77003.0  24.800  14.470  -1.620  11.20  304.16  51.77  930.24  1.20  297.85  6.58
77004.0  24.760  14.460  -2.230  11.20  304.13  51.86  930.19  0.29  293.32  6.12
77005.0  24.810  14.430  -2.290  11.17  304.15  51.59  930.43  0.11  295.31  6.01
77006.0  24.880  14.340  -2.240  11.10  304.23  51.07  930.37  -0.56  303.50  6.08
77007.0  24.770  14.240  -2.380  11.03  304.10  51.10  930.57  -0.12  300.23  5.31
77008.0  24.880  14.160  -2.570  10.98  304.22  50.48  930.50  -0.06  297.46  6.42
77009.0  24.830  14.150  -2.320  10.96  304.17  50.59  930.50  -0.55  299.31  5.93
77010.0  24.870  14.150  -2.270  10.97  304.20  50.47  930.60  -1.36  306.90  5.69
77011.0  24.880  14.170  -2.370  10.98  304.20  50.49  930.76  -1.45  306.78  6.37
77012.0  24.880  14.170  -2.590  10.98  304.20  50.52  930.74  -1.29  307.56  6.32
77013.0  24.910  14.170  -2.590  10.97  304.21  50.41  930.92  -1.01  308.27  6.64
77014.0  24.920  14.140  -2.680  10.95  304.22  50.27  931.00  -0.33  309.06  6.95
77015.0  24.930  14.110  -2.790  10.93  304.24  50.13  930.92  -0.18  310.31  7.15
77016.0  24.990  14.060  -3.480  10.89  304.29  49.78  930.98  0.12  309.66  7.70
77017.0  24.990  13.990  -3.630  10.85  304.29  49.58  930.94  -0.17  311.09  7.58
77018.0  24.960  13.890  -4.100  10.77  304.25  49.33  931.17  -0.38  307.95  7.44
77019.0  25.070  13.790  -4.960  10.70  304.35  48.66  931.16  -0.06  309.42  7.39
77020.0  25.090  13.670  -5.100  10.62  304.38  48.24  931.05  0.16  307.71  7.30
77021.0  25.120  13.540  -5.630  10.53  304.43  47.72  930.95  0.41  308.66  7.24
77022.0  25.130  13.390  -4.970  10.43  304.44  47.23  930.95  -0.11  310.39  7.69
77023.0  25.070  13.280  -4.700  10.35  304.38  47.05  930.93  0.20  310.70  7.11
77024.0  24.950  13.190  -3.790  10.29  304.27  47.10  930.81  0.17  311.15  6.78
77025.0  24.910  13.130  -2.820  10.25  304.23  47.07  930.74  0.13  309.17  6.99
77026.0  24.890  13.110  -2.990  10.23  304.21  47.05  930.76  -0.25  310.24  6.80
77027.0  24.860  13.110  -2.770  10.24  304.17  47.14  930.84  -0.30  311.25  6.49
77028.0  24.860  13.120  -2.610  10.24  304.17  47.15  930.83  -0.08  310.71  7.10
77029.0  24.850  13.090  -2.620  10.22  304.16  47.10  930.84  -0.28  307.81  7.60
77030.0  24.840  13.070  -2.610  10.21  304.16  47.09  930.72  -0.09  308.86  7.25
77031.0  24.880  13.080  -2.530  10.21  304.21  46.97  930.65  -0.25  312.17  7.30
77032.0  24.830  13.080  -2.710  10.21  304.17  47.11  930.53  -0.66  312.55  6.64
77033.0  24.870  13.080  -3.050  10.22  304.20  47.04  930.65  -1.05  314.11  6.78
77034.0  24.860  13.100  -2.940  10.23  304.18  47.12  930.76  -1.40  313.14  6.58
77035.0  24.920  13.130  -3.030  10.25  304.22  47.03  930.93  -1.26  312.06  7.26
77036.0  24.940  13.180  -3.120  10.28  304.24  47.13  930.98  -1.00  312.73  7.58
77037.0  24.880  13.260  -2.950  10.34  304.19  47.55  930.87  0.05  313.74  7.01
77038.0  24.850  13.370  -1.760  10.42  304.17  48.00  930.71  0.70  317.33  6.47
77039.0  24.720  13.520  -1.360  10.52  304.06  48.86  930.58  0.67  306.51  4.94
77040.0  24.770  13.690  -1.670  10.63  304.10  49.23  930.62  -0.03  295.88  6.27
77041.0  24.960  13.820  -1.810  10.73  304.30  49.10  930.54  0.79  302.41  7.34
77042.0  24.950  13.880  -1.510  10.77  304.30  49.34  930.46  0.27  309.29  7.54
77043.0  24.920  13.910  -1.680  10.79  304.26  49.51  930.47  0.67  308.71  7.85
77044.0  24.850  13.930  -2.080  10.81  304.21  49.80  930.28  0.88  305.98  6.09
77045.0  24.850  13.970  -2.000  10.84  304.22  49.93  930.10  1.76  300.52  6.65
77046.0  24.870  13.990  -2.020  10.86  304.26  49.96  929.93  1.53  299.24  5.46
77047.0  24.850  14.020  -2.520  10.87  304.23  50.08  930.06  1.26  289.85  6.05
77048.0  24.870  14.040  -2.660  10.90  304.27  50.11  929.91  0.74  286.60  6.77
77049.0  24.940  14.040  -2.990  10.90  304.33  49.90  929.93  1.09  296.50  6.66
