flight/WP3D/AircraftMet_NP3_20130529_RA.ict
43  1001
Ken Aikin
NOAA ESRL Chemical Sciences Division
various aircraft sensors
SENEX 2013
1  1
2013  05  29  2013  05  29
1
AOCTimewave
10
1  1  1  1  1  1  1  1  1  1
-9999  -9999  -9999  -9999  -9999  -9999  -9999  -9999  -9999  -9999
AmbTemp
DewPtTemp
DewPtTempTDL
H2Omr
PotTemp
RelHumidity
StaticPrs
VertWindSpd
WindDir
WindSpd
1
SPECIAL COMMENTS:Lots of AOC data system problems. Large gaps in data. DewPtTempTDL did not work.
18
PI_CONTACT_INFO: Address: NOAA ESRL Chemical Sciences Division  Mail Stop R/CSD7  325 Broadway  Boulder  CO 80305
PLATFORM: NOAA WP-3D
LOCATION: The aircraft was stationed in  Smyrna  Tennessee. Aircraft location information in AircraftPosition file.
ASSOCIATED_DATA: N/A
INSTRUMENT_INFO: N/A
DATA_INFO: Units:AmbTemp celcius; DewPtTemp celcius; DewPtTempTDL celcius; H2Omr g/kg; PotTemp kelvin; RelHumidity percent; StaticPrs millibar; VertWindSpd m/s; WindDir degrees; WindSpd m/s
UNCERTAINTY: N/A
ULOD_FLAG: -7777
ULOD_VALUE: N/A
LLOD_FLAG: -8888
LLOD_VALUE: N/A
DM_CONTACT_INFO: Data Manager:Ken Aikin; email:Kenneth.C.Aikin@noaa.gov
PROJECT_INFO: SENEX 2013 Study; June 1 - July 15  2013
STIPULATIONS_ON_USE: Use of these data require prior ok from PI.
OTHER_COMMENTS:       None
REVISION: RA
RA: Preliminary Data.  For in-field use.
AOCTimewave  AmbTemp  DewPtTemp  DewPtTempTDL  H2Omr  PotTemp  RelHumidity  StaticPrs  VertWindSpd  WindDir  WindSpd
[from data line 1164]
76683.0  6.630  1.250  -29.260  6.00  309.78  68.20  699.86  -0.30  118.41  8.83
76684.0  6.600  1.240  -29.260  5.99  309.73  68.32  699.97  -0.09  118.31  8.90
76685.0  6.620  1.220  -29.260  5.98  309.75  68.08  699.99  -0.15  118.31  8.87
76686.0  6.660  1.180  -29.260  5.97  309.80  67.71  700.02  -0.16  118.41  8.80
76687.0  6.600  1.150  -29.260  5.95  309.73  67.85  700.06  0.02  116.47  8.86
76688.0  6.640  1.110  -29.260  5.94  309.78  67.46  699.91  0.02  115.55  8.82
76689.0  6.690  1.050  -29.260  5.91  309.85  66.92  699.92  -0.10  116.61  8.77
76690.0  6.650  0.950  -29.260  5.87  309.81  66.66  699.80  -0.05  116.88  8.82
76691.0  6.690  0.880  -29.260  5.84  309.86  66.12  699.77  0.09  116.20  8.73
76692.0  6.660  0.810  -29.260  5.81  309.82  65.95  699.81  0.19  115.90  8.77
76693.0  6.670  0.760  -29.260  5.79  309.83  65.62  699.88  0.21  115.40  8.73
76694.0  6.720  0.660  -29.260  5.75  309.90  64.91  699.79  0.17  115.12  8.67
76695.0  6.660  0.530  -29.260  5.69  309.85  64.56  699.65  0.09  114.06  8.54
76696.0  6.710  0.370  -29.260  5.63  309.89  63.62  699.78  0.11  113.45  8.49
76697.0  6.720  0.220  -29.260  5.57  309.89  62.91  699.80  0.07  113.08  8.48
76698.0  6.700  0.080  -29.260  5.51  309.87  62.30  699.78  0.22  113.60  8.54
76699.0  6.770  -0.080  -29.260  5.45  309.94  61.34  699.85  0.45  113.88  8.58
76700.0  6.730  -0.220  -29.260  5.39  309.89  60.85  699.92  0.56  114.63  8.61
76701.0  6.780  -0.360  -29.260  5.33  309.95  60.00  699.91  0.49  114.55  8.69
76702.0  6.810  -0.510  -29.260  5.27  309.97  59.22  699.99  0.47  115.60  8.94
76703.0  6.840  -0.650  -29.260  5.22  310.02  58.52  699.86  0.69  113.62  8.83
76704.0  6.880  -0.790  -29.260  5.17  310.06  57.76  699.88  0.84  112.13  8.74
76705.0  6.910  -0.870  -29.260  5.14  310.09  57.27  699.88  0.85  112.48  8.70
76706.0  6.970  -0.890  -29.260  5.13  310.15  57.00  699.92  0.78  113.41  8.68
76707.0  6.930  -0.920  -29.260  5.12  310.11  57.01  699.93  0.59  114.10  8.72
76708.0  6.940  -0.980  -29.260  5.10  310.14  56.71  699.82  0.32  114.72  8.73
76709.0  6.950  -1.050  -29.260  5.07  310.13  56.39  699.88  0.06  114.48  8.76
76710.0  6.910  -1.080  -29.260  5.06  310.09  56.41  699.89  0.04  114.01  8.75
76711.0  6.960  -1.070  -29.260  5.06  310.15  56.27  699.82  0.07  113.68  8.76
76712.0  6.950  -1.010  -29.260  5.08  310.15  56.53  699.79  0.01  113.96  8.75
76713.0  6.930  -0.950  -29.260  5.11  310.14  56.86  699.71  -0.02  113.57  8.74
76714.0  6.980  -0.890  -29.260  5.13  310.17  56.91  699.85  -0.17  113.83  8.77
76715.0  6.930  -0.840  -29.260  5.15  310.13  57.35  699.76  -0.41  113.91  8.73
76716.0  6.990  -0.790  -29.260  5.17  310.19  57.32  699.78  -0.46  114.81  8.70
76717.0  6.930  -0.760  -29.260  5.18  310.12  57.69  699.89  -0.39  115.28  8.61
76718.0  6.970  -0.710  -29.260  5.20  310.16  57.76  699.89  -0.22  115.48  8.51
76719.0  6.950  -0.670  -29.260  5.21  310.15  57.94  699.79  -0.03  115.70  8.50
76720.0  6.910  -0.630  -29.260  5.23  310.09  58.32  699.86  -0.05  115.93  8.36
76721.0  6.880  -0.640  -29.260  5.23  310.08  58.40  699.74  -0.23  114.90  8.14
76722.0  6.850  -0.680  -29.260  5.21  310.03  58.35  699.81  -0.36  115.45  8.22
76723.0  6.860  -0.750  -29.260  5.18  310.04  57.97  699.91  -0.46  115.10  8.22
76724.0  6.830  -0.810  -29.260  5.16  309.99  57.87  699.95  -0.37  115.47  8.18
76725.0  6.850  -0.860  -29.260  5.14  310.01  57.57  699.97  -0.24  115.73  8.21
76726.0  6.810  -0.930  -29.260  5.11  309.95  57.46  700.09  -0.40  116.14  8.27
76727.0  6.820  -1.000  -29.260  5.09  309.97  57.08  700.06  -0.53  114.82  8.22
76728.0  6.780  -1.060  -29.260  5.06  309.94  56.99  699.99  -0.52  114.54  8.13
76729.0  6.740  -1.140  -29.260  5.03  309.90  56.83  699.89  -0.60  114.44  8.19
76730.0  6.770  -1.200  -29.260  5.01  309.93  56.44  699.96  -0.68  114.14  8.34
76731.0  6.710  -1.260  -29.260  4.99  309.88  56.45  699.86  -0.68  114.08  8.32
76732.0  6.680  -1.330  -29.260  4.96  309.83  56.27  699.93  -0.60  114.09  8.30
76733.0  6.690  -1.390  -29.260  4.94  309.84  55.98  700.01  -0.56  113.03  8.26
76734.0  6.610  -1.470  -29.260  4.91  309.75  55.97  700.04  -0.48  113.49  8.31
76735.0  6.560  -1.510  -29.260  4.90  309.70  55.99  699.93  -0.37  113.96  8.33
76736.0  6.430  -1.510  -29.260  4.90  309.55  56.53  699.99  -0.47  114.74  8.51
76737.0  6.330  -1.430  -29.260  4.93  309.44  57.23  700.03  -0.65  115.92  8.52
76738.0  6.370  -1.250  -29.260  4.99  309.49  57.84  699.91  -0.65  117.17  8.47
76739.0  6.370  -0.990  -29.260  5.09  309.50  58.96  699.88  -0.58  117.64  8.36
76740.0  6.440  -0.650  -29.260  5.22  309.56  60.19  699.97  -0.52  117.11  8.35
76741.0  6.400  -0.270  -29.260  5.37  309.51  62.04  699.97  -0.39  115.80  8.27
76742.0  6.320  0.040  -29.260  5.49  309.44  63.81  699.87  -0.14  114.43  8.09
76743.0  6.240  0.270  -29.260  5.59  309.34  65.30  699.93  -0.04  114.64  8.10
76744.0  6.220  0.470  -29.260  5.66  309.32  66.29  699.96  -0.11  114.32  8.11
76745.0  6.150  0.580  -29.260  5.71  309.24  67.13  699.97  -0.19  113.97  8.15
76746.0  6.120  0.600  -29.260  5.72  309.21  67.42  699.95  -0.17  113.53  8.22
76747.0  6.110  0.630  -29.260  5.73  309.18  67.64  700.09  -0.06  112.51  8.33
76748.0  6.040  0.710  -29.260  5.77  309.11  68.36  700.00  -0.12  112.72  8.35
76749.0  6.040  0.850  -29.260  5.82  309.13  69.03  699.85  -0.30  110.65  8.12
76750.0  6.120  1.030  -29.260  5.90  309.21  69.57  699.86  -0.36  109.32  8.10
76751.0  6.230  1.260  -29.260  6.00  309.31  70.20  700.03  -0.31  109.84  8.15
76752.0  6.190  1.390  -29.260  6.06  309.28  71.08  699.97  -0.45  109.41  8.16
76753.0  6.230  1.460  -29.260  6.09  309.32  71.21  700.01  -0.63  110.89  8.24
76754.0  6.290  1.500  -29.260  6.11  309.37  71.13  700.12  -0.71  113.17  8.19
76755.0  6.320  1.530  -29.260  6.12  309.41  71.16  700.07  -0.72  112.64  8.15
76756.0  6.370  1.470  -29.260  6.09  309.46  70.58  700.16  -0.71  112.70  8.16
76757.0  6.390  1.320  -29.260  6.03  309.47  69.76  700.20  -0.68  112.77  8.15
76758.0  6.400  1.190  -29.260  5.97  309.49  68.99  700.20  -0.81  113.23  8.10
76759.0  6.440  1.130  -29.260  5.94  309.53  68.52  700.18  -0.90  112.51  8.32
76760.0  6.440  1.170  -29.260  5.96  309.54  68.71  700.10  -1.02  112.89  8.36
76761.0  6.530  1.320  -29.260  6.03  309.65  69.00  700.03  -1.14  112.79  8.19
76762.0  6.490  1.600  -29.260  6.15  309.60  70.62  700.11  -1.08  112.89  8.24
76763.0  6.530  1.840  -29.260  6.26  309.63  71.70  700.12  -0.86  111.83  8.22
76764.0  6.490  2.020  -29.260  6.34  309.58  72.84  700.23  -0.78  111.70  8.22
76765.0  6.450  2.150  -29.260  6.40  309.51  73.70  700.37  -0.70  112.14  8.22
76766.0  6.520  2.240  -29.260  6.44  309.60  73.82  700.30  -0.66  111.98  8.17
76767.0  6.480  2.260  -29.260  6.45  309.56  74.14  700.29  -0.78  112.15  8.04
76768.0  6.500  2.310  -29.260  6.47  309.58  74.27  700.33  -0.80  112.41  7.84
76769.0  6.510  2.340  -29.260  6.49  309.60  74.40  700.23  -0.83  112.81  7.86
76770.0  6.560  2.280  -29.260  6.46  309.65  73.86  700.24  -0.88  113.58  8.02
76771.0  6.630  2.170  -29.260  6.41  309.74  72.90  700.20  -0.93  114.88  8.05
76772.0  6.600  2.090  -29.260  6.37  309.71  72.63  700.08  -0.90  114.85  8.11
76773.0  6.680  2.070  -29.260  6.36  309.79  72.12  700.18  -0.86  115.96  8.22
76774.0  6.650  2.060  -29.260  6.36  309.75  72.27  700.21  -0.95  118.22  8.05
76775.0  6.660  2.070  -29.260  6.36  309.77  72.21  700.16  -0.88  118.49  8.23
76776.0  6.620  2.060  -29.260  6.36  309.73  72.37  700.16  -0.86  120.48  8.05
76777.0  6.630  2.030  -29.260  6.34  309.75  72.16  700.14  -0.98  120.79  7.74
76778.0  6.580  1.990  -29.260  6.32  309.69  72.17  700.13  -1.00  122.78  7.64
76779.0  6.610  1.970  -29.260  6.32  309.73  71.97  700.11  -0.79  123.77  7.67
76780.0  6.540  1.990  -29.260  6.33  309.65  72.45  700.05  -0.84  124.33  7.52
76781.0  6.540  2.000  -29.260  6.33  309.66  72.46  700.04  -0.69  124.79  7.60
76782.0  6.530  2.020  -29.260  6.34  309.64  72.61  700.05  -0.83  125.70  7.56
76783.0  6.460  2.030  -29.260  6.34  309.57  73.01  699.99  -1.00  124.58  6.90
76784.0  6.210  2.070  -29.260  6.36  309.28  74.56  700.10  0.00  126.04  6.53
76785.0  5.960  2.140  -29.260  6.39  309.02  76.22  699.99  -1.53  131.35  7.55
76786.0  5.880  2.270  -29.260  6.45  308.91  77.39  700.15  0.24  120.27  7.48
76787.0  6.130  2.520  -29.260  6.57  309.20  77.42  700.02  0.26  115.14  7.57
76788.0  5.830  2.790  -29.260  6.70  308.88  80.60  699.93  0.28  105.02  7.42
76789.0  5.700  3.080  -29.260  6.84  308.73  83.05  699.97  0.30  106.17  7.40
76790.0  5.570  3.340  -29.260  6.97  308.60  85.34  699.87  1.26  110.27  8.45
76791.0  5.620  3.520  -29.260  7.06  308.67  86.17  699.80  0.91  112.56  7.77
76792.0  5.570  3.640  -29.260  7.12  308.61  87.25  699.79  0.01  113.18  6.45
76793.0  5.500  3.770  -29.260  7.19  308.52  88.49  699.81  0.21  117.41  6.34
76794.0  5.480  3.920  -29.260  7.26  308.50  89.54  699.84  -0.06  109.54  6.47
76795.0  5.930  4.080  -29.260  7.35  308.98  87.74  699.99  -0.36  113.48  6.55
76796.0  6.090  4.210  -29.260  7.42  309.15  87.61  700.03  -0.27  116.41  7.04
76797.0  6.090  4.260  -29.260  7.44  309.14  87.91  700.09  0.25  111.92  6.83
76798.0  6.260  4.300  -29.260  7.46  309.32  87.16  700.13  -0.30  111.59  7.72
76799.0  6.020  4.330  -29.260  7.48  309.05  88.81  700.17  -1.64  116.41  8.77
76800.0  5.770  4.390  -29.260  7.51  308.75  90.73  700.39  0.31  115.91  8.36
76801.0  5.870  4.480  -29.260  7.55  308.88  90.67  700.25  0.73  112.48  6.96
76802.0  5.870  4.580  -29.260  7.61  308.88  91.31  700.18  0.46  108.70  8.08
76803.0  5.770  4.550  -29.260  7.59  308.76  91.80  700.30  0.56  105.40  8.82
76804.0  5.950  4.430  -29.260  7.53  308.97  89.83  700.21  0.33  112.57  9.24
76805.0  5.950  4.300  -29.260  7.46  308.97  89.02  700.20  0.67  115.49  8.98
76806.0  6.100  4.220  -29.260  7.42  309.15  87.58  700.12  0.59  118.56  8.77
76807.0  6.160  4.120  -29.260  7.37  309.23  86.58  700.06  0.37  120.56  8.34
76808.0  6.140  4.010  -29.260  7.31  309.20  86.07  700.08  0.19  121.55  7.96
76809.0  6.150  3.860  -29.260  7.23  309.21  85.08  700.06  -0.02  122.31  7.94
76810.0  6.190  3.680  -29.260  7.14  309.27  83.76  699.97  -0.17  120.65  7.97
76811.0  6.240  3.460  -29.260  7.03  309.33  82.15  699.99  -0.29  119.95  8.04
76812.0  6.280  3.270  -29.260  6.94  309.37  80.84  700.02  -0.40  118.84  8.09
76813.0  6.280  3.140  -29.260  6.87  309.38  80.09  699.88  -0.48  116.99  8.02
76814.0  6.310  3.100  -29.260  6.85  309.42  79.67  699.92  -0.46  118.44  8.02
76815.0  6.300  3.100  -29.260  6.85  309.41  79.73  699.92  -0.40  118.39  8.05
76816.0  6.300  3.120  -29.260  6.86  309.40  79.83  699.98  -0.23  119.89  8.02
76817.0  6.250  3.050  -29.260  6.83  309.32  79.76  700.12  -0.18  119.50  8.01
76818.0  6.170  2.910  -29.260  6.76  309.24  79.41  700.02  -0.09  119.03  7.97
76819.0  6.170  2.800  -29.260  6.71  309.25  78.78  699.99  -0.08  117.93  8.02
76820.0  6.150  2.760  -29.260  6.69  309.23  78.63  699.97  -0.08  118.74  8.08
76821.0  6.120  2.740  -29.260  6.68  309.19  78.69  699.98  0.09  119.20  7.71
76822.0  6.120  2.720  -29.260  6.67  309.20  78.59  699.94  0.21  118.90  7.73
76823.0  6.180  2.780  -29.260  6.70  309.27  78.57  699.94  0.34  120.85  7.59
76824.0  6.190  2.850  -29.260  6.73  309.28  78.92  699.96  0.33  122.09  7.54
76825.0  6.260  2.920  -29.260  6.76  309.35  78.96  699.92  0.24  122.43  7.50
76826.0  6.280  2.990  -29.260  6.80  309.39  79.26  699.83  0.24  122.36  7.36
76827.0  6.250  3.040  -29.260  6.82  309.36  79.69  699.81  0.24  122.47  7.42
76828.0  6.270  3.120  -29.260  6.86  309.38  80.01  699.80  0.31  122.21  7.38
76829.0  6.280  3.200  -29.260  6.90  309.40  80.42  699.81  0.25  123.20  7.40
76830.0  6.290  3.210  -29.260  6.91  309.40  80.48  699.79  0.10  123.74  7.48
76831.0  6.310  3.190  -29.260  6.90  309.43  80.21  699.77  -0.04  124.26  7.63
76832.0  6.340  3.130  -29.260  6.87  309.45  79.66  699.90  -0.11  125.57  7.65
76833.0  6.360  3.110  -29.260  6.86  309.47  79.50  699.88  -0.11  126.21  7.61
76834.0  6.350  3.130  -29.260  6.87  309.46  79.64  699.93  -0.22  126.35  7.51
76835.0  6.320  3.170  -29.260  6.89  309.43  80.06  699.86  -0.33  124.91  7.44
76836.0  6.290  3.210  -29.260  6.90  309.40  80.38  699.91  -0.44  124.76  7.38
76837.0  6.260  3.230  -29.260  6.92  309.36  80.72  699.92  -0.53  122.26  7.62
76838.0  6.260  3.250  -29.260  6.93  309.34  80.84  700.04  -0.61  121.97  7.74
76839.0  6.230  3.270  -29.260  6.94  309.30  81.11  700.13  -0.53  122.02  7.72
76840.0  6.250  3.280  -29.260  6.94  309.32  81.06  700.12  -0.44  122.59  7.81
76841.0  6.200  3.310  -29.260  6.95  309.27  81.51  700.05  -0.58  123.69  8.05
76842.0  6.260  3.340  -29.260  6.97  309.33  81.35  700.09  -0.60  123.50  8.14
76843.0  6.230  3.380  -29.260  6.99  309.30  81.76  700.14  -0.65  122.84  8.20
76844.0  6.440  3.400  -29.260  7.00  309.53  80.68  700.12  -0.76  122.25  8.19
76845.0  6.260  3.410  -29.260  7.00  309.34  81.78  700.05  -0.77  122.25  8.16
76846.0  6.270  3.430  -29.260  7.01  309.34  81.84  700.08  -0.77  121.86  8.22
76847.0  6.340  3.450  -29.260  7.02  309.43  81.52  700.06  -0.88  121.85  8.31
76848.0  6.400  3.460  -29.260  7.03  309.50  81.26  700.04  -0.95  121.36  8.18
76849.0  6.430  3.430  -29.260  7.02  309.53  80.93  700.05  -0.95  119.75  7.67
76850.0  6.530  3.390  -29.260  6.99  309.64  80.09  700.03  -0.77  119.17  7.31
76851.0  6.580  3.350  -29.260  6.97  309.70  79.61  700.04  -0.59  118.72  7.33
76852.0  6.530  3.340  -29.260  6.97  309.65  79.88  699.95  -0.37  114.09  7.02
76853.0  6.590  3.320  -29.260  6.96  309.73  79.39  699.90  -0.26  113.87  7.03
76854.0  6.610  3.310  -29.260  6.96  309.76  79.22  699.81  -0.18  114.38  6.77
76855.0  6.620  3.270  -29.260  6.94  309.78  78.92  699.76  -0.39  116.16  7.13
76856.0  6.600  3.240  -29.260  6.92  309.76  78.90  699.73  -0.63  118.01  7.39
76857.0  6.620  3.220  -29.260  6.91  309.77  78.66  699.79  -0.59  120.29  7.21
76858.0  6.600  3.170  -29.260  6.89  309.74  78.50  699.81  -0.49  119.86  7.40
76859.0  6.550  3.120  -29.260  6.87  309.71  78.46  699.74  -0.12  119.18  7.24
76860.0  6.560  3.080  -29.260  6.84  309.71  78.20  699.73  0.05  120.69  6.81
76861.0  6.550  3.030  -29.260  6.82  309.72  77.95  699.66  0.13  120.39  6.98
76862.0  6.530  2.980  -29.260  6.79  309.69  77.78  699.69  0.11  119.68  7.04
76863.0  6.520  2.930  -29.260  6.77  309.68  77.60  699.68  0.05  117.49  7.23
76864.0  6.500  2.910  -29.260  6.76  309.64  77.61  699.74  0.07  116.95  7.39
76865.0  6.500  2.890  -29.260  6.75  309.67  77.45  699.63  0.04  117.56  7.40
76866.0  6.490  2.880  -29.260  6.75  309.65  77.50  699.58  -0.24  117.16  7.58
76867.0  6.520  2.850  -29.260  6.74  309.69  77.18  699.58  -0.39  120.42  7.45
76868.0  6.490  2.800  -29.260  6.71  309.66  76.99  699.58  -0.41  122.62  7.64
76869.0  6.370  2.730  -29.260  6.68  309.51  77.30  699.63  -0.34  125.01  7.60
76870.0  6.270  2.660  -29.260  6.64  309.40  77.44  699.67  -0.52  124.55  7.92
76871.0  6.170  2.600  -29.260  6.61  309.28  77.64  699.75  -0.44  123.41  8.13
76872.0  6.030  2.480  -29.260  6.55  309.12  77.71  699.83  -0.11  123.87  8.07
76873.0  6.000  2.360  -29.260  6.50  309.09  77.25  699.78  0.09  124.10  8.05
76874.0  6.100  2.300  -29.260  6.47  309.21  76.40  699.70  0.09  126.25  7.82
76875.0  6.210  2.230  -29.260  6.44  309.31  75.38  699.86  0.04  127.85  7.66
76876.0  6.280  2.110  -29.260  6.38  309.38  74.36  699.96  0.06  126.27  7.75
76877.0  6.350  1.960  -29.260  6.31  309.47  73.22  699.91  0.07  124.22  7.75
76878.0  6.370  1.850  -29.260  6.26  309.49  72.51  699.92  0.11  123.82  7.74
76879.0  6.400  1.770  -29.260  6.23  309.52  71.94  699.97  -0.04  122.92  7.67
