flight/WP3D/AircraftPos_NP3_20130622_RA.ict
40  1001
Ken Aikin
NOAA ESRL Chemical Sciences Division
various aircraft sensors
SENEX 2013
1  1
2013  06  22  2013  06  22
1
AOCTimewave
5
1  1  1  1  1 
-9999  -9999  -9999  -9999  -9999
GpsLat  deg
GpsLon  deg
GpsAlt  m
PAlt  m
RAlt  m
3
SPECIAL COMMENTS:Atlanta flight. AOC data system crash between 20:45:42 and 21:09:09. 
New TDL Dew Pt Temp instrument for this flight.
No H2O  PoTemp  H2Omr from takeoff until about 1615 for now. Order of parameters in AOC data stream had been changed. Switched back at 16:15.
18
PI_CONTACT_INFO: Address: NOAA ESRL Chemical Sciences Division  Mail Stop R/CSD7  325 Broadway  Boulder  CO 80305
PLATFORM: NOAA WP-3D
LOCATION: The aircraft was stationed in Smyrna  Tennessee. Aircraft location information in AircraftPosition file.
ASSOCIATED_DATA: N/A
INSTRUMENT_INFO: N/A
DATA_INFO: Units:GpsLat:decimal degrees; GpsLon: decimal degrees; GpsAlt: meters; PAlt:meters; RAlt: meters.
UNCERTAINTY: N/A
ULOD_FLAG: -7777
ULOD_VALUE: N/A
LLOD_FLAG: -8888
LLOD_VALUE: N/A
DM_CONTACT_INFO: Data Manager:Ken Aikin; email:Kenneth.C.Aikin@noaa.gov
PROJECT_INFO: SENEX 2013 Study; June 1 - July 15  2013
STIPULATIONS_ON_USE: Use of these data require prior ok from PI.
OTHER_COMMENTS:       None
REVISION: RA
RA: Preliminary Data.  For in-field use.
AOCTimewave  GpsLat  GpsLon  GpsAlt  PAlt  RAlt
54077.0  36.0086   -86.5191    158.5     44.3      2.1
54078.0  36.0082   -86.5186    158.5     35.1      1.9
54079.0  36.0077   -86.5181    158.5     25.2      1.6
54080.0  36.0072   -86.5175    159.3     25.2      1.8
54081.0  36.0067   -86.5170    161.1     31.1      3.6
54082.0  36.0062   -86.5165    163.6     41.9      6.1
54083.0  36.0057   -86.5159    167.3     51.3      9.5
54084.0  36.0052   -86.5154    171.6     58.9     13.7
54085.0  36.0047   -86.5148    176.0     65.9     18.1
54086.0  36.0042   -86.5143    180.1     71.9     22.3
54087.0  36.0037   -86.5138    184.1     74.5     25.9
54088.0  36.0032   -86.5132    188.6     78.2     30.0
54089.0  36.0027   -86.5127    193.4     84.9     35.2
54090.0  36.0023   -86.5121    198.0     90.2     40.2
54091.0  36.0018   -86.5116    202.3     92.0     44.6
54092.0  36.0013   -86.5110    206.5     95.5     48.6
54093.0  36.0008   -86.5104    210.6    100.2     53.0
54094.0  36.0003   -86.5099    215.0    104.7     56.9
54095.0  35.9998   -86.5093    219.7    110.8     62.3
54096.0  35.9993   -86.5088    224.3    117.2     67.8
54097.0  35.9988   -86.5082    228.1    117.2     72.0
54098.0  35.9983   -86.5076    231.9    120.6     76.5
54099.0  35.9978   -86.5070    235.9    123.3     81.2
54100.0  35.9972   -86.5064    240.6    129.7     87.4
54101.0  35.9967   -86.5059    245.9    135.3     92.4
54102.0  35.9962   -86.5053    251.2    140.0     98.0
54103.0  35.9957   -86.5047    257.0    147.6     98.9
54104.0  35.9952   -86.5041    262.7    154.8    103.3
54105.0  35.9947   -86.5035    268.5    157.2    108.6
54106.0  35.9942   -86.5029    274.3    160.8    114.3
54107.0  35.9937   -86.5023    280.1    166.8    121.3
54108.0  35.9932   -86.5017    285.4    170.1    126.2
54109.0  35.9926   -86.5011    290.7    175.5    132.2
54110.0  35.9921   -86.5005    296.6    182.1    137.6
54111.0  35.9916   -86.4999    302.6    189.5    142.8
54112.0  35.9911   -86.4993    308.7    195.0    148.2
54113.0  35.9906   -86.4986    314.2    200.9    153.2
54114.0  35.9901   -86.4980    319.2    204.5    157.4
54115.0  35.9896   -86.4974    324.2    209.7    163.6
54116.0  35.9891   -86.4967    328.9    213.1    167.6
54117.0  35.9886   -86.4961    333.7    220.0    171.7
54118.0  35.9881   -86.4955    337.8    224.2    175.2
54119.0  35.9875   -86.4948    340.9    226.2    180.0
54120.0  35.9870   -86.4942    343.9    228.2    182.8
54121.0  35.9865   -86.4935    347.4    230.8    188.5
54122.0  35.9860   -86.4929    351.6    234.9    193.8
54123.0  35.9854   -86.4922    356.3    239.2    197.6
54124.0  35.9849   -86.4916    360.8    244.0    198.7
54125.0  35.9844   -86.4909    365.2    247.5    203.2
54126.0  35.9838   -86.4902    369.6    250.7    208.7
54127.0  35.9833   -86.4896    374.6    254.4    211.6
54128.0  35.9827   -86.4889    379.8    259.5    216.2
54129.0  35.9822   -86.4883    383.6    263.0    219.4
54130.0  35.9817   -86.4876    386.6    263.8    221.5
54131.0  35.9811   -86.4869    389.8    265.6    226.3
54132.0  35.9805   -86.4862    393.8    268.6    230.3
54133.0  35.9800   -86.4855    398.6    274.5    232.5
54134.0  35.9794   -86.4848    403.6    278.0    236.5
54135.0  35.9789   -86.4842    408.9    283.8    246.0
54136.0  35.9783   -86.4835    414.2    290.9    251.4
54137.0  35.9777   -86.4828    418.9    292.9    256.7
54138.0  35.9771   -86.4821    424.2    298.3    263.3
54139.0  35.9766   -86.4815    430.3    306.1    270.5
54140.0  35.9760   -86.4808    436.0    311.3    272.8
54141.0  35.9753   -86.4802    440.6    316.3    271.3
54142.0  35.9747   -86.4796    444.5    319.9    277.3
54143.0  35.9741   -86.4789    448.8    322.7    291.3
54144.0  35.9734   -86.4783    454.0    328.9    298.1
54145.0  35.9728   -86.4778    458.4    334.4    303.8
54146.0  35.9721   -86.4772    462.5    337.6    307.8
54147.0  35.9714   -86.4766    466.5    342.1    311.8
54148.0  35.9707   -86.4761    470.1    343.4    312.5
54149.0  35.9700   -86.4756    473.5    347.7    313.9
54150.0  35.9693   -86.4751    477.2    350.8    319.9
54151.0  35.9686   -86.4746    481.1    354.0    326.8
54152.0  35.9678   -86.4742    485.2    359.4    332.0
54153.0  35.9671   -86.4737    488.4    361.7    338.3
54154.0  35.9663   -86.4733    490.9    364.3    340.6
54155.0  35.9655   -86.4729    493.5    366.4    343.2
54156.0  35.9647   -86.4725    496.5    370.7    342.5
54157.0  35.9639   -86.4722    499.5    374.8    344.1
54158.0  35.9631   -86.4719    501.7    374.9    347.3
54159.0  35.9623   -86.4716    504.0    375.3    348.6
54160.0  35.9614   -86.4713    506.4    376.2    349.7
54161.0  35.9606   -86.4710    509.6    379.8    353.2
54162.0  35.9597   -86.4708    511.9    383.8    356.4
54163.0  35.9589   -86.4706    513.7    385.2    361.0
54164.0  35.9580   -86.4704    515.4    386.6    362.2
54165.0  35.9571   -86.4703    517.7    389.1    363.0
54166.0  35.9562   -86.4701    520.1    393.8    363.1
54167.0  35.9553   -86.4700    521.6    394.1    364.2
54168.0  35.9544   -86.4698    523.0    395.1    364.2
54169.0  35.9535   -86.4697    524.3    396.1    365.8
54170.0  35.9526   -86.4696    525.5    398.0    364.2
54171.0  35.9517   -86.4695    527.1    399.2    367.0
54172.0  35.9507   -86.4693    528.7    399.6    367.7
54173.0  35.9498   -86.4692    531.2    402.0    369.5
54174.0  35.9489   -86.4691    534.2    406.2    375.2
54175.0  35.9479   -86.4690    537.0    408.0    387.3
54176.0  35.9470   -86.4689    540.2    410.4    396.1
54177.0  35.9461   -86.4689    543.8    413.8    391.7
54178.0  35.9451   -86.4688    547.5    416.9    397.3
54179.0  35.9442   -86.4687    551.8    421.3    403.3
54180.0  35.9432   -86.4686    557.0    428.4    408.3
54181.0  35.9423   -86.4686    561.6    431.7    415.0
54182.0  35.9413   -86.4685    566.3    434.5    417.1
54183.0  35.9404   -86.4685    572.1    440.9    423.3
54184.0  35.9394   -86.4684    578.9    449.3    425.1
54185.0  35.9384   -86.4684    585.3    455.5    431.2
54186.0  35.9375   -86.4683    591.7    459.6    437.2
54187.0  35.9365   -86.4683    598.6    466.0    444.2
54188.0  35.9356   -86.4682    605.4    472.8    452.7
54189.0  35.9346   -86.4682    611.6    480.4    460.8
54190.0  35.9336   -86.4681    617.4    484.2    462.5
54191.0  35.9327   -86.4681    624.4    490.5    463.8
54192.0  35.9317   -86.4680    631.8    498.2    467.1
54193.0  35.9308   -86.4680    639.2    505.6    476.2
54194.0  35.9298   -86.4679    646.6    513.4    483.6
54195.0  35.9288   -86.4679    653.5    521.1    489.5
54196.0  35.9279   -86.4679    659.3    525.8    496.7
54197.0  35.9269   -86.4678    664.2    530.5    501.2
54198.0  35.9259   -86.4678    669.7    533.9    503.8
54199.0  35.9250   -86.4677    676.1    540.7    511.3
54200.0  35.9240   -86.4677    682.8    548.3    516.3
54201.0  35.9230   -86.4676    689.4    555.8    526.5
54202.0  35.9221   -86.4676    694.6    560.9    535.2
54203.0  35.9211   -86.4675    699.5    566.9    538.5
54204.0  35.9201   -86.4675    704.5    570.1    543.9
54205.0  35.9191   -86.4674    710.2    576.0    548.1
54206.0  35.9182   -86.4673    716.5    581.9    551.4
54207.0  35.9172   -86.4672    723.2    587.2    558.4
54208.0  35.9162   -86.4671    730.6    595.3    569.3
54209.0  35.9152   -86.4671    738.4    601.5    574.0
54210.0  35.9142   -86.4670    746.0    608.4    583.3
54211.0  35.9133   -86.4670    752.8    616.8    601.3
54212.0  35.9123   -86.4670    758.4    621.7    603.2
54213.0  35.9113   -86.4670    764.6    629.0    602.2
54214.0  35.9103   -86.4670    771.1    634.6    608.8
54215.0  35.9093   -86.4671    777.1    640.9    615.7
54216.0  35.9083   -86.4672    782.1    645.3    631.8
54217.0  35.9073   -86.4673    786.8    649.5    643.7
54218.0  35.9063   -86.4674    792.1    654.6    647.1
54219.0  35.9054   -86.4676    797.8    659.3    653.5
54220.0  35.9044   -86.4678    803.7    664.4    659.2
54221.0  35.9034   -86.4681    809.9    671.2    659.6
54222.0  35.9024   -86.4683    816.3    678.2    669.8
54223.0  35.9015   -86.4686    822.9    683.7    676.2
54224.0  35.9005   -86.4690    829.8    690.9    670.6
54225.0  35.8996   -86.4693    835.6    696.5    678.8
54226.0  35.8986   -86.4697    840.7    701.7    683.2
54227.0  35.8977   -86.4702    845.7    707.2    683.8
54228.0  35.8967   -86.4706    851.0    711.9    692.9
54229.0  35.8958   -86.4711    856.2    717.1    700.8
54230.0  35.8949   -86.4716    861.1    721.3    699.9
54231.0  35.8940   -86.4722    866.9    727.9    707.2
54232.0  35.8931   -86.4728    872.9    732.6    707.3
54233.0  35.8922   -86.4734    879.2    738.3    711.0
54234.0  35.8913   -86.4740    886.1    744.8    717.7
54235.0  35.8905   -86.4747    893.5    753.2    726.3
54236.0  35.8896   -86.4754    900.8    762.2    734.5
54237.0  35.8888   -86.4761    906.5    766.8    740.7
54238.0  35.8879   -86.4768    910.1    768.0    753.7
54239.0  35.8871   -86.4775    913.7    773.5    749.0
54240.0  35.8863   -86.4782    917.6    778.3    758.3
54241.0  35.8854   -86.4790    921.9    782.6    758.4
54242.0  35.8846   -86.4797    927.0    785.8    756.1
54243.0  35.8837   -86.4805    933.2    790.8    766.8
54244.0  35.8829   -86.4812    939.5    795.9    774.7
54245.0  35.8821   -86.4820    946.1    803.7    774.8
54246.0  35.8813   -86.4828    952.6    811.5    794.2
54247.0  35.8805   -86.4836    959.4    816.4    792.9
54248.0  35.8797   -86.4843    967.4    823.3    804.2
54249.0  35.8789   -86.4851    976.0    832.8    811.1
54250.0  35.8780   -86.4859    984.0    841.6    818.0
54251.0  35.8772   -86.4867    992.2    849.7    822.7
54252.0  35.8764   -86.4875   1001.3    858.8    830.8
54253.0  35.8756   -86.4883   1011.2    868.8    840.0
54254.0  35.8748   -86.4891   1020.3    876.8    852.9
54255.0  35.8741   -86.4899   1027.8    883.2    859.4
54256.0  35.8733   -86.4907   1034.4    890.3    870.8
54257.0  35.8725   -86.4916   1040.2    895.7    873.8
54258.0  35.8717   -86.4924   1046.1    901.6    879.5
54259.0  35.8709   -86.4932   1052.5    907.9    889.5
54260.0  35.8701   -86.4940   1059.2    914.5    887.8
54261.0  35.8693   -86.4948   1065.8    919.4    897.6
54262.0  35.8685   -86.4956   1072.2    926.3    904.6
54263.0  35.8676   -86.4964   1078.4    931.5    906.9
54264.0  35.8668   -86.4971   1084.3    938.0    916.9
54265.0  35.8660   -86.4979   1090.6    943.9    920.7
54266.0  35.8652   -86.4987   1097.5    949.3    927.8
54267.0  35.8643   -86.4994   1105.4    956.4    935.0
54268.0  35.8635   -86.5002   1114.1    964.6    938.8
54269.0  35.8627   -86.5010   1123.7    974.2    950.6
54270.0  35.8618   -86.5017   1133.8    983.2    963.8
54271.0  35.8610   -86.5024   1144.3    994.7    976.7
54272.0  35.8602   -86.5032   1154.9   1005.2    988.1
54273.0  35.8593   -86.5039   1164.8   1014.5    997.6
54274.0  35.8585   -86.5047   1173.8   1023.1   1004.5
54275.0  35.8576   -86.5054   1181.9   1031.4   1015.7
54276.0  35.8568   -86.5061   1189.4   1038.3   1022.8
54277.0  35.8560   -86.5069   1196.6   1046.1   1028.7
54278.0  35.8551   -86.5076   1203.3   1051.0   1027.8
54279.0  35.8543   -86.5084   1209.4   1058.3   1042.9
54280.0  35.8535   -86.5091   1214.8   1064.0   1041.5
54281.0  35.8526   -86.5098   1220.2   1067.0   1045.4
54282.0  35.8518   -86.5106   1226.0   1072.2   1060.4
54283.0  35.8510   -86.5114   1232.5   1080.0   1061.3
54284.0  35.8502   -86.5121   1239.0   1086.2   1065.3
54285.0  35.8493   -86.5129   1245.4   1092.6   1067.6
54286.0  35.8485   -86.5137   1251.6   1098.0   1073.9
54287.0  35.8477   -86.5145   1257.6   1104.6   1085.3
54288.0  35.8468   -86.5152   1263.0   1109.9   1096.0
54289.0  35.8460   -86.5160   1267.7   1114.5   1104.9
54290.0  35.8452   -86.5168   1272.0   1116.7   1107.4
54291.0  35.8444   -86.5176   1276.7   1122.4   1113.3
54292.0  35.8435   -86.5184   1282.1   1128.0   1117.4
54293.0  35.8427   -86.5191   1287.6   1133.8   1123.3
54294.0  35.8418   -86.5199   1292.9   1138.7   1123.9
54295.0  35.8410   -86.5207   1298.3   1144.9   1148.0
54296.0  35.8401   -86.5215   1303.6   1148.4   1140.9
54297.0  35.8393   -86.5222   1309.5   1152.6   1141.5
54298.0  35.8384   -86.5230   1316.0   1159.5   1150.9
54299.0  35.8376   -86.5238   1322.8   1165.8   1147.8
54300.0  35.8367   -86.5246   1329.8   1171.5   1158.2
54301.0  35.8359   -86.5253   1337.7   1180.6   1162.7
54302.0  35.8350   -86.5261   1346.4   1189.6   1173.8
54303.0  35.8342   -86.5268   1355.1   1197.8   1182.4
54304.0  35.8333   -86.5276   1363.5   1206.4   1191.5
54305.0  35.8325   -86.5284   1371.6   1214.9   1206.3
54306.0  35.8316   -86.5291   1379.6   1222.5   1210.6
54307.0  35.8308   -86.5299   1387.7   1230.1   1213.4
54308.0  35.8299   -86.5306   1395.8   1236.9   1224.3
54309.0  35.8290   -86.5314   1403.7   1243.7   1226.2
54310.0  35.8282   -86.5321   1411.4   1251.7   1231.4
54311.0  35.8273   -86.5329   1419.1   1258.7   1243.9
54312.0  35.8265   -86.5336   1427.4   1266.9   1252.8
54313.0  35.8256   -86.5344   1436.4   1276.2   1260.8
54314.0  35.8248   -86.5351   1445.5   1286.3   1263.0
54315.0  35.8239   -86.5359   1454.0   1293.4   1269.1
54316.0  35.8231   -86.5366   1462.0   1300.5   1278.4
54317.0  35.8222   -86.5374   1470.3   1308.9   1274.2
54318.0  35.8214   -86.5381   1478.7   1317.3   1278.0
54319.0  35.8206   -86.5389   1487.1   1324.6   1296.4
54320.0  35.8197   -86.5397   1495.3   1333.0   1288.9
54321.0  35.8189   -86.5404   1503.2   1340.4   1292.5
54322.0  35.8180   -86.5412   1510.7   1348.1   1302.6
54323.0  35.8172   -86.5419   1518.3   1355.3   1294.3
54324.0  35.8163   -86.5427   1525.6   1361.9   1299.4
54325.0  35.8155   -86.5434   1533.3   1370.1   1322.2
54326.0  35.8146   -86.5441   1540.8   1377.7   1330.2
54327.0  35.8137   -86.5448   1547.5   1383.6   1336.5
54328.0  35.8128   -86.5454   1553.8   1387.9   1348.1
54329.0  35.8119   -86.5460   1560.6   1394.2   1346.8
54330.0  35.8109   -86.5466   1568.0   1402.0   1346.6
54331.0  35.8100   -86.5472   1575.6   1410.7   1353.8
54332.0  35.8090   -86.5477   1582.3   1417.3   1356.4
54333.0  35.8081   -86.5482   1587.9   1421.2   1354.6
54334.0  35.8071   -86.5487   1593.5   1427.2   1363.3
54335.0  35.8061   -86.5491   1599.9   1432.9   1361.0
54336.0  35.8051   -86.5495   1607.1   1439.9   1357.8
54337.0  35.8041   -86.5499   1615.4   1448.7   1369.0
54338.0  35.8031   -86.5503   1624.0   1456.1   1366.9
54339.0  35.8021   -86.5506   1632.5   1464.4   1384.1
54340.0  35.8011   -86.5509   1640.7   1472.5   1393.3
54341.0  35.8001   -86.5512   1648.4   1479.6   1403.9
54342.0  35.7990   -86.5514   1656.4   1488.2   1409.0
54343.0  35.7980   -86.5516   1664.6   1495.5   1422.3
54344.0  35.7970   -86.5518   1673.4   1503.6   1443.5
54345.0  35.7959   -86.5520   1682.3   1513.6   1450.3
54346.0  35.7949   -86.5521   1690.9   1520.5   1458.3
54347.0  35.7939   -86.5522   1699.3   1528.3   1468.1
54348.0  35.7928   -86.5523   1707.9   1535.8   1474.3
54349.0  35.7918   -86.5523   1716.7   1544.0   1480.9
54350.0  35.7907   -86.5523   1725.9   1555.1   1484.3
54351.0  35.7897   -86.5523   1734.8   1562.9   1496.6
54352.0  35.7887   -86.5522   1743.2   1571.4   1515.5
54353.0  35.7876   -86.5521   1751.7   1578.3   1518.8
54354.0  35.7866   -86.5519   1760.4   1587.3   1527.0
54355.0  35.7856   -86.5517   1769.2   1596.5   1544.4
54356.0  35.7846   -86.5514   1777.8   1604.5   1548.0
54357.0  35.7836   -86.5512   1786.3   1612.9   1546.9
54358.0  35.7826   -86.5508   1795.2   1621.5   1557.8
54359.0  35.7816   -86.5505   1804.4   1632.7   1569.2
54360.0  35.7806   -86.5501   1812.9   1639.7   1590.4
54361.0  35.7797   -86.5497   1820.9   1647.6   1609.8
54362.0  35.7787   -86.5492   1828.7   1655.4   1622.6
54363.0  35.7778   -86.5487   1835.7   1661.5   1624.8
54364.0  35.7768   -86.5482   1841.9   1667.1   1634.8
54365.0  35.7759   -86.5476   1847.1   1671.2   1645.4
54366.0  35.7750   -86.5470   1851.9   1676.7   1658.9
