flight/WP3D/AircraftPos_NP3_20130531_RA.ict
38  1001
Ken Aikin
NOAA ESRL Chemical Sciences Division
various aircraft sensors
SENEX 2013
1  1
2013  05  31  2013  05  31
1
AOCTimewave
5
1  1  1  1  1 
-9999  -9999  -9999  -9999  -9999
GpsLat  deg
GpsLon  deg
GpsAlt  m
PAlt  m
RAlt  m
1
SPECIAL COMMENTS:2nd test flight from Tampa.
18
PI_CONTACT_INFO: Address: NOAA ESRL Chemical Sciences Division  Mail Stop R/CSD7  325 Broadway  Boulder  CO 80305
PLATFORM: NOAA WP-3D
LOCATION: The aircraft was stationed in Smyrna  Tennessee. Aircraft location information in AircraftPosition file.
ASSOCIATED_DATA: N/A
INSTRUMENT_INFO: N/A
DATA_INFO: Units:GpsLat:decimal degrees; GpsLon: decimal degrees; GpsAlt: meters; PAlt:meters; RAlt: meters.
UNCERTAINTY: N/A
ULOD_FLAG: -7777
ULOD_VALUE: N/A
LLOD_FLAG: -8888
LLOD_VALUE: N/A
DM_CONTACT_INFO: Data Manager:Ken Aikin; email:Kenneth.C.Aikin@noaa.gov
PROJECT_INFO: SENEX 2013 Study; June 1 - July 15  2013
STIPULATIONS_ON_USE: Use of these data require prior ok from PI.
OTHER_COMMENTS:       None
REVISION: RA
RA: Preliminary Data.  For in-field use.
AOCTimewave  GpsLat  GpsLon  GpsAlt  PAlt  RAlt
[from data line 582]
51654.0  28.3719   -82.2332   3239.4   3016.6   3225.2
51655.0  28.3733   -82.2335   3239.4   3015.5   3230.7
51656.0  28.3746   -82.2337   3239.4   3016.5   3231.6
51657.0  28.3760   -82.2340   3239.4   3015.3   3222.0
51658.0  28.3774   -82.2342   3238.9   3016.1   3207.5
51659.0  28.3788   -82.2344   3238.1   3013.8   3199.5
51660.0  28.3801   -82.2347   3237.0   3013.0   3197.9
51661.0  28.3815   -82.2349   3236.0   3013.2   3211.6
51662.0  28.3829   -82.2352   3235.4   3012.1   3218.4
51663.0  28.3843   -82.2354   3234.5   3011.1   3227.1
51664.0  28.3857   -82.2357   3233.4   3011.3   3232.6
51665.0  28.3870   -82.2359   3232.7   3010.3   3228.7
51666.0  28.3884   -82.2362   3232.1   3009.3   3236.5
51667.0  28.3898   -82.2364   3231.3   3009.5   3237.9
51668.0  28.3912   -82.2367   3230.9   3008.5   3232.1
51669.0  28.3926   -82.2369   3230.9   3007.5   3227.1
51670.0  28.3939   -82.2372   3231.9   3008.1   3227.0
51671.0  28.3953   -82.2374   3232.5   3008.9   3219.1
51672.0  28.3967   -82.2377   3233.7   3010.5   3227.7
51673.0  28.3981   -82.2379   3235.2   3011.5   3234.5
51674.0  28.3995   -82.2382   3236.4   3011.6   3233.1
51675.0  28.4009   -82.2384   3237.3   3012.8   3248.5
51676.0  28.4022   -82.2387   3238.2   3014.8   3250.4
51677.0  28.4036   -82.2389   3238.3   3014.8   3237.2
51678.0  28.4050   -82.2392   3239.4   3016.2   3222.1
51679.0  28.4064   -82.2394   3239.4   3015.1   3225.2
51680.0  28.4078   -82.2397   3240.3   3015.6   3237.0
51681.0  28.4092   -82.2399   3240.6   3016.5   3225.8
51682.0  28.4105   -82.2402   3241.5   3018.1   3225.3
51683.0  28.4119   -82.2404   3242.5   3018.8   3235.5
51684.0  28.4133   -82.2406   3243.9   3019.7   3251.7
51685.0  28.4147   -82.2409   3245.3   3020.0   3251.5
51686.0  28.4161   -82.2411   3246.7   3022.2   3235.7
51687.0  28.4175   -82.2414   3247.8   3023.0   3239.4
51688.0  28.4188   -82.2416   3247.3   3022.6   3242.7
51689.0  28.4202   -82.2419   3246.7   3022.1   3237.0
51690.0  28.4216   -82.2421   3245.7   3021.0   3234.1
51691.0  28.4230   -82.2423   3244.6   3020.1   3227.4
51692.0  28.4244   -82.2426   3243.5   3019.1   3235.6
51693.0  28.4258   -82.2429   3242.2   3018.5   3234.4
51694.0  28.4271   -82.2431   3241.1   3016.6   3235.7
51695.0  28.4285   -82.2434   3240.0   3015.2   3219.7
51696.0  28.4299   -82.2436   3238.7   3014.1   3226.1
51697.0  28.4313   -82.2439   3237.2   3012.3   3218.2
51698.0  28.4327   -82.2442   3235.7   3011.7   3208.7
51699.0  28.4341   -82.2444   3234.1   3009.8   3221.0
51700.0  28.4355   -82.2447   3232.5   3008.8   3214.8
51701.0  28.4369   -82.2450   3230.4   3006.5   3211.9
51702.0  28.4383   -82.2452   3228.8   3005.0   3222.3
51703.0  28.4397   -82.2455   3227.0   3003.6   3234.0
51704.0  28.4410   -82.2458   3225.4   3001.1   3224.2
51705.0  28.4424   -82.2461   3224.1   3000.0   3211.8
51706.0  28.4438   -82.2464   3223.0   2998.3   3192.7
51707.0  28.4452   -82.2467   3222.3   2996.7   3180.5
51708.0  28.4466   -82.2470   3221.1   2996.8   3185.4
51709.0  28.4480   -82.2473   3221.1   2997.2   3185.3
51710.0  28.4494   -82.2476   3221.1   2996.1   3198.5
51711.0  28.4508   -82.2478   3221.1   2996.0   3216.8
51712.0  28.4522   -82.2481   3221.1   2996.0   3219.7
51713.0  28.4536   -82.2484   3222.1   2996.7   3219.0
51714.0  28.4550   -82.2487   3223.4   2997.1   3213.8
51715.0  28.4564   -82.2490   3225.1   2998.4   3207.6
51716.0  28.4578   -82.2493   3226.6   3000.7   3214.3
51717.0  28.4592   -82.2496   3228.6   3002.7   3209.5
51718.0  28.4606   -82.2498   3230.7   3005.5   3219.5
51719.0  28.4619   -82.2501   3233.0   3008.2   3204.1
51720.0  28.4633   -82.2504   3235.5   3009.7   3203.5
51721.0  28.4647   -82.2507   3237.7   3012.1   3201.1
51722.0  28.4661   -82.2510   3238.7   3014.3   3208.6
51723.0  28.4675   -82.2513   3238.2   3013.4   3208.3
51724.0  28.4689   -82.2516   3238.2   3014.2   3204.7
51725.0  28.4703   -82.2518   3237.9   3014.0   3216.2
51726.0  28.4716   -82.2521   3236.9   3013.6   3216.3
51727.0  28.4730   -82.2524   3235.4   3012.4   3226.4
51728.0  28.4744   -82.2527   3233.5   3010.6   3215.8
51729.0  28.4758   -82.2530   3231.2   3007.4   3220.5
51730.0  28.4772   -82.2533   3228.9   3004.9   3208.2
51731.0  28.4786   -82.2536   3227.3   3002.8   3203.6
51732.0  28.4800   -82.2539   3226.7   3001.5   3202.4
51733.0  28.4814   -82.2542   3226.0   3001.4   3199.3
51734.0  28.4828   -82.2545   3226.0   3001.2   3207.6
51735.0  28.4841   -82.2548   3226.0   3001.9   3209.3
51736.0  28.4855   -82.2551   3226.0   3002.2   3212.2
51737.0  28.4869   -82.2554   3226.0   3002.6   3202.5
51738.0  28.4883   -82.2557   3226.4   3003.9   3199.4
51739.0  28.4897   -82.2560   3227.7   3003.9   3210.4
51740.0  28.4911   -82.2563   3228.8   3004.8   3211.6
51741.0  28.4925   -82.2566   3230.0   3005.5   3220.1
51742.0  28.4939   -82.2569   3231.3   3006.2   3227.1
51743.0  28.4952   -82.2572   3232.4   3007.4   3224.7
51744.0  28.4966   -82.2575   3233.3   3007.8   3240.3
51745.0  28.4980   -82.2579   3234.4   3009.1   3223.1
51746.0  28.4994   -82.2582   3235.4   3010.5   3220.9
51747.0  28.5008   -82.2585   3236.3   3012.7   3221.8
51748.0  28.5022   -82.2588   3237.3   3013.3   3222.1
51749.0  28.5035   -82.2591   3238.3   3014.2   3213.5
51750.0  28.5049   -82.2594   3239.4   3014.9   3209.9
51751.0  28.5063   -82.2597   3239.5   3015.3   3207.2
51752.0  28.5077   -82.2600   3240.6   3015.5   3216.7
51753.0  28.5091   -82.2603   3240.6   3016.6   3218.7
51754.0  28.5105   -82.2606   3240.6   3017.2   3217.4
51755.0  28.5118   -82.2609   3240.6   3016.4   3211.3
51756.0  28.5132   -82.2612   3239.7   3015.3   3209.2
51757.0  28.5146   -82.2615   3239.4   3014.7   3207.6
51758.0  28.5160   -82.2618   3239.4   3014.1   3215.1
51759.0  28.5174   -82.2621   3238.4   3015.0   3197.6
51760.0  28.5188   -82.2624   3237.3   3013.3   3198.7
51761.0  28.5202   -82.2627   3235.5   3011.7   3201.9
51762.0  28.5215   -82.2630   3233.8   3009.6   3199.7
51763.0  28.5229   -82.2633   3231.6   3008.3   3206.5
51764.0  28.5243   -82.2636   3229.5   3006.2   3209.0
51765.0  28.5257   -82.2639   3227.5   3005.0   3208.6
51766.0  28.5271   -82.2642   3225.6   3002.9   3208.5
51767.0  28.5285   -82.2645   3224.1   3001.7   3207.4
51768.0  28.5299   -82.2649   3222.7   2999.7   3202.3
51769.0  28.5313   -82.2652   3222.6   2998.4   3208.6
51770.0  28.5327   -82.2655   3223.9   2998.8   3206.9
51771.0  28.5341   -82.2658   3225.5   3002.3   3199.5
51772.0  28.5354   -82.2661   3227.6   3003.2   3207.4
51773.0  28.5368   -82.2664   3229.1   3004.6   3203.2
51774.0  28.5382   -82.2667   3231.3   3006.6   3203.9
51775.0  28.5396   -82.2670   3234.0   3007.9   3215.3
51776.0  28.5410   -82.2673   3236.7   3010.5   3224.6
51777.0  28.5424   -82.2676   3238.8   3012.3   3225.4
51778.0  28.5438   -82.2678   3240.3   3014.1   3231.3
51779.0  28.5452   -82.2681   3242.3   3017.1   3237.7
51780.0  28.5466   -82.2683   3243.9   3020.1   3239.9
51781.0  28.5480   -82.2686   3245.9   3021.7   3249.5
51782.0  28.5493   -82.2688   3247.5   3022.6   3237.4
51783.0  28.5507   -82.2690   3249.3   3023.1   3237.3
51784.0  28.5521   -82.2693   3251.1   3025.4   3241.1
51785.0  28.5535   -82.2695   3253.1   3028.0   3235.3
51786.0  28.5549   -82.2697   3254.8   3030.5   3257.0
51787.0  28.5563   -82.2699   3255.3   3031.6   3254.7
51788.0  28.5577   -82.2701   3255.3   3031.5   3249.7
51789.0  28.5591   -82.2704   3254.8   3031.1   3267.0
51790.0  28.5605   -82.2706   3253.5   3029.0   3282.8
51791.0  28.5619   -82.2708   3252.0   3026.6   3284.5
51792.0  28.5633   -82.2710   3250.2   3026.6   3280.8
51793.0  28.5647   -82.2712   3248.8   3024.5   3281.3
51794.0  28.5661   -82.2715   3247.9   3023.5   3256.4
51795.0  28.5675   -82.2717   3246.7   3022.5   3259.1
51796.0  28.5688   -82.2719   3245.5   3020.2   3247.3
51797.0  28.5702   -82.2721   3244.3   3020.1   3240.0
51798.0  28.5716   -82.2723   3244.3   3019.3   3235.6
51799.0  28.5731   -82.2725   3244.3   3019.1   3238.1
51800.0  28.5745   -82.2727   3244.5   3020.0   3247.6
51801.0  28.5759   -82.2729   3245.5   3019.8   3254.5
51802.0  28.5772   -82.2731   3246.7   3022.2   3256.7
51803.0  28.5786   -82.2733   3248.0   3024.0   3258.5
51804.0  28.5800   -82.2735   3249.6   3025.6   3255.8
51805.0  28.5814   -82.2738   3250.9   3025.3   3254.3
51806.0  28.5828   -82.2739   3252.2   3026.2   3251.5
51807.0  28.5842   -82.2742   3253.7   3027.3   3245.9
51808.0  28.5856   -82.2744   3254.8   3029.3   3244.1
51809.0  28.5870   -82.2746   3255.3   3029.6   3257.6
51810.0  28.5884   -82.2748   3255.3   3029.8   3244.0
51811.0  28.5898   -82.2750   3254.3   3028.5   3241.5
51812.0  28.5912   -82.2752   3253.3   3028.5   3246.5
51813.0  28.5926   -82.2754   3251.3   3025.5   3249.1
51814.0  28.5940   -82.2756   3249.5   3025.5   3230.0
51815.0  28.5954   -82.2758   3247.3   3022.9   3246.2
51816.0  28.5968   -82.2760   3244.9   3020.1   3254.3
51817.0  28.5982   -82.2762   3242.5   3018.7   3263.5
51818.0  28.5996   -82.2764   3240.4   3015.7   3256.6
51819.0  28.6010   -82.2767   3238.1   3012.3   3254.4
51820.0  28.6024   -82.2769   3235.8   3010.8   3265.4
51821.0  28.6038   -82.2771   3233.4   3009.4   3264.1
51822.0  28.6052   -82.2773   3230.7   3006.9   3272.6
51823.0  28.6066   -82.2775   3227.9   3005.0   3257.9
51824.0  28.6080   -82.2777   3226.1   3002.8   3245.3
51825.0  28.6094   -82.2779   3225.0   3001.4   3235.3
51826.0  28.6109   -82.2781   3224.8   3000.0   3219.0
51827.0  28.6123   -82.2783   3224.8   2999.7   3221.3
51828.0  28.6137   -82.2786   3225.0   2999.6   3220.5
51829.0  28.6151   -82.2788   3224.8   2999.6   3208.5
51830.0  28.6165   -82.2790   3225.7   3000.4   3212.4
51831.0  28.6179   -82.2792   3226.0   3000.4   3214.0
51832.0  28.6193   -82.2794   3226.3   3000.6   3223.8
51833.0  28.6207   -82.2796   3227.2   3000.5   3228.2
51834.0  28.6221   -82.2798   3227.5   3001.6   3225.7
51835.0  28.6235   -82.2800   3228.4   3002.4   3230.2
51836.0  28.6250   -82.2802   3228.4   3002.5   3233.4
51837.0  28.6264   -82.2804   3229.3   3003.4   3223.1
51838.0  28.6278   -82.2806   3229.7   3003.5   3225.3
51839.0  28.6292   -82.2808   3230.4   3003.4   3219.9
51840.0  28.6306   -82.2810   3230.9   3004.9   3215.8
51841.0  28.6320   -82.2812   3230.9   3005.6   3216.8
51842.0  28.6334   -82.2814   3231.7   3005.1   3217.2
51843.0  28.6348   -82.2816   3232.1   3004.4   3215.6
51844.0  28.6362   -82.2818   3232.1   3004.9   3215.3
51845.0  28.6376   -82.2820   3232.1   3005.1   3220.9
51846.0  28.6390   -82.2822   3233.0   3006.5   3217.3
51847.0  28.6404   -82.2823   3233.7   3008.3   3211.5
51848.0  28.6418   -82.2825   3234.5   3008.8   3215.9
51849.0  28.6432   -82.2827   3234.5   3008.4   3230.8
51850.0  28.6447   -82.2829   3234.5   3008.8   3241.6
51851.0  28.6461   -82.2831   3234.5   3008.9   3244.3
51852.0  28.6475   -82.2833   3234.5   3009.0   3239.6
51853.0  28.6489   -82.2835   3234.5   3008.3   3217.1
51854.0  28.6503   -82.2837   3234.5   3007.6   3216.9
51855.0  28.6517   -82.2839   3234.5   3007.7   3235.9
51856.0  28.6531   -82.2841   3234.0   3007.2   3221.2
51857.0  28.6545   -82.2843   3233.3   3006.9   3232.7
51858.0  28.6559   -82.2845   3232.5   3005.9   3218.1
51859.0  28.6573   -82.2847   3232.1   3006.2   3216.5
51860.0  28.6587   -82.2849   3231.0   3006.2   3223.8
51861.0  28.6601   -82.2850   3229.8   3005.4   3228.7
51862.0  28.6615   -82.2852   3228.5   3003.7   3222.9
51863.0  28.6629   -82.2855   3227.2   3001.1   3221.5
51864.0  28.6643   -82.2857   3226.3   3000.4   3222.4
51865.0  28.6657   -82.2859   3225.9   2999.8   3229.0
51866.0  28.6671   -82.2861   3224.8   2999.5   3223.0
51867.0  28.6685   -82.2863   3224.8   2999.9   3225.5
51868.0  28.6699   -82.2865   3224.8   3000.0   3228.7
51869.0  28.6714   -82.2867   3224.8   3000.7   3222.2
51870.0  28.6728   -82.2869   3224.8   3000.8   3228.6
51871.0  28.6742   -82.2870   3224.8   2999.0   3224.4
51872.0  28.6756   -82.2872   3224.8   3000.0   3215.2
51873.0  28.6770   -82.2873   3223.7   2999.3   3221.1
51874.0  28.6784   -82.2875   3222.6   2996.9   3213.4
51875.0  28.6798   -82.2876   3221.4   2996.4   3212.1
51876.0  28.6812   -82.2877   3220.5   2996.1   3213.8
51877.0  28.6827   -82.2878   3219.9   2995.0   3233.8
51878.0  28.6841   -82.2879   3218.8   2994.5   3224.9
51879.0  28.6855   -82.2879   3218.3   2993.0   3228.4
51880.0  28.6869   -82.2880   3217.5   2991.4   3221.6
51881.0  28.6883   -82.2880   3217.5   2991.5   3225.0
51882.0  28.6897   -82.2881   3217.5   2991.7   3221.5
51883.0  28.6911   -82.2881   3217.5   2991.5   3210.9
51884.0  28.6926   -82.2881   3217.5   2991.9   3207.7
51885.0  28.6940   -82.2880   3217.6   2992.7   3214.4
51886.0  28.6954   -82.2880   3218.7   2993.4   3213.9
51887.0  28.6968   -82.2879   3219.2   2993.9   3214.9
51888.0  28.6982   -82.2879   3219.9   2995.3   3214.5
51889.0  28.6996   -82.2878   3219.9   2995.7   3208.9
51890.0  28.7010   -82.2877   3219.9   2995.9   3212.6
51891.0  28.7024   -82.2876   3219.2   2994.7   3211.4
51892.0  28.7038   -82.2875   3219.5   2994.9   3206.9
51893.0  28.7052   -82.2873   3219.9   2994.2   3211.7
51894.0  28.7066   -82.2872   3219.9   2995.1   3206.8
51895.0  28.7080   -82.2870   3219.9   2995.3   3204.5
51896.0  28.7094   -82.2869   3219.9   2995.6   3203.2
51897.0  28.7108   -82.2867   3221.0   2996.1   3207.9
51898.0  28.7122   -82.2866   3221.9   2997.0   3204.1
51899.0  28.7136   -82.2864   3222.5   2998.1   3221.9
51900.0  28.7150   -82.2862   3223.6   2998.1   3213.7
51901.0  28.7164   -82.2860   3223.6   2998.4   3213.0
51902.0  28.7178   -82.2858   3223.7   2997.9   3217.3
51903.0  28.7192   -82.2856   3224.8   2999.0   3214.9
51904.0  28.7206   -82.2854   3225.2   3000.3   3222.5
51905.0  28.7220   -82.2852   3226.0   3000.6   3223.5
51906.0  28.7234   -82.2850   3226.0   3000.8   3234.4
51907.0  28.7248   -82.2848   3226.0   3002.1   3239.5
51908.0  28.7262   -82.2845   3226.0   3002.1   3239.9
51909.0  28.7276   -82.2843   3226.0   3002.6   3217.7
51910.0  28.7289   -82.2840   3226.0   3002.1   3212.6
51911.0  28.7303   -82.2837   3226.0   3002.6   3211.6
51912.0  28.7317   -82.2834   3226.0   3001.6   3207.5
51913.0  28.7330   -82.2831   3226.0   3001.9   3211.3
51914.0  28.7344   -82.2827   3225.3   2999.9   3214.7
51915.0  28.7358   -82.2823   3224.8   2999.4   3214.6
51916.0  28.7371   -82.2819   3223.8   2999.0   3217.1
51917.0  28.7385   -82.2815   3223.5   2998.6   3215.3
51918.0  28.7398   -82.2811   3222.3   2999.1   3210.1
51919.0  28.7412   -82.2807   3222.3   2998.2   3215.0
51920.0  28.7425   -82.2802   3221.8   2998.2   3229.1
51921.0  28.7438   -82.2797   3221.1   2998.0   3233.0
51922.0  28.7452   -82.2793   3221.1   2996.9   3229.3
51923.0  28.7465   -82.2787   3221.1   2997.1   3240.5
51924.0  28.7478   -82.2782   3221.1   2996.2   3253.5
51925.0  28.7491   -82.2777   3221.5   2997.9   3242.4
51926.0  28.7504   -82.2771   3222.9   2999.7   3219.4
51927.0  28.7517   -82.2765   3224.1   3000.3   3232.3
51928.0  28.7530   -82.2760   3225.2   3001.5   3230.1
51929.0  28.7543   -82.2754   3226.5   3002.0   3231.8
51930.0  28.7556   -82.2747   3227.9   3003.7   3228.5
51931.0  28.7569   -82.2741   3229.0   3005.1   3224.5
51932.0  28.7581   -82.2735   3229.7   3005.5   3225.4
51933.0  28.7594   -82.2728   3229.7   3005.2   3225.1
51934.0  28.7607   -82.2722   3229.7   3005.3   3221.5
51935.0  28.7619   -82.2715   3229.7   3006.4   3217.6
51936.0  28.7632   -82.2708   3229.7   3005.8   3247.5
51937.0  28.7644   -82.2701   3229.7   3006.5   3256.1
51938.0  28.7656   -82.2693   3229.7   3006.3   3234.1
51939.0  28.7669   -82.2686   3230.7   3006.5   3230.4
51940.0  28.7681   -82.2678   3230.5   3007.1   3227.4
51941.0  28.7693   -82.2671   3229.7   3007.2   3226.6
51942.0  28.7705   -82.2663   3229.7   3006.7   3236.2
51943.0  28.7717   -82.2655   3228.6   3004.9   3241.7
