flight/WP3D/AircraftMis_NP3_20130703_RB.ict
42  1001
Ken Aikin
NOAA ESRL Chemical Sciences Division
various aircraft sensors
SENEX 2013
1  1
2013  07  03  2013  07  03
1
AOCTimewave
8
1  1  1  1  1  1  1  1
-9999  -9999  -9999  -9999  -9999  -9999  -9999  -9999
Attack  deg
CabinPrs  mbar
GndSpd  m/s
Heading  deg
Pitch  deg
Roll  deg
Slip  deg
TrueAirSpd  m/s
1
SPECIAL COMMENTS:AR  MO power plants  night flight.
19
PI_CONTACT_INFO: Address: NOAA ESRL Chemical Sciences Division  Mail Stop R/CSD7  325 Broadway  Boulder  CO 80305
PLATFORM: NOAA WP-3D
LOCATION: The aircraft was stationed in  Smyrna  Tennessee. Aircraft location information in AircraftPosition file.
ASSOCIATED_DATA: N/A
INSTRUMENT_INFO: N/A
DATA_INFO: Units: Attack degrees; CabinPrs millibar; GndSpd m/s; Heading degrees; Pitch degrees; Roll degrees; Slip degrees; TrueAirSpd m/s
UNCERTAINTY: N/A
ULOD_FLAG: -7777
ULOD_VALUE: N/A
LLOD_FLAG: -8888
LLOD_VALUE: N/A
DM_CONTACT_INFO: Data Manager:Ken Aikin; email:Kenneth.C.Aikin@noaa.gov
PROJECT_INFO: SENEX 2013 Study; June 1 - July 15  2013
STIPULATIONS_ON_USE: Use of these data require prior ok from PI.
OTHER_COMMENTS:       None
REVISION: RB
RB: Correct time. RA was off by one day. No change to data.
RA: Preliminary Data.  For in-field use.
AOCTimewave  Attack  CabinPrs  GndSpd  Heading  Pitch  Roll  Slip  TrueAirSpd
[from data line 2104]
 5503.0  3.9  971.2  102.4  349.5  -1.36  29.43  -2.57  107.0
 5504.0  3.8  972.7  103.0  352.8  -1.63  28.90  -2.71  107.7
 5505.0  4.2  973.4  103.6  356.4  -1.06  28.19  -2.74  108.1
 5506.0  4.0  974.1  104.0  359.4  -1.33  27.40  -3.01  108.5
 5507.0  3.7  975.0  104.5  2.1  -1.53  26.71  -2.79  108.9
 5508.0  4.0  975.2  104.9  5.1  -0.83  25.95  -2.47  109.0
 5509.0  4.0  975.8  105.3  8.1  -0.68  24.95  -2.82  109.1
 5510.0  3.7  977.0  105.7  10.8  -0.80  23.49  -2.96  109.7
 5511.0  3.4  977.5  106.1  13.1  -0.83  21.58  -2.91  110.0
 5512.0  3.3  978.5  106.5  15.1  -0.88  19.28  -2.86  110.4
 5513.0  3.0  979.1  106.9  16.7  -1.15  16.79  -2.86  110.8
 5514.0  3.0  979.7  107.3  18.0  -1.06  14.13  -2.65  111.3
 5515.0  2.6  980.3  107.7  18.3  -1.27  10.54  -1.95  111.9
 5516.0  2.6  980.8  108.2  18.0  -1.24  6.64  -0.96  112.5
 5517.0  2.7  981.4  108.7  17.8  -1.03  4.35  -0.29  112.8
 5518.0  2.8  982.8  109.1  18.3  -0.65  2.65  -0.40  113.2
 5519.0  2.7  984.1  109.4  18.6  -0.60  0.09  -0.77  113.4
 5520.0  2.6  984.9  109.7  18.4  -0.68  -3.42  -0.90  113.8
 5521.0  2.4  985.0  109.9  17.4  -0.92  -7.19  -0.45  114.1
 5522.0  2.4  986.6  110.1  16.3  -1.05  -9.03  -0.06  114.4
 5523.0  3.0  986.9  110.2  15.0  -0.31  -9.65  0.26  114.5
 5524.0  2.8  987.5  110.3  14.0  -0.12  -10.26  0.49  114.5
 5525.0  3.2  988.7  110.3  13.2  0.78  -10.68  0.02  114.6
 5526.0  3.0  989.9  110.3  12.2  1.27  -10.84  0.00  114.6
 5527.0  3.2  990.0  110.2  11.1  1.89  -10.64  0.13  114.7
 5528.0  2.5  990.7  110.1  10.0  1.59  -10.42  0.30  114.8
 5529.0  2.5  991.2  110.0  8.7  1.56  -10.63  0.57  114.8
 5530.0  2.3  991.7  109.9  7.6  1.35  -10.26  0.87  114.7
 5531.0  2.5  992.2  109.9  6.7  1.64  -9.20  0.78  114.9
 5532.0  2.7  992.9  109.8  5.9  1.92  -8.14  0.76  114.9
 5533.0  2.8  992.9  109.7  5.2  2.27  -6.99  0.70  114.3
 5534.0  2.7  993.0  109.6  4.7  2.63  -4.76  0.71  114.2
 5535.0  2.3  993.6  109.6  4.4  2.55  -2.72  0.70  114.6
 5536.0  2.5  993.4  109.6  4.1  2.90  -1.35  0.90  114.5
 5537.0  2.4  993.6  109.6  4.0  3.18  -0.89  0.87  114.3
 5538.0  2.6  993.8  109.5  4.3  3.31  -0.16  0.35  113.7
 5539.0  2.1  993.7  109.6  4.6  2.60  0.32  0.04  113.5
 5540.0  2.3  993.3  109.7  4.5  2.96  0.57  -0.07  114.2
 5541.0  2.6  993.3  109.8  4.4  3.47  0.58  0.13  114.5
 5542.0  2.6  993.1  109.7  4.3  3.87  0.65  0.30  114.4
 5543.0  2.2  993.1  109.7  4.3  3.52  0.15  0.41  113.8
 5544.0  2.3  993.1  109.7  4.6  3.55  0.62  0.19  114.0
 5545.0  2.5  992.7  109.7  4.9  3.91  1.46  -0.64  113.3
 5546.0  2.3  992.6  109.7  4.8  3.80  1.85  -0.27  113.7
 5547.0  2.4  992.5  109.6  4.5  4.08  1.07  0.38  114.3
 5548.0  2.7  991.9  109.4  4.7  4.77  0.37  -0.12  113.9
 5549.0  2.6  992.0  109.2  5.0  4.96  0.65  -0.60  114.2
 5550.0  2.4  991.4  109.1  5.0  5.03  1.44  -0.31  114.2
 5551.0  2.8  991.1  109.0  4.7  5.92  1.66  0.19  113.8
 5552.0  2.8  990.6  108.7  4.6  6.46  1.83  0.26  113.1
 5553.0  2.4  989.9  108.4  5.2  6.41  2.26  -0.40  113.4
 5554.0  2.4  989.2  108.2  6.0  6.47  3.62  -0.94  113.1
 5555.0  2.4  988.8  108.0  6.1  6.63  3.95  -0.78  112.8
 5556.0  2.5  988.3  107.8  6.1  7.03  4.52  -0.23  112.4
 5557.0  2.4  987.3  107.6  6.2  7.09  8.45  0.39  112.0
 5558.0  2.4  986.5  107.4  6.9  7.19  13.27  0.84  111.8
 5559.0  2.7  985.6  107.2  8.3  7.61  17.34  0.99  111.5
 5560.0  2.9  984.7  107.0  10.3  7.88  20.90  0.70  111.0
 5561.0  3.1  983.7  106.8  12.8  8.16  23.41  0.35  110.5
 5562.0  2.7  982.9  106.6  15.2  7.71  25.61  0.05  110.2
 5563.0  2.6  982.0  106.6  17.4  7.21  27.75  0.14  110.0
 5564.0  2.9  980.6  106.6  19.7  7.30  28.93  0.53  109.7
 5565.0  2.8  979.6  106.7  22.1  7.01  29.49  0.69  109.5
 5566.0  2.6  978.6  106.9  24.6  6.35  30.15  0.53  109.4
 5567.0  2.6  977.9  107.2  27.3  5.78  30.67  0.40  109.4
 5568.0  2.8  977.2  107.6  29.9  5.36  31.08  0.39  109.6
 5569.0  3.0  976.0  108.0  32.7  5.29  31.37  0.44  109.6
 5570.0  3.2  975.1  108.4  35.7  5.31  31.66  0.49  109.6
 5571.0  3.3  974.4  108.9  38.8  5.29  31.93  0.41  109.7
 5572.0  3.2  973.4  109.3  41.7  5.02  31.72  0.31  109.8
 5573.0  3.0  972.7  109.8  44.5  4.63  31.39  0.20  110.2
 5574.0  3.0  972.0  110.4  47.3  4.48  30.42  0.08  110.3
 5575.0  2.9  971.8  110.9  49.9  4.22  28.72  -0.03  110.5
 5576.0  2.9  970.9  111.5  52.4  4.02  27.55  -0.04  111.0
 5577.0  2.5  970.6  112.1  54.6  3.42  27.55  0.10  111.1
 5578.0  2.6  969.8  112.7  56.9  3.09  27.90  0.19  111.6
 5579.0  2.5  969.7  113.4  59.3  2.65  28.19  0.10  112.2
 5580.0  2.7  969.3  114.1  61.8  2.48  28.49  0.12  112.8
 5581.0  3.0  968.6  114.7  64.7  2.66  28.44  -0.03  113.1
 5582.0  3.4  968.7  115.3  67.7  3.16  28.68  -0.18  113.4
 5583.0  3.5  968.5  115.7  70.6  3.64  29.13  -0.12  113.5
 5584.0  3.4  968.5  116.1  73.5  4.05  29.30  -0.08  113.8
 5585.0  3.1  968.1  116.4  76.2  3.98  29.15  -0.22  113.9
 5586.0  2.8  967.7  116.8  78.8  3.69  29.08  -0.23  114.5
 5587.0  2.9  968.1  117.1  81.5  3.78  29.72  -0.27  114.4
 5588.0  3.3  967.7  117.4  84.5  4.26  30.17  -0.13  114.7
 5589.0  2.9  967.5  117.5  87.3  3.96  30.67  -0.17  114.5
 5590.0  2.5  967.3  117.8  89.9  3.11  31.19  -0.34  114.7
 5591.0  2.7  966.9  118.0  92.7  2.90  30.77  -0.47  114.9
 5592.0  2.6  966.4  118.3  95.3  2.52  30.23  -0.54  114.9
 5593.0  2.7  966.3  118.6  98.0  2.30  29.93  -0.57  114.9
 5594.0  2.6  966.2  118.9  100.3  2.05  29.62  -0.34  115.2
 5595.0  2.8  965.5  119.3  102.7  2.08  29.60  -0.02  115.3
 5596.0  3.0  965.6  119.7  105.5  2.20  30.32  0.10  115.3
 5597.0  3.2  965.6  120.0  108.5  2.29  30.67  -0.14  115.5
 5598.0  3.0  965.8  120.3  111.4  2.28  30.52  -0.32  115.8
 5599.0  3.3  965.9  120.6  114.4  2.78  30.68  -0.21  115.8
 5600.0  3.6  965.6  120.7  117.6  3.49  30.81  -0.11  115.6
 5601.0  3.6  965.9  120.8  120.7  3.91  30.91  -0.08  115.4
 5602.0  3.5  966.2  120.7  123.8  4.20  30.86  -0.18  115.3
 5603.0  3.6  965.6  120.6  127.0  4.64  30.54  -0.32  115.1
 5604.0  3.9  965.8  120.4  130.4  5.47  30.35  -0.48  114.5
 5605.0  3.8  965.6  120.0  133.4  6.10  30.30  -0.33  114.1
 5606.0  3.7  965.4  119.5  136.3  6.55  30.49  -0.05  113.6
 5607.0  3.4  964.6  119.0  139.2  6.53  30.89  -0.08  113.2
 5608.0  3.1  964.4  118.5  142.0  6.24  31.40  -0.08  112.9
 5609.0  3.3  963.8  118.1  145.1  6.41  31.54  -0.09  112.5
 5610.0  3.6  962.9  117.6  148.3  6.64  31.59  -0.14  111.8
 5611.0  3.8  962.4  117.1  151.5  7.01  31.20  -0.18  111.2
 5612.0  3.4  961.8  116.5  154.4  6.73  31.04  -0.27  110.6
 5613.0  3.0  961.2  116.1  157.1  5.98  31.70  -0.25  110.5
 5614.0  2.8  960.5  115.8  159.7  5.23  31.21  -0.23  110.4
 5615.0  2.5  960.7  115.6  162.1  4.35  30.18  -0.25  110.4
 5616.0  2.5  960.6  115.5  164.5  3.51  29.97  -0.24  110.3
 5617.0  2.5  960.8  115.6  166.9  2.84  30.18  0.09  110.6
 5618.0  2.8  961.8  115.7  169.8  2.40  30.18  0.00  111.1
 5619.0  3.2  962.6  115.8  173.0  2.23  30.30  -0.34  111.5
 5620.0  3.3  963.6  115.8  176.0  2.14  30.26  -0.39  111.6
 5621.0  3.2  963.8  115.9  178.7  1.93  30.55  -0.22  112.1
 5622.0  3.4  964.4  116.0  181.5  2.05  30.41  -0.14  112.3
 5623.0  3.2  963.6  115.9  184.2  1.83  30.50  -0.10  112.5
 5624.0  3.3  962.8  115.8  187.1  1.69  30.31  -0.18  112.7
 5625.0  3.4  961.8  115.6  189.9  1.70  29.82  -0.22  112.9
 5626.0  3.3  960.8  115.5  192.6  1.64  29.89  -0.05  112.9
 5627.0  3.2  960.9  115.3  195.2  1.49  30.11  0.13  112.9
 5628.0  3.4  960.5  115.2  198.1  1.60  29.96  0.10  113.0
 5629.0  3.6  961.4  115.0  201.1  1.75  29.36  -0.13  112.9
 5630.0  3.5  961.8  114.8  204.0  1.77  28.97  -0.30  112.9
 5631.0  3.7  963.0  114.6  206.9  2.16  28.94  -0.27  113.0
 5632.0  4.0  963.3  114.3  209.9  2.84  28.76  -0.20  112.8
 5633.0  3.9  963.1  113.9  212.7  3.30  28.26  -0.23  112.6
 5634.0  3.9  963.2  113.4  215.6  3.76  27.56  -0.36  112.4
 5635.0  4.2  962.2  112.8  218.5  4.62  26.68  -0.55  111.9
 5636.0  4.2  961.6  112.1  221.2  5.28  25.21  -0.65  111.5
 5637.0  3.8  961.2  111.3  223.4  5.55  23.27  -0.64  111.1
 5638.0  3.3  960.7  110.5  225.3  5.27  22.93  -0.50  110.7
 5639.0  2.9  960.2  109.9  227.2  4.61  23.24  -0.42  110.5
 5640.0  2.9  960.0  109.5  229.3  4.11  22.86  -0.57  110.3
 5641.0  3.2  960.2  109.0  231.6  4.11  22.54  -0.74  110.0
 5642.0  3.2  960.5  108.6  233.7  3.96  22.39  -0.78  109.8
 5643.0  3.1  960.8  108.3  235.6  3.70  23.00  -0.65  109.7
 5644.0  3.3  960.9  108.0  237.5  3.82  23.81  -0.36  109.5
 5645.0  3.7  961.4  107.6  239.9  4.17  24.36  -0.28  109.2
 5646.0  3.6  961.5  107.3  242.4  4.10  24.86  -0.41  109.0
 5647.0  3.5  961.7  106.9  244.8  3.88  25.69  -0.53  108.7
 5648.0  3.6  960.9  106.7  247.3  3.84  26.37  -0.47  108.5
 5649.0  3.8  960.6  106.4  249.9  3.98  26.87  -0.31  108.3
 5650.0  3.8  960.3  106.1  252.5  3.97  27.40  -0.31  108.4
 5651.0  4.0  960.5  105.8  255.4  4.06  27.78  -0.46  108.2
 5652.0  3.7  959.9  105.5  258.1  3.81  27.97  -0.58  108.2
 5653.0  3.2  960.1  105.4  260.4  3.01  28.53  -0.52  108.3
 5654.0  3.5  960.6  105.3  263.0  3.00  28.47  -0.38  108.3
 5655.0  3.7  960.5  105.2  265.7  2.99  27.75  -0.43  108.1
 5656.0  3.6  960.5  105.2  268.3  2.79  24.64  -0.78  108.0
 5657.0  3.8  960.5  105.2  270.7  3.00  19.75  -1.22  107.8
 5658.0  3.3  960.4  105.2  272.3  2.56  14.48  -1.46  107.8
 5659.0  2.9  960.5  105.3  273.0  2.07  10.33  -1.28  107.8
 5660.0  3.2  960.7  105.5  273.4  2.30  8.51  -0.76  107.9
 5661.0  3.2  960.2  105.7  273.6  2.33  7.25  -0.24  107.9
 5662.0  3.2  960.5  105.9  274.3  2.27  6.87  -0.19  108.1
 5663.0  3.1  960.3  106.1  275.2  2.12  6.61  -0.57  108.3
 5664.0  3.1  960.1  106.4  276.1  2.06  5.45  -1.01  108.6
 5665.0  3.1  960.2  106.6  276.5  2.02  3.34  -1.09  108.9
 5666.0  3.1  960.8  106.8  276.4  2.14  1.92  -0.69  109.3
 5667.0  3.1  960.4  107.1  276.3  2.27  1.21  -0.25  109.5
 5668.0  3.2  960.6  107.3  276.5  2.48  -0.02  -0.42  109.7
 5669.0  3.1  960.5  107.4  276.7  2.60  -1.14  -0.68  109.8
 5670.0  2.9  961.0  107.6  276.7  2.36  -1.88  -0.76  110.1
 5671.0  2.9  960.6  107.8  276.5  2.32  -2.65  -0.66  110.3
 5672.0  3.0  960.1  108.0  276.4  2.55  -3.09  -0.77  110.4
 5673.0  3.0  960.7  108.1  276.2  2.70  -2.30  -0.60  110.7
 5674.0  3.0  960.7  108.2  276.0  2.72  -2.55  -0.63  110.9
 5675.0  2.9  960.3  108.3  276.0  2.76  -2.82  -0.73  111.0
 5676.0  2.9  960.6  108.5  275.7  2.83  -1.59  -0.60  111.1
 5677.0  2.9  960.7  108.5  275.6  2.93  -0.45  -0.53  111.2
 5678.0  2.9  960.5  108.6  275.7  2.96  -0.70  -0.65  111.4
 5679.0  2.8  960.4  108.6  275.8  2.89  -0.84  -0.90  111.5
 5680.0  2.8  960.5  108.7  275.6  2.91  -0.66  -0.79  111.5
 5681.0  2.9  960.7  108.7  275.5  3.02  -0.64  -0.65  111.5
 5682.0  2.8  960.2  108.8  275.5  2.99  -0.45  -0.65  111.5
 5683.0  2.7  960.4  108.8  275.5  2.95  -0.31  -0.42  111.6
 5684.0  2.8  960.6  108.9  275.6  2.99  -0.39  -0.57  111.7
 5685.0  2.8  960.1  108.9  275.7  3.09  -0.47  -0.72  111.7
 5686.0  2.7  960.0  108.9  275.7  2.98  -0.63  -0.74  111.8
 5687.0  2.7  960.2  108.9  275.6  2.93  -1.87  -0.82  111.9
 5688.0  2.6  960.0  109.0  275.5  2.88  -3.78  -1.06  112.0
 5689.0  2.7  959.8  109.1  275.0  2.88  -5.05  -1.02  112.0
 5690.0  2.7  959.7  109.2  274.4  2.88  -6.15  -0.90  112.1
 5691.0  2.7  960.2  109.2  273.8  2.86  -6.94  -0.84  112.1
 5692.0  2.7  959.7  109.3  273.2  2.90  -7.98  -0.85  112.1
 5693.0  2.7  959.7  109.4  272.5  2.92  -8.69  -0.92  112.3
 5694.0  2.7  959.7  109.5  271.7  2.82  -8.90  -0.84  112.4
 5695.0  2.7  960.2  109.6  270.8  2.82  -8.91  -0.75  112.5
 5696.0  2.7  959.6  109.7  270.1  2.87  -8.85  -0.80  112.6
 5697.0  2.7  959.4  109.8  269.3  2.83  -8.88  -0.71  112.6
 5698.0  2.6  959.9  109.9  268.6  2.76  -9.49  -0.73  112.6
 5699.0  2.7  959.7  110.0  267.8  2.83  -9.49  -0.83  112.6
 5700.0  2.7  959.4  110.1  267.0  2.83  -9.12  -0.77  112.7
 5701.0  2.6  959.9  110.2  266.2  2.78  -9.44  -0.71  112.8
 5702.0  2.6  959.9  110.3  265.5  2.79  -10.05  -0.80  112.8
 5703.0  2.7  959.7  110.4  264.7  2.84  -10.05  -0.78  112.8
 5704.0  2.7  959.9  110.5  263.9  2.85  -9.88  -0.70  112.8
 5705.0  2.7  960.0  110.6  263.1  2.85  -9.74  -0.77  112.9
 5706.0  2.6  959.5  110.7  262.4  2.87  -7.91  -0.43  112.9
 5707.0  2.7  959.8  110.8  261.8  2.89  -3.09  0.04  112.8
 5708.0  2.6  959.5  110.8  261.9  2.82  0.88  0.01  112.8
 5709.0  2.5  959.8  110.9  262.4  2.66  1.31  -0.50  113.1
 5710.0  2.6  959.6  110.9  262.8  2.69  1.67  -0.75  113.3
 5711.0  2.6  959.6  110.9  262.9  2.66  1.76  -0.75  113.2
 5712.0  2.6  959.5  111.0  263.1  2.67  1.57  -0.72  113.3
 5713.0  2.6  959.7  111.0  263.2  2.67  1.92  -0.70  113.3
 5714.0  2.6  959.4  111.0  263.4  2.65  1.91  -0.67  113.3
 5715.0  2.6  959.2  111.1  263.6  2.61  1.90  -0.67  113.4
 5716.0  2.6  959.6  111.1  263.8  2.67  1.40  -0.69  113.4
 5717.0  2.6  959.1  111.2  264.0  2.66  0.24  -0.76  113.4
 5718.0  2.6  959.0  111.2  264.0  2.67  0.14  -0.64  113.3
 5719.0  2.7  959.8  111.2  264.0  2.74  -0.20  -0.71  113.3
 5720.0  2.5  959.1  111.3  264.0  2.63  -0.54  -0.76  113.5
 5721.0  2.6  959.2  111.3  263.9  2.64  -1.20  -0.72  113.6
 5722.0  2.6  959.4  111.4  263.7  2.67  -1.13  -0.63  113.7
 5723.0  2.6  959.3  111.5  263.6  2.63  -0.74  -0.60  113.7
 5724.0  2.6  959.1  111.5  263.6  2.65  -0.31  -0.58  114.0
 5725.0  2.6  959.3  111.6  263.7  2.61  0.15  -0.54  114.0
 5726.0  2.6  959.6  111.6  263.8  2.65  0.16  -0.52  114.0
 5727.0  2.5  959.2  111.6  263.9  2.50  -0.08  -0.67  114.0
 5728.0  2.4  959.7  111.7  264.0  2.42  -0.13  -0.68  113.9
 5729.0  2.5  959.4  111.8  263.9  2.48  -0.35  -0.69  114.2
 5730.0  2.6  959.3  111.8  263.9  2.52  -0.20  -0.67  114.4
 5731.0  2.4  959.0  111.9  263.9  2.43  0.03  -0.59  114.4
 5732.0  2.5  959.3  112.0  263.9  2.41  -0.11  -0.64  114.6
 5733.0  2.4  959.0  112.0  264.0  2.32  -0.23  -0.85  114.8
 5734.0  2.4  959.1  112.1  263.8  2.27  -0.21  -0.69  114.8
 5735.0  2.5  958.9  112.1  263.7  2.43  -0.32  -0.53  114.8
 5736.0  2.5  958.9  112.1  263.6  2.48  -0.20  -0.51  114.6
 5737.0  2.3  958.8  112.0  263.6  2.37  0.12  -0.46  114.7
 5738.0  2.5  959.0  112.1  263.7  2.37  0.22  -0.49  114.7
 5739.0  2.5  958.7  112.1  263.8  2.42  0.18  -0.55  114.6
 5740.0  2.5  958.9  112.1  263.9  2.46  0.21  -0.67  114.6
 5741.0  2.5  958.6  112.1  263.9  2.47  1.27  -0.58  114.5
 5742.0  2.5  959.0  112.1  264.0  2.43  2.85  -0.45  114.4
 5743.0  2.5  959.0  112.0  264.2  2.44  4.15  -0.45  114.3
 5744.0  2.6  959.0  112.0  264.7  2.53  4.96  -0.42  114.2
 5745.0  2.6  958.7  112.0  265.1  2.50  5.29  -0.40  114.2
 5746.0  2.6  958.8  112.0  265.7  2.54  5.32  -0.57  114.0
 5747.0  2.7  958.5  111.9  266.3  2.64  5.31  -0.57  113.9
 5748.0  2.6  959.0  111.9  266.7  2.63  5.26  -0.51  113.8
 5749.0  2.6  958.7  111.8  267.2  2.56  5.04  -0.46  113.9
 5750.0  2.6  959.0  111.8  267.7  2.60  4.61  -0.49  113.9
 5751.0  2.6  958.6  111.8  268.2  2.62  4.36  -0.58  113.9
 5752.0  2.5  958.5  111.7  268.6  2.57  4.13  -0.58  113.8
 5753.0  2.6  958.5  111.7  269.0  2.58  3.48  -0.59  113.9
 5754.0  2.5  958.7  111.7  269.3  2.46  2.53  -0.70  113.9
 5755.0  2.6  958.8  111.7  269.5  2.56  1.65  -0.67  113.8
 5756.0  2.5  958.5  111.7  269.6  2.50  2.24  -0.56  113.8
 5757.0  2.6  958.8  111.7  269.8  2.59  3.55  -0.45  113.7
 5758.0  2.6  958.3  111.6  270.2  2.56  3.28  -0.52  113.6
 5759.0  2.5  958.9  111.6  270.5  2.53  2.97  -0.62  113.8
 5760.0  2.6  958.7  111.6  270.8  2.53  3.22  -0.60  113.8
 5761.0  2.7  958.8  111.6  271.1  2.65  3.25  -0.57  113.7
 5762.0  2.6  959.0  111.6  271.4  2.64  3.00  -0.58  113.7
 5763.0  2.6  958.3  111.5  271.7  2.64  2.64  -0.63  113.7
 5764.0  2.6  958.9  111.5  272.0  2.62  2.10  -0.70  113.8
 5765.0  2.6  958.6  111.5  272.1  2.64  1.37  -0.67  113.9
 5766.0  2.5  958.5  111.5  272.3  2.62  0.95  -0.70  113.9
