flight/WP3D/AircraftMet_NP3_20130618_RA.ict
43  1001
Ken Aikin
NOAA ESRL Chemical Sciences Division
various aircraft sensors
SENEX 2013
1  1
2013  06  18  2013  06  18
1
AOCTimewave
10
1  1  1  1  1  1  1  1  1  1
-9999  -9999  -9999  -9999  -9999  -9999  -9999  -9999  -9999  -9999
AmbTemp  C
DewPtTemp  C
DewPtTempTDL  C
H2Omr  g/kg
PotTemp  K
RelHumidity  pct
StaticPrs  mbar
VertWindSpd  m/s
WindDir  deg
WindSpd  m/s
1
SPECIAL COMMENTS:Aborted St. Louis flight. Flaps light came on.
18
PI_CONTACT_INFO: Address: NOAA ESRL Chemical Sciences Division  Mail Stop R/CSD7  325 Broadway  Boulder  CO 80305
PLATFORM: NOAA WP-3D
LOCATION: The aircraft was stationed in  Smyrna  Tennessee. Aircraft location information in AircraftPosition file.
ASSOCIATED_DATA: N/A
INSTRUMENT_INFO: N/A
DATA_INFO: Units:AmbTemp celcius; DewPtTemp celcius; DewPtTempTDL celcius; H2Omr g/kg; PotTemp kelvin; RelHumidity percent; StaticPrs millibar; VertWindSpd m/s; WindDir degrees; WindSpd m/s
UNCERTAINTY: N/A
ULOD_FLAG: -7777
ULOD_VALUE: N/A
LLOD_FLAG: -8888
LLOD_VALUE: N/A
DM_CONTACT_INFO: Data Manager:Ken Aikin; email:Kenneth.C.Aikin@noaa.gov
PROJECT_INFO: SENEX 2013 Study; June 1 - July 15  2013
STIPULATIONS_ON_USE: Use of these data require prior ok from PI.
OTHER_COMMENTS:       None
REVISION: RA
RA: Preliminary Data.  For in-field use.
AOCTimewave  AmbTemp  DewPtTemp  DewPtTempTDL  H2Omr  PotTemp  RelHumidity  StaticPrs  VertWindSpd  WindDir  WindSpd
[from data line 2707]
81503.0  16.610  14.390  -30.460  11.82  300.76  86.45  877.57  0.58  32.11  3.73
81504.0  16.620  14.370  -30.460  11.81  300.75  86.35  877.76  0.56  35.11  3.83
81505.0  16.600  14.390  -30.460  11.83  300.73  86.53  877.78  0.55  37.12  3.78
81506.0  16.630  14.400  -30.460  11.83  300.77  86.42  877.61  0.81  37.31  3.76
81507.0  16.600  14.390  -30.460  11.83  300.75  86.56  877.53  0.84  39.29  3.68
81508.0  16.570  14.410  -30.460  11.85  300.73  86.83  877.40  1.01  43.27  3.50
81509.0  16.520  14.410  -30.460  11.85  300.69  87.13  877.33  1.13  43.54  3.19
81510.0  16.530  14.440  -30.460  11.86  300.69  87.18  877.40  0.90  41.42  3.41
81511.0  16.480  14.460  -30.460  11.88  300.64  87.62  877.40  0.94  37.91  3.07
81512.0  16.480  14.480  -30.460  11.90  300.64  87.76  877.32  0.94  43.22  2.88
81513.0  16.490  14.510  -30.460  11.93  300.66  87.84  877.36  1.18  46.08  3.17
81514.0  16.490  14.560  -30.460  11.96  300.65  88.12  877.45  0.79  49.35  3.50
81515.0  16.580  14.570  -30.460  11.97  300.73  87.68  877.57  0.77  42.54  4.03
81516.0  16.610  14.580  -30.460  11.98  300.76  87.62  877.47  1.04  44.75  4.00
81517.0  16.600  14.570  -30.460  11.97  300.76  87.56  877.43  0.96  42.23  4.04
81518.0  16.600  14.570  -30.460  11.97  300.75  87.57  877.53  0.80  38.05  3.93
81519.0  16.600  14.570  -30.460  11.97  300.77  87.57  877.38  0.71  37.84  3.98
81520.0  16.630  14.570  -30.460  11.97  300.79  87.40  877.49  0.49  37.65  4.14
81521.0  16.650  14.570  -30.460  11.97  300.81  87.27  877.52  0.45  36.26  4.01
81522.0  16.620  14.570  -30.460  11.96  300.78  87.41  877.46  0.56  29.71  3.13
81523.0  16.540  14.570  -30.460  11.97  300.67  87.93  877.62  1.16  22.67  3.26
81524.0  16.540  14.570  -30.460  11.97  300.68  87.89  877.65  1.13  25.09  3.61
81525.0  16.580  14.590  -30.460  11.98  300.72  87.76  877.61  1.25  29.50  3.22
81526.0  16.500  14.590  -30.460  11.98  300.65  88.23  877.52  0.97  27.76  2.58
81527.0  16.550  14.590  -30.460  11.98  300.70  87.95  877.56  1.10  20.14  2.95
81528.0  16.500  14.590  -30.460  11.99  300.65  88.25  877.54  0.95  15.62  3.25
81529.0  16.560  14.590  -30.460  11.99  300.71  87.91  877.56  0.82  23.56  3.07
81530.0  16.520  14.590  -30.460  11.98  300.67  88.13  877.48  0.92  25.19  2.84
81531.0  16.570  14.590  -30.460  11.98  300.73  87.83  877.45  0.74  32.94  2.90
81532.0  16.570  14.610  -30.460  12.00  300.72  87.97  877.44  0.87  34.65  2.87
81533.0  16.540  14.630  -30.460  12.02  300.71  88.27  877.37  0.71  36.93  2.81
81534.0  16.520  14.670  -30.460  12.05  300.66  88.65  877.51  0.74  35.13  3.04
81535.0  16.530  14.680  -30.460  12.06  300.69  88.60  877.49  0.99  30.81  3.05
81536.0  16.530  14.680  -30.460  12.06  300.68  88.60  877.58  0.69  30.16  2.94
81537.0  16.530  14.680  -30.460  12.05  300.67  88.61  877.58  0.40  28.77  2.86
81538.0  16.540  14.700  -30.460  12.07  300.68  88.67  877.58  0.40  25.49  2.95
81539.0  16.550  14.710  -30.460  12.08  300.69  88.69  877.56  0.88  16.81  3.02
81540.0  16.460  14.700  -30.460  12.07  300.60  89.08  877.59  1.17  8.58  2.84
81541.0  16.500  14.690  -30.460  12.06  300.63  88.82  877.66  1.39  9.50  2.80
81542.0  16.440  14.730  -30.460  12.09  300.58  89.41  877.57  1.66  13.26  2.19
81543.0  16.370  14.730  -30.460  12.10  300.52  89.82  877.49  1.91  18.61  2.07
81544.0  16.300  14.770  -30.460  12.12  300.43  90.50  877.59  1.88  20.56  1.97
81545.0  16.280  14.860  -30.460  12.20  300.41  91.14  877.63  1.69  20.94  2.09
81546.0  16.290  14.900  -30.460  12.23  300.43  91.31  877.54  1.63  21.78  2.14
81547.0  16.260  14.970  -30.460  12.29  300.41  91.91  877.31  1.53  31.22  2.11
81548.0  16.270  15.020  -30.460  12.33  300.42  92.16  877.38  1.44  34.32  1.59
81549.0  16.310  15.070  -30.460  12.37  300.45  92.24  877.45  1.48  41.98  1.37
81550.0  16.300  15.100  -30.460  12.40  300.46  92.45  877.36  1.88  57.92  1.06
81551.0  16.260  15.150  -30.460  12.44  300.41  93.02  877.34  1.76  14.21  1.22
81552.0  16.390  15.230  -30.460  12.50  300.55  92.72  877.33  1.69  21.77  1.79
81553.0  16.430  15.250  -30.460  12.51  300.60  92.53  877.27  1.36  19.87  1.79
81554.0  16.450  15.240  -30.460  12.51  300.61  92.43  877.37  1.46  25.94  2.11
81555.0  16.510  15.290  -30.460  12.55  300.67  92.30  877.40  1.44  31.83  2.86
81556.0  16.560  15.300  -30.460  12.55  300.72  92.11  877.38  1.51  32.24  3.03
81557.0  16.550  15.300  -30.460  12.56  300.72  92.16  877.30  1.72  37.20  3.13
81558.0  16.580  15.270  -30.460  12.53  300.73  91.79  877.46  1.69  41.21  3.25
81559.0  16.550  15.230  -30.460  12.50  300.71  91.74  877.45  1.78  39.92  3.23
81560.0  16.480  15.190  -30.460  12.47  300.63  91.92  877.48  1.78  39.88  2.67
81561.0  16.510  15.110  -30.460  12.40  300.64  91.26  877.72  1.68  39.65  3.00
81562.0  16.480  15.060  -30.460  12.36  300.61  91.14  877.67  1.67  39.14  2.86
81563.0  16.490  15.020  -30.460  12.32  300.62  90.84  877.67  1.62  38.66  2.90
81564.0  16.480  14.970  -30.460  12.28  300.61  90.56  877.67  1.66  43.03  2.78
81565.0  16.480  14.930  -30.460  12.26  300.63  90.37  877.56  1.40  41.16  2.68
81566.0  16.490  14.890  -30.460  12.22  300.61  90.08  877.80  1.22  38.54  2.76
81567.0  16.540  14.850  -30.460  12.18  300.67  89.54  877.69  1.14  32.91  2.96
81568.0  16.540  14.770  -30.460  12.12  300.67  89.10  877.71  1.10  29.98  2.83
81569.0  16.530  14.760  -30.460  12.11  300.67  89.04  877.64  1.13  25.95  2.71
81570.0  16.550  14.750  -30.460  12.11  300.69  88.93  877.64  0.90  24.15  2.39
81571.0  16.570  14.740  -30.460  12.09  300.69  88.69  877.83  0.67  29.75  2.57
81572.0  16.510  14.760  -30.460  12.11  300.64  89.17  877.64  0.99  28.32  2.32
81573.0  16.520  14.760  -30.460  12.11  300.63  89.14  877.83  0.80  18.88  1.92
81574.0  16.510  14.780  -30.460  12.13  300.62  89.31  877.82  1.09  20.36  1.89
81575.0  16.470  14.800  -30.460  12.15  300.60  89.66  877.69  1.16  27.19  1.84
81576.0  16.510  14.850  -30.460  12.18  300.62  89.73  877.83  1.33  37.08  1.75
81577.0  16.520  14.840  -30.460  12.18  300.66  89.56  877.60  1.21  43.71  1.71
81578.0  16.530  14.870  -30.460  12.21  300.68  89.72  877.53  0.96  43.98  1.88
81579.0  16.540  14.900  -30.460  12.23  300.70  89.83  877.46  0.81  38.70  2.30
81580.0  16.600  14.890  -30.460  12.22  300.74  89.42  877.57  0.70  38.56  2.62
81581.0  16.570  14.880  -30.460  12.21  300.72  89.53  877.54  0.71  32.73  2.91
81582.0  16.580  14.880  -30.460  12.22  300.73  89.51  877.50  0.48  41.42  2.87
81583.0  16.640  14.880  -30.460  12.21  300.79  89.16  877.46  0.42  38.34  2.99
81584.0  16.590  14.880  -30.460  12.21  300.73  89.43  877.62  0.62  32.50  3.06
81585.0  16.610  14.880  -30.460  12.21  300.75  89.30  877.61  0.83  31.15  3.02
81586.0  16.590  14.880  -30.460  12.21  300.74  89.42  877.54  0.40  32.21  2.77
81587.0  16.620  14.860  -30.460  12.20  300.75  89.16  877.73  0.48  26.47  2.74
81588.0  16.620  14.860  -30.460  12.19  300.77  89.11  877.61  0.50  18.67  3.04
81589.0  16.640  14.840  -30.460  12.18  300.77  88.92  877.77  0.22  21.27  3.27
81590.0  16.630  14.840  -30.460  12.18  300.76  88.97  877.73  0.16  21.73  2.66
81591.0  16.680  14.810  -30.460  12.16  300.81  88.52  877.79  0.27  26.43  3.40
81592.0  16.660  14.790  -30.460  12.14  300.80  88.49  877.65  0.47  20.59  2.46
81593.0  16.550  14.740  -30.460  12.10  300.68  88.86  877.67  0.66  12.25  2.89
81594.0  16.620  14.690  -30.460  12.06  300.77  88.13  877.55  0.55  16.60  3.09
81595.0  16.580  14.680  -30.460  12.05  300.73  88.30  877.52  0.85  16.81  3.35
81596.0  16.660  14.670  -30.460  12.04  300.82  87.77  877.48  0.80  21.98  3.42
81597.0  16.730  14.660  -30.460  12.04  300.89  87.34  877.54  0.63  25.61  3.59
81598.0  16.720  14.630  -30.460  12.01  300.89  87.19  877.43  0.81  26.60  3.85
81599.0  16.770  14.590  -30.460  11.99  300.95  86.73  877.33  0.74  28.82  3.69
81600.0  16.730  14.550  -30.460  11.95  300.89  86.74  877.49  0.62  27.43  3.78
81601.0  16.670  14.520  -30.460  11.93  300.82  86.87  877.50  0.78  23.91  3.39
81602.0  16.650  14.480  -30.460  11.89  300.80  86.72  877.63  1.01  25.43  3.21
81603.0  16.630  14.460  -30.460  11.88  300.77  86.80  877.66  0.82  28.70  3.48
81604.0  16.640  14.440  -30.460  11.87  300.78  86.59  877.68  0.93  28.91  3.48
81605.0  16.620  14.430  -30.460  11.86  300.78  86.64  877.52  1.01  30.46  3.44
81606.0  16.610  14.430  -30.460  11.86  300.76  86.70  877.55  1.01  31.63  3.76
81607.0  16.650  14.410  -30.460  11.85  300.81  86.40  877.42  0.95  33.69  3.77
81608.0  16.620  14.390  -30.460  11.83  300.79  86.42  877.37  0.99  33.80  3.65
81609.0  16.610  14.400  -30.460  11.84  300.76  86.55  877.50  0.72  34.00  3.79
81610.0  16.600  14.420  -30.460  11.85  300.75  86.71  877.49  0.68  38.96  3.84
81611.0  16.560  14.410  -30.460  11.84  300.72  86.84  877.47  0.59  28.99  3.58
81612.0  16.590  14.430  -30.460  11.85  300.72  86.81  877.73  0.62  27.58  3.51
81613.0  16.630  14.420  -30.460  11.85  300.77  86.53  877.72  0.52  27.57  3.87
81614.0  16.610  14.460  -30.460  11.88  300.75  86.87  877.74  0.64  27.28  3.87
81615.0  16.600  14.490  -30.460  11.90  300.73  87.10  877.71  0.63  24.76  3.72
81616.0  16.590  14.510  -30.460  11.91  300.72  87.25  877.76  0.69  24.29  3.36
81617.0  16.590  14.550  -30.460  11.95  300.72  87.51  877.72  0.80  31.08  3.43
81618.0  16.610  14.580  -30.460  11.97  300.74  87.55  877.76  0.74  37.38  3.51
81619.0  16.590  14.610  -30.460  11.99  300.71  87.88  877.81  0.71  36.70  3.72
81620.0  16.590  14.630  -30.460  12.01  300.73  87.96  877.62  0.80  35.55  3.47
81621.0  16.610  14.640  -30.460  12.02  300.74  87.92  877.71  0.60  34.80  3.23
81622.0  16.510  14.660  -30.460  12.04  300.65  88.59  877.58  0.51  28.60  2.93
81623.0  16.560  14.700  -30.460  12.07  300.70  88.58  877.54  0.68  32.35  3.17
81624.0  16.540  14.740  -30.460  12.10  300.67  88.89  877.66  0.67  28.83  3.15
81625.0  16.550  14.760  -30.460  12.12  300.69  88.94  877.63  0.82  29.90  3.01
81626.0  16.560  14.780  -30.460  12.13  300.71  88.98  877.56  0.96  29.19  2.63
81627.0  16.610  14.810  -30.460  12.15  300.75  88.90  877.59  1.22  27.99  2.38
81628.0  16.590  14.830  -30.460  12.17  300.73  89.15  877.56  0.97  27.91  2.48
81629.0  16.610  14.830  -30.460  12.18  300.77  89.05  877.44  1.24  33.14  2.02
81630.0  16.590  14.860  -30.460  12.20  300.76  89.26  877.40  0.84  30.56  2.19
81631.0  16.540  14.860  -30.460  12.20  300.70  89.61  877.40  1.15  29.47  1.96
81632.0  16.470  14.880  -30.460  12.22  300.65  90.09  877.25  1.49  40.62  1.57
81633.0  16.410  14.920  -30.460  12.25  300.59  90.75  877.15  1.40  32.69  0.98
81634.0  16.400  14.990  -30.460  12.30  300.57  91.16  877.31  0.96  46.08  0.70
81635.0  16.410  15.040  -30.460  12.35  300.58  91.47  877.22  0.91  76.63  0.72
81636.0  16.370  15.070  -30.460  12.38  300.55  91.89  877.05  0.91  206.27  1.13
81637.0  16.430  15.140  -30.460  12.43  300.60  91.94  877.26  0.71  166.05  0.52
81638.0  16.470  15.180  -30.460  12.46  300.66  91.89  877.09  0.66  138.86  1.28
81639.0  16.460  15.190  -30.460  12.47  300.64  92.03  877.14  1.16  67.75  0.88
81640.0  16.450  15.220  -30.460  12.49  300.62  92.29  877.21  1.11  96.72  0.96
81641.0  16.370  15.250  -30.460  12.52  300.54  92.94  877.22  1.18  84.33  1.23
81642.0  16.340  15.270  -30.460  12.54  300.50  93.24  877.33  0.82  50.14  1.83
81643.0  16.410  15.360  -30.460  12.60  300.57  93.34  877.37  0.96  29.11  1.38
81644.0  16.390  15.400  -30.460  12.64  300.54  93.75  877.38  0.66  0.99  2.51
81645.0  16.520  15.390  -30.460  12.63  300.66  92.89  877.57  0.65  24.23  3.12
81646.0  16.590  15.380  -30.460  12.63  300.76  92.45  877.29  0.44  30.64  3.06
81647.0  16.610  15.420  -30.460  12.66  300.78  92.53  877.27  0.47  26.52  2.93
81648.0  16.620  15.380  -30.460  12.63  300.79  92.22  877.36  0.59  21.78  2.94
81649.0  16.620  15.320  -30.460  12.57  300.78  91.86  877.39  0.62  21.58  2.69
81650.0  16.610  15.240  -30.460  12.51  300.76  91.47  877.50  0.45  8.25  2.54
81651.0  16.650  15.190  -30.460  12.47  300.82  90.91  877.32  0.59  8.22  2.36
81652.0  16.650  15.150  -30.460  12.44  300.82  90.71  877.35  0.60  7.84  2.58
81653.0  16.670  15.100  -30.460  12.39  300.84  90.27  877.31  0.89  12.40  2.77
81654.0  16.670  15.050  -30.460  12.35  300.84  89.94  877.33  0.44  5.64  2.25
81655.0  16.690  15.010  -30.460  12.32  300.86  89.61  877.35  0.06  357.80  2.09
81656.0  16.750  14.950  -30.460  12.27  300.89  88.92  877.65  -0.12  13.36  2.40
81657.0  16.720  14.890  -30.460  12.22  300.87  88.77  877.54  -0.07  8.93  2.32
81658.0  16.800  14.800  -30.460  12.15  300.95  87.73  877.69  0.28  21.91  2.46
81659.0  16.820  14.710  -30.460  12.08  300.98  87.12  877.52  0.77  17.58  1.63
81660.0  16.780  14.610  -30.460  12.00  300.94  86.78  877.54  0.96  355.36  2.19
81661.0  16.650  14.600  -30.460  11.98  300.79  87.40  877.68  1.55  4.74  3.00
81662.0  16.760  14.610  -30.460  11.99  300.88  86.90  877.85  1.37  5.03  3.10
81663.0  16.850  14.530  -30.460  11.93  300.99  85.89  877.78  0.77  11.02  2.77
81664.0  16.810  14.510  -30.460  11.91  300.94  86.03  877.75  0.82  10.61  2.92
81665.0  16.830  14.510  -30.460  11.92  300.98  85.92  877.61  0.77  9.17  3.11
81666.0  16.820  14.470  -30.460  11.89  300.98  85.79  877.51  0.65  7.83  3.24
81667.0  16.800  14.440  -30.460  11.86  300.95  85.67  877.66  0.65  5.28  3.46
81668.0  16.790  14.380  -30.460  11.81  300.94  85.38  877.67  0.58  2.13  3.56
81669.0  16.730  14.350  -30.460  11.79  300.86  85.58  877.72  0.43  357.60  3.54
81670.0  16.740  14.350  -30.460  11.79  300.88  85.49  877.70  0.40  356.25  3.41
81671.0  16.720  14.350  -30.460  11.79  300.85  85.66  877.73  0.16  355.40  3.49
81672.0  16.680  14.340  -30.460  11.79  300.82  85.81  877.66  0.12  353.98  3.53
81673.0  16.660  14.360  -30.460  11.80  300.80  85.98  877.72  0.33  351.96  3.74
81674.0  16.660  14.400  -30.460  11.83  300.79  86.24  877.79  0.69  349.85  3.61
81675.0  16.720  14.370  -30.460  11.81  300.85  85.76  877.69  0.73  349.72  3.52
81676.0  16.690  14.400  -30.460  11.84  300.83  86.11  877.68  0.83  354.52  3.40
81677.0  16.710  14.420  -30.460  11.84  300.85  86.08  877.69  0.32  347.74  3.53
81678.0  16.760  14.400  -30.460  11.83  300.90  85.70  877.66  0.40  344.32  3.81
81679.0  16.700  14.410  -30.460  11.84  300.83  86.11  877.79  0.45  344.39  3.69
81680.0  16.730  14.420  -30.460  11.85  300.87  85.99  877.69  0.30  356.35  2.97
81681.0  16.700  14.440  -30.460  11.86  300.84  86.25  877.75  0.33  354.51  3.18
81682.0  16.700  14.470  -30.460  11.88  300.84  86.40  877.64  0.32  349.34  3.24
81683.0  16.650  14.490  -30.460  11.90  300.79  86.78  877.63  0.48  347.62  3.16
81684.0  16.660  14.530  -30.460  11.93  300.80  86.99  877.64  0.46  348.43  3.35
81685.0  16.650  14.570  -30.460  11.96  300.79  87.27  877.58  0.50  351.41  2.97
81686.0  16.660  14.590  -30.460  11.98  300.82  87.32  877.52  0.59  353.37  3.23
81687.0  16.690  14.610  -30.460  12.00  300.84  87.28  877.54  0.41  3.26  2.89
81688.0  16.680  14.630  -30.460  12.02  300.84  87.47  877.52  0.47  359.28  2.98
81689.0  16.680  14.640  -30.460  12.02  300.83  87.53  877.48  0.54  5.10  3.35
81690.0  16.770  14.600  -30.460  11.99  300.93  86.77  877.40  0.32  354.25  3.14
81691.0  16.730  14.580  -30.460  11.98  300.90  86.92  877.36  0.89  349.09  3.04
81692.0  16.710  14.630  -30.460  12.02  300.88  87.30  877.29  0.47  355.77  3.43
81693.0  16.650  14.650  -30.460  12.03  300.81  87.75  877.37  0.41  6.54  3.62
81694.0  16.680  14.650  -30.460  12.03  300.84  87.52  877.51  0.59  7.20  4.05
81695.0  16.690  14.660  -30.460  12.04  300.84  87.60  877.59  0.54  8.00  3.56
81696.0  16.690  14.650  -30.460  12.03  300.85  87.50  877.47  0.58  8.16  3.11
