flight/WP3D/AircraftMet_NP3_20130703_RB.ict
44  1001
Ken Aikin
NOAA ESRL Chemical Sciences Division
various aircraft sensors
SENEX 2013
1  1
2013  07  03  2013  07  03
1
AOCTimewave
10
1  1  1  1  1  1  1  1  1  1
-9999  -9999  -9999  -9999  -9999  -9999  -9999  -9999  -9999  -9999
AmbTemp  C
DewPtTemp  C
DewPtTempTDL  C
H2Omr  g/kg
PotTemp  K
RelHumidity  pct
StaticPrs  mbar
VertWindSpd  m/s
WindDir  deg
WindSpd  m/s
1
SPECIAL COMMENTS:AR  MO power plants  night flight.
19
PI_CONTACT_INFO: Address: NOAA ESRL Chemical Sciences Division  Mail Stop R/CSD7  325 Broadway  Boulder  CO 80305
PLATFORM: NOAA WP-3D
LOCATION: The aircraft was stationed in  Smyrna  Tennessee. Aircraft location information in AircraftPosition file.
ASSOCIATED_DATA: N/A
INSTRUMENT_INFO: N/A
DATA_INFO: Units:AmbTemp celcius; DewPtTemp celcius; DewPtTempTDL celcius; H2Omr g/kg; PotTemp kelvin; RelHumidity percent; StaticPrs millibar; VertWindSpd m/s; WindDir degrees; WindSpd m/s
UNCERTAINTY: N/A
ULOD_FLAG: -7777
ULOD_VALUE: N/A
LLOD_FLAG: -8888
LLOD_VALUE: N/A
DM_CONTACT_INFO: Data Manager:Ken Aikin; email:Kenneth.C.Aikin@noaa.gov
PROJECT_INFO: SENEX 2013 Study; June 1 - July 15  2013
STIPULATIONS_ON_USE: Use of these data require prior ok from PI.
OTHER_COMMENTS:       None
REVISION: RB
RB: Correct time. RA was off by one day. No change to data.
RA: Preliminary Data.  For in-field use.
AOCTimewave  AmbTemp  DewPtTemp  DewPtTempTDL  H2Omr  PotTemp  RelHumidity  StaticPrs  VertWindSpd  WindDir  WindSpd
[from data line 1774]
 5173.0  15.670  11.630  0.910  9.65  298.16  76.52  894.45  0.11  250.30  5.47
 5174.0  15.730  11.630  0.910  9.64  298.14  76.24  895.27  -0.01  250.25  5.42
 5175.0  15.770  11.640  0.930  9.64  298.09  76.08  896.35  -0.13  251.40  5.34
 5176.0  15.810  11.680  0.950  9.65  298.05  76.05  897.15  -0.07  251.68  5.34
 5177.0  15.900  11.720  1.020  9.67  298.07  75.82  897.93  0.07  250.34  5.37
 5178.0  15.910  11.750  1.020  9.68  298.00  75.93  898.81  -0.07  251.85  5.38
 5179.0  15.920  11.790  1.090  9.70  297.92  76.09  899.67  -0.27  250.57  5.33
 5180.0  15.940  11.830  1.110  9.71  297.84  76.21  900.80  -0.34  251.30  5.26
 5181.0  16.000  11.880  1.140  9.73  297.80  76.15  901.92  -0.44  251.77  5.30
 5182.0  16.060  11.910  1.070  9.74  297.77  76.00  902.90  -0.52  252.06  5.22
 5183.0  16.110  11.960  1.180  9.76  297.72  76.02  903.91  -0.52  253.02  5.07
 5184.0  16.130  12.000  1.150  9.78  297.68  76.10  904.62  -0.58  256.81  5.22
 5185.0  16.140  12.020  1.220  9.79  297.62  76.19  905.34  -0.77  257.55  5.18
 5186.0  16.190  12.080  1.220  9.81  297.58  76.22  906.24  -0.74  255.64  5.08
 5187.0  16.290  12.120  1.200  9.84  297.61  76.00  907.04  -0.56  253.07  4.71
 5188.0  16.300  12.170  1.100  9.86  297.55  76.18  907.81  -0.37  252.56  4.33
 5189.0  16.250  12.210  1.060  9.88  297.45  76.59  908.38  -0.27  250.38  4.39
 5190.0  16.270  12.230  1.100  9.89  297.42  76.64  908.92  -0.26  248.81  4.40
 5191.0  16.260  12.280  1.200  9.91  297.33  76.93  909.71  -0.37  251.17  4.53
 5192.0  16.320  12.330  1.130  9.93  297.31  76.88  910.69  -0.35  250.18  4.47
 5193.0  16.460  12.380  1.110  9.96  297.37  76.43  911.53  -0.39  247.47  4.54
 5194.0  16.590  12.400  1.170  9.97  297.47  75.88  911.96  -0.47  244.63  4.45
 5195.0  16.680  12.430  1.150  9.98  297.53  75.56  912.27  -0.48  243.62  4.23
 5196.0  16.660  12.450  1.130  9.99  297.47  75.79  912.68  -0.56  243.29  4.15
 5197.0  16.610  12.450  1.150  9.99  297.40  76.05  912.93  -0.63  244.54  4.10
 5198.0  16.560  12.470  1.210  10.00  297.32  76.38  913.17  -0.75  243.03  4.19
 5199.0  16.520  12.470  1.320  10.00  297.27  76.58  913.27  -0.74  245.40  4.10
 5200.0  16.600  12.510  1.120  10.02  297.31  76.43  913.65  -0.64  244.45  4.24
 5201.0  16.700  12.540  1.170  10.04  297.39  76.07  913.89  -0.65  242.43  4.39
 5202.0  16.800  12.540  1.340  10.03  297.48  75.53  914.15  -0.60  241.57  4.35
 5203.0  16.840  12.540  1.350  10.03  297.50  75.36  914.31  -0.68  240.11  4.48
 5204.0  16.920  12.560  1.430  10.05  297.57  75.12  914.44  -0.84  239.19  4.47
 5205.0  16.860  12.590  1.380  10.07  297.51  75.54  914.50  -0.70  236.82  4.35
 5206.0  16.890  12.620  1.470  10.09  297.55  75.53  914.39  -0.72  235.47  4.32
 5207.0  16.860  12.660  1.300  10.11  297.53  75.88  914.25  -0.55  233.43  4.06
 5208.0  16.790  12.660  1.150  10.11  297.44  76.23  914.45  -0.48  234.22  3.69
 5209.0  16.580  12.670  1.300  10.12  297.21  77.34  914.55  -0.57  233.37  3.62
 5210.0  16.470  12.700  1.600  10.14  297.10  78.06  914.55  -0.66  230.68  3.38
 5211.0  16.320  12.750  1.600  10.17  296.95  79.07  914.52  -0.62  230.40  3.38
 5212.0  16.290  12.800  1.700  10.21  296.92  79.48  914.52  -0.53  229.53  3.37
 5213.0  16.260  12.880  1.670  10.26  296.89  80.02  914.48  -0.50  230.52  3.10
 5214.0  16.190  12.940  1.670  10.30  296.81  80.76  914.51  -0.37  229.33  2.92
 5215.0  16.200  13.000  1.690  10.34  296.82  81.02  914.57  -0.28  229.24  3.10
 5216.0  16.180  13.040  1.610  10.37  296.81  81.39  914.46  -0.14  229.94  3.31
 5217.0  16.170  13.100  1.520  10.41  296.80  81.69  914.51  -0.07  229.15  3.39
 5218.0  16.190  13.170  1.650  10.46  296.80  81.98  914.62  0.04  231.48  3.32
 5219.0  16.120  13.220  1.800  10.49  296.73  82.65  914.69  0.10  232.44  3.12
 5220.0  16.080  13.290  1.860  10.54  296.71  83.19  914.50  0.12  232.21  3.16
 5221.0  16.100  13.340  1.790  10.58  296.74  83.41  914.34  -0.02  233.73  3.23
 5222.0  16.080  13.410  1.810  10.63  296.72  83.95  914.33  -0.08  232.94  3.32
 5223.0  16.100  13.460  1.830  10.66  296.73  84.06  914.37  -0.09  233.13  3.24
 5224.0  16.120  13.500  1.850  10.69  296.75  84.18  914.41  -0.18  232.63  3.21
 5225.0  16.110  13.570  1.860  10.74  296.74  84.61  914.44  -0.24  230.19  3.21
 5226.0  16.130  13.620  1.860  10.78  296.77  84.80  914.35  -0.26  231.20  3.26
 5227.0  16.100  13.650  1.810  10.80  296.73  85.13  914.41  -0.12  226.96  3.29
 5228.0  16.160  13.670  1.750  10.81  296.78  84.92  914.50  -0.04  225.64  3.33
 5229.0  16.140  13.680  1.830  10.82  296.77  85.08  914.39  0.07  225.86  3.36
 5230.0  16.090  13.690  1.760  10.83  296.71  85.43  914.46  0.16  226.36  3.31
 5231.0  16.110  13.680  1.820  10.82  296.74  85.29  914.42  0.13  226.58  3.30
 5232.0  16.100  13.690  1.770  10.83  296.73  85.37  914.40  0.22  226.32  3.38
 5233.0  16.080  13.690  1.730  10.83  296.71  85.48  914.45  0.24  223.71  3.34
 5234.0  16.130  13.710  1.710  10.84  296.78  85.28  914.24  0.14  222.27  3.34
 5235.0  16.150  13.710  1.780  10.84  296.80  85.18  914.25  0.03  220.50  3.43
 5236.0  16.130  13.680  1.730  10.82  296.78  85.14  914.19  -0.11  220.69  3.48
 5237.0  16.190  13.660  1.750  10.81  296.84  84.66  914.33  -0.14  219.27  3.48
 5238.0  16.170  13.650  1.790  10.80  296.80  84.79  914.36  -0.16  219.47  3.50
 5239.0  16.190  13.630  1.670  10.79  296.84  84.53  914.24  -0.28  220.95  3.52
 5240.0  16.260  13.610  1.680  10.77  296.90  84.07  914.29  -0.25  219.42  3.53
 5241.0  16.210  13.590  1.690  10.76  296.85  84.17  914.39  -0.20  218.58  3.48
 5242.0  16.260  13.590  1.630  10.75  296.91  83.90  914.25  -0.24  218.69  3.50
 5243.0  16.250  13.560  1.630  10.74  296.90  83.83  914.20  -0.18  218.01  3.48
 5244.0  16.250  13.530  1.590  10.72  296.90  83.62  914.33  -0.14  216.57  3.39
 5245.0  16.290  13.500  1.610  10.69  296.93  83.27  914.32  -0.20  216.48  3.40
 5246.0  16.210  13.450  1.650  10.66  296.87  83.41  914.14  -0.26  215.26  3.42
 5247.0  16.230  13.430  1.640  10.64  296.90  83.15  914.12  -0.26  215.02  3.35
 5248.0  16.160  13.400  1.660  10.63  296.81  83.43  914.20  -0.12  211.63  3.26
 5249.0  16.180  13.380  1.700  10.61  296.83  83.22  914.23  -0.08  211.35  3.26
 5250.0  16.120  13.370  1.620  10.61  296.77  83.46  914.22  -0.21  210.91  3.33
 5251.0  16.160  13.350  1.630  10.59  296.82  83.13  914.17  -0.31  212.98  3.32
 5252.0  16.120  13.330  1.640  10.57  296.78  83.23  914.10  -0.36  214.35  3.39
 5253.0  16.080  13.310  1.670  10.56  296.73  83.34  914.28  -0.32  215.77  3.44
 5254.0  16.040  13.320  1.690  10.57  296.67  83.63  914.38  -0.30  215.71  3.38
 5255.0  16.070  13.310  1.690  10.56  296.71  83.44  914.22  -0.20  215.76  3.33
 5256.0  16.010  13.290  1.730  10.55  296.66  83.63  914.20  -0.04  216.42  3.30
 5257.0  15.970  13.290  1.860  10.55  296.62  83.86  914.14  -0.08  215.82  3.28
 5258.0  15.970  13.320  1.970  10.57  296.62  83.98  914.18  -0.15  217.63  3.27
 5259.0  15.860  13.340  2.000  10.58  296.49  84.75  914.36  -0.23  224.94  2.94
 5260.0  15.790  13.380  2.140  10.61  296.41  85.37  914.38  -0.33  223.08  2.63
 5261.0  15.780  13.450  2.090  10.66  296.42  85.81  914.22  -0.37  224.11  2.55
 5262.0  15.740  13.500  2.160  10.70  296.39  86.32  914.12  -0.47  225.49  2.60
 5263.0  15.690  13.550  2.130  10.73  296.35  86.87  914.01  -0.62  226.19  2.60
 5264.0  15.740  13.610  2.070  10.77  296.39  86.94  914.06  -0.56  227.94  2.59
 5265.0  15.700  13.650  2.110  10.80  296.35  87.38  914.17  -0.47  227.16  2.61
 5266.0  15.690  13.710  2.040  10.84  296.33  87.79  914.16  -0.39  228.51  2.69
 5267.0  15.710  13.760  2.100  10.88  296.36  87.96  914.06  -0.50  230.01  2.78
 5268.0  15.660  13.810  2.050  10.91  296.30  88.51  914.18  -0.46  231.29  2.88
 5269.0  15.660  13.860  2.090  10.95  296.30  88.81  914.24  -0.37  227.10  3.10
 5270.0  15.720  13.900  2.030  10.99  296.37  88.75  914.14  -0.45  225.03  3.30
 5271.0  15.690  13.960  2.020  11.03  296.35  89.23  914.04  -0.62  226.71  3.47
 5272.0  15.690  14.010  1.920  11.06  296.35  89.53  913.99  -0.70  226.57  3.22
 5273.0  15.670  14.060  2.020  11.10  296.32  89.92  914.14  -0.68  227.98  2.79
 5274.0  15.570  14.100  2.030  11.13  296.23  90.79  913.97  -0.79  228.62  2.79
 5275.0  15.550  14.130  2.010  11.15  296.21  91.07  913.97  -0.87  228.87  2.89
 5276.0  15.530  14.140  2.010  11.16  296.19  91.26  913.98  -0.86  232.67  2.94
 5277.0  15.510  14.140  2.000  11.16  296.17  91.42  913.90  -0.67  234.09  2.92
 5278.0  15.450  14.160  2.050  11.18  296.12  91.89  913.84  -0.55  236.31  2.99
 5279.0  15.470  14.170  2.070  11.18  296.13  91.82  913.90  -0.53  237.53  3.10
 5280.0  15.500  14.190  2.060  11.20  296.17  91.80  913.82  -0.47  236.62  3.05
 5281.0  15.460  14.200  2.060  11.20  296.13  92.02  913.87  -0.46  236.43  3.07
 5282.0  15.510  14.200  2.090  11.21  296.17  91.78  913.88  -0.36  234.59  3.24
 5283.0  15.520  14.210  2.030  11.21  296.17  91.77  914.01  -0.36  232.59  3.18
 5284.0  15.560  14.210  1.960  11.21  296.21  91.55  913.98  -0.25  230.03  3.17
 5285.0  15.580  14.230  2.040  11.23  296.25  91.56  913.85  -0.19  230.49  3.28
 5286.0  15.550  14.240  2.030  11.23  296.21  91.75  913.91  -0.12  228.80  3.39
 5287.0  15.570  14.260  2.080  11.25  296.23  91.76  913.94  -0.13  230.59  3.35
 5288.0  15.550  14.270  2.050  11.25  296.19  91.95  914.12  -0.16  232.35  3.20
 5289.0  15.510  14.290  2.040  11.27  296.16  92.29  914.06  -0.26  231.44  3.14
 5290.0  15.510  14.280  2.140  11.26  296.15  92.28  914.15  -0.34  232.20  3.09
 5291.0  15.540  14.290  2.060  11.27  296.19  92.13  914.01  -0.39  231.16  3.13
 5292.0  15.500  14.310  2.100  11.29  296.15  92.48  914.03  -0.51  229.12  3.16
 5293.0  15.550  14.310  2.090  11.29  296.20  92.21  914.02  -0.64  228.73  3.16
 5294.0  15.560  14.320  2.020  11.29  296.21  92.19  914.03  -0.61  227.46  3.26
 5295.0  15.520  14.320  2.090  11.29  296.17  92.44  914.01  -0.56  228.98  3.21
 5296.0  15.560  14.320  2.110  11.29  296.21  92.16  914.15  -0.52  226.81  3.21
 5297.0  15.570  14.320  2.060  11.29  296.21  92.14  914.18  -0.50  224.69  3.22
 5298.0  15.570  14.320  2.130  11.29  296.21  92.09  914.14  -0.54  223.32  3.19
 5299.0  15.600  14.300  2.100  11.27  296.23  91.83  914.22  -0.59  221.20  3.10
 5300.0  15.560  14.300  2.110  11.27  296.20  92.01  914.16  -0.51  221.42  3.01
 5301.0  15.580  14.300  2.130  11.27  296.22  91.89  914.19  -0.41  223.99  2.95
 5302.0  15.570  14.290  2.020  11.27  296.21  91.97  914.09  -0.46  229.34  2.84
 5303.0  15.500  14.270  2.090  11.26  296.15  92.24  914.05  -0.56  233.06  2.69
 5304.0  15.520  14.260  2.010  11.25  296.15  92.07  914.32  -0.65  231.74  2.60
 5305.0  15.490  14.250  2.060  11.24  296.11  92.16  914.38  -0.63  232.38  2.61
 5306.0  15.440  14.250  2.090  11.24  296.07  92.47  914.28  -0.55  234.07  2.60
 5307.0  15.470  14.240  2.070  11.23  296.11  92.20  914.23  -0.50  233.97  2.64
 5308.0  15.460  14.220  1.980  11.22  296.10  92.21  914.12  -0.43  231.75  2.63
 5309.0  15.430  14.210  2.020  11.21  296.07  92.31  914.10  -0.36  232.21  2.70
 5310.0  15.450  14.200  2.010  11.20  296.10  92.14  914.03  -0.44  235.38  2.79
 5311.0  15.450  14.200  1.960  11.20  296.10  92.13  913.98  -0.48  237.11  2.80
 5312.0  15.410  14.160  1.970  11.18  296.07  92.11  913.89  -0.45  234.39  2.77
 5313.0  15.420  14.140  2.010  11.16  296.06  91.97  914.03  -0.42  232.84  2.75
 5314.0  15.430  14.120  1.990  11.14  296.07  91.76  914.15  -0.39  234.48  2.86
 5315.0  15.370  14.120  1.990  11.14  296.02  92.07  914.08  -0.31  233.67  2.86
 5316.0  15.390  14.100  1.910  11.13  296.04  91.91  914.03  -0.28  234.67  2.93
 5317.0  15.420  14.100  1.970  11.13  296.07  91.68  913.95  -0.09  233.79  3.06
 5318.0  15.390  14.080  2.050  11.11  296.05  91.72  913.89  -0.02  235.13  3.10
 5319.0  15.410  14.090  2.080  11.12  296.07  91.65  913.92  -0.09  235.54  3.12
 5320.0  15.440  14.080  1.980  11.11  296.09  91.43  914.04  -0.12  236.49  3.12
 5321.0  15.400  14.050  1.990  11.09  296.05  91.52  914.03  0.01  237.03  3.17
 5322.0  15.400  14.050  1.980  11.10  296.06  91.53  913.91  0.14  237.13  3.24
 5323.0  15.460  14.030  2.030  11.08  296.12  91.04  913.89  0.13  232.11  3.15
 5324.0  15.490  14.030  1.980  11.08  296.15  90.86  913.84  0.01  232.99  3.09
 5325.0  15.510  14.030  1.940  11.08  296.17  90.74  913.90  0.14  233.83  3.18
 5326.0  15.520  14.030  2.020  11.08  296.18  90.69  913.93  0.25  235.60  3.34
 5327.0  15.570  14.030  1.970  11.08  296.24  90.37  913.91  0.08  237.92  3.64
 5328.0  15.600  14.030  1.800  11.08  296.25  90.20  914.04  0.04  242.19  3.78
 5329.0  15.640  14.000  1.830  11.05  296.30  89.77  913.97  0.15  241.62  3.87
 5330.0  15.660  13.980  1.780  11.04  296.33  89.58  913.86  0.16  239.96  3.90
 5331.0  15.650  13.970  1.820  11.04  296.31  89.55  914.01  0.33  240.13  4.04
 5332.0  15.710  13.950  1.790  11.02  296.37  89.08  913.99  0.31  239.37  3.89
 5333.0  15.670  13.920  1.740  11.00  296.33  89.16  914.00  0.29  242.75  3.93
 5334.0  15.700  13.890  1.660  10.98  296.34  88.82  914.14  0.33  240.88  3.99
 5335.0  15.680  13.870  1.560  10.96  296.34  88.79  914.05  0.32  242.60  3.99
 5336.0  15.680  13.840  1.380  10.94  296.32  88.62  914.19  0.48  242.37  3.87
 5337.0  15.750  13.780  1.380  10.89  296.37  87.85  914.45  0.47  238.22  3.85
 5338.0  15.800  13.720  1.490  10.85  296.38  87.22  914.92  0.24  236.17  3.92
 5339.0  15.830  13.670  1.480  10.81  296.39  86.81  915.03  0.08  234.19  4.00
 5340.0  15.880  13.620  1.430  10.77  296.41  86.24  915.38  0.11  230.83  3.96
 5341.0  15.890  13.570  1.400  10.73  296.42  85.82  915.56  0.12  226.05  3.93
 5342.0  15.910  13.520  1.480  10.69  296.42  85.44  915.69  0.12  225.60  4.02
 5343.0  15.960  13.490  1.500  10.67  296.47  84.98  915.77  -0.01  223.66  4.03
 5344.0  15.950  13.440  1.530  10.64  296.44  84.83  915.93  0.00  222.31  4.05
 5345.0  15.970  13.420  1.400  10.62  296.45  84.56  916.06  -0.01  222.53  4.19
 5346.0  16.000  13.400  1.320  10.60  296.47  84.26  916.12  -0.03  223.73  4.29
 5347.0  15.970  13.370  1.270  10.58  296.45  84.28  916.02  0.05  226.86  4.22
 5348.0  15.930  13.320  1.190  10.55  296.42  84.19  915.97  0.30  225.11  4.06
 5349.0  15.870  13.270  1.330  10.51  296.35  84.26  916.03  0.47  222.75  4.12
 5350.0  15.870  13.240  1.410  10.49  296.32  84.14  916.29  0.47  220.27  4.15
 5351.0  15.800  13.220  1.380  10.47  296.24  84.39  916.47  0.33  220.78  4.12
 5352.0  15.820  13.230  1.430  10.47  296.24  84.28  916.68  0.15  219.43  4.11
 5353.0  15.840  13.230  1.350  10.47  296.22  84.24  917.04  0.06  218.52  4.17
 5354.0  15.820  13.250  1.350  10.48  296.17  84.44  917.35  0.07  216.38  4.18
 5355.0  15.860  13.250  1.380  10.48  296.22  84.20  917.34  -0.04  216.86  4.33
 5356.0  15.790  13.250  1.440  10.49  296.15  84.61  917.28  -0.12  216.65  4.16
 5357.0  15.810  13.260  1.470  10.49  296.17  84.54  917.30  -0.08  218.14  4.15
 5358.0  15.780  13.280  1.470  10.50  296.13  84.84  917.37  0.09  219.06  4.14
 5359.0  15.810  13.270  1.190  10.50  296.15  84.61  917.49  0.16  222.87  4.26
 5360.0  15.800  13.280  1.160  10.50  296.11  84.69  917.85  0.33  224.66  4.22
 5361.0  15.830  13.280  1.130  10.49  296.08  84.58  918.46  0.51  225.82  3.99
 5362.0  15.850  13.280  1.120  10.48  296.02  84.48  919.30  0.63  226.22  3.86
 5363.0  15.860  13.280  1.260  10.47  295.96  84.44  920.07  0.80  227.38  4.03
 5364.0  15.950  13.290  1.150  10.47  295.99  83.93  920.85  0.85  230.84  4.47
 5365.0  16.070  13.290  1.140  10.46  296.03  83.30  921.69  0.57  234.49  4.45
 5366.0  16.040  13.300  1.180  10.46  295.94  83.51  922.36  0.30  238.43  4.21
 5367.0  16.070  13.300  1.280  10.45  295.90  83.38  923.14  0.26  241.33  4.05
