flight/WP3D/AircraftPos_NP3_20130531_RA.ict
38  1001
Ken Aikin
NOAA ESRL Chemical Sciences Division
various aircraft sensors
SENEX 2013
1  1
2013  05  31  2013  05  31
1
AOCTimewave
5
1  1  1  1  1 
-9999  -9999  -9999  -9999  -9999
GpsLat  deg
GpsLon  deg
GpsAlt  m
PAlt  m
RAlt  m
1
SPECIAL COMMENTS:2nd test flight from Tampa.
18
PI_CONTACT_INFO: Address: NOAA ESRL Chemical Sciences Division  Mail Stop R/CSD7  325 Broadway  Boulder  CO 80305
PLATFORM: NOAA WP-3D
LOCATION: The aircraft was stationed in Smyrna  Tennessee. Aircraft location information in AircraftPosition file.
ASSOCIATED_DATA: N/A
INSTRUMENT_INFO: N/A
DATA_INFO: Units:GpsLat:decimal degrees; GpsLon: decimal degrees; GpsAlt: meters; PAlt:meters; RAlt: meters.
UNCERTAINTY: N/A
ULOD_FLAG: -7777
ULOD_VALUE: N/A
LLOD_FLAG: -8888
LLOD_VALUE: N/A
DM_CONTACT_INFO: Data Manager:Ken Aikin; email:Kenneth.C.Aikin@noaa.gov
PROJECT_INFO: SENEX 2013 Study; June 1 - July 15  2013
STIPULATIONS_ON_USE: Use of these data require prior ok from PI.
OTHER_COMMENTS:       None
REVISION: RA
RA: Preliminary Data.  For in-field use.
AOCTimewave  GpsLat  GpsLon  GpsAlt  PAlt  RAlt
[from data line 3201]
54273.0  30.3544   -81.9164    506.4    388.4    484.3
54274.0  30.3533   -81.9164    505.6    388.0    485.1
54275.0  30.3523   -81.9164    504.7    388.0    482.1
54276.0  30.3513   -81.9164    503.9    387.5    482.7
54277.0  30.3502   -81.9164    503.0    385.5    480.5
54278.0  30.3492   -81.9164    502.0    384.0    479.6
54279.0  30.3482   -81.9164    501.1    383.8    475.9
54280.0  30.3471   -81.9164    500.8    382.2    474.1
54281.0  30.3461   -81.9165    499.9    380.3    476.6
54282.0  30.3450   -81.9165    499.9    380.8    473.5
54283.0  30.3439   -81.9165    499.9    380.7    470.8
54284.0  30.3430   -81.9165    499.5    381.3    472.4
54285.0  30.3419   -81.9165    498.7    381.6    473.1
54286.0  30.3409   -81.9165    498.7    381.8    476.8
54287.0  30.3399   -81.9165    499.9    381.3    476.9
54288.0  30.3388   -81.9166    500.0    380.9    477.4
54289.0  30.3378   -81.9166    501.1    382.4    479.1
54290.0  30.3368   -81.9166    502.0    384.4    484.0
54291.0  30.3357   -81.9165    503.7    387.2    478.8
54292.0  30.3347   -81.9165    505.1    387.1    478.8
54293.0  30.3337   -81.9165    506.6    387.8    479.5
54294.0  30.3327   -81.9165    508.2    388.4    476.8
54295.0  30.3316   -81.9165    508.7    389.2    481.7
54296.0  30.3306   -81.9165    509.6    391.3    486.7
54297.0  30.3296   -81.9165    509.6    389.6    485.4
54298.0  30.3285   -81.9165    509.6    388.5    479.1
54299.0  30.3275   -81.9165    509.6    390.2    479.1
54300.0  30.3265   -81.9165    509.4    390.0    478.4
54301.0  30.3254   -81.9165    508.4    390.2    482.5
54302.0  30.3244   -81.9165    507.7    389.0    478.8
54303.0  30.3234   -81.9165    506.9    389.1    479.8
54304.0  30.3223   -81.9165    505.8    388.3    475.8
54305.0  30.3213   -81.9164    504.5    386.4    476.9
54306.0  30.3203   -81.9164    503.5    386.4    475.4
54307.0  30.3192   -81.9164    502.5    385.0    472.4
54308.0  30.3182   -81.9164    502.1    384.1    474.2
54309.0  30.3172   -81.9164    501.1    383.3    476.6
54310.0  30.3161   -81.9164    501.1    383.2    476.1
54311.0  30.3151   -81.9164    501.1    382.3    476.0
54312.0  30.3141   -81.9164    500.5    380.3    473.6
54313.0  30.3131   -81.9164    499.9    379.8    472.0
54314.0  30.3120   -81.9164    500.4    379.4    474.0
54315.0  30.3110   -81.9163    501.1    381.3    468.9
54316.0  30.3100   -81.9163    501.1    382.4    471.2
54317.0  30.3089   -81.9163    501.1    381.9    473.4
54318.0  30.3079   -81.9163    501.8    383.1    471.7
54319.0  30.3069   -81.9163    502.3    383.4    471.6
54320.0  30.3058   -81.9163    502.4    383.2    475.8
54321.0  30.3048   -81.9163    503.5    384.0    474.7
54322.0  30.3038   -81.9163    503.5    384.2    475.0
54323.0  30.3028   -81.9163    503.8    385.4    478.8
54324.0  30.3017   -81.9162    504.2    386.5    474.8
54325.0  30.3007   -81.9162    503.5    386.9    478.9
54326.0  30.2997   -81.9162    503.5    385.7    484.8
54327.0  30.2987   -81.9162    503.5    384.2    480.3
54328.0  30.2976   -81.9162    503.7    385.9    479.2
54329.0  30.2966   -81.9162    504.7    387.3    482.1
54330.0  30.2956   -81.9162    504.7    386.6    480.8
54331.0  30.2945   -81.9161    504.7    386.1    484.0
54332.0  30.2935   -81.9161    504.7    386.1    480.1
54333.0  30.2925   -81.9161    504.7    386.4    480.2
54334.0  30.2915   -81.9161    505.0    387.7    478.7
54335.0  30.2904   -81.9161    506.0    386.7    482.7
54336.0  30.2894   -81.9161    506.0    386.1    482.2
54337.0  30.2884   -81.9161    505.2    386.5    485.0
54338.0  30.2873   -81.9161    504.7    387.1    482.2
54339.0  30.2863   -81.9160    504.7    387.3    479.2
54340.0  30.2853   -81.9160    504.7    388.2    480.9
54341.0  30.2842   -81.9160    504.7    386.8    482.9
54342.0  30.2832   -81.9160    504.7    385.4    481.4
54343.0  30.2822   -81.9160    504.7    385.3    477.9
54344.0  30.2812   -81.9160    504.7    387.2    479.2
54345.0  30.2801   -81.9160    505.4    387.9    478.4
54346.0  30.2791   -81.9160    506.0    386.5    480.7
54347.0  30.2781   -81.9160    506.0    386.9    479.2
54348.0  30.2770   -81.9160    506.0    386.2    476.0
54349.0  30.2760   -81.9160    506.0    386.0    479.3
54350.0  30.2750   -81.9159    506.0    387.4    480.2
54351.0  30.2739   -81.9159    506.0    387.0    475.3
54352.0  30.2729   -81.9159    506.0    387.3    476.8
54353.0  30.2718   -81.9159    506.0    386.1    478.9
54354.0  30.2708   -81.9159    505.4    386.1    477.8
54355.0  30.2698   -81.9159    504.7    386.2    476.0
54356.0  30.2687   -81.9159    504.4    386.1    478.2
54357.0  30.2677   -81.9158    503.5    386.1    474.7
54358.0  30.2667   -81.9158    503.5    385.8    477.3
54359.0  30.2656   -81.9158    502.8    385.2    476.3
54360.0  30.2646   -81.9158    502.3    385.3    476.7
54361.0  30.2635   -81.9158    502.2    384.9    476.9
54362.0  30.2625   -81.9158    501.3    383.7    472.4
54363.0  30.2615   -81.9158    502.3    384.4    477.0
54364.0  30.2604   -81.9158    503.0    383.3    480.6
54365.0  30.2594   -81.9158    503.8    384.9    479.1
54366.0  30.2584   -81.9157    504.7    386.8    478.4
54367.0  30.2573   -81.9157    505.3    386.8    479.1
54368.0  30.2563   -81.9157    506.0    388.2    478.6
54369.0  30.2553   -81.9157    506.0    387.8    477.4
54370.0  30.2542   -81.9157    506.0    388.0    484.3
54371.0  30.2532   -81.9157    506.0    389.7    478.9
54372.0  30.2521   -81.9156    506.0    388.3    480.8
54373.0  30.2511   -81.9156    505.3    386.0    479.2
54374.0  30.2501   -81.9156    504.7    385.6    479.8
54375.0  30.2490   -81.9156    504.1    385.0    482.4
54376.0  30.2480   -81.9156    503.2    384.0    476.6
54377.0  30.2470   -81.9155    502.3    384.0    479.5
54378.0  30.2459   -81.9155    501.4    384.3    476.3
54379.0  30.2449   -81.9155    501.1    384.9    475.6
54380.0  30.2438   -81.9155    500.5    383.7    477.9
54381.0  30.2428   -81.9155    501.0    384.4    478.2
54382.0  30.2418   -81.9155    501.1    383.0    475.7
54383.0  30.2407   -81.9155    501.1    382.8    477.9
54384.0  30.2397   -81.9154    501.1    381.9    475.7
54385.0  30.2387   -81.9154    501.1    382.8    480.9
54386.0  30.2376   -81.9154    501.1    382.7    477.0
54387.0  30.2366   -81.9154    501.1    382.3    478.7
54388.0  30.2356   -81.9154    501.1    382.8    477.1
54389.0  30.2345   -81.9154    501.1    383.7    475.2
54390.0  30.2335   -81.9154    501.1    384.0    481.0
54391.0  30.2325   -81.9154    502.3    384.3    477.9
54392.0  30.2314   -81.9154    503.5    385.2    479.0
54393.0  30.2304   -81.9154    504.3    387.4    481.5
54394.0  30.2294   -81.9154    505.1    387.6    482.4
54395.0  30.2283   -81.9154    506.0    388.4    490.5
54396.0  30.2273   -81.9154    506.0    388.6    485.0
54397.0  30.2262   -81.9154    506.0    390.3    485.6
54398.0  30.2252   -81.9154    506.7    390.7    484.7
54399.0  30.2242   -81.9154    507.2    388.7    485.8
54400.0  30.2231   -81.9154    507.2    388.3    482.5
54401.0  30.2221   -81.9154    507.2    389.4    484.6
54402.0  30.2211   -81.9153    507.2    388.7    486.5
54403.0  30.2200   -81.9153    506.7    388.4    484.8
54404.0  30.2190   -81.9153    506.0    388.5    485.1
54405.0  30.2179   -81.9153    505.9    386.7    484.8
54406.0  30.2169   -81.9153    504.7    385.5    480.3
54407.0  30.2159   -81.9153    504.2    385.4    481.6
54408.0  30.2148   -81.9153    503.5    384.6    484.8
54409.0  30.2138   -81.9153    502.3    384.7    483.3
54410.0  30.2127   -81.9153    502.3    383.6    478.5
54411.0  30.2117   -81.9153    501.2    384.0    481.9
54412.0  30.2106   -81.9153    501.1    384.1    480.9
54413.0  30.2096   -81.9153    501.1    382.5    479.7
54414.0  30.2086   -81.9153    501.1    383.0    473.1
54415.0  30.2075   -81.9153    501.1    383.6    475.0
54416.0  30.2065   -81.9153    501.1    384.7    473.5
54417.0  30.2054   -81.9152    501.8    382.7    475.6
54418.0  30.2044   -81.9152    503.0    383.8    478.9
54419.0  30.2033   -81.9152    502.4    384.8    478.1
54420.0  30.2023   -81.9152    502.3    385.0    482.3
54421.0  30.2013   -81.9152    502.1    385.1    486.7
54422.0  30.2002   -81.9152    501.1    384.6    488.9
54423.0  30.1992   -81.9152    501.1    383.7    484.4
54424.0  30.1981   -81.9152    501.3    383.8    486.2
54425.0  30.1971   -81.9152    502.3    384.9    485.4
54426.0  30.1960   -81.9151    503.4    385.2    482.5
54427.0  30.1950   -81.9151    504.7    385.5    481.3
54428.0  30.1939   -81.9151    505.5    387.5    481.6
54429.0  30.1929   -81.9151    506.0    388.1    483.8
54430.0  30.1918   -81.9151    505.4    388.4    485.4
54431.0  30.1908   -81.9150    504.7    387.8    481.8
54432.0  30.1897   -81.9150    504.2    387.6    485.0
54433.0  30.1887   -81.9150    503.5    386.0    483.8
54434.0  30.1876   -81.9150    502.3    385.2    482.8
54435.0  30.1866   -81.9150    501.5    384.0    478.7
54436.0  30.1855   -81.9150    500.2    383.9    478.3
54437.0  30.1845   -81.9150    499.9    383.2    479.1
54438.0  30.1834   -81.9149    499.9    382.6    482.3
54439.0  30.1824   -81.9149    499.9    384.1    481.4
54440.0  30.1813   -81.9149    499.9    383.8    481.0
54441.0  30.1803   -81.9149    499.9    383.5    481.5
54442.0  30.1793   -81.9149    499.9    383.1    484.9
54443.0  30.1782   -81.9149    501.0    382.0    479.4
54444.0  30.1772   -81.9149    501.1    383.2    481.0
54445.0  30.1761   -81.9149    501.7    384.4    477.6
54446.0  30.1751   -81.9149    502.9    386.6    480.8
54447.0  30.1740   -81.9149    503.5    386.8    482.6
54448.0  30.1730   -81.9148    504.8    388.6    483.6
54449.0  30.1719   -81.9148    506.0    388.1    490.2
54450.0  30.1709   -81.9148    506.0    387.2    485.8
54451.0  30.1698   -81.9148    506.0    388.0    489.3
54452.0  30.1688   -81.9148    506.0    387.1    491.6
54453.0  30.1677   -81.9148    506.0    388.6    493.0
54454.0  30.1667   -81.9148    506.0    387.4    491.5
54455.0  30.1656   -81.9148    506.0    387.7    488.6
54456.0  30.1646   -81.9148    506.0    388.8    487.8
54457.0  30.1635   -81.9148    505.9    386.8    488.1
54458.0  30.1625   -81.9148    504.7    386.6    491.6
54459.0  30.1614   -81.9148    504.2    385.4    490.4
54460.0  30.1604   -81.9147    503.2    384.8    489.9
54461.0  30.1593   -81.9147    502.3    385.1    484.2
54462.0  30.1582   -81.9147    501.2    384.5    483.2
54463.0  30.1572   -81.9147    501.1    384.2    486.0
54464.0  30.1561   -81.9147    501.1    383.6    480.4
54465.0  30.1551   -81.9148    501.1    384.2    476.7
54466.0  30.1540   -81.9148    501.1    383.7    477.2
54467.0  30.1530   -81.9149    500.5    381.6    476.3
54468.0  30.1519   -81.9149    499.9    382.0    478.9
54469.0  30.1509   -81.9151    499.9    381.8    482.7
54470.0  30.1498   -81.9152    499.1    381.0    474.8
54471.0  30.1488   -81.9153    498.7    380.7    474.4
54472.0  30.1478   -81.9155    498.7    380.6    477.2
54473.0  30.1467   -81.9157    498.7    381.1    480.6
54474.0  30.1457   -81.9159    498.7    381.1    487.9
54475.0  30.1446   -81.9162    499.6    380.9    489.5
54476.0  30.1436   -81.9165    499.9    382.6    496.5
54477.0  30.1426   -81.9168    500.9    382.8    495.2
54478.0  30.1416   -81.9171    501.3    384.2    498.9
54479.0  30.1406   -81.9175    502.3    385.5    494.8
54480.0  30.1396   -81.9180    502.3    386.3    497.9
54481.0  30.1386   -81.9184    503.5    385.0    502.2
54482.0  30.1376   -81.9189    503.5    382.8    499.6
54483.0  30.1367   -81.9195    503.5    384.9    504.0
54484.0  30.1357   -81.9201    503.5    386.0    497.6
54485.0  30.1348   -81.9207    503.5    386.6    500.6
54486.0  30.1339   -81.9213    502.3    386.9    498.7
54487.0  30.1330   -81.9220    502.3    387.3    502.1
54488.0  30.1321   -81.9228    502.3    386.7    492.9
54489.0  30.1313   -81.9235    502.3    387.1    486.2
54490.0  30.1305   -81.9243    502.3    386.0    486.2
54491.0  30.1297   -81.9252    503.3    385.5    482.6
54492.0  30.1289   -81.9261    503.5    386.1    481.9
54493.0  30.1282   -81.9270    503.5    386.6    480.3
54494.0  30.1275   -81.9279    503.5    385.7    482.9
54495.0  30.1268   -81.9289    502.3    386.3    477.5
54496.0  30.1261   -81.9299    501.7    385.2    476.6
54497.0  30.1255   -81.9309    501.1    383.4    481.7
54498.0  30.1249   -81.9320    500.1    383.3    471.7
54499.0  30.1243   -81.9330    499.8    382.7    473.6
54500.0  30.1238   -81.9341    498.7    381.4    470.2
54501.0  30.1233   -81.9352    497.6    381.2    476.3
54502.0  30.1228   -81.9364    497.1    380.1    474.7
54503.0  30.1224   -81.9375    496.2    380.1    474.8
54504.0  30.1220   -81.9387    496.2    379.7    478.0
54505.0  30.1216   -81.9399    496.2    380.4    468.2
54506.0  30.1213   -81.9411    496.2    381.0    469.4
54507.0  30.1210   -81.9423    496.2    381.1    470.1
54508.0  30.1207   -81.9436    496.2    379.2    465.5
54509.0  30.1204   -81.9448    495.2    378.2    466.5
54510.0  30.1201   -81.9460    495.0    378.8    466.6
54511.0  30.1199   -81.9473    495.0    378.7    464.2
54512.0  30.1196   -81.9485    495.0    378.5    463.2
54513.0  30.1194   -81.9497    495.0    379.8    467.4
54514.0  30.1191   -81.9510    495.0    378.3    468.1
54515.0  30.1189   -81.9522    495.0    377.4    467.5
54516.0  30.1186   -81.9534    495.0    379.2    464.9
54517.0  30.1184   -81.9547    496.2    380.1    460.6
54518.0  30.1181   -81.9559    497.0    382.4    466.7
54519.0  30.1179   -81.9571    498.6    383.2    465.3
54520.0  30.1176   -81.9584    500.2    384.2    462.1
54521.0  30.1174   -81.9596    501.1    383.3    464.9
54522.0  30.1171   -81.9609    502.4    383.7    467.4
54523.0  30.1168   -81.9621    503.5    386.8    469.6
54524.0  30.1166   -81.9633    504.5    387.7    467.9
54525.0  30.1163   -81.9646    504.7    387.8    470.1
54526.0  30.1161   -81.9658    503.8    386.3    473.3
54527.0  30.1158   -81.9670    503.5    386.5    473.1
54528.0  30.1155   -81.9683    503.5    387.9    476.0
54529.0  30.1153   -81.9695    503.0    385.3    474.7
54530.0  30.1150   -81.9707    502.3    385.2    472.0
54531.0  30.1148   -81.9720    502.3    384.4    473.2
54532.0  30.1145   -81.9732    502.7    384.4    477.3
54533.0  30.1142   -81.9745    502.7    384.0    474.2
54534.0  30.1140   -81.9757    502.5    384.9    472.4
54535.0  30.1137   -81.9769    503.5    385.0    479.7
54536.0  30.1134   -81.9782    503.5    385.6    480.7
54537.0  30.1132   -81.9794    503.5    387.1    480.8
54538.0  30.1129   -81.9806    504.3    388.8    477.7
54539.0  30.1127   -81.9819    504.7    388.2    484.7
54540.0  30.1124   -81.9831    505.1    388.8    485.8
54541.0  30.1121   -81.9844    506.0    388.5    485.6
54542.0  30.1119   -81.9856    506.0    388.7    481.8
54543.0  30.1116   -81.9868    505.2    389.2    480.3
54544.0  30.1113   -81.9881    504.0    387.1    478.6
54545.0  30.1111   -81.9893    502.8    385.6    477.2
54546.0  30.1108   -81.9906    501.5    385.9    478.0
54547.0  30.1106   -81.9918    500.1    383.6    470.0
54548.0  30.1103   -81.9931    499.5    382.4    470.1
54549.0  30.1101   -81.9943    498.1    380.8    468.7
54550.0  30.1098   -81.9956    496.7    380.1    467.3
54551.0  30.1095   -81.9968    496.2    381.1    469.5
54552.0  30.1093   -81.9981    496.2    381.5    465.5
54553.0  30.1090   -81.9993    496.2    381.1    465.8
54554.0  30.1088   -82.0005    496.2    379.9    469.0
54555.0  30.1085   -82.0018    496.5    381.7    462.4
54556.0  30.1083   -82.0030    497.4    381.4    461.5
54557.0  30.1080   -82.0043    497.4    381.0    463.4
54558.0  30.1078   -82.0055    497.4    381.1    467.8
54559.0  30.1075   -82.0068    497.4    381.2    462.7
54560.0  30.1073   -82.0080    497.8    381.0    459.6
54561.0  30.1070   -82.0092    498.7    382.5    461.6
