flight/WP3D/AircraftMet_NP3_20130619_RA.ict
43  1001
Ken Aikin
NOAA ESRL Chemical Sciences Division
various aircraft sensors
SENEX 2013
1  1
2013  06  19  2013  06  20
1
AOCTimewave
10
1  1  1  1  1  1  1  1  1  1
-9999  -9999  -9999  -9999  -9999  -9999  -9999  -9999  -9999  -9999
AmbTemp  C
DewPtTemp  C
DewPtTempTDL  C
H2Omr  g/kg
PotTemp  K
RelHumidity  pct
StaticPrs  mbar
VertWindSpd  m/s
WindDir  deg
WindSpd  m/s
1
SPECIAL COMMENTS:Flight into night over Atlanta.
18
PI_CONTACT_INFO: Address: NOAA ESRL Chemical Sciences Division  Mail Stop R/CSD7  325 Broadway  Boulder  CO 80305
PLATFORM: NOAA WP-3D
LOCATION: The aircraft was stationed in  Smyrna  Tennessee. Aircraft location information in AircraftPosition file.
ASSOCIATED_DATA: N/A
INSTRUMENT_INFO: N/A
DATA_INFO: Units:AmbTemp celcius; DewPtTemp celcius; DewPtTempTDL celcius; H2Omr g/kg; PotTemp kelvin; RelHumidity percent; StaticPrs millibar; VertWindSpd m/s; WindDir degrees; WindSpd m/s
UNCERTAINTY: N/A
ULOD_FLAG: -7777
ULOD_VALUE: N/A
LLOD_FLAG: -8888
LLOD_VALUE: N/A
DM_CONTACT_INFO: Data Manager:Ken Aikin; email:Kenneth.C.Aikin@noaa.gov
PROJECT_INFO: SENEX 2013 Study; June 1 - July 15  2013
STIPULATIONS_ON_USE: Use of these data require prior ok from PI.
OTHER_COMMENTS:       None
REVISION: RA
RA: Preliminary Data.  For in-field use.
AOCTimewave  AmbTemp  DewPtTemp  DewPtTempTDL  H2Omr  PotTemp  RelHumidity  StaticPrs  VertWindSpd  WindDir  WindSpd
[from data line 19532]
100568.0  24.750  17.820  -31.580  13.29  300.12  64.61  974.33  -0.04  116.66  9.28
100569.0  24.720  17.820  -31.580  13.29  300.09  64.73  974.33  -0.02  116.66  9.42
100570.0  24.700  17.820  -31.580  13.29  300.05  64.83  974.52  0.08  116.21  9.59
100571.0  24.610  17.830  -31.580  13.29  299.95  65.18  974.81  0.06  116.48  9.46
100572.0  24.510  17.840  -31.580  13.30  299.83  65.68  974.86  -0.08  115.87  8.97
100573.0  24.440  17.860  -31.580  13.32  299.77  66.04  974.89  -0.19  116.66  9.11
100574.0  24.490  17.900  -31.580  13.35  299.80  66.02  974.98  0.01  117.01  9.62
100575.0  24.560  17.930  -31.580  13.38  299.86  65.87  975.10  -0.01  118.03  9.59
100576.0  24.660  17.960  -31.580  13.40  299.97  65.55  975.05  -0.14  118.48  9.42
100577.0  24.640  17.980  -31.580  13.42  299.96  65.74  974.93  -0.10  118.76  9.43
100578.0  24.580  18.010  -31.580  13.45  299.93  66.09  974.60  -0.17  118.77  9.45
100579.0  24.640  18.030  -31.580  13.47  300.02  65.95  974.27  -0.10  118.35  9.45
100580.0  24.540  18.060  -31.580  13.50  299.96  66.45  973.88  -0.13  117.64  9.64
100581.0  24.510  18.090  -31.580  13.53  299.94  66.72  973.65  -0.22  118.08  9.41
100582.0  24.420  18.110  -31.580  13.56  299.90  67.20  973.16  -0.52  119.50  8.81
100583.0  24.380  18.130  -31.580  13.58  299.92  67.44  972.33  -0.76  119.51  8.73
100584.0  24.400  18.130  -31.580  13.60  299.99  67.37  971.92  -0.60  119.61  8.85
100585.0  24.470  18.140  -31.580  13.61  300.12  67.12  971.13  -0.91  119.40  8.85
100586.0  24.440  18.140  -31.580  13.62  300.18  67.21  970.21  -0.94  119.71  8.76
100587.0  24.400  18.120  -31.580  13.62  300.22  67.28  969.27  -0.95  120.45  8.55
100588.0  24.360  18.090  -31.580  13.61  300.27  67.36  968.24  -0.83  120.41  8.29
100589.0  24.280  18.050  -31.580  13.59  300.28  67.52  967.18  -0.92  120.23  8.13
100590.0  24.250  18.030  -31.580  13.59  300.34  67.56  966.14  -0.86  119.52  8.17
100591.0  24.190  18.010  -31.580  13.58  300.37  67.72  965.06  -0.80  119.34  8.22
100592.0  24.120  17.980  -31.580  13.58  300.43  67.85  963.63  -0.75  118.60  8.03
100593.0  24.090  17.940  -31.580  13.56  300.52  67.80  962.34  -0.81  117.25  7.98
100594.0  24.000  17.920  -31.580  13.57  300.54  68.11  961.15  -0.57  116.57  8.03
100595.0  23.940  17.900  -31.580  13.56  300.60  68.27  959.75  -0.54  116.12  8.06
100596.0  23.880  17.860  -31.580  13.55  300.65  68.37  958.53  -0.30  116.29  8.15
100597.0  23.810  17.820  -31.580  13.53  300.67  68.47  957.48  -0.37  116.23  8.37
100598.0  23.710  17.770  -31.580  13.50  300.68  68.68  956.25  -0.40  116.89  8.39
100599.0  -9999.000  -9999.000  -31.580  -9999.00  -9999.00  -9999.00  954.85  -9999.00  -9999.00  -9999.00
100600.0  23.480  17.690  -31.580  13.48  300.70  69.32  953.46  -0.31  116.10  8.42
100601.0  23.400  17.660  -31.580  13.47  300.75  69.51  952.02  -0.27  115.92  8.50
100602.0  23.300  17.630  -31.580  13.47  300.79  69.84  950.39  -0.35  116.91  8.29
100603.0  23.200  17.600  -31.580  13.45  300.78  70.12  949.27  -0.16  117.54  8.19
100604.0  23.100  17.550  -31.580  13.43  300.82  70.32  947.83  -0.32  117.63  7.90
100605.0  23.020  17.520  -31.580  13.43  300.85  70.56  946.58  -0.27  116.81  7.81
100606.0  22.940  17.490  -31.580  13.42  300.87  70.76  945.49  -0.04  116.15  7.88
100607.0  22.860  17.460  -31.580  13.40  300.88  70.96  944.43  -0.01  115.66  7.90
100608.0  22.790  17.420  -31.580  13.39  300.92  71.08  943.25  -0.13  115.09  7.93
100609.0  22.700  17.400  -31.580  13.38  300.92  71.41  942.14  0.05  114.79  7.99
100610.0  22.630  17.350  -31.580  13.35  300.94  71.49  941.18  -0.12  114.33  8.04
100611.0  22.520  17.300  -31.580  13.33  300.92  71.77  940.20  -0.17  115.93  7.93
100612.0  22.460  17.270  -31.580  13.32  300.98  71.86  938.91  -0.33  114.95  7.90
100613.0  22.330  17.220  -31.580  13.30  300.95  72.27  937.66  -0.22  113.82  7.89
100614.0  22.290  17.190  -31.580  13.29  301.05  72.25  936.31  -0.30  115.25  7.77
100615.0  22.140  17.170  -31.580  13.29  301.00  72.86  935.06  -0.23  115.31  7.50
100616.0  22.040  17.140  -31.580  13.28  301.02  73.19  933.74  -0.13  116.25  7.29
100617.0  21.920  17.110  -31.580  13.28  301.01  73.59  932.52  0.01  115.12  7.44
100618.0  21.830  17.090  -31.580  13.28  301.03  73.92  931.27  -0.06  113.93  7.52
100619.0  21.740  17.060  -31.580  13.27  301.05  74.20  930.06  0.07  115.11  7.62
100620.0  21.640  17.030  -31.580  13.26  301.08  74.48  928.74  0.17  115.18  7.62
100621.0  -9999.000  17.010  -31.580  13.26  -9999.00  -9999.00  927.56  -9999.00  -9999.00  -9999.00
100622.0  21.510  16.970  -31.580  13.25  301.14  74.85  926.59  0.14  113.23  7.60
100623.0  21.520  16.960  -31.580  13.24  301.24  74.73  925.54  0.02  113.18  7.69
100624.0  21.400  16.920  -31.580  13.23  301.23  75.14  924.37  0.01  113.59  7.65
100625.0  21.230  16.890  -31.580  13.22  301.15  75.75  923.34  0.02  114.29  7.59
100626.0  21.130  16.860  -31.580  13.21  301.15  76.08  922.36  0.22  112.81  7.58
100627.0  21.080  16.850  -31.580  13.22  301.19  76.32  921.25  0.02  113.03  7.61
100628.0  20.970  16.840  -31.580  13.22  301.18  76.78  920.23  -0.07  113.54  7.40
100629.0  20.830  16.810  -31.580  13.21  301.12  77.29  919.31  0.10  113.80  7.14
100630.0  20.770  16.800  -31.580  13.21  301.13  77.55  918.52  0.22  113.34  7.08
100631.0  20.730  16.790  -31.580  13.22  301.17  77.69  917.69  0.22  111.60  7.23
100632.0  20.750  16.770  -31.580  13.21  301.26  77.51  916.94  0.24  110.73  7.20
100633.0  -9999.000  -9999.000  -9999.000  -9999.00  -9999.00  -9999.00  -9999.00  -9999.00  -9999.00  -9999.00
100634.0  20.640  16.680  -31.580  13.15  301.25  77.55  915.93  0.73  112.89  7.00
100635.0  20.610  16.660  -31.580  13.14  301.25  77.64  915.52  0.65  109.17  7.06
100636.0  20.650  16.640  -31.580  13.12  301.32  77.30  915.25  0.67  109.24  7.01
100637.0  20.630  16.600  -31.580  13.10  301.35  77.26  914.67  0.75  110.31  6.99
100638.0  20.560  16.580  -31.580  13.09  301.35  77.47  913.86  0.61  112.03  6.73
100639.0  20.490  16.550  -31.580  13.08  301.36  77.64  913.12  0.64  110.81  6.64
100640.0  20.460  16.520  -31.580  13.06  301.36  77.66  912.74  0.83  107.76  6.80
100641.0  20.450  16.480  -31.580  13.04  301.42  77.50  912.03  0.79  105.79  7.09
100642.0  20.450  16.440  -31.580  13.01  301.46  77.30  911.54  0.84  106.16  7.01
100643.0  -9999.000  -9999.000  -31.580  -9999.00  -9999.00  -9999.00  911.35  -9999.00  -9999.00  -9999.00
100644.0  20.390  16.330  -31.580  12.92  301.42  77.03  911.27  1.05  106.29  6.72
100645.0  20.490  16.290  -31.580  12.89  301.56  76.36  910.91  0.71  102.42  6.74
100646.0  20.640  16.220  -31.580  12.84  301.72  75.30  910.82  0.63  102.62  6.94
100647.0  20.650  16.100  -31.580  12.74  301.74  74.68  910.67  0.84  102.58  6.86
100648.0  20.660  15.950  -31.580  12.61  301.76  73.86  910.75  0.94  104.76  6.79
100649.0  20.610  15.860  -31.580  12.54  301.69  73.71  910.78  0.80  103.98  6.66
100650.0  20.530  15.790  -31.580  12.48  301.62  73.70  910.80  0.58  104.10  6.65
100651.0  20.450  15.730  -31.580  12.43  301.50  73.79  911.18  0.50  106.49  6.71
100652.0  20.430  15.700  -31.580  12.40  301.47  73.77  911.21  0.40  104.80  6.59
100653.0  20.460  15.660  -31.580  12.37  301.50  73.43  911.25  0.25  104.47  6.53
100654.0  20.490  15.630  -31.580  12.35  301.55  73.14  911.01  0.01  105.35  6.45
100655.0  20.490  15.590  -31.580  12.32  301.58  72.95  910.67  0.03  103.71  6.22
100656.0  20.540  15.540  -31.580  12.28  301.63  72.49  910.72  0.25  104.96  6.43
100657.0  20.540  15.490  -31.580  12.24  301.64  72.24  910.62  0.31  104.93  6.35
100658.0  20.480  15.450  -31.580  12.21  301.60  72.31  910.39  0.04  105.10  6.26
100659.0  20.470  15.430  -31.580  12.20  301.59  72.29  910.33  0.33  104.16  6.17
100660.0  20.440  15.410  -31.580  12.18  301.55  72.32  910.53  0.47  106.13  6.13
100661.0  20.410  15.380  -31.580  12.16  301.52  72.35  910.43  0.35  105.95  6.01
100662.0  20.410  15.380  -31.580  12.16  301.51  72.33  910.59  0.52  103.92  5.81
100663.0  20.420  15.450  -31.580  12.21  301.48  72.62  911.01  0.61  108.44  5.97
100664.0  20.410  15.540  -31.580  12.27  301.44  73.09  911.26  0.26  109.59  6.16
100665.0  20.380  15.590  -31.580  12.31  301.39  73.46  911.55  0.06  109.42  6.13
100666.0  20.390  15.640  -31.580  12.34  301.37  73.61  911.85  0.13  106.78  5.78
100667.0  20.410  15.660  -31.580  12.36  301.38  73.65  912.04  0.10  108.41  5.26
100668.0  20.490  15.690  -31.580  12.38  301.43  73.41  912.40  0.12  107.51  5.34
100669.0  -9999.000  -9999.000  -31.580  -9999.00  -9999.00  -9999.00  912.58  -9999.00  -9999.00  -9999.00
100670.0  20.570  15.830  -31.580  12.48  301.48  73.70  912.71  -0.11  107.22  5.12
100671.0  20.560  15.910  -31.580  12.56  301.47  74.19  912.66  0.13  108.87  4.80
100672.0  20.560  16.010  -31.580  12.64  301.49  74.65  912.38  -0.03  108.77  4.86
100673.0  20.570  16.120  -31.580  12.73  301.52  75.14  912.19  -0.18  107.72  5.29
100674.0  20.560  16.210  -31.580  12.80  301.51  75.60  912.16  -0.22  108.77  4.92
100675.0  -9999.000  -9999.000  -31.580  -9999.00  -9999.00  -9999.00  912.07  -9999.00  -9999.00  -9999.00
100676.0  20.570  16.380  -31.580  12.95  301.55  76.42  911.93  -0.08  114.04  5.32
100677.0  20.500  16.430  -31.580  13.00  301.49  77.00  911.68  -0.14  112.68  5.48
100678.0  20.470  16.500  -31.580  13.06  301.49  77.52  911.48  -0.03  114.12  5.10
100679.0  20.470  16.590  -31.580  13.14  301.50  77.96  911.26  -0.22  115.28  5.20
100680.0  20.440  16.660  -31.580  13.20  301.48  78.46  911.19  -0.08  116.26  5.06
100681.0  20.400  16.710  -31.580  13.24  301.44  78.91  911.21  -0.18  116.82  4.85
100682.0  20.400  16.760  -31.580  13.29  301.44  79.16  911.26  -0.26  121.81  4.58
100683.0  20.390  16.830  -31.580  13.35  301.45  79.60  911.02  -0.30  118.77  4.84
100684.0  20.390  16.890  -31.580  13.41  301.45  79.90  911.02  -0.46  120.94  4.66
100685.0  20.370  16.900  -31.580  13.41  301.41  80.06  911.19  -0.46  120.80  4.35
100686.0  20.380  16.930  -31.580  13.44  301.43  80.14  911.10  -0.58  123.96  4.32
100687.0  20.370  16.950  -31.580  13.46  301.43  80.34  910.94  -0.55  122.00  4.32
100688.0  20.400  16.970  -31.580  13.47  301.48  80.25  910.76  -0.46  125.71  4.38
100689.0  20.360  16.990  -31.580  13.50  301.47  80.57  910.41  -0.36  122.36  4.60
100690.0  20.360  17.020  -31.580  13.53  301.51  80.74  910.06  -0.39  124.03  4.59
100691.0  20.260  17.030  -31.580  13.54  301.44  81.25  909.74  -0.18  124.53  4.70
100692.0  20.210  17.030  -31.580  13.55  301.43  81.55  909.18  -0.24  126.06  4.47
100693.0  20.150  17.060  -31.580  13.59  301.43  82.01  908.63  -0.20  122.44  4.39
100694.0  20.130  17.110  -31.580  13.64  301.43  82.39  908.39  -0.14  120.86  4.65
100695.0  20.110  17.120  -31.580  13.65  301.43  82.56  908.13  -0.28  124.25  4.45
100696.0  20.030  17.130  -31.580  13.66  301.40  82.99  907.67  -0.24  126.97  4.46
100697.0  20.000  17.150  -31.580  13.70  301.42  83.31  907.11  -0.18  126.49  4.62
100698.0  19.920  17.170  -31.580  13.71  301.37  83.82  906.69  0.05  124.92  4.40
100699.0  19.860  17.150  -31.580  13.71  301.37  84.02  906.06  0.14  127.10  4.43
100700.0  19.800  17.160  -31.580  13.73  301.36  84.42  905.58  0.16  126.31  3.83
100701.0  19.760  17.200  -31.580  13.77  301.40  84.83  904.67  -0.01  123.03  3.57
100702.0  19.760  17.220  -31.580  13.80  301.45  84.97  904.10  0.00  117.76  3.43
100703.0  19.710  17.240  -31.580  13.83  301.47  85.35  903.38  -0.45  118.96  3.16
100704.0  19.630  17.250  -31.580  13.85  301.47  85.82  902.52  -0.75  116.56  2.94
100705.0  19.600  17.270  -31.580  13.88  301.50  86.12  901.83  -0.56  117.23  3.09
100706.0  19.540  17.280  -31.580  13.90  301.51  86.46  901.10  -0.19  123.13  3.24
100707.0  19.400  17.290  -31.580  13.92  301.43  87.33  900.44  -0.08  117.30  3.08
100708.0  -9999.000  -9999.000  -31.580  -9999.00  -9999.00  -9999.00  899.76  -9999.00  -9999.00  -9999.00
100709.0  19.300  17.340  -31.580  13.99  301.48  88.20  898.80  -0.15  112.45  2.78
100710.0  19.250  17.350  -31.580  14.02  301.50  88.52  898.07  0.02  109.74  2.96
100711.0  19.220  17.370  -31.580  14.05  301.54  88.83  897.30  -0.04  105.08  2.97
100712.0  19.170  17.380  -31.580  14.06  301.55  89.12  896.68  -0.06  104.17  2.84
100713.0  19.120  17.370  -31.580  14.07  301.56  89.40  895.99  -0.04  103.84  2.77
100714.0  19.090  17.380  -31.580  14.09  301.61  89.60  895.23  -0.09  99.83  2.92
100715.0  19.040  17.390  -31.580  14.10  301.64  89.91  894.41  0.06  95.34  2.91
100716.0  18.950  17.360  -31.580  14.09  301.61  90.32  893.74  0.16  94.02  2.91
100717.0  18.900  17.350  -31.580  14.09  301.60  90.55  893.19  0.03  94.20  2.81
100718.0  18.860  17.330  -31.580  14.08  301.64  90.60  892.49  0.08  92.65  2.81
100719.0  -9999.000  -9999.000  -9999.000  -9999.00  -9999.00  -9999.00  -9999.00  -9999.00  -9999.00  -9999.00
100720.0  -9999.000  -9999.000  -9999.000  -9999.00  -9999.00  -9999.00  -9999.00  -9999.00  -9999.00  -9999.00
100721.0  18.910  17.210  -31.580  14.00  301.83  89.65  891.01  -0.37  88.74  3.04
100722.0  18.900  17.150  -31.580  13.95  301.88  89.32  890.35  -0.60  90.20  3.13
100723.0  18.880  17.080  -31.580  13.90  301.92  89.09  889.76  -0.57  90.16  3.12
100724.0  18.830  17.010  -31.580  13.85  301.92  88.93  889.23  -0.59  89.64  3.11
100725.0  18.810  16.930  -31.580  13.78  301.94  88.59  888.79  -0.49  95.59  2.93
100726.0  18.770  16.870  -31.580  13.73  301.93  88.46  888.51  -0.46  99.88  2.89
100727.0  18.720  16.830  -31.580  13.70  301.93  88.49  888.03  -0.51  98.99  3.04
100728.0  18.670  16.780  -31.580  13.66  301.92  88.48  887.51  -0.41  99.88  3.06
100729.0  -9999.000  -9999.000  -31.580  -9999.00  -9999.00  -9999.00  887.05  -9999.00  -9999.00  -9999.00
100730.0  18.620  16.730  -31.580  13.64  301.98  88.46  886.41  -0.38  96.06  3.06
100731.0  18.590  16.690  -31.580  13.62  302.01  88.43  885.77  -0.33  94.46  3.09
100732.0  18.580  16.640  -31.580  13.58  302.05  88.20  885.25  -0.43  95.78  3.04
100733.0  18.550  16.560  -31.580  13.52  302.06  87.99  884.73  -0.41  95.55  2.94
100734.0  18.450  16.480  -31.580  13.46  302.04  88.03  884.01  -0.39  94.24  2.78
100735.0  18.430  16.400  -31.580  13.40  302.08  87.69  883.32  -0.43  95.54  2.81
100736.0  18.310  16.340  -31.580  13.36  302.02  88.06  882.66  -0.16  93.93  2.74
100737.0  18.290  16.310  -31.580  13.34  302.04  87.97  882.19  -0.07  93.63  2.83
100738.0  18.240  16.270  -31.580  13.31  302.04  88.04  881.71  0.07  96.03  2.84
100739.0  18.170  16.240  -31.580  13.29  302.01  88.25  881.35  0.29  98.05  2.87
100740.0  18.140  16.230  -31.580  13.29  301.99  88.39  881.20  0.50  96.47  2.98
100741.0  18.090  16.230  -31.580  13.30  301.98  88.70  880.69  0.46  95.67  3.05
100742.0  18.030  16.220  -31.580  13.29  301.96  88.93  880.39  0.49  96.22  2.90
100743.0  17.990  16.190  -31.580  13.27  301.95  89.00  879.90  0.24  97.10  2.87
100744.0  17.950  16.180  -31.580  13.26  301.94  89.13  879.69  0.28  97.49  3.05
100745.0  17.890  16.160  -31.580  13.25  301.92  89.39  879.22  -0.01  97.40  3.10
100746.0  17.870  16.130  -31.580  13.24  301.94  89.33  878.86  -0.16  94.78  3.21
100747.0  17.820  16.110  -31.580  13.22  301.93  89.46  878.46  -0.20  94.43  3.26
100748.0  17.850  16.110  -31.580  13.23  301.98  89.32  878.19  -0.08  91.14  3.35
100749.0  17.850  16.110  -31.580  13.23  302.01  89.31  877.94  0.02  89.92  3.51
100750.0  17.810  16.100  -31.580  13.23  302.01  89.49  877.48  -0.07  88.06  3.47
100751.0  -9999.000  -9999.000  -31.580  -9999.00  -9999.00  -9999.00  877.32  -9999.00  -9999.00  -9999.00
100752.0  17.770  16.090  -31.580  13.23  302.00  89.71  877.15  0.20  81.94  3.62
100753.0  17.810  16.090  -31.580  13.23  302.06  89.42  877.02  0.25  80.76  3.65
