flight/WP3D/AircraftMis_NP3_20130708_RA.ict
41  1001
Ken Aikin
NOAA ESRL Chemical Sciences Division
various aircraft sensors
SENEX 2013
1  1
2013  07  08  2013  07  08
1
AOCTimewave
8
1  1  1  1  1  1  1  1
-9999  -9999  -9999  -9999  -9999  -9999  -9999  -9999
Attack  deg
CabinPrs  mbar
GndSpd  m/s
Heading  deg
Pitch  deg
Roll  deg
Slip  deg
TrueAirSpd  m/s
1
SPECIAL COMMENTS:Fayetteville AR  then PP and BB.
18
PI_CONTACT_INFO: Address: NOAA ESRL Chemical Sciences Division  Mail Stop R/CSD7  325 Broadway  Boulder  CO 80305
PLATFORM: NOAA WP-3D
LOCATION: The aircraft was stationed in  Smyrna  Tennessee. Aircraft location information in AircraftPosition file.
ASSOCIATED_DATA: N/A
INSTRUMENT_INFO: N/A
DATA_INFO: Units: Attack degrees; CabinPrs millibar; GndSpd m/s; Heading degrees; Pitch degrees; Roll degrees; Slip degrees; TrueAirSpd m/s
UNCERTAINTY: N/A
ULOD_FLAG: -7777
ULOD_VALUE: N/A
LLOD_FLAG: -8888
LLOD_VALUE: N/A
DM_CONTACT_INFO: Data Manager:Ken Aikin; email:Kenneth.C.Aikin@noaa.gov
PROJECT_INFO: SENEX 2013 Study; June 1 - July 15  2013
STIPULATIONS_ON_USE: Use of these data require prior ok from PI.
OTHER_COMMENTS:       None
REVISION: RA
RA: Preliminary Data.  For in-field use.
AOCTimewave  Attack  CabinPrs  GndSpd  Heading  Pitch  Roll  Slip  TrueAirSpd
[from data line 16621]
71294.0  1.3  961.6  116.2  61.8  1.73  -0.28  -0.95  113.6
71295.0  2.0  961.5  116.2  61.9  2.23  -0.32  -0.73  113.2
71296.0  2.5  961.6  116.2  62.1  2.30  -0.39  -1.12  112.9
71297.0  1.8  961.4  116.2  62.1  1.80  -0.63  -0.55  112.3
71298.0  2.7  961.3  116.2  62.4  2.00  -0.88  -0.85  113.6
71299.0  2.1  961.6  116.3  62.7  1.46  -0.60  -1.21  114.4
71300.0  1.2  961.3  116.4  62.6  0.95  -1.69  -1.54  114.6
71301.0  1.9  961.6  116.5  62.1  1.27  -1.79  -1.36  113.5
71302.0  1.4  961.3  116.6  61.7  1.27  -1.51  -0.03  114.4
71303.0  1.6  961.3  116.7  62.1  1.41  -0.72  -1.02  113.7
71304.0  1.7  961.0  116.8  62.1  1.40  -0.12  -0.74  114.2
71305.0  1.7  961.7  116.8  62.3  1.46  -0.53  -1.57  114.1
71306.0  1.6  961.2  116.9  62.1  1.42  -0.29  -0.59  113.3
71307.0  1.8  961.1  117.0  62.3  1.65  -1.07  -1.11  112.4
71308.0  1.6  961.2  117.1  62.3  1.59  -0.83  -1.04  112.9
71309.0  2.0  961.8  117.1  62.3  1.84  -0.96  -0.69  112.8
71310.0  2.0  961.3  117.1  62.5  1.90  -0.59  -0.99  112.1
71311.0  1.9  961.6  117.2  62.7  1.86  -0.75  -1.16  113.0
71312.0  1.9  961.5  117.2  62.7  1.97  -1.29  -0.78  113.6
71313.0  1.8  961.3  117.2  62.8  2.08  -1.71  -1.02  114.4
71314.0  1.9  961.1  117.1  62.9  2.27  -1.73  -1.08  114.6
71315.0  2.0  961.1  117.1  62.9  2.29  -1.74  -0.99  114.0
71316.0  1.8  961.3  117.0  62.9  2.16  -1.96  -0.85  113.6
71317.0  2.1  961.6  117.0  63.0  2.27  -1.87  -1.32  113.4
71318.0  1.8  961.3  117.0  62.8  2.18  -1.70  -1.55  113.1
71319.0  1.7  961.5  116.9  62.3  2.24  -1.76  -1.21  112.9
71320.0  2.0  961.8  116.9  62.0  2.55  -1.48  -0.97  113.0
71321.0  2.2  961.5  116.8  62.0  2.61  -1.05  -0.92  112.4
71322.0  1.8  961.4  116.7  62.1  2.31  -0.53  -0.57  112.0
71323.0  2.3  961.3  116.7  62.5  2.33  -0.50  -0.78  113.2
71324.0  2.3  961.3  116.7  62.8  2.06  -1.21  -1.20  113.4
71325.0  1.5  961.4  116.7  62.8  1.54  -1.92  -1.37  113.7
71326.0  1.3  961.6  116.8  62.5  1.61  -2.17  -0.70  114.2
71327.0  1.8  961.6  116.8  62.5  1.88  -1.40  -1.38  113.2
71328.0  1.9  961.4  116.8  62.3  1.79  -0.97  -1.57  113.5
71329.0  1.6  961.4  116.8  61.8  1.62  -0.99  -0.86  112.7
71330.0  1.8  961.3  116.9  61.9  1.66  -0.07  -0.85  112.6
71331.0  1.8  961.5  116.9  62.1  1.59  -0.34  -0.66  113.7
71332.0  1.5  961.4  117.0  62.3  1.62  -1.21  -1.12  113.7
71333.0  1.8  961.5  117.1  62.3  1.65  -1.32  -0.93  113.8
71334.0  2.3  961.5  117.1  62.3  1.83  -1.32  -0.83  113.5
71335.0  2.2  961.5  117.2  62.5  1.57  -1.07  -0.61  113.4
71336.0  1.3  961.1  117.3  62.8  0.96  -1.31  -1.14  113.8
71337.0  1.7  961.0  117.4  62.8  1.23  -2.15  -1.16  113.7
71338.0  1.9  961.5  117.5  62.5  1.37  -2.77  -1.07  113.3
71339.0  1.5  961.7  117.6  62.4  1.31  -2.14  -0.95  114.0
71340.0  1.4  961.5  117.7  62.3  1.59  -1.33  -0.97  114.3
71341.0  1.7  961.2  117.7  62.3  1.88  -1.20  -1.34  114.1
71342.0  2.0  961.4  117.7  62.0  1.97  -1.03  -0.96  114.5
71343.0  2.0  961.8  117.7  62.0  1.89  -0.82  -1.00  113.8
71344.0  1.6  961.5  117.7  62.1  1.77  -0.81  -0.52  113.9
71345.0  1.9  961.4  117.7  62.4  2.08  -1.11  -1.05  113.5
71346.0  2.1  961.2  117.7  62.4  2.15  -0.88  -1.43  114.0
71347.0  1.7  961.4  117.6  62.2  2.13  -1.00  -0.69  113.9
71348.0  1.9  961.7  117.6  62.3  2.35  -1.30  -0.51  114.1
71349.0  2.0  961.2  117.5  62.7  2.44  -1.04  -0.43  113.9
71350.0  2.3  961.5  117.5  63.1  2.33  -1.43  -1.09  113.6
71351.0  1.8  961.5  117.5  63.1  1.99  -2.21  -1.27  113.6
71352.0  1.2  961.7  117.5  62.9  1.90  -2.27  -1.37  113.1
71353.0  1.8  961.3  117.5  62.5  2.36  -2.34  -1.25  113.6
71354.0  1.8  961.5  117.4  62.1  2.52  -1.58  -1.34  113.3
71355.0  2.3  961.1  117.4  61.7  2.55  -0.99  -1.21  113.0
71356.0  2.3  961.8  117.3  61.5  2.38  -0.42  -0.24  114.0
71357.0  1.7  961.4  117.3  61.9  1.72  -0.24  -0.30  115.1
71358.0  1.1  961.5  117.3  62.3  1.41  -0.61  -1.62  115.2
71359.0  1.9  961.4  117.4  61.9  1.77  -0.68  -0.29  114.6
71360.0  2.2  961.7  117.4  62.1  1.80  -1.13  -0.54  115.2
71361.0  1.2  961.3  117.5  62.4  1.07  -0.88  -1.27  115.4
71362.0  1.5  961.9  117.6  62.2  1.03  -1.18  -1.10  114.8
71363.0  1.5  961.4  117.8  62.0  1.07  -1.16  -0.80  114.1
71364.0  1.5  961.3  117.9  62.0  1.02  -1.00  -0.63  115.0
71365.0  1.6  961.0  118.1  62.1  0.93  -0.86  -0.77  114.7
71366.0  1.3  961.3  118.3  62.2  0.81  -1.20  -0.81  114.2
71367.0  1.2  960.6  118.4  62.2  0.99  -1.16  -1.16  115.5
71368.0  1.6  961.4  118.5  62.0  1.37  -0.91  -1.23  115.6
71369.0  1.7  961.2  118.6  61.8  1.45  -0.72  -1.25  115.1
71370.0  1.9  961.3  118.7  61.5  1.50  -0.67  -0.86  114.5
71371.0  1.9  961.0  118.8  61.4  1.46  -0.17  -0.63  114.5
71372.0  1.7  961.5  118.9  61.6  1.36  -0.25  -0.47  114.5
71373.0  1.8  961.4  119.0  61.9  1.56  -0.22  -0.57  115.1
71374.0  1.8  961.6  119.0  62.3  1.62  -0.13  -0.94  115.4
71375.0  1.5  961.1  119.1  62.3  1.54  -1.00  -1.04  115.5
71376.0  1.7  961.5  119.1  62.3  1.79  -1.46  -0.73  115.9
71377.0  1.6  961.7  119.1  62.4  1.80  -1.63  -0.95  115.6
71378.0  1.3  961.5  119.1  62.3  1.80  -1.44  -1.06  116.7
71379.0  1.6  961.6  119.1  62.2  2.05  -0.99  -1.17  116.5
71380.0  1.5  961.6  119.1  62.0  2.06  -0.62  -1.27  116.5
71381.0  1.9  961.4  119.0  61.7  2.20  -0.90  -0.43  115.8
71382.0  1.6  961.8  118.9  62.0  2.07  -0.42  -0.50  116.1
71383.0  1.2  961.4  118.9  62.3  1.94  -0.56  -0.92  116.7
71384.0  1.5  961.5  118.8  62.4  2.25  -1.05  -0.82  116.4
71385.0  2.0  961.3  118.7  62.5  2.48  -1.44  -0.57  116.2
71386.0  1.4  961.4  118.6  62.7  2.11  -1.58  -1.06  116.3
71387.0  1.4  961.4  118.6  62.7  2.09  -2.06  -1.01  115.5
71388.0  1.9  961.4  118.6  62.5  2.44  -3.54  -1.33  115.2
71389.0  1.5  961.1  118.5  62.1  2.29  -4.86  -1.60  114.7
71390.0  1.6  961.6  118.5  61.3  2.47  -5.32  -1.06  114.8
71391.0  2.3  961.3  118.4  60.8  2.63  -4.49  -0.23  114.6
71392.0  2.2  961.2  118.4  61.0  2.23  -3.58  -0.37  115.3
71393.0  1.3  961.5  118.4  61.2  1.54  -3.83  -1.36  115.8
71394.0  1.9  961.2  118.5  60.7  1.79  -4.06  -1.36  115.3
71395.0  1.7  961.3  118.5  60.1  1.52  -3.70  -0.54  115.6
71396.0  1.3  961.7  118.6  60.0  1.27  -3.32  -0.49  115.6
71397.0  1.2  961.3  118.7  60.0  1.42  -2.29  -1.26  116.2
71398.0  1.4  961.7  118.7  59.8  1.45  -1.60  -1.06  115.7
71399.0  1.6  961.3  118.8  59.6  1.53  -1.14  -0.91  114.9
71400.0  1.4  961.7  118.9  59.6  1.38  -1.11  -1.02  115.0
71401.0  1.8  961.4  119.0  59.6  1.44  -1.66  -0.45  114.5
71402.0  1.6  961.4  119.1  59.8  1.39  -2.30  -0.79  114.5
71403.0  1.2  961.4  119.2  59.8  1.18  -2.35  -1.18  114.1
71404.0  1.8  961.3  119.3  59.5  1.59  -1.67  -1.03  115.2
71405.0  1.6  961.6  119.3  59.4  1.60  -1.50  -0.84  114.9
71406.0  1.7  961.5  119.4  59.4  1.64  -1.58  -1.09  115.0
71407.0  1.7  961.9  119.5  59.3  1.75  -1.31  -0.83  114.8
71408.0  1.9  961.2  119.5  59.3  1.84  -1.48  -0.83  115.0
71409.0  1.6  961.7  119.5  59.4  1.72  -1.81  -1.21  114.9
71410.0  1.9  961.6  119.6  59.1  1.95  -2.77  -0.96  114.8
71411.0  1.6  961.8  119.6  59.0  1.89  -2.65  -1.12  115.4
71412.0  1.6  961.4  119.6  58.7  1.97  -2.34  -1.19  115.6
71413.0  1.9  961.7  119.5  58.4  2.22  -2.16  -0.71  115.8
71414.0  1.7  961.5  119.5  58.5  2.12  -1.83  -0.71  115.7
71415.0  1.7  961.6  119.5  58.6  1.97  -1.68  -0.60  115.5
71416.0  1.3  961.2  119.5  58.8  1.87  -1.18  -1.29  115.4
71417.0  1.7  961.4  119.4  58.6  2.17  -1.53  -1.11  115.4
71418.0  1.8  961.3  119.4  58.4  2.23  -1.83  -0.96  115.4
71419.0  1.5  961.1  119.4  58.3  2.08  -1.87  -0.74  115.0
71420.0  1.8  961.5  119.3  58.4  2.29  -1.61  -0.47  114.2
71421.0  1.7  961.1  119.3  58.6  2.24  -1.33  -1.00  114.4
71422.0  1.7  961.4  119.3  58.7  2.10  -1.17  -0.85  114.6
71423.0  1.7  961.4  119.3  58.7  2.15  -1.84  -1.09  114.2
71424.0  1.9  961.6  119.2  58.7  2.18  -1.77  -1.13  114.3
71425.0  1.8  961.8  119.2  58.5  2.13  -1.82  -1.09  114.7
71426.0  1.4  961.3  119.2  58.3  2.05  -1.77  -1.36  114.6
71427.0  2.0  961.3  119.2  57.9  2.31  -0.94  -1.00  114.2
71428.0  2.4  961.6  119.2  57.9  2.12  0.58  -0.31  114.9
71429.0  1.6  961.3  119.2  58.2  1.46  0.23  -0.73  114.6
71430.0  2.0  961.4  119.3  58.3  1.39  -0.30  -1.09  113.5
71431.0  1.4  961.5  119.4  58.3  1.23  0.44  -1.09  113.9
71432.0  1.3  961.5  119.5  58.2  1.38  0.61  -0.89  114.4
71433.0  1.2  961.5  119.6  58.3  1.44  0.45  -1.13  115.5
71434.0  1.3  961.0  119.6  58.3  1.68  0.54  -1.00  115.8
71435.0  1.6  961.7  119.6  58.3  1.82  0.30  -0.94  115.4
71436.0  1.6  961.5  119.6  58.4  1.83  0.38  -0.94  115.4
71437.0  1.6  961.1  119.6  58.5  1.81  0.17  -0.84  115.3
71438.0  1.8  961.9  119.6  58.7  1.86  -0.14  -0.68  115.5
71439.0  1.5  961.6  119.6  58.9  1.71  -0.40  -1.06  115.6
71440.0  1.9  961.4  119.6  59.0  1.76  -0.42  -0.98  116.1
71441.0  2.0  961.6  119.7  59.1  1.80  -0.54  -0.55  116.7
71442.0  1.7  961.9  119.7  59.4  1.33  -0.87  -0.99  116.9
71443.0  1.5  961.2  119.8  59.5  1.14  -1.15  -1.32  116.8
71444.0  1.4  961.4  119.9  59.3  1.05  -1.37  -0.95  116.5
71445.0  1.2  961.4  120.0  59.2  1.16  -1.24  -0.93  117.3
71446.0  1.5  961.7  120.0  59.3  1.30  -0.99  -0.75  118.3
71447.0  1.3  961.7  120.1  59.4  1.21  -1.18  -1.30  117.8
71448.0  1.4  961.5  120.1  59.3  1.23  -1.31  -0.62  117.2
71449.0  1.3  961.4  120.2  59.4  1.18  -1.77  -1.18  117.0
71450.0  1.5  961.5  120.3  59.2  1.20  -1.48  -0.74  116.6
71451.0  1.5  961.6  120.3  59.3  1.22  -1.37  -0.48  117.4
71452.0  1.4  961.6  120.4  59.6  1.19  -1.63  -0.95  117.1
71453.0  1.4  961.4  120.5  59.6  1.26  -1.56  -1.50  116.7
71454.0  1.6  961.5  120.6  59.2  1.40  -1.97  -1.23  116.5
71455.0  1.7  961.4  120.6  58.9  1.36  -1.70  -1.00  116.4
71456.0  1.5  961.4  120.7  58.8  1.20  -0.79  -0.93  117.3
71457.0  1.3  961.6  120.8  58.7  1.20  -0.61  -0.79  117.0
71458.0  1.4  961.8  120.8  58.9  1.46  -0.50  -0.74  117.0
71459.0  1.6  961.7  120.8  59.1  1.65  -0.30  -0.95  117.1
71460.0  1.5  961.7  120.8  59.3  1.57  -0.75  -1.02  117.7
71461.0  1.7  961.3  120.8  59.3  1.61  -1.07  -1.17  117.9
71462.0  1.8  961.2  120.8  59.3  1.49  -0.90  -1.20  118.3
71463.0  1.3  961.7  120.9  59.2  1.23  -0.70  -1.08  118.3
71464.0  1.2  961.2  120.9  59.1  1.25  -1.11  -1.16  118.6
71465.0  1.6  961.3  120.9  58.9  1.42  -1.28  -1.00  118.8
71466.0  1.5  961.4  120.9  58.9  1.21  -0.93  -0.71  117.8
71467.0  1.4  961.6  121.0  59.1  1.00  -0.51  -1.15  117.9
71468.0  0.5  961.3  121.1  59.0  0.91  -1.07  -0.77  117.7
71469.0  1.6  961.4  121.1  59.1  1.63  -0.88  -1.09  117.3
71470.0  1.5  961.3  121.1  59.1  1.56  -0.07  -0.73  116.5
71471.0  1.6  961.5  121.1  59.3  1.51  -0.85  -1.04  116.4
71472.0  1.6  961.3  121.2  59.3  1.43  -1.67  -0.93  116.7
71473.0  1.4  961.6  121.2  59.4  1.49  -1.78  -1.23  117.1
71474.0  1.4  961.3  121.2  59.1  1.54  -1.59  -1.14  116.5
71475.0  1.5  961.1  121.2  58.9  1.68  -1.14  -0.91  116.8
71476.0  1.5  961.7  121.2  58.9  1.71  -0.97  -1.05  116.9
71477.0  1.6  961.3  121.2  58.9  1.78  -0.80  -1.04  117.6
71478.0  1.4  961.6  121.1  58.9  1.73  -0.78  -0.66  118.1
71479.0  1.5  961.4  121.1  59.1  1.86  -0.88  -0.93  117.2
71480.0  1.8  961.4  121.0  59.2  1.82  -0.92  -0.77  116.6
71481.0  1.8  961.5  121.0  59.3  1.69  -1.28  -0.40  116.6
71482.0  1.3  961.8  121.0  59.8  1.39  -1.39  -1.00  116.9
71483.0  1.2  961.4  121.1  59.8  1.54  -1.37  -1.40  117.3
71484.0  1.5  961.4  121.0  59.5  1.85  -1.80  -1.38  116.5
71485.0  1.8  961.1  121.0  59.2  1.93  -1.71  -1.38  115.8
71486.0  1.9  961.3  121.0  58.9  1.73  -0.79  -0.43  115.4
71487.0  1.5  961.6  121.0  59.1  1.39  -1.04  -1.46  116.1
71488.0  1.5  961.5  121.0  58.8  1.35  -0.87  -1.09  117.3
71489.0  1.4  961.3  121.0  58.6  1.54  -1.09  -0.74  118.9
71490.0  1.5  961.6  121.0  58.8  1.41  -0.70  -0.66  117.7
71491.0  1.5  961.0  121.1  59.1  1.06  -0.25  -0.96  116.9
71492.0  0.9  961.7  121.1  59.2  0.87  -0.76  -0.77  118.2
71493.0  1.7  961.6  121.1  59.4  1.32  -0.96  -1.05  118.2
71494.0  1.1  961.4  121.1  59.3  1.02  -1.41  -1.34  118.6
71495.0  1.2  961.5  121.2  58.9  1.01  -1.66  -0.74  118.6
71496.0  1.3  961.6  121.2  59.0  1.13  -1.25  -0.74  118.3
71497.0  1.5  961.6  121.2  59.0  1.26  -1.26  -0.85  118.2
71498.0  1.3  961.5  121.2  59.1  1.10  -1.11  -0.63  118.3
71499.0  1.2  961.7  121.2  59.2  1.05  -1.16  -1.07  118.4
71500.0  1.3  961.1  121.2  59.1  1.28  -1.22  -1.02  118.2
71501.0  1.2  961.3  121.1  58.9  1.47  -1.08  -1.02  119.2
71502.0  1.5  961.8  121.1  58.7  1.60  -1.16  -0.90  118.4
71503.0  1.3  961.4  121.0  58.7  1.60  -0.47  -0.59  118.6
71504.0  2.2  961.3  120.9  58.8  1.89  -0.98  -0.56  118.3
71505.0  1.8  961.2  120.9  59.0  1.32  -1.01  -0.87  118.0
71506.0  1.1  961.4  120.9  59.1  0.93  -0.62  -0.87  117.5
71507.0  1.1  961.4  120.9  58.9  1.33  -1.56  -0.60  117.6
71508.0  1.7  961.3  120.9  59.0  1.75  -1.25  -0.86  117.5
71509.0  1.2  961.9  120.8  59.0  1.54  -1.00  -1.02  117.8
71510.0  1.5  961.3  120.8  58.8  1.66  -0.78  -1.11  117.9
71511.0  1.4  961.3  120.7  58.7  1.74  -0.37  -0.79  117.6
71512.0  1.7  961.3  120.6  58.7  1.81  -0.57  -0.76  117.1
71513.0  1.8  961.3  120.6  58.7  1.62  -0.49  -1.15  116.7
71514.0  1.6  961.4  120.6  58.5  1.27  -0.46  -0.77  116.9
71515.0  1.6  961.6  120.6  58.5  1.31  -0.21  -0.88  117.4
71516.0  1.2  961.3  120.6  58.5  1.11  -0.06  -0.88  116.9
71517.0  1.1  961.7  120.6  58.4  1.27  -0.24  0.81  117.4
71518.0  1.5  961.3  120.6  59.4  1.53  -0.72  -0.18  117.4
71519.0  1.2  961.5  120.6  59.9  1.34  -0.86  -1.78  117.4
71520.0  1.3  961.4  120.5  59.3  1.52  -1.65  -1.77  117.1
71521.0  1.6  961.4  120.5  58.4  1.84  -1.77  -0.81  116.9
71522.0  1.3  961.8  120.4  58.2  1.73  -0.75  -0.51  116.8
71523.0  1.6  961.5  120.3  58.4  1.90  0.20  -0.24  116.3
71524.0  1.7  961.4  120.3  58.8  1.94  -0.12  -0.80  115.8
71525.0  1.5  961.5  120.2  59.0  1.85  -0.51  -1.14  115.6
71526.0  1.5  961.6  120.1  58.8  1.95  -0.77  -1.15  116.4
71527.0  1.7  961.4  120.1  58.6  2.10  -0.55  -0.92  116.3
71528.0  1.6  961.8  120.0  58.5  1.99  -0.38  -1.00  116.6
71529.0  1.7  961.4  119.8  58.4  2.08  -0.34  -0.73  116.5
71530.0  1.5  961.9  119.8  58.5  2.05  -0.36  -0.66  116.4
71531.0  1.5  961.8  119.6  58.7  2.11  -0.19  -0.61  116.7
71532.0  1.8  961.9  119.5  58.9  2.22  -0.34  -0.52  116.2
71533.0  1.5  961.4  119.4  59.3  2.08  -0.66  -0.52  116.1
71534.0  1.4  962.4  119.3  59.6  2.21  -0.97  -1.45  116.2
71535.0  1.6  961.5  119.2  59.2  2.22  -1.12  -1.33  116.0
71536.0  1.6  962.4  119.0  58.9  2.31  -1.47  -0.70  115.9
71537.0  1.5  961.6  118.9  58.9  2.24  -1.22  -0.92  116.2
71538.0  1.5  961.7  118.8  58.8  2.30  -1.14  -0.53  116.1
71539.0  1.6  961.8  118.6  58.9  2.41  -0.99  -0.93  116.2
71540.0  1.8  960.9  118.5  58.9  2.26  -0.59  -1.05  116.8
71541.0  1.7  961.0  118.4  58.8  2.04  -0.56  -1.05  116.6
71542.0  1.9  963.0  118.3  58.8  1.93  -0.45  -0.65  115.8
71543.0  1.5  961.2  118.2  58.8  1.67  -1.11  -1.02  114.8
71544.0  1.6  961.0  118.2  58.6  1.70  -1.18  -0.93  115.1
71545.0  1.6  961.3  118.2  58.6  1.63  -0.53  -0.33  114.9
71546.0  1.2  961.6  118.2  59.0  1.40  -0.43  -0.50  115.5
71547.0  1.5  961.5  118.2  59.2  1.59  -1.16  -0.97  115.3
71548.0  1.3  961.7  118.2  59.2  1.64  -1.76  -0.85  114.8
71549.0  1.7  961.4  118.2  59.2  1.89  -1.21  -0.79  113.7
71550.0  1.9  961.7  118.1  59.2  1.94  -1.25  -1.23  113.8
71551.0  1.8  961.4  118.1  58.9  1.90  -1.31  -0.93  113.8
71552.0  1.9  961.5  118.0  58.9  1.94  -1.10  -0.86  113.8
71553.0  1.9  961.6  118.0  58.8  1.93  -0.86  -0.97  114.3
71554.0  1.6  961.3  118.0  58.7  1.88  -0.86  -0.72  115.1
71555.0  1.5  961.5  117.9  58.9  2.02  -0.76  -0.61  115.3
71556.0  1.5  961.7  117.8  59.1  2.11  -0.60  -0.74  115.7
71557.0  1.9  961.8  117.6  59.2  2.34  -1.07  -0.34  114.7
71558.0  1.8  961.7  117.5  59.6  2.29  -1.34  -0.63  114.1
