flight/WP3D/AircraftMis_NP3_20130702_RA.ict
41  1001
Ken Aikin
NOAA ESRL Chemical Sciences Division
various aircraft sensors
SENEX 2013
1  1
2013  07  02  2013  07  02
1
AOCTimewave
8
1  1  1  1  1  1  1  1
-9999  -9999  -9999  -9999  -9999  -9999  -9999  -9999
Attack  deg
CabinPrs  mbar
GndSpd  m/s
Heading  deg
Pitch  deg
Roll  deg
Slip  deg
TrueAirSpd  m/s
1
SPECIAL COMMENTS:Birmingham PP night flight.
18
PI_CONTACT_INFO: Address: NOAA ESRL Chemical Sciences Division  Mail Stop R/CSD7  325 Broadway  Boulder  CO 80305
PLATFORM: NOAA WP-3D
LOCATION: The aircraft was stationed in  Smyrna  Tennessee. Aircraft location information in AircraftPosition file.
ASSOCIATED_DATA: N/A
INSTRUMENT_INFO: N/A
DATA_INFO: Units: Attack degrees; CabinPrs millibar; GndSpd m/s; Heading degrees; Pitch degrees; Roll degrees; Slip degrees; TrueAirSpd m/s
UNCERTAINTY: N/A
ULOD_FLAG: -7777
ULOD_VALUE: N/A
LLOD_FLAG: -8888
LLOD_VALUE: N/A
DM_CONTACT_INFO: Data Manager:Ken Aikin; email:Kenneth.C.Aikin@noaa.gov
PROJECT_INFO: SENEX 2013 Study; June 1 - July 15  2013
STIPULATIONS_ON_USE: Use of these data require prior ok from PI.
OTHER_COMMENTS:       None
REVISION: RA
RA: Preliminary Data.  For in-field use.
AOCTimewave  Attack  CabinPrs  GndSpd  Heading  Pitch  Roll  Slip  TrueAirSpd
[from data line 8716]
12834.0  2.4  984.0  111.6  274.1  2.53  -0.18  -0.52  112.1
12835.0  2.4  984.1  111.6  274.1  2.46  -0.55  -0.57  112.0
12836.0  2.4  984.0  111.6  274.1  2.48  -1.04  -0.58  112.0
12837.0  2.4  984.0  111.6  274.0  2.54  -0.78  -0.59  112.0
12838.0  2.3  983.8  111.6  274.0  2.46  -0.32  -0.53  112.0
12839.0  2.4  984.2  111.6  274.0  2.45  -0.58  -0.54  112.0
12840.0  2.5  983.8  111.6  274.0  2.55  -0.75  -0.57  111.9
12841.0  2.3  983.9  111.6  273.9  2.45  -0.34  -0.54  112.0
12842.0  2.4  984.0  111.6  273.9  2.43  -0.10  -0.49  112.0
12843.0  2.4  984.0  111.6  273.9  2.46  -0.22  -0.54  112.0
12844.0  2.5  984.0  111.6  274.0  2.51  -0.58  -0.58  112.0
12845.0  2.4  983.9  111.6  273.9  2.46  -0.66  -0.57  112.0
12846.0  2.4  983.9  111.7  273.9  2.45  -0.37  -0.52  112.0
12847.0  2.4  983.8  111.7  273.9  2.46  -0.16  -0.54  112.0
12848.0  2.4  984.0  111.7  273.9  2.46  -0.18  -0.57  112.0
12849.0  2.4  983.9  111.7  273.9  2.46  -0.27  -0.57  111.9
12850.0  2.4  983.6  111.7  273.9  2.47  -0.28  -0.55  111.9
12851.0  2.4  983.9  111.7  273.9  2.46  -0.21  -0.54  112.0
12852.0  2.4  984.1  111.7  274.0  2.47  -0.18  -0.63  112.0
12853.0  2.4  984.2  111.8  274.0  2.46  -0.27  -0.65  111.9
12854.0  2.4  983.8  111.8  274.0  2.40  -0.42  -0.63  111.9
12855.0  2.4  983.8  111.9  273.9  2.40  -0.77  -0.65  111.9
12856.0  2.4  984.0  111.9  273.9  2.42  -1.44  -0.64  111.9
12857.0  2.3  984.1  112.0  273.8  2.38  -1.86  -0.62  111.9
12858.0  2.4  984.1  112.0  273.6  2.38  -1.53  -0.57  111.9
12859.0  2.5  984.0  112.1  273.5  2.49  -0.54  -0.45  111.9
12860.0  2.3  983.7  112.1  273.6  2.40  -0.69  -0.49  112.0
12861.0  2.3  983.8  112.2  273.6  2.41  -0.75  -0.53  112.1
12862.0  2.3  983.8  112.2  273.6  2.36  -0.39  -0.51  112.2
12863.0  2.4  984.1  112.3  273.6  2.44  -0.29  -0.58  112.2
12864.0  2.3  983.8  112.3  273.6  2.40  -0.75  -0.63  112.3
12865.0  2.4  983.6  112.4  273.6  2.41  -1.12  -0.66  112.3
12866.0  2.4  983.5  112.4  273.4  2.47  -1.54  -0.62  112.3
12867.0  2.3  983.6  112.5  273.3  2.43  -2.11  -0.66  112.3
12868.0  2.4  983.5  112.5  273.1  2.40  -2.71  -0.62  112.4
12869.0  2.4  983.9  112.6  272.8  2.44  -3.27  -0.59  112.5
12870.0  2.4  984.0  112.6  272.5  2.44  -3.62  -0.64  112.6
12871.0  2.3  983.9  112.7  272.2  2.42  -3.70  -0.63  112.6
12872.0  2.3  984.0  112.7  271.8  2.43  -3.69  -0.53  112.6
12873.0  2.3  983.8  112.8  271.6  2.42  -3.47  -0.53  112.7
12874.0  2.3  983.7  112.9  271.3  2.40  -3.50  -0.50  112.8
12875.0  2.3  983.9  112.9  271.0  2.42  -3.23  -0.56  112.8
12876.0  2.3  983.9  113.0  270.7  2.36  -2.77  -0.39  112.8
12877.0  2.3  983.7  113.0  270.6  2.39  -2.12  -0.51  112.8
12878.0  2.3  983.6  113.0  270.5  2.43  -0.91  -0.39  112.8
12879.0  2.2  983.6  113.1  270.5  2.36  0.33  -0.30  113.0
12880.0  2.2  983.7  113.1  270.7  2.31  0.65  -0.41  113.0
12881.0  2.3  983.8  113.1  270.9  2.37  0.22  -0.55  113.1
12882.0  2.3  983.8  113.1  270.9  2.40  0.02  -0.62  113.0
12883.0  2.3  983.8  113.2  270.9  2.40  0.02  -0.58  113.1
12884.0  2.3  984.2  113.2  270.9  2.31  -0.21  -0.58  113.1
12885.0  2.3  983.9  113.2  270.9  2.32  -0.39  -0.61  113.1
12886.0  2.2  983.9  113.3  270.9  2.23  -0.40  -0.57  113.3
12887.0  2.3  983.8  113.3  270.8  2.25  -0.21  -0.55  113.2
12888.0  2.3  983.8  113.4  270.8  2.32  0.11  -0.55  113.3
12889.0  2.2  983.8  113.4  270.8  2.22  0.12  -0.54  113.3
12890.0  2.2  984.4  113.4  270.8  2.20  -0.04  -0.49  113.3
12891.0  2.3  984.0  113.5  270.9  2.25  -0.01  -0.45  113.4
12892.0  2.2  983.7  113.5  270.9  2.18  -0.17  -0.48  113.5
12893.0  2.2  983.8  113.6  270.9  2.16  -0.45  -0.52  113.6
12894.0  2.3  983.7  113.6  270.9  2.22  -0.55  -0.54  113.6
12895.0  2.2  983.9  113.7  270.9  2.12  -0.39  -0.51  113.7
12896.0  2.2  983.5  113.7  270.9  2.19  -0.43  -0.44  113.8
12897.0  2.2  983.9  113.8  270.9  2.16  -0.58  -0.50  113.8
12898.0  2.2  983.9  113.8  270.9  2.11  -0.96  -0.45  114.0
12899.0  2.2  984.0  113.9  270.8  2.16  -0.96  -0.42  114.1
12900.0  2.2  984.0  113.9  270.8  2.17  -0.81  -0.50  114.3
12901.0  2.1  983.8  113.9  270.8  2.12  -0.28  -0.46  114.4
12902.0  2.2  983.8  114.0  270.8  2.13  -0.21  -0.43  114.5
12903.0  2.2  983.8  114.0  270.9  2.18  -0.39  -0.50  114.6
12904.0  2.2  984.1  114.0  270.9  2.16  -0.42  -0.54  114.7
12905.0  2.1  984.2  114.1  270.9  2.04  -0.44  -0.49  114.8
12906.0  2.2  984.0  114.1  270.9  2.13  -0.49  -0.45  114.7
12907.0  2.1  983.9  114.1  270.9  2.10  -0.50  -0.49  114.7
12908.0  2.0  983.7  114.2  270.9  2.04  -0.77  -0.56  114.8
12909.0  2.0  983.9  114.2  270.9  1.97  -0.81  -0.50  114.7
12910.0  2.1  984.0  114.3  270.8  1.98  -0.34  -0.49  114.7
12911.0  2.1  984.1  114.3  270.8  2.03  -0.07  -0.45  114.8
12912.0  2.1  984.0  114.4  270.9  2.02  -0.19  -0.53  114.8
12913.0  2.1  984.1  114.4  270.9  2.00  -0.12  -0.47  114.8
12914.0  2.1  984.0  114.5  270.9  1.96  0.24  -0.48  114.9
12915.0  2.1  983.9  114.5  271.0  2.00  0.52  -0.48  114.9
12916.0  2.1  984.0  114.6  271.1  1.97  0.14  -0.48  114.9
12917.0  2.1  983.8  114.6  271.2  1.99  -0.33  -0.60  114.9
12918.0  2.1  983.8  114.7  271.3  2.06  -0.11  -0.68  115.0
12919.0  2.0  984.1  114.7  271.3  2.00  -0.12  -0.66  115.1
12920.0  2.1  984.1  114.7  271.3  2.06  -0.22  -0.68  115.3
12921.0  2.1  984.2  114.7  271.3  2.07  0.15  -0.63  115.4
12922.0  2.1  984.0  114.8  271.3  2.05  0.18  -0.57  115.5
12923.0  2.0  983.8  114.8  271.4  2.08  -0.02  -0.60  115.5
12924.0  2.0  983.9  114.8  271.5  2.04  0.26  -0.57  115.5
12925.0  2.0  983.9  114.8  271.5  2.10  0.40  -0.56  115.5
12926.0  2.0  984.0  114.8  271.6  2.11  -0.12  -0.62  115.5
12927.0  2.0  984.1  114.8  271.6  2.03  -0.24  -0.60  115.6
12928.0  2.0  984.5  114.9  271.5  2.06  -0.15  -0.58  115.5
12929.0  2.0  984.0  114.9  271.5  2.08  -0.44  -0.57  115.6
12930.0  2.0  984.0  114.9  271.5  2.04  -0.60  -0.55  115.7
12931.0  2.0  984.4  114.9  271.4  2.08  -0.54  -0.54  115.9
12932.0  2.0  984.3  114.9  271.4  2.07  -0.20  -0.50  115.9
12933.0  2.0  984.2  114.9  271.4  1.99  -0.15  -0.48  116.1
12934.0  2.0  984.1  114.9  271.3  1.99  -0.31  -0.54  116.1
12935.0  2.0  984.2  114.9  271.3  1.99  -0.36  -0.53  116.0
12936.0  2.0  984.2  114.9  271.2  1.97  -0.30  -0.55  115.8
12937.0  2.0  983.8  114.9  271.1  2.01  -0.01  -0.53  115.8
12938.0  2.0  984.0  114.9  271.1  1.98  0.31  -0.44  115.9
12939.0  2.0  983.9  114.9  271.1  1.98  -0.03  -0.47  116.0
12940.0  2.0  983.8  114.9  271.1  1.99  -0.35  -0.52  115.9
12941.0  2.0  983.7  114.9  271.1  2.02  -0.10  -0.46  115.8
12942.0  2.0  984.2  114.9  271.1  1.98  -0.14  -0.38  115.9
12943.0  1.9  984.0  115.0  271.1  1.87  -0.34  -0.36  115.9
12944.0  2.0  983.9  115.0  271.2  1.98  -0.37  -0.42  116.0
12945.0  2.0  983.8  115.0  271.2  1.92  -0.28  -0.48  115.9
12946.0  2.0  983.9  115.0  271.2  1.92  -0.30  -0.44  116.0
12947.0  2.0  983.6  115.0  271.2  2.05  -0.39  -0.49  116.0
12948.0  1.9  983.9  115.1  271.2  1.90  -0.41  -0.47  116.1
12949.0  2.0  984.1  115.1  271.2  1.97  -0.43  -0.42  116.2
12950.0  2.0  984.3  115.1  271.2  2.03  -0.48  -0.44  116.2
12951.0  1.9  984.1  115.1  271.2  1.98  -0.47  -0.46  116.2
12952.0  2.0  984.2  115.1  271.3  2.05  -0.45  -0.37  116.4
12953.0  2.0  984.2  115.1  271.3  2.06  -0.50  -0.41  116.3
12954.0  1.9  983.9  115.0  271.4  2.02  -0.53  -0.49  116.2
12955.0  2.0  984.0  115.0  271.4  2.06  -0.31  -0.45  116.2
12956.0  2.0  984.4  115.0  271.4  2.07  -0.19  -0.40  116.0
12957.0  2.0  984.0  115.0  271.5  2.01  -0.13  -0.44  115.8
12958.0  2.0  983.8  115.0  271.5  2.05  -0.30  -0.48  115.9
12959.0  2.0  984.3  115.0  271.6  2.08  -0.48  -0.55  116.0
12960.0  2.0  984.2  115.0  271.5  2.09  -0.24  -0.50  116.0
12961.0  2.0  984.2  115.0  271.5  2.13  -0.26  -0.49  116.1
12962.0  2.0  983.9  115.0  271.6  2.11  0.42  -0.42  116.2
12963.0  1.9  984.2  115.0  271.7  2.04  2.85  -0.25  116.3
12964.0  2.0  984.0  114.9  272.1  2.14  8.32  0.09  116.4
12965.0  2.2  984.0  114.8  273.2  2.31  14.09  0.29  116.2
12966.0  2.3  984.4  114.6  275.0  2.40  18.92  0.14  116.1
12967.0  2.5  984.0  114.3  277.2  2.64  22.18  -0.12  115.9
12968.0  2.5  984.3  113.9  279.6  2.66  24.82  -0.32  115.8
12969.0  2.6  983.9  113.6  282.1  2.58  26.19  -0.46  115.5
12970.0  2.7  984.2  113.2  284.6  2.55  26.51  -0.66  115.4
12971.0  2.5  984.0  112.9  287.0  2.39  27.08  -0.68  115.3
12972.0  2.5  983.7  112.6  289.4  2.31  27.02  -0.58  115.2
12973.0  2.5  984.1  112.3  291.7  2.22  26.81  -0.56  115.2
12974.0  2.6  983.7  112.1  294.2  2.23  26.27  -0.53  115.2
12975.0  2.5  983.8  111.8  296.4  2.08  25.72  -0.51  115.3
12976.0  2.4  984.2  111.7  298.7  1.93  24.65  -0.57  115.2
12977.0  2.5  983.9  111.5  300.8  1.90  24.34  -0.46  115.2
12978.0  2.5  983.8  111.3  302.9  1.91  24.35  -0.37  115.2
12979.0  2.5  983.9  111.2  305.1  1.89  24.41  -0.37  115.2
12980.0  2.6  983.8  111.1  307.3  1.91  24.36  -0.30  115.0
12981.0  2.5  983.6  111.0  309.5  1.89  24.42  -0.26  115.2
12982.0  2.5  983.9  110.9  311.7  1.80  24.48  -0.35  115.2
12983.0  2.6  984.0  110.8  313.9  1.82  23.90  -0.44  115.2
12984.0  2.5  984.0  110.7  316.0  1.82  23.78  -0.43  115.2
12985.0  2.4  983.7  110.7  318.1  1.74  23.93  -0.37  115.2
12986.0  2.6  983.8  110.6  320.3  1.88  23.71  -0.33  115.1
12987.0  2.6  983.8  110.6  322.4  1.92  23.60  -0.28  115.0
12988.0  2.5  983.6  110.5  324.6  1.88  24.17  -0.26  115.0
12989.0  2.6  984.2  110.5  326.9  2.04  24.61  -0.23  114.9
12990.0  2.6  983.7  110.4  329.2  2.07  24.58  -0.34  115.0
12991.0  2.6  983.6  110.3  331.5  2.12  24.69  -0.37  114.9
12992.0  2.5  984.3  110.3  333.7  2.07  25.18  -0.30  114.9
12993.0  2.6  983.8  110.2  336.1  2.18  25.19  -0.36  114.8
12994.0  2.7  983.9  110.1  338.4  2.26  25.10  -0.40  114.7
12995.0  2.6  983.8  110.1  340.7  2.24  25.54  -0.26  114.6
12996.0  2.7  984.0  110.0  343.1  2.30  25.74  -0.33  114.6
12997.0  2.7  983.9  110.0  345.5  2.31  25.60  -0.30  114.6
12998.0  2.7  983.7  109.9  347.9  2.35  25.36  -0.31  114.6
12999.0  2.6  984.1  109.9  350.2  2.32  25.38  -0.32  114.5
13000.0  2.7  983.8  109.8  352.6  2.35  25.51  -0.33  114.4
13001.0  2.7  984.1  109.8  354.9  2.37  25.54  -0.38  114.3
13002.0  2.6  983.8  109.8  357.2  2.35  23.80  -0.59  114.3
13003.0  2.3  983.8  109.8  359.1  2.12  17.90  -0.90  114.3
13004.0  2.0  983.8  109.8  0.2  1.72  11.03  -1.05  114.3
13005.0  2.0  983.7  109.9  0.6  1.60  4.88  -0.99  114.5
13006.0  2.1  983.9  110.0  0.6  1.84  1.36  -0.71  114.6
13007.0  2.2  984.1  110.1  0.4  1.99  -0.26  -0.44  114.7
13008.0  2.2  983.9  110.1  0.2  2.12  -1.07  -0.34  114.6
13009.0  2.2  984.1  110.1  0.0  2.18  -1.26  -0.28  114.6
13010.0  2.1  983.9  110.1  359.9  2.11  -0.97  -0.23  114.6
13011.0  2.2  984.4  110.2  359.8  2.23  -2.04  -0.30  114.7
13012.0  2.2  984.0  110.1  359.7  2.31  -1.67  -0.31  114.7
13013.0  2.1  983.9  110.1  359.6  2.30  -1.33  -0.39  114.8
13014.0  2.0  983.8  110.1  359.5  2.21  -0.92  -0.28  114.9
13015.0  2.0  984.0  110.1  359.5  2.24  -0.92  -0.29  115.2
13016.0  2.1  984.0  110.1  359.5  2.30  -1.09  -0.30  115.1
13017.0  2.0  984.3  110.0  359.5  2.22  -1.04  -0.39  115.1
13018.0  2.0  984.0  110.0  359.5  2.16  -0.57  -0.41  115.1
13019.0  2.1  983.6  110.0  359.5  2.23  0.05  -0.43  115.0
13020.0  2.1  984.2  110.0  359.6  2.19  0.56  -0.47  114.9
13021.0  2.0  984.0  110.0  359.7  2.14  1.43  -0.53  114.9
13022.0  2.0  983.8  110.0  359.8  2.14  1.59  -0.49  114.9
13023.0  2.0  983.9  110.0  360.0  2.08  0.58  -0.58  114.9
13024.0  2.0  983.9  110.0  0.0  2.02  0.61  -0.49  115.0
13025.0  2.0  984.1  110.1  0.1  2.05  0.96  -0.42  114.9
13026.0  2.0  983.7  110.1  0.2  2.05  1.15  -0.36  114.9
13027.0  2.0  983.5  110.1  0.4  2.06  0.49  -0.46  114.9
13028.0  2.0  984.1  110.1  0.5  2.01  0.49  -0.51  114.8
13029.0  2.0  983.5  110.1  0.6  1.96  0.71  -0.48  114.8
13030.0  2.0  984.0  110.2  0.7  1.91  1.07  -0.45  114.8
13031.0  2.1  983.8  110.2  0.9  1.94  1.37  -0.44  114.9
13032.0  2.1  984.0  110.2  1.0  1.98  1.25  -0.49  114.9
13033.0  2.0  983.9  110.3  1.2  1.94  1.05  -0.55  114.9
13034.0  2.0  984.1  110.3  1.3  1.91  1.04  -0.53  114.9
13035.0  2.1  983.9  110.3  1.4  2.06  0.98  -0.56  114.8
13036.0  2.0  983.5  110.4  1.5  1.99  0.96  -0.55  114.8
13037.0  2.0  983.7  110.4  1.6  1.99  1.47  -0.52  114.8
13038.0  2.1  984.1  110.4  1.7  2.04  1.52  -0.47  114.7
13039.0  2.1  983.7  110.5  1.8  2.09  0.44  -0.49  114.8
13040.0  2.1  983.6  110.5  1.9  2.03  0.08  -0.51  114.8
13041.0  2.2  984.4  110.5  1.9  2.11  0.23  -0.47  114.8
13042.0  2.2  983.9  110.5  2.0  2.16  0.56  -0.45  114.8
13043.0  2.1  984.1  110.5  2.1  2.12  0.72  -0.48  114.8
13044.0  2.2  984.1  110.5  2.2  2.15  1.25  -0.47  114.8
13045.0  2.1  984.0  110.5  2.3  2.11  1.57  -0.44  114.8
13046.0  2.1  983.6  110.5  2.5  2.05  1.69  -0.48  114.9
13047.0  2.2  983.9  110.5  2.7  2.14  1.78  -0.50  114.9
13048.0  2.1  984.0  110.5  2.9  2.09  2.25  -0.45  114.9
13049.0  2.1  983.9  110.5  3.1  2.09  2.23  -0.49  115.0
13050.0  2.1  983.8  110.6  3.4  2.04  1.79  -0.59  115.1
13051.0  2.1  983.9  110.6  3.5  2.02  2.26  -0.56  115.2
13052.0  2.1  983.9  110.6  3.7  2.02  1.58  -0.58  115.1
13053.0  2.1  984.0  110.6  3.8  2.05  0.54  -0.62  115.1
13054.0  2.1  984.3  110.6  3.8  1.99  -0.03  -0.58  115.0
13055.0  2.1  983.9  110.6  3.8  1.98  -0.26  -0.56  115.2
13056.0  2.2  984.1  110.7  3.7  2.06  -0.63  -0.55  115.1
13057.0  2.1  983.9  110.7  3.7  2.03  -1.08  -0.50  115.1
13058.0  2.0  984.3  110.7  3.6  1.99  -0.77  -0.49  115.2
13059.0  2.1  984.1  110.7  3.5  2.03  -1.19  -0.50  115.1
13060.0  2.1  984.0  110.7  3.4  2.02  -2.06  -0.52  115.1
13061.0  2.0  983.8  110.7  3.3  2.00  -2.82  -0.55  115.0
13062.0  2.1  983.6  110.7  3.0  2.09  -3.37  -0.58  115.1
13063.0  2.0  984.0  110.7  2.7  2.04  -3.67  -0.59  115.2
13064.0  2.0  983.9  110.7  2.4  2.00  -3.67  -0.54  115.2
13065.0  2.0  984.1  110.7  2.1  2.03  -3.61  -0.50  115.3
13066.0  2.0  983.9  110.7  1.8  2.03  -3.73  -0.49  115.4
13067.0  2.1  983.9  110.7  1.5  2.11  -4.34  -0.52  115.5
13068.0  2.1  984.1  110.7  1.1  2.25  -4.50  -0.54  115.5
13069.0  2.0  984.1  110.7  0.8  2.14  -5.00  -0.58  115.5
13070.0  2.0  984.0  110.7  0.4  2.14  -5.54  -0.60  115.5
13071.0  2.1  984.0  110.6  359.9  2.20  -5.98  -0.59  115.5
13072.0  2.0  984.1  110.6  359.4  2.17  -6.23  -0.55  115.5
13073.0  2.0  984.0  110.6  358.8  2.11  -5.82  -0.50  115.4
13074.0  2.0  984.3  110.5  358.4  2.11  -5.07  -0.49  115.4
13075.0  2.0  983.8  110.5  358.0  2.10  -4.81  -0.49  115.3
13076.0  2.0  983.9  110.5  357.7  2.07  -3.69  -0.47  115.3
13077.0  2.0  984.0  110.5  357.4  2.06  -1.89  -0.37  115.4
13078.0  1.9  984.4  110.5  357.4  1.79  -0.70  -0.33  115.4
13079.0  2.0  984.0  110.5  357.4  1.85  0.39  -0.35  115.5
13080.0  2.0  983.8  110.6  357.6  1.87  0.61  -0.43  115.5
13081.0  2.0  984.0  110.6  357.7  1.91  0.34  -0.52  115.5
13082.0  2.0  984.1  110.6  357.8  1.93  0.32  -0.56  115.5
13083.0  2.0  983.9  110.7  357.9  1.96  0.07  -0.59  115.7
13084.0  2.0  983.9  110.7  357.9  1.93  0.31  -0.52  115.7
13085.0  2.0  983.8  110.7  357.9  1.94  0.22  -0.52  115.7
13086.0  2.0  983.8  110.7  357.9  1.96  -0.13  -0.53  115.8
13087.0  2.0  983.8  110.7  357.9  1.96  0.01  -0.50  115.7
13088.0  2.1  983.9  110.7  358.0  2.06  0.16  -0.49  115.7
13089.0  2.0  984.1  110.7  358.0  2.02  -0.15  -0.50  115.7
13090.0  2.0  983.7  110.7  358.0  2.02  -0.48  -0.50  115.7
13091.0  2.0  983.8  110.7  358.0  1.99  -0.05  -0.48  115.7
13092.0  2.0  983.9  110.7  358.0  2.02  0.25  -0.46  115.6
13093.0  2.0  983.9  110.7  358.1  2.03  0.02  -0.42  115.7
13094.0  2.0  983.8  110.7  358.1  1.99  -0.33  -0.52  115.7
13095.0  2.0  984.1  110.7  358.1  1.99  -0.18  -0.50  115.8
13096.0  2.0  983.8  110.7  358.1  1.97  -0.20  -0.46  116.2
13097.0  2.0  984.0  110.7  358.1  2.00  -0.26  -0.46  116.2
