flight/WP3D/AircraftMet_NP3_20130622_RA.ict
45  1001
Ken Aikin
NOAA ESRL Chemical Sciences Division
various aircraft sensors
SENEX 2013
1  1
2013  06  22  2013  06  22
1
AOCTimewave
10
1  1  1  1  1  1  1  1  1  1
-9999  -9999  -9999  -9999  -9999  -9999  -9999  -9999  -9999  -9999
AmbTemp  C
DewPtTemp  C
DewPtTempTDL  C
H2Omr  g/kg
PotTemp  K
RelHumidity  pct
StaticPrs  mbar
VertWindSpd  m/s
WindDir  deg
WindSpd  m/s
3
SPECIAL COMMENTS:Atlanta flight. AOC data system crash between 20:45:42 and 21:09:09. 
New TDL Dew Pt Temp instrument for this flight.
No H2O  PoTemp  H2Omr from takeoff until about 1615 for now. Order of parameters in AOC data stream had been changed. Switched back at 16:15.
18
PI_CONTACT_INFO: Address: NOAA ESRL Chemical Sciences Division  Mail Stop R/CSD7  325 Broadway  Boulder  CO 80305
PLATFORM: NOAA WP-3D
LOCATION: The aircraft was stationed in  Smyrna  Tennessee. Aircraft location information in AircraftPosition file.
ASSOCIATED_DATA: N/A
INSTRUMENT_INFO: N/A
DATA_INFO: Units:AmbTemp celcius; DewPtTemp celcius; DewPtTempTDL celcius; H2Omr g/kg; PotTemp kelvin; RelHumidity percent; StaticPrs millibar; VertWindSpd m/s; WindDir degrees; WindSpd m/s
UNCERTAINTY: N/A
ULOD_FLAG: -7777
ULOD_VALUE: N/A
LLOD_FLAG: -8888
LLOD_VALUE: N/A
DM_CONTACT_INFO: Data Manager:Ken Aikin; email:Kenneth.C.Aikin@noaa.gov
PROJECT_INFO: SENEX 2013 Study; June 1 - July 15  2013
STIPULATIONS_ON_USE: Use of these data require prior ok from PI.
OTHER_COMMENTS:       None
REVISION: RA
RA: Preliminary Data.  For in-field use.
AOCTimewave  AmbTemp  DewPtTemp  DewPtTempTDL  H2Omr  PotTemp  RelHumidity  StaticPrs  VertWindSpd  WindDir  WindSpd
[from data line 23623]
77700.0  24.660  15.340  -1.530  11.61  302.26  55.30  949.40  0.66  98.15  3.59
77701.0  24.660  15.340  -1.340  11.62  302.27  55.29  949.27  0.45  99.64  3.39
77702.0  24.640  15.310  -1.320  11.60  302.24  55.28  949.33  0.86  96.44  3.72
77703.0  24.740  15.330  -1.090  11.61  302.36  55.01  949.14  0.94  99.25  3.36
77704.0  24.740  15.340  -1.120  11.62  302.39  55.02  948.87  0.38  105.88  3.91
77705.0  24.760  15.360  -1.140  11.64  302.41  55.04  948.83  0.05  112.78  4.25
77706.0  24.670  15.400  -1.190  11.67  302.33  55.48  948.77  -0.48  113.52  3.44
77707.0  24.690  15.420  -1.450  11.69  302.33  55.50  948.94  -0.78  115.69  3.49
77708.0  24.660  15.430  -1.270  11.69  302.28  55.61  949.13  -0.47  109.95  3.60
77709.0  24.700  15.430  -1.200  11.69  302.32  55.48  949.15  0.06  118.60  3.15
77710.0  24.660  15.450  -1.200  11.70  302.28  55.70  949.17  0.32  116.17  3.80
77711.0  24.620  15.430  -1.110  11.69  302.26  55.75  949.00  -0.14  107.51  4.62
77712.0  24.700  15.420  -1.120  11.68  302.32  55.46  949.15  0.12  112.96  4.78
77713.0  24.690  15.420  -1.140  11.68  302.32  55.48  949.14  -0.12  117.23  4.95
77714.0  24.690  15.450  -1.160  11.70  302.32  55.59  949.16  -0.80  117.94  4.50
77715.0  24.670  15.450  -1.340  11.70  302.28  55.66  949.27  -0.88  123.35  4.41
77716.0  24.650  15.470  -1.320  11.72  302.26  55.82  949.28  -0.92  114.84  4.61
77717.0  24.700  15.450  -1.360  11.70  302.31  55.57  949.24  -0.82  118.33  4.19
77718.0  24.660  15.480  -1.430  11.72  302.27  55.79  949.30  -0.90  115.05  3.83
77719.0  24.660  15.450  -1.470  11.70  302.26  55.69  949.45  -0.80  121.71  3.57
77720.0  24.650  15.450  -1.300  11.70  302.24  55.74  949.55  -0.69  120.05  3.06
77721.0  24.660  15.430  -1.310  11.68  302.23  55.62  949.71  -0.88  114.08  3.35
77722.0  24.680  15.430  -1.280  11.68  302.26  55.55  949.57  0.20  114.80  3.44
77723.0  24.750  15.420  -0.660  11.68  302.33  55.28  949.62  0.56  125.57  4.29
77724.0  24.750  15.500  -0.720  11.74  302.34  55.56  949.44  0.58  136.91  4.08
77725.0  24.670  15.530  -0.760  11.76  302.28  55.94  949.31  0.39  131.28  3.71
77726.0  24.650  15.580  -1.140  11.80  302.26  56.20  949.21  -0.19  130.88  3.46
77727.0  24.590  15.630  -1.520  11.84  302.21  56.59  949.26  -0.71  121.32  3.18
77728.0  24.610  15.640  -1.460  11.85  302.21  56.56  949.35  -0.89  110.26  3.48
77729.0  24.650  15.660  -1.340  11.86  302.26  56.49  949.27  -0.66  115.60  3.36
77730.0  24.640  15.640  -1.190  11.85  302.27  56.44  949.14  -0.45  122.02  3.25
77731.0  24.610  15.660  -1.150  11.87  302.24  56.63  949.13  -0.87  114.37  3.45
77732.0  24.640  15.690  -1.230  11.89  302.25  56.65  949.20  -0.52  117.74  3.54
77733.0  24.700  15.690  -1.050  11.89  302.32  56.43  949.22  0.63  131.24  3.75
77734.0  24.700  15.690  -0.740  11.89  302.34  56.41  949.05  0.40  135.46  4.22
77735.0  24.650  15.760  -0.780  11.95  302.29  56.86  949.02  0.35  136.38  3.96
77736.0  24.660  15.770  -0.850  11.95  302.29  56.88  949.01  -0.03  136.96  4.13
77737.0  24.640  15.840  -1.030  12.00  302.28  57.17  949.04  -0.98  130.76  4.92
77738.0  24.550  15.840  -1.340  12.00  302.18  57.50  949.04  -0.85  117.56  4.39
77739.0  24.640  15.830  -1.550  11.99  302.25  57.16  949.23  -0.47  119.59  4.21
77740.0  24.650  15.750  -1.550  11.93  302.26  56.82  949.28  -0.02  121.13  4.21
77741.0  24.730  15.700  -1.600  11.90  302.36  56.38  949.05  -0.38  123.79  4.80
77742.0  24.670  15.650  -1.560  11.86  302.28  56.39  949.22  -0.26  123.52  4.58
77743.0  24.730  15.600  -1.470  11.81  302.35  55.98  949.25  -0.38  125.79  4.73
77744.0  24.690  15.620  -1.510  11.83  302.29  56.21  949.39  0.05  122.85  4.48
77745.0  24.680  15.570  -1.510  11.80  302.29  56.06  949.36  -0.26  126.47  4.29
77746.0  24.680  15.600  -1.510  11.82  302.29  56.19  949.30  -0.58  122.97  4.68
77747.0  24.690  15.600  -1.450  11.82  302.30  56.13  949.30  -0.20  124.30  4.43
77748.0  24.680  15.550  -1.420  11.78  302.29  55.99  949.31  -0.07  124.48  4.85
77749.0  24.730  15.550  -1.420  11.78  302.34  55.82  949.26  -0.74  120.57  6.12
77750.0  24.660  15.530  -0.960  11.76  302.27  55.98  949.36  -0.55  120.29  5.87
77751.0  24.670  15.500  -0.200  11.74  302.28  55.85  949.35  -0.25  117.73  5.53
77752.0  24.730  15.500  -0.020  11.74  302.34  55.64  949.32  0.02  123.63  5.08
77753.0  24.700  15.470  -0.210  11.72  302.31  55.64  949.32  0.58  128.41  5.09
77754.0  24.740  15.470  -0.610  11.72  302.35  55.51  949.25  0.66  134.39  5.58
77755.0  24.650  15.470  -0.140  11.72  302.27  55.82  949.07  0.62  129.13  5.26
77756.0  24.630  15.550  0.290  11.78  302.28  56.15  948.87  0.40  127.74  4.34
77757.0  24.600  15.570  0.270  11.80  302.23  56.36  948.97  0.06  127.85  3.53
77758.0  24.640  15.600  0.090  11.82  302.29  56.30  948.87  0.26  122.34  3.56
77759.0  24.670  15.640  -0.300  11.86  302.34  56.35  948.71  1.08  125.75  3.58
77760.0  24.630  15.700  -0.370  11.90  302.29  56.70  948.77  0.90  116.86  3.83
77761.0  24.670  15.750  -0.250  11.94  302.31  56.79  948.91  0.71  135.94  2.49
77762.0  24.700  15.820  -0.160  12.00  302.33  56.94  948.99  0.45  131.36  3.20
77763.0  24.690  15.870  0.020  12.03  302.34  57.13  948.90  1.02  133.57  3.89
77764.0  24.710  15.940  -0.160  12.09  302.35  57.34  949.01  0.38  132.04  4.66
77765.0  24.600  16.000  -0.200  12.13  302.24  57.94  948.90  -0.45  124.81  4.03
77766.0  24.650  16.090  -0.550  12.21  302.31  58.10  948.75  -0.04  125.33  4.15
77767.0  24.650  16.090  -0.390  12.21  302.33  58.10  948.62  0.60  129.76  4.37
77768.0  24.580  16.140  -0.180  12.26  302.27  58.58  948.29  0.08  125.74  3.94
77769.0  24.580  16.170  -0.510  12.28  302.30  58.68  947.97  -0.42  121.51  4.33
77770.0  24.600  16.200  -1.090  12.30  302.34  58.67  947.89  -0.60  119.23  3.96
77771.0  24.620  16.200  -1.490  12.31  302.36  58.63  947.82  -0.67  121.39  3.81
77772.0  24.670  16.130  -1.620  12.25  302.42  58.17  947.74  -0.70  124.26  3.65
77773.0  24.610  16.080  -1.760  12.21  302.36  58.19  947.76  -0.81  122.05  3.36
77774.0  24.610  16.020  -1.490  12.16  302.35  57.99  947.77  -0.45  120.10  4.01
77775.0  24.610  15.990  -1.390  12.14  302.38  57.85  947.59  -0.80  120.67  3.99
77776.0  24.590  15.920  -1.440  12.09  302.36  57.68  947.48  -0.67  117.73  4.09
77777.0  24.550  15.900  -1.400  12.07  302.31  57.77  947.62  -0.72  121.50  3.67
77778.0  24.560  15.810  -1.480  12.00  302.33  57.37  947.58  -0.72  118.96  3.55
77779.0  24.610  15.760  -1.490  11.96  302.37  57.01  947.61  -1.05  119.97  3.70
77780.0  24.580  15.660  -1.420  11.88  302.34  56.72  947.71  -0.93  122.31  3.94
77781.0  24.590  15.610  -1.130  11.84  302.34  56.51  947.82  -0.42  123.31  3.99
77782.0  24.570  15.560  -0.310  11.81  302.30  56.43  947.96  -0.66  120.28  4.18
77783.0  24.590  15.540  0.090  11.79  302.31  56.27  947.97  -0.43  123.59  3.98
77784.0  24.610  15.480  -0.160  11.75  302.34  55.99  947.97  -0.42  127.23  4.15
77785.0  24.590  15.430  -0.100  11.71  302.31  55.88  948.06  -0.29  127.76  4.27
77786.0  24.540  15.390  0.230  11.67  302.27  55.88  947.92  -0.38  123.34  3.79
77787.0  24.590  15.430  0.290  11.71  302.33  55.86  947.86  0.27  126.43  3.71
77788.0  24.630  15.430  0.110  11.71  302.37  55.73  947.91  0.34  132.08  4.14
77789.0  24.600  15.480  -0.580  11.74  302.33  56.02  947.92  -0.23  130.10  4.39
77790.0  24.570  15.550  -1.280  11.80  302.31  56.40  947.87  -0.45  118.75  4.21
77791.0  24.590  15.530  -0.900  11.78  302.33  56.22  947.89  -0.28  118.96  4.12
77792.0  24.660  15.570  -0.660  11.81  302.39  56.12  948.00  -0.29  115.75  4.24
77793.0  24.740  15.580  -0.560  11.82  302.47  55.90  947.97  -0.47  117.16  4.36
77794.0  24.710  15.530  -0.320  11.78  302.44  55.83  947.91  -0.52  115.61  4.12
77795.0  24.720  15.530  -0.360  11.78  302.46  55.78  947.90  -0.20  120.34  3.90
77796.0  24.700  15.520  -0.520  11.77  302.43  55.81  947.89  -0.29  116.67  3.83
77797.0  24.680  15.470  -0.290  11.73  302.42  55.67  947.95  -0.22  113.86  3.91
77798.0  24.680  15.410  -0.870  11.69  302.42  55.49  947.84  -0.53  113.25  3.80
77799.0  24.720  15.420  -1.260  11.69  302.45  55.38  947.88  -0.66  115.64  3.59
77800.0  24.710  15.400  -0.980  11.68  302.45  55.33  947.93  -0.66  119.23  3.75
77801.0  24.740  15.430  -1.340  11.70  302.48  55.32  947.96  -0.62  126.02  3.81
77802.0  24.680  15.430  -1.430  11.70  302.41  55.54  947.93  -0.69  123.54  4.20
77803.0  24.700  15.380  -1.450  11.66  302.44  55.28  947.90  -0.50  129.07  4.12
77804.0  24.680  15.360  -1.360  11.65  302.41  55.32  947.97  -0.15  131.71  3.72
77805.0  24.660  15.320  -0.960  11.62  302.41  55.21  947.79  0.48  135.03  3.84
77806.0  24.630  15.270  0.140  11.59  302.39  55.15  947.66  -0.48  133.18  3.71
77807.0  24.640  15.380  -0.610  11.66  302.38  55.50  947.86  -0.37  138.97  4.10
77808.0  24.690  15.420  -0.400  11.70  302.44  55.51  947.75  -0.04  142.91  4.40
77809.0  24.640  15.460  -1.000  11.73  302.41  55.79  947.53  -0.36  149.34  4.11
77810.0  24.570  15.480  -1.090  11.75  302.33  56.12  947.58  -0.08  141.28  3.30
77811.0  24.640  15.510  -0.980  11.77  302.40  55.98  947.58  0.63  132.93  3.50
77812.0  24.640  15.560  -0.730  11.81  302.41  56.19  947.55  1.73  127.95  3.82
77813.0  24.640  15.680  -0.590  11.90  302.41  56.61  947.49  1.65  128.17  3.17
77814.0  24.710  15.740  -0.880  11.95  302.50  56.57  947.33  0.65  126.65  4.15
77815.0  24.720  15.760  -0.780  11.96  302.52  56.60  947.26  0.64  135.63  4.81
77816.0  24.680  15.810  -0.490  12.01  302.49  56.93  947.05  -0.61  135.87  4.23
77817.0  24.630  15.800  -0.530  12.00  302.47  57.08  946.79  -1.38  130.22  4.92
77818.0  24.610  15.880  -1.200  12.07  302.47  57.46  946.56  -1.40  126.90  4.40
77819.0  24.620  15.920  -1.180  12.11  302.51  57.55  946.19  -1.24  122.09  4.33
77820.0  24.600  15.900  -1.170  12.09  302.50  57.58  946.01  -1.22  122.56  4.49
77821.0  24.580  15.920  -1.140  12.12  302.52  57.74  945.59  -1.25  117.39  4.76
77822.0  24.560  15.920  -1.110  12.12  302.53  57.80  945.26  -1.51  117.21  5.08
77823.0  24.530  15.850  -1.100  12.07  302.55  57.60  944.86  -1.22  122.67  4.53
77824.0  24.590  15.760  -1.100  12.00  302.62  57.08  944.64  0.14  128.96  5.44
77825.0  24.520  15.750  -0.950  12.00  302.57  57.31  944.39  0.14  130.61  5.96
77826.0  24.460  15.800  -0.710  12.04  302.58  57.67  943.73  0.20  137.47  5.73
77827.0  24.350  15.770  -0.130  12.03  302.49  57.99  943.33  1.23  127.63  5.34
77828.0  24.290  15.780  0.050  12.04  302.46  58.20  943.12  1.41  124.83  4.41
77829.0  24.300  15.770  -0.050  12.04  302.49  58.16  942.85  1.15  116.52  5.01
77830.0  24.260  15.770  -0.610  12.03  302.44  58.29  942.96  1.15  121.22  4.16
77831.0  24.330  15.790  -0.510  12.04  302.50  58.12  943.02  1.81  135.85  3.70
77832.0  24.300  15.840  -0.470  12.09  302.48  58.43  942.96  2.54  150.16  2.22
77833.0  24.270  15.850  -0.130  12.09  302.42  58.56  943.18  2.15  163.31  2.13
77834.0  24.350  15.870  -0.090  12.10  302.49  58.35  943.33  2.11  146.23  3.60
77835.0  24.350  15.890  -0.310  12.12  302.49  58.43  943.46  1.41  149.28  3.47
77836.0  24.350  15.960  -0.290  12.17  302.46  58.71  943.74  1.03  138.59  4.43
77837.0  24.350  16.010  -0.370  12.21  302.46  58.90  943.68  0.47  138.70  4.37
77838.0  24.310  16.050  -0.470  12.24  302.42  59.16  943.78  0.50  124.72  4.78
77839.0  24.360  16.070  -0.500  12.26  302.46  59.08  943.83  0.14  128.62  4.57
77840.0  24.330  16.120  -0.610  12.30  302.42  59.37  944.05  0.75  135.37  2.92
77841.0  24.400  16.150  -0.510  12.32  302.47  59.24  944.10  0.84  142.86  2.79
77842.0  24.330  16.200  -0.540  12.36  302.42  59.69  943.87  0.11  124.91  3.10
77843.0  24.410  16.200  -0.610  12.36  302.52  59.38  943.79  0.38  141.92  2.93
77844.0  24.380  16.200  -0.450  12.36  302.47  59.51  943.86  0.34  129.23  3.03
77845.0  24.380  16.170  -0.320  12.34  302.49  59.37  943.71  0.32  127.92  3.80
77846.0  24.370  16.160  -0.500  12.33  302.48  59.38  943.72  -0.38  128.21  3.16
77847.0  24.380  16.190  -0.630  12.35  302.49  59.47  943.74  -0.09  128.41  4.15
77848.0  24.390  16.140  -0.340  12.31  302.51  59.21  943.67  -0.28  119.08  5.49
77849.0  24.280  16.160  -0.320  12.33  302.40  59.70  943.64  0.19  114.52  4.40
77850.0  24.350  16.120  -0.260  12.30  302.48  59.30  943.52  0.27  118.67  3.01
77851.0  24.350  16.150  -0.510  12.33  302.49  59.42  943.38  0.38  111.39  2.47
77852.0  24.420  16.120  -1.040  12.31  302.57  59.06  943.26  0.16  114.16  3.20
77853.0  24.390  16.070  -1.120  12.26  302.55  58.97  943.18  0.29  111.93  3.13
77854.0  24.350  16.020  -0.880  12.23  302.52  58.92  943.06  0.24  108.03  3.19
77855.0  24.390  16.010  -0.840  12.22  302.57  58.75  942.96  0.55  111.39  3.09
77856.0  24.360  15.950  -0.370  12.17  302.55  58.60  942.82  0.39  120.16  3.09
77857.0  24.380  15.990  -0.130  12.21  302.58  58.70  942.74  0.58  129.27  3.08
77858.0  24.380  15.990  -0.500  12.21  302.59  58.68  942.65  -0.26  123.60  4.28
77859.0  24.420  16.020  -1.040  12.23  302.63  58.66  942.60  -1.10  122.67  4.89
77860.0  24.460  15.970  -1.350  12.19  302.66  58.35  942.74  -1.05  127.84  4.72
77861.0  24.420  15.940  -1.470  12.17  302.60  58.38  942.91  -1.48  130.70  4.55
77862.0  24.430  15.890  -1.230  12.13  302.61  58.14  943.02  -0.95  129.94  4.67
77863.0  24.370  15.840  -1.090  12.09  302.55  58.17  943.03  -0.61  128.07  4.84
77864.0  24.360  15.820  -0.860  12.07  302.54  58.12  942.97  -0.53  130.83  4.82
77865.0  24.360  15.770  -0.780  12.03  302.53  57.95  943.01  -0.76  129.98  4.74
77866.0  24.310  15.740  -0.720  12.01  302.49  58.01  942.99  -0.99  130.76  4.58
77867.0  24.380  15.670  -0.660  11.96  302.57  57.49  942.95  -0.51  129.16  4.90
77868.0  24.350  15.700  -0.770  11.98  302.54  57.68  942.94  -0.38  140.76  4.38
77869.0  24.270  15.680  -0.680  11.96  302.44  57.93  943.00  -0.20  130.82  3.85
77870.0  24.310  15.750  -0.520  12.02  302.49  58.04  943.01  -0.53  130.51  4.03
77871.0  24.250  15.750  -0.580  12.02  302.42  58.26  943.08  -0.73  124.98  3.75
77872.0  24.360  15.810  -0.470  12.06  302.52  58.08  943.13  -0.56  127.57  4.21
77873.0  24.320  15.740  -0.470  12.01  302.47  57.98  943.23  -0.79  130.96  4.34
77874.0  24.360  15.730  -0.460  11.99  302.51  57.77  943.30  -0.66  135.07  4.24
77875.0  24.330  15.700  -0.610  11.97  302.48  57.79  943.25  -0.85  143.06  4.26
77876.0  24.350  15.730  -0.540  11.99  302.51  57.81  943.17  -0.54  143.61  4.16
77877.0  24.300  15.800  -0.590  12.05  302.46  58.23  943.25  -0.51  147.54  4.26
77878.0  24.330  15.820  -0.470  12.07  302.51  58.22  943.01  0.07  148.50  4.48
77879.0  24.280  15.870  -0.380  12.11  302.46  58.60  942.96  -0.29  151.36  4.06
77880.0  24.240  15.900  -0.490  12.14  302.44  58.85  942.78  -0.54  134.18  3.96
77881.0  24.290  15.960  -0.500  12.18  302.49  58.89  942.80  -0.48  138.08  4.16
77882.0  24.310  15.990  -0.470  12.21  302.50  58.93  942.86  0.36  139.48  4.57
77883.0  24.200  16.040  -0.480  12.25  302.40  59.57  942.66  1.61  119.80  3.11
77884.0  24.370  16.020  -0.630  12.24  302.58  58.85  942.60  1.40  108.97  2.64
77885.0  24.320  16.010  -0.530  12.23  302.54  59.00  942.59  1.81  115.99  2.38
77886.0  24.320  16.010  -0.560  12.23  302.55  59.01  942.39  1.11  119.03  2.50
77887.0  24.340  16.030  -1.110  12.25  302.59  59.03  942.21  -0.22  113.07  2.85
77888.0  24.350  15.960  -0.870  12.19  302.61  58.71  942.12  -0.51  118.40  3.13
77889.0  24.330  15.950  0.060  12.19  302.59  58.72  942.09  -1.12  111.05  3.27
77890.0  24.370  15.920  0.270  12.16  302.61  58.45  942.33  -0.88  115.91  3.04
77891.0  24.370  15.870  0.390  12.12  302.60  58.28  942.41  -0.46  124.13  2.89
77892.0  24.380  15.880  0.450  12.12  302.60  58.27  942.54  -0.19  127.00  2.87
