flight/WP3D/AircraftMet_NP3_20130705_RA.ict
43  1001
Ken Aikin
NOAA ESRL Chemical Sciences Division
various aircraft sensors
SENEX 2013
1  1
2013  07  05  2013  07  05
1
AOCTimewave
10
1  1  1  1  1  1  1  1  1  1
-9999  -9999  -9999  -9999  -9999  -9999  -9999  -9999  -9999  -9999
AmbTemp  C
DewPtTemp  C
DewPtTempTDL  C
H2Omr  g/kg
PotTemp  K
RelHumidity  pct
StaticPrs  mbar
VertWindSpd  m/s
WindDir  deg
WindSpd  m/s
1
SPECIAL COMMENTS:St. Louis  power plants.
18
PI_CONTACT_INFO: Address: NOAA ESRL Chemical Sciences Division  Mail Stop R/CSD7  325 Broadway  Boulder  CO 80305
PLATFORM: NOAA WP-3D
LOCATION: The aircraft was stationed in  Smyrna  Tennessee. Aircraft location information in AircraftPosition file.
ASSOCIATED_DATA: N/A
INSTRUMENT_INFO: N/A
DATA_INFO: Units:AmbTemp celcius; DewPtTemp celcius; DewPtTempTDL celcius; H2Omr g/kg; PotTemp kelvin; RelHumidity percent; StaticPrs millibar; VertWindSpd m/s; WindDir degrees; WindSpd m/s
UNCERTAINTY: N/A
ULOD_FLAG: -7777
ULOD_VALUE: N/A
LLOD_FLAG: -8888
LLOD_VALUE: N/A
DM_CONTACT_INFO: Data Manager:Ken Aikin; email:Kenneth.C.Aikin@noaa.gov
PROJECT_INFO: SENEX 2013 Study; June 1 - July 15  2013
STIPULATIONS_ON_USE: Use of these data require prior ok from PI.
OTHER_COMMENTS:       None
REVISION: RA
RA: Preliminary Data.  For in-field use.
AOCTimewave  AmbTemp  DewPtTemp  DewPtTempTDL  H2Omr  PotTemp  RelHumidity  StaticPrs  VertWindSpd  WindDir  WindSpd
[from data line 7624]
61184.0  19.820  14.650  -1.360  11.26  298.52  71.57  936.35  -0.07  117.55  2.21
61185.0  19.810  14.650  -1.700  11.26  298.53  71.60  936.26  0.01  120.41  2.34
61186.0  19.790  14.660  -1.840  11.27  298.51  71.76  936.18  0.00  121.24  2.23
61187.0  19.800  14.630  -1.920  11.25  298.52  71.58  936.12  -0.02  122.63  2.29
61188.0  19.780  14.610  -2.200  11.23  298.52  71.55  935.98  0.01  121.99  2.31
61189.0  19.790  14.560  -2.170  11.20  298.52  71.32  936.00  0.00  121.53  2.44
61190.0  19.780  14.510  -1.960  11.17  298.52  71.12  935.95  0.08  119.43  2.41
61191.0  19.780  14.470  -1.390  11.13  298.52  70.93  935.87  0.24  116.02  2.43
61192.0  19.810  14.460  -0.410  11.13  298.55  70.75  936.02  0.31  113.47  2.63
61193.0  19.810  14.490  -0.410  11.14  298.53  70.87  936.09  0.39  113.91  2.69
61194.0  19.800  14.490  -0.460  11.15  298.52  70.93  936.14  0.30  113.82  2.69
61195.0  19.800  14.510  -0.430  11.16  298.52  71.04  936.19  0.19  113.57  2.58
61196.0  19.760  14.540  -0.070  11.18  298.49  71.31  936.10  0.14  113.39  2.56
61197.0  19.750  14.540  -0.060  11.18  298.47  71.37  936.11  0.01  113.83  2.44
61198.0  19.750  14.610  -0.160  11.23  298.46  71.71  936.28  -0.05  117.56  2.22
61199.0  19.730  14.640  -1.060  11.26  298.45  71.95  936.17  -0.11  120.23  2.16
61200.0  19.740  14.620  -0.790  11.24  298.47  71.82  935.99  -0.08  114.88  1.89
61201.0  19.730  14.640  -0.110  11.26  298.47  71.95  935.96  -0.06  113.87  1.76
61202.0  19.740  14.690  -0.070  11.30  298.49  72.13  935.89  0.19  114.63  1.83
61203.0  19.740  14.830  -0.100  11.40  298.48  72.79  935.98  0.23  115.46  1.94
61204.0  19.730  14.870  -0.440  11.42  298.46  73.01  936.12  0.50  117.97  2.21
61205.0  19.740  14.930  -0.780  11.48  298.46  73.31  936.09  0.45  117.35  2.24
61206.0  19.740  15.010  -0.930  11.53  298.48  73.65  935.94  0.49  115.64  2.12
61207.0  19.720  15.040  -0.680  11.56  298.46  73.92  935.89  0.52  112.16  1.96
61208.0  19.720  15.090  -0.130  11.59  298.47  74.11  935.88  0.28  111.62  1.82
61209.0  19.750  15.110  -0.440  11.61  298.50  74.09  935.88  0.30  114.37  1.82
61210.0  19.730  15.110  -1.230  11.61  298.46  74.21  935.96  0.30  117.42  1.81
61211.0  19.720  15.090  -1.050  11.60  298.46  74.14  935.99  0.15  113.50  1.81
61212.0  19.750  15.080  -0.640  11.58  298.48  73.94  936.01  0.06  111.71  1.76
61213.0  19.730  15.040  -0.420  11.56  298.46  73.90  936.03  0.06  111.88  1.77
61214.0  19.700  15.040  -0.520  11.56  298.44  73.97  935.97  0.09  112.24  1.78
61215.0  19.740  15.010  -0.580  11.54  298.48  73.66  935.93  0.17  111.76  1.88
61216.0  19.760  15.050  -0.540  11.57  298.49  73.79  936.00  0.05  109.82  1.97
61217.0  19.740  15.070  -0.530  11.58  298.46  73.98  936.11  0.03  107.37  1.97
61218.0  19.720  15.070  -0.630  11.58  298.45  74.04  936.01  0.20  107.84  1.89
61219.0  19.760  15.000  -0.970  11.53  298.50  73.55  935.96  0.18  109.32  1.96
61220.0  19.720  14.990  -1.150  11.52  298.45  73.71  935.97  0.17  112.13  2.05
61221.0  19.720  15.000  -1.190  11.52  298.44  73.72  936.07  0.19  113.01  2.15
61222.0  19.750  14.980  -1.360  11.51  298.49  73.47  935.95  0.33  111.17  2.18
61223.0  19.710  14.970  -1.000  11.51  298.44  73.63  936.06  0.41  109.32  2.17
61224.0  19.710  14.980  -0.770  11.51  298.44  73.64  936.04  0.54  109.33  2.13
61225.0  19.750  14.970  -0.790  11.50  298.46  73.43  936.24  0.46  108.28  2.13
61226.0  19.750  14.960  -0.640  11.49  298.46  73.38  936.31  0.36  106.65  2.21
61227.0  19.770  14.980  -0.710  11.51  298.47  73.39  936.36  0.37  108.27  2.33
61228.0  19.810  15.010  -0.950  11.53  298.51  73.34  936.41  0.32  104.75  2.15
61229.0  19.780  15.010  -0.520  11.54  298.50  73.51  936.14  0.35  104.31  2.13
61230.0  19.730  15.030  -0.420  11.55  298.44  73.83  936.20  0.41  104.20  2.21
61231.0  19.740  15.040  -0.430  11.55  298.45  73.80  936.21  0.51  105.55  2.27
61232.0  19.750  15.060  -0.430  11.57  298.46  73.85  936.20  0.38  104.04  2.38
61233.0  19.730  15.060  -0.430  11.57  298.44  73.97  936.24  0.28  102.69  2.54
61234.0  19.770  15.080  -0.410  11.59  298.48  73.89  936.22  0.15  100.19  2.66
61235.0  19.750  15.090  -0.460  11.59  298.46  73.98  936.29  0.06  100.79  2.64
61236.0  19.730  15.110  -0.520  11.60  298.43  74.18  936.33  -0.06  102.66  2.60
61237.0  19.790  15.130  -0.660  11.62  298.49  74.02  936.39  -0.16  103.58  2.67
61238.0  19.840  15.180  -0.800  11.66  298.52  74.04  936.52  -0.14  100.95  2.64
61239.0  19.780  15.210  -0.300  11.68  298.46  74.48  936.54  -0.14  99.80  2.59
61240.0  19.800  15.270  -0.310  11.72  298.49  74.65  936.41  -0.09  100.74  2.68
61241.0  19.850  15.290  -0.520  11.74  298.54  74.52  936.41  -0.02  103.49  2.68
61242.0  19.860  15.290  -1.040  11.74  298.55  74.48  936.42  -0.02  108.60  2.73
61243.0  19.910  15.290  -1.430  11.74  298.62  74.22  936.29  0.12  110.31  2.79
61244.0  19.960  15.280  -1.640  11.74  298.68  73.96  936.20  0.13  110.90  2.71
61245.0  19.970  15.260  -1.780  11.72  298.69  73.80  936.17  0.12  111.92  2.60
61246.0  19.960  15.210  -1.720  11.68  298.68  73.59  936.20  0.00  111.48  2.58
61247.0  19.940  15.150  -1.510  11.64  298.66  73.44  936.14  0.03  109.74  2.70
61248.0  19.980  15.130  -1.690  11.62  298.70  73.11  936.22  -0.04  114.17  2.77
61249.0  19.980  15.080  -1.700  11.59  298.71  72.88  936.15  -0.01  112.55  2.56
61250.0  19.950  15.050  -1.630  11.56  298.67  72.89  936.19  -0.20  110.39  2.47
61251.0  19.970  15.000  -1.500  11.53  298.69  72.57  936.21  -0.26  110.06  2.79
61252.0  20.050  14.980  -1.790  11.51  298.77  72.09  936.16  -0.27  108.48  3.13
61253.0  20.020  14.930  -1.760  11.47  298.75  71.99  936.03  -0.32  110.35  3.04
61254.0  20.000  14.910  -1.760  11.46  298.72  72.00  936.20  -0.28  113.05  2.64
61255.0  19.980  14.860  -1.750  11.42  298.71  71.85  936.13  -0.24  119.56  2.59
61256.0  19.980  14.810  -1.720  11.38  298.69  71.61  936.26  -0.27  121.40  2.49
61257.0  19.970  14.780  -1.730  11.36  298.67  71.50  936.42  -0.09  117.33  2.34
61258.0  19.980  14.730  -1.350  11.32  298.68  71.22  936.36  -0.01  117.85  2.41
61259.0  19.970  14.740  -1.550  11.33  298.67  71.36  936.37  0.10  120.96  2.31
61260.0  19.970  14.710  -1.440  11.30  298.67  71.19  936.36  0.23  114.92  2.37
61261.0  20.020  14.750  -1.400  11.33  298.72  71.16  936.39  -0.13  120.23  3.01
61262.0  20.010  14.760  -1.640  11.34  298.71  71.23  936.49  -0.33  116.72  2.69
61263.0  20.040  14.770  -1.740  11.35  298.73  71.14  936.55  -0.36  112.80  2.54
61264.0  20.050  14.740  -1.970  11.33  298.75  70.97  936.43  -0.29  105.59  2.25
61265.0  20.040  14.730  -1.790  11.32  298.73  70.99  936.45  -0.21  103.67  2.30
61266.0  20.080  14.760  -1.990  11.34  298.78  70.90  936.44  -0.01  106.00  2.33
61267.0  20.150  14.740  -2.460  11.33  298.85  70.55  936.42  0.01  105.12  2.36
61268.0  20.210  14.710  -2.890  11.31  298.91  70.13  936.49  0.13  108.67  2.50
61269.0  20.240  14.670  -2.990  11.28  298.95  69.81  936.35  0.15  110.18  2.68
61270.0  20.310  14.630  -3.060  11.24  299.01  69.29  936.44  0.14  114.15  3.05
61271.0  20.240  14.580  -3.170  11.21  298.94  69.36  936.49  0.21  110.07  3.03
61272.0  20.260  14.530  -3.190  11.17  298.97  69.06  936.45  0.18  114.46  2.70
61273.0  20.380  14.480  -4.060  11.13  299.07  68.31  936.57  0.14  121.66  2.53
61274.0  20.520  14.410  -5.170  11.07  299.19  67.36  936.89  0.19  125.79  2.51
61275.0  20.530  14.250  -4.880  10.95  299.16  66.62  937.31  0.06  125.91  2.84
61276.0  20.540  14.070  -4.900  10.82  299.14  65.84  937.59  0.13  130.32  2.57
61277.0  20.580  13.950  -4.970  10.73  299.15  65.11  938.02  0.04  132.67  2.31
61278.0  20.610  13.800  -4.870  10.62  299.15  64.37  938.36  0.19  135.59  2.15
61279.0  20.700  13.670  -5.010  10.53  299.20  63.44  938.77  0.26  131.68  1.80
61280.0  20.660  13.550  -4.530  10.44  299.12  63.12  939.20  0.53  134.75  1.76
61281.0  20.700  13.420  -4.230  10.35  299.11  62.42  939.77  0.86  142.42  1.90
61282.0  20.760  13.350  -4.040  10.29  299.10  61.90  940.55  1.01  132.42  2.12
61283.0  20.870  13.270  -4.200  10.23  299.14  61.15  941.33  0.85  128.35  2.17
61284.0  20.820  13.180  -3.860  10.15  299.03  60.96  942.01  0.47  147.14  1.52
61285.0  20.570  13.120  -1.770  10.11  298.71  61.71  942.75  -0.01  175.19  1.47
61286.0  20.450  13.090  0.760  10.08  298.52  62.05  943.47  0.17  154.01  1.33
61287.0  20.260  13.150  1.910  10.12  298.27  63.08  944.06  0.12  146.31  1.67
61288.0  20.100  13.300  2.790  10.21  298.04  64.34  944.81  -0.02  150.49  2.07
61289.0  20.050  13.470  3.180  10.32  297.94  65.27  945.44  -0.10  146.95  2.61
61290.0  19.940  13.700  3.770  10.46  297.76  66.73  946.15  -0.05  136.88  2.71
61291.0  19.830  14.070  4.350  10.72  297.59  68.86  946.84  0.01  138.21  2.43
61292.0  19.890  14.540  4.680  11.05  297.57  70.78  947.75  0.03  135.10  2.93
61293.0  19.860  15.030  4.460  11.40  297.47  73.22  948.49  0.00  136.27  2.40
61294.0  20.140  15.610  4.220  11.82  297.68  74.67  949.37  0.40  122.62  2.36
61295.0  20.100  16.110  5.400  12.21  297.56  77.40  950.18  0.24  112.24  3.15
61296.0  20.060  16.580  5.210  12.58  297.48  79.98  950.67  -0.25  117.06  3.43
61297.0  20.120  16.980  5.120  12.90  297.50  81.76  951.16  -0.47  129.66  3.35
61298.0  20.090  17.270  5.030  13.14  297.44  83.44  951.49  -0.08  124.69  2.41
61299.0  20.380  17.610  4.720  13.42  297.70  83.74  951.85  -1.20  134.31  2.69
61300.0  20.450  18.040  4.760  13.80  297.73  85.75  952.22  -1.34  125.92  4.01
61301.0  20.190  18.410  5.400  14.13  297.45  89.25  952.48  -1.38  132.05  3.75
61302.0  20.330  18.740  5.350  14.42  297.55  90.37  952.86  -0.92  133.05  3.79
61303.0  20.370  19.040  5.340  14.70  297.58  91.87  952.97  -0.67  139.48  4.69
61304.0  20.310  19.270  5.650  14.92  297.54  93.58  952.82  -0.37  135.75  4.49
61305.0  20.250  19.450  6.380  15.09  297.48  95.00  952.77  0.08  138.17  3.40
61306.0  20.300  19.530  6.680  15.17  297.51  95.28  952.90  -0.33  137.71  3.25
61307.0  20.440  19.610  6.220  15.24  297.65  94.86  953.06  -0.42  137.35  4.19
61308.0  20.380  19.620  5.920  15.25  297.59  95.25  953.07  0.40  143.76  4.35
61309.0  20.510  19.580  5.810  15.21  297.72  94.25  953.09  -0.04  141.79  4.59
61310.0  20.680  19.460  5.400  15.10  297.90  92.54  953.00  -0.03  138.17  3.57
61311.0  20.720  19.360  5.690  15.00  297.93  91.74  953.06  -0.30  146.42  4.23
61312.0  20.820  19.220  5.380  14.87  298.03  90.36  953.04  -0.07  146.76  4.13
61313.0  20.770  19.160  4.490  14.81  297.99  90.29  952.93  0.03  134.35  3.97
61314.0  20.620  19.220  5.210  14.87  297.86  91.48  952.74  0.70  144.03  3.82
61315.0  20.880  19.300  3.480  14.95  298.12  90.43  952.76  0.77  145.26  3.73
61316.0  20.940  19.250  3.440  14.90  298.17  89.82  952.83  0.37  149.04  3.61
61317.0  21.070  19.200  3.310  14.86  298.31  88.81  952.85  0.19  132.01  3.69
61318.0  21.030  19.090  3.210  14.75  298.28  88.36  952.74  0.25  141.53  3.81
61319.0  21.030  18.930  3.430  14.60  298.28  87.51  952.67  0.17  133.29  3.37
61320.0  21.080  18.920  3.540  14.59  298.33  87.18  952.65  0.33  118.53  3.42
61321.0  21.220  18.830  2.890  14.50  298.47  85.92  952.69  -0.30  111.76  3.83
61322.0  21.390  18.700  1.660  14.38  298.63  84.28  952.88  -0.38  119.02  4.09
61323.0  21.400  18.490  1.000  14.19  298.64  83.07  952.84  -0.21  126.69  3.81
61324.0  21.370  18.280  1.580  14.01  298.61  82.16  952.86  -0.14  122.83  3.63
61325.0  21.280  18.130  1.610  13.87  298.53  81.82  952.70  -0.20  126.97  3.73
61326.0  21.130  17.930  1.930  13.69  298.36  81.57  952.89  -1.38  136.83  4.01
61327.0  20.860  17.830  4.320  13.60  298.09  82.39  952.99  -0.81  132.34  3.86
61328.0  20.670  17.840  5.160  13.61  297.89  83.47  952.94  -0.20  132.00  4.35
61329.0  20.530  17.910  5.370  13.67  297.75  84.59  952.93  -0.46  137.08  4.75
61330.0  20.500  17.970  5.600  13.73  297.71  85.12  953.03  -0.62  131.99  3.95
61331.0  20.580  18.070  6.510  13.81  297.80  85.18  952.94  0.09  130.03  3.68
61332.0  20.690  18.150  6.800  13.89  297.92  85.04  952.93  0.84  124.24  5.01
61333.0  20.630  18.230  6.870  13.96  297.85  85.82  952.97  1.05  128.59  4.45
61334.0  20.740  18.370  6.840  14.08  297.97  85.99  952.80  0.64  121.34  3.55
61335.0  20.760  18.540  6.840  14.24  298.02  86.82  952.57  1.15  110.38  3.40
61336.0  20.760  18.670  6.850  14.36  298.02  87.54  952.59  0.01  116.73  4.43
61337.0  20.690  18.760  5.750  14.44  297.95  88.39  952.60  0.51  122.86  4.64
61338.0  20.620  18.890  5.460  14.56  297.88  89.56  952.52  -0.22  123.66  4.33
61339.0  20.660  19.060  5.260  14.72  297.92  90.32  952.50  -0.15  121.00  3.71
61340.0  20.760  19.250  4.020  14.91  298.02  90.88  952.43  0.09  127.61  3.01
61341.0  20.960  19.380  3.760  15.03  298.22  90.46  952.56  -0.22  136.89  4.38
61342.0  20.940  19.470  3.690  15.12  298.20  91.10  952.56  -0.33  135.85  3.66
61343.0  21.080  19.510  2.450  15.15  298.34  90.52  952.63  -0.70  133.69  3.56
61344.0  21.060  19.470  3.970  15.11  298.31  90.39  952.68  0.70  134.41  4.82
61345.0  20.900  19.350  4.940  15.00  298.15  90.66  952.55  1.09  124.24  3.90
61346.0  20.840  19.280  5.180  14.93  298.11  90.55  952.41  0.21  128.68  4.17
61347.0  20.800  19.180  4.920  14.84  298.07  90.22  952.47  0.34  120.11  3.44
61348.0  20.820  19.170  5.260  14.83  298.08  90.03  952.57  -0.23  125.32  3.68
61349.0  20.800  19.180  4.320  14.84  298.05  90.25  952.60  -0.38  138.43  3.11
61350.0  20.820  19.140  4.980  14.80  298.05  89.89  952.81  0.30  147.56  3.66
61351.0  20.770  18.990  5.200  14.66  298.01  89.29  952.75  0.38  148.31  3.82
61352.0  20.830  18.870  5.160  14.55  298.10  88.27  952.41  0.07  138.56  4.05
61353.0  20.840  18.860  4.870  14.54  298.11  88.13  952.44  -0.32  135.83  4.34
61354.0  20.770  18.900  4.680  14.57  298.02  88.79  952.64  -0.65  127.78  3.23
61355.0  20.840  18.930  4.710  14.60  298.08  88.55  952.72  1.22  124.37  3.25
61356.0  20.920  18.870  4.590  14.54  298.15  87.77  952.85  -0.63  117.38  3.81
61357.0  20.840  18.780  3.930  14.46  298.09  87.69  952.71  0.34  114.52  3.06
61358.0  20.790  18.760  4.720  14.44  298.03  87.91  952.72  1.03  128.43  3.23
61359.0  20.800  18.850  4.930  14.53  298.06  88.33  952.55  0.81  124.44  3.35
61360.0  20.820  18.930  4.910  14.60  298.08  88.70  952.47  0.95  121.42  3.86
61361.0  20.860  19.020  4.390  14.69  298.12  89.00  952.50  -0.24  120.80  3.85
61362.0  20.990  19.060  2.750  14.73  298.25  88.49  952.56  -0.43  127.01  3.89
61363.0  21.030  18.960  2.190  14.63  298.29  87.64  952.60  -0.21  123.73  3.74
61364.0  21.000  18.750  2.680  14.43  298.25  86.68  952.64  -0.37  124.74  3.75
61365.0  20.960  18.570  3.240  14.27  298.22  85.93  952.52  -0.62  124.61  3.68
61366.0  20.940  18.500  3.420  14.21  298.21  85.64  952.48  -0.88  120.99  3.87
61367.0  20.940  18.540  3.200  14.24  298.20  85.80  952.55  -1.01  121.45  4.21
61368.0  20.960  18.580  2.640  14.28  298.21  85.94  952.73  -0.65  126.52  3.65
61369.0  21.000  18.540  2.890  14.24  298.23  85.52  952.91  0.44  120.62  4.47
61370.0  21.040  18.390  3.480  14.10  298.27  84.48  952.88  1.18  123.26  4.69
61371.0  20.990  18.220  3.410  13.95  298.22  83.86  952.88  1.43  129.75  5.05
61372.0  20.960  18.180  2.610  13.92  298.21  83.76  952.74  -1.12  131.11  3.33
61373.0  21.170  18.240  1.480  13.97  298.42  83.00  952.70  -0.26  132.99  4.33
61374.0  21.180  18.270  2.030  13.99  298.42  83.10  952.78  0.76  134.12  4.91
61375.0  21.120  18.190  2.140  13.93  298.37  82.99  952.76  -1.07  124.48  5.19
61376.0  21.140  18.060  1.300  13.80  298.38  82.17  952.78  -0.54  118.50  5.16
61377.0  21.070  17.870  1.280  13.64  298.32  81.53  952.75  0.05  120.51  5.95
