flight/WP3D/AircraftPos_NP3_20130622_RA.ict
40  1001
Ken Aikin
NOAA ESRL Chemical Sciences Division
various aircraft sensors
SENEX 2013
1  1
2013  06  22  2013  06  22
1
AOCTimewave
5
1  1  1  1  1 
-9999  -9999  -9999  -9999  -9999
GpsLat  deg
GpsLon  deg
GpsAlt  m
PAlt  m
RAlt  m
3
SPECIAL COMMENTS:Atlanta flight. AOC data system crash between 20:45:42 and 21:09:09. 
New TDL Dew Pt Temp instrument for this flight.
No H2O  PoTemp  H2Omr from takeoff until about 1615 for now. Order of parameters in AOC data stream had been changed. Switched back at 16:15.
18
PI_CONTACT_INFO: Address: NOAA ESRL Chemical Sciences Division  Mail Stop R/CSD7  325 Broadway  Boulder  CO 80305
PLATFORM: NOAA WP-3D
LOCATION: The aircraft was stationed in Smyrna  Tennessee. Aircraft location information in AircraftPosition file.
ASSOCIATED_DATA: N/A
INSTRUMENT_INFO: N/A
DATA_INFO: Units:GpsLat:decimal degrees; GpsLon: decimal degrees; GpsAlt: meters; PAlt:meters; RAlt: meters.
UNCERTAINTY: N/A
ULOD_FLAG: -7777
ULOD_VALUE: N/A
LLOD_FLAG: -8888
LLOD_VALUE: N/A
DM_CONTACT_INFO: Data Manager:Ken Aikin; email:Kenneth.C.Aikin@noaa.gov
PROJECT_INFO: SENEX 2013 Study; June 1 - July 15  2013
STIPULATIONS_ON_USE: Use of these data require prior ok from PI.
OTHER_COMMENTS:       None
REVISION: RA
RA: Preliminary Data.  For in-field use.
AOCTimewave  GpsLat  GpsLon  GpsAlt  PAlt  RAlt
[from data line 14836]
68913.0  33.6877   -86.3205    705.3    584.7    508.4
68914.0  33.6867   -86.3206    705.8    585.0    514.1
68915.0  33.6856   -86.3206    704.8    585.1    518.8
68916.0  33.6846   -86.3206    705.9    585.8    528.3
68917.0  33.6835   -86.3206    706.5    586.7    526.2
68918.0  33.6825   -86.3207    707.4    585.6    527.3
68919.0  33.6815   -86.3207    708.8    588.5    524.8
68920.0  33.6804   -86.3207    710.3    590.6    521.5
68921.0  33.6794   -86.3208    711.6    590.3    521.5
68922.0  33.6783   -86.3208    712.0    589.1    518.6
68923.0  33.6773   -86.3208    712.0    590.2    525.5
68924.0  33.6762   -86.3208    712.0    592.0    534.3
68925.0  33.6752   -86.3209    711.8    591.8    541.7
68926.0  33.6741   -86.3209    710.8    590.9    531.3
68927.0  33.6731   -86.3209    710.8    589.5    526.5
68928.0  33.6721   -86.3210    709.7    588.0    530.0
68929.0  33.6710   -86.3210    709.6    588.5    526.3
68930.0  33.6700   -86.3210    708.7    589.0    516.0
68931.0  33.6689   -86.3210    708.4    588.8    501.0
68932.0  33.6679   -86.3211    707.6    588.7    491.9
68933.0  33.6668   -86.3211    707.1    588.1    489.8
68934.0  33.6658   -86.3211    707.0    586.5    489.9
68935.0  33.6647   -86.3211    705.9    586.3    488.0
68936.0  33.6637   -86.3212    705.9    585.6    489.7
68937.0  33.6626   -86.3212    706.5    585.0    495.0
68938.0  33.6616   -86.3212    707.1    585.6    485.5
68939.0  33.6605   -86.3212    707.1    586.5    479.2
68940.0  33.6595   -86.3212    707.2    587.4    482.4
68941.0  33.6584   -86.3213    708.4    587.2    478.1
68942.0  33.6574   -86.3213    708.4    587.0    482.6
68943.0  33.6563   -86.3213    708.5    586.7    490.4
68944.0  33.6553   -86.3213    710.0    588.6    497.3
68945.0  33.6542   -86.3213    710.8    591.7    497.8
68946.0  33.6531   -86.3213    710.8    589.7    512.8
68947.0  33.6521   -86.3213    710.6    589.8    523.3
68948.0  33.6510   -86.3213    709.6    589.2    525.2
68949.0  33.6500   -86.3213    708.5    586.9    523.6
68950.0  33.6489   -86.3213    709.2    588.5    523.6
68951.0  33.6479   -86.3214    709.6    589.9    529.1
68952.0  33.6468   -86.3214    710.1    590.7    525.3
68953.0  33.6457   -86.3214    710.8    590.0    525.9
68954.0  33.6447   -86.3214    711.9    592.1    537.2
68955.0  33.6436   -86.3214    713.0    593.2    541.1
68956.0  33.6426   -86.3214    713.2    592.8    545.4
68957.0  33.6415   -86.3213    713.2    593.5    552.8
68958.0  33.6404   -86.3213    712.5    592.6    550.0
68959.0  33.6394   -86.3213    711.0    591.1    549.3
68960.0  33.6383   -86.3213    710.8    591.5    556.1
68961.0  33.6372   -86.3213    710.8    591.0    553.5
68962.0  33.6361   -86.3213    710.8    591.7    554.7
68963.0  33.6351   -86.3213    710.8    591.4    549.5
68964.0  33.6340   -86.3213    710.2    592.0    532.6
68965.0  33.6329   -86.3213    709.6    590.7    540.8
68966.0  33.6319   -86.3213    708.6    588.4    547.0
68967.0  33.6308   -86.3212    707.8    586.2    557.8
68968.0  33.6297   -86.3212    707.1    586.3    555.5
68969.0  33.6286   -86.3212    705.9    585.5    545.7
68970.0  33.6276   -86.3212    705.9    585.3    549.2
68971.0  33.6265   -86.3212    705.1    585.5    552.1
68972.0  33.6254   -86.3212    704.7    585.0    546.6
68973.0  33.6243   -86.3212    704.3    583.5    546.6
68974.0  33.6232   -86.3211    704.7    582.8    540.8
68975.0  33.6222   -86.3211    704.7    582.8    548.1
68976.0  33.6211   -86.3211    704.7    582.9    540.3
68977.0  33.6200   -86.3211    705.0    585.0    540.3
68978.0  33.6190   -86.3211    705.9    587.1    545.2
68979.0  33.6179   -86.3211    705.9    585.3    551.8
68980.0  33.6168   -86.3211    705.9    585.3    552.2
68981.0  33.6157   -86.3211    705.9    584.7    537.2
68982.0  33.6147   -86.3211    705.9    585.2    522.6
68983.0  33.6136   -86.3210    705.9    585.0    509.7
68984.0  33.6125   -86.3210    705.9    586.8    507.8
68985.0  33.6115   -86.3210    705.9    587.9    515.0
68986.0  33.6104   -86.3210    705.9    587.6    527.5
68987.0  33.6094   -86.3210    705.9    586.5    536.8
68988.0  33.6083   -86.3209    705.2    585.5    546.7
68989.0  33.6072   -86.3209    704.7    585.3    547.0
68990.0  33.6062   -86.3209    704.7    585.3    552.9
68991.0  33.6051   -86.3209    704.7    584.0    546.7
68992.0  33.6041   -86.3208    703.5    582.3    540.6
68993.0  33.6030   -86.3208    703.5    582.1    543.9
68994.0  33.6019   -86.3208    703.5    581.9    549.4
68995.0  33.6009   -86.3208    703.5    582.7    550.3
68996.0  33.5998   -86.3207    703.5    583.0    553.8
68997.0  33.5988   -86.3207    703.5    583.9    556.6
68998.0  33.5977   -86.3207    703.5    584.2    563.9
68999.0  33.5967   -86.3207    703.5    582.8    566.0
69000.0  33.5956   -86.3207    703.5    582.2    565.1
69001.0  33.5946   -86.3207    704.9    583.0    570.0
69002.0  33.5935   -86.3206    706.4    585.9    566.6
69003.0  33.5925   -86.3206    707.8    587.0    571.6
69004.0  33.5915   -86.3206    709.3    589.1    567.6
69005.0  33.5904   -86.3206    710.2    589.8    568.3
69006.0  33.5894   -86.3206    710.8    591.2    573.2
69007.0  33.5883   -86.3206    710.5    589.8    571.5
69008.0  33.5873   -86.3206    709.6    589.0    573.2
69009.0  33.5862   -86.3206    709.0    587.7    558.0
69010.0  33.5852   -86.3205    708.6    590.0    535.6
69011.0  33.5842   -86.3205    709.6    589.6    526.7
69012.0  33.5831   -86.3205    709.7    590.0    536.3
69013.0  33.5821   -86.3205    711.4    592.4    552.0
69014.0  33.5810   -86.3205    712.4    594.7    564.7
69015.0  33.5800   -86.3205    713.1    595.7    565.1
69016.0  33.5789   -86.3204    711.6    593.1    562.1
69017.0  33.5779   -86.3204    710.7    590.0    557.2
69018.0  33.5769   -86.3204    709.2    589.9    551.8
69019.0  33.5758   -86.3204    707.7    589.3    542.8
69020.0  33.5748   -86.3204    706.4    588.0    547.1
69021.0  33.5737   -86.3203    705.7    587.1    546.5
69022.0  33.5727   -86.3203    704.7    586.5    535.4
69023.0  33.5716   -86.3203    704.1    586.1    539.9
69024.0  33.5706   -86.3203    703.5    585.2    540.8
69025.0  33.5695   -86.3203    703.5    584.2    548.1
69026.0  33.5685   -86.3202    703.6    582.8    548.2
69027.0  33.5675   -86.3202    704.7    586.4    551.4
69028.0  33.5664   -86.3202    704.4    584.6    546.2
69029.0  33.5654   -86.3202    703.5    584.2    544.3
69030.0  33.5643   -86.3202    703.5    584.7    548.3
69031.0  33.5633   -86.3201    704.0    586.3    556.9
69032.0  33.5622   -86.3201    704.7    584.2    560.4
69033.0  33.5612   -86.3201    704.7    583.9    559.9
69034.0  33.5602   -86.3201    704.7    584.9    559.3
69035.0  33.5591   -86.3201    704.7    585.6    558.2
69036.0  33.5581   -86.3200    705.6    587.4    554.9
69037.0  33.5571   -86.3200    706.5    588.2    547.6
69038.0  33.5560   -86.3200    707.8    590.0    550.3
69039.0  33.5550   -86.3200    708.4    589.6    547.3
69040.0  33.5540   -86.3200    708.4    589.2    548.3
69041.0  33.5529   -86.3199    707.7    587.9    546.9
69042.0  33.5519   -86.3199    707.1    587.1    544.5
69043.0  33.5508   -86.3199    707.1    587.6    546.1
69044.0  33.5498   -86.3199    707.1    585.6    545.6
69045.0  33.5488   -86.3199    705.9    584.1    545.3
69046.0  33.5478   -86.3198    705.9    585.1    543.5
69047.0  33.5467   -86.3198    705.9    585.0    542.5
69048.0  33.5457   -86.3198    704.7    584.1    538.2
69049.0  33.5447   -86.3198    704.7    584.3    537.4
69050.0  33.5436   -86.3198    703.5    584.6    524.7
69051.0  33.5426   -86.3198    702.6    583.2    525.4
69052.0  33.5416   -86.3197    702.3    583.8    527.6
69053.0  33.5405   -86.3197    702.0    584.5    525.7
69054.0  33.5395   -86.3197    701.0    583.2    532.5
69055.0  33.5385   -86.3197    701.0    583.8    527.7
69056.0  33.5375   -86.3197    701.1    582.7    525.1
69057.0  33.5364   -86.3196    702.3    582.9    517.4
69058.0  33.5354   -86.3196    702.3    582.6    511.0
69059.0  33.5344   -86.3196    702.3    581.8    502.5
69060.0  33.5334   -86.3196    703.0    583.2    500.9
69061.0  33.5324   -86.3196    704.8    585.6    510.9
69062.0  33.5313   -86.3196    706.1    586.6    522.9
69063.0  33.5303   -86.3195    707.1    587.2    536.0
69064.0  33.5293   -86.3195    707.3    589.0    534.8
69065.0  33.5283   -86.3195    708.4    589.9    537.7
69066.0  33.5273   -86.3195    708.5    591.2    543.2
69067.0  33.5263   -86.3195    709.6    590.4    550.5
69068.0  33.5252   -86.3195    710.4    593.0    552.2
69069.0  33.5242   -86.3195    710.8    594.3    557.5
69070.0  33.5232   -86.3194    710.4    592.5    562.5
69071.0  33.5222   -86.3194    709.6    590.9    555.4
69072.0  33.5212   -86.3194    708.7    590.3    545.9
69073.0  33.5201   -86.3194    708.2    589.4    546.6
69074.0  33.5191   -86.3194    707.1    589.6    545.3
69075.0  33.5181   -86.3194    706.3    587.0    547.3
69076.0  33.5171   -86.3194    705.7    585.1    555.9
69077.0  33.5161   -86.3194    704.7    584.2    558.0
69078.0  33.5151   -86.3194    704.5    583.4    555.6
69079.0  33.5140   -86.3194    703.2    583.3    550.9
69080.0  33.5130   -86.3194    702.3    581.9    556.4
69081.0  33.5120   -86.3194    702.3    582.1    561.3
69082.0  33.5110   -86.3194    702.3    581.2    559.7
69083.0  33.5100   -86.3194    703.1    581.7    561.5
69084.0  33.5090   -86.3194    703.5    583.5    565.7
69085.0  33.5079   -86.3194    702.9    582.1    568.7
69086.0  33.5069   -86.3195    703.4    583.1    563.6
69087.0  33.5059   -86.3195    704.5    584.6    567.6
69088.0  33.5049   -86.3195    705.7    584.7    569.6
69089.0  33.5039   -86.3195    706.8    585.3    568.4
69090.0  33.5029   -86.3195    707.1    587.2    570.0
69091.0  33.5019   -86.3195    707.1    587.4    564.6
69092.0  33.5009   -86.3195    706.7    586.6    568.5
69093.0  33.4998   -86.3195    707.1    588.7    572.7
69094.0  33.4988   -86.3195    707.1    588.1    571.6
69095.0  33.4978   -86.3195    707.1    588.2    573.3
69096.0  33.4968   -86.3195    706.2    586.8    573.7
69097.0  33.4958   -86.3195    705.1    584.6    570.8
69098.0  33.4948   -86.3195    704.7    583.0    569.6
69099.0  33.4938   -86.3195    703.8    583.5    569.3
69100.0  33.4928   -86.3196    703.5    583.7    568.1
69101.0  33.4917   -86.3196    704.1    584.7    569.0
69102.0  33.4907   -86.3196    704.7    585.3    568.6
69103.0  33.4897   -86.3196    704.7    585.7    569.3
69104.0  33.4887   -86.3196    704.7    584.3    568.3
69105.0  33.4877   -86.3197    706.2    588.1    569.9
69106.0  33.4867   -86.3197    707.7    589.1    570.4
69107.0  33.4857   -86.3197    708.4    587.9    573.5
69108.0  33.4847   -86.3197    708.4    588.6    574.6
69109.0  33.4837   -86.3197    708.4    588.7    572.8
69110.0  33.4826   -86.3198    707.4    588.1    573.5
69111.0  33.4816   -86.3198    707.1    588.7    574.6
69112.0  33.4806   -86.3198    707.9    588.3    572.9
69113.0  33.4796   -86.3198    708.4    588.9    570.5
69114.0  33.4786   -86.3198    707.5    588.9    571.2
69115.0  33.4775   -86.3199    707.1    586.1    573.5
69116.0  33.4765   -86.3199    707.1    584.9    573.8
69117.0  33.4755   -86.3199    707.1    586.3    573.1
69118.0  33.4745   -86.3199    707.1    587.8    572.2
69119.0  33.4734   -86.3199    708.1    588.5    571.6
69120.0  33.4724   -86.3199    708.5    588.8    573.1
69121.0  33.4714   -86.3199    709.6    589.9    573.6
69122.0  33.4704   -86.3200    709.7    590.6    575.7
69123.0  33.4693   -86.3200    710.8    591.9    574.4
69124.0  33.4683   -86.3200    710.8    591.0    572.8
69125.0  33.4673   -86.3200    710.2    590.3    575.7
69126.0  33.4662   -86.3200    709.6    590.5    574.8
69127.0  33.4652   -86.3201    708.8    589.8    574.3
69128.0  33.4641   -86.3201    708.4    589.8    574.6
69129.0  33.4631   -86.3201    707.6    588.2    572.8
69130.0  33.4621   -86.3201    707.1    587.6    573.2
69131.0  33.4610   -86.3201    707.1    589.7    572.6
69132.0  33.4600   -86.3202    707.1    587.9    571.6
69133.0  33.4589   -86.3202    707.1    585.8    571.9
69134.0  33.4579   -86.3202    707.1    587.3    573.9
69135.0  33.4568   -86.3202    707.1    587.0    574.3
69136.0  33.4558   -86.3202    707.1    585.6    573.0
69137.0  33.4547   -86.3202    706.8    586.3    572.2
69138.0  33.4537   -86.3203    705.9    587.1    572.8
69139.0  33.4526   -86.3203    705.9    586.0    571.6
69140.0  33.4516   -86.3203    705.9    586.3    571.0
69141.0  33.4505   -86.3203    705.9    585.7    570.1
69142.0  33.4494   -86.3203    705.9    586.0    570.7
69143.0  33.4484   -86.3203    705.9    587.8    571.2
69144.0  33.4473   -86.3204    705.9    586.9    570.9
69145.0  33.4463   -86.3204    705.9    587.1    570.8
69146.0  33.4452   -86.3204    705.9    587.0    571.9
69147.0  33.4441   -86.3204    705.9    586.6    572.9
69148.0  33.4431   -86.3204    705.9    586.9    572.0
69149.0  33.4420   -86.3205    705.9    587.5    572.2
69150.0  33.4410   -86.3205    705.9    587.2    572.8
69151.0  33.4399   -86.3205    705.9    586.6    573.9
69152.0  33.4388   -86.3205    705.1    586.8    571.2
69153.0  33.4378   -86.3205    704.7    587.2    573.5
69154.0  33.4367   -86.3205    704.7    587.3    571.6
69155.0  33.4357   -86.3205    704.4    585.0    570.5
69156.0  33.4346   -86.3206    703.5    585.6    575.0
69157.0  33.4335   -86.3206    704.1    587.1    574.5
69158.0  33.4325   -86.3206    704.7    587.2    571.5
69159.0  33.4314   -86.3206    704.7    588.0    573.0
69160.0  33.4303   -86.3206    704.7    588.5    558.3
69161.0  33.4293   -86.3206    704.7    586.7    543.1
69162.0  33.4282   -86.3206    705.6    586.9    538.3
69163.0  33.4272   -86.3207    706.4    586.7    548.2
69164.0  33.4261   -86.3207    707.6    587.8    570.0
69165.0  33.4250   -86.3207    708.9    588.4    578.4
69166.0  33.4240   -86.3207    710.3    590.3    588.4
69167.0  33.4229   -86.3207    710.8    590.6    577.5
69168.0  33.4218   -86.3207    710.8    592.0    577.2
69169.0  33.4208   -86.3208    710.8    593.4    566.1
69170.0  33.4197   -86.3208    710.5    591.3    552.2
69171.0  33.4186   -86.3208    709.6    590.7    537.0
69172.0  33.4176   -86.3208    708.8    588.9    532.9
69173.0  33.4165   -86.3208    708.4    589.3    541.0
69174.0  33.4155   -86.3208    707.8    589.1    542.5
69175.0  33.4144   -86.3208    707.1    588.0    541.2
69176.0  33.4133   -86.3208    707.1    588.7    545.4
69177.0  33.4122   -86.3208    707.1    588.4    553.9
69178.0  33.4112   -86.3208    707.1    588.0    564.6
69179.0  33.4101   -86.3208    707.1    588.3    565.3
69180.0  33.4090   -86.3208    707.1    589.8    564.8
69181.0  33.4080   -86.3208    707.1    589.0    559.2
69182.0  33.4069   -86.3208    707.1    588.1    558.9
69183.0  33.4058   -86.3208    707.1    586.5    565.9
69184.0  33.4048   -86.3207    705.9    586.2    569.2
69185.0  33.4037   -86.3207    705.6    585.7    572.5
69186.0  33.4026   -86.3207    704.7    585.5    575.9
69187.0  33.4015   -86.3207    704.0    584.6    579.1
69188.0  33.4005   -86.3207    704.6    586.0    585.5
69189.0  33.3994   -86.3206    704.2    586.6    588.3
69190.0  33.3983   -86.3206    703.5    583.5    585.8
69191.0  33.3972   -86.3206    703.5    584.6    587.8
69192.0  33.3961   -86.3205    703.5    585.7    583.0
69193.0  33.3951   -86.3205    703.9    586.5    587.6
69194.0  33.3940   -86.3205    704.7    585.8    583.5
69195.0  33.3929   -86.3205    704.7    587.3    578.2
69196.0  33.3918   -86.3204    704.7    586.4    585.7
69197.0  33.3908   -86.3204    704.7    584.9    587.2
69198.0  33.3897   -86.3204    704.7    586.4    586.2
69199.0  33.3886   -86.3204    704.7    585.1    582.5
69200.0  33.3875   -86.3203    704.4    584.5    582.5
69201.0  33.3865   -86.3203    703.5    583.7    582.2
69202.0  33.3854   -86.3203    704.3    584.3    578.8
