flight/WP3D/AircraftPos_NP3_20130708_RA.ict
38  1001
Ken Aikin
NOAA ESRL Chemical Sciences Division
various aircraft sensors
SENEX 2013
1  1
2013  07  08  2013  07  08
1
AOCTimewave
5
1  1  1  1  1 
-9999  -9999  -9999  -9999  -9999
GpsLat  deg
GpsLon  deg
GpsAlt  m
PAlt  m
RAlt  m
1
SPECIAL COMMENTS:Fayetteville AR  then PP and BB.
18
PI_CONTACT_INFO: Address: NOAA ESRL Chemical Sciences Division  Mail Stop R/CSD7  325 Broadway  Boulder  CO 80305
PLATFORM: NOAA WP-3D
LOCATION: The aircraft was stationed in Smyrna  Tennessee. Aircraft location information in AircraftPosition file.
ASSOCIATED_DATA: N/A
INSTRUMENT_INFO: N/A
DATA_INFO: Units:GpsLat:decimal degrees; GpsLon: decimal degrees; GpsAlt: meters; PAlt:meters; RAlt: meters.
UNCERTAINTY: N/A
ULOD_FLAG: -7777
ULOD_VALUE: N/A
LLOD_FLAG: -8888
LLOD_VALUE: N/A
DM_CONTACT_INFO: Data Manager:Ken Aikin; email:Kenneth.C.Aikin@noaa.gov
PROJECT_INFO: SENEX 2013 Study; June 1 - July 15  2013
STIPULATIONS_ON_USE: Use of these data require prior ok from PI.
OTHER_COMMENTS:       None
REVISION: RA
RA: Preliminary Data.  For in-field use.
AOCTimewave  GpsLat  GpsLon  GpsAlt  PAlt  RAlt
[from data line 12800]
67473.0  35.5431   -91.4973    595.8    495.7    446.7
67474.0  35.5442   -91.4973    594.8    494.6    446.1
67475.0  35.5453   -91.4973    593.8    494.4    447.1
67476.0  35.5464   -91.4973    595.0    495.9    446.1
67477.0  35.5475   -91.4972    596.1    497.5    447.3
67478.0  35.5486   -91.4972    597.4    498.4    451.7
67479.0  35.5497   -91.4972    597.4    498.1    457.2
67480.0  35.5508   -91.4972    597.4    498.0    460.6
67481.0  35.5518   -91.4972    597.2    497.9    462.3
67482.0  35.5529   -91.4972    596.1    498.1    456.3
67483.0  35.5540   -91.4972    594.8    497.3    453.8
67484.0  35.5551   -91.4972    593.8    495.7    448.4
67485.0  35.5562   -91.4972    593.0    494.9    444.6
67486.0  35.5573   -91.4972    592.1    493.9    446.7
67487.0  35.5584   -91.4972    592.0    493.9    448.1
67488.0  35.5595   -91.4972    592.8    493.8    452.8
67489.0  35.5606   -91.4972    594.3    494.9    456.5
67490.0  35.5616   -91.4972    595.7    497.1    456.8
67491.0  35.5627   -91.4972    597.4    499.8    459.7
67492.0  35.5638   -91.4972    598.6    500.9    472.7
67493.0  35.5649   -91.4972    598.6    499.8    483.7
67494.0  35.5660   -91.4972    598.6    499.8    503.0
67495.0  35.5671   -91.4972    598.6    497.8    513.6
67496.0  35.5682   -91.4972    598.6    498.7    525.1
67497.0  35.5693   -91.4972    598.6    500.0    529.7
67498.0  35.5704   -91.4972    598.6    500.4    529.9
67499.0  35.5715   -91.4972    597.5    500.4    526.4
67500.0  35.5726   -91.4972    597.2    500.0    527.0
67501.0  35.5737   -91.4972    596.2    498.6    535.9
67502.0  35.5748   -91.4972    595.0    497.7    537.0
67503.0  35.5759   -91.4972    593.8    494.5    538.4
67504.0  35.5769   -91.4972    592.8    495.3    536.8
67505.0  35.5780   -91.4972    592.5    494.2    535.7
67506.0  35.5791   -91.4972    592.5    493.6    535.9
67507.0  35.5802   -91.4972    592.5    493.4    530.6
67508.0  35.5813   -91.4972    592.5    493.1    528.6
67509.0  35.5824   -91.4972    592.5    492.9    530.0
67510.0  35.5835   -91.4972    591.5    492.7    531.0
67511.0  35.5846   -91.4972    592.1    492.4    532.3
67512.0  35.5857   -91.4972    592.3    492.5    532.8
67513.0  35.5868   -91.4972    592.5    493.4    532.8
67514.0  35.5879   -91.4972    592.5    492.4    534.0
67515.0  35.5890   -91.4971    593.4    494.5    535.2
67516.0  35.5901   -91.4971    593.8    495.3    535.2
67517.0  35.5912   -91.4971    593.8    496.3    529.3
67518.0  35.5923   -91.4971    593.8    497.5    528.2
67519.0  35.5934   -91.4971    593.8    496.3    525.3
67520.0  35.5945   -91.4971    593.8    495.5    525.8
67521.0  35.5956   -91.4971    593.8    497.5    526.4
67522.0  35.5967   -91.4971    593.8    496.2    521.2
67523.0  35.5978   -91.4971    592.9    495.7    517.8
67524.0  35.5988   -91.4971    592.5    496.7    517.0
67525.0  35.5999   -91.4971    592.5    496.4    507.1
67526.0  35.6010   -91.4971    592.5    496.5    511.0
67527.0  35.6021   -91.4971    592.5    495.6    510.8
67528.0  35.6032   -91.4972    592.5    495.5    511.8
67529.0  35.6043   -91.4972    591.8    495.5    501.1
67530.0  35.6054   -91.4972    591.3    494.8    495.6
67531.0  35.6065   -91.4972    591.3    493.3    495.1
67532.0  35.6075   -91.4972    591.3    493.3    497.0
67533.0  35.6086   -91.4972    591.3    493.3    499.2
67534.0  35.6097   -91.4973    591.3    493.3    497.3
67535.0  35.6108   -91.4973    591.9    493.6    499.2
67536.0  35.6119   -91.4973    592.5    494.7    495.5
67537.0  35.6130   -91.4974    593.5    496.5    488.9
67538.0  35.6140   -91.4974    594.1    495.9    483.7
67539.0  35.6151   -91.4974    595.0    494.6    493.2
67540.0  35.6162   -91.4975    595.0    494.8    515.5
67541.0  35.6173   -91.4975    595.0    495.5    530.5
67542.0  35.6184   -91.4975    595.0    495.7    519.3
67543.0  35.6194   -91.4976    595.0    494.2    515.9
67544.0  35.6205   -91.4976    596.0    495.8    514.9
67545.0  35.6216   -91.4976    596.2    495.6    508.0
67546.0  35.6227   -91.4977    596.8    496.1    497.1
67547.0  35.6238   -91.4977    597.9    499.6    485.5
67548.0  35.6249   -91.4977    598.6    499.8    482.9
67549.0  35.6259   -91.4978    597.4    498.0    483.5
67550.0  35.6270   -91.4978    596.6    497.2    482.6
67551.0  35.6281   -91.4978    595.7    497.6    486.2
67552.0  35.6292   -91.4979    594.5    497.3    491.5
67553.0  35.6303   -91.4979    593.5    494.4    487.7
67554.0  35.6313   -91.4980    592.5    493.7    486.6
67555.0  35.6324   -91.4980    592.3    495.1    494.7
67556.0  35.6335   -91.4980    591.3    494.5    512.7
67557.0  35.6346   -91.4981    590.8    492.7    529.6
67558.0  35.6356   -91.4981    590.1    491.5    534.1
67559.0  35.6367   -91.4981    590.1    491.0    530.9
67560.0  35.6378   -91.4982    590.1    491.7    536.3
67561.0  35.6389   -91.4982    590.1    492.0    529.2
67562.0  35.6400   -91.4982    590.1    491.5    526.8
67563.0  35.6410   -91.4983    590.1    491.6    528.1
67564.0  35.6421   -91.4983    591.0    492.1    533.1
67565.0  35.6432   -91.4984    591.5    492.9    535.1
67566.0  35.6443   -91.4984    592.8    495.3    537.6
67567.0  35.6453   -91.4984    593.8    496.7    536.4
67568.0  35.6464   -91.4985    594.4    496.9    536.2
67569.0  35.6475   -91.4985    595.0    497.5    531.8
67570.0  35.6486   -91.4986    595.4    497.9    537.3
67571.0  35.6496   -91.4986    596.2    496.6    537.5
67572.0  35.6507   -91.4986    596.7    496.0    540.0
67573.0  35.6518   -91.4987    597.4    498.7    538.5
67574.0  35.6529   -91.4987    597.4    500.2    541.6
67575.0  35.6539   -91.4988    597.4    499.0    544.5
67576.0  35.6550   -91.4988    597.4    499.0    540.8
67577.0  35.6561   -91.4989    597.4    499.9    537.6
67578.0  35.6572   -91.4989    597.4    500.5    536.1
67579.0  35.6582   -91.4989    597.4    500.6    535.6
67580.0  35.6593   -91.4990    597.4    500.4    537.7
67581.0  35.6604   -91.4990    597.4    499.9    536.8
67582.0  35.6615   -91.4991    596.6    499.1    540.5
67583.0  35.6626   -91.4992    595.9    498.8    536.6
67584.0  35.6636   -91.4992    595.0    497.4    532.9
67585.0  35.6647   -91.4993    593.7    494.5    532.2
67586.0  35.6658   -91.4993    592.5    494.7    529.9
67587.0  35.6668   -91.4994    591.9    492.5    531.6
67588.0  35.6679   -91.4994    591.3    493.3    530.2
67589.0  35.6690   -91.4995    590.3    493.4    534.8
67590.0  35.6701   -91.4996    590.1    492.7    531.4
67591.0  35.6712   -91.4997    589.2    490.4    529.5
67592.0  35.6722   -91.4998    588.9    489.4    529.9
67593.0  35.6733   -91.5000    589.0    490.9    527.5
67594.0  35.6743   -91.5002    590.4    489.8    529.5
67595.0  35.6754   -91.5005    592.4    493.0    529.1
67596.0  35.6764   -91.5008    594.0    493.8    533.3
67597.0  35.6775   -91.5011    595.0    493.8    534.8
67598.0  35.6785   -91.5015    596.0    495.7    534.1
67599.0  35.6795   -91.5020    597.5    497.6    535.2
67600.0  35.6805   -91.5025    599.2    502.1    542.2
67601.0  35.6814   -91.5030    599.8    502.7    539.8
67602.0  35.6824   -91.5035    599.8    501.7    538.2
67603.0  35.6834   -91.5041    599.8    501.2    540.3
67604.0  35.6843   -91.5048    599.8    501.5    542.7
67605.0  35.6852   -91.5054    599.8    502.5    542.7
67606.0  35.6861   -91.5061    599.7    501.9    538.9
67607.0  35.6870   -91.5069    598.4    500.4    538.0
67608.0  35.6878   -91.5077    597.4    497.7    541.3
67609.0  35.6887   -91.5085    596.2    497.3    542.4
67610.0  35.6895   -91.5093    595.1    495.2    540.1
67611.0  35.6903   -91.5102    593.9    493.2    535.5
67612.0  35.6910   -91.5111    593.8    493.7    531.1
67613.0  35.6918   -91.5120    592.6    493.4    530.4
67614.0  35.6925   -91.5130    593.0    495.6    528.8
67615.0  35.6932   -91.5140    592.5    494.2    532.8
67616.0  35.6938   -91.5150    592.5    494.1    528.6
67617.0  35.6945   -91.5160    592.9    494.8    528.3
67618.0  35.6951   -91.5171    593.8    496.3    532.4
67619.0  35.6956   -91.5182    593.8    495.9    531.8
67620.0  35.6962   -91.5193    593.8    495.0    527.1
67621.0  35.6967   -91.5204    593.8    494.2    527.3
67622.0  35.6972   -91.5216    593.8    494.9    529.5
67623.0  35.6976   -91.5228    593.8    493.6    527.5
67624.0  35.6980   -91.5239    593.3    494.5    532.1
67625.0  35.6984   -91.5251    593.8    495.0    531.1
67626.0  35.6988   -91.5263    593.8    494.6    534.1
67627.0  35.6991   -91.5276    593.8    495.3    529.2
67628.0  35.6994   -91.5288    594.9    495.0    532.5
67629.0  35.6996   -91.5300    595.8    497.5    535.6
67630.0  35.6998   -91.5313    596.2    498.4    534.3
67631.0  35.7000   -91.5326    597.4    497.6    530.3
67632.0  35.7002   -91.5338    597.4    498.7    534.5
67633.0  35.7003   -91.5351    597.4    498.8    534.9
67634.0  35.7004   -91.5364    597.4    499.9    533.0
67635.0  35.7005   -91.5377    597.1    500.5    533.3
67636.0  35.7005   -91.5389    596.2    499.3    535.6
67637.0  35.7005   -91.5402    595.3    498.5    537.3
67638.0  35.7006   -91.5415    593.9    496.8    531.9
67639.0  35.7006   -91.5428    593.8    497.0    533.0
67640.0  35.7007   -91.5441    594.0    498.6    533.6
67641.0  35.7007   -91.5454    595.0    498.2    533.7
67642.0  35.7008   -91.5467    594.4    498.1    535.4
67643.0  35.7008   -91.5479    593.0    495.3    537.6
67644.0  35.7009   -91.5492    591.6    493.3    536.2
67645.0  35.7009   -91.5505    590.2    492.3    531.7
67646.0  35.7010   -91.5518    588.9    491.1    526.8
67647.0  35.7010   -91.5531    588.9    491.3    526.5
67648.0  35.7011   -91.5544    588.9    491.3    527.0
67649.0  35.7011   -91.5557    588.9    491.2    532.2
67650.0  35.7012   -91.5569    589.1    491.7    527.9
67651.0  35.7012   -91.5582    590.9    491.7    526.7
67652.0  35.7013   -91.5595    593.3    495.8    532.6
67653.0  35.7013   -91.5608    595.0    496.1    534.0
67654.0  35.7014   -91.5621    595.0    494.3    530.9
67655.0  35.7014   -91.5634    595.0    496.3    531.9
67656.0  35.7015   -91.5647    595.0    496.1    531.8
67657.0  35.7015   -91.5659    595.0    497.0    522.4
67658.0  35.7015   -91.5672    595.0    496.9    510.0
67659.0  35.7015   -91.5685    595.0    498.8    485.5
67660.0  35.7016   -91.5698    596.1    499.5    466.3
67661.0  35.7016   -91.5711    596.2    498.5    449.7
67662.0  35.7016   -91.5724    596.2    498.0    441.8
67663.0  35.7016   -91.5737    596.2    497.9    443.1
67664.0  35.7017   -91.5750    596.4    498.1    446.4
67665.0  35.7017   -91.5763    597.9    498.5    446.7
67666.0  35.7017   -91.5776    598.6    500.1    438.4
67667.0  35.7017   -91.5788    598.3    500.4    437.9
67668.0  35.7018   -91.5801    597.3    500.0    437.4
67669.0  35.7018   -91.5814    595.7    499.7    440.4
67670.0  35.7018   -91.5827    594.2    498.5    440.3
67671.0  35.7018   -91.5840    593.3    498.5    439.1
67672.0  35.7018   -91.5853    593.2    497.1    437.1
67673.0  35.7019   -91.5866    592.2    494.3    438.5
67674.0  35.7019   -91.5879    591.3    493.3    443.3
67675.0  35.7019   -91.5892    591.3    493.1    451.9
67676.0  35.7019   -91.5905    591.3    494.0    454.8
67677.0  35.7020   -91.5918    591.3    494.2    452.7
67678.0  35.7020   -91.5931    591.3    492.6    451.3
67679.0  35.7020   -91.5944    591.3    490.8    455.4
67680.0  35.7020   -91.5957    591.8    492.3    446.7
67681.0  35.7021   -91.5970    593.1    493.0    452.1
67682.0  35.7021   -91.5983    593.9    494.8    456.2
67683.0  35.7021   -91.5996    595.0    494.8    460.2
67684.0  35.7021   -91.6009    595.4    496.3    468.5
67685.0  35.7022   -91.6022    596.2    496.5    474.7
67686.0  35.7022   -91.6035    596.9    496.3    478.2
67687.0  35.7022   -91.6048    597.7    496.7    479.8
67688.0  35.7022   -91.6061    598.3    499.5    480.9
67689.0  35.7022   -91.6074    597.4    497.6    478.7
67690.0  35.7022   -91.6087    597.4    498.0    480.9
67691.0  35.7023   -91.6100    597.4    498.0    475.2
67692.0  35.7023   -91.6113    596.5    498.6    477.0
67693.0  35.7023   -91.6126    595.6    496.7    474.2
67694.0  35.7023   -91.6139    595.0    496.2    473.6
67695.0  35.7024   -91.6152    594.5    496.1    478.8
67696.0  35.7024   -91.6164    593.8    493.5    481.8
67697.0  35.7024   -91.6177    594.6    495.5    485.6
67698.0  35.7024   -91.6190    595.9    496.3    483.7
67699.0  35.7024   -91.6203    595.0    496.0    488.3
67700.0  35.7024   -91.6216    594.3    496.4    486.2
67701.0  35.7025   -91.6229    593.8    494.8    482.8
67702.0  35.7025   -91.6242    593.8    494.2    481.0
67703.0  35.7025   -91.6255    593.3    493.0    481.1
67704.0  35.7025   -91.6268    592.5    493.5    482.2
67705.0  35.7025   -91.6281    592.5    494.3    489.6
67706.0  35.7025   -91.6294    592.5    494.0    489.5
67707.0  35.7025   -91.6307    592.1    494.1    496.6
67708.0  35.7025   -91.6320    591.3    493.4    500.1
67709.0  35.7025   -91.6333    592.1    494.5    505.9
67710.0  35.7025   -91.6345    592.6    495.3    513.5
67711.0  35.7025   -91.6358    593.8    495.8    513.6
67712.0  35.7025   -91.6371    594.5    495.5    521.8
67713.0  35.7025   -91.6384    595.0    495.9    519.4
67714.0  35.7025   -91.6397    595.0    497.7    518.6
67715.0  35.7025   -91.6410    595.0    498.3    521.7
67716.0  35.7025   -91.6423    595.0    497.8    519.4
67717.0  35.7025   -91.6436    595.0    498.6    526.9
67718.0  35.7025   -91.6449    595.0    498.3    521.2
67719.0  35.7025   -91.6462    595.0    499.7    519.9
67720.0  35.7025   -91.6475    595.0    498.3    522.1
67721.0  35.7025   -91.6487    595.0    497.6    525.4
67722.0  35.7025   -91.6500    595.0    497.4    523.3
67723.0  35.7025   -91.6513    595.0    496.7    520.4
67724.0  35.7025   -91.6526    595.0    497.8    520.3
67725.0  35.7025   -91.6539    595.7    499.2    521.5
67726.0  35.7025   -91.6552    595.0    499.4    519.6
67727.0  35.7025   -91.6565    594.5    498.4    520.8
67728.0  35.7025   -91.6578    593.8    497.7    520.6
67729.0  35.7025   -91.6591    593.8    497.7    516.5
67730.0  35.7026   -91.6604    594.2    497.6    516.5
67731.0  35.7026   -91.6617    595.0    497.6    517.2
67732.0  35.7026   -91.6630    593.8    496.9    520.2
67733.0  35.7026   -91.6643    593.8    496.6    518.7
67734.0  35.7026   -91.6656    593.4    495.4    516.2
67735.0  35.7026   -91.6669    592.5    494.7    514.6
67736.0  35.7026   -91.6682    591.4    494.6    515.1
67737.0  35.7026   -91.6695    591.3    493.3    514.3
67738.0  35.7026   -91.6708    590.6    490.9    518.5
67739.0  35.7026   -91.6721    589.8    491.2    517.3
67740.0  35.7026   -91.6734    588.9    490.9    519.6
67741.0  35.7026   -91.6747    590.0    492.6    520.4
67742.0  35.7027   -91.6760    590.1    492.7    518.9
67743.0  35.7027   -91.6773    590.1    493.7    517.8
67744.0  35.7027   -91.6786    590.6    494.7    517.2
67745.0  35.7027   -91.6799    591.3    496.0    518.3
67746.0  35.7027   -91.6812    591.4    494.8    520.8
67747.0  35.7027   -91.6825    592.5    496.8    521.7
67748.0  35.7027   -91.6838    592.5    494.8    518.2
67749.0  35.7027   -91.6851    592.5    495.5    514.0
67750.0  35.7027   -91.6864    592.5    495.6    513.4
67751.0  35.7027   -91.6877    592.7    496.9    514.0
67752.0  35.7027   -91.6889    594.3    497.5    509.7
67753.0  35.7027   -91.6902    596.6    499.8    517.9
67754.0  35.7028   -91.6915    598.5    499.9    516.5
67755.0  35.7028   -91.6928    598.6    500.1    520.7
67756.0  35.7028   -91.6941    599.8    502.5    517.9
67757.0  35.7028   -91.6954    599.6    503.3    520.8
67758.0  35.7028   -91.6967    598.6    500.5    519.7
67759.0  35.7028   -91.6980    597.1    499.4    519.4
67760.0  35.7028   -91.6993    595.9    498.6    512.2
67761.0  35.7028   -91.7006    594.5    498.2    506.8
67762.0  35.7028   -91.7019    593.1    495.9    503.6
