flight/WP3D/AircraftMet_NP3_20130708_RA.ict
43  1001
Ken Aikin
NOAA ESRL Chemical Sciences Division
various aircraft sensors
SENEX 2013
1  1
2013  07  08  2013  07  08
1
AOCTimewave
10
1  1  1  1  1  1  1  1  1  1
-9999  -9999  -9999  -9999  -9999  -9999  -9999  -9999  -9999  -9999
AmbTemp  C
DewPtTemp  C
DewPtTempTDL  C
H2Omr  g/kg
PotTemp  K
RelHumidity  pct
StaticPrs  mbar
VertWindSpd  m/s
WindDir  deg
WindSpd  m/s
1
SPECIAL COMMENTS:Fayetteville AR  then PP and BB.
18
PI_CONTACT_INFO: Address: NOAA ESRL Chemical Sciences Division  Mail Stop R/CSD7  325 Broadway  Boulder  CO 80305
PLATFORM: NOAA WP-3D
LOCATION: The aircraft was stationed in  Smyrna  Tennessee. Aircraft location information in AircraftPosition file.
ASSOCIATED_DATA: N/A
INSTRUMENT_INFO: N/A
DATA_INFO: Units:AmbTemp celcius; DewPtTemp celcius; DewPtTempTDL celcius; H2Omr g/kg; PotTemp kelvin; RelHumidity percent; StaticPrs millibar; VertWindSpd m/s; WindDir degrees; WindSpd m/s
UNCERTAINTY: N/A
ULOD_FLAG: -7777
ULOD_VALUE: N/A
LLOD_FLAG: -8888
LLOD_VALUE: N/A
DM_CONTACT_INFO: Data Manager:Ken Aikin; email:Kenneth.C.Aikin@noaa.gov
PROJECT_INFO: SENEX 2013 Study; June 1 - July 15  2013
STIPULATIONS_ON_USE: Use of these data require prior ok from PI.
OTHER_COMMENTS:       None
REVISION: RA
RA: Preliminary Data.  For in-field use.
AOCTimewave  AmbTemp  DewPtTemp  DewPtTempTDL  H2Omr  PotTemp  RelHumidity  StaticPrs  VertWindSpd  WindDir  WindSpd
[from data line 16467]
71140.0  26.510  18.330  5.750  14.07  303.94  59.91  951.54  -1.39  233.59  4.02
71141.0  26.520  17.990  5.660  13.76  303.95  58.56  951.55  -0.21  231.11  4.10
71142.0  26.400  17.740  5.720  13.55  303.82  58.08  951.55  -0.32  218.01  3.39
71143.0  26.430  17.780  5.990  13.58  303.87  58.12  951.34  -0.51  210.59  3.25
71144.0  26.410  19.070  5.620  14.75  303.86  63.19  951.22  -0.78  215.51  2.64
71145.0  26.490  18.650  5.550  14.37  303.96  61.21  951.17  -0.23  230.43  3.08
71146.0  26.460  18.740  5.360  14.45  303.92  61.69  951.25  -0.86  229.36  3.31
71147.0  26.400  19.560  5.620  15.23  303.86  65.27  951.15  -0.77  219.93  2.90
71148.0  26.400  18.510  5.920  14.23  303.85  60.98  951.26  -1.08  214.65  3.60
71149.0  26.340  19.660  5.850  15.32  303.78  65.89  951.41  -1.17  205.26  3.70
71150.0  26.400  19.250  5.660  14.92  303.85  63.93  951.36  -1.50  204.59  3.99
71151.0  26.430  20.280  5.450  15.93  303.88  68.13  951.32  -1.08  210.98  4.17
71152.0  26.450  19.540  5.270  15.20  303.88  64.96  951.44  -1.09  215.28  4.01
71153.0  26.480  19.630  4.850  15.29  303.90  65.24  951.54  -1.22  213.75  4.02
71154.0  26.490  17.620  5.060  13.44  303.93  57.28  951.52  -1.04  219.06  3.88
71155.0  26.540  18.460  4.940  14.19  303.96  60.31  951.55  -0.54  223.46  4.35
71156.0  26.550  17.850  4.660  13.64  303.99  57.95  951.46  -0.56  228.32  4.56
71157.0  26.510  16.910  4.720  12.84  303.95  54.65  951.48  -0.84  232.72  4.53
71158.0  26.560  18.750  4.540  14.46  304.00  61.35  951.42  -0.94  232.93  4.85
71159.0  26.540  17.680  4.890  13.49  303.99  57.32  951.37  -1.17  234.64  5.06
71160.0  26.610  18.300  4.100  14.05  304.05  59.44  951.36  -1.28  237.34  4.60
71161.0  26.690  18.170  3.810  13.92  304.13  58.63  951.48  -0.91  234.18  4.84
71162.0  26.690  16.130  3.990  12.20  304.13  51.39  951.47  -0.84  231.45  5.31
71163.0  26.660  17.850  4.160  13.64  304.09  57.54  951.56  -1.40  232.48  5.16
71164.0  26.590  18.720  4.230  14.42  304.02  61.11  951.56  -1.58  229.85  4.66
71165.0  26.700  17.910  3.620  13.69  304.14  57.62  951.48  -1.00  228.78  4.33
71166.0  26.680  17.810  3.690  13.61  304.10  57.35  951.63  -1.15  234.40  4.25
71167.0  26.680  15.220  3.830  11.50  304.12  48.44  951.57  -1.33  216.86  4.21
71168.0  26.690  18.350  4.470  14.09  304.12  59.32  951.58  -0.47  224.25  4.59
71169.0  26.620  18.950  4.200  14.64  304.03  61.94  951.70  -0.87  232.94  3.82
71170.0  26.620  19.600  4.730  15.26  304.03  64.55  951.75  0.19  230.06  3.79
71171.0  26.580  19.290  5.090  14.96  304.00  63.40  951.65  0.53  229.64  3.93
71172.0  26.510  17.700  5.070  13.51  303.96  57.53  951.35  0.23  218.92  3.56
71173.0  26.510  19.190  4.750  14.87  303.98  63.28  951.09  -0.66  220.55  2.97
71174.0  26.610  19.850  4.730  15.50  304.07  65.57  951.25  -1.76  211.79  4.33
71175.0  26.640  20.090  4.540  15.74  304.09  66.46  951.33  -1.41  221.46  4.93
71176.0  26.690  19.610  4.250  15.28  304.15  64.32  951.16  -1.79  223.20  5.21
71177.0  26.710  18.600  4.530  14.32  304.16  60.21  951.32  -0.58  219.81  5.95
71178.0  26.600  17.470  4.650  13.32  304.07  56.37  951.12  -0.73  219.87  5.05
71179.0  26.720  19.360  4.810  15.03  304.18  63.14  951.24  -0.94  216.71  5.59
71180.0  26.790  17.540  4.880  13.37  304.24  55.95  951.33  -0.78  230.50  6.39
71181.0  26.660  18.430  4.680  14.16  304.09  59.72  951.54  1.33  224.69  5.75
71182.0  26.650  19.250  4.830  14.92  304.08  62.96  951.54  0.83  227.11  5.96
71183.0  26.540  18.020  4.870  13.80  303.99  58.63  951.32  -0.95  218.30  4.51
71184.0  26.490  16.680  4.880  12.65  303.94  53.90  951.40  -0.20  217.78  4.34
71185.0  26.510  16.990  4.920  12.91  303.96  54.95  951.28  -0.88  222.32  3.95
71186.0  26.510  16.850  5.100  12.79  303.97  54.45  951.16  -0.72  220.75  4.49
71187.0  26.500  18.050  5.080  13.82  303.97  58.84  951.12  -0.75  215.41  4.29
71188.0  26.540  17.780  5.000  13.58  304.00  57.70  951.18  -0.15  208.92  5.73
71189.0  26.500  18.420  4.910  14.15  303.96  60.26  951.21  -0.18  213.69  5.77
71190.0  26.460  20.180  4.790  15.84  303.93  67.60  951.11  -0.38  214.74  5.59
71191.0  26.470  16.700  4.820  12.66  303.92  54.04  951.28  -0.94  217.30  5.18
71192.0  26.480  18.350  4.630  14.09  303.93  60.08  951.33  -1.19  223.65  4.02
71193.0  26.630  19.500  3.160  15.16  304.08  64.08  951.37  -1.20  211.02  3.65
71194.0  26.800  18.080  2.360  13.84  304.25  57.90  951.37  -0.70  219.49  4.02
71195.0  26.800  17.050  3.260  12.96  304.25  54.19  951.34  -0.64  223.45  3.66
71196.0  26.810  17.900  2.630  13.69  304.25  57.22  951.40  -1.27  214.33  3.79
71197.0  26.830  15.190  2.460  11.48  304.28  47.93  951.38  -1.11  211.08  4.36
71198.0  26.800  16.590  2.650  12.58  304.24  52.61  951.45  -0.47  209.93  4.65
71199.0  26.730  14.940  2.820  11.29  304.18  47.44  951.29  -0.81  218.02  3.85
71200.0  26.710  16.990  2.970  12.91  304.16  54.26  951.38  -0.85  218.41  3.04
71201.0  26.800  17.520  2.950  13.36  304.27  55.87  951.19  -1.21  227.59  2.79
71202.0  26.830  14.770  3.250  11.17  304.29  46.64  951.22  -0.64  225.65  3.65
71203.0  26.800  16.090  3.520  12.18  304.27  50.92  951.16  -0.18  220.28  4.39
71204.0  26.780  15.810  3.140  11.95  304.25  50.05  951.11  -0.52  227.75  3.94
71205.0  26.790  17.260  3.090  13.13  304.25  54.95  951.21  -1.03  228.56  3.96
71206.0  26.850  18.360  3.370  14.10  304.31  58.76  951.31  0.64  219.05  4.99
71207.0  26.790  17.650  3.300  13.47  304.26  56.37  951.12  1.22  216.46  4.39
71208.0  26.870  17.290  3.370  13.16  304.35  54.80  951.10  0.19  225.57  4.65
71209.0  26.720  16.490  3.460  12.50  304.19  52.51  951.14  -0.37  211.86  3.85
71210.0  26.820  15.680  3.290  11.85  304.29  49.51  951.07  -1.16  217.76  3.92
71211.0  26.950  14.830  3.190  11.21  304.41  46.45  951.33  -0.30  223.53  5.75
71212.0  26.670  15.530  2.990  11.74  304.13  49.49  951.27  -1.35  214.15  4.20
71213.0  26.880  15.100  2.130  11.41  304.32  47.50  951.48  -0.74  219.16  4.49
71214.0  26.950  16.140  1.560  12.21  304.40  50.61  951.42  -0.55  221.42  4.97
71215.0  26.980  16.760  0.940  12.71  304.43  52.57  951.42  -0.95  223.72  4.88
71216.0  26.940  16.510  0.910  12.51  304.37  51.90  951.63  -0.33  223.06  4.68
71217.0  26.850  15.960  3.250  12.06  304.26  50.33  951.74  -1.30  212.30  4.44
71218.0  26.780  15.120  4.150  11.42  304.20  47.85  951.75  -2.14  209.07  4.61
71219.0  26.890  16.360  3.810  12.39  304.31  51.54  951.72  -1.07  220.95  4.60
71220.0  26.940  17.760  2.810  13.56  304.36  56.23  951.78  -0.59  223.49  5.06
71221.0  26.870  16.500  3.770  12.50  304.29  52.05  951.71  0.24  223.50  4.78
71222.0  26.750  16.680  4.310  12.65  304.17  53.07  951.66  0.56  228.38  4.69
71223.0  26.700  18.470  4.640  14.19  304.14  59.73  951.49  0.62  228.39  4.83
71224.0  26.610  17.760  4.720  13.56  304.05  57.39  951.48  0.33  227.57  4.59
71225.0  26.600  18.970  4.590  14.66  304.04  62.05  951.47  0.15  221.00  4.69
71226.0  26.580  19.830  4.550  15.49  304.03  65.65  951.36  0.68  209.46  4.50
71227.0  26.750  20.560  4.520  16.23  304.21  68.05  951.19  1.55  218.63  4.16
71228.0  26.760  20.690  4.300  16.36  304.23  68.58  951.12  1.29  230.59  4.35
71229.0  26.790  21.400  4.590  17.11  304.28  71.56  950.88  2.09  228.46  5.04
71230.0  26.700  21.060  5.000  16.75  304.20  70.45  950.79  1.82  230.75  4.80
71231.0  26.710  20.840  5.450  16.52  304.22  69.43  950.69  2.94  196.04  5.43
71232.0  26.690  19.630  5.830  15.31  304.22  64.40  950.42  1.83  194.18  4.84
71233.0  26.640  19.250  5.930  14.94  304.18  63.05  950.35  1.01  206.12  3.43
71234.0  26.670  22.010  5.470  17.78  304.19  74.89  950.58  1.01  221.31  2.76
71235.0  26.700  23.670  5.030  19.73  304.23  82.94  950.48  1.31  233.71  3.27
71236.0  26.670  22.140  5.200  17.93  304.19  75.53  950.47  1.36  220.96  3.64
71237.0  26.750  20.080  5.340  15.75  304.29  66.02  950.36  1.49  218.37  4.56
71238.0  26.630  22.080  5.250  17.87  304.15  75.45  950.53  1.10  218.24  3.19
71239.0  26.660  21.860  4.990  17.62  304.18  74.27  950.59  2.05  227.22  2.00
71240.0  26.710  22.540  4.960  18.39  304.23  77.27  950.49  2.51  244.20  1.86
71241.0  26.700  23.530  5.150  19.56  304.23  82.19  950.50  2.52  275.18  1.58
71242.0  26.750  22.560  5.280  18.42  304.28  77.18  950.39  3.43  247.55  1.78
71243.0  26.790  19.900  5.270  15.57  304.34  65.07  950.27  1.84  198.66  4.48
71244.0  26.650  20.120  5.340  15.79  304.17  66.61  950.48  2.06  197.49  4.08
71245.0  26.690  20.350  5.440  16.02  304.20  67.42  950.58  1.38  206.35  3.76
71246.0  26.650  20.470  5.490  16.14  304.14  68.07  950.83  2.12  214.18  4.45
71247.0  26.590  21.000  5.460  16.69  304.08  70.67  950.84  1.83  216.42  4.21
71248.0  26.680  20.420  5.160  16.08  304.18  67.72  950.79  0.57  216.22  5.63
71249.0  26.490  19.930  5.290  15.59  303.97  66.40  950.98  0.89  200.64  4.66
71250.0  26.570  17.870  5.830  13.67  304.04  57.95  951.11  -0.39  201.88  5.17
71251.0  26.560  16.780  6.120  12.73  304.00  54.03  951.45  -0.45  208.49  4.27
71252.0  26.570  16.790  5.910  12.73  304.00  54.04  951.54  -0.38  204.33  4.46
71253.0  26.590  18.680  5.950  14.39  304.03  60.95  951.49  -0.13  208.10  4.52
71254.0  26.640  17.640  5.940  13.46  304.05  56.86  951.74  0.24  209.71  4.83
71255.0  26.700  16.370  5.690  12.39  304.11  52.17  951.76  0.13  208.69  4.96
71256.0  26.640  17.240  5.780  13.11  304.04  55.40  951.90  -0.48  214.54  4.30
71257.0  26.710  18.570  5.640  14.28  304.10  60.10  951.95  -0.62  218.49  4.11
71258.0  26.800  19.330  5.170  14.99  304.18  62.74  952.04  -0.74  225.58  4.47
71259.0  26.780  18.310  4.700  14.04  304.17  58.81  952.06  -1.39  226.78  3.79
71260.0  26.840  18.810  3.940  14.50  304.22  60.55  952.16  -1.52  220.00  3.05
71261.0  27.000  17.620  2.730  13.43  304.38  55.54  952.11  -1.60  231.57  3.12
71262.0  26.990  15.640  3.090  11.82  304.38  48.88  952.09  -1.51  219.12  3.50
71263.0  26.910  15.440  4.120  11.66  304.29  48.48  952.20  -1.79  208.39  3.76
71264.0  26.820  16.610  4.140  12.58  304.19  52.61  952.21  -2.07  206.56  3.30
71265.0  26.720  16.530  4.270  12.51  304.10  52.62  952.22  -1.66  204.54  2.91
71266.0  26.870  16.540  3.130  12.52  304.25  52.21  952.13  -1.32  215.71  2.99
71267.0  26.920  16.940  2.670  12.86  304.32  53.40  951.99  -1.23  221.34  3.06
71268.0  26.930  18.290  2.430  14.03  304.32  58.23  952.01  -0.96  221.14  3.02
71269.0  26.830  18.310  3.180  14.04  304.24  58.63  951.89  -1.30  210.76  3.22
71270.0  26.790  18.890  3.940  14.57  304.20  61.02  951.85  -0.86  212.56  3.30
71271.0  26.740  20.110  4.000  15.76  304.15  66.16  951.75  -0.62  215.50  2.54
71272.0  26.730  20.290  4.170  15.94  304.15  66.95  951.72  -2.22  217.07  3.10
71273.0  26.750  18.920  4.320  14.61  304.16  61.32  951.73  -2.40  209.06  4.11
71274.0  26.670  20.500  4.470  16.16  304.09  68.12  951.67  -1.94  204.23  4.43
71275.0  26.680  19.380  4.640  15.05  304.10  63.41  951.69  -2.07  213.71  4.60
71276.0  26.730  21.440  4.420  17.14  304.15  72.00  951.68  -1.13  221.98  4.85
71277.0  26.680  21.000  3.740  16.68  304.11  70.28  951.53  -1.82  220.09  4.94
71278.0  26.550  18.850  4.520  14.54  303.96  61.77  951.66  -1.32  210.85  3.75
71279.0  26.600  18.560  4.420  14.27  304.03  60.42  951.55  -1.10  201.00  4.19
71280.0  26.610  19.900  4.520  15.55  304.06  65.79  951.41  -0.86  198.63  4.66
71281.0  26.660  20.140  4.740  15.79  304.10  66.61  951.39  -0.69  203.53  4.75
71282.0  26.610  20.610  5.080  16.28  304.07  68.85  951.28  -0.56  200.00  4.67
71283.0  26.630  18.740  5.130  14.44  304.08  61.05  951.33  0.30  199.28  4.38
71284.0  26.670  17.180  5.260  13.07  304.11  55.10  951.49  0.08  205.48  5.41
71285.0  26.570  19.140  4.920  14.82  304.02  62.88  951.34  0.97  197.27  4.54
71286.0  26.640  18.650  4.980  14.37  304.12  60.65  951.01  0.53  197.96  4.97
71287.0  26.680  19.390  4.890  15.07  304.16  63.47  950.92  0.80  206.63  5.23
71288.0  26.710  19.050  4.600  14.74  304.20  61.97  950.84  0.84  210.93  4.91
71289.0  26.660  18.710  4.690  14.42  304.15  60.81  950.82  0.49  210.64  5.38
71290.0  26.640  18.550  4.610  14.28  304.14  60.25  950.86  -0.38  208.22  5.16
71291.0  26.570  18.820  4.610  14.53  304.05  61.59  951.00  -1.83  218.17  4.35
71292.0  26.550  18.220  4.200  13.97  304.00  59.32  951.28  -1.04  215.67  3.56
71293.0  26.560  18.720  3.990  14.42  304.02  61.21  951.26  -0.64  211.17  3.00
71294.0  26.600  18.240  4.080  14.00  304.06  59.25  951.19  -1.62  213.71  3.03
71295.0  26.650  17.220  4.210  13.10  304.12  55.26  951.22  -1.37  209.66  3.51
71296.0  26.690  19.450  3.970  15.12  304.15  63.66  951.19  -0.09  217.81  3.62
71297.0  26.730  18.070  3.990  13.84  304.18  58.14  951.36  -0.42  209.09  4.66
71298.0  26.670  19.330  4.110  15.00  304.11  63.21  951.43  1.57  195.68  3.79
71299.0  26.680  19.070  4.310  14.75  304.12  62.14  951.42  2.39  191.04  2.96
71300.0  26.780  18.860  4.450  14.56  304.26  60.95  951.04  1.43  203.74  2.26
71301.0  26.840  17.830  4.340  13.63  304.33  56.85  950.87  2.07  227.53  3.07
71302.0  26.810  19.460  4.470  15.13  304.31  63.21  950.75  0.63  190.23  3.54
71303.0  26.780  16.870  4.580  12.82  304.30  53.63  950.63  0.36  215.12  3.38
71304.0  26.700  17.960  4.590  13.75  304.21  57.82  950.61  0.36  201.92  3.27
71305.0  26.650  17.320  4.900  13.20  304.16  55.66  950.67  0.00  227.71  2.78
71306.0  26.690  17.690  5.050  13.51  304.17  56.87  951.00  -0.49  212.12  4.14
71307.0  26.700  20.190  5.370  15.85  304.17  66.68  951.14  -0.66  224.59  4.75
71308.0  26.640  20.060  5.180  15.71  304.09  66.35  951.29  -1.13  223.26  4.33
71309.0  26.650  17.530  5.010  13.36  304.09  56.38  951.45  -0.99  215.01  4.81
71310.0  26.730  17.290  4.930  13.16  304.17  55.27  951.52  -0.85  220.45  5.38
71311.0  26.650  17.060  4.780  12.96  304.09  54.71  951.50  -0.96  219.25  4.56
71312.0  26.610  18.000  4.350  13.77  304.04  58.28  951.53  -1.05  205.95  4.36
71313.0  26.560  17.540  4.570  13.37  303.98  56.75  951.59  -1.47  199.18  3.70
71314.0  26.570  17.940  4.440  13.72  304.00  58.17  951.58  -1.27  195.71  3.60
71315.0  26.720  20.090  3.900  15.74  304.14  66.13  951.70  -0.68  198.79  4.16
71316.0  26.690  19.490  4.390  15.14  304.10  63.77  951.77  -0.82  197.53  4.69
71317.0  26.680  19.410  4.630  15.07  304.09  63.52  951.75  -0.27  205.36  4.43
71318.0  26.700  18.160  4.400  13.92  304.12  58.57  951.67  -0.64  216.41  4.24
71319.0  26.760  18.390  3.310  14.12  304.18  59.19  951.71  -1.29  219.62  4.31
71320.0  26.780  18.820  2.820  14.51  304.20  60.80  951.72  -1.46  219.62  4.17
71321.0  26.810  18.730  3.910  14.43  304.22  60.33  951.79  -0.75  221.19  4.67
71322.0  26.750  17.190  4.920  13.07  304.17  54.84  951.69  -0.86  214.04  5.31
71323.0  26.680  19.540  5.310  15.20  304.08  64.06  951.80  0.41  203.68  4.41
71324.0  26.700  18.570  5.550  14.28  304.11  60.11  951.74  1.62  203.53  4.20
71325.0  26.700  20.830  5.650  16.50  304.14  69.43  951.41  1.22  206.75  3.68
71326.0  26.600  20.120  5.780  15.78  304.06  66.80  951.15  -0.02  191.68  3.98
71327.0  26.630  19.180  5.790  14.86  304.09  62.82  951.17  -0.08  213.69  3.98
71328.0  26.600  20.770  5.910  16.44  304.07  69.58  951.11  0.35  229.08  3.41
71329.0  26.670  20.560  6.480  16.23  304.13  68.40  951.12  0.01  223.21  4.37
71330.0  26.610  20.320  6.700  15.98  304.08  67.61  951.02  -0.04  225.43  4.52
71331.0  26.490  19.290  6.770  14.98  303.98  63.79  950.82  -0.11  210.89  3.72
71332.0  26.440  19.760  6.800  15.42  303.94  65.89  950.81  -0.85  216.90  3.62
71333.0  26.430  18.480  6.700  14.22  303.91  60.79  950.97  -0.60  212.75  3.74
71334.0  26.470  18.900  6.150  14.60  303.95  62.28  950.98  0.61  210.64  4.14
