flight/WP3D/AircraftMis_NP3_20130529_RA.ict
41  1001
Ken Aikin
NOAA ESRL Chemical Sciences Division
various aircraft sensors
SENEX 2013
1  1
2013  05  29  2013  05  29
1
AOCTimewave
8
1  1  1  1  1  1  1  1
-9999  -9999  -9999  -9999  -9999  -9999  -9999  -9999
Attack
CabinPrs
GndSpd
Heading
Pitch
Roll
Slip
TrueAirSpd
1
SPECIAL COMMENTS:Lots of AOC data system problems. Large gaps in data.
18
PI_CONTACT_INFO: Address: NOAA ESRL Chemical Sciences Division  Mail Stop R/CSD7  325 Broadway  Boulder  CO 80305
PLATFORM: NOAA WP-3D
LOCATION: The aircraft was stationed in  Smyrna  Tennessee. Aircraft location information in AircraftPosition file.
ASSOCIATED_DATA: N/A
INSTRUMENT_INFO: N/A
DATA_INFO: Units: Attack degrees; CabinPrs millibar; GndSpd m/s; Heading degrees; Pitch degrees; Roll degrees; Slip degrees; TrueAirSpd m/s
UNCERTAINTY: N/A
ULOD_FLAG: -7777
ULOD_VALUE: N/A
LLOD_FLAG: -8888
LLOD_VALUE: N/A
DM_CONTACT_INFO: Data Manager:Ken Aikin; email:Kenneth.C.Aikin@noaa.gov
PROJECT_INFO: SENEX 2013 Study; June 1 - July 15  2013
STIPULATIONS_ON_USE: Use of these data require prior ok from PI.
OTHER_COMMENTS:       None
REVISION: RA
RA: Preliminary Data.  For in-field use.
AOCTimewave  Attack  CabinPrs  GndSpd  Heading  Pitch  Roll  Slip  TrueAirSpd
[from data line 540]
76059.0  2.0  721.9  125.4  6.4  4.13  2.76  -1.13  121.3
76060.0  2.2  721.5  125.4  6.7  4.32  1.94  -1.17  121.4
76061.0  2.2  720.3  125.5  7.0  4.43  -0.20  -1.47  121.7
76062.0  2.0  720.8  125.6  7.1  4.49  -1.22  -1.60  121.8
76063.0  2.1  719.5  125.7  6.8  4.53  -1.21  -1.42  121.6
76064.0  2.0  719.0  125.8  6.5  4.52  -1.06  -1.01  122.0
76065.0  1.9  718.8  125.9  6.4  4.43  -0.98  -0.96  122.2
76066.0  1.9  718.6  126.0  6.5  4.34  -0.84  -1.08  122.4
76067.0  1.9  717.7  126.1  6.6  4.25  -0.54  -1.27  122.6
76068.0  1.9  717.3  126.3  6.6  4.16  -0.19  -1.16  122.6
76069.0  1.9  716.6  126.4  6.5  4.07  0.09  -1.23  123.1
76070.0  1.9  716.2  126.5  6.4  4.00  0.44  -1.10  123.3
76071.0  1.8  716.2  126.7  6.4  3.93  0.74  -1.03  123.7
76072.0  1.9  715.9  126.8  6.5  3.87  0.98  -1.14  124.1
76073.0  1.8  715.3  126.9  6.7  3.83  1.43  -1.09  124.3
76074.0  1.8  715.3  127.0  6.8  3.80  1.86  -1.09  124.4
76075.0  1.8  714.9  127.1  7.0  3.74  2.18  -1.02  124.6
76076.0  1.8  714.3  127.2  7.2  3.65  2.63  -1.11  124.9
76077.0  1.8  714.3  127.4  7.5  3.54  3.14  -1.09  125.2
76078.0  1.7  714.4  127.5  7.7  3.42  3.53  -0.96  125.3
76079.0  1.7  714.0  127.6  8.0  3.32  3.74  -0.96  125.5
76080.0  2.0  713.4  127.8  8.5  3.59  2.75  -1.22  125.8
76081.0  2.0  713.7  127.8  8.9  3.89  2.24  -1.31  125.8
76082.0  2.0  713.4  127.9  9.0  4.06  3.48  -1.21  125.9
76083.0  1.9  712.9  127.9  9.0  4.15  5.03  -0.76  126.0
76084.0  1.8  713.2  127.8  9.4  4.23  6.18  -0.55  125.9
76085.0  2.1  712.5  127.8  10.2  4.55  5.56  -0.87  125.7
76086.0  2.2  712.6  127.6  11.2  4.98  4.79  -1.27  125.6
76087.0  2.0  711.8  127.4  11.8  5.05  4.44  -1.56  125.3
76088.0  2.0  712.2  127.2  11.8  5.11  3.84  -1.08  124.9
76089.0  1.6  710.8  127.1  11.7  4.83  2.67  -0.80  124.7
76090.0  1.7  711.3  127.1  12.0  4.67  1.68  -0.94  125.0
76091.0  1.8  710.7  127.0  12.4  4.79  1.45  -1.09  125.4
76092.0  1.8  709.6  127.0  12.7  4.92  0.83  -1.33  125.1
76093.0  2.0  709.4  126.9  12.7  5.07  -0.40  -1.23  125.1
76094.0  1.8  708.6  126.8  12.6  5.16  -1.13  -1.20  124.9
76095.0  1.9  708.2  126.7  12.4  5.17  -1.19  -1.10  125.1
76096.0  1.9  707.5  126.7  12.3  5.18  -1.13  -1.05  125.0
76097.0  1.8  707.1  126.6  12.3  5.01  -1.81  -1.09  125.1
76098.0  1.4  706.3  126.6  12.3  4.25  -2.96  -1.13  125.1
76099.0  1.4  705.5  126.8  12.2  3.84  -3.98  -1.16  125.1
76100.0  1.8  705.1  127.0  12.0  3.95  -4.43  -1.15  125.3
76101.0  1.8  704.2  127.2  11.8  3.85  -4.61  -1.14  125.4
76102.0  1.5  704.0  127.4  11.5  3.30  -4.73  -1.22  125.8
76103.0  1.4  703.6  127.7  11.2  2.77  -4.76  -1.12  126.3
76104.0  1.5  702.6  128.0  10.8  2.61  -4.88  -1.02  126.7
76105.0  1.4  702.4  128.3  10.7  2.09  -5.15  -1.14  127.0
76106.0  1.1  702.1  128.7  10.6  1.26  -5.69  -1.30  127.3
76107.0  1.7  701.3  129.1  10.0  1.68  -5.88  -1.15  127.5
76108.0  1.8  701.1  129.6  9.4  1.82  -5.87  -0.97  127.7
76109.0  1.7  700.5  130.0  9.1  1.77  -5.47  -1.00  127.9
76110.0  1.9  700.6  130.3  8.9  2.14  -5.14  -1.16  128.1
76111.0  2.1  700.5  130.6  8.6  2.66  -4.76  -1.19  128.3
76112.0  2.0  700.3  130.8  8.4  2.95  -4.44  -1.09  128.5
76113.0  1.6  700.3  131.0  8.2  2.52  -4.79  -1.12  128.7
76114.0  1.4  700.5  131.3  8.0  2.18  -5.50  -1.24  129.1
76115.0  1.2  699.9  131.6  7.7  1.48  -5.98  -1.21  129.7
76116.0  1.4  700.5  132.0  7.2  1.40  -6.03  -1.06  130.0
76117.0  1.8  699.5  132.4  6.9  1.78  -4.98  -1.04  130.3
76118.0  1.5  700.1  132.7  6.7  1.52  -5.26  -1.15  130.6
76119.0  1.5  700.2  133.1  6.5  1.48  -5.41  -1.36  130.8
76120.0  1.7  700.4  133.5  6.0  1.67  -5.31  -1.28  131.0
76121.0  1.8  700.0  133.8  5.5  1.84  -5.63  -1.16  131.3
76122.0  1.8  700.3  134.1  5.2  2.06  -5.72  -1.19  131.7
76123.0  1.4  700.5  134.4  4.9  1.73  -5.51  -1.12  131.9
76124.0  1.4  701.2  134.7  4.5  1.63  -3.49  -0.91  132.2
76125.0  1.4  701.0  135.0  4.4  1.49  0.36  -0.75  132.5
76126.0  1.3  700.9  135.2  4.7  1.32  0.81  -0.90  132.9
76127.0  1.4  700.7  135.5  5.1  1.35  0.56  -1.14  133.2
76128.0  1.4  701.2  135.7  5.2  1.29  -0.52  -1.24  133.6
76129.0  1.4  701.2  136.0  5.1  1.28  -0.98  -1.17  133.9
76130.0  1.4  701.5  136.3  5.1  1.28  -1.02  -1.15  134.3
76131.0  1.3  701.5  136.5  5.0  1.20  -0.86  -1.11  134.6
76132.0  1.3  701.9  136.8  5.0  1.21  -0.78  -1.06  134.9
76133.0  1.3  702.2  137.0  5.0  1.16  -0.76  -1.09  135.3
76134.0  1.3  701.9  137.3  4.9  1.18  -0.74  -1.06  135.6
76135.0  1.3  701.6  137.5  4.9  1.21  -0.71  -1.05  135.9
76136.0  1.2  702.0  137.7  4.9  1.18  -0.66  -1.05  136.1
76137.0  1.3  701.7  138.0  4.9  1.21  -0.64  -1.13  136.5
76138.0  1.2  702.1  138.2  4.9  1.14  -0.70  -1.02  136.6
76139.0  1.2  702.2  138.4  4.8  1.16  -0.72  -1.00  136.8
76140.0  1.2  701.8  138.6  4.8  1.12  -0.55  -0.99  137.0
76141.0  1.2  702.0  138.7  4.9  1.08  -0.60  -0.90  137.1
76142.0  1.2  701.8  138.9  5.0  1.10  -0.70  -0.92  137.1
76143.0  1.2  701.7  139.1  5.1  1.06  -0.24  -0.86  137.0
76144.0  1.2  701.9  139.3  5.3  1.10  0.61  -0.95  137.0
76145.0  1.1  701.2  139.4  5.4  1.02  0.53  -1.08  137.0
76146.0  1.2  701.5  139.6  5.5  1.11  0.15  -1.08  137.4
76147.0  1.1  701.2  139.7  5.5  1.00  0.01  -0.99  137.8
76148.0  1.1  701.1  139.9  5.6  0.97  -0.02  -0.95  138.0
76149.0  1.1  701.3  140.1  5.7  0.94  -0.16  -1.01  138.3
76150.0  1.1  701.2  140.2  5.8  0.92  -0.36  -1.00  138.5
76151.0  1.1  700.9  140.4  5.9  0.95  -0.60  -0.97  138.6
76152.0  1.0  700.6  140.5  5.9  0.90  -0.73  -0.95  138.6
76153.0  1.0  700.8  140.7  6.0  0.90  -0.80  -1.01  138.5
76154.0  1.0  700.9  140.9  6.0  1.02  -0.73  -1.02  138.7
76155.0  1.0  700.5  141.0  5.9  1.07  -0.71  -0.96  139.3
76156.0  1.0  700.6  141.1  6.0  1.06  -0.78  -0.99  139.4
76157.0  1.1  700.0  141.3  6.0  1.13  -0.82  -1.04  139.5
76158.0  1.0  700.3  141.4  5.9  1.16  -0.79  -0.96  139.6
76159.0  1.1  700.8  141.5  5.9  1.17  -0.86  -0.88  139.3
76160.0  1.0  700.2  141.6  6.0  1.06  -0.73  -0.90  139.2
76161.0  1.1  700.4  141.7  6.0  1.18  -0.70  -0.92  139.3
76162.0  1.1  700.5  141.8  6.1  1.21  -0.87  -0.90  139.5
76163.0  1.1  700.7  142.0  6.2  1.18  -1.02  -0.95  139.7
76164.0  1.1  700.7  142.1  6.2  1.27  -1.04  -0.94  139.7
76165.0  1.0  700.8  142.2  6.2  1.17  -1.01  -0.97  139.7
76166.0  1.0  700.9  142.3  6.2  1.19  0.08  -0.89  139.7
76167.0  1.0  701.1  142.3  6.3  1.24  0.48  -0.85  139.7
76168.0  1.0  701.6  142.4  6.5  1.27  0.38  -0.95  139.8
76169.0  1.1  701.5  142.5  6.7  1.36  0.05  -1.01  140.2
76170.0  1.0  702.0  142.5  6.7  1.29  -0.30  -1.01  140.3
76171.0  1.0  701.9  142.6  6.8  1.26  -0.49  -0.99  140.4
76172.0  1.0  702.1  142.7  6.8  1.27  -0.43  -0.98  140.5
76173.0  1.0  702.1  142.7  6.8  1.37  -0.34  -1.02  140.5
76174.0  0.9  702.1  142.7  6.7  1.32  -0.39  -1.00  140.7
76175.0  0.9  702.4  142.8  6.7  1.27  -0.45  -0.95  140.7
76176.0  1.0  702.6  142.9  6.7  1.32  -0.41  -0.90  140.8
76177.0  0.9  702.7  142.9  6.8  1.22  -0.44  -0.91  140.9
76178.0  0.9  702.2  143.0  6.8  1.20  -0.58  -0.92  140.9
76179.0  0.9  702.5  143.0  6.8  1.21  -0.61  -0.89  141.0
76180.0  0.9  702.3  143.1  6.8  1.18  -0.56  -0.90  141.1
76181.0  1.0  702.6  143.2  6.9  1.18  -0.54  -0.89  141.3
76182.0  0.9  702.7  143.3  6.9  1.10  -0.66  -0.85  141.5
76183.0  0.9  702.8  143.3  6.9  1.10  -0.73  -0.85  141.5
76184.0  0.9  703.1  143.4  7.0  1.06  -0.64  -0.88  141.5
76185.0  0.9  702.9  143.5  7.0  1.06  -0.81  -0.93  141.6
76186.0  0.9  702.6  143.6  7.0  1.03  -0.91  -0.91  141.7
76187.0  1.0  702.6  143.7  7.0  1.10  -0.98  -0.87  141.6
76188.0  0.9  701.9  143.8  7.0  1.04  -0.98  -0.90  141.6
76189.0  0.9  702.4  143.8  7.0  1.00  -0.90  -0.92  141.6
76190.0  0.9  702.3  143.9  7.0  1.02  -0.86  -0.91  141.6
76191.0  0.9  701.9  144.0  7.0  0.96  -0.88  -0.89  141.7
76192.0  1.0  701.7  144.1  7.0  1.04  -0.85  -0.88  141.8
76193.0  0.8  701.6  144.2  7.0  0.87  -0.81  -0.84  141.8
76194.0  0.9  701.6  144.3  7.1  0.94  -0.86  -0.85  141.9
76195.0  0.9  701.5  144.4  7.1  0.89  -0.86  -0.88  141.9
76196.0  0.9  701.5  144.5  7.2  0.95  -0.90  -0.89  141.8
76197.0  0.9  701.5  144.6  7.2  0.98  -1.05  -0.90  142.0
76198.0  0.9  701.2  144.7  7.2  0.93  -1.21  -0.90  142.1
76199.0  0.9  701.1  144.8  7.2  0.96  -1.22  -0.87  142.2
76200.0  0.9  701.3  144.9  7.3  0.96  -0.39  -0.86  142.4
76201.0  0.9  701.0  145.0  7.3  0.90  0.43  -0.87  142.5
76202.0  0.9  700.8  145.0  7.4  0.91  0.36  -0.89  142.7
76203.0  0.9  701.0  145.1  7.5  0.91  0.09  -0.94  143.0
76204.0  0.8  701.0  145.2  7.6  0.90  -0.07  -0.95  143.1
76205.0  0.8  700.7  145.2  7.6  0.88  -0.16  -0.96  143.2
76206.0  0.9  701.0  145.3  7.6  0.92  -0.24  -0.94  143.3
76207.0  0.8  701.1  145.4  7.6  0.88  -0.19  -0.95  143.3
76208.0  0.8  701.4  145.4  7.5  0.88  -0.14  -0.87  143.2
76209.0  0.8  701.2  145.5  7.5  0.94  -0.11  -0.83  143.1
76210.0  0.8  701.0  145.6  7.6  0.98  -0.01  -0.83  143.1
76211.0  0.8  701.1  145.6  7.7  0.97  -0.07  -0.87  143.1
76212.0  0.9  701.6  145.7  7.7  1.01  -0.27  -0.85  143.0
76213.0  0.8  701.9  145.7  7.8  1.00  -0.47  -0.84  143.0
76214.0  0.8  701.7  145.8  7.8  0.98  -0.61  -0.87  143.0
76215.0  0.9  701.6  145.9  7.8  1.02  -0.60  -0.87  142.9
76216.0  0.9  702.0  145.9  7.8  1.08  -0.64  -0.80  143.0
76217.0  0.9  702.3  146.0  7.9  1.08  -1.57  -0.83  143.0
76218.0  0.8  702.3  146.0  7.9  1.01  -2.26  -0.85  143.2
76219.0  0.8  702.3  146.1  7.8  1.03  -2.30  -0.83  143.3
76220.0  0.9  702.7  146.2  7.7  1.09  -2.22  -0.82  143.5
76221.0  0.8  702.5  146.3  7.6  1.04  -2.05  -0.82  143.7
76222.0  0.8  702.5  146.3  7.5  1.00  -1.81  -0.82  144.0
76223.0  0.8  702.3  146.4  7.5  0.92  -1.71  -0.88  144.1
76224.0  0.8  702.6  146.5  7.4  0.88  -1.66  -0.83  144.2
76225.0  0.8  702.7  146.5  7.4  0.92  -1.58  -0.82  144.5
76226.0  0.7  702.8  146.6  7.3  0.85  -1.49  -0.75  144.6
76227.0  0.8  702.5  146.6  7.4  0.91  -1.45  -0.71  144.7
76228.0  0.6  702.7  146.7  7.4  0.76  -1.46  -0.78  144.8
76229.0  0.8  702.5  146.8  7.4  0.84  -1.52  -0.83  144.8
76230.0  0.7  702.4  146.9  7.4  0.76  -1.63  -0.86  144.8
76231.0  0.7  703.0  147.0  7.4  0.71  -1.61  -0.81  144.8
76232.0  0.8  702.6  147.0  7.4  0.74  -1.48  -0.82  144.8
76233.0  0.8  702.2  147.1  7.3  0.73  -1.39  -0.82  144.7
76234.0  0.7  702.2  147.2  7.3  0.67  -1.38  -0.82  144.7
76235.0  0.8  702.0  147.3  7.3  0.72  -1.41  -0.79  144.7
76236.0  0.7  702.4  147.4  7.3  0.67  -1.38  -0.77  144.7
76237.0  0.8  702.1  147.5  7.3  0.76  -1.35  -0.80  144.8
76238.0  0.7  701.6  147.6  7.3  0.72  -1.34  -0.84  144.9
76239.0  0.7  701.6  147.6  7.3  0.74  -1.27  -0.83  145.1
76240.0  0.7  701.5  147.7  7.3  0.71  -1.34  -0.79  145.3
76241.0  0.7  701.3  147.8  7.3  0.70  -1.25  -0.80  145.3
76242.0  0.8  701.3  147.9  7.2  0.78  -1.22  -0.79  145.3
76243.0  0.8  701.7  147.9  7.2  0.82  -1.39  -0.75  145.3
76244.0  0.7  701.1  148.0  7.2  0.82  -2.30  -0.87  145.2
76245.0  0.7  701.8  148.0  7.1  0.78  -2.79  -0.87  145.2
76246.0  0.8  701.0  148.1  6.9  0.84  -2.69  -0.79  145.1
76247.0  0.8  701.4  148.1  6.8  0.78  -2.36  -0.78  145.1
76248.0  0.7  700.9  148.2  6.7  0.72  -2.08  -0.76  145.0
76249.0  0.8  701.5  148.2  6.6  0.79  -2.23  -0.80  145.0
76250.0  0.8  701.3  148.3  6.6  0.82  -3.15  -0.86  145.0
76251.0  0.8  701.4  148.4  6.4  0.93  -3.35  -0.78  144.9
76252.0  0.7  701.0  148.4  6.2  0.81  -3.13  -0.77  144.9
76253.0  0.7  701.7  148.5  6.1  0.80  -2.73  -0.76  144.8
76254.0  0.8  701.3  148.5  6.0  0.89  -2.56  -0.77  144.8
76255.0  0.8  701.5  148.6  6.0  0.92  -2.50  -0.83  144.9
76256.0  0.7  701.7  148.6  5.8  0.85  -2.36  -0.82  145.1
76257.0  0.8  701.9  148.6  5.7  0.85  -2.23  -0.85  145.3
76258.0  0.7  701.9  148.7  5.6  0.79  -2.06  -0.79  145.5
76259.0  0.7  701.8  148.7  5.5  0.75  -1.87  -0.72  145.7
76260.0  0.7  702.0  148.7  5.4  0.78  -1.62  -0.74  145.7
76261.0  0.7  702.1  148.8  5.4  0.75  -1.49  -0.75  145.8
76262.0  0.7  702.2  148.8  5.5  0.72  -1.56  -0.78  145.5
76263.0  0.7  702.7  148.9  5.5  0.70  -1.55  -0.87  145.6
76264.0  0.7  702.4  148.9  5.4  0.66  -1.50  -0.84  145.7
76265.0  0.7  702.7  148.9  5.3  0.65  -1.53  -0.80  145.8
76266.0  0.7  702.4  149.0  5.3  0.70  -1.44  -0.80  145.8
76267.0  0.6  702.6  149.0  5.3  0.59  -1.25  -0.79  145.8
76268.0  0.7  703.2  149.1  5.2  0.66  -1.24  -0.76  145.7
76269.0  0.7  702.9  149.1  5.2  0.70  -1.26  -0.76  145.7
76270.0  0.7  702.8  149.1  5.2  0.65  -1.22  -0.75  145.8
76271.0  0.7  703.0  149.2  5.3  0.69  -1.17  -0.71  145.9
76272.0  0.7  702.8  149.2  5.4  0.67  -1.21  -0.77  146.0
76273.0  0.7  703.2  149.3  5.4  0.71  -1.36  -0.80  146.0
76274.0  0.7  702.9  149.3  5.4  0.62  -1.45  -0.82  146.0
76275.0  0.8  702.8  149.3  5.3  0.72  -1.42  -0.83  146.0
76276.0  0.7  702.5  149.4  5.3  0.70  -1.38  -0.81  146.0
76277.0  0.6  702.9  149.4  5.2  0.64  -1.31  -0.82  146.0
76278.0  0.7  702.6  149.4  5.2  0.72  -1.19  -0.81  146.0
76279.0  0.7  702.7  149.5  5.2  0.71  -1.12  -0.81  146.1
76280.0  0.7  702.9  149.5  5.1  0.70  -1.16  -0.79  146.1
76281.0  0.7  702.4  149.5  5.1  0.78  -1.14  -0.77  146.0
76282.0  0.7  702.3  149.5  5.1  0.72  -1.02  -0.78  145.9
76283.0  0.7  702.2  149.6  5.1  0.70  -0.97  -0.78  145.9
76284.0  0.7  702.0  149.6  5.1  0.74  -1.08  -0.77  145.9
76285.0  0.7  702.3  149.6  5.1  0.73  -1.08  -0.78  145.9
76286.0  0.7  702.1  149.6  5.1  0.80  -1.04  -0.75  146.0
76287.0  0.7  701.6  149.6  5.1  0.71  -0.99  -0.77  146.1
76288.0  0.7  701.6  149.7  5.1  0.69  -1.03  -0.77  146.1
76289.0  0.7  701.3  149.7  5.1  0.78  -1.10  -0.76  146.1
76290.0  0.7  701.5  149.7  5.1  0.75  -1.03  -0.79  146.2
76291.0  0.6  701.5  149.7  5.1  0.75  -1.01  -0.79  146.2
76292.0  0.7  701.7  149.7  5.0  0.78  -1.07  -0.81  146.2
76293.0  0.7  701.5  149.7  5.0  0.83  -1.04  -0.82  146.4
76294.0  0.6  701.6  149.7  4.9  0.75  -0.94  -0.74  146.5
76295.0  0.7  701.6  149.7  4.9  0.78  -0.86  -0.71  146.6
76296.0  0.6  701.5  149.7  5.0  0.75  -0.79  -0.66  146.7
76297.0  0.6  701.3  149.7  5.0  0.76  -0.82  -0.72  146.6
76298.0  0.6  701.4  149.7  5.0  0.80  -0.84  -0.73  146.7
76299.0  0.6  701.4  149.7  5.1  0.83  -0.93  -0.78  146.5
76300.0  0.7  701.6  149.7  5.0  0.89  -0.98  -0.79  146.5
76301.0  0.6  701.6  149.7  5.0  0.85  -0.94  -0.80  146.6
76302.0  0.7  702.2  149.7  5.0  0.90  -0.84  -0.78  146.4
76303.0  0.7  701.6  149.7  5.0  0.92  -0.81  -0.75  146.6
76304.0  0.6  702.0  149.7  5.0  0.81  -0.85  -0.83  146.7
76305.0  0.7  702.3  149.6  4.9  0.93  -0.85  -0.80  146.9
76306.0  0.6  702.3  149.6  4.8  0.89  -0.76  -0.79  146.9
76307.0  0.7  702.2  149.6  4.8  0.92  -0.61  -0.76  146.7
76308.0  0.7  702.8  149.5  4.8  0.93  -0.55  -0.76  146.7
76309.0  0.6  702.9  149.5  4.8  0.82  -0.63  -0.68  146.4
76310.0  0.7  702.5  149.5  4.9  0.84  -0.72  -0.70  146.2
76311.0  0.6  702.6  149.5  4.9  0.77  -0.69  -0.75  146.3
76312.0  0.7  703.0  149.5  5.0  0.88  -0.73  -0.79  146.3
76313.0  0.6  703.1  149.5  5.0  0.78  -0.83  -0.80  146.3
76314.0  0.7  702.8  149.5  4.9  0.84  -0.84  -0.81  146.3
76315.0  0.7  702.8  149.5  4.9  0.79  -0.80  -0.76  146.3
76316.0  0.7  703.0  149.5  4.9  0.80  -0.73  -0.76  146.2
76317.0  0.6  703.2  149.5  4.9  0.71  0.22  -0.70  146.3
76318.0  0.6  703.2  149.5  5.0  0.71  0.88  -0.67  146.0
76319.0  0.7  702.5  149.5  5.2  0.71  0.77  -0.73  145.9
76320.0  0.7  703.2  149.5  5.3  0.73  0.47  -0.78  145.9
76321.0  0.7  703.1  149.5  5.4  0.71  0.13  -0.77  145.9
76322.0  0.7  702.7  149.5  5.5  0.72  -0.01  -0.77  145.9
76323.0  0.7  702.6  149.5  5.6  0.72  -0.09  -0.73  145.8
76324.0  0.6  702.7  149.5  5.6  0.66  -0.25  -0.72  145.7
76325.0  0.7  702.4  149.5  5.7  0.77  -0.33  -0.76  145.7
76326.0  0.7  702.5  149.5  5.8  0.74  0.03  -0.76  145.6
76327.0  0.7  702.7  149.5  5.8  0.75  0.96  -0.74  145.9
76328.0  0.7  702.3  149.5  6.0  0.72  1.04  -0.77  146.1
