flight/WP3D/AircraftMis_NP3_20130612_RA.ict
41  1001
Ken Aikin
NOAA ESRL Chemical Sciences Division
various aircraft sensors
SENEX 2013
1  1
2013  06  12  2013  06  12
1
AOCTimewave
8
1  1  1  1  1  1  1  1
-9999  -9999  -9999  -9999  -9999  -9999  -9999  -9999
Attack  deg
CabinPrs  mbar
GndSpd  m/s
Heading  deg
Pitch  deg
Roll  deg
Slip  deg
TrueAirSpd  m/s
1
SPECIAL COMMENTS:Atlanta flight.
18
PI_CONTACT_INFO: Address: NOAA ESRL Chemical Sciences Division  Mail Stop R/CSD7  325 Broadway  Boulder  CO 80305
PLATFORM: NOAA WP-3D
LOCATION: The aircraft was stationed in  Smyrna  Tennessee. Aircraft location information in AircraftPosition file.
ASSOCIATED_DATA: N/A
INSTRUMENT_INFO: N/A
DATA_INFO: Units: Attack degrees; CabinPrs millibar; GndSpd m/s; Heading degrees; Pitch degrees; Roll degrees; Slip degrees; TrueAirSpd m/s
UNCERTAINTY: N/A
ULOD_FLAG: -7777
ULOD_VALUE: N/A
LLOD_FLAG: -8888
LLOD_VALUE: N/A
DM_CONTACT_INFO: Data Manager:Ken Aikin; email:Kenneth.C.Aikin@noaa.gov
PROJECT_INFO: SENEX 2013 Study; June 1 - July 15  2013
STIPULATIONS_ON_USE: Use of these data require prior ok from PI.
OTHER_COMMENTS:       None
REVISION: RA
RA: Preliminary Data.  For in-field use.
AOCTimewave  Attack  CabinPrs  GndSpd  Heading  Pitch  Roll  Slip  TrueAirSpd
[from data line 20358]
73656.0  1.5  951.0  88.7  330.9  -3.33  -10.84  -1.57  88.3
73657.0  1.2  951.0  88.4  330.2  -3.37  -11.24  -1.48  87.9
73658.0  2.1  951.3  88.1  329.3  -2.59  -10.50  -1.93  87.6
73659.0  3.0  951.3  87.8  327.9  -1.33  -9.38  -2.31  86.0
73660.0  2.6  951.9  87.3  326.2  -1.05  -8.96  -1.92  85.8
73661.0  2.4  951.6  86.8  324.8  -1.63  -7.90  -0.47  86.7
73662.0  2.4  951.7  86.5  324.5  -1.84  -5.05  -1.08  87.4
73663.0  2.5  951.9  86.4  324.9  -1.81  -0.33  -1.64  88.0
73664.0  2.3  952.1  86.2  324.8  -2.03  0.75  -0.99  87.3
73665.0  2.1  952.2  86.1  324.9  -2.54  -3.07  -0.37  86.0
73666.0  2.2  952.4  86.1  325.8  -2.98  -5.75  -1.56  86.0
73667.0  1.5  952.3  86.1  326.5  -3.69  -4.86  -3.01  86.2
73668.0  0.7  952.5  86.2  325.5  -4.95  -3.10  -1.72  87.0
73669.0  0.8  952.4  86.3  323.9  -5.08  -3.85  -0.60  86.2
73670.0  1.6  952.5  86.4  323.0  -3.11  -7.74  -0.41  85.7
73671.0  3.2  953.6  86.3  322.9  -0.89  -9.80  -1.40  86.7
73672.0  2.2  952.9  86.1  322.8  -0.93  -10.44  -2.24  86.9
73673.0  1.6  953.5  86.0  321.7  -2.15  -11.47  -1.95  86.9
73674.0  1.2  954.0  85.9  320.0  -2.74  -10.81  -1.27  86.5
73675.0  2.1  953.6  85.9  318.2  -2.23  -6.96  -0.79  86.5
73676.0  2.5  953.6  85.9  317.1  -1.79  -2.99  -0.45  86.7
73677.0  2.4  954.3  85.8  316.7  -1.51  -2.53  -0.71  86.6
73678.0  1.9  953.6  85.7  316.8  -1.59  -2.23  -1.22  87.1
73679.0  1.6  954.8  85.6  316.7  -1.77  -2.35  -1.53  86.9
73680.0  1.8  954.3  85.5  316.2  -1.43  -2.49  -1.47  87.2
73681.0  2.0  954.2  85.3  315.6  -0.60  -1.54  -0.70  86.8
73682.0  2.4  954.3  84.9  315.5  0.56  0.77  -0.89  86.9
73683.0  2.7  955.1  84.4  315.8  1.33  2.20  -1.09  86.5
73684.0  2.6  954.7  83.8  315.9  1.36  0.63  -0.51  85.1
73685.0  2.1  955.2  83.3  316.4  0.85  -1.69  -0.93  84.0
73686.0  1.7  954.9  82.9  317.1  -0.12  -2.27  -1.84  83.0
73687.0  1.6  955.4  82.7  317.0  -0.90  -1.63  -1.76  82.7
73688.0  2.1  954.9  82.5  316.4  -1.01  -0.55  -0.98  83.0
73689.0  3.3  954.6  82.4  315.8  -0.40  -0.41  -0.44  83.4
73690.0  2.6  954.7  82.3  315.9  -0.53  -1.79  -0.78  83.7
73691.0  1.2  955.3  82.2  316.2  -1.53  -3.99  -0.92  84.0
73692.0  1.1  955.2  82.0  316.4  -1.90  -6.40  -1.52  84.0
73693.0  1.7  955.7  82.0  316.1  -1.70  -5.93  -1.74  83.8
73694.0  2.2  955.2  82.0  315.5  -1.82  -2.54  -1.36  83.2
73695.0  2.1  955.8  82.1  314.8  -2.04  0.75  -0.68  83.3
73696.0  2.8  956.5  82.2  314.5  -1.82  1.02  -0.99  83.8
73697.0  2.2  956.2  82.3  314.4  -1.92  -0.52  -1.36  84.3
73698.0  2.0  956.5  82.3  314.1  -1.51  -0.43  -1.53  84.5
73699.0  2.9  957.0  82.3  313.4  -0.52  -0.07  -0.69  84.7
73700.0  2.3  956.8  82.1  313.2  -0.46  0.79  -0.71  85.0
73701.0  1.7  957.7  81.9  313.4  -0.88  1.32  -1.04  84.4
73702.0  1.7  957.4  81.8  313.4  -1.20  0.50  -1.02  83.7
73703.0  2.0  957.7  81.8  313.4  -1.29  1.28  0.11  83.7
73704.0  1.8  957.5  81.7  313.7  -1.74  2.01  0.38  83.8
73705.0  2.2  958.4  81.7  315.0  -1.68  1.50  -1.00  83.6
73706.0  2.4  958.4  81.8  315.8  -1.85  -0.24  -1.65  82.9
73707.0  2.7  959.0  81.8  315.9  -1.87  -0.31  -1.19  83.5
73708.0  2.0  958.8  81.9  315.6  -1.95  -0.91  -1.66  83.0
73709.0  2.3  959.9  82.0  314.9  -2.07  -2.19  -1.57  83.2
73710.0  1.7  960.4  82.0  314.0  -2.31  -1.92  -1.17  83.7
73711.0  2.1  960.5  82.0  313.1  -2.41  -0.44  -0.52  83.0
73712.0  2.8  961.2  82.1  312.8  -1.30  0.20  -0.45  82.7
73713.0  2.7  961.4  82.0  313.0  -1.05  0.50  -0.30  82.7
73714.0  2.3  961.9  82.0  313.6  -1.44  0.79  -0.84  82.6
73715.0  -9999.0  -9999.0  -9999.0  -9999.0  -9999.00  -9999.00  -9999.00  -9999.0
73716.0  -9999.0  -9999.0  -9999.0  -9999.0  -9999.00  -9999.00  -9999.00  -9999.0
73717.0  3.4  963.9  81.8  315.2  0.74  3.96  -0.81  81.9
73718.0  2.8  964.7  81.6  315.8  -0.03  0.79  -0.42  81.6
73719.0  1.9  965.2  81.4  316.5  -0.80  -0.95  -0.93  81.3
73720.0  -9999.0  -9999.0  -9999.0  -9999.0  -9999.00  -9999.00  -9999.00  -9999.0
73721.0  -9999.0  -9999.0  -9999.0  -9999.0  -9999.00  -9999.00  -9999.00  -9999.0
73722.0  2.9  966.8  81.1  316.6  0.09  -0.59  -0.66  81.7
73723.0  2.7  966.7  81.0  316.4  0.01  -0.44  0.21  81.4
73724.0  3.0  967.4  80.8  316.9  -0.15  -1.22  -1.21  80.6
73725.0  3.2  967.9  80.9  317.2  -0.28  -2.03  -0.94  80.0
73726.0  2.5  969.5  80.9  316.8  -0.62  -3.64  -1.27  79.7
73727.0  2.9  968.5  81.0  316.3  -0.35  -2.13  -0.97  79.4
73728.0  2.4  969.4  81.2  315.6  -0.16  0.27  -0.78  79.6
73729.0  2.3  969.8  81.2  315.0  -0.22  1.31  -0.32  80.3
73730.0  3.3  969.9  81.3  314.9  0.66  2.11  0.27  81.0
73731.0  3.4  970.5  81.3  315.9  1.32  3.39  -0.96  81.6
73732.0  2.9  971.0  81.2  316.4  0.74  1.64  -0.70  81.6
73733.0  1.8  971.8  81.1  316.7  0.22  -0.02  -0.44  81.2
73734.0  1.8  972.0  81.1  317.3  -0.38  2.01  -1.29  81.3
73735.0  2.2  972.2  81.2  317.5  -0.75  1.89  -1.29  80.8
73736.0  2.6  972.2  81.4  317.0  -0.94  -0.02  -0.61  80.2
73737.0  2.5  972.7  81.5  316.6  -0.53  -0.54  -1.32  80.8
73738.0  2.8  972.4  81.5  316.2  -0.12  -0.84  -0.69  81.5
73739.0  3.1  973.5  81.5  315.8  0.11  -2.93  -0.69  81.7
73740.0  2.7  973.8  81.4  315.6  -0.32  -3.61  -0.75  81.5
73741.0  2.0  974.4  81.5  315.4  -1.07  -1.60  -2.14  81.4
73742.0  1.7  975.1  81.6  314.3  -1.60  -0.74  -0.87  81.5
73743.0  2.3  974.7  81.7  313.6  -1.23  1.02  0.39  81.6
73744.0  2.1  975.2  81.8  314.3  -1.09  2.26  0.47  81.2
73745.0  2.5  975.3  81.9  315.5  -1.49  0.65  -1.20  80.9
73746.0  2.7  976.4  82.2  316.2  -1.63  -1.33  -1.36  81.4
73747.0  2.5  976.0  82.3  316.2  -1.54  -1.03  -0.56  81.5
73748.0  2.3  976.6  82.6  316.5  -2.14  1.32  -0.57  80.8
73749.0  2.1  977.6  82.9  317.0  -2.53  1.87  -1.40  82.6
73750.0  2.1  977.7  83.1  317.4  -2.34  1.13  -1.65  83.2
73751.0  2.9  977.9  83.3  317.0  -1.93  1.21  0.23  82.2
73752.0  1.5  978.7  83.4  317.4  -2.42  1.80  -0.59  82.5
73753.0  1.2  979.1  83.4  318.1  -2.73  0.21  -1.46  82.8
73754.0  2.6  979.9  83.5  318.0  -1.63  -1.71  -1.94  83.3
73755.0  3.8  980.5  83.5  317.3  -0.07  -1.17  -1.82  82.4
73756.0  3.0  981.1  83.3  316.1  0.00  -1.44  -0.06  82.6
73757.0  2.1  981.4  83.0  316.0  -0.72  -2.22  -0.76  82.1
73758.0  2.0  981.8  82.9  316.4  -0.86  -2.38  -1.63  81.2
73759.0  3.0  982.7  82.8  316.0  -0.03  -2.30  -1.65  81.0
73760.0  2.8  983.0  82.6  315.6  -0.03  -1.12  -1.71  80.8
73761.0  2.9  983.5  82.4  315.2  -0.40  0.28  -0.54  80.3
73762.0  2.8  983.9  82.3  315.7  -0.28  0.63  -0.62  80.9
73763.0  3.0  984.2  82.2  316.3  -0.18  -0.57  -0.16  81.7
73764.0  1.9  985.6  82.0  317.5  -0.81  -0.54  -2.03  82.3
73765.0  2.1  985.2  81.7  317.7  -1.05  -0.42  -1.26  82.1
73766.0  0.2  985.3  81.3  318.1  -2.48  0.11  -2.37  80.2
73767.0  -0.4  984.7  80.9  318.3  -3.83  -0.48  -3.75  81.6
73768.0  1.3  984.4  80.4  316.6  -2.68  0.73  -1.39  80.7
73769.0  1.1  985.6  79.8  316.0  -2.40  0.81  0.64  78.9
73770.0  0.3  985.6  79.2  317.8  -3.35  0.15  -1.40  80.4
73771.0  0.4  986.6  78.7  319.2  -3.17  0.38  -3.02  80.5
73772.0  -0.3  986.6  78.2  318.4  -3.85  2.12  -1.46  79.6
73773.0  -0.5  986.6  77.6  316.3  -4.09  1.28  0.72  78.4
73774.0  1.3  986.4  77.0  315.4  -3.41  -2.90  1.71  77.2
73775.0  0.9  985.9  76.4  317.1  -3.19  -3.58  -0.56  78.1
73776.0  0.5  987.2  76.0  319.1  -3.99  -2.57  -3.20  79.4
73777.0  0.2  987.7  75.6  319.0  -4.38  -0.77  -3.37  77.7
73778.0  1.4  987.4  75.0  316.3  -3.28  -1.43  -1.21  77.4
73779.0  1.3  989.1  74.2  314.5  -2.15  -3.76  -0.24  76.0
73780.0  1.6  989.2  73.4  315.6  -1.84  -3.13  -1.03  75.5
73781.0  2.4  989.9  72.6  317.2  -0.99  -1.88  -2.35  74.6
73782.0  1.7  989.9  71.8  317.6  -1.85  -2.89  -3.38  73.3
73783.0  1.3  990.3  71.2  316.6  -3.60  -2.86  -1.95  73.1
73784.0  1.7  991.0  70.6  316.2  -3.12  -0.93  -2.28  72.2
73785.0  2.7  991.5  70.0  316.4  -1.84  0.02  -2.96  70.5
73786.0  3.2  992.4  69.4  316.6  -1.28  -0.22  -2.92  69.2
73787.0  3.7  992.2  68.8  316.4  -0.75  -0.35  -1.63  68.0
73788.0  4.2  993.2  68.5  317.0  -0.19  0.80  -1.56  67.1
73789.0  3.4  993.5  68.2  318.0  -0.72  0.57  -3.60  66.1
73790.0  3.8  993.5  67.9  317.6  -0.24  0.19  -1.70  65.7
73791.0  6.0  994.6  67.5  317.3  2.18  -0.44  -0.65  64.0
73792.0  4.0  995.3  66.9  318.1  1.20  -1.95  -1.69  64.4
73793.0  3.1  996.8  66.4  319.6  0.24  -1.75  -3.26  64.2
73794.0  3.9  997.0  65.9  320.0  1.46  -0.68  -3.94  62.6
73795.0  2.3  998.7  65.3  319.5  0.06  0.12  -3.28  61.8
73796.0  1.3  997.5  65.0  318.3  -1.07  0.21  -2.28  62.0
73797.0  1.1  997.9  64.6  318.1  -1.30  0.28  -2.59  63.4
73798.0  1.2  997.7  63.7  318.1  -1.46  0.28  -4.32  64.0
73799.0  0.3  995.8  62.6  317.2  -2.43  0.36  -4.09  62.5
73800.0  0.4  995.2  61.6  317.5  -2.29  0.22  -4.55  61.0
73801.0  0.9  995.2  60.1  317.9  -2.16  0.31  -5.39  59.3
73802.0  1.6  994.8  57.9  317.9  -1.98  0.44  -5.81  57.5
73803.0  2.5  995.2  55.1  318.4  -1.63  0.54  -6.55  56.6
73804.0  3.4  995.1  52.2  318.4  -1.69  0.51  -5.91  56.0
73805.0  4.4  996.9  49.3  318.8  -1.67  0.28  -6.47  54.3
73806.0  4.8  998.1  46.7  318.5  -1.81  0.31  -6.60  50.5
73807.0  5.7  999.2  44.1  318.4  -1.51  0.22  -6.62  48.7
73808.0  6.4  1000.0  41.9  319.2  -1.22  0.06  -7.25  45.4
73809.0  6.3  1000.6  39.8  319.0  -1.38  0.15  -7.42  44.7
73810.0  6.5  1000.6  37.9  319.1  -1.24  -0.01  -7.25  42.1
73811.0  6.1  999.8  36.3  318.7  -1.55  0.32  -8.75  40.1
73812.0  5.8  998.3  34.8  318.1  -1.52  0.32  -7.55  38.1
73813.0  5.8  997.6  33.3  318.7  -1.55  0.07  -9.26  36.1
73814.0  6.7  996.7  31.8  318.5  -1.49  0.07  -7.62  35.5
73815.0  7.2  996.3  30.1  318.8  -1.45  -0.06  -9.42  34.1
73816.0  9.8  995.4  28.3  318.8  -1.45  0.03  -9.70  31.7
73817.0  13.6  994.8  26.4  318.6  -1.06  0.22  -11.70  29.6
73818.0  14.4  994.6  24.8  317.8  -1.24  0.33  -12.06  25.0
73819.0  17.4  993.9  23.4  317.6  -0.84  0.18  -11.60  30.0
73820.0  18.6  994.1  22.1  317.0  -0.66  0.16  -12.69  29.0
73821.0  19.1  993.4  20.8  317.8  -0.88  -0.13  -5.04  27.7
73822.0  20.9  992.8  19.3  318.4  -0.81  -0.18  -4.03  22.7
73823.0  19.8  993.4  18.1  319.6  -1.05  -0.19  -20.95  16.9
73824.0  -7.2  993.4  16.9  320.1  -0.86  0.03  -7.31  1.3
73825.0  6.2  992.9  15.2  318.7  -1.16  -0.08  -2.91  7.9
73826.0  12.9  993.3  13.0  318.1  -1.21  -0.03  -11.65  6.7
73827.0  11.6  993.5  10.7  318.6  -1.24  -0.02  -21.21  5.5
73828.0  16.6  993.2  8.9  320.1  -1.14  0.01  -15.44  8.4
73829.0  13.3  993.0  7.7  323.8  -1.07  0.07  -14.09  7.8
73830.0  5.4  992.7  7.0  331.2  -1.16  0.18  -8.00  1.3
73831.0  -3.1  992.7  6.4  341.6  -1.38  0.42  -3.33  1.3
73832.0  0.1  993.3  6.4  354.4  -1.49  0.60  -1.29  1.3
73833.0  1.8  994.0  6.6  6.8  -1.40  0.49  -2.65  1.3
73834.0  -5.8  994.1  7.0  15.4  -1.80  0.47  -9.43  1.3
73835.0  -4.7  994.4  7.5  21.6  -2.08  0.67  -19.54  5.4
73836.0  5.0  994.5  7.9  26.4  -1.52  0.62  6.12  1.3
73837.0  -0.4  994.6  8.0  29.9  -2.14  0.79  -0.25  1.3
73838.0  0.5  994.3  8.2  32.2  -1.93  0.70  -1.23  2.9
73839.0  -0.6  994.6  8.4  33.9  -1.84  0.66  -3.26  4.2
73840.0  -3.2  994.4  8.2  35.8  -2.01  0.55  -2.41  0.4
73841.0  -0.4  994.4  7.7  37.5  -2.01  0.60  -2.30  1.3
73842.0  -2.5  994.3  7.1  38.3  -1.91  0.58  -5.49  1.3
73843.0  -22.8  994.4  6.3  38.3  -1.83  0.47  -11.18  1.3
73844.0  -14.9  994.5  5.6  37.8  -1.77  0.33  -12.43  1.3
73845.0  -17.5  994.7  4.8  37.8  -1.71  0.24  -17.62  1.3
73846.0  10.7  994.4  4.1  37.9  -1.55  0.22  -21.29  1.3
73847.0  774.2  994.6  4.4  38.3  -1.09  0.18  -16.19  1.1
73848.0  -18.4  994.8  4.8  38.6  -1.12  0.14  -10.67  1.3
73849.0  -6.0  994.7  5.2  38.7  -1.18  0.17  -8.52  1.3
73850.0  -14.8  995.0  5.6  38.6  -1.11  0.19  -15.27  1.3
73851.0  -13.6  994.5  6.0  38.4  -1.08  0.24  -13.54  3.1
73852.0  -13.4  994.7  6.4  38.0  -1.19  0.20  -10.22  1.3
