flight/WP3D/AircraftMis_NP3_20130710_RA.ict
41  1001
Ken Aikin
NOAA ESRL Chemical Sciences Division
various aircraft sensors
SENEX 2013
1  1
2013  07  10  2013  07  12
1
AOCTimewave
8
1  1  1  1  1  1  1  1
-9999  -9999  -9999  -9999  -9999  -9999  -9999  -9999
Attack  deg
CabinPrs  mbar
GndSpd  m/s
Heading  deg
Pitch  deg
Roll  deg
Slip  deg
TrueAirSpd  m/s
1
SPECIAL COMMENTS:NC hog farms  and transit to Tampa.
18
PI_CONTACT_INFO: Address: NOAA ESRL Chemical Sciences Division  Mail Stop R/CSD7  325 Broadway  Boulder  CO 80305
PLATFORM: NOAA WP-3D
LOCATION: The aircraft was stationed in  Smyrna  Tennessee. Aircraft location information in AircraftPosition file.
ASSOCIATED_DATA: N/A
INSTRUMENT_INFO: N/A
DATA_INFO: Units: Attack degrees; CabinPrs millibar; GndSpd m/s; Heading degrees; Pitch degrees; Roll degrees; Slip degrees; TrueAirSpd m/s
UNCERTAINTY: N/A
ULOD_FLAG: -7777
ULOD_VALUE: N/A
LLOD_FLAG: -8888
LLOD_VALUE: N/A
DM_CONTACT_INFO: Data Manager:Ken Aikin; email:Kenneth.C.Aikin@noaa.gov
PROJECT_INFO: SENEX 2013 Study; June 1 - July 15  2013
STIPULATIONS_ON_USE: Use of these data require prior ok from PI.
OTHER_COMMENTS:       None
REVISION: RA
RA: Preliminary Data.  For in-field use.
AOCTimewave  Attack  CabinPrs  GndSpd  Heading  Pitch  Roll  Slip  TrueAirSpd
[from data line 9835]
59870.0  2.7  963.0  108.8  186.8  2.20  26.34  -0.40  113.9
59871.0  2.8  963.2  108.5  189.5  2.33  26.93  -0.33  113.9
59872.0  2.6  962.8  108.3  192.1  2.10  27.43  -0.47  113.9
59873.0  2.9  962.9  108.1  194.9  2.22  27.97  -0.60  114.1
59874.0  2.8  963.0  107.8  197.5  2.28  27.76  -0.41  114.2
59875.0  2.6  963.4  107.6  200.1  2.08  27.46  -0.30  114.2
59876.0  2.7  963.0  107.4  203.0  2.11  27.84  -0.70  114.2
59877.0  2.9  963.4  107.2  205.6  2.23  27.65  -0.81  114.0
59878.0  2.7  963.4  107.1  208.0  2.08  27.83  -0.62  114.0
59879.0  2.6  963.3  106.9  210.6  2.04  27.90  -0.60  114.1
59880.0  2.8  963.3  106.8  213.3  2.13  28.02  -0.52  113.8
59881.0  2.8  963.3  106.7  216.1  2.16  28.15  -0.86  113.3
59882.0  2.9  963.4  106.6  218.7  2.35  27.97  -0.75  113.0
59883.0  2.7  963.1  106.5  221.1  2.31  27.31  -0.23  113.4
59884.0  2.8  963.1  106.5  223.8  2.19  26.91  -0.46  113.6
59885.0  3.0  962.9  106.5  226.5  2.25  27.10  -0.57  113.1
59886.0  2.8  963.1  106.4  229.0  2.29  27.47  -0.70  112.8
59887.0  2.7  963.6  106.4  231.5  2.32  27.37  -0.06  112.8
59888.0  3.0  963.4  106.4  234.4  2.41  27.11  -0.19  113.1
59889.0  3.1  963.6  106.4  237.3  2.40  27.62  -0.71  112.9
59890.0  3.0  963.4  106.4  239.9  2.34  27.58  -0.74  112.4
59891.0  2.8  963.5  106.4  242.3  2.22  27.00  -0.76  112.2
59892.0  2.8  963.5  106.5  244.7  2.14  25.82  -0.52  112.0
59893.0  2.5  963.1  106.6  247.2  2.14  25.26  -0.76  111.7
59894.0  2.8  963.2  106.7  249.5  2.24  25.62  -0.92  111.4
59895.0  3.1  962.9  106.8  251.8  2.53  25.21  -0.67  111.3
59896.0  2.8  963.3  106.9  254.0  2.41  23.90  -0.82  111.5
59897.0  2.7  963.0  107.0  256.0  2.24  22.80  -0.46  111.4
59898.0  2.8  963.1  107.2  258.1  2.35  21.51  -0.49  110.7
59899.0  3.0  963.3  107.3  260.1  2.36  20.79  -0.77  110.6
59900.0  2.7  963.2  107.5  261.9  2.34  20.22  -0.61  111.3
59901.0  2.7  963.3  107.6  263.7  2.18  17.78  -0.39  112.5
59902.0  2.5  963.2  107.8  265.4  2.09  13.47  -0.73  112.5
59903.0  2.2  963.3  107.9  266.7  1.74  9.87  -0.81  112.7
59904.0  2.3  963.5  108.0  267.6  1.90  7.39  -1.13  112.1
59905.0  2.3  963.2  108.2  268.2  1.94  6.80  -0.79  112.2
59906.0  2.3  963.2  108.3  268.7  1.99  5.19  -1.13  112.3
59907.0  2.4  963.5  108.4  269.1  2.11  3.23  -0.90  112.2
59908.0  2.2  963.0  108.4  269.3  2.12  1.42  -1.00  112.0
59909.0  2.5  963.3  108.5  269.3  2.32  0.86  -1.10  111.5
59910.0  2.5  963.5  108.5  269.3  2.39  0.38  -0.78  111.7
59911.0  2.3  963.3  108.5  269.4  2.44  -0.59  -0.98  112.6
59912.0  2.4  963.4  108.5  269.3  2.46  -0.62  -0.95  112.8
59913.0  2.2  963.6  108.5  269.3  2.49  -0.82  -1.11  112.8
59914.0  2.2  963.5  108.5  269.1  2.42  -0.76  -1.30  112.7
59915.0  3.5  963.1  108.5  268.8  2.67  -0.39  -0.74  112.3
59916.0  1.6  963.1  108.5  268.8  2.08  -0.72  -0.62  112.8
59917.0  2.0  963.6  108.6  268.8  2.12  -0.79  -0.98  113.0
59918.0  2.2  963.2  108.6  268.7  2.34  -0.32  -0.90  113.4
59919.0  2.2  963.4  108.6  268.6  2.33  0.14  -0.83  113.3
59920.0  2.2  963.1  108.6  268.6  2.20  0.24  -0.86  113.5
59921.0  2.1  963.5  108.6  268.7  2.12  0.50  -0.82  113.6
59922.0  2.1  963.4  108.7  268.7  2.13  0.51  -0.74  113.3
59923.0  2.1  963.2  108.7  268.9  2.10  0.34  -0.71  113.5
59924.0  2.1  963.2  108.7  269.1  2.09  0.25  -0.82  113.3
59925.0  2.1  963.4  108.7  269.2  2.08  0.03  -1.00  113.6
59926.0  2.0  963.3  108.8  269.2  2.11  -0.22  -0.69  113.9
59927.0  2.2  963.1  108.8  269.2  2.20  -0.64  -0.53  114.0
59928.0  2.3  963.6  108.8  269.4  2.28  -0.39  -0.51  114.1
59929.0  2.2  963.4  108.8  269.7  2.19  -0.64  -0.85  113.1
59930.0  2.1  963.2  108.8  269.8  2.12  -1.44  -0.79  112.7
59931.0  2.3  963.0  108.9  269.8  2.22  -1.72  -1.06  112.6
59932.0  2.2  963.6  108.9  269.7  2.19  -1.36  -0.88  113.0
59933.0  2.3  963.1  108.9  269.6  2.20  -1.33  -1.07  112.9
59934.0  2.6  963.5  109.0  269.5  2.20  -1.09  -1.23  112.5
59935.0  1.8  963.1  109.0  269.2  1.96  -0.75  -0.71  113.2
59936.0  2.1  963.6  109.0  269.2  2.21  -0.95  -0.66  113.2
59937.0  2.4  963.1  109.0  269.3  2.40  -0.75  -0.67  113.1
59938.0  2.3  963.1  109.0  269.5  2.37  -0.83  -0.75  113.3
59939.0  2.2  963.3  109.0  269.6  2.24  -1.11  -0.84  113.3
59940.0  2.3  963.2  109.0  269.6  2.25  -1.29  -1.08  113.3
59941.0  2.3  963.4  109.1  269.5  2.21  -1.21  -0.95  113.3
59942.0  2.5  963.4  109.1  269.4  2.15  -1.24  -1.06  113.0
59943.0  2.2  963.3  109.1  269.3  2.04  -0.83  -1.34  113.4
59944.0  2.1  963.2  109.2  268.9  1.97  -0.54  -1.02  113.6
59945.0  2.0  963.6  109.2  268.7  2.01  -0.56  -1.00  113.5
59946.0  2.1  963.2  109.3  268.5  2.11  -0.40  -0.44  113.1
59947.0  2.1  963.0  109.3  268.6  2.21  -0.12  -0.10  112.9
59948.0  2.3  963.4  109.3  269.0  2.31  -0.56  -0.46  112.3
59949.0  2.3  963.4  109.3  269.3  2.33  -0.95  -0.61  113.5
59950.0  2.5  963.2  109.3  269.5  2.32  -1.45  -0.84  113.8
59951.0  2.4  963.2  109.3  269.5  2.11  -2.13  -0.68  113.0
59952.0  2.1  963.4  109.4  269.5  1.96  -1.76  -1.00  113.1
59953.0  2.0  963.3  109.4  269.3  2.00  -1.27  -0.76  113.1
59954.0  2.1  963.5  109.5  269.4  2.16  -0.89  -0.92  113.4
59955.0  2.6  962.9  109.5  269.4  2.29  -0.60  -0.84  113.3
59956.0  2.2  963.2  109.5  269.4  2.10  -1.10  -1.02  112.9
59957.0  1.9  963.6  109.6  269.4  1.85  -1.31  -0.83  113.4
59958.0  2.2  963.3  109.6  269.3  2.01  -1.39  -0.58  113.3
59959.0  2.1  963.3  109.7  269.4  2.09  -1.21  -0.88  113.1
59960.0  2.2  963.2  109.7  269.4  2.11  -0.91  -1.02  113.4
59961.0  2.2  963.5  109.7  269.3  2.12  -1.15  -0.99  113.3
59962.0  2.3  963.4  109.8  269.2  2.15  -1.28  -0.88  113.0
59963.0  2.2  963.3  109.8  269.1  2.23  -1.25  -0.95  113.5
59964.0  2.4  963.3  109.8  269.0  2.30  -1.07  -0.88  113.6
59965.0  2.1  963.1  109.8  269.0  2.17  -0.67  -1.03  113.7
59966.0  2.1  963.8  109.8  268.9  2.11  -0.63  -0.77  113.9
59967.0  2.2  963.3  109.8  268.9  2.22  -0.83  -0.77  113.9
59968.0  2.1  963.2  109.8  269.0  2.19  -0.93  -0.68  114.0
59969.0  2.4  963.5  109.8  269.1  2.28  -0.82  -0.88  113.8
59970.0  2.2  963.2  109.8  269.1  2.19  -1.16  -0.55  113.6
59971.0  2.1  963.7  109.8  269.2  2.15  -1.08  -0.56  113.8
59972.0  2.1  963.4  109.9  269.5  2.13  -1.00  -0.66  113.8
59973.0  2.0  963.3  109.9  269.7  2.10  -1.38  -1.00  114.0
59974.0  2.0  963.5  109.9  269.7  2.15  -1.66  -1.41  114.3
59975.0  2.3  963.1  109.9  269.3  2.27  -1.42  -1.35  114.5
59976.0  2.0  963.1  109.9  268.9  2.17  -1.14  -1.07  114.1
59977.0  2.3  963.1  109.9  268.6  2.25  -0.91  -0.74  114.0
59978.0  2.2  963.2  109.9  268.6  2.18  -0.73  -0.30  114.1
59979.0  2.0  963.5  109.9  268.9  2.01  -0.34  -0.90  114.6
59980.0  2.2  963.4  109.9  268.9  2.02  -0.61  -1.25  114.7
59981.0  2.0  963.0  110.0  268.7  1.93  -0.86  -1.04  114.6
59982.0  2.0  963.6  110.0  268.5  1.95  -0.86  -0.67  114.4
59983.0  1.9  963.3  110.0  268.5  1.98  -0.57  -0.70  114.7
59984.0  2.0  963.1  110.0  268.6  2.01  -0.17  -0.76  114.7
59985.0  2.2  963.6  110.0  268.7  2.12  -0.27  -0.88  115.1
59986.0  1.7  963.0  110.0  268.8  2.00  -0.52  -0.75  115.8
59987.0  2.0  963.7  110.0  268.8  2.18  -0.79  -0.59  115.4
59988.0  2.2  963.3  110.0  269.0  2.26  -1.27  -0.51  114.8
59989.0  2.0  963.4  110.0  269.2  2.08  -1.12  -0.96  115.0
59990.0  2.0  963.5  110.0  269.1  2.11  -1.11  -1.17  115.5
59991.0  2.0  963.5  110.0  268.9  2.16  -1.22  -0.92  115.0
59992.0  2.1  963.7  109.9  268.8  2.25  -1.00  -1.18  115.0
59993.0  2.0  963.3  109.9  268.5  2.16  -0.68  -1.33  114.8
59994.0  2.1  963.5  109.9  268.1  2.27  -0.41  -0.90  114.2
59995.0  2.1  963.6  109.9  268.0  2.31  0.09  -0.41  113.9
59996.0  2.2  963.4  109.8  268.2  2.37  -0.09  -0.13  114.5
59997.0  2.4  963.3  109.8  268.7  2.36  -0.72  -0.40  113.9
59998.0  2.2  963.4  109.8  269.1  2.08  -1.35  -0.69  113.4
59999.0  2.1  963.1  109.9  269.3  1.98  -2.06  -1.32  113.2
60000.0  2.1  962.9  109.9  269.0  2.12  -2.87  -1.45  113.5
60001.0  2.0  963.6  109.9  268.5  2.24  -3.13  -0.92  114.5
60002.0  2.2  963.6  109.9  268.1  2.36  -1.94  -0.58  114.4
60003.0  2.2  963.4  109.8  268.2  2.36  -1.95  -0.60  114.5
60004.0  2.0  963.6  109.8  268.3  2.26  -1.81  -0.71  114.5
60005.0  2.1  963.3  109.8  268.4  2.27  -0.68  -0.56  114.4
60006.0  2.3  963.5  109.8  268.6  2.25  -0.07  -1.36  114.1
60007.0  2.2  963.6  109.8  268.4  2.06  -0.70  -1.26  113.6
60008.0  2.2  963.7  109.8  268.1  2.03  -0.91  -1.10  113.4
60009.0  2.4  963.0  109.9  267.9  2.09  -0.63  -0.73  113.7
60010.0  2.2  963.4  109.9  267.9  1.94  -1.28  -0.12  114.1
60011.0  2.0  963.6  109.9  268.3  1.69  -1.40  -0.89  114.4
60012.0  2.0  963.4  110.0  268.3  1.63  -0.80  -0.95  113.7
60013.0  1.7  963.4  110.1  268.3  1.62  -0.53  -1.10  113.3
60014.0  2.0  963.1  110.2  268.1  1.91  -0.52  -0.96  114.4
60015.0  2.1  962.8  110.2  267.9  2.14  -1.36  -0.45  113.6
60016.0  2.1  963.3  110.2  268.1  2.13  -1.87  -0.72  114.5
60017.0  2.0  963.0  110.2  268.2  2.00  -2.25  -1.16  115.0
60018.0  2.0  963.1  110.2  267.8  2.03  -1.80  -0.90  115.1
60019.0  2.1  963.3  110.2  267.6  2.19  -0.90  -0.57  115.0
60020.0  2.0  963.1  110.2  267.7  2.15  0.02  -0.67  115.1
60021.0  2.1  963.4  110.2  267.8  2.21  0.11  -0.84  114.9
60022.0  2.1  963.3  110.1  268.0  2.21  -0.05  -0.80  114.7
60023.0  2.1  963.4  110.1  268.1  2.23  -0.06  -1.02  114.8
60024.0  2.1  963.5  110.1  268.0  2.24  -0.35  -0.62  114.6
60025.0  2.3  963.7  110.1  268.2  2.34  -0.84  -1.06  114.5
60026.0  2.0  963.6  110.1  268.1  2.28  -2.14  -1.16  114.6
60027.0  2.1  963.5  110.1  267.8  2.31  -2.66  -0.85  115.2
60028.0  2.0  963.3  110.0  267.6  2.44  -1.55  -0.83  114.6
60029.0  2.2  963.8  109.9  267.4  2.48  -1.59  -0.80  115.0
60030.0  2.1  963.3  109.9  267.4  2.37  -1.42  -0.76  115.3
60031.0  2.0  963.5  109.8  267.4  2.38  -0.29  -0.90  115.0
60032.0  2.0  963.7  109.8  267.3  2.35  -0.06  -0.58  114.9
60033.0  2.0  963.8  109.7  267.5  2.37  -0.43  -0.77  114.7
60034.0  1.9  963.2  109.7  267.6  2.36  -0.70  -0.92  114.8
60035.0  1.9  963.8  109.6  267.6  2.45  -0.84  -0.88  114.7
60036.0  2.2  963.3  109.6  267.6  2.51  -0.79  -0.85  114.0
60037.0  2.3  963.4  109.5  267.6  2.50  -0.40  -0.34  113.4
60038.0  2.1  963.0  109.5  267.9  2.34  -0.65  -0.80  113.2
60039.0  2.2  963.1  109.5  268.0  2.40  -1.17  -0.82  112.8
60040.0  2.3  963.3  109.5  268.1  2.44  -0.83  -0.78  112.9
60041.0  2.2  963.7  109.5  268.1  2.40  -0.85  -1.13  113.1
60042.0  2.2  963.3  109.5  267.9  2.38  -0.94  -0.85  113.0
60043.0  2.2  963.5  109.5  267.8  2.39  -0.66  -0.76  112.8
60044.0  2.0  963.1  109.4  267.8  2.31  0.12  -0.79  113.4
60045.0  2.5  963.7  109.4  267.9  2.46  0.26  -0.77  113.4
60046.0  2.2  963.2  109.4  268.1  2.29  -0.02  -0.54  113.2
60047.0  2.4  963.7  109.5  268.3  2.22  -0.33  -1.22  113.4
60048.0  2.2  963.1  109.5  268.2  2.08  -0.45  -0.74  113.7
60049.0  2.0  963.1  109.5  268.2  2.10  -0.20  -0.52  113.1
60050.0  2.3  963.4  109.6  268.5  2.18  -0.13  -0.58  112.7
60051.0  2.2  963.4  109.6  268.8  2.12  -0.61  -1.30  112.1
60052.0  2.5  963.2  109.7  268.5  2.00  -1.32  -1.02  111.9
60053.0  2.7  962.7  109.8  268.3  2.00  -0.97  -0.95  113.0
60054.0  2.1  963.2  109.9  268.2  1.55  -0.50  -0.40  114.5
60055.0  2.0  962.9  110.0  268.5  1.48  -0.81  -0.40  115.0
60056.0  1.2  963.0  110.0  268.8  1.25  -0.76  -0.70  115.0
60057.0  2.0  963.1  110.2  268.8  1.69  -1.33  -0.72  114.5
60058.0  1.8  962.9  110.2  268.9  1.81  -1.88  -1.03  114.6
60059.0  2.0  962.8  110.3  268.6  1.78  -2.12  -1.05  114.7
60060.0  2.1  962.7  110.3  268.3  1.81  -1.58  -0.53  115.1
60061.0  2.2  962.9  110.3  268.4  1.79  -0.63  -0.56  115.5
60062.0  1.7  963.2  110.4  268.6  1.57  -0.59  -0.61  115.1
60063.0  2.0  962.9  110.5  268.8  1.78  -1.03  -1.11  114.5
60064.0  2.0  963.1  110.5  268.6  1.91  -0.90  -1.12  114.1
60065.0  1.9  963.0  110.6  268.4  2.03  -0.21  -1.19  113.6
60066.0  2.8  963.4  110.6  268.2  2.42  -0.18  -0.71  113.7
60067.0  2.4  963.3  110.5  268.3  2.26  -0.17  -1.00  114.4
60068.0  2.1  963.3  110.6  268.2  1.93  0.08  -1.05  114.3
60069.0  1.9  963.0  110.6  268.1  2.00  -0.44  -1.06  114.1
60070.0  2.3  963.2  110.6  267.9  2.33  -0.69  -0.86  113.7
60071.0  2.2  963.4  110.6  267.8  2.31  -0.33  -0.79  113.5
60072.0  2.2  963.6  110.6  267.8  2.30  -0.70  -0.57  113.4
60073.0  2.2  963.3  110.6  267.9  2.36  -0.79  -0.75  113.7
60074.0  2.0  963.5  110.6  268.0  2.29  -0.43  -1.12  113.9
60075.0  2.1  963.4  110.6  267.8  2.37  -0.45  -0.93  113.9
60076.0  2.4  963.7  110.6  267.7  2.46  -0.47  -0.35  113.8
60077.0  2.0  963.4  110.6  268.0  2.32  -0.40  -0.67  113.4
60078.0  2.2  963.3  110.5  268.2  2.33  -0.48  -0.61  113.7
60079.0  2.0  963.9  110.5  268.3  2.37  -0.80  -0.92  113.5
60080.0  2.3  963.6  110.5  268.3  2.44  -1.13  -0.72  113.0
60081.0  2.2  963.2  110.5  268.4  2.51  -1.35  -0.70  113.1
60082.0  2.1  963.4  110.5  268.5  2.37  -1.19  -1.02  113.3
60083.0  2.2  963.3  110.5  268.4  2.38  -1.27  -0.93  113.6
60084.0  2.3  963.2  110.4  268.3  2.41  -1.21  -0.79  113.3
60085.0  2.2  963.6  110.4  268.3  2.34  -1.04  -1.13  113.4
60086.0  2.1  963.7  110.4  268.1  2.26  -0.93  -1.15  113.6
60087.0  2.2  963.5  110.4  267.8  2.36  -0.80  -0.70  113.7
60088.0  2.2  963.3  110.4  267.8  2.31  -0.28  -0.71  114.0
60089.0  2.1  963.5  110.4  267.9  2.22  0.08  -0.62  114.1
60090.0  2.1  963.1  110.4  268.0  2.20  -0.19  -0.93  113.9
60091.0  2.1  963.8  110.4  268.0  2.25  -0.48  -1.07  113.7
60092.0  2.2  963.5  110.4  267.9  2.22  -0.49  -0.85  113.2
60093.0  2.2  963.5  110.4  267.8  2.24  -0.32  -0.89  113.1
60094.0  2.2  963.1  110.5  267.8  2.20  -0.26  -0.84  112.9
60095.0  2.2  963.3  110.5  267.8  2.23  -0.26  -0.60  112.9
60096.0  2.1  963.2  110.5  267.9  2.20  -0.24  -0.71  113.1
60097.0  2.1  963.2  110.5  268.1  2.21  -0.25  -0.89  113.3
60098.0  2.1  963.1  110.5  268.1  2.28  -0.57  -0.84  113.9
60099.0  2.2  963.2  110.5  268.1  2.34  -0.68  -0.82  114.0
60100.0  2.2  963.5  110.5  268.1  2.35  -0.59  -0.73  114.2
60101.0  2.2  963.2  110.5  268.2  2.35  -0.50  -0.67  114.6
60102.0  2.2  963.2  110.4  268.4  2.33  -0.56  -0.59  114.5
60103.0  2.0  963.7  110.4  268.7  2.15  -0.67  -0.88  114.2
60104.0  2.1  963.5  110.4  268.7  2.17  -1.03  -0.92  114.4
60105.0  2.1  963.2  110.4  268.7  2.26  -1.52  -1.31  114.0
60106.0  2.2  963.4  110.4  268.3  2.21  -1.24  -0.99  113.9
60107.0  2.1  963.3  110.4  268.1  2.25  -1.11  -0.25  113.6
60108.0  2.1  963.3  110.4  268.4  2.33  -0.88  -0.31  113.7
60109.0  2.1  963.7  110.4  268.7  2.29  -0.38  -0.59  113.8
60110.0  2.3  963.3  110.4  269.0  2.28  -0.37  -0.56  113.4
60111.0  2.6  963.2  110.4  269.2  2.28  -1.63  -1.26  113.1
60112.0  2.3  963.1  110.5  269.0  1.95  -1.63  -1.09  113.2
60113.0  2.3  963.4  110.6  268.8  1.80  -0.97  -0.63  112.9
60114.0  2.4  963.0  110.7  268.8  1.81  -0.45  -0.73  113.7
60115.0  2.2  963.3  110.8  268.9  1.67  -0.37  -1.27  112.8
60116.0  2.1  963.2  110.9  268.6  1.41  -0.51  -1.12  113.0
60117.0  2.3  962.7  111.1  268.4  1.33  0.17  -1.21  113.7
60118.0  1.5  963.3  111.2  268.1  1.18  0.61  -0.75  115.0
60119.0  1.8  962.7  111.3  268.1  1.41  0.62  -0.52  115.1
60120.0  2.1  962.5  111.4  268.3  1.59  0.61  -0.33  115.1
60121.0  1.6  962.6  111.5  268.6  1.42  0.03  -0.41  114.3
60122.0  1.7  962.8  111.6  269.0  1.59  0.39  -0.75  113.6
60123.0  2.4  962.6  111.7  269.2  2.11  0.85  -0.69  114.4
60124.0  2.2  963.2  111.7  269.4  2.04  0.64  -1.26  114.4
60125.0  2.3  962.9  111.8  269.3  2.02  0.28  -0.86  114.6
60126.0  2.0  963.3  111.8  269.4  2.05  0.86  -0.79  114.2
60127.0  2.1  963.2  111.8  269.5  2.11  0.97  -0.79  114.3
60128.0  2.2  963.4  111.8  269.7  2.35  -0.04  -0.98  114.9
60129.0  1.9  963.7  111.8  269.7  2.37  -0.25  -1.12  114.8
60130.0  1.9  963.4  111.7  269.6  2.57  0.32  -0.44  114.8
60131.0  2.4  963.9  111.6  269.8  2.85  0.00  -0.67  116.0
