flight/WP3D/AircraftMis_NP3_20130708_RA.ict
41  1001
Ken Aikin
NOAA ESRL Chemical Sciences Division
various aircraft sensors
SENEX 2013
1  1
2013  07  08  2013  07  08
1
AOCTimewave
8
1  1  1  1  1  1  1  1
-9999  -9999  -9999  -9999  -9999  -9999  -9999  -9999
Attack  deg
CabinPrs  mbar
GndSpd  m/s
Heading  deg
Pitch  deg
Roll  deg
Slip  deg
TrueAirSpd  m/s
1
SPECIAL COMMENTS:Fayetteville AR  then PP and BB.
18
PI_CONTACT_INFO: Address: NOAA ESRL Chemical Sciences Division  Mail Stop R/CSD7  325 Broadway  Boulder  CO 80305
PLATFORM: NOAA WP-3D
LOCATION: The aircraft was stationed in  Smyrna  Tennessee. Aircraft location information in AircraftPosition file.
ASSOCIATED_DATA: N/A
INSTRUMENT_INFO: N/A
DATA_INFO: Units: Attack degrees; CabinPrs millibar; GndSpd m/s; Heading degrees; Pitch degrees; Roll degrees; Slip degrees; TrueAirSpd m/s
UNCERTAINTY: N/A
ULOD_FLAG: -7777
ULOD_VALUE: N/A
LLOD_FLAG: -8888
LLOD_VALUE: N/A
DM_CONTACT_INFO: Data Manager:Ken Aikin; email:Kenneth.C.Aikin@noaa.gov
PROJECT_INFO: SENEX 2013 Study; June 1 - July 15  2013
STIPULATIONS_ON_USE: Use of these data require prior ok from PI.
OTHER_COMMENTS:       None
REVISION: RA
RA: Preliminary Data.  For in-field use.
AOCTimewave  Attack  CabinPrs  GndSpd  Heading  Pitch  Roll  Slip  TrueAirSpd
[from data line 21922]
76595.0  0.4  954.1  151.4  112.5  0.44  -1.41  -0.80  148.7
76596.0  0.4  953.5  151.4  112.6  0.46  -1.38  -0.83  148.8
76597.0  0.4  954.3  151.4  112.6  0.55  -1.31  -0.85  148.7
76598.0  0.4  953.9  151.3  112.6  0.53  -1.30  -0.83  148.7
76599.0  0.4  954.5  151.3  112.5  0.51  -1.37  -0.81  148.8
76600.0  0.4  953.9  151.3  112.6  0.50  -1.36  -0.84  148.8
76601.0  0.4  954.5  151.3  112.6  0.53  -1.32  -0.86  148.8
76602.0  0.4  953.9  151.3  112.6  0.49  -1.28  -0.85  148.9
76603.0  0.4  954.4  151.3  112.6  0.46  -1.34  -0.84  148.9
76604.0  0.4  954.0  151.3  112.6  0.50  -1.36  -0.84  148.9
76605.0  0.4  953.7  151.3  112.6  0.51  -1.31  -0.85  148.9
76606.0  0.4  954.2  151.3  112.6  0.48  -1.32  -0.82  148.9
76607.0  0.4  953.9  151.3  112.6  0.52  -1.43  -0.82  148.8
76608.0  0.4  954.5  151.3  112.6  0.48  -1.42  -0.84  148.8
76609.0  0.4  954.0  151.3  112.6  0.53  -1.38  -0.87  148.8
76610.0  0.4  954.2  151.3  112.6  0.47  -1.39  -0.86  148.8
76611.0  0.4  953.8  151.3  112.6  0.48  -1.45  -0.87  148.8
76612.0  0.4  953.7  151.3  112.6  0.48  -1.46  -0.87  148.8
76613.0  0.4  954.1  151.3  112.6  0.45  -1.43  -0.83  148.8
76614.0  0.4  953.8  151.3  112.6  0.50  -1.46  -0.81  148.8
76615.0  0.4  954.1  151.3  112.6  0.51  -1.44  -0.80  148.8
76616.0  0.4  953.8  151.3  112.6  0.49  -1.42  -0.80  148.8
76617.0  0.4  953.9  151.3  112.6  0.46  -1.61  -0.82  148.8
76618.0  0.4  954.0  151.3  112.6  0.52  -2.62  -0.91  148.8
76619.0  0.4  954.0  151.3  112.5  0.48  -2.90  -0.91  148.7
76620.0  0.4  954.2  151.3  112.3  0.52  -2.80  -0.85  148.7
76621.0  0.4  954.0  151.3  112.2  0.49  -2.11  -0.82  148.7
76622.0  0.4  954.2  151.3  112.2  0.50  -0.89  -0.81  148.7
76623.0  0.4  953.8  151.3  112.3  0.45  -0.70  -0.86  148.7
76624.0  0.4  954.4  151.3  112.3  0.48  -0.84  -0.89  148.8
76625.0  0.4  954.1  151.3  112.3  0.51  -0.92  -0.88  148.8
76626.0  0.4  954.1  151.3  112.3  0.51  -0.96  -0.86  148.9
76627.0  0.3  954.2  151.3  112.3  0.41  -0.99  -0.85  149.0
76628.0  0.4  954.2  151.3  112.4  0.44  -1.00  -0.85  149.0
76629.0  0.4  954.3  151.3  112.4  0.46  -1.03  -0.86  149.0
76630.0  0.4  954.4  151.3  112.4  0.39  -1.11  -0.87  149.0
76631.0  0.4  954.1  151.3  112.5  0.40  -1.20  -0.89  149.0
76632.0  0.4  954.1  151.3  112.5  0.40  -1.27  -0.89  148.9
76633.0  0.4  954.3  151.3  112.5  0.38  -1.30  -0.85  148.9
76634.0  0.4  954.2  151.3  112.5  0.32  -1.30  -0.85  148.9
76635.0  0.4  954.0  151.4  112.5  0.33  -1.24  -0.87  148.8
76636.0  0.4  954.5  151.4  112.5  0.35  -1.19  -0.87  148.9
76637.0  0.3  954.0  151.4  112.5  0.28  -1.27  -0.83  148.9
76638.0  0.4  954.5  151.5  112.5  0.28  -1.36  -0.81  148.9
76639.0  0.4  954.2  151.5  112.6  0.30  -1.36  -0.83  149.0
76640.0  0.4  954.2  151.5  112.6  0.32  -1.31  -0.86  148.9
76641.0  0.4  954.4  151.5  112.6  0.28  -1.35  -0.87  148.9
76642.0  0.4  954.2  151.5  112.6  0.35  -1.44  -0.90  148.9
76643.0  0.3  954.2  151.6  112.6  0.27  -1.44  -0.88  148.8
76644.0  0.4  954.2  151.6  112.6  0.31  -1.46  -0.87  148.8
76645.0  0.4  953.8  151.6  112.6  0.27  -1.38  -0.88  148.8
76646.0  0.4  954.2  151.7  112.5  0.37  -1.35  -0.89  148.8
76647.0  0.3  954.1  151.7  112.5  0.30  -1.39  -0.85  148.8
76648.0  0.4  954.3  151.7  112.5  0.44  -1.37  -0.89  148.8
76649.0  0.4  954.0  151.7  112.4  0.37  -1.25  -0.86  148.7
76650.0  0.4  954.1  151.7  112.4  0.36  -1.21  -0.83  148.8
76651.0  0.4  953.8  151.8  112.5  0.43  -1.18  -0.86  148.9
76652.0  0.4  954.2  151.8  112.5  0.42  -1.13  -0.84  148.8
76653.0  0.4  954.0  151.8  112.5  0.42  -0.96  -0.82  148.8
76654.0  0.3  954.2  151.8  112.5  0.38  -0.36  -0.83  148.9
76655.0  0.4  954.1  151.8  112.6  0.45  -0.23  -0.83  148.9
76656.0  0.3  954.0  151.8  112.7  0.38  -0.35  -0.89  148.9
76657.0  0.4  954.2  151.8  112.7  0.50  -0.46  -0.88  148.8
76658.0  0.3  953.7  151.8  112.7  0.41  -0.53  -0.85  148.8
76659.0  0.4  954.2  151.8  112.7  0.47  -0.58  -0.83  148.8
76660.0  0.4  953.9  151.8  112.8  0.42  -0.60  -0.83  148.8
76661.0  0.4  954.4  151.8  112.9  0.46  -0.62  -0.84  148.9
76662.0  0.4  954.0  151.8  112.9  0.39  -0.71  -0.84  149.0
76663.0  0.4  954.4  151.8  113.0  0.48  -0.88  -0.84  148.9
76664.0  0.4  954.2  151.8  113.0  0.46  -1.01  -0.87  149.0
76665.0  0.4  954.3  151.8  113.0  0.48  -1.06  -0.86  149.0
76666.0  0.3  954.2  151.8  113.0  0.43  -1.08  -0.86  148.9
76667.0  0.4  954.3  151.8  113.0  0.42  -1.06  -0.84  148.9
76668.0  0.4  954.2  151.8  113.0  0.43  -1.05  -0.85  148.9
76669.0  0.4  954.1  151.8  113.0  0.44  -1.04  -0.85  148.8
76670.0  0.4  953.5  151.8  113.0  0.47  -1.06  -0.85  148.8
76671.0  0.3  954.1  151.8  113.0  0.39  -1.07  -0.86  148.7
76672.0  0.4  954.0  151.9  113.0  0.45  -1.14  -0.83  148.6
76673.0  0.3  954.5  151.9  113.0  0.36  -1.17  -0.84  148.7
76674.0  0.4  954.1  151.9  113.0  0.45  -1.15  -0.80  148.6
76675.0  0.4  954.3  151.9  113.1  0.36  -1.15  -0.84  148.5
76676.0  0.4  954.3  151.9  113.1  0.42  -1.14  -0.86  148.4
76677.0  0.4  954.1  151.9  113.1  0.34  -1.16  -0.83  148.4
76678.0  0.4  954.5  152.0  113.1  0.43  -1.19  -0.84  148.5
76679.0  0.4  954.3  152.0  113.2  0.37  -1.22  -0.88  148.4
76680.0  0.4  954.7  152.0  113.1  0.39  -1.25  -0.85  148.5
76681.0  0.4  954.4  152.1  113.1  0.37  -1.34  -0.82  148.5
76682.0  0.4  954.3  152.1  113.1  0.41  -1.33  -0.83  148.4
76683.0  0.4  954.6  152.2  113.1  0.45  -1.24  -0.81  148.5
76684.0  0.4  954.3  152.2  113.1  0.36  -1.23  -0.81  148.6
76685.0  0.4  954.4  152.2  113.2  0.38  -1.30  -0.85  148.8
76686.0  0.4  954.3  152.3  113.1  0.39  -1.29  -0.86  148.9
76687.0  0.4  954.2  152.3  113.1  0.46  -1.30  -0.86  148.8
76688.0  0.3  954.5  152.3  113.1  0.33  -1.30  -0.81  148.9
76689.0  0.4  954.2  152.4  113.1  0.43  -1.25  -0.81  149.0
76690.0  0.4  954.5  152.4  113.1  0.37  -1.17  -0.81  149.1
76691.0  0.4  954.4  152.4  113.1  0.37  -1.20  -0.82  149.1
76692.0  0.4  955.0  152.5  113.1  0.41  -1.26  -0.82  149.2
76693.0  0.4  954.3  152.5  113.1  0.40  -1.29  -0.83  149.2
76694.0  0.4  954.4  152.5  113.1  0.43  -1.29  -0.81  149.3
76695.0  0.3  954.1  152.5  113.1  0.36  -1.26  -0.82  149.4
76696.0  0.4  954.6  152.5  113.1  0.47  -1.20  -0.83  149.4
76697.0  0.3  954.2  152.6  113.1  0.39  -1.20  -0.82  149.5
76698.0  0.4  954.3  152.6  113.1  0.46  -1.24  -0.84  149.5
76699.0  0.4  954.3  152.6  113.1  0.52  -1.22  -0.84  149.6
76700.0  0.3  954.2  152.6  113.1  0.44  -1.23  -0.82  149.7
76701.0  0.4  954.7  152.6  113.1  0.53  -1.28  -0.86  149.7
76702.0  0.3  954.3  152.6  113.1  0.41  -1.27  -0.85  149.6
76703.0  0.4  954.2  152.6  113.1  0.51  -1.28  -0.83  -9999.0
76704.0  0.3  954.4  152.6  113.1  0.43  -1.28  -0.84  149.7
76705.0  0.4  954.0  152.6  113.2  0.48  -1.30  -0.83  149.6
76706.0  0.3  954.4  152.6  113.2  0.46  -1.31  -0.83  149.7
76707.0  0.4  954.0  152.6  113.2  0.46  -1.35  -0.83  149.8
76708.0  0.3  954.0  152.6  113.2  0.41  -1.37  -0.85  149.7
76709.0  0.3  954.5  152.7  113.2  0.43  -1.36  -0.84  149.6
76710.0  0.3  954.3  152.7  113.2  0.42  -1.41  -0.83  149.7
76711.0  0.4  954.1  152.7  113.2  0.46  -1.44  -0.83  149.6
76712.0  0.3  954.9  152.7  113.2  0.39  -1.40  -0.86  149.6
76713.0  0.3  954.5  152.7  113.2  0.38  -1.36  -0.83  149.7
76714.0  0.3  954.1  152.7  113.2  0.39  -1.43  -0.82  149.7
76715.0  0.4  954.5  152.7  113.2  0.41  -1.45  -0.84  149.6
76716.0  0.4  954.3  152.8  113.2  0.40  -1.40  -0.82  149.6
76717.0  0.3  954.3  152.8  113.2  0.36  -1.40  -0.81  149.6
76718.0  0.4  954.2  152.8  113.3  0.39  -1.46  -0.81  149.6
76719.0  0.3  954.1  152.8  113.3  0.31  -1.49  -0.84  149.7
76720.0  0.3  954.6  152.9  113.3  0.33  -1.50  -0.84  149.8
76721.0  0.3  954.3  152.9  113.3  0.24  -1.53  -0.85  149.8
76722.0  0.4  954.2  152.9  113.3  0.37  -1.54  -0.85  149.7
76723.0  0.3  954.2  153.0  113.3  0.29  -1.56  -0.79  149.9
76724.0  0.3  954.4  153.0  113.3  0.33  -1.58  -0.82  150.0
76725.0  0.3  954.6  153.0  113.3  0.34  -1.53  -0.84  150.1
76726.0  0.3  954.4  153.0  113.3  0.31  -1.52  -0.87  150.1
76727.0  0.3  954.3  153.0  113.3  0.32  -1.54  -0.86  150.1
76728.0  0.3  954.1  153.1  113.3  0.32  -1.60  -0.86  150.1
76729.0  0.3  954.6  153.1  113.3  0.31  -1.57  -0.84  150.2
76730.0  0.3  954.1  153.1  113.3  0.31  -1.51  -0.86  150.2
76731.0  0.3  954.2  153.1  113.2  0.34  -1.45  -0.87  150.2
76732.0  0.3  953.9  153.2  113.2  0.33  -1.50  -0.81  150.2
76733.0  0.2  954.5  153.2  113.2  0.28  -1.55  -0.78  150.2
76734.0  0.3  954.0  153.2  113.2  0.33  -1.46  -0.82  150.2
76735.0  0.4  954.2  153.2  113.2  0.41  -1.42  -0.84  150.4
76736.0  0.3  954.4  153.2  113.2  0.34  -1.48  -0.85  150.4
76737.0  0.3  954.5  153.2  113.2  0.36  -1.50  -0.83  150.4
76738.0  0.4  954.3  153.2  113.2  0.48  -1.42  -0.81  150.5
76739.0  0.2  954.1  153.2  113.2  0.34  -1.37  -0.85  150.5
76740.0  0.3  954.3  153.2  113.2  0.41  -1.39  -0.86  150.5
76741.0  0.3  954.4  153.2  113.1  0.38  -1.40  -0.85  150.5
76742.0  0.3  954.4  153.2  113.1  0.38  -1.33  -0.82  150.6
76743.0  0.3  954.1  153.2  113.0  0.36  -1.26  -0.81  150.7
76744.0  0.3  954.0  153.2  113.0  0.42  -1.23  -0.78  150.7
76745.0  0.3  954.5  153.2  113.0  0.33  -1.18  -0.78  150.6
76746.0  0.3  954.3  153.2  113.1  0.33  -1.21  -0.71  150.7
76747.0  0.3  954.1  153.3  113.2  0.35  -1.27  -0.81  150.7
76748.0  0.3  954.0  153.3  113.2  0.27  -1.26  -0.78  150.6
76749.0  0.3  954.1  153.3  113.3  0.22  -1.48  -0.82  150.4
76750.0  0.4  953.6  153.3  113.3  0.30  -1.52  -0.87  150.3
76751.0  0.3  954.3  153.3  113.3  0.23  -1.50  -0.89  150.2
76752.0  0.3  953.8  153.4  113.2  0.26  -1.55  -0.88  150.1
76753.0  0.3  954.2  153.4  113.2  0.24  -1.54  -0.87  150.0
76754.0  0.3  953.9  153.4  113.2  0.27  -1.47  -0.86  150.0
76755.0  0.3  954.1  153.5  113.2  0.26  -1.42  -0.87  149.9
76756.0  0.3  954.1  153.5  113.1  0.27  -1.42  -0.86  150.0
76757.0  0.3  954.3  153.5  113.1  0.22  -1.42  -0.84  150.0
76758.0  0.3  954.3  153.6  113.2  0.28  -1.44  -0.83  -9999.0
76759.0  0.3  954.3  153.6  113.2  0.25  -1.42  -0.82  150.0
76760.0  0.4  954.5  153.6  113.2  0.37  -1.40  -0.85  150.1
76761.0  0.2  954.0  153.7  113.2  0.26  -1.40  -0.87  150.1
76762.0  0.4  954.3  153.7  113.2  0.42  -1.48  -0.85  150.2
76763.0  0.3  954.3  153.7  113.2  0.35  -1.57  -0.80  150.3
76764.0  0.3  954.0  153.7  113.2  0.36  -1.53  -0.83  150.4
76765.0  0.3  953.8  153.7  113.2  0.40  -1.49  -0.85  150.5
76766.0  0.3  954.7  153.7  113.2  0.36  -1.52  -0.87  150.5
76767.0  0.3  954.0  153.7  113.2  0.38  -1.56  -0.82  150.5
76768.0  0.3  954.1  153.7  113.2  0.35  -1.56  -0.79  150.6
76769.0  0.3  954.0  153.7  113.3  0.40  -1.50  -0.83  150.7
76770.0  0.3  954.7  153.7  113.3  0.44  -1.49  -0.87  150.8
76771.0  0.3  954.0  153.7  113.2  0.41  -1.61  -0.84  150.9
76772.0  0.3  954.0  153.7  113.2  0.43  -1.58  -0.83  151.1
76773.0  0.2  954.0  153.7  113.2  0.40  -1.46  -0.86  151.1
76774.0  0.3  954.1  153.7  113.1  0.41  -1.44  -0.82  151.2
76775.0  0.3  954.4  153.6  113.1  0.46  -1.43  -0.77  151.2
76776.0  0.2  954.7  153.6  113.1  0.40  -1.39  -0.77  151.1
76777.0  0.2  954.3  153.6  113.1  0.33  -1.36  -0.81  151.2
76778.0  0.3  954.3  153.6  113.2  0.34  -1.41  -0.84  151.2
76779.0  0.3  954.1  153.6  113.2  0.38  -1.45  -0.87  151.1
76780.0  0.3  954.8  153.6  113.1  0.38  -1.47  -0.86  -9999.0
76781.0  0.2  954.4  153.6  113.0  0.28  -1.44  -0.78  151.0
76782.0  0.3  954.1  153.6  113.1  0.31  -1.36  -0.81  150.9
76783.0  0.2  954.8  153.6  113.1  0.23  -1.22  -0.82  150.9
76784.0  0.2  954.1  153.6  113.1  0.24  -1.30  -0.79  150.8
76785.0  0.2  954.5  153.6  113.1  0.26  -1.35  -0.84  150.8
76786.0  0.2  954.2  153.7  113.1  0.29  -1.33  -0.86  150.6
76787.0  0.3  954.3  153.7  113.1  0.31  -1.38  -0.86  150.5
76788.0  0.3  954.0  153.7  113.1  0.30  -1.31  -0.94  150.5
76789.0  0.3  954.2  153.7  113.0  0.28  -1.23  -0.91  150.4
76790.0  0.3  953.8  153.7  112.9  0.28  -1.28  -0.88  150.4
76791.0  0.3  954.4  153.8  112.9  0.28  -1.19  -0.84  150.4
76792.0  0.3  954.0  153.8  112.9  0.26  -1.10  -0.82  150.4
76793.0  0.3  954.1  153.8  112.9  0.26  -1.09  -0.83  150.5
76794.0  0.3  954.2  153.8  112.9  0.27  -1.09  -0.82  150.6
76795.0  0.3  953.9  153.9  113.0  0.30  -1.11  -0.81  150.6
76796.0  0.3  953.8  153.9  113.0  0.28  -1.18  -0.82  150.7
76797.0  0.3  954.5  153.9  113.1  0.32  -1.26  -0.84  150.7
76798.0  0.2  954.5  153.9  113.1  0.29  -1.34  -0.85  150.7
76799.0  0.3  954.1  153.9  113.1  0.36  -1.43  -0.84  150.7
76800.0  0.2  954.2  153.9  113.1  0.27  -1.50  -0.81  150.8
76801.0  0.3  954.1  153.9  113.1  0.37  -1.52  -0.82  150.8
76802.0  0.2  954.1  153.9  113.2  0.27  -1.44  -0.84  150.8
76803.0  0.3  954.0  153.9  113.2  0.33  -1.44  -0.83  150.8
76804.0  0.2  954.4  153.9  113.2  0.32  -1.52  -0.84  150.8
76805.0  0.3  954.2  153.9  113.2  0.34  -1.57  -0.82  150.8
76806.0  0.3  954.1  153.9  113.2  0.36  -1.54  -0.85  150.8
76807.0  0.3  954.4  153.9  113.2  0.41  -1.52  -0.84  150.8
76808.0  0.2  954.1  153.9  113.2  0.38  -1.55  -0.85  150.7
76809.0  0.3  954.1  153.9  113.1  0.39  -1.54  -0.85  150.7
76810.0  0.2  954.4  153.9  113.1  0.36  -1.50  -0.81  150.8
76811.0  0.3  954.2  153.9  113.1  0.40  -1.48  -0.82  150.7
76812.0  0.3  954.3  153.9  113.1  0.43  -1.41  -0.83  -9999.0
76813.0  0.2  954.5  153.9  113.1  0.37  -1.34  -0.84  150.7
76814.0  0.3  954.3  153.9  113.1  0.41  -1.38  -0.85  150.7
76815.0  0.3  954.2  153.9  113.1  0.43  -1.42  -0.86  150.7
76816.0  0.3  954.5  153.9  113.1  0.40  -1.43  -0.85  150.8
76817.0  0.3  954.4  153.9  113.1  0.41  -1.42  -0.82  150.8
76818.0  0.3  954.0  153.9  113.1  0.45  -1.41  -0.83  150.8
76819.0  0.3  954.0  153.9  113.1  0.37  -1.37  -0.82  150.8
76820.0  0.3  954.4  153.9  113.1  0.35  -0.32  -0.79  150.9
76821.0  0.3  954.1  153.9  113.2  0.25  2.50  -0.71  150.8
76822.0  0.3  953.9  153.9  113.5  0.21  3.07  -0.82  150.7
76823.0  0.3  954.5  153.9  113.8  0.21  3.31  -0.88  150.6
76824.0  0.3  954.0  153.9  114.1  0.19  4.70  -0.84  150.5
76825.0  0.3  954.4  154.0  114.5  0.16  5.24  -0.81  150.4
76826.0  0.3  954.0  154.0  115.0  0.11  6.34  -0.79  150.3
76827.0  0.3  954.3  154.0  115.5  0.15  6.70  -0.82  150.2
76828.0  0.3  954.0  154.1  116.1  0.10  6.95  -0.85  150.2
76829.0  0.3  954.1  154.1  116.6  0.10  7.03  -0.84  150.2
76830.0  0.3  954.1  154.2  117.2  0.05  6.92  -0.81  150.2
76831.0  0.3  954.3  154.2  117.7  0.08  7.11  -0.82  150.3
76832.0  0.3  954.1  154.2  118.3  0.06  6.62  -0.85  150.4
76833.0  0.3  954.1  154.3  118.8  0.03  5.67  -0.87  150.5
76834.0  0.3  954.3  154.3  119.2  0.09  5.07  -0.85  150.5
76835.0  0.3  954.3  154.4  119.6  0.14  5.58  -0.84  150.5
76836.0  0.3  954.1  154.4  120.0  0.12  5.70  -0.82  150.6
76837.0  0.3  954.2  154.4  120.4  0.17  6.04  -0.81  150.7
76838.0  0.3  954.4  154.4  120.9  0.21  5.50  -0.83  150.8
76839.0  0.3  954.2  154.4  121.4  0.29  4.73  -0.85  150.9
76840.0  0.3  954.3  154.4  121.7  0.33  4.02  -0.84  151.0
76841.0  0.3  954.0  154.4  122.0  0.32  3.44  -0.83  151.0
76842.0  0.3  954.0  154.4  122.3  0.36  2.97  -0.82  150.9
76843.0  0.3  954.5  154.4  122.5  0.34  2.63  -0.81  150.9
76844.0  0.3  954.1  154.4  122.7  0.43  2.28  -0.79  151.0
76845.0  0.2  954.0  154.4  123.0  0.36  2.37  -0.74  151.2
76846.0  0.3  954.1  154.4  123.3  0.42  3.48  -0.69  151.5
76847.0  0.2  954.2  154.4  123.7  0.30  4.19  -0.76  151.5
76848.0  0.3  953.9  154.3  124.1  0.34  4.71  -0.81  151.6
76849.0  0.2  954.4  154.3  124.5  0.32  4.55  -0.84  151.6
76850.0  0.3  954.2  154.3  124.8  0.39  3.90  -0.87  151.5
76851.0  0.2  954.1  154.3  125.1  0.33  4.29  -0.81  151.5
76852.0  0.2  954.2  154.2  125.4  0.28  5.03  -0.74  151.4
76853.0  0.2  954.3  154.2  125.9  0.27  5.43  -0.79  151.4
76854.0  0.2  954.0  154.2  126.4  0.30  4.88  -0.84  151.3
76855.0  0.2  954.4  154.2  126.7  0.24  4.24  -0.78  151.2
76856.0  0.2  954.1  154.2  127.1  0.22  4.71  -0.79  -9999.0
