flight/WP3D/AircraftMet_NP3_20130710_RA.ict
43  1001
Ken Aikin
NOAA ESRL Chemical Sciences Division
various aircraft sensors
SENEX 2013
1  1
2013  07  10  2013  07  12
1
AOCTimewave
10
1  1  1  1  1  1  1  1  1  1
-9999  -9999  -9999  -9999  -9999  -9999  -9999  -9999  -9999  -9999
AmbTemp  C
DewPtTemp  C
DewPtTempTDL  C
H2Omr  g/kg
PotTemp  K
RelHumidity  pct
StaticPrs  mbar
VertWindSpd  m/s
WindDir  deg
WindSpd  m/s
1
SPECIAL COMMENTS:NC hog farms  and transit to Tampa.
18
PI_CONTACT_INFO: Address: NOAA ESRL Chemical Sciences Division  Mail Stop R/CSD7  325 Broadway  Boulder  CO 80305
PLATFORM: NOAA WP-3D
LOCATION: The aircraft was stationed in  Smyrna  Tennessee. Aircraft location information in AircraftPosition file.
ASSOCIATED_DATA: N/A
INSTRUMENT_INFO: N/A
DATA_INFO: Units:AmbTemp celcius; DewPtTemp celcius; DewPtTempTDL celcius; H2Omr g/kg; PotTemp kelvin; RelHumidity percent; StaticPrs millibar; VertWindSpd m/s; WindDir degrees; WindSpd m/s
UNCERTAINTY: N/A
ULOD_FLAG: -7777
ULOD_VALUE: N/A
LLOD_FLAG: -8888
LLOD_VALUE: N/A
DM_CONTACT_INFO: Data Manager:Ken Aikin; email:Kenneth.C.Aikin@noaa.gov
PROJECT_INFO: SENEX 2013 Study; June 1 - July 15  2013
STIPULATIONS_ON_USE: Use of these data require prior ok from PI.
OTHER_COMMENTS:       None
REVISION: RA
RA: Preliminary Data.  For in-field use.
AOCTimewave  AmbTemp  DewPtTemp  DewPtTempTDL  H2Omr  PotTemp  RelHumidity  StaticPrs  VertWindSpd  WindDir  WindSpd
[from data line 8291]
58326.0  23.380  19.760  6.290  15.23  299.77  79.65  962.69  -0.25  216.85  10.04
58327.0  23.350  20.320  6.420  15.79  299.73  82.70  962.71  -0.33  218.96  9.94
58328.0  23.290  21.810  6.520  17.33  299.67  91.10  962.76  -0.22  220.15  9.89
58329.0  23.240  21.020  6.620  16.50  299.63  87.01  962.72  -0.04  220.27  9.87
58330.0  23.260  21.790  6.480  17.32  299.65  91.22  962.66  -0.23  222.15  10.14
58331.0  23.250  21.820  6.480  17.35  299.64  91.46  962.69  -0.13  221.10  10.06
58332.0  23.310  21.320  6.470  16.82  299.69  88.32  962.74  -0.18  221.15  9.62
58333.0  23.270  21.650  6.530  17.17  299.65  90.35  962.77  -0.06  221.72  9.48
58334.0  23.200  20.480  6.580  15.94  299.59  84.29  962.69  -0.41  221.36  9.68
58335.0  23.230  19.710  6.550  15.19  299.61  80.16  962.68  -0.35  221.48  9.67
58336.0  23.160  21.610  6.730  17.12  299.55  90.71  962.72  -0.26  221.12  9.68
58337.0  23.220  21.440  6.700  16.94  299.60  89.43  962.73  -0.37  219.44  9.88
58338.0  23.240  22.110  6.680  17.67  299.63  93.18  962.69  -0.30  219.86  9.88
58339.0  23.270  21.920  6.680  17.46  299.65  91.90  962.74  -0.36  219.10  9.94
58340.0  23.260  22.840  6.740  18.50  299.64  97.44  962.72  -0.48  219.45  10.13
58341.0  23.230  19.970  6.810  15.43  299.61  81.47  962.71  -0.31  220.51  10.01
58342.0  23.240  19.370  6.840  14.86  299.64  78.32  962.60  -0.22  218.01  10.03
58343.0  23.200  19.560  6.920  15.04  299.59  79.53  962.63  -0.13  218.49  9.97
58344.0  23.260  21.630  6.930  17.14  299.64  90.26  962.76  0.02  218.61  10.05
58345.0  23.180  23.230  6.990  18.95  299.55  100.32  962.83  -0.10  219.88  10.18
58346.0  23.230  22.800  7.030  18.45  299.61  97.38  962.74  -0.45  221.16  10.37
58347.0  23.250  22.010  7.080  17.56  299.63  92.58  962.69  -0.34  222.08  10.05
58348.0  23.190  21.510  7.220  17.02  299.57  90.06  962.69  -0.39  223.52  10.12
58349.0  23.220  21.250  7.260  16.74  299.61  88.40  962.58  -0.53  224.66  9.83
58350.0  23.180  19.510  7.250  14.99  299.56  79.36  962.77  -0.51  223.21  9.49
58351.0  23.170  19.380  7.330  14.87  299.55  78.76  962.69  -0.54  222.50  9.69
58352.0  23.140  20.250  7.420  15.72  299.53  83.40  962.59  -0.55  221.96  9.69
58353.0  23.120  19.730  7.420  15.20  299.50  80.76  962.74  -0.41  221.49  9.57
58354.0  23.170  21.720  7.480  17.24  299.55  91.33  962.75  -0.26  219.44  9.88
58355.0  23.170  22.560  7.450  18.17  299.55  96.28  962.75  -0.35  217.62  9.95
58356.0  23.110  21.220  7.470  16.70  299.49  88.82  962.76  -0.44  218.46  9.31
58357.0  23.010  23.330  7.660  19.07  299.38  102.03  962.90  -0.33  218.22  9.73
58358.0  23.040  22.230  7.620  17.80  299.40  95.05  962.99  -0.04  220.04  9.55
58359.0  23.050  19.300  7.500  14.79  299.42  78.90  962.89  0.12  220.56  9.74
58360.0  23.150  21.630  7.450  17.14  299.52  90.93  962.84  0.01  220.97  9.82
58361.0  23.100  22.910  7.440  18.58  299.48  98.85  962.69  -0.10  221.73  9.95
58362.0  23.130  20.700  7.440  16.17  299.52  85.86  962.62  -0.07  221.64  10.06
58363.0  23.130  20.170  7.390  15.63  299.52  83.00  962.68  0.14  222.69  10.07
58364.0  23.130  19.440  7.340  14.92  299.52  79.20  962.70  0.12  222.54  9.69
58365.0  23.100  20.220  7.440  15.68  299.48  83.42  962.73  0.05  220.38  10.04
58366.0  23.090  21.130  7.440  16.61  299.46  88.43  962.88  0.09  222.31  9.72
58367.0  23.110  19.840  7.350  15.31  299.48  81.39  962.88  -0.09  220.13  9.75
58368.0  23.080  21.440  7.410  16.94  299.46  90.22  962.71  -0.09  219.94  9.95
58369.0  23.090  20.770  7.410  16.24  299.47  86.43  962.76  0.00  219.98  9.94
58370.0  23.080  20.140  7.280  15.60  299.45  83.11  962.86  -0.17  220.69  9.79
58371.0  23.150  22.530  7.290  18.14  299.53  96.23  962.70  -0.15  220.80  9.76
58372.0  23.040  22.550  7.420  18.16  299.43  97.01  962.58  0.04  220.87  10.10
58373.0  23.080  22.020  7.390  17.57  299.48  93.56  962.53  0.39  220.70  9.60
58374.0  23.020  21.170  7.340  16.66  299.42  89.02  962.59  0.42  222.04  9.44
58375.0  23.010  22.870  7.240  18.54  299.41  99.14  962.49  -0.02  222.48  9.62
58376.0  23.060  23.340  7.240  19.08  299.44  101.76  962.77  -0.17  221.76  9.52
58377.0  23.000  21.470  7.260  16.97  299.37  90.88  962.86  -0.20  222.41  9.66
58378.0  23.090  23.010  7.200  18.69  299.46  99.52  962.73  -0.34  222.09  9.72
58379.0  23.070  22.850  7.180  18.50  299.46  98.61  962.61  -0.56  223.07  9.50
58380.0  23.090  21.850  7.260  17.38  299.47  92.53  962.75  -0.21  219.86  8.97
58381.0  23.000  20.730  7.340  16.20  299.38  86.72  962.81  -0.13  219.34  9.18
58382.0  23.030  23.630  7.200  19.43  299.42  103.82  962.66  -0.32  221.53  9.25
58383.0  23.100  22.250  7.120  17.82  299.49  94.78  962.68  -0.52  219.80  9.24
58384.0  23.090  19.850  7.180  15.32  299.47  81.51  962.77  -0.59  220.28  8.99
58385.0  23.090  20.560  7.120  16.02  299.47  85.30  962.76  -0.63  219.60  9.31
58386.0  23.100  21.220  7.220  16.70  299.47  88.89  962.86  -0.21  218.62  8.96
58387.0  23.000  21.490  7.510  16.99  299.38  90.96  962.74  -0.11  220.25  8.84
58388.0  23.010  22.330  7.410  17.92  299.41  95.86  962.41  -0.23  220.25  9.29
58389.0  23.010  20.450  7.160  15.92  299.42  85.14  962.44  -0.17  220.13  9.16
58390.0  23.060  23.090  7.130  18.79  299.46  100.15  962.59  -0.13  220.33  9.31
58391.0  23.080  22.960  7.090  18.64  299.47  99.26  962.64  -0.13  222.70  9.01
58392.0  23.080  22.790  7.110  18.44  299.48  98.21  962.53  -0.37  221.44  9.20
58393.0  23.110  23.580  7.270  19.37  299.49  103.01  962.69  -0.04  217.54  8.84
58394.0  23.060  19.580  7.630  15.06  299.46  80.31  962.61  0.05  212.75  9.37
58395.0  23.040  22.570  7.560  18.18  299.42  97.06  962.75  0.34  214.17  8.91
58396.0  23.040  21.610  7.280  17.12  299.41  91.40  962.81  0.05  214.49  8.25
58397.0  23.110  23.240  7.190  18.97  299.49  100.82  962.70  -0.21  211.63  7.53
58398.0  23.020  23.910  7.550  19.77  299.41  105.72  962.62  0.59  211.39  7.90
58399.0  23.100  23.660  7.670  19.47  299.48  103.59  962.67  0.58  212.09  7.01
58400.0  23.130  20.460  7.420  15.93  299.51  84.60  962.65  1.03  204.68  6.37
58401.0  23.160  20.140  7.710  15.61  299.55  82.73  962.64  2.07  204.10  6.84
58402.0  23.040  21.580  7.740  17.09  299.44  91.28  962.40  -0.18  211.71  8.50
58403.0  22.960  22.290  7.180  17.88  299.37  95.93  962.42  -0.78  213.23  9.06
58404.0  22.970  20.950  7.240  16.43  299.38  88.09  962.46  -0.88  215.10  9.24
58405.0  23.040  20.240  7.220  15.71  299.43  83.90  962.60  -0.59  214.21  9.13
58406.0  23.060  21.440  7.090  16.94  299.45  90.34  962.63  -0.61  214.58  9.22
58407.0  23.010  19.700  7.500  15.17  299.41  81.14  962.55  -0.87  214.82  8.89
58408.0  23.030  22.610  7.490  18.22  299.41  97.40  962.73  0.09  221.68  8.66
58409.0  23.020  22.540  7.350  18.15  299.41  97.02  962.64  -0.21  225.18  8.23
58410.0  23.020  21.990  7.370  17.54  299.42  93.76  962.48  -0.24  223.83  8.51
58411.0  23.090  20.990  7.140  16.47  299.47  87.66  962.66  -0.32  220.03  8.48
58412.0  23.100  21.430  7.130  16.92  299.47  90.03  962.87  -0.70  219.85  8.35
58413.0  23.050  19.500  7.090  14.97  299.42  79.91  962.92  -0.90  220.89  8.99
58414.0  23.110  21.860  7.470  17.39  299.48  92.49  962.84  -0.16  215.39  9.49
58415.0  23.100  22.530  7.540  18.14  299.48  96.47  962.72  -0.37  214.40  9.35
58416.0  23.170  22.000  7.300  17.55  299.54  92.99  962.80  -0.30  213.65  9.25
58417.0  23.160  24.720  7.220  20.78  299.54  110.12  962.71  -0.43  215.88  9.08
58418.0  23.200  23.890  7.230  19.75  299.59  104.40  962.66  -0.33  220.38  9.12
58419.0  23.220  21.810  7.200  17.34  299.61  91.55  962.64  -0.43  220.58  9.18
58420.0  23.240  22.320  7.210  17.91  299.63  94.44  962.62  -0.51  219.92  8.91
58421.0  23.240  21.040  7.240  16.52  299.62  87.09  962.75  -0.79  217.46  8.92
58422.0  23.200  20.030  7.330  15.49  299.57  81.89  962.92  -0.68  215.58  8.63
58423.0  23.190  24.080  7.360  19.97  299.55  105.68  962.96  -0.93  216.26  8.18
58424.0  23.190  24.370  7.520  20.34  299.54  107.64  963.06  -0.21  213.37  7.91
58425.0  23.070  21.410  7.490  16.91  299.42  90.14  963.07  0.44  213.43  8.39
58426.0  23.080  21.860  7.510  17.39  299.45  92.66  962.85  0.61  213.72  8.54
58427.0  23.030  23.160  7.470  18.87  299.42  100.83  962.57  -0.27  216.61  8.84
58428.0  23.020  21.020  7.500  16.50  299.40  88.23  962.70  -0.64  216.36  9.25
58429.0  23.010  21.530  7.680  17.03  299.39  91.14  962.64  -0.72  216.02  9.22
58430.0  23.020  20.160  7.540  15.62  299.41  83.52  962.59  -0.60  216.26  9.09
58431.0  23.000  21.170  7.490  16.66  299.38  89.17  962.64  -0.38  217.34  9.07
58432.0  23.050  20.910  7.470  16.38  299.44  87.42  962.64  -0.07  219.19  8.87
58433.0  23.040  22.710  7.460  18.35  299.45  97.95  962.46  -0.29  221.03  8.77
58434.0  23.020  20.590  7.570  16.06  299.42  85.88  962.45  -0.24  221.62  8.85
58435.0  23.080  23.250  7.590  18.98  299.47  101.07  962.55  0.02  218.97  9.04
58436.0  23.050  24.020  7.590  19.91  299.44  106.19  962.62  -0.15  218.16  8.76
58437.0  23.050  23.890  7.640  19.75  299.44  105.43  962.57  -0.44  218.65  8.47
58438.0  23.070  22.750  7.770  18.39  299.46  98.03  962.60  -0.18  218.56  7.54
58439.0  23.050  21.020  7.770  16.50  299.43  88.02  962.74  0.24  213.67  6.91
58440.0  22.960  22.500  7.910  18.11  299.33  97.21  962.80  0.38  216.97  7.32
58441.0  22.920  21.070  8.140  16.55  299.31  89.02  962.67  0.82  219.66  8.26
58442.0  23.000  21.180  8.020  16.67  299.41  89.20  962.46  -0.36  216.86  8.11
58443.0  23.000  20.750  7.790  16.22  299.39  86.86  962.52  0.34  213.11  8.11
58444.0  22.990  23.150  7.820  18.87  299.40  101.00  962.40  0.11  211.83  9.14
58445.0  23.000  20.580  7.670  16.05  299.42  85.88  962.34  -0.10  212.19  8.95
58446.0  23.060  21.440  7.690  16.95  299.48  90.34  962.28  0.00  214.63  8.93
58447.0  23.060  22.120  7.750  17.69  299.48  94.30  962.31  0.14  212.55  8.97
58448.0  23.110  20.450  7.740  15.92  299.51  84.61  962.44  0.13  213.72  9.02
58449.0  23.060  21.160  7.800  16.65  299.46  88.76  962.60  0.36  215.36  8.84
58450.0  23.090  23.020  7.760  18.70  299.48  99.54  962.62  0.36  213.97  8.79
58451.0  23.120  22.500  7.810  18.10  299.50  96.21  962.67  0.30  215.18  8.71
58452.0  23.140  21.140  7.720  16.62  299.52  88.24  962.70  0.20  213.75  8.73
58453.0  23.190  21.070  7.770  16.54  299.58  87.50  962.67  0.03  214.44  8.69
58454.0  23.120  21.010  7.700  16.49  299.51  87.61  962.57  -0.09  214.96  8.68
58455.0  23.130  23.460  7.720  19.22  299.52  102.09  962.59  -0.12  215.95  9.04
58456.0  23.120  22.830  7.730  18.48  299.49  98.21  962.76  -0.09  214.21  9.33
58457.0  23.060  21.730  7.850  17.25  299.45  92.00  962.70  -0.29  212.29  8.94
58458.0  23.080  22.900  7.860  18.56  299.47  98.89  962.60  -0.24  212.27  8.71
58459.0  23.090  23.060  7.760  18.75  299.48  99.78  962.67  -0.10  212.88  9.10
58460.0  23.150  23.260  7.680  18.99  299.53  100.74  962.68  -0.14  213.42  9.07
58461.0  23.130  22.760  7.670  18.40  299.51  97.72  962.67  -0.16  212.85  9.08
58462.0  23.170  21.230  7.610  16.72  299.54  88.57  962.85  -0.05  212.49  9.12
58463.0  23.120  23.360  7.570  19.11  299.50  101.51  962.82  -0.05  213.48  9.26
58464.0  23.140  19.880  7.550  15.35  299.52  81.48  962.74  0.00  213.83  9.25
58465.0  23.150  22.420  7.490  18.02  299.52  95.59  962.80  -0.05  215.76  9.23
58466.0  23.170  22.610  7.400  18.23  299.55  96.54  962.76  -0.08  214.81  9.43
58467.0  23.120  22.670  7.350  18.30  299.51  97.27  962.60  -0.13  215.15  9.37
58468.0  23.150  20.190  7.350  15.66  299.54  83.06  962.53  -0.27  214.18  9.23
58469.0  23.150  20.600  7.250  16.07  299.54  85.21  962.56  -0.28  212.97  9.43
58470.0  23.150  22.960  7.180  18.63  299.54  98.81  962.63  -0.21  215.41  9.40
58471.0  23.180  22.550  6.980  18.16  299.56  96.12  962.71  -0.38  215.98  9.38
58472.0  23.230  22.760  6.820  18.40  299.63  97.08  962.58  -0.26  215.48  9.41
58473.0  23.210  23.410  6.730  19.16  299.60  101.26  962.63  -0.21  216.34  9.48
58474.0  23.190  21.270  6.730  16.75  299.57  88.66  962.69  -0.10  218.82  9.62
58475.0  23.180  20.450  6.840  15.91  299.55  84.22  962.84  0.34  218.92  9.59
58476.0  23.180  19.450  6.750  14.93  299.55  79.03  962.86  0.36  217.00  9.39
58477.0  23.210  23.200  6.660  18.91  299.58  99.94  962.77  0.18  217.78  9.56
58478.0  23.180  22.830  6.610  18.48  299.56  97.84  962.65  -0.11  217.04  9.53
58479.0  23.210  22.080  6.570  17.63  299.60  93.16  962.61  -0.13  217.71  9.59
58480.0  23.220  22.750  6.660  18.40  299.61  97.14  962.57  0.26  217.23  9.64
58481.0  23.220  21.060  6.690  16.54  299.62  87.30  962.59  -0.03  217.14  9.03
58482.0  23.230  23.750  6.640  19.57  299.64  103.24  962.45  -0.12  216.77  9.37
58483.0  23.240  20.810  6.600  16.28  299.64  85.84  962.50  -0.37  214.28  9.44
58484.0  23.240  22.430  6.720  18.03  299.64  95.08  962.48  -0.45  213.16  9.56
58485.0  23.260  22.030  6.730  17.58  299.64  92.62  962.70  -0.48  213.25  9.74
58486.0  23.230  20.520  6.830  15.99  299.62  84.36  962.69  -0.45  213.00  9.82
58487.0  23.230  23.340  6.820  19.08  299.62  100.64  962.67  -0.31  214.08  9.82
58488.0  23.290  20.470  6.640  15.93  299.66  83.76  962.84  -0.42  214.51  9.90
58489.0  23.330  22.790  6.520  18.43  299.70  96.66  962.83  -0.49  216.16  10.21
58490.0  23.400  21.250  6.470  16.74  299.79  87.41  962.64  -0.19  216.01  9.86
58491.0  23.430  20.880  6.540  16.35  299.83  85.20  962.65  0.03  215.38  9.93
58492.0  23.390  21.720  6.520  17.24  299.77  90.07  962.73  -0.09  214.70  10.32
58493.0  23.390  19.330  6.500  14.82  299.78  77.43  962.64  -0.34  215.16  9.94
58494.0  23.400  20.570  6.470  16.04  299.80  83.73  962.54  -0.42  216.07  9.78
58495.0  23.320  20.840  6.510  16.31  299.72  85.59  962.53  -0.77  216.08  9.83
58496.0  23.320  20.050  6.620  15.51  299.72  81.40  962.62  -0.85  215.05  9.98
58497.0  23.220  21.000  6.620  16.47  299.61  86.99  962.67  -0.77  215.95  9.82
58498.0  23.190  19.420  6.720  14.91  299.58  78.86  962.66  -0.67  217.07  9.78
58499.0  23.130  22.020  6.750  17.56  299.52  93.24  962.70  -0.61  217.41  9.91
58500.0  23.130  22.360  6.730  17.95  299.51  95.32  962.73  -0.67  218.38  9.97
58501.0  23.150  23.210  6.750  18.92  299.53  100.36  962.66  -0.84  217.68  10.01
58502.0  23.110  23.130  6.950  18.83  299.49  100.14  962.70  0.07  216.26  9.56
58503.0  23.070  23.390  6.950  19.14  299.44  102.03  962.79  -0.13  217.88  8.46
58504.0  22.990  21.420  6.950  16.92  299.36  90.65  962.78  -0.37  215.74  8.93
58505.0  23.060  20.680  6.720  16.14  299.45  86.09  962.66  -1.10  215.34  10.05
58506.0  23.140  22.520  6.600  18.13  299.53  96.17  962.72  -1.08  214.24  10.05
58507.0  23.060  23.250  6.760  18.97  299.44  101.19  962.72  -0.56  215.07  10.20
58508.0  23.090  22.620  6.840  18.24  299.46  97.11  962.80  -0.52  215.59  9.96
58509.0  23.100  21.380  6.600  16.87  299.47  89.75  962.88  -0.41  215.22  9.78
58510.0  23.150  20.910  6.540  16.38  299.51  86.90  962.91  -0.46  214.46  9.87
58511.0  23.150  22.910  6.560  18.57  299.51  98.49  962.98  -0.35  215.72  9.91
58512.0  23.170  20.510  6.540  15.97  299.52  84.61  963.06  -0.52  216.15  9.97
58513.0  23.220  23.610  6.490  19.40  299.58  102.45  962.98  -0.37  217.60  10.15
58514.0  23.200  20.210  6.590  15.67  299.57  82.87  962.84  -0.26  217.06  10.17
58515.0  23.330  19.380  6.440  14.86  299.70  77.95  962.85  -0.44  214.94  10.05
58516.0  23.270  22.310  6.420  17.89  299.64  94.20  962.84  -0.57  215.62  10.26
58517.0  23.320  22.050  6.400  17.60  299.69  92.35  962.87  -0.70  215.88  10.18
58518.0  23.250  20.430  6.480  15.90  299.63  83.77  962.79  -0.76  215.51  10.35
58519.0  23.280  20.190  6.470  15.65  299.66  82.34  962.80  -0.66  216.33  10.41
