flight/WP3D/AircraftPos_NP3_20130629_RA.ict
38  1001
Ken Aikin
NOAA ESRL Chemical Sciences Division
various aircraft sensors
SENEX 2013
1  1
2013  06  29  2013  06  29
1
AOCTimewave
5
1  1  1  1  1 
-9999  -9999  -9999  -9999  -9999
GpsLat  deg
GpsLon  deg
GpsAlt  m
PAlt  m
RAlt  m
1
SPECIAL COMMENTS:Birmingham and C-130 intercomparison.
18
PI_CONTACT_INFO: Address: NOAA ESRL Chemical Sciences Division  Mail Stop R/CSD7  325 Broadway  Boulder  CO 80305
PLATFORM: NOAA WP-3D
LOCATION: The aircraft was stationed in Smyrna  Tennessee. Aircraft location information in AircraftPosition file.
ASSOCIATED_DATA: N/A
INSTRUMENT_INFO: N/A
DATA_INFO: Units:GpsLat:decimal degrees; GpsLon: decimal degrees; GpsAlt: meters; PAlt:meters; RAlt: meters.
UNCERTAINTY: N/A
ULOD_FLAG: -7777
ULOD_VALUE: N/A
LLOD_FLAG: -8888
LLOD_VALUE: N/A
DM_CONTACT_INFO: Data Manager:Ken Aikin; email:Kenneth.C.Aikin@noaa.gov
PROJECT_INFO: SENEX 2013 Study; June 1 - July 15  2013
STIPULATIONS_ON_USE: Use of these data require prior ok from PI.
OTHER_COMMENTS:       None
REVISION: RA
RA: Preliminary Data.  For in-field use.
AOCTimewave  GpsLat  GpsLon  GpsAlt  PAlt  RAlt
[from data line 24727]
80312.0  34.7861   -86.5834    854.8    853.4    623.3
80313.0  34.7872   -86.5832    856.0    855.1    622.0
80314.0  34.7882   -86.5831    857.6    857.3    627.0
80315.0  34.7893   -86.5830    858.3    858.7    631.1
80316.0  34.7904   -86.5829    858.3    859.0    625.6
80317.0  34.7914   -86.5828    858.9    859.1    617.6
80318.0  34.7925   -86.5827    862.0    861.6    620.1
80319.0  34.7936   -86.5826    866.0    865.0    618.5
80320.0  34.7947   -86.5826    869.4    867.9    626.8
80321.0  34.7957   -86.5825    872.5    870.2    638.8
80322.0  34.7968   -86.5824    876.5    874.6    642.4
80323.0  34.7979   -86.5823    881.4    879.7    661.1
80324.0  34.7990   -86.5822    886.6    885.1    661.3
80325.0  34.8000   -86.5821    891.7    889.6    660.0
80326.0  34.8011   -86.5820    897.3    895.6    664.0
80327.0  34.8022   -86.5819    904.0    902.1    669.2
80328.0  34.8033   -86.5818    911.2    908.4    663.6
80329.0  34.8043   -86.5817    918.2    913.6    656.9
80330.0  34.8054   -86.5815    925.4    920.6    655.7
80331.0  34.8065   -86.5814    933.0    927.0    652.5
80332.0  34.8075   -86.5812    940.7    935.1    646.8
80333.0  34.8086   -86.5810    947.9    942.1    640.8
80334.0  34.8097   -86.5808    955.5    950.1    641.8
80335.0  34.8107   -86.5805    963.0    957.0    646.0
80336.0  34.8118   -86.5803    970.1    965.5    648.8
80337.0  34.8129   -86.5801    976.7    968.7    660.9
80338.0  34.8139   -86.5798    983.4    974.4    687.0
80339.0  34.8150   -86.5796    990.7    981.9    705.6
80340.0  34.8160   -86.5793    998.1    989.1    721.6
80341.0  34.8171   -86.5791   1005.9    997.6    743.4
80342.0  34.8182   -86.5788   1014.3   1006.0    767.7
80343.0  34.8192   -86.5786   1021.2   1012.9    783.3
80344.0  34.8203   -86.5783   1027.4   1019.6    796.5
80345.0  34.8214   -86.5781   1033.9   1025.8    795.2
80346.0  34.8225   -86.5778   1039.7   1031.0    802.8
80347.0  34.8235   -86.5776   1045.8   1036.5    809.0
80348.0  34.8246   -86.5773   1052.4   1043.5    818.2
80349.0  34.8257   -86.5771   1059.3   1049.5    827.0
80350.0  34.8268   -86.5768   1066.7   1056.2    835.8
80351.0  34.8278   -86.5765   1074.4   1063.4    849.9
80352.0  34.8289   -86.5763   1082.5   1070.9    850.5
80353.0  34.8300   -86.5760   1091.1   1078.4    858.8
80354.0  34.8311   -86.5758   1099.8   1086.9    872.0
80355.0  34.8321   -86.5756   1108.6   1094.7    881.1
80356.0  34.8332   -86.5753   1118.1   1102.0    891.0
80357.0  34.8343   -86.5751   1127.6   1110.1    903.4
80358.0  34.8353   -86.5748   1137.0   1119.3    915.8
80359.0  34.8364   -86.5746   1146.5   1129.1    928.4
80360.0  34.8375   -86.5744   1155.6   1137.9    937.8
80361.0  34.8385   -86.5741   1164.5   1146.1    948.1
80362.0  34.8396   -86.5739   1173.5   1155.5    953.3
80363.0  34.8407   -86.5737   1183.0   1165.7    961.9
80364.0  34.8417   -86.5735   1191.6   1174.0    969.4
80365.0  34.8428   -86.5733   1199.1   1182.3    975.8
80366.0  34.8439   -86.5731   1205.6   1190.0    983.1
80367.0  34.8450   -86.5730   1212.1   1195.5    986.7
80368.0  34.8460   -86.5728   1219.3   1202.5    996.9
80369.0  34.8471   -86.5727   1226.8   1208.9   1000.7
80370.0  34.8482   -86.5725   1234.7   1216.0   1000.2
80371.0  34.8493   -86.5724   1242.2   1223.4   1006.8
80372.0  34.8504   -86.5723   1248.9   1230.4   1006.3
80373.0  34.8514   -86.5722   1254.8   1237.8   1010.7
80374.0  34.8525   -86.5721   1260.7   1243.1   1025.0
80375.0  34.8536   -86.5721   1266.8   1248.8   1027.0
80376.0  34.8547   -86.5720   1273.1   1253.6   1045.4
80377.0  34.8558   -86.5719   1280.1   1258.0   1051.0
80378.0  34.8569   -86.5719   1287.4   1265.0   1057.7
80379.0  34.8580   -86.5718   1295.0   1272.0   1065.1
80380.0  34.8591   -86.5718   1302.9   1279.2   1063.6
80381.0  34.8601   -86.5717   1311.3   1287.6   1076.3
80382.0  34.8612   -86.5716   1319.9   1296.4   1086.8
80383.0  34.8623   -86.5716   1327.9   1304.1   1087.8
80384.0  34.8634   -86.5715   1336.1   1310.7   1096.8
80385.0  34.8645   -86.5714   1344.7   1320.8   1105.1
80386.0  34.8656   -86.5714   1353.5   1329.7   1116.9
80387.0  34.8667   -86.5713   1362.0   1338.9   1135.1
80388.0  34.8678   -86.5713   1369.9   1347.0   1152.6
80389.0  34.8689   -86.5712   1377.0   1352.9   1148.0
80390.0  34.8699   -86.5711   1384.1   1358.0   1148.5
80391.0  34.8710   -86.5711   1391.8   1366.1   1160.2
80392.0  34.8721   -86.5710   1399.6   1372.6   1166.0
80393.0  34.8732   -86.5709   1408.0   1382.4   1171.3
80394.0  34.8743   -86.5708   1416.7   1390.5   1179.7
80395.0  34.8754   -86.5707   1425.8   1399.0   1197.3
80396.0  34.8765   -86.5707   1434.4   1406.2   1217.5
80397.0  34.8776   -86.5706   1442.8   1412.0   1227.6
80398.0  34.8787   -86.5705   1451.0   1420.3   1223.8
80399.0  34.8797   -86.5704   1459.7   1429.4   1241.1
80400.0  34.8808   -86.5703   1469.1   1438.9   1261.7
80401.0  34.8819   -86.5702   1478.1   1449.0   1273.5
80402.0  34.8830   -86.5702   1487.0   1457.3   1271.7
80403.0  34.8841   -86.5701   1495.5   1464.1   1273.8
80404.0  34.8852   -86.5700   1504.8   1472.6   1282.6
80405.0  34.8862   -86.5699   1514.9   1481.3   1278.7
80406.0  34.8873   -86.5698   1525.3   1493.2   1296.5
80407.0  34.8884   -86.5697   1536.1   1504.2   1301.7
80408.0  34.8895   -86.5696   1546.4   1514.1   1315.9
80409.0  34.8906   -86.5695   1556.3   1522.4   1324.2
80410.0  34.8916   -86.5694   1566.3   1531.3   1340.7
80411.0  34.8927   -86.5693   1575.9   1539.8   1345.1
80412.0  34.8938   -86.5692   1584.9   1547.3   1356.5
80413.0  34.8949   -86.5691   1594.0   1557.0   1364.0
80414.0  34.8959   -86.5690   1603.4   1567.9   1376.4
80415.0  34.8970   -86.5689   1612.7   1575.6   1387.7
80416.0  34.8981   -86.5688   1621.8   1584.4   1389.8
80417.0  34.8992   -86.5687   1630.9   1592.8   1407.7
80418.0  34.9002   -86.5686   1640.1   1598.9   1422.2
80419.0  34.9013   -86.5686   1649.7   1609.7   1431.6
80420.0  34.9024   -86.5685   1659.1   1620.1   1427.6
80421.0  34.9035   -86.5684   1668.6   1628.5   1433.0
80422.0  34.9045   -86.5683   1678.3   1637.8   1440.4
80423.0  34.9056   -86.5682   1688.4   1647.7   1447.9
80424.0  34.9066   -86.5682   1698.4   1656.4   1458.0
80425.0  34.9077   -86.5681   1708.0   1666.6   1481.6
80426.0  34.9088   -86.5680   1717.3   1675.5   1483.1
80427.0  34.9098   -86.5680   1725.8   1683.1   1489.5
80428.0  -9999.0000  -9999.0000  -9999.0   1691.0   1497.4
80429.0  34.9119   -86.5678   1743.0   1699.0   1508.2
80430.0  34.9130   -86.5678   1752.1   1708.7   1520.5
80431.0  34.9141   -86.5677   1761.5   1717.8   1555.3
80432.0  34.9151   -86.5677   1771.2   1727.6   1537.9
80433.0  34.9162   -86.5676   1780.4   1736.7   1553.0
80434.0  34.9172   -86.5676   1789.1   1745.0   1560.3
80435.0  34.9183   -86.5676   1797.4   1753.1   1571.9
80436.0  34.9194   -86.5675   1805.3   1759.7   1573.1
80437.0  34.9204   -86.5675   1812.8   1766.8   1580.4
80438.0  34.9215   -86.5674   1820.3   1774.7   1601.5
80439.0  34.9225   -86.5674   1827.4   1780.2   1595.7
80440.0  34.9236   -86.5674   1834.7   1788.4   1599.7
80441.0  34.9247   -86.5673   1842.1   1795.3   1608.5
80442.0  34.9257   -86.5673   1849.6   1802.6   1621.3
80443.0  34.9268   -86.5673   1856.9   1809.8   1633.9
80444.0  34.9278   -86.5672   1864.1   1815.7   1653.5
80445.0  34.9289   -86.5672   1871.5   1822.2   1652.4
80446.0  34.9300   -86.5672   1879.5   1829.6   1651.5
80447.0  34.9310   -86.5671   1887.5   1837.5   1650.2
80448.0  34.9321   -86.5671   1895.6   1844.7   1660.2
80449.0  34.9332   -86.5671   1903.2   1851.4   1674.5
80450.0  34.9342   -86.5670   1910.0   1858.8   1679.4
80451.0  34.9353   -86.5670   1915.8   1865.8   1682.2
80452.0  34.9364   -86.5669   1920.5   1871.0   1687.1
80453.0  34.9374   -86.5669   1924.4   1874.7   1697.4
80454.0  34.9385   -86.5669   1927.9   1878.4   1702.2
80455.0  34.9396   -86.5668   1930.5   1880.0   1703.9
80456.0  34.9407   -86.5668   1931.8   1881.2   1712.0
80457.0  34.9418   -86.5667   1932.9   1882.9   1721.5
80458.0  34.9429   -86.5667   1933.7   1882.5   1713.0
80459.0  34.9440   -86.5667   1935.2   1882.8   1718.1
80460.0  34.9451   -86.5666   1936.9   1884.9   1713.3
80461.0  34.9462   -86.5666   1939.1   1887.0   1702.0
80462.0  34.9473   -86.5665   1941.2   1890.5   1705.2
80463.0  34.9484   -86.5665   1942.7   1891.3   1711.3
80464.0  34.9495   -86.5664   1944.2   1892.6   1723.7
80465.0  34.9506   -86.5664   1945.7   1895.5   1721.4
80466.0  34.9518   -86.5664   1946.9   1896.6   1721.8
80467.0  34.9529   -86.5663   1947.1   1895.9   1737.0
80468.0  34.9540   -86.5663   1947.1   1894.7   1737.8
80469.0  34.9552   -86.5662   1947.1   1894.6   1735.8
80470.0  34.9563   -86.5662   1947.1   1895.2   1729.4
80471.0  34.9575   -86.5661   1947.7   1896.8   1730.1
80472.0  34.9586   -86.5661   1948.3   1897.8   1734.3
80473.0  34.9598   -86.5660   1948.3   1898.6   1726.9
80474.0  34.9609   -86.5660   1949.5   1898.8   1730.7
80475.0  34.9621   -86.5659   1949.5   1898.7   1732.2
80476.0  34.9633   -86.5658   1949.5   1898.6   1723.6
80477.0  34.9645   -86.5658   1948.9   1898.9   1725.4
80478.0  34.9656   -86.5657   1949.1   1898.9   1720.7
80479.0  34.9668   -86.5657   1948.5   1898.3   1728.8
80480.0  34.9680   -86.5656   1949.5   1897.3   1720.1
80481.0  34.9692   -86.5656   1949.5   1897.0   1730.7
80482.0  34.9704   -86.5655   1949.5   1897.0   1733.0
80483.0  34.9716   -86.5655   1949.5   1897.3   1738.7
80484.0  34.9728   -86.5654   1949.5   1898.5   1738.5
80485.0  34.9740   -86.5654   1949.5   1898.0   1733.3
80486.0  34.9752   -86.5653   1949.5   1898.3   1726.0
80487.0  34.9764   -86.5653   1948.7   1898.8   1715.2
80488.0  34.9777   -86.5652   1949.5   1899.7   1715.5
80489.0  34.9789   -86.5652   1948.7   1899.8   1708.2
80490.0  34.9801   -86.5652   1948.3   1898.5   1706.4
80491.0  34.9813   -86.5651   1949.0   1898.1   1704.6
80492.0  34.9826   -86.5651   1949.5   1899.6   1713.8
80493.0  34.9838   -86.5651   1949.5   1899.7   1704.6
80494.0  34.9851   -86.5650   1949.5   1899.7   1714.3
80495.0  34.9863   -86.5650   1949.5   1898.4   1707.1
80496.0  34.9875   -86.5650   1949.5   1897.7   1702.9
80497.0  34.9888   -86.5649   1949.5   1898.1   1706.7
80498.0  34.9900   -86.5649   1950.0   1898.5   1709.8
80499.0  34.9913   -86.5649   1950.7   1899.5   1703.3
80500.0  34.9926   -86.5648   1950.7   1901.2   1704.4
80501.0  34.9938   -86.5648   1950.7   1901.5   1702.8
80502.0  34.9951   -86.5648   1950.7   1902.3   1692.8
80503.0  34.9964   -86.5647   1951.7   1903.3   1700.3
80504.0  34.9976   -86.5647   1951.9   1903.4   1717.3
80505.0  34.9989   -86.5647   1949.5   1903.7   1712.2
80506.0  35.0002   -86.5647   1947.1   1904.0   1697.4
80507.0  35.0015   -86.5647   1947.1   1902.4   1694.2
80508.0  35.0028   -86.5646   1947.3   1902.4   1705.1
80509.0  35.0040   -86.5646   1948.3   1902.6   1704.4
80510.0  35.0053   -86.5645   1948.3   1903.2   1697.3
80511.0  35.0066   -86.5645   1948.3   1903.1   1690.0
80512.0  35.0079   -86.5645   1948.3   1902.2   1692.9
80513.0  35.0092   -86.5644   1947.6   1902.6   1692.6
80514.0  35.0105   -86.5644   1947.1   1902.3   1696.1
80515.0  35.0118   -86.5643   1947.1   1902.4   1695.9
80516.0  35.0131   -86.5643   1946.6   1902.0   1689.8
80517.0  35.0144   -86.5643   1945.8   1901.9   1699.3
80518.0  35.0156   -86.5642   1945.8   1902.2   1699.4
80519.0  35.0169   -86.5642   1944.6   1901.6   1707.8
80520.0  35.0182   -86.5641   1944.6   1899.7   1685.5
80521.0  35.0195   -86.5641   1944.6   1898.8   1691.1
80522.0  35.0208   -86.5640   1944.6   1899.7   1682.3
80523.0  35.0221   -86.5640   1943.9   1900.6   1686.7
80524.0  35.0234   -86.5639   1943.4   1900.9   1686.0
80525.0  35.0247   -86.5639   1943.4   1899.4   1692.4
80526.0  35.0260   -86.5638   1943.4   1898.8   1682.2
80527.0  35.0273   -86.5638   1943.4   1898.7   1686.9
80528.0  35.0286   -86.5637   1943.5   1900.4   1683.9
80529.0  35.0299   -86.5637   1944.6   1899.5   1690.3
80530.0  35.0312   -86.5636   1944.6   1899.2   1696.2
80531.0  35.0324   -86.5636   1944.6   1899.5   1703.7
80532.0  35.0337   -86.5635   1945.7   1901.2   1696.2
80533.0  35.0350   -86.5635   1945.8   1901.3   1679.3
80534.0  35.0363   -86.5634   1945.8   1902.0   1674.6
80535.0  35.0376   -86.5633   1946.9   1903.1   1672.7
80536.0  35.0389   -86.5633   1947.1   1901.2   1682.7
80537.0  35.0402   -86.5632   1947.1   1902.6   1685.5
80538.0  35.0415   -86.5632   1947.1   1902.6   1685.5
80539.0  35.0428   -86.5631   1947.1   1901.1   1674.7
80540.0  35.0441   -86.5630   1947.1   1900.4   1669.9
80541.0  35.0454   -86.5630   1946.5   1900.8   1663.1
80542.0  35.0466   -86.5629   1945.8   1901.2   1667.8
80543.0  35.0479   -86.5628   1945.8   1901.4   1671.7
80544.0  35.0492   -86.5628   1945.8   1902.5   1677.6
80545.0  35.0505   -86.5627   1945.8   1901.1   1676.7
80546.0  35.0518   -86.5626   1945.8   1902.2   1673.0
80547.0  35.0531   -86.5626   1945.8   1902.0   1674.1
80548.0  35.0544   -86.5625   1945.0   1901.5   1663.3
80549.0  35.0557   -86.5624   1944.6   1900.5   1666.8
80550.0  35.0570   -86.5623   1944.6   1900.5   1668.4
80551.0  35.0583   -86.5623   1944.6   1900.0   1674.8
80552.0  35.0595   -86.5622   1944.6   1900.3   1676.9
80553.0  35.0608   -86.5621   1944.0   1899.3   1670.0
80554.0  35.0621   -86.5621   1943.4   1899.4   1663.9
80555.0  35.0634   -86.5620   1943.4   1900.0   1658.9
80556.0  35.0647   -86.5619   1943.4   1900.4   1665.3
80557.0  35.0660   -86.5618   1943.4   1900.4   1653.0
80558.0  35.0673   -86.5618   1943.4   1899.9   1662.4
80559.0  35.0685   -86.5617   1943.4   1899.5   1657.5
80560.0  35.0698   -86.5616   1943.4   1899.3   1667.7
80561.0  35.0711   -86.5615   1943.4   1899.2   1665.2
80562.0  35.0724   -86.5614   1943.4   1898.4   1648.1
80563.0  35.0737   -86.5614   1943.7   1899.1   1662.0
80564.0  35.0750   -86.5613   1944.6   1900.1   1655.9
80565.0  35.0762   -86.5612   1944.6   1900.6   1657.4
80566.0  35.0775   -86.5611   1944.6   1901.1   1655.4
80567.0  35.0788   -86.5611   1945.5   1901.6   1655.6
80568.0  35.0801   -86.5610   1945.8   1900.9   1653.6
80569.0  35.0814   -86.5609   1945.8   1902.0   1664.1
80570.0  35.0827   -86.5608   1945.8   1902.6   1683.7
80571.0  35.0840   -86.5608   1945.8   1902.2   1689.7
80572.0  35.0852   -86.5607   1945.8   1904.2   1702.4
80573.0  35.0865   -86.5606   1945.2   1903.2   1688.3
80574.0  35.0878   -86.5606   1944.6   1903.1   1676.6
80575.0  35.0891   -86.5605   1944.2   1902.5   1665.5
80576.0  35.0904   -86.5604   1943.4   1902.3   1667.3
80577.0  35.0917   -86.5603   1943.4   1902.1   1685.5
80578.0  35.0930   -86.5602   1942.4   1901.7   1704.3
80579.0  35.0942   -86.5602   1942.2   1899.9   1703.1
80580.0  35.0955   -86.5601   1942.2   1900.1   1695.5
80581.0  35.0968   -86.5600   1942.2   1898.9   1698.4
80582.0  35.0981   -86.5599   1942.2   1899.8   1700.2
80583.0  35.0994   -86.5599   1942.2   1898.3   1699.6
80584.0  35.1007   -86.5598   1942.2   1898.8   1703.3
80585.0  35.1020   -86.5597   1942.2   1900.0   1708.8
80586.0  35.1032   -86.5596   1942.2   1900.2   1711.8
80587.0  35.1045   -86.5595   1942.7   1899.4   1698.6
80588.0  35.1058   -86.5595   1943.4   1898.1   1712.1
80589.0  35.1071   -86.5594   1943.4   1898.7   1714.8
80590.0  35.1084   -86.5593   1943.9   1899.0   1712.5
80591.0  35.1097   -86.5592   1944.6   1898.7   1720.7
80592.0  35.1109   -86.5592   1944.6   1899.5   1741.0
80593.0  35.1122   -86.5591   1944.6   1898.8   1751.3
80594.0  35.1135   -86.5590   1944.6   1899.3   1743.5
80595.0  35.1148   -86.5589   1944.6   1899.2   1737.2
80596.0  35.1161   -86.5588   1944.6   1898.7   1758.8
80597.0  35.1174   -86.5588   1945.8   1900.7   1758.5
80598.0  35.1187   -86.5587   1947.1   1901.3   1754.3
80599.0  35.1199   -86.5586   1947.1   1902.0   1757.1
80600.0  35.1212   -86.5585   1947.1   1902.6   1763.8
80601.0  35.1225   -86.5585   1946.5   1901.9   1762.5
