flight/WP3D/AircraftMet_NP3_20130710_RA.ict
43  1001
Ken Aikin
NOAA ESRL Chemical Sciences Division
various aircraft sensors
SENEX 2013
1  1
2013  07  10  2013  07  12
1
AOCTimewave
10
1  1  1  1  1  1  1  1  1  1
-9999  -9999  -9999  -9999  -9999  -9999  -9999  -9999  -9999  -9999
AmbTemp  C
DewPtTemp  C
DewPtTempTDL  C
H2Omr  g/kg
PotTemp  K
RelHumidity  pct
StaticPrs  mbar
VertWindSpd  m/s
WindDir  deg
WindSpd  m/s
1
SPECIAL COMMENTS:NC hog farms  and transit to Tampa.
18
PI_CONTACT_INFO: Address: NOAA ESRL Chemical Sciences Division  Mail Stop R/CSD7  325 Broadway  Boulder  CO 80305
PLATFORM: NOAA WP-3D
LOCATION: The aircraft was stationed in  Smyrna  Tennessee. Aircraft location information in AircraftPosition file.
ASSOCIATED_DATA: N/A
INSTRUMENT_INFO: N/A
DATA_INFO: Units:AmbTemp celcius; DewPtTemp celcius; DewPtTempTDL celcius; H2Omr g/kg; PotTemp kelvin; RelHumidity percent; StaticPrs millibar; VertWindSpd m/s; WindDir degrees; WindSpd m/s
UNCERTAINTY: N/A
ULOD_FLAG: -7777
ULOD_VALUE: N/A
LLOD_FLAG: -8888
LLOD_VALUE: N/A
DM_CONTACT_INFO: Data Manager:Ken Aikin; email:Kenneth.C.Aikin@noaa.gov
PROJECT_INFO: SENEX 2013 Study; June 1 - July 15  2013
STIPULATIONS_ON_USE: Use of these data require prior ok from PI.
OTHER_COMMENTS:       None
REVISION: RA
RA: Preliminary Data.  For in-field use.
AOCTimewave  AmbTemp  DewPtTemp  DewPtTempTDL  H2Omr  PotTemp  RelHumidity  StaticPrs  VertWindSpd  WindDir  WindSpd
[from data line 10446]
60481.0  23.850  21.630  6.090  17.14  300.24  87.03  962.73  -0.93  212.08  7.06
60482.0  23.870  20.670  6.120  16.14  300.27  81.83  962.59  -0.83  212.11  6.76
60483.0  23.870  21.460  6.110  16.97  300.30  86.02  962.33  -0.62  206.89  6.94
60484.0  23.860  21.680  6.290  17.20  300.27  87.26  962.51  -0.58  201.75  6.98
60485.0  23.810  19.820  6.390  15.29  300.22  77.85  962.48  -0.26  202.68  6.43
60486.0  23.760  21.310  6.250  16.80  300.16  85.80  962.51  0.01  205.29  6.10
60487.0  23.790  21.820  6.390  17.35  300.19  88.44  962.52  -0.36  210.84  5.67
60488.0  23.770  21.640  6.250  17.16  300.18  87.55  962.47  0.52  209.13  7.43
60489.0  23.840  20.610  6.650  16.07  300.24  81.67  962.54  0.01  208.22  6.55
60490.0  23.850  21.800  6.410  17.33  300.26  88.00  962.51  -0.42  218.02  5.09
60491.0  23.810  18.800  6.350  14.33  300.24  72.91  962.37  -0.67  221.62  5.26
60492.0  23.870  21.260  6.580  16.75  300.28  84.91  962.53  -0.25  217.46  5.56
60493.0  23.820  22.340  6.780  17.93  300.21  91.18  962.70  -0.04  215.28  6.78
60494.0  23.920  21.570  6.740  17.08  300.33  86.34  962.52  -1.07  211.81  6.48
60495.0  23.820  19.050  6.850  14.56  300.24  74.05  962.40  -1.25  209.61  7.66
60496.0  23.890  19.620  6.910  15.10  300.30  76.46  962.50  -0.55  204.88  7.61
60497.0  23.880  20.250  6.880  15.71  300.27  79.59  962.82  0.76  207.20  6.89
60498.0  23.860  21.560  6.940  17.07  300.27  86.62  962.46  -0.33  211.04  7.27
60499.0  23.990  21.210  7.010  16.70  300.40  84.05  962.47  0.23  201.19  6.67
60500.0  23.900  19.100  7.030  14.60  300.32  73.91  962.45  0.58  206.59  6.56
60501.0  23.940  20.930  7.070  16.41  300.37  82.81  962.33  0.60  204.57  6.11
60502.0  23.830  20.650  7.090  16.12  300.26  81.90  962.33  0.24  211.47  7.20
60503.0  23.950  20.890  6.980  16.37  300.37  82.57  962.41  0.36  204.99  5.93
60504.0  23.850  21.690  6.960  17.21  300.27  87.33  962.47  -0.35  211.65  6.17
60505.0  23.810  21.950  7.000  17.50  300.23  89.04  962.37  0.00  216.11  6.21
60506.0  23.800  18.330  6.970  13.91  300.23  70.83  962.28  -0.49  222.05  5.49
60507.0  23.850  20.850  6.940  16.33  300.28  82.84  962.30  -0.03  218.94  5.49
60508.0  23.770  20.320  7.150  15.79  300.19  80.55  962.36  0.10  215.65  6.52
60509.0  23.830  19.780  6.910  15.26  300.23  77.57  962.51  0.00  211.45  6.43
60510.0  23.780  19.580  6.870  15.06  300.19  76.77  962.49  -0.17  212.45  5.96
60511.0  23.810  22.800  7.060  18.45  300.21  93.93  962.54  -0.14  214.44  6.10
60512.0  23.840  22.050  6.900  17.61  300.26  89.46  962.35  0.03  210.74  6.27
60513.0  23.850  20.500  6.760  15.97  300.27  81.07  962.40  -0.76  210.99  6.75
60514.0  23.820  21.040  6.460  16.52  300.22  84.05  962.60  -0.77  214.30  6.99
60515.0  23.840  21.670  6.580  17.19  300.25  87.31  962.49  -0.94  216.65  6.56
60516.0  23.840  21.900  6.590  17.44  300.23  88.59  962.62  -0.88  215.99  6.75
60517.0  23.820  20.380  6.620  15.85  300.21  80.59  962.81  -0.83  214.28  6.73
60518.0  23.830  20.240  6.630  15.70  300.22  79.85  962.72  -0.70  214.10  6.67
60519.0  23.840  20.450  6.750  15.91  300.22  80.83  962.89  -0.49  210.53  6.82
60520.0  23.810  20.290  6.720  15.75  300.19  80.20  962.85  -0.62  210.73  6.69
60521.0  23.790  18.700  6.710  14.23  300.18  72.53  962.73  -0.64  213.57  6.06
60522.0  23.850  18.600  6.700  14.14  300.25  71.79  962.67  -0.80  214.01  5.78
60523.0  23.770  19.380  6.710  14.86  300.16  75.83  962.72  -0.52  212.34  6.24
60524.0  23.810  19.940  6.890  15.40  300.19  78.43  962.82  -0.28  212.54  5.60
60525.0  23.810  21.290  6.810  16.78  300.20  85.43  962.73  -0.26  212.77  5.53
60526.0  23.770  22.430  6.680  18.02  300.15  91.97  962.81  -0.28  213.67  5.44
60527.0  23.740  19.560  6.670  15.04  300.14  76.87  962.68  -0.82  211.58  5.93
60528.0  23.770  19.410  6.550  14.90  300.17  76.02  962.58  -0.61  210.65  6.46
60529.0  23.770  20.410  6.550  15.87  300.17  80.97  962.63  -0.47  208.18  6.38
60530.0  23.800  22.010  6.530  17.56  300.19  89.47  962.66  -0.43  211.66  6.16
60531.0  23.790  22.180  6.410  17.74  300.18  90.43  962.65  -0.23  213.96  6.17
60532.0  23.810  20.460  6.360  15.92  300.20  81.05  962.76  -0.15  210.87  6.07
60533.0  23.830  19.180  6.260  14.68  300.23  74.64  962.67  -0.34  209.40  6.20
60534.0  23.830  19.050  6.030  14.55  300.22  73.99  962.78  -0.31  211.89  6.08
60535.0  23.890  18.390  5.940  13.95  300.27  70.68  962.81  -0.40  209.62  6.32
60536.0  23.920  18.780  5.810  14.31  300.32  72.31  962.61  -0.24  211.92  6.32
60537.0  23.890  19.980  5.830  15.45  300.28  78.22  962.74  0.13  213.73  6.29
60538.0  23.940  21.130  5.800  16.61  300.33  83.88  962.70  -0.17  212.82  6.68
60539.0  23.940  21.700  5.690  17.22  300.34  86.96  962.62  -0.21  211.63  6.70
60540.0  24.000  20.360  5.560  15.82  300.40  79.61  962.63  -0.45  213.51  6.05
60541.0  23.940  18.850  5.530  14.37  300.35  72.56  962.52  -0.29  216.31  6.61
60542.0  23.920  19.990  5.840  15.46  300.34  78.12  962.40  -0.17  214.57  7.33
60543.0  23.970  19.860  5.780  15.33  300.40  77.25  962.31  0.19  218.53  7.10
60544.0  24.060  20.880  5.390  16.36  300.50  81.95  962.20  -0.26  217.12  6.78
60545.0  24.020  19.920  5.510  15.39  300.45  77.29  962.32  -0.62  219.66  6.75
60546.0  24.070  18.580  5.600  14.13  300.50  70.73  962.31  -0.88  218.47  6.71
60547.0  24.010  21.040  5.760  16.52  300.43  83.04  962.37  -0.84  219.21  6.78
60548.0  24.080  19.980  5.840  15.45  300.51  77.29  962.35  -0.35  216.88  5.78
60549.0  24.020  20.180  5.930  15.65  300.44  78.63  962.36  0.69  219.27  5.39
60550.0  23.970  21.220  6.050  16.72  300.40  84.22  962.25  0.52  218.66  5.81
60551.0  23.980  21.190  6.110  16.68  300.41  84.00  962.26  0.51  216.08  6.26
60552.0  23.960  20.080  6.050  15.55  300.38  78.41  962.35  0.00  214.20  6.06
60553.0  24.000  22.010  5.990  17.57  300.43  88.32  962.32  0.20  209.54  6.06
60554.0  23.990  20.910  6.030  16.39  300.42  82.44  962.39  -0.05  207.57  6.51
60555.0  23.920  19.090  5.830  14.60  300.34  73.79  962.39  -0.49  212.49  6.62
60556.0  23.980  18.150  5.830  13.75  300.40  69.23  962.38  -1.00  215.93  6.95
60557.0  24.050  19.100  5.920  14.60  300.46  73.23  962.51  -0.66  210.02  6.95
60558.0  24.050  19.770  6.420  15.24  300.47  76.39  962.43  -0.63  211.61  6.33
60559.0  23.980  18.010  6.210  13.62  300.41  68.57  962.35  -1.07  221.04  6.27
60560.0  23.970  18.890  5.920  14.41  300.39  72.62  962.38  -0.79  223.32  6.92
60561.0  24.070  20.750  6.030  16.22  300.49  81.19  962.51  -0.25  220.92  6.53
60562.0  24.130  19.020  6.050  14.53  300.54  72.50  962.45  -0.12  217.18  5.42
60563.0  24.080  21.530  6.080  17.05  300.50  85.27  962.45  0.20  214.13  5.91
60564.0  24.100  22.210  6.090  17.78  300.50  88.88  962.58  -0.64  207.32  6.33
60565.0  24.080  21.980  6.070  17.53  300.49  87.71  962.53  -1.01  204.42  6.25
60566.0  24.090  20.920  6.260  16.39  300.49  82.01  962.65  -0.58  205.58  6.23
60567.0  24.020  20.970  6.180  16.44  300.42  82.59  962.69  -0.46  207.82  7.00
60568.0  24.040  20.840  6.240  16.31  300.43  81.85  962.69  -0.78  206.84  6.48
60569.0  24.030  21.650  6.240  17.16  300.42  86.13  962.74  -0.50  208.64  7.02
60570.0  24.070  18.710  6.160  14.24  300.45  71.36  962.77  -1.43  210.91  6.59
60571.0  24.110  21.180  6.070  16.66  300.50  83.27  962.78  -1.48  204.69  6.78
60572.0  24.080  20.900  6.110  16.38  300.47  81.98  962.75  -0.94  211.05  6.38
60573.0  24.040  19.670  6.150  15.14  300.42  75.99  962.82  -0.70  212.93  6.52
60574.0  24.090  21.070  6.020  16.54  300.46  82.79  962.93  -0.51  210.67  6.86
60575.0  24.150  18.670  6.100  14.20  300.53  70.77  962.88  -0.66  208.25  6.49
60576.0  24.130  19.870  6.430  15.34  300.52  76.55  962.81  -0.41  207.21  6.10
60577.0  24.100  19.580  6.170  15.06  300.48  75.28  962.87  -0.53  205.03  5.83
60578.0  24.040  19.190  5.980  14.69  300.43  73.71  962.75  -0.41  205.32  5.37
60579.0  23.970  19.670  6.130  15.14  300.36  76.33  962.78  -0.51  209.33  6.00
60580.0  24.050  22.250  6.470  17.82  300.44  89.36  962.76  -0.84  202.17  6.29
60581.0  24.000  19.710  6.700  15.18  300.38  76.35  962.91  -0.97  205.17  6.22
60582.0  23.980  22.480  6.630  18.08  300.36  91.06  962.88  -0.50  212.84  6.36
60583.0  24.040  21.200  6.980  16.69  300.43  83.74  962.78  -0.04  208.25  6.82
60584.0  24.030  21.240  7.080  16.73  300.43  83.98  962.70  0.24  210.60  6.57
60585.0  24.100  18.890  7.110  14.41  300.50  72.06  962.67  1.54  202.84  6.26
60586.0  24.090  22.070  7.290  17.62  300.50  88.14  962.53  1.66  202.24  5.63
60587.0  23.980  23.090  7.330  18.79  300.40  94.58  962.39  0.85  224.05  4.11
60588.0  23.940  22.920  7.430  18.60  300.35  93.89  962.41  1.82  213.61  4.76
60589.0  23.890  22.800  7.540  18.46  300.33  93.42  962.14  0.98  214.16  5.18
60590.0  23.900  22.570  7.580  18.20  300.36  92.02  961.98  0.20  206.89  4.75
60591.0  23.840  21.850  7.560  17.39  300.28  88.30  962.14  -0.59  208.36  4.92
60592.0  23.830  22.450  7.480  18.06  300.27  91.79  962.14  -0.99  208.27  6.05
60593.0  23.850  22.300  6.920  17.89  300.29  90.75  962.16  -0.87  217.43  6.16
60594.0  23.860  19.840  6.530  15.32  300.29  77.72  962.28  -0.79  214.24  6.62
60595.0  23.890  18.790  6.580  14.32  300.31  72.52  962.34  -0.72  213.38  6.68
60596.0  23.910  20.570  6.570  16.04  300.34  81.13  962.30  -0.66  214.53  6.22
60597.0  23.930  21.420  6.550  16.92  300.35  85.46  962.37  -0.81  213.20  6.07
60598.0  23.920  22.670  6.560  18.30  300.33  92.49  962.47  -0.81  209.55  6.40
60599.0  23.890  22.970  6.500  18.64  300.29  94.43  962.53  -0.48  209.10  6.50
60600.0  23.920  22.250  6.340  17.82  300.31  90.11  962.67  -0.68  205.98  6.41
60601.0  23.900  19.420  6.560  14.90  300.30  75.42  962.70  -0.59  207.69  6.56
60602.0  23.980  19.380  6.610  14.87  300.36  74.90  962.84  -0.44  205.02  6.25
60603.0  23.960  21.880  6.370  17.41  300.33  87.84  962.90  -0.38  204.16  6.58
60604.0  23.920  19.280  6.250  14.77  300.29  74.71  962.97  -0.69  207.62  6.57
60605.0  23.950  19.610  6.240  15.08  300.33  76.10  962.89  -0.65  206.42  6.35
60606.0  23.900  22.520  6.300  18.13  300.29  91.75  962.78  -0.69  207.66  6.48
60607.0  23.890  22.480  6.680  18.08  300.28  91.55  962.72  -0.54  208.17  6.75
60608.0  23.890  21.350  6.710  16.84  300.28  85.31  962.69  -0.33  206.80  6.72
60609.0  23.870  22.170  6.600  17.73  300.26  89.92  962.75  -0.51  210.08  6.49
60610.0  23.850  21.740  6.450  17.26  300.24  87.61  962.72  0.17  209.91  6.31
60611.0  23.910  20.810  6.430  16.29  300.31  82.40  962.53  0.55  207.50  6.11
60612.0  23.900  18.930  6.460  14.45  300.33  73.11  962.38  -0.60  205.17  5.66
60613.0  23.840  19.730  6.500  15.21  300.27  77.27  962.27  -0.50  203.71  5.92
60614.0  23.750  20.360  6.420  15.83  300.16  80.84  962.50  -0.08  207.09  6.26
60615.0  23.800  20.560  6.480  16.02  300.21  81.61  962.46  0.02  208.13  6.36
60616.0  23.780  21.950  6.490  17.49  300.18  89.20  962.54  -0.47  209.70  6.75
60617.0  23.760  21.110  6.480  16.60  300.17  84.73  962.52  -0.36  214.36  6.74
60618.0  23.850  19.830  6.530  15.31  300.26  77.72  962.43  -0.58  214.42  6.37
60619.0  23.880  19.490  6.270  14.98  300.29  75.91  962.49  -0.89  212.68  6.69
60620.0  23.900  21.360  6.260  16.86  300.30  85.31  962.61  -1.16  213.99  6.61
60621.0  23.920  22.080  6.630  17.64  300.31  89.17  962.70  -1.21  214.35  6.53
60622.0  23.850  23.300  7.130  19.04  300.25  96.63  962.58  -0.88  220.75  6.53
60623.0  23.970  22.270  7.160  17.85  300.37  89.96  962.61  -0.01  218.93  6.08
60624.0  24.010  19.960  6.610  15.43  300.42  77.52  962.55  -0.44  208.21  6.73
60625.0  24.000  23.900  6.530  19.76  300.41  99.37  962.48  0.89  208.37  6.08
60626.0  23.960  19.550  6.540  15.03  300.37  75.77  962.52  0.04  214.28  5.10
60627.0  23.890  20.690  6.750  16.16  300.31  81.82  962.39  -0.84  218.85  4.64
60628.0  23.930  20.790  6.500  16.26  300.33  82.12  962.65  -0.69  215.37  4.24
60629.0  23.980  21.360  6.190  16.86  300.38  84.90  962.62  -0.22  209.97  4.43
60630.0  23.880  22.330  6.370  17.91  300.28  90.79  962.59  0.33  209.96  5.50
60631.0  23.930  21.240  6.650  16.73  300.32  84.50  962.70  0.22  205.91  6.34
60632.0  23.960  22.860  6.680  18.52  300.36  93.38  962.71  0.25  202.72  5.63
60633.0  23.900  22.190  6.590  17.76  300.30  89.86  962.61  -0.13  203.48  5.06
60634.0  23.870  20.080  6.510  15.55  300.28  78.81  962.51  -0.51  201.51  5.98
60635.0  23.870  23.150  6.470  18.86  300.28  95.61  962.56  -0.76  203.83  6.67
60636.0  23.920  22.460  6.640  18.06  300.31  91.27  962.79  0.46  202.17  5.66
60637.0  23.910  22.240  6.960  17.81  300.31  90.09  962.59  -0.17  205.67  5.50
60638.0  23.890  22.010  7.010  17.56  300.29  88.96  962.50  -0.09  203.59  5.71
60639.0  23.950  20.290  6.930  15.75  300.35  79.46  962.64  -0.17  204.65  5.40
60640.0  23.970  23.160  7.530  18.87  300.36  95.10  962.70  -0.17  208.39  4.62
60641.0  24.010  20.950  7.640  16.43  300.41  82.58  962.70  1.02  209.05  4.67
60642.0  23.980  23.260  7.580  18.99  300.39  95.61  962.49  1.47  212.38  3.69
60643.0  24.040  23.190  7.520  18.91  300.46  94.86  962.42  2.61  198.24  3.99
60644.0  24.040  22.910  7.320  18.58  300.46  93.21  962.29  2.61  199.79  4.80
60645.0  24.020  23.610  7.330  19.41  300.46  97.47  962.24  1.26  206.40  6.83
60646.0  23.960  21.600  7.060  17.12  300.40  86.29  962.12  0.76  210.62  6.75
60647.0  23.990  21.370  6.860  16.88  300.46  84.90  961.90  -0.41  208.31  6.58
60648.0  23.970  19.960  6.530  15.43  300.41  77.73  962.17  -0.91  208.51  6.18
60649.0  23.970  21.430  6.430  16.93  300.39  85.31  962.33  -0.47  208.91  7.28
60650.0  23.960  21.350  6.490  16.85  300.38  84.94  962.45  -0.95  206.76  7.60
60651.0  24.050  20.010  6.360  15.48  300.47  77.62  962.44  -0.50  211.83  6.09
60652.0  24.060  20.280  6.380  15.75  300.46  78.93  962.62  -0.71  214.72  4.79
60653.0  23.980  21.240  6.890  16.73  300.38  84.27  962.63  -0.58  213.47  4.95
60654.0  23.990  22.420  7.330  18.01  300.38  90.67  962.73  -0.95  212.54  4.78
60655.0  23.880  21.690  7.350  17.20  300.26  87.20  962.80  0.43  216.63  4.98
60656.0  23.910  20.980  7.520  16.45  300.27  83.24  963.01  0.90  217.92  5.58
60657.0  23.910  22.390  7.510  17.97  300.29  90.96  962.81  0.65  214.79  5.25
60658.0  23.910  22.240  7.410  17.82  300.31  90.12  962.64  -0.09  211.45  6.01
60659.0  23.960  22.260  7.460  17.83  300.34  89.96  962.79  0.74  207.68  5.95
60660.0  23.900  20.370  7.380  15.84  300.31  80.15  962.60  -0.20  204.22  5.97
60661.0  23.870  22.070  7.310  17.62  300.26  89.35  962.66  0.02  212.08  5.80
60662.0  23.900  22.560  6.900  18.17  300.29  91.99  962.72  -0.02  209.43  5.73
60663.0  23.900  22.670  6.600  18.30  300.30  92.62  962.62  -0.93  204.14  6.93
60664.0  23.910  21.890  6.680  17.43  300.31  88.16  962.63  -0.62  214.84  6.90
60665.0  23.980  19.940  6.580  15.40  300.36  77.60  962.74  -0.73  216.61  6.84
60666.0  24.110  19.280  7.030  14.77  300.50  73.80  962.75  0.15  214.01  6.84
60667.0  24.150  21.520  7.350  17.03  300.55  84.85  962.70  0.64  209.32  6.48
60668.0  24.090  21.180  7.450  16.67  300.50  83.36  962.51  0.24  213.73  6.72
60669.0  24.040  20.630  7.430  16.09  300.45  80.73  962.61  0.02  212.18  7.20
60670.0  24.090  21.140  7.350  16.63  300.49  83.17  962.63  0.17  225.56  5.68
60671.0  24.090  20.380  7.680  15.85  300.49  79.25  962.63  -0.38  218.33  6.64
60672.0  24.140  19.940  7.450  15.41  300.53  76.82  962.82  -0.11  216.09  6.19
60673.0  24.130  22.380  7.450  17.97  300.53  89.65  962.69  -0.34  206.04  6.26
60674.0  24.020  20.440  7.420  15.90  300.42  79.88  962.63  0.21  207.57  7.10
