flight/WP3D/AircraftMis_NP3_20130710_RA.ict
41  1001
Ken Aikin
NOAA ESRL Chemical Sciences Division
various aircraft sensors
SENEX 2013
1  1
2013  07  10  2013  07  12
1
AOCTimewave
8
1  1  1  1  1  1  1  1
-9999  -9999  -9999  -9999  -9999  -9999  -9999  -9999
Attack  deg
CabinPrs  mbar
GndSpd  m/s
Heading  deg
Pitch  deg
Roll  deg
Slip  deg
TrueAirSpd  m/s
1
SPECIAL COMMENTS:NC hog farms  and transit to Tampa.
18
PI_CONTACT_INFO: Address: NOAA ESRL Chemical Sciences Division  Mail Stop R/CSD7  325 Broadway  Boulder  CO 80305
PLATFORM: NOAA WP-3D
LOCATION: The aircraft was stationed in  Smyrna  Tennessee. Aircraft location information in AircraftPosition file.
ASSOCIATED_DATA: N/A
INSTRUMENT_INFO: N/A
DATA_INFO: Units: Attack degrees; CabinPrs millibar; GndSpd m/s; Heading degrees; Pitch degrees; Roll degrees; Slip degrees; TrueAirSpd m/s
UNCERTAINTY: N/A
ULOD_FLAG: -7777
ULOD_VALUE: N/A
LLOD_FLAG: -8888
LLOD_VALUE: N/A
DM_CONTACT_INFO: Data Manager:Ken Aikin; email:Kenneth.C.Aikin@noaa.gov
PROJECT_INFO: SENEX 2013 Study; June 1 - July 15  2013
STIPULATIONS_ON_USE: Use of these data require prior ok from PI.
OTHER_COMMENTS:       None
REVISION: RA
RA: Preliminary Data.  For in-field use.
AOCTimewave  Attack  CabinPrs  GndSpd  Heading  Pitch  Roll  Slip  TrueAirSpd
[from data line 5595]
55630.0  2.1  958.6  120.2  92.9  2.26  -0.81  -0.34  114.5
55631.0  2.3  959.2  120.2  93.1  2.44  -1.22  -0.66  116.4
55632.0  2.1  958.9  120.2  93.3  2.58  -2.07  -1.40  114.9
55633.0  2.5  958.6  120.2  92.9  2.66  -1.61  -1.20  114.2
55634.0  2.8  958.5  120.2  92.5  2.84  -0.60  -0.64  114.0
55635.0  2.6  958.8  120.2  92.6  2.68  -0.34  -0.60  114.3
55636.0  2.4  958.4  120.2  92.7  2.45  -0.41  -0.73  114.4
55637.0  2.4  958.7  120.2  92.9  2.55  -0.53  -0.82  115.3
55638.0  2.4  958.8  120.2  92.9  2.58  -0.57  -0.93  115.0
55639.0  2.6  958.8  120.2  92.9  2.64  -0.65  -0.95  115.3
55640.0  2.2  958.6  120.2  92.9  2.49  -0.79  -0.93  115.3
55641.0  2.0  958.8  120.2  92.9  2.33  -1.12  -1.16  115.3
55642.0  2.5  959.0  120.2  92.6  2.60  -1.20  -0.32  115.0
55643.0  2.4  958.8  120.2  92.8  2.58  -0.57  -0.83  116.1
55644.0  2.0  958.7  120.1  92.9  2.29  0.04  -0.71  116.8
55645.0  2.2  958.8  120.1  93.0  2.43  -0.21  -0.90  116.6
55646.0  2.1  958.8  120.1  93.0  2.47  -0.70  -1.05  116.1
55647.0  2.4  958.8  120.1  92.9  2.51  -0.87  -0.87  116.1
55648.0  2.2  958.6  120.0  92.8  2.42  -0.42  -0.82  117.0
55649.0  2.4  959.1  120.0  92.8  2.43  -0.40  -0.70  116.5
55650.0  1.9  958.8  120.0  92.9  2.20  -0.08  -0.95  116.3
55651.0  2.2  958.4  120.0  92.8  2.38  0.34  -0.80  116.1
55652.0  2.4  958.8  120.0  92.9  2.45  0.78  -0.71  115.6
55653.0  2.3  958.6  119.9  93.1  2.35  0.46  -0.52  115.5
55654.0  2.1  958.4  119.9  93.4  2.28  -0.03  -0.54  115.5
55655.0  2.5  958.7  119.9  93.6  2.51  -0.41  -1.03  115.3
55656.0  2.5  958.8  119.9  93.6  2.48  -0.95  -1.26  115.7
55657.0  2.3  958.4  119.9  93.3  2.29  -0.86  -0.90  118.1
55658.0  2.0  958.6  119.9  93.2  2.27  -0.65  -1.24  117.5
55659.0  1.8  958.7  119.8  92.8  2.18  -0.35  -0.88  116.9
55660.0  2.3  958.7  119.8  92.6  2.48  -0.05  -0.58  115.7
55661.0  2.3  958.6  119.8  92.7  2.45  -0.54  -0.79  115.7
55662.0  2.3  958.8  119.8  92.7  2.39  -0.82  -0.60  115.6
55663.0  2.3  958.9  119.7  92.8  2.47  -0.70  -0.77  115.5
55664.0  2.2  958.8  119.7  92.9  2.42  -0.30  -0.93  116.2
55665.0  2.4  958.4  119.7  92.8  2.44  -0.29  -0.76  116.2
55666.0  2.4  958.3  119.7  92.9  2.39  -0.05  -0.64  115.7
55667.0  2.1  958.3  119.6  93.1  2.25  -0.35  -0.52  116.4
55668.0  1.6  958.6  119.7  93.2  2.23  -0.97  -0.54  115.1
55669.0  2.5  958.4  119.6  93.4  2.66  -1.02  -0.78  115.1
55670.0  2.5  958.6  119.6  93.5  2.72  -1.02  -1.19  115.0
55671.0  2.7  958.3  119.6  93.2  2.63  -1.07  -1.06  115.2
55672.0  2.2  958.4  119.5  93.0  2.43  -0.13  -0.55  115.4
55673.0  2.4  959.1  119.5  93.1  2.39  0.61  -0.83  115.2
55674.0  2.2  958.7  119.5  93.2  2.39  0.44  -0.47  115.0
55675.0  2.3  958.8  119.5  93.5  2.41  -0.02  -0.59  115.3
55676.0  2.4  958.4  119.5  93.7  2.46  -0.55  -0.69  115.1
55677.0  2.2  958.9  119.5  94.0  2.36  -0.99  -0.94  115.9
55678.0  2.5  958.9  119.5  94.0  2.35  -0.54  -1.88  116.5
55679.0  2.2  958.8  119.5  93.4  2.27  0.33  -1.13  116.3
55680.0  2.3  958.8  119.5  93.0  2.15  0.44  -0.75  115.5
55681.0  2.1  959.1  119.5  93.0  1.93  0.38  -0.04  116.2
55682.0  2.1  958.7  119.5  93.4  2.04  0.10  -0.29  116.9
55683.0  1.8  958.8  119.5  93.9  2.03  -0.64  -0.36  115.7
55684.0  1.9  958.9  119.6  94.2  2.25  -1.82  -0.94  114.7
55685.0  2.3  958.7  119.6  94.1  2.59  -2.80  -1.15  114.7
55686.0  2.5  958.9  119.6  93.8  2.59  -2.14  -0.99  115.9
55687.0  2.7  958.8  119.5  93.5  2.70  -1.60  -0.72  116.1
55688.0  2.3  958.9  119.5  93.5  2.44  -1.40  -1.27  116.0
55689.0  2.3  958.3  119.5  93.2  2.27  -0.82  -1.08  115.6
55690.0  2.6  959.2  119.5  92.9  2.35  -1.01  -0.98  115.5
55691.0  2.0  958.7  119.5  92.7  2.23  -0.30  -0.65  115.0
55692.0  2.3  958.6  119.5  92.7  2.35  -0.05  -0.51  114.7
55693.0  2.2  958.5  119.5  92.9  2.46  -0.04  -0.77  115.8
55694.0  2.2  959.1  119.5  93.0  2.53  0.05  -0.44  115.6
55695.0  2.3  958.6  119.4  93.2  2.60  -0.61  -0.47  115.0
55696.0  2.4  958.6  119.4  93.6  2.57  -0.58  -0.88  115.2
55697.0  2.3  959.2  119.4  93.6  2.58  -0.14  -0.94  115.0
55698.0  2.6  958.7  119.3  93.6  2.71  0.12  -1.03  115.5
55699.0  2.5  958.9  119.2  93.6  2.61  -0.09  -0.91  115.9
55700.0  2.2  958.5  119.2  93.7  2.37  -0.18  -1.05  115.8
55701.0  2.1  958.9  119.2  93.6  2.18  0.06  -0.89  115.4
55702.0  2.3  958.4  119.2  93.6  2.39  0.19  -0.97  114.2
55703.0  2.3  958.5  119.2  93.6  2.42  -0.01  -1.23  114.7
55704.0  2.2  958.9  119.2  93.4  2.45  -0.08  -0.66  114.4
55705.0  2.4  958.6  119.2  93.4  2.54  -0.25  -0.56  114.7
55706.0  2.2  958.9  119.2  93.6  2.54  -0.15  -0.21  114.7
55707.0  2.5  958.7  119.2  93.9  2.62  -0.36  -0.47  115.2
55708.0  2.3  958.7  119.1  94.3  2.50  -0.60  -0.97  115.8
55709.0  2.4  959.1  119.1  94.4  2.32  -0.96  -1.23  115.8
55710.0  2.1  958.8  119.1  94.2  2.31  -1.52  -0.72  116.0
55711.0  2.2  958.4  119.1  94.1  2.47  -1.57  -0.95  115.5
55712.0  2.4  958.8  119.1  94.0  2.47  -1.50  -1.07  116.2
55713.0  1.9  958.1  119.0  93.7  2.33  -1.22  -0.16  117.3
55714.0  2.5  958.7  119.0  93.9  2.53  -0.80  -0.82  118.1
55715.0  2.2  958.3  118.9  94.0  2.24  -0.52  -1.08  116.6
55716.0  1.8  958.8  118.9  93.9  1.89  -0.14  -1.79  116.6
55717.0  2.4  958.8  119.0  93.3  2.10  0.18  -1.37  116.3
55718.0  2.1  958.7  119.0  92.9  2.13  0.41  -0.13  115.7
55719.0  2.1  958.4  119.0  93.2  2.07  0.35  -0.23  115.9
55720.0  1.7  958.7  119.0  93.6  2.00  0.33  -0.40  116.0
55721.0  2.8  958.7  119.0  93.9  2.44  -0.78  -0.38  115.4
55722.0  2.1  959.2  119.0  94.2  2.29  -1.34  -0.68  116.0
55723.0  2.1  958.5  119.1  94.4  1.97  -1.15  -1.10  115.9
55724.0  2.3  958.7  119.1  94.3  2.14  -1.16  -0.95  116.6
55725.0  2.1  958.4  119.1  94.1  2.13  -1.37  -0.95  117.0
55726.0  1.9  959.0  119.1  94.0  2.16  -1.59  -0.90  116.2
55727.0  2.4  958.5  119.1  93.8  2.40  -1.17  -0.60  115.7
55728.0  2.5  958.7  119.1  93.9  2.52  -0.70  -0.62  115.1
55729.0  2.1  959.2  119.1  94.1  2.30  -0.19  -0.85  115.5
55730.0  2.6  958.9  119.1  94.1  2.60  -0.54  -0.98  115.5
55731.0  2.4  958.8  119.0  94.2  2.47  -0.88  -0.98  115.7
55732.0  2.2  959.2  119.0  94.1  2.29  -1.42  -1.07  115.9
55733.0  2.5  958.5  119.0  93.9  2.44  -2.26  -1.23  116.6
55734.0  2.6  959.1  119.0  93.5  2.38  -2.16  -1.26  116.2
55735.0  1.5  959.0  119.0  93.0  1.97  -0.33  -0.35  116.1
55736.0  2.2  958.6  119.0  93.1  2.36  1.42  -0.84  116.0
55737.0  2.2  958.6  119.0  93.2  2.48  1.69  -1.03  115.7
55738.0  2.1  958.7  118.9  93.1  2.43  0.79  -0.56  115.5
55739.0  2.5  958.5  118.9  93.3  2.67  -0.35  0.03  115.6
55740.0  2.4  959.1  118.8  93.8  2.64  -0.97  -0.47  115.5
55741.0  2.2  958.5  118.8  94.1  2.45  -0.92  -0.66  115.0
55742.0  2.4  958.6  118.8  94.4  2.45  -0.68  -1.25  115.2
55743.0  2.3  959.2  118.8  94.2  2.40  -0.71  -1.10  115.4
55744.0  2.3  958.8  118.8  94.0  2.44  -0.91  -0.75  115.2
55745.0  2.2  958.7  118.8  94.0  2.51  -0.39  -0.81  115.4
55746.0  2.3  959.0  118.7  94.1  2.51  -0.40  -0.64  115.2
55747.0  2.2  958.8  118.7  94.3  2.48  -1.79  -0.82  115.0
55748.0  2.4  958.9  118.7  94.3  2.53  -2.84  -0.91  114.9
55749.0  2.3  958.9  118.7  94.1  2.54  -3.65  -1.17  114.9
55750.0  2.4  958.6  118.7  93.8  2.54  -4.16  -1.11  115.0
55751.0  2.4  959.1  118.7  93.3  2.60  -4.42  -1.31  115.0
55752.0  2.4  958.7  118.7  92.7  2.59  -4.56  -0.93  115.2
55753.0  2.4  959.0  118.7  92.2  2.66  -4.91  -0.55  115.5
55754.0  2.4  958.3  118.7  92.0  2.72  -4.65  -0.92  115.2
55755.0  2.2  958.7  118.7  91.7  2.65  -4.11  -1.01  115.7
55756.0  2.3  958.4  118.6  91.3  2.58  -4.15  -0.72  115.8
55757.0  2.1  958.6  118.6  91.1  2.62  -4.38  -0.84  114.8
55758.0  2.2  958.5  118.6  90.8  2.64  -3.94  -0.45  114.0
55759.0  2.7  959.1  118.6  90.7  2.83  -3.57  -0.70  114.2
55760.0  2.6  958.7  118.6  90.7  2.75  -3.65  -0.89  114.5
55761.0  2.3  958.7  118.6  90.6  2.50  -3.50  -1.02  115.5
55762.0  2.1  959.0  118.6  90.3  2.41  -4.00  -0.74  114.9
55763.0  2.2  958.8  118.6  90.1  2.53  -4.35  -0.84  114.1
55764.0  2.4  959.1  118.6  89.9  2.66  -3.48  -1.13  114.0
55765.0  2.5  958.3  118.6  89.5  2.61  -3.54  -0.94  114.4
55766.0  2.6  958.8  118.6  89.2  2.76  -4.12  -0.84  113.6
55767.0  2.2  958.7  118.6  89.0  2.52  -3.84  -1.12  113.6
55768.0  2.7  958.8  118.6  88.7  2.66  -2.20  -0.86  113.9
55769.0  2.5  958.8  118.6  88.4  2.52  -0.76  -0.74  114.0
55770.0  2.5  958.9  118.6  88.5  2.32  -0.20  -0.40  114.9
55771.0  2.7  958.7  118.7  88.8  2.37  0.04  -0.57  114.5
55772.0  1.9  958.8  118.7  89.1  2.06  0.18  -1.36  114.1
55773.0  2.1  959.0  118.7  88.8  2.20  -0.06  -1.33  114.2
55774.0  2.7  958.7  118.7  88.4  2.70  0.09  -0.69  114.3
55775.0  2.4  958.9  118.7  88.4  2.54  0.29  -0.45  114.0
55776.0  2.4  959.0  118.7  88.6  2.32  -0.20  -0.44  113.9
55777.0  2.3  958.7  118.8  88.9  2.30  -0.46  -0.70  113.6
55778.0  2.4  959.3  118.8  89.0  2.46  -0.36  -1.06  114.0
55779.0  2.5  958.4  118.8  88.9  2.56  -0.20  -0.44  113.9
55780.0  2.5  958.9  118.8  89.2  2.66  0.92  -0.12  113.2
55781.0  2.5  958.9  118.8  89.8  2.56  2.40  -0.92  113.5
55782.0  2.6  958.8  118.8  90.2  2.61  2.85  -0.98  113.5
55783.0  2.7  959.2  118.7  90.4  2.66  2.39  -0.88  114.3
55784.0  2.2  959.0  118.7  90.6  2.51  1.60  -1.15  114.5
55785.0  2.6  958.6  118.6  90.7  2.68  1.01  -1.01  116.3
55786.0  2.5  959.0  118.6  90.7  2.60  0.14  -1.00  116.6
55787.0  2.2  959.1  118.6  90.7  2.27  -0.38  -0.99  115.3
55788.0  1.7  958.9  118.6  90.7  2.06  0.07  -1.15  114.5
55789.0  2.3  958.9  118.6  90.4  2.55  -0.48  -0.72  114.9
55790.0  2.7  958.6  118.5  90.3  2.74  -0.56  -0.41  114.7
55791.0  2.2  958.6  118.5  90.6  2.40  -0.05  -0.14  114.9
55792.0  2.2  958.7  118.5  91.1  2.36  -0.04  -0.73  115.1
55793.0  2.2  959.0  118.5  91.3  2.39  -0.59  -1.45  115.7
55794.0  2.8  958.6  118.5  91.0  2.46  -1.07  -1.56  115.5
55795.0  2.2  958.8  118.5  90.4  2.17  -0.59  -1.06  115.0
55796.0  2.1  958.5  118.6  90.1  2.01  -0.37  0.13  114.6
55797.0  2.1  958.9  118.6  90.4  2.19  -0.18  -0.14  115.2
55798.0  2.5  958.4  118.6  90.9  2.36  -0.13  -0.98  115.5
55799.0  2.2  958.7  118.6  91.0  2.24  -0.15  -1.09  116.3
55800.0  2.1  958.8  118.6  90.9  2.20  0.16  -1.01  117.2
55801.0  2.0  958.9  118.6  90.8  2.17  0.25  -0.76  117.0
55802.0  2.1  958.7  118.5  90.8  2.28  0.27  -0.73  117.3
55803.0  2.4  958.7  118.5  91.0  2.19  0.21  -0.65  116.1
55804.0  2.3  958.8  118.6  91.2  2.09  -0.51  -0.57  115.7
55805.0  2.1  958.7  118.6  91.4  1.98  -1.16  -0.93  116.0
55806.0  2.3  958.8  118.7  91.3  1.99  -1.00  -1.55  115.5
55807.0  2.5  958.8  118.7  90.7  2.00  -0.60  -0.87  115.3
55808.0  1.9  958.8  118.8  90.6  1.92  -1.10  0.39  114.4
55809.0  2.3  958.9  118.9  91.1  2.13  -1.81  -1.24  114.5
55810.0  2.7  958.5  118.9  91.1  2.24  -1.62  -1.37  115.1
55811.0  1.9  959.2  119.0  90.6  1.96  -0.75  -0.96  116.2
55812.0  2.0  958.5  119.0  90.3  2.16  -0.41  -0.36  116.5
55813.0  2.3  958.8  119.0  90.5  2.43  -0.90  -0.97  115.5
55814.0  2.0  958.6  119.0  90.3  2.36  -0.33  -0.55  115.1
55815.0  2.5  959.0  119.0  90.4  2.68  -0.54  -0.07  114.5
55816.0  2.8  959.2  118.9  90.8  2.86  -0.50  -0.14  114.4
55817.0  2.5  959.0  118.9  91.4  2.70  -0.66  -0.84  114.4
55818.0  2.5  959.3  118.9  91.5  2.55  -1.18  -1.14  114.3
55819.0  2.5  958.8  118.9  91.4  2.59  -1.19  -0.96  114.5
55820.0  2.3  959.3  118.9  91.3  2.58  -0.81  -0.95  114.7
55821.0  2.3  959.0  118.8  91.2  2.59  0.19  -0.97  115.3
55822.0  3.0  959.0  118.8  91.2  2.69  0.81  -1.07  115.1
55823.0  1.7  959.0  118.8  91.2  2.33  0.38  -0.66  114.6
55824.0  2.0  959.5  118.7  91.3  2.53  -0.62  -1.05  114.8
55825.0  2.6  959.0  118.7  91.2  2.86  -0.49  -1.30  113.9
55826.0  2.5  959.2  118.7  90.9  2.81  0.41  -0.85  113.7
55827.0  2.5  959.0  118.6  90.9  2.72  0.18  -0.19  115.1
55828.0  2.7  959.1  118.5  91.3  2.88  -0.41  -1.02  115.4
55829.0  2.0  958.8  118.5  91.3  2.48  -0.82  -1.42  115.3
55830.0  2.3  959.1  118.5  90.9  2.55  -0.40  -0.70  114.9
55831.0  2.3  958.9  118.4  90.9  2.68  -1.30  -0.80  114.8
55832.0  2.1  958.9  118.4  90.9  2.52  -2.17  -0.57  114.7
55833.0  2.5  958.7  118.4  90.9  2.62  -2.38  -0.50  114.7
55834.0  2.3  958.7  118.4  91.0  2.61  -2.14  -0.71  114.9
55835.0  2.3  959.0  118.4  91.0  2.52  -1.43  -0.73  114.9
55836.0  2.3  958.8  118.3  91.1  2.52  -1.09  -0.98  114.5
55837.0  2.5  959.0  118.3  91.0  2.60  -0.61  -0.88  114.4
55838.0  2.5  958.9  118.3  91.0  2.60  -0.36  -0.87  114.1
55839.0  2.4  958.7  118.3  91.0  2.52  -0.38  -0.68  114.5
55840.0  2.3  959.0  118.3  91.1  2.45  -0.27  -0.91  115.3
55841.0  2.4  958.8  118.3  91.2  2.52  0.16  -0.97  115.4
55842.0  2.3  958.8  118.3  91.2  2.50  0.27  -0.87  115.3
55843.0  2.4  958.9  118.2  91.3  2.49  -0.40  -1.01  115.0
55844.0  2.3  958.5  118.2  91.2  2.49  -0.73  -0.91  114.7
55845.0  2.2  959.1  118.2  91.2  2.44  -0.69  -0.77  115.2
55846.0  2.3  958.6  118.2  91.3  2.50  -0.53  -0.65  115.3
55847.0  2.5  958.8  118.1  91.5  2.55  -0.33  -1.05  115.7
55848.0  1.9  958.9  118.1  91.4  2.29  -0.62  -0.66  115.6
55849.0  2.3  959.1  118.1  91.5  2.54  -0.85  -0.97  116.2
55850.0  2.4  958.6  118.1  91.5  2.49  -0.73  -1.36  115.8
55851.0  2.3  958.5  118.0  91.1  2.35  0.04  -1.10  116.4
55852.0  2.3  959.1  118.0  90.9  2.21  0.24  -0.80  116.4
55853.0  2.3  958.9  118.0  90.9  2.13  -0.21  -1.08  115.8
55854.0  2.0  959.3  118.1  90.7  1.78  -0.15  -1.10  115.9
55855.0  2.3  958.9  118.2  90.4  1.89  0.55  -0.81  115.0
55856.0  2.0  958.8  118.2  90.3  1.93  1.47  -0.49  114.3
55857.0  2.4  958.7  118.3  90.6  2.08  2.73  -0.10  115.0
55858.0  2.5  958.3  118.3  91.4  2.23  3.99  0.33  113.6
55859.0  1.8  958.8  118.3  92.5  1.96  4.14  -0.56  113.6
55860.0  2.4  958.9  118.4  93.2  2.15  3.36  -1.19  114.2
55861.0  2.6  958.6  118.4  93.4  2.32  2.74  -0.84  114.0
55862.0  2.5  959.2  118.4  93.6  2.39  1.44  -0.38  114.4
55863.0  2.9  959.0  118.4  94.2  2.40  0.57  -1.06  115.0
55864.0  2.5  958.7  118.5  94.2  2.12  -0.32  -1.78  114.7
55865.0  2.1  959.0  118.6  93.6  1.91  -1.41  -1.33  114.0
55866.0  1.9  959.1  118.6  93.0  1.96  -1.00  -0.58  115.2
55867.0  2.5  958.7  118.7  92.9  2.36  -0.35  -0.42  115.1
55868.0  2.3  958.5  118.7  93.1  2.32  -0.65  -0.49  115.2
55869.0  2.6  959.2  118.7  93.4  2.34  -0.84  -0.85  115.3
55870.0  2.1  959.2  118.7  93.4  2.16  -1.11  -0.72  114.5
55871.0  2.0  959.2  118.7  93.4  2.23  -0.69  -0.64  115.1
55872.0  2.6  959.1  118.8  93.6  2.57  0.20  -0.20  114.1
55873.0  2.4  959.0  118.7  94.1  2.55  0.49  -0.44  114.5
55874.0  2.9  958.9  118.7  94.5  2.68  -0.68  -1.45  115.4
55875.0  2.2  959.3  118.7  94.3  2.37  -1.53  -1.86  114.3
55876.0  2.0  959.1  118.7  93.6  2.21  -1.25  -1.22  114.6
55877.0  2.4  958.8  118.7  93.1  2.61  -0.70  -0.55  114.6
55878.0  2.6  958.9  118.7  93.2  2.75  -0.47  -0.52  113.9
55879.0  2.1  958.8  118.7  93.4  2.55  -0.84  -0.78  114.3
55880.0  2.5  959.2  118.6  93.4  2.68  -0.64  -0.89  114.4
55881.0  2.5  959.0  118.6  93.4  2.75  -0.45  -0.85  114.8
55882.0  2.0  958.7  118.5  93.3  2.63  -0.49  -0.71  114.6
55883.0  2.9  959.0  118.5  93.4  3.03  -0.42  -0.43  114.3
55884.0  2.3  959.4  118.4  93.7  2.73  -0.12  -0.88  114.2
55885.0  2.3  959.0  118.4  93.8  2.55  -0.27  -1.25  114.6
55886.0  2.3  958.8  118.4  93.6  2.71  -0.76  -0.76  115.4
55887.0  2.3  959.1  118.3  93.6  2.71  -0.83  -0.80  114.8
55888.0  2.6  958.7  118.3  93.6  2.69  -0.45  -0.66  114.5
55889.0  2.5  958.9  118.3  93.7  2.72  -0.34  -0.53  114.1
55890.0  2.2  959.2  118.2  94.0  2.57  -0.86  -0.97  113.8
55891.0  2.5  958.9  118.3  93.9  2.57  -1.32  -0.88  113.6
55892.0  2.4  959.0  118.2  93.8  2.60  -2.10  -0.63  113.7
55893.0  2.3  959.0  118.3  93.8  2.52  -2.14  -1.10  113.8
55894.0  2.5  959.0  118.3  93.6  2.54  -0.85  -0.48  114.5
55895.0  2.3  959.1  118.2  93.7  2.58  -0.82  -0.45  114.5
