flight/WP3D/AircraftMet_NP3_20130611_RA.ict
43  1001
Ken Aikin
NOAA ESRL Chemical Sciences Division
various aircraft sensors
SENEX 2013
1  1
2013  06  11  2013  06  11
1
AOCTimewave
10
1  1  1  1  1  1  1  1  1  1
-9999  -9999  -9999  -9999  -9999  -9999  -9999  -9999  -9999  -9999
AmbTemp  C
DewPtTemp  C
DewPtTempTDL  C
H2Omr  g/kg
PotTemp  K
RelHumidity  pct
StaticPrs  mbar
VertWindSpd  m/s
WindDir  deg
WindSpd  m/s
1
SPECIAL COMMENTS:Birmingham power plants flight.
18
PI_CONTACT_INFO: Address: NOAA ESRL Chemical Sciences Division  Mail Stop R/CSD7  325 Broadway  Boulder  CO 80305
PLATFORM: NOAA WP-3D
LOCATION: The aircraft was stationed in  Smyrna  Tennessee. Aircraft location information in AircraftPosition file.
ASSOCIATED_DATA: N/A
INSTRUMENT_INFO: N/A
DATA_INFO: Units:AmbTemp celcius; DewPtTemp celcius; DewPtTempTDL celcius; H2Omr g/kg; PotTemp kelvin; RelHumidity percent; StaticPrs millibar; VertWindSpd m/s; WindDir degrees; WindSpd m/s
UNCERTAINTY: N/A
ULOD_FLAG: -7777
ULOD_VALUE: N/A
LLOD_FLAG: -8888
LLOD_VALUE: N/A
DM_CONTACT_INFO: Data Manager:Ken Aikin; email:Kenneth.C.Aikin@noaa.gov
PROJECT_INFO: SENEX 2013 Study; June 1 - July 15  2013
STIPULATIONS_ON_USE: Use of these data require prior ok from PI.
OTHER_COMMENTS:       None
REVISION: RA
RA: Preliminary Data.  For in-field use.
AOCTimewave  AmbTemp  DewPtTemp  DewPtTempTDL  H2Omr  PotTemp  RelHumidity  StaticPrs  VertWindSpd  WindDir  WindSpd
[from data line 9987]
69367.0  26.510  21.090  -24.640  16.80  304.11  71.39  949.64  -0.45  248.08  4.47
69368.0  26.550  21.100  -24.640  16.81  304.12  71.27  949.89  -0.26  253.04  3.52
69369.0  26.580  21.050  -24.640  16.76  304.14  70.94  950.05  -0.18  254.46  3.59
69370.0  26.560  21.040  -24.640  16.74  304.10  70.99  950.23  -0.14  246.41  4.42
69371.0  26.610  20.970  -24.640  16.66  304.13  70.43  950.53  -0.04  246.28  4.47
69372.0  26.680  20.970  -24.640  16.66  304.18  70.13  950.70  -0.36  246.01  4.67
69373.0  26.780  20.860  -24.640  16.54  304.27  69.24  950.87  -0.77  255.73  5.75
69374.0  26.840  20.810  -24.640  16.48  304.32  68.73  951.05  -0.36  261.34  5.79
69375.0  26.910  20.720  -24.640  16.39  304.41  68.03  950.86  -0.37  265.11  5.63
69376.0  26.900  20.650  -24.640  16.33  304.42  67.82  950.58  -0.21  264.31  5.57
69377.0  26.800  20.530  -24.640  16.21  304.33  67.71  950.44  -0.14  265.42  5.63
69378.0  26.750  20.430  -24.640  16.11  304.29  67.49  950.34  -0.48  265.15  5.78
69379.0  26.760  20.450  -24.640  16.13  304.32  67.52  950.15  -0.77  262.85  5.77
69380.0  26.750  20.380  -24.640  16.06  304.30  67.28  950.26  0.08  258.87  4.84
69381.0  26.800  20.330  -24.640  16.01  304.36  66.88  950.08  0.63  260.92  4.24
69382.0  26.700  20.250  -24.640  15.92  304.27  66.90  950.04  -0.43  252.69  4.83
69383.0  26.620  20.230  -24.640  15.90  304.18  67.17  950.10  -0.65  255.86  4.29
69384.0  26.590  20.250  -24.640  15.93  304.15  67.39  950.05  -0.40  254.37  4.96
69385.0  26.530  20.260  -24.640  15.93  304.08  67.66  950.14  -0.57  243.03  4.17
69386.0  26.640  20.290  -24.640  15.96  304.17  67.30  950.44  -0.35  241.64  3.64
69387.0  26.640  20.290  -24.640  15.96  304.16  67.32  950.65  -0.02  246.50  3.97
69388.0  26.640  20.310  -24.640  15.98  304.16  67.44  950.59  -0.49  257.13  4.41
69389.0  26.650  20.370  -24.640  16.04  304.16  67.63  950.61  -1.15  257.49  4.27
69390.0  26.590  20.390  -24.640  16.05  304.09  67.95  950.82  -1.14  252.53  3.69
69391.0  26.640  20.470  -24.640  16.14  304.12  68.14  950.94  -0.79  259.12  4.04
69392.0  26.630  20.480  -24.640  16.15  304.12  68.23  950.87  -0.54  259.33  4.40
69393.0  26.590  20.590  -24.640  16.26  304.08  68.86  950.88  -0.28  255.75  3.55
69394.0  26.650  20.650  -24.640  16.32  304.13  68.83  951.00  0.15  260.58  3.89
69395.0  26.670  20.680  -24.640  16.35  304.14  68.90  951.04  0.10  272.07  3.96
69396.0  26.640  20.700  -24.640  16.37  304.11  69.11  951.05  0.18  276.53  3.60
69397.0  26.620  20.790  -24.640  16.46  304.09  69.58  951.13  0.15  281.68  3.46
69398.0  26.630  20.840  -24.640  16.51  304.08  69.75  951.27  -0.05  278.97  3.94
69399.0  26.630  20.890  -24.640  16.57  304.09  69.99  951.22  -0.46  278.60  4.02
69400.0  26.600  20.880  -24.640  16.56  304.05  70.08  951.28  -0.46  272.69  4.02
69401.0  26.720  20.880  -24.640  16.55  304.19  69.53  951.17  0.15  283.67  4.03
69402.0  26.600  20.900  -24.640  16.58  304.07  70.15  951.14  0.18  277.87  4.34
69403.0  26.680  20.930  -24.640  16.60  304.15  69.92  951.15  0.06  276.51  4.72
69404.0  26.630  20.930  -24.640  16.61  304.10  70.18  951.06  -0.55  276.82  5.39
69405.0  26.800  20.920  -24.640  16.60  304.27  69.42  951.06  -0.67  278.47  5.03
69406.0  26.790  20.850  -24.640  16.53  304.27  69.12  950.95  -0.54  281.26  4.40
69407.0  26.750  20.750  -24.640  16.42  304.23  68.86  950.95  -0.83  275.32  4.42
69408.0  26.830  20.740  -24.640  16.41  304.32  68.47  950.97  -1.24  283.16  4.95
69409.0  26.820  20.720  -24.640  16.39  304.30  68.45  951.02  -0.33  289.42  4.01
69410.0  26.770  20.670  -24.640  16.34  304.23  68.47  951.19  1.99  280.70  4.53
69411.0  26.900  20.610  -24.640  16.27  304.39  67.62  950.91  1.14  283.33  4.57
69412.0  26.730  20.550  -24.640  16.23  304.24  68.09  950.64  0.12  269.84  6.45
69413.0  26.830  20.520  -24.640  16.20  304.36  67.54  950.54  -0.26  267.59  6.25
69414.0  26.890  20.480  -24.640  16.15  304.40  67.13  950.69  -0.74  271.60  6.15
69415.0  26.870  20.380  -24.640  16.05  304.39  66.80  950.58  -0.36  264.23  5.99
69416.0  26.870  20.240  -24.640  15.91  304.40  66.17  950.57  -0.43  263.48  5.73
69417.0  26.950  20.140  -24.640  15.80  304.46  65.45  950.69  -0.59  273.44  5.70
69418.0  26.970  20.040  -24.640  15.70  304.49  64.93  950.66  -0.47  288.80  4.98
69419.0  26.700  19.960  -24.640  15.63  304.20  65.70  950.74  -1.15  274.56  3.82
69420.0  26.790  19.940  -24.640  15.60  304.29  65.26  950.80  -0.94  266.70  3.71
69421.0  26.760  19.940  -24.640  15.60  304.27  65.36  950.73  -1.28  268.76  4.01
69422.0  26.840  19.980  -24.640  15.64  304.34  65.23  950.81  -1.66  280.20  3.74
69423.0  26.870  20.030  -24.640  15.69  304.36  65.30  950.92  0.12  295.63  4.47
69424.0  26.860  20.030  -24.640  15.69  304.36  65.34  950.89  0.22  295.54  4.07
69425.0  26.730  19.980  -24.640  15.65  304.24  65.67  950.69  -1.07  282.05  4.69
69426.0  26.790  20.040  -24.640  15.71  304.31  65.68  950.61  -1.38  285.74  3.81
69427.0  26.780  20.080  -24.640  15.74  304.28  65.87  950.78  -1.25  284.38  3.87
69428.0  26.760  20.090  -24.640  15.75  304.24  65.98  951.04  -0.08  283.54  4.90
69429.0  26.720  20.040  -24.640  15.70  304.21  65.96  950.91  0.66  283.86  3.94
69430.0  26.770  20.110  -24.640  15.77  304.27  66.01  950.82  1.77  285.97  2.82
69431.0  26.820  20.140  -24.640  15.80  304.35  65.97  950.48  0.08  312.05  4.33
69432.0  26.580  20.300  -24.640  15.97  304.12  67.62  950.29  -1.39  275.19  3.97
69433.0  26.590  20.450  -24.640  16.12  304.10  68.21  950.68  -0.34  264.77  3.08
69434.0  26.560  20.470  -24.640  16.14  304.08  68.45  950.56  -0.17  251.48  4.38
69435.0  26.480  20.520  -24.640  16.20  304.01  69.01  950.33  -0.60  244.21  3.94
69436.0  26.600  20.570  -24.640  16.25  304.14  68.72  950.34  -0.61  250.40  4.43
69437.0  26.600  20.530  -24.640  16.21  304.14  68.52  950.34  -0.73  259.52  4.20
69438.0  26.580  20.550  -24.640  16.23  304.12  68.70  950.23  -0.91  266.19  4.54
69439.0  26.560  20.570  -24.640  16.25  304.10  68.86  950.32  -1.03  265.80  4.10
69440.0  26.680  20.610  -24.640  16.29  304.23  68.55  950.33  -1.20  271.54  4.24
69441.0  26.630  20.690  -24.640  16.37  304.15  69.12  950.52  -1.75  274.54  4.40
69442.0  26.620  20.650  -24.640  16.33  304.13  68.98  950.65  -1.65  269.30  4.66
69443.0  26.800  20.670  -24.640  16.34  304.29  68.29  950.92  -1.10  274.75  5.18
69444.0  26.800  20.720  -24.640  16.40  304.31  68.56  950.66  -1.59  261.81  4.26
69445.0  26.800  20.730  -24.640  16.40  304.30  68.55  950.77  0.05  253.19  3.51
69446.0  26.810  20.620  -24.640  16.29  304.30  68.05  950.88  1.48  257.45  4.61
69447.0  26.970  20.560  -24.640  16.23  304.48  67.15  950.72  1.26  279.08  5.41
69448.0  26.810  20.480  -24.640  16.16  304.34  67.46  950.50  1.76  277.16  4.76
69449.0  26.760  20.450  -24.640  16.13  304.31  67.55  950.25  1.20  254.43  4.84
69450.0  26.610  20.450  -24.640  16.13  304.16  68.14  950.24  1.57  248.06  3.74
69451.0  26.730  20.490  -24.640  16.17  304.28  67.83  950.22  0.79  255.07  3.05
69452.0  26.700  20.500  -24.640  16.18  304.27  67.97  950.02  0.44  264.32  3.80
69453.0  26.690  20.580  -24.640  16.26  304.24  68.38  950.21  0.86  269.62  2.48
69454.0  26.650  20.560  -24.640  16.24  304.22  68.45  950.05  -0.32  262.87  3.03
69455.0  26.700  20.530  -24.640  16.21  304.26  68.13  950.13  -0.54  266.89  3.66
69456.0  26.770  20.480  -24.640  16.16  304.33  67.62  950.19  -0.54  274.62  3.99
69457.0  26.810  20.440  -24.640  16.12  304.36  67.30  950.20  -0.77  270.30  4.65
69458.0  26.740  20.410  -24.640  16.09  304.28  67.44  950.38  -0.38  265.35  3.38
69459.0  26.690  20.270  -24.640  15.94  304.21  67.07  950.55  -0.52  264.88  3.89
69460.0  26.630  20.210  -24.640  15.88  304.13  67.05  950.79  -0.33  266.20  4.54
69461.0  26.730  20.270  -24.640  15.94  304.21  66.92  950.97  1.00  273.35  4.60
69462.0  26.710  20.390  -24.640  16.06  304.22  67.51  950.63  1.63  270.11  4.27
69463.0  26.650  20.490  -24.640  16.16  304.18  68.14  950.50  0.13  261.54  4.81
69464.0  26.770  20.540  -24.640  16.22  304.29  67.89  950.50  -1.00  255.79  3.60
69465.0  26.730  20.540  -24.640  16.21  304.23  68.05  950.72  0.39  261.09  3.27
69466.0  26.880  20.560  -24.640  16.24  304.39  67.53  950.65  -0.82  285.76  4.07
69467.0  26.720  20.590  -24.640  16.27  304.23  68.30  950.64  -1.79  274.25  4.48
69468.0  26.640  20.550  -24.640  16.22  304.14  68.48  950.75  -2.05  266.84  4.63
69469.0  26.670  20.480  -24.640  16.15  304.16  68.05  950.89  -1.22  270.77  4.47
69470.0  26.690  20.450  -24.640  16.12  304.18  67.81  950.96  -0.71  278.98  4.81
69471.0  26.570  20.450  -24.640  16.11  304.05  68.30  950.97  -0.50  268.76  5.07
69472.0  26.710  20.450  -24.640  16.11  304.20  67.72  950.94  -0.59  263.94  4.20
69473.0  26.810  20.430  -24.640  16.09  304.29  67.24  950.96  -0.95  267.20  2.80
69474.0  26.880  20.420  -24.640  16.09  304.37  66.92  950.92  -0.42  277.52  3.14
69475.0  26.770  20.460  -24.640  16.13  304.26  67.56  950.86  -0.51  270.40  3.99
69476.0  26.670  20.440  -24.640  16.11  304.16  67.86  950.91  -0.83  267.55  3.70
69477.0  26.710  20.400  -24.640  16.06  304.18  67.51  951.11  -0.72  269.70  3.35
69478.0  26.780  20.410  -24.640  16.08  304.26  67.28  951.03  -0.02  289.17  2.36
69479.0  26.720  20.420  -24.640  16.08  304.21  67.54  950.92  -0.34  275.62  3.39
69480.0  26.630  20.310  -24.640  15.98  304.11  67.48  950.92  0.31  270.90  4.41
69481.0  26.660  20.280  -24.640  15.95  304.16  67.21  950.75  0.47  245.88  3.65
69482.0  26.720  20.320  -24.640  15.99  304.24  67.11  950.64  0.14  250.20  4.14
69483.0  26.740  20.280  -24.640  15.95  304.26  66.88  950.62  -0.26  261.01  5.50
69484.0  26.810  20.210  -24.640  15.88  304.34  66.30  950.55  -0.11  265.11  3.70
69485.0  26.800  20.250  -24.640  15.92  304.34  66.50  950.45  -0.65  274.10  4.03
69486.0  26.820  20.270  -24.640  15.94  304.35  66.54  950.47  -0.86  272.60  4.68
69487.0  26.830  20.200  -24.640  15.87  304.34  66.21  950.64  0.63  283.27  3.86
69488.0  26.810  20.220  -24.640  15.89  304.34  66.36  950.44  0.42  275.03  4.93
69489.0  26.790  20.250  -24.640  15.92  304.33  66.55  950.33  -0.53  276.66  5.09
69490.0  26.910  20.280  -24.640  15.95  304.46  66.17  950.37  0.39  299.14  4.98
69491.0  26.620  20.280  -24.640  15.96  304.16  67.41  950.34  0.76  267.23  3.81
69492.0  26.760  20.350  -24.640  16.02  304.31  67.07  950.25  0.81  269.35  3.09
69493.0  26.730  20.350  -24.640  16.03  304.28  67.23  950.26  1.37  255.24  2.41
69494.0  26.790  20.330  -24.640  16.00  304.32  66.89  950.41  1.00  257.67  3.62
69495.0  26.720  20.300  -24.640  15.98  304.26  67.06  950.38  0.48  261.10  6.67
69496.0  26.800  20.350  -24.640  16.03  304.35  66.93  950.29  -0.40  263.71  6.94
69497.0  26.870  20.340  -24.640  16.02  304.42  66.60  950.28  0.20  267.26  4.77
69498.0  26.820  20.230  -24.640  15.90  304.35  66.37  950.38  2.02  262.30  4.37
69499.0  26.720  20.200  -24.640  15.87  304.27  66.62  950.17  1.16  248.56  4.27
69500.0  26.760  20.210  -24.640  15.88  304.32  66.49  950.11  0.51  249.69  3.74
69501.0  26.790  20.200  -24.640  15.87  304.33  66.35  950.29  0.49  261.31  4.20
69502.0  26.760  20.150  -24.640  15.83  304.30  66.27  950.36  0.14  262.84  5.42
69503.0  26.790  20.180  -24.640  15.85  304.32  66.26  950.48  -0.40  259.67  4.63
69504.0  26.810  20.170  -24.640  15.83  304.33  66.11  950.63  -0.41  260.18  5.00
69505.0  26.800  20.120  -24.640  15.78  304.32  65.95  950.66  -0.10  257.41  4.43
69506.0  26.790  20.020  -24.640  15.69  304.31  65.62  950.60  0.18  258.29  4.60
69507.0  26.790  20.060  -24.640  15.73  304.29  65.78  950.71  0.42  258.40  4.96
69508.0  26.910  20.020  -24.640  15.68  304.42  65.11  950.70  -0.50  271.43  5.10
69509.0  26.900  19.950  -24.640  15.61  304.41  64.83  950.71  -0.22  277.28  4.79
69510.0  26.840  19.860  -24.640  15.52  304.33  64.71  950.95  -0.44  270.55  4.42
69511.0  26.850  19.800  -24.640  15.47  304.33  64.47  951.03  -0.08  269.94  4.27
69512.0  26.880  19.710  -24.640  15.37  304.37  63.95  950.89  -0.64  266.43  5.02
69513.0  26.880  19.680  -24.640  15.34  304.37  63.82  950.90  -0.66  268.72  4.40
69514.0  26.900  19.680  -24.640  15.34  304.39  63.74  950.88  -0.62  265.96  4.52
69515.0  26.960  19.630  -24.640  15.30  304.44  63.34  950.98  -1.34  269.77  5.41
69516.0  27.020  19.580  -24.640  15.25  304.51  62.89  951.01  -1.55  276.11  5.78
69517.0  27.000  19.530  -24.640  15.20  304.49  62.76  951.02  -0.54  274.40  4.95
69518.0  26.970  19.460  -24.640  15.13  304.45  62.59  951.13  0.72  267.65  3.86
69519.0  26.880  19.370  -24.640  15.04  304.37  62.58  950.88  1.63  263.57  4.26
69520.0  26.960  19.330  -24.640  15.01  304.47  62.11  950.77  1.51  275.26  4.04
69521.0  26.840  19.440  -24.640  15.12  304.37  62.99  950.53  1.75  267.22  4.67
69522.0  26.760  19.610  -24.640  15.29  304.31  64.00  950.34  1.45  265.20  4.07
69523.0  26.880  19.700  -24.640  15.37  304.43  63.92  950.26  1.28  275.30  4.20
69524.0  26.820  19.720  -24.640  15.40  304.38  64.24  950.12  0.30  274.30  5.36
69525.0  26.720  19.750  -24.640  15.43  304.27  64.76  950.24  -0.16  268.28  5.15
69526.0  26.750  19.780  -24.640  15.45  304.29  64.77  950.25  -0.63  261.68  3.66
69527.0  26.900  19.820  -24.640  15.49  304.44  64.32  950.40  -0.59  270.84  4.83
69528.0  26.820  19.840  -24.640  15.51  304.34  64.75  950.55  -2.05  256.89  4.23
69529.0  26.890  19.820  -24.640  15.49  304.41  64.37  950.65  -1.89  258.26  4.52
69530.0  26.920  19.800  -24.640  15.47  304.43  64.17  950.75  -1.91  265.87  4.10
69531.0  26.860  19.820  -24.640  15.49  304.36  64.47  950.82  0.07  263.45  3.91
69532.0  26.970  19.890  -24.640  15.55  304.45  64.35  951.05  1.97  281.94  4.46
69533.0  26.860  19.980  -24.640  15.65  304.37  65.13  950.70  1.47  270.13  3.39
69534.0  26.640  20.100  -24.640  15.77  304.15  66.54  950.64  0.56  253.81  5.03
69535.0  26.660  20.250  -24.640  15.92  304.19  67.07  950.52  -0.70  242.20  4.27
69536.0  26.680  20.280  -24.640  15.95  304.19  67.11  950.68  -0.96  252.32  4.80
69537.0  26.680  20.210  -24.640  15.88  304.21  66.84  950.50  -1.33  258.24  4.52
69538.0  26.660  20.130  -24.640  15.80  304.17  66.58  950.69  -0.27  259.42  4.52
69539.0  26.700  20.060  -24.640  15.72  304.20  66.11  950.70  -0.38  259.56  4.37
69540.0  26.740  20.060  -24.640  15.72  304.25  65.94  950.71  -0.13  269.17  4.12
69541.0  26.740  20.090  -24.640  15.75  304.24  66.09  950.73  -0.50  271.90  5.26
69542.0  26.750  20.110  -24.640  15.77  304.25  66.11  950.79  -0.56  274.51  5.40
69543.0  26.750  20.130  -24.640  15.80  304.25  66.24  950.75  -0.54  265.59  4.69
69544.0  26.750  20.120  -24.640  15.78  304.25  66.15  950.82  -1.12  262.76  4.78
69545.0  26.780  20.180  -24.640  15.84  304.26  66.31  951.01  -0.77  261.48  4.39
69546.0  26.790  20.230  -24.640  15.89  304.28  66.46  950.92  -0.69  258.92  4.38
69547.0  26.850  20.220  -24.640  15.88  304.33  66.18  951.00  -0.27  273.41  4.26
69548.0  26.880  20.200  -24.640  15.86  304.36  65.99  950.94  0.88  286.18  3.05
69549.0  26.920  20.110  -24.640  15.77  304.40  65.43  951.02  2.50  296.58  2.49
69550.0  26.860  20.050  -24.640  15.71  304.37  65.42  950.78  1.32  267.08  3.38
69551.0  26.690  20.070  -24.640  15.73  304.20  66.20  950.60  0.50  257.55  4.94
69552.0  26.800  20.070  -24.640  15.74  304.33  65.74  950.50  0.61  260.37  4.76
69553.0  26.740  20.050  -24.640  15.72  304.28  65.90  950.35  0.83  250.88  5.39
69554.0  26.720  20.040  -24.640  15.71  304.27  65.93  950.27  1.00  250.32  5.48
69555.0  26.800  20.040  -24.640  15.71  304.35  65.61  950.22  0.21  243.70  4.43
69556.0  26.760  19.970  -24.640  15.64  304.31  65.47  950.28  1.20  240.52  4.74
69557.0  26.830  19.960  -24.640  15.63  304.38  65.18  950.26  0.21  251.46  4.90
