flight/WP3D/AircraftMis_NP3_20130603_RA.ict
41  1001
Ken Aikin
NOAA ESRL Chemical Sciences Division
various aircraft sensors
SENEX 2013
1  1
2013  06  03  2013  06  04
1
AOCTimewave
8
1  1  1  1  1  1  1  1
-9999  -9999  -9999  -9999  -9999  -9999  -9999  -9999
Attack  deg
CabinPrs  mbar
GndSpd  m/s
Heading  deg
Pitch  deg
Roll  deg
Slip  deg
TrueAirSpd  m/s
1
SPECIAL COMMENTS:Transit from Tampa  FL to Smyrna  TN.
18
PI_CONTACT_INFO: Address: NOAA ESRL Chemical Sciences Division  Mail Stop R/CSD7  325 Broadway  Boulder  CO 80305
PLATFORM: NOAA WP-3D
LOCATION: The aircraft was stationed in  Smyrna  Tennessee. Aircraft location information in AircraftPosition file.
ASSOCIATED_DATA: N/A
INSTRUMENT_INFO: N/A
DATA_INFO: Units: Attack degrees; CabinPrs millibar; GndSpd m/s; Heading degrees; Pitch degrees; Roll degrees; Slip degrees; TrueAirSpd m/s
UNCERTAINTY: N/A
ULOD_FLAG: -7777
ULOD_VALUE: N/A
LLOD_FLAG: -8888
LLOD_VALUE: N/A
DM_CONTACT_INFO: Data Manager:Ken Aikin; email:Kenneth.C.Aikin@noaa.gov
PROJECT_INFO: SENEX 2013 Study; June 1 - July 15  2013
STIPULATIONS_ON_USE: Use of these data require prior ok from PI.
OTHER_COMMENTS:       None
REVISION: RA
RA: Preliminary Data.  For in-field use.
AOCTimewave  Attack  CabinPrs  GndSpd  Heading  Pitch  Roll  Slip  TrueAirSpd
[from data line 20452]
71723.0  0.5  946.6  143.7  63.4  0.71  0.34  -0.48  141.2
71724.0  0.8  946.7  144.1  63.3  1.05  0.48  -0.39  141.7
71725.0  0.6  947.1  144.4  63.4  0.92  0.32  -0.39  142.0
71726.0  0.6  946.8  144.7  63.4  0.84  -0.04  -0.44  142.4
71727.0  0.6  946.9  145.0  63.3  0.86  -0.27  -0.44  142.6
71728.0  0.5  947.0  145.3  63.3  0.76  -0.28  -0.39  142.8
71729.0  0.5  947.1  145.6  63.2  0.69  -0.01  -0.37  143.2
71730.0  0.5  947.1  145.9  63.2  0.67  0.11  -0.37  143.5
71731.0  0.5  947.2  146.2  63.2  0.66  0.03  -0.34  143.9
71732.0  0.5  946.9  146.5  63.3  0.62  -0.01  -0.34  144.2
71733.0  0.5  947.2  146.8  63.3  0.55  0.00  -0.35  144.6
71734.0  0.5  946.9  147.1  63.3  0.56  -0.15  -0.38  144.8
71735.0  0.4  946.9  147.4  63.3  0.46  -0.19  -0.37  145.0
71736.0  0.4  946.6  147.8  63.3  0.50  -0.16  -0.39  145.3
71737.0  0.4  946.6  148.1  63.3  0.43  -0.11  -0.37  145.6
71738.0  0.4  947.1  148.4  63.3  0.40  -0.11  -0.37  146.0
71739.0  0.4  947.2  148.7  63.2  0.41  -0.07  -0.33  146.3
71740.0  0.4  947.0  149.0  63.3  0.34  -0.06  -0.34  146.7
71741.0  0.4  946.9  149.3  63.3  0.38  -0.06  -0.31  147.0
71742.0  0.4  947.1  149.6  63.3  0.37  -0.11  -0.30  147.4
71743.0  0.3  947.0  149.8  63.3  0.29  -0.12  -0.26  147.6
71744.0  0.4  947.1  150.1  63.3  0.33  -0.14  -0.32  147.9
71745.0  0.3  946.8  150.4  63.3  0.24  -0.11  -0.34  148.2
71746.0  0.3  946.9  150.7  63.3  0.28  -0.19  -0.33  148.4
71747.0  0.3  947.2  151.0  63.3  0.30  -0.17  -0.32  148.7
71748.0  0.3  947.1  151.2  63.3  0.28  -0.21  -0.30  148.9
71749.0  0.3  947.2  151.5  63.3  0.32  -0.13  -0.33  149.2
71750.0  0.3  947.3  151.8  63.3  0.30  -0.12  -0.27  149.5
71751.0  0.3  947.3  152.0  63.3  0.34  -0.18  -0.29  149.8
71752.0  0.2  947.2  152.2  63.3  0.33  -0.15  -0.29  150.0
71753.0  0.2  947.1  152.4  63.4  0.34  -0.19  -0.36  150.3
71754.0  0.2  947.3  152.7  63.3  0.30  -0.16  -0.37  150.5
71755.0  0.2  947.0  152.9  63.3  0.29  -0.23  -0.29  150.8
71756.0  0.2  947.3  153.1  63.3  0.24  -0.22  -0.28  151.0
71757.0  0.2  947.2  153.2  63.5  0.24  -0.07  -0.42  151.2
71758.0  0.2  947.0  153.4  63.5  0.30  -0.12  -0.48  151.3
71759.0  0.2  947.0  153.6  63.5  0.22  -0.42  -0.41  151.5
71760.0  0.2  947.2  153.7  63.5  0.27  -0.44  -0.40  151.6
71761.0  0.2  947.7  153.9  63.5  0.22  -0.38  -0.39  151.7
71762.0  0.2  947.3  154.0  63.4  0.21  -0.43  -0.39  151.8
71763.0  0.2  947.3  154.1  63.4  0.21  -0.35  -0.35  151.8
71764.0  0.2  947.1  154.2  63.4  0.19  -0.29  -0.38  152.0
71765.0  0.2  947.3  154.4  63.4  0.19  -0.26  -0.41  152.0
71766.0  0.1  947.1  154.5  63.4  0.17  -0.29  -0.41  152.2
71767.0  0.1  947.6  154.6  63.4  0.14  -0.28  -0.42  152.3
71768.0  0.2  947.5  154.7  63.4  0.23  -0.28  -0.41  152.5
71769.0  0.2  947.5  154.9  63.4  0.23  -0.33  -0.41  152.6
71770.0  0.1  947.3  155.0  63.5  0.19  -0.29  -0.46  152.8
71771.0  0.2  947.6  155.1  63.5  0.24  -0.27  -0.44  152.9
71772.0  0.1  947.5  155.3  63.5  0.17  -0.38  -0.45  153.0
71773.0  0.1  947.6  155.4  63.5  0.20  -0.38  -0.49  153.1
71774.0  0.1  947.3  155.6  63.4  0.22  -0.40  -0.43  153.3
71775.0  0.1  947.6  155.7  63.4  0.20  -0.43  -0.40  153.4
71776.0  0.1  947.4  155.8  63.4  0.18  -0.34  -0.39  153.6
71777.0  0.1  947.6  155.9  63.4  0.15  -0.31  -0.38  153.7
71778.0  0.1  947.5  156.1  63.4  0.17  -0.34  -0.38  153.9
71779.0  0.1  947.7  156.2  63.4  0.20  -0.35  -0.37  154.0
71780.0  0.1  947.5  156.3  63.4  0.14  -0.34  -0.38  154.2
71781.0  0.1  947.5  156.4  63.4  0.20  -0.29  -0.42  154.3
71782.0  0.1  947.5  156.6  63.4  0.15  -0.34  -0.43  154.5
71783.0  0.1  947.7  156.7  63.4  0.17  -0.43  -0.41  154.6
71784.0  0.1  947.5  156.8  63.4  0.13  -0.34  -0.41  154.8
71785.0  0.0  947.6  156.9  63.4  0.08  -0.33  -0.35  155.0
71786.0  0.0  947.4  157.0  63.4  0.06  -0.38  -0.37  155.2
71787.0  0.1  947.4  157.1  63.4  0.12  -0.33  -0.41  155.2
71788.0  0.0  947.1  157.2  63.4  0.08  -0.38  -0.41  155.1
71789.0  0.0  947.2  157.3  63.4  0.07  -0.39  -0.35  155.2
71790.0  0.1  947.3  157.5  63.5  0.10  -0.32  -0.42  155.4
71791.0  0.0  947.3  157.6  63.5  0.08  -0.30  -0.47  155.4
71792.0  0.0  947.3  157.7  63.5  0.07  -0.48  -0.44  155.5
71793.0  0.0  947.6  157.8  63.5  0.04  -0.47  -0.41  155.6
71794.0  0.1  947.5  157.9  63.6  0.08  -0.45  -0.42  155.6
71795.0  0.0  947.2  158.0  63.6  0.02  -0.56  -0.42  155.7
71796.0  0.0  947.4  158.1  63.6  0.03  -0.58  -0.45  155.7
71797.0  0.0  947.4  158.2  63.5  0.03  -0.54  -0.45  155.8
71798.0  -0.0  947.4  158.3  63.5  -0.11  -0.56  -0.46  156.0
71799.0  0.0  947.5  158.5  63.5  -0.05  -0.49  -0.44  156.1
71800.0  0.0  947.4  158.6  63.4  -0.05  -0.46  -0.38  156.3
71801.0  -0.0  947.3  158.7  63.4  -0.10  -0.41  -0.39  156.6
71802.0  -0.0  947.4  158.8  63.4  -0.05  -0.35  -0.37  156.8
71803.0  -0.0  947.5  158.9  63.4  -0.09  -0.39  -0.40  156.9
71804.0  -0.0  947.5  159.0  63.4  -0.05  -0.35  -0.42  157.0
71805.0  -0.0  947.6  159.1  63.4  -0.08  -0.32  -0.38  157.1
71806.0  0.0  947.9  159.2  63.4  -0.01  -0.35  -0.37  157.1
71807.0  -0.0  947.8  159.3  63.4  -0.03  -0.29  -0.41  157.2
71808.0  -0.1  947.6  159.4  63.4  -0.08  -0.30  -0.40  157.3
71809.0  0.0  947.5  159.5  63.3  0.00  -0.34  -0.37  157.4
71810.0  -0.1  947.6  159.5  63.3  -0.05  -0.31  -0.37  157.6
71811.0  -0.0  947.6  159.6  63.3  -0.01  -0.26  -0.33  157.6
71812.0  -0.0  947.7  159.7  63.3  0.01  -0.32  -0.35  157.6
71813.0  -0.1  947.9  159.7  63.3  -0.04  -0.24  -0.33  157.7
71814.0  -0.0  947.7  159.7  63.4  -0.03  -0.31  -0.38  157.7
71815.0  0.0  947.5  159.7  63.5  0.01  -0.27  -0.46  157.7
71816.0  0.0  947.3  159.6  63.5  0.06  -0.47  -0.46  157.6
71817.0  0.0  947.3  159.4  63.6  0.06  -0.52  -0.51  157.5
71818.0  -0.0  947.6  159.2  63.7  -0.04  -0.51  -0.55  157.4
71819.0  0.0  947.5  159.0  63.7  -0.01  -0.73  -0.54  157.1
71820.0  0.0  947.8  158.9  63.7  0.02  -0.81  -0.52  156.9
71821.0  0.0  947.7  158.7  63.5  0.01  -0.87  -0.41  156.8
71822.0  0.0  947.8  158.5  63.6  0.00  -0.67  -0.44  156.7
71823.0  0.1  947.8  158.4  63.6  0.00  -0.49  -0.50  156.5
71824.0  0.1  947.7  158.2  63.6  0.01  -0.69  -0.50  156.3
71825.0  0.1  947.8  158.0  63.7  -0.03  -0.69  -0.55  156.0
71826.0  0.1  947.5  157.8  63.6  -0.03  -0.70  -0.51  155.6
71827.0  0.1  948.1  157.6  63.6  0.00  -0.76  -0.49  155.3
71828.0  0.1  947.7  157.4  63.6  0.03  -0.66  -0.49  155.0
71829.0  0.1  947.5  157.2  63.6  0.00  -0.70  -0.44  154.9
71830.0  0.1  947.8  157.0  63.6  -0.01  -0.75  -0.44  154.7
71831.0  0.1  947.5  156.8  63.6  0.02  -0.64  -0.48  154.5
71832.0  0.1  947.8  156.6  63.7  0.04  -0.69  -0.49  154.3
71833.0  0.2  947.5  156.4  63.7  0.05  -0.80  -0.52  154.1
71834.0  0.1  947.8  156.3  63.7  0.03  -0.79  -0.53  154.0
71835.0  0.2  947.4  156.1  63.7  0.12  -0.81  -0.50  153.8
71836.0  0.2  947.8  155.9  63.6  0.12  -0.88  -0.47  153.7
71837.0  0.2  947.8  155.7  63.6  0.15  -0.84  -0.47  153.5
71838.0  0.2  947.9  155.5  63.7  0.10  -0.76  -0.50  153.4
71839.0  0.2  947.7  155.3  63.6  0.07  -0.82  -0.49  153.2
71840.0  0.2  947.7  155.1  63.6  0.13  -0.81  -0.50  153.0
71841.0  0.2  948.1  154.9  63.6  0.04  -0.74  -0.47  152.7
71842.0  0.2  948.0  154.8  63.6  0.10  -0.74  -0.50  152.4
71843.0  0.2  947.8  154.6  63.6  0.06  -0.65  -0.51  152.2
71844.0  0.2  947.8  154.5  63.5  0.02  -0.70  -0.47  152.1
71845.0  0.2  948.0  154.3  63.5  0.09  -0.67  -0.48  152.0
71846.0  0.2  947.6  154.2  63.5  0.11  -0.63  -0.47  151.8
71847.0  0.2  948.0  154.0  63.6  0.16  -0.64  -0.49  151.6
71848.0  0.2  947.8  153.8  63.5  0.15  -0.68  -0.44  151.5
71849.0  0.2  948.0  153.7  63.6  0.19  -0.71  -0.43  151.3
71850.0  0.3  947.9  153.5  63.6  0.30  -0.64  -0.46  151.0
71851.0  0.3  947.5  153.3  63.7  0.27  -0.68  -0.49  150.8
71852.0  0.3  947.9  153.1  63.7  0.33  -0.84  -0.45  150.6
71853.0  0.3  947.8  153.0  63.7  0.30  -0.87  -0.44  150.3
71854.0  0.3  947.5  152.8  63.7  0.38  -0.78  -0.46  150.1
71855.0  0.3  948.1  152.6  63.6  0.37  -0.80  -0.46  149.9
71856.0  0.3  947.7  152.5  63.7  0.41  -0.83  -0.48  149.8
71857.0  0.3  948.0  152.3  63.6  0.43  -0.78  -0.49  149.6
71858.0  0.4  947.6  152.1  63.6  0.57  -0.78  -0.47  149.5
71859.0  0.3  947.9  151.9  63.6  0.49  -0.79  -0.49  149.5
71860.0  0.4  947.6  151.7  63.6  0.52  -0.72  -0.47  149.4
71861.0  0.4  948.1  151.6  63.6  0.48  -0.70  -0.45  149.2
71862.0  0.4  947.9  151.4  63.6  0.49  -0.69  -0.49  149.0
71863.0  0.4  948.0  151.2  63.6  0.50  -0.66  -0.50  148.9
71864.0  0.4  947.9  151.1  63.6  0.52  -0.69  -0.49  148.6
71865.0  0.4  947.8  150.9  63.5  0.54  -0.72  -0.50  148.5
71866.0  0.4  947.9  150.7  63.5  0.54  -0.65  -0.49  148.4
71867.0  0.4  947.7  150.6  63.5  0.60  -0.58  -0.49  148.2
71868.0  0.4  948.2  150.4  63.5  0.52  0.18  -0.44  148.1
71869.0  0.4  947.9  150.2  63.6  0.56  0.88  -0.40  148.0
71870.0  0.4  948.0  150.1  63.7  0.58  0.83  -0.49  147.8
71871.0  0.4  948.1  149.9  63.8  0.57  0.68  -0.51  147.6
71872.0  0.4  947.8  149.8  63.8  0.52  0.43  -0.45  147.4
71873.0  0.5  948.1  149.7  63.9  0.58  0.34  -0.45  147.3
71874.0  0.4  948.0  149.5  64.0  0.48  0.32  -0.49  147.1
71875.0  0.5  948.0  149.4  64.1  0.53  0.16  -0.52  146.9
71876.0  0.5  947.8  149.3  64.1  0.48  -0.04  -0.50  146.8
71877.0  0.5  948.3  149.1  64.1  0.51  -0.13  -0.43  146.8
71878.0  0.5  948.0  149.0  64.1  0.44  -0.07  -0.39  146.7
71879.0  0.5  948.4  148.9  64.1  0.43  -0.02  -0.43  146.6
71880.0  0.5  948.1  148.8  64.2  0.43  -0.08  -0.45  146.5
71881.0  0.5  948.5  148.7  64.2  0.45  -0.24  -0.46  146.4
71882.0  0.5  947.9  148.6  64.2  0.46  -0.30  -0.41  146.3
71883.0  0.5  948.1  148.5  64.3  0.46  -0.27  -0.43  146.0
71884.0  0.4  948.1  148.4  64.4  0.46  -0.24  -0.51  146.0
71885.0  0.5  947.9  148.3  64.4  0.50  -0.35  -0.53  145.9
71886.0  0.5  948.0  148.2  64.3  0.55  -0.46  -0.52  145.7
71887.0  0.5  948.1  148.1  64.2  0.50  -0.38  -0.46  145.4
71888.0  0.5  948.2  148.0  64.2  0.54  -0.26  -0.45  145.3
71889.0  0.5  947.9  147.9  64.3  0.55  -0.18  -0.50  145.2
71890.0  0.5  948.0  147.8  64.3  0.56  -0.29  -0.49  145.0
71891.0  0.6  947.9  147.7  64.3  0.61  -0.46  -0.46  144.9
71892.0  0.6  948.0  147.6  64.3  0.63  -0.46  -0.44  144.7
71893.0  0.5  948.2  147.5  64.4  0.62  -0.40  -0.47  144.5
71894.0  0.5  947.8  147.4  64.4  0.59  -0.40  -0.45  144.5
71895.0  0.6  948.2  147.3  64.4  0.68  -0.49  -0.47  144.4
71896.0  0.6  948.2  147.3  64.4  0.63  -0.46  -0.51  144.2
71897.0  0.6  948.1  147.2  64.4  0.63  -0.52  -0.46  144.0
71898.0  0.6  948.0  147.1  64.4  0.69  -0.62  -0.43  144.0
71899.0  0.5  948.4  147.0  64.4  0.60  -0.55  -0.45  144.0
71900.0  0.6  948.0  146.9  64.4  0.68  -0.50  -0.47  143.9
71901.0  0.6  948.4  146.8  64.4  0.74  -0.56  -0.48  143.9
71902.0  0.6  948.3  146.7  64.4  0.68  -0.56  -0.49  143.8
71903.0  0.6  948.3  146.7  64.4  0.65  -0.47  -0.45  143.9
71904.0  0.6  948.1  146.6  64.4  0.57  -0.49  -0.43  143.9
71905.0  0.6  948.0  146.5  64.4  0.65  -0.51  -0.47  143.8
71906.0  0.5  948.2  146.4  64.5  0.54  -0.44  -0.53  143.7
71907.0  0.6  947.9  146.4  64.5  0.52  -0.56  -0.50  143.5
71908.0  0.6  948.1  146.4  64.5  0.56  -0.73  -0.45  143.5
71909.0  0.6  947.7  146.3  64.4  0.60  -0.62  -0.42  143.6
71910.0  0.6  947.8  146.3  64.4  0.59  -0.61  -0.38  143.8
71911.0  0.6  948.0  146.2  64.4  0.55  -0.63  -0.40  143.8
71912.0  0.6  948.0  146.2  64.5  0.59  -0.53  -0.46  143.8
71913.0  0.6  948.2  146.1  64.5  0.58  -0.62  -0.45  143.7
71914.0  0.6  948.2  146.1  64.4  0.48  -0.75  -0.44  143.6
71915.0  0.6  948.0  146.1  64.4  0.52  -0.69  -0.40  143.5
71916.0  0.6  948.2  146.1  64.4  0.49  -0.60  -0.41  143.4
71917.0  0.6  948.3  146.0  64.4  0.46  -0.55  -0.44  143.3
71918.0  0.6  947.9  146.0  64.4  0.41  -0.56  -0.45  143.2
71919.0  0.6  948.1  146.0  64.4  0.45  -0.64  -0.41  143.1
71920.0  0.6  947.8  146.0  64.4  0.47  -0.57  -0.41  143.0
71921.0  0.6  948.5  146.0  64.4  0.46  -0.46  -0.45  143.0
71922.0  0.6  948.1  146.0  64.4  0.46  -0.54  -0.45  143.1
71923.0  0.6  948.3  146.0  64.4  0.50  -0.28  -0.39  143.1
71924.0  0.6  947.9  146.0  64.4  0.57  0.80  -0.34  143.1
71925.0  0.6  948.3  146.0  64.6  0.57  0.96  -0.42  143.1
71926.0  0.6  948.1  146.0  64.7  0.56  0.77  -0.46  143.1
71927.0  0.7  948.2  146.0  64.8  0.62  0.47  -0.46  143.1
71928.0  0.6  948.1  145.9  64.8  0.58  0.29  -0.43  143.1
71929.0  0.7  948.0  145.9  64.9  0.63  0.29  -0.42  143.1
71930.0  0.6  948.0  145.9  65.0  0.56  0.28  -0.47  143.1
71931.0  0.6  948.2  145.9  65.0  0.59  0.16  -0.48  143.1
71932.0  0.6  948.1  145.9  65.0  0.64  -0.04  -0.45  143.1
71933.0  0.6  948.2  145.9  65.0  0.64  -0.07  -0.46  143.0
71934.0  0.6  948.2  145.8  65.1  0.64  0.00  -0.46  143.0
71935.0  0.6  948.3  145.8  65.1  0.68  -0.06  -0.45  142.9
71936.0  0.6  948.2  145.8  65.1  0.63  -0.16  -0.44  142.9
71937.0  0.7  948.5  145.7  65.1  0.72  -0.16  -0.43  142.9
71938.0  0.6  948.3  145.7  65.1  0.62  -0.14  -0.43  142.8
71939.0  0.7  948.5  145.7  65.2  0.70  -0.17  -0.44  142.8
71940.0  0.7  948.2  145.6  65.2  0.73  -0.25  -0.46  142.8
71941.0  0.6  948.2  145.6  65.2  0.63  -0.32  -0.45  142.8
71942.0  0.7  948.3  145.6  65.2  0.70  -0.34  -0.45  142.7
71943.0  0.6  948.3  145.5  65.2  0.65  -0.29  -0.45  142.6
71944.0  0.7  948.3  145.5  65.2  0.71  -0.27  -0.44  142.6
71945.0  0.6  948.2  145.5  65.2  0.62  -0.35  -0.42  142.5
71946.0  0.7  948.4  145.2  65.3  0.71  -0.41  -0.47  142.3
71947.0  0.7  948.5  144.9  65.3  0.62  -0.35  -0.53  141.9
71948.0  0.8  948.4  144.6  65.4  0.64  -0.49  -0.52  141.7
71949.0  0.8  948.2  144.2  65.4  0.65  -0.64  -0.56  141.4
71950.0  0.8  948.1  143.8  65.5  0.64  -0.62  -0.63  140.9
71951.0  0.8  948.2  143.5  65.5  0.72  -0.62  -0.66  140.5
71952.0  0.8  948.3  143.1  65.5  0.76  -0.74  -0.65  140.0
71953.0  0.8  948.1  142.7  65.5  0.80  -0.76  -0.63  139.6
71954.0  0.9  948.5  142.3  65.5  0.86  -0.75  -0.60  139.3
71955.0  0.9  948.3  141.9  65.6  0.99  -0.78  -0.65  139.0
71956.0  0.9  948.4  141.5  65.6  0.98  -0.78  -0.64  138.6
71957.0  1.0  948.5  141.1  65.6  1.10  -0.90  -0.61  138.1
71958.0  0.8  948.2  140.7  65.7  0.81  -1.00  -0.68  137.7
71959.0  0.5  948.6  140.3  65.9  0.20  -1.02  -0.90  137.4
71960.0  0.8  948.4  140.1  66.0  0.09  -0.94  -0.95  137.3
71961.0  0.9  948.5  139.8  66.0  -0.01  -1.33  -0.93  137.1
71962.0  0.8  948.8  139.6  66.0  -0.25  -1.93  -0.95  137.0
71963.0  0.9  948.6  139.4  66.0  -0.48  -2.48  -0.98  136.9
71964.0  1.1  948.3  139.3  66.0  -0.38  -2.87  -1.01  136.7
71965.0  1.1  948.8  139.1  65.9  -0.38  -2.23  -0.97  136.5
71966.0  0.8  948.3  139.0  65.7  -0.82  -1.12  -0.84  136.4
71967.0  0.9  948.2  138.9  65.7  -0.91  -0.92  -0.79  136.3
71968.0  1.0  948.4  138.8  65.9  -0.86  -1.37  -0.97  136.1
71969.0  0.8  948.6  138.8  66.0  -1.32  -1.70  -1.05  136.2
71970.0  0.7  948.4  138.8  65.9  -1.72  -2.06  -0.92  136.4
71971.0  1.0  948.3  138.8  65.8  -1.64  -2.68  -0.86  136.6
71972.0  1.1  948.3  138.9  65.8  -1.46  -3.39  -0.98  136.8
71973.0  1.0  948.4  138.9  65.8  -1.54  -3.90  -1.07  137.2
71974.0  0.9  948.2  138.9  65.7  -1.70  -4.24  -1.04  137.1
71975.0  0.9  948.4  138.9  65.4  -1.78  -4.32  -0.93  136.9
71976.0  1.1  948.2  139.0  65.2  -1.63  -4.14  -0.82  136.7
71977.0  1.1  948.3  139.0  65.1  -1.49  -3.93  -0.89  136.8
71978.0  1.1  948.6  139.0  65.0  -1.45  -2.96  -0.94  136.8
71979.0  0.9  948.6  139.0  65.0  -1.82  -0.76  -0.92  136.9
71980.0  0.7  948.1  139.1  64.9  -2.21  0.30  -0.83  137.2
71981.0  1.0  948.6  139.2  64.9  -1.96  0.08  -0.84  137.4
71982.0  0.8  948.3  139.3  65.1  -2.20  -0.82  -1.02  137.4
71983.0  0.7  948.6  139.5  65.2  -2.53  -2.91  -1.15  137.3
71984.0  0.7  948.8  139.6  65.1  -2.81  -5.55  -1.21  137.4
71985.0  0.7  948.9  139.8  64.8  -2.95  -7.20  -1.22  137.6
71986.0  1.0  948.8  139.9  64.2  -2.75  -6.20  -1.02  137.8
71987.0  1.3  948.6  140.1  63.7  -2.11  -3.59  -0.69  138.1
