flight/WP3D/AircraftMet_NP3_20130616_RA.ict
43  1001
Ken Aikin
NOAA ESRL Chemical Sciences Division
various aircraft sensors
SENEX 2013
1  1
2013  06  16  2013  06  16
1
AOCTimewave
10
1  1  1  1  1  1  1  1  1  1
-9999  -9999  -9999  -9999  -9999  -9999  -9999  -9999  -9999  -9999
AmbTemp  C
DewPtTemp  C
DewPtTempTDL  C
H2Omr  g/kg
PotTemp  K
RelHumidity  pct
StaticPrs  mbar
VertWindSpd  m/s
WindDir  deg
WindSpd  m/s
1
SPECIAL COMMENTS:Atlanta power plants.
18
PI_CONTACT_INFO: Address: NOAA ESRL Chemical Sciences Division  Mail Stop R/CSD7  325 Broadway  Boulder  CO 80305
PLATFORM: NOAA WP-3D
LOCATION: The aircraft was stationed in  Smyrna  Tennessee. Aircraft location information in AircraftPosition file.
ASSOCIATED_DATA: N/A
INSTRUMENT_INFO: N/A
DATA_INFO: Units:AmbTemp celcius; DewPtTemp celcius; DewPtTempTDL celcius; H2Omr g/kg; PotTemp kelvin; RelHumidity percent; StaticPrs millibar; VertWindSpd m/s; WindDir degrees; WindSpd m/s
UNCERTAINTY: N/A
ULOD_FLAG: -7777
ULOD_VALUE: N/A
LLOD_FLAG: -8888
LLOD_VALUE: N/A
DM_CONTACT_INFO: Data Manager:Ken Aikin; email:Kenneth.C.Aikin@noaa.gov
PROJECT_INFO: SENEX 2013 Study; June 1 - July 15  2013
STIPULATIONS_ON_USE: Use of these data require prior ok from PI.
OTHER_COMMENTS:       None
REVISION: RA
RA: Preliminary Data.  For in-field use.
AOCTimewave  AmbTemp  DewPtTemp  DewPtTempTDL  H2Omr  PotTemp  RelHumidity  StaticPrs  VertWindSpd  WindDir  WindSpd
[from data line 17067]
72060.0  20.930  14.140  -30.720  11.51  304.32  64.50  886.86  0.41  238.09  3.64
72061.0  20.980  14.140  -30.720  11.50  304.28  64.29  887.91  0.62  233.24  4.23
72062.0  21.100  14.200  -30.720  11.52  304.29  64.05  889.05  0.64  238.21  4.68
72063.0  21.190  14.290  -30.720  11.58  304.29  64.05  889.94  -0.29  232.21  4.48
72064.0  21.080  14.410  -30.720  11.66  304.07  65.03  891.17  -0.54  214.45  4.46
72065.0  21.150  14.520  -30.720  11.72  304.03  65.17  892.27  -0.90  202.36  4.63
72066.0  21.380  14.510  -30.720  11.71  304.21  64.23  892.81  -2.54  202.66  3.58
72067.0  21.460  14.430  -30.720  11.65  304.24  63.58  893.34  -2.35  203.40  3.11
72068.0  21.510  14.420  -30.720  11.63  304.25  63.35  893.81  -1.60  210.63  3.01
72069.0  21.630  14.450  -30.720  11.65  304.33  62.98  894.29  -0.03  229.64  3.68
72070.0  21.610  14.430  -30.720  11.63  304.29  62.96  894.52  0.21  224.36  3.05
72071.0  21.680  14.450  -30.720  11.63  304.32  62.76  894.90  0.27  230.99  2.79
72072.0  21.760  14.450  -30.720  11.63  304.36  62.45  895.37  1.55  245.83  2.62
72073.0  21.790  14.440  -30.720  11.62  304.38  62.29  895.50  1.02  253.93  2.23
72074.0  21.730  14.470  -30.720  11.64  304.29  62.68  895.73  0.59  217.83  3.34
72075.0  21.850  14.520  -30.720  11.68  304.40  62.39  895.86  0.06  220.98  3.37
72076.0  21.860  14.600  -30.720  11.74  304.42  62.66  895.85  -0.58  219.72  2.89
72077.0  21.730  14.660  -30.720  11.78  304.24  63.45  896.28  -0.63  222.39  2.96
72078.0  21.890  14.740  -30.720  11.84  304.39  63.17  896.42  -0.50  231.21  2.28
72079.0  21.730  14.790  -30.720  11.88  304.22  64.00  896.51  0.35  206.73  2.32
72080.0  21.830  14.800  -30.720  11.89  304.33  63.65  896.42  0.47  230.32  2.75
72081.0  21.830  14.810  -30.720  11.90  304.34  63.70  896.23  0.49  226.84  2.82
72082.0  21.880  14.890  -30.720  11.96  304.39  63.79  896.35  1.11  219.93  3.42
72083.0  21.670  14.980  -30.720  12.03  304.17  65.01  896.36  0.21  216.15  3.67
72084.0  21.760  14.960  -30.720  12.01  304.26  64.61  896.33  -0.27  223.53  3.89
72085.0  21.780  14.900  -30.720  11.97  304.29  64.23  896.33  -0.95  225.20  3.16
72086.0  21.750  14.920  -30.720  11.99  304.24  64.50  896.43  -1.81  225.03  3.00
72087.0  21.810  14.940  -30.720  11.99  304.30  64.27  896.54  -1.54  226.59  3.33
72088.0  21.760  14.910  -30.720  11.97  304.25  64.39  896.41  -1.59  225.29  3.71
72089.0  21.610  14.870  -30.720  11.94  304.09  64.82  896.54  -0.73  217.09  4.50
72090.0  21.700  14.880  -30.720  11.95  304.18  64.48  896.48  -0.02  230.47  3.17
72091.0  21.660  14.870  -30.720  11.95  304.16  64.64  896.31  -0.40  228.64  2.64
72092.0  21.600  14.870  -30.720  11.94  304.10  64.85  896.28  -1.52  228.26  2.42
72093.0  21.610  14.900  -30.720  11.96  304.10  64.92  896.48  -1.64  234.33  2.60
72094.0  21.620  14.910  -30.720  11.98  304.10  64.97  896.52  -1.35  238.31  2.66
72095.0  21.490  14.960  -30.720  12.01  303.97  65.72  896.48  -0.81  219.91  2.35
72096.0  21.550  14.960  -30.720  12.01  304.05  65.42  896.28  -1.30  214.01  1.45
72097.0  21.570  14.940  -30.720  12.00  304.06  65.28  896.40  -1.45  218.93  1.31
72098.0  21.570  14.970  -30.720  12.02  304.04  65.41  896.57  -1.47  224.86  1.26
72099.0  21.670  14.970  -30.720  12.02  304.14  65.01  896.61  -0.90  253.22  2.21
72100.0  21.640  15.020  -30.720  12.06  304.12  65.36  896.47  -1.19  239.38  2.69
72101.0  21.610  15.060  -30.720  12.09  304.07  65.66  896.68  -1.18  217.01  3.17
72102.0  21.810  15.030  -30.720  12.06  304.28  64.68  896.71  -1.01  226.29  3.34
72103.0  21.920  14.960  -30.720  12.01  304.39  63.98  896.69  -0.56  239.97  3.36
72104.0  21.900  14.900  -30.720  11.96  304.37  63.78  896.69  0.00  239.28  3.09
72105.0  21.820  14.820  -30.720  11.90  304.30  63.76  896.62  0.32  233.66  3.51
72106.0  21.830  14.760  -30.720  11.85  304.30  63.49  896.68  0.24  238.95  3.31
72107.0  21.830  14.720  -30.720  11.83  304.32  63.32  896.48  -0.17  235.15  3.95
72108.0  21.890  14.680  -30.720  11.80  304.38  62.89  896.49  0.07  236.89  3.83
72109.0  21.950  14.590  -30.720  11.73  304.44  62.32  896.47  0.06  242.00  4.21
72110.0  21.810  14.430  -30.720  11.61  304.31  62.21  896.41  1.04  231.01  2.74
72111.0  21.660  14.240  -30.720  11.46  304.16  62.02  896.24  0.35  225.55  3.51
72112.0  21.610  14.130  -30.720  11.38  304.12  61.73  896.19  -0.39  229.03  4.56
72113.0  21.550  14.100  -30.720  11.35  304.05  61.85  896.28  -1.01  226.60  3.36
72114.0  21.470  14.080  -30.720  11.34  303.96  62.06  896.41  -0.69  216.05  4.03
72115.0  21.570  14.170  -30.720  11.41  304.07  62.08  896.25  -1.63  209.80  4.29
72116.0  21.510  14.290  -30.720  11.50  303.99  62.79  896.46  -1.00  216.88  3.53
72117.0  21.460  14.380  -30.720  11.56  303.94  63.33  896.52  -1.47  215.10  4.22
72118.0  21.630  14.440  -30.720  11.61  304.13  62.94  896.23  -2.25  248.33  2.46
72119.0  21.330  14.450  -30.720  11.62  303.80  64.18  896.55  -1.02  204.40  3.96
72120.0  21.500  14.470  -30.720  11.63  303.98  63.57  896.48  0.15  209.71  3.70
72121.0  21.500  14.510  -30.720  11.67  303.98  63.76  896.44  -0.24  203.28  4.11
72122.0  21.610  14.600  -30.720  11.73  304.08  63.69  896.62  0.53  225.31  3.46
72123.0  21.610  14.680  -30.720  11.79  304.09  63.99  896.51  -1.04  235.75  2.83
72124.0  21.550  14.750  -30.720  11.84  304.01  64.55  896.65  -0.11  233.47  3.07
72125.0  21.520  14.800  -30.720  11.89  304.01  64.89  896.44  -0.03  229.79  3.56
72126.0  21.490  14.930  -30.720  11.99  303.99  65.56  896.32  0.66  227.33  3.30
72127.0  21.560  15.120  -30.720  12.14  304.06  66.08  896.32  0.07  237.79  3.24
72128.0  21.640  15.230  -30.720  12.23  304.14  66.21  896.33  -0.82  245.99  3.77
72129.0  21.640  15.240  -30.720  12.24  304.11  66.30  896.57  -0.14  246.28  3.84
72130.0  21.640  15.180  -30.720  12.19  304.12  66.03  896.52  -0.20  242.43  3.65
72131.0  21.540  15.020  -30.720  12.06  304.02  65.74  896.51  -0.21  244.54  3.42
72132.0  21.490  14.870  -30.720  11.94  303.97  65.29  896.53  -0.52  243.74  3.49
72133.0  21.510  14.820  -30.720  11.90  303.99  65.00  896.49  -0.40  242.87  3.72
72134.0  21.520  14.830  -30.720  11.91  303.99  65.01  896.63  0.34  237.22  3.62
72135.0  21.540  14.840  -30.720  11.92  304.01  64.98  896.58  1.02  235.60  3.88
72136.0  21.510  14.880  -30.720  11.95  304.00  65.25  896.43  0.35  231.49  3.16
72137.0  21.500  14.950  -30.720  12.01  304.00  65.64  896.26  0.39  237.69  3.71
72138.0  21.530  14.970  -30.720  12.03  304.04  65.57  896.19  -0.44  246.90  2.96
72139.0  21.490  14.900  -30.720  11.97  303.99  65.45  896.21  0.10  245.12  3.97
72140.0  21.440  14.850  -30.720  11.93  303.96  65.41  896.06  -0.92  236.91  3.54
72141.0  21.420  14.850  -30.720  11.93  303.92  65.52  896.24  0.41  230.49  3.67
72142.0  21.520  14.860  -30.720  11.94  304.01  65.17  896.35  1.38  232.40  4.40
72143.0  21.560  14.820  -30.720  11.91  304.06  64.83  896.30  2.46  233.18  4.50
72144.0  21.630  14.780  -30.720  11.87  304.14  64.35  896.25  1.25  239.28  2.89
72145.0  21.600  14.790  -30.720  11.89  304.11  64.55  896.12  1.33  239.02  4.27
72146.0  21.500  14.840  -30.720  11.93  304.04  65.15  895.87  -0.90  230.04  4.06
72147.0  21.450  14.890  -30.720  11.96  303.96  65.56  896.09  -0.81  223.26  4.24
72148.0  21.430  14.840  -30.720  11.93  303.95  65.44  896.11  0.26  214.60  3.73
72149.0  21.460  14.730  -30.720  11.84  303.97  64.86  896.11  0.67  220.09  3.90
72150.0  21.580  14.670  -30.720  11.79  304.08  64.12  896.23  0.30  235.12  3.34
72151.0  21.470  14.730  -30.720  11.83  303.96  64.79  896.33  -0.20  237.52  3.07
72152.0  21.520  14.830  -30.720  11.91  304.00  65.02  896.52  0.99  249.51  2.57
72153.0  21.500  14.830  -30.720  11.92  304.00  65.11  896.30  1.25  235.26  1.63
72154.0  21.490  14.750  -30.720  11.85  303.99  64.80  896.22  2.15  211.57  2.75
72155.0  21.540  14.720  -30.720  11.83  304.05  64.44  896.17  1.66  208.51  1.66
72156.0  21.620  14.740  -30.720  11.84  304.14  64.21  896.16  2.69  235.74  3.14
72157.0  21.580  14.810  -30.720  11.90  304.11  64.67  896.01  1.19  226.11  3.61
72158.0  21.540  14.840  -30.720  11.92  304.06  64.98  896.02  -0.13  217.96  3.83
72159.0  21.530  14.820  -30.720  11.91  304.05  64.95  896.07  -0.63  222.83  3.53
72160.0  21.570  14.750  -30.720  11.85  304.07  64.48  896.30  -0.90  221.87  3.18
72161.0  21.640  14.670  -30.720  11.79  304.13  63.84  896.41  -0.77  232.35  3.58
72162.0  21.560  14.640  -30.720  11.77  304.05  64.06  896.44  0.61  213.85  3.82
72163.0  21.680  14.660  -30.720  11.78  304.16  63.64  896.52  1.92  219.60  4.03
72164.0  21.750  14.700  -30.720  11.81  304.23  63.53  896.53  2.25  219.24  4.19
72165.0  21.840  14.770  -30.720  11.87  304.33  63.49  896.44  2.01  233.95  3.24
72166.0  21.750  14.800  -30.720  11.89  304.27  63.94  896.13  1.31  239.21  2.51
72167.0  21.520  14.760  -30.720  11.87  304.08  64.69  895.68  0.41  218.84  3.97
72168.0  21.630  14.710  -30.720  11.83  304.23  64.07  895.28  0.74  219.49  3.46
72169.0  21.710  14.670  -30.720  11.81  304.36  63.59  894.80  0.15  234.49  3.72
72170.0  21.700  14.650  -30.720  11.80  304.42  63.53  894.05  -0.45  239.04  4.09
72171.0  21.750  14.580  -30.720  11.76  304.53  63.06  893.46  -0.34  237.94  3.75
72172.0  21.740  14.390  -30.720  11.62  304.59  62.30  892.67  -0.47  236.69  4.00
72173.0  21.770  14.100  -30.720  11.41  304.70  61.00  891.96  -0.53  239.64  4.01
72174.0  21.720  13.820  -30.720  11.21  304.72  60.03  891.22  -0.62  238.11  3.88
72175.0  21.660  13.510  -30.720  10.99  304.73  59.05  890.52  -0.89  239.61  4.02
72176.0  21.510  13.290  -30.720  10.84  304.64  58.79  889.79  -0.50  229.80  3.89
72177.0  21.250  13.130  -30.720  10.74  304.46  59.12  888.88  0.13  223.35  4.46
72178.0  21.200  12.960  -30.720  10.63  304.50  58.62  887.99  0.18  224.13  4.42
72179.0  21.150  12.850  -30.720  10.56  304.52  58.35  887.31  0.62  232.29  4.37
72180.0  20.990  12.840  -30.720  10.56  304.40  58.95  886.75  2.20  233.33  3.59
72181.0  20.930  12.790  -30.720  10.53  304.41  58.94  886.02  1.96  253.39  3.19
72182.0  20.690  12.690  -30.720  10.47  304.22  59.48  885.38  1.66  233.58  3.88
72183.0  20.760  12.610  -30.720  10.42  304.36  58.89  884.73  1.11  246.42  3.36
72184.0  20.730  12.580  -30.720  10.41  304.39  58.89  884.17  1.89  252.47  4.31
72185.0  20.650  12.580  -30.720  10.42  304.37  59.20  883.45  1.62  262.39  4.14
72186.0  20.460  12.660  -30.720  10.49  304.26  60.23  882.60  0.63  246.80  3.69
72187.0  20.380  12.770  -30.720  10.57  304.22  60.97  882.13  -0.39  247.05  3.84
72188.0  20.350  12.950  -30.720  10.69  304.22  61.81  881.82  -0.63  254.54  4.27
72189.0  20.280  13.140  -30.720  10.84  304.17  62.91  881.55  -0.01  247.18  4.94
72190.0  20.270  13.380  -30.720  11.02  304.19  63.96  881.22  -0.73  258.11  4.13
72191.0  20.160  13.690  -30.720  11.24  304.09  65.72  881.14  -1.21  254.39  4.11
72192.0  20.260  13.990  -30.720  11.47  304.21  66.63  880.96  -1.33  251.50  4.18
72193.0  20.770  14.210  -30.720  11.65  304.78  65.45  880.54  -0.30  250.29  3.50
72194.0  21.070  14.310  -30.720  11.73  305.14  64.61  880.08  0.21  250.78  2.99
72195.0  21.060  14.280  -30.720  11.71  305.19  64.52  879.45  0.07  249.65  2.91
72196.0  20.960  14.120  -30.720  11.60  305.15  64.28  878.86  0.02  242.66  3.85
72197.0  20.900  13.920  -30.720  11.46  305.15  63.69  878.19  0.15  249.88  3.91
72198.0  20.640  13.730  -30.720  11.32  304.93  63.92  877.65  0.43  268.05  3.11
72199.0  20.340  13.480  -30.720  11.14  304.67  64.11  877.07  0.43  262.66  3.65
72200.0  20.020  13.110  -30.720  10.88  304.41  63.79  876.47  -0.10  236.14  4.69
72201.0  19.990  12.710  -30.720  10.60  304.46  62.21  875.66  -0.42  244.60  3.44
72202.0  19.830  12.310  -30.720  10.33  304.33  61.22  875.31  -0.54  235.27  3.40
72203.0  19.890  12.020  -30.720  10.13  304.44  59.81  874.82  -0.52  228.77  3.44
72204.0  19.950  11.790  -30.720  9.98  304.53  58.68  874.44  -0.58  229.93  2.93
72205.0  19.870  11.640  -30.720  9.88  304.48  58.38  874.12  -0.14  241.71  2.00
72206.0  19.780  11.580  -30.720  9.85  304.43  58.47  873.80  -0.34  222.08  1.88
72207.0  19.860  11.580  -30.720  9.86  304.55  58.22  873.38  0.43  258.64  1.53
72208.0  19.810  11.660  -30.720  9.91  304.52  58.66  873.24  1.56  246.36  3.45
72209.0  19.740  11.810  -30.720  10.02  304.48  59.55  872.87  2.87  237.37  4.58
72210.0  19.710  12.080  -30.720  10.21  304.48  60.75  872.56  1.69  267.88  2.35
72211.0  19.750  12.420  -30.720  10.44  304.55  62.00  872.24  1.56  300.90  2.77
72212.0  19.650  12.780  -30.720  10.70  304.51  63.91  871.57  0.94  289.16  3.28
72213.0  19.640  13.150  -30.720  10.98  304.55  65.54  871.08  1.12  294.45  4.01
72214.0  19.470  13.500  -30.720  11.24  304.40  67.81  870.74  0.15  288.43  3.37
72215.0  19.390  13.850  -30.720  11.51  304.36  69.78  870.33  -0.31  265.36  3.50
72216.0  19.500  14.220  -30.720  11.80  304.51  70.96  870.03  -0.90  266.14  4.76
72217.0  19.430  14.560  -30.720  12.07  304.44  72.94  869.85  -0.65  271.55  4.61
72218.0  19.410  14.810  -30.720  12.27  304.45  74.19  869.70  0.35  259.67  4.54
72219.0  19.640  14.940  -30.720  12.38  304.68  73.80  869.69  0.91  251.86  5.03
72220.0  19.620  14.980  -30.720  12.41  304.66  74.06  869.68  0.52  249.15  4.62
72221.0  19.350  14.880  -30.720  12.32  304.38  74.83  869.73  0.64  234.56  4.14
72222.0  19.350  14.690  -30.720  12.18  304.38  73.96  869.65  0.40  230.17  3.61
72223.0  19.370  14.510  -30.720  12.03  304.40  72.94  869.69  1.14  228.94  1.88
72224.0  19.400  14.300  -30.720  11.87  304.45  71.80  869.61  0.42  231.46  2.72
72225.0  19.470  14.100  -30.720  11.71  304.51  70.55  869.69  -0.15  239.25  2.91
72226.0  19.610  13.860  -30.720  11.52  304.64  68.86  869.74  -0.30  256.58  3.85
72227.0  19.640  13.590  -30.720  11.32  304.69  67.48  869.66  -0.21  251.17  4.44
72228.0  19.730  13.300  -30.720  11.11  304.78  65.81  869.69  -0.39  250.85  4.47
72229.0  19.710  13.010  -30.720  10.89  304.75  64.64  869.80  -0.31  251.95  4.14
72230.0  19.750  12.720  -30.720  10.68  304.78  63.23  869.95  -0.17  242.43  3.96
72231.0  19.850  12.450  -30.720  10.49  304.87  61.73  870.02  0.07  248.77  3.68
72232.0  19.910  12.190  -30.720  10.31  304.94  60.39  869.98  0.17  249.90  3.70
72233.0  19.900  11.920  -30.720  10.12  304.95  59.36  869.74  0.69  250.18  3.19
72234.0  19.880  11.650  -30.720  9.94  304.94  58.38  869.65  0.97  259.13  3.16
72235.0  19.700  11.380  -30.720  9.77  304.76  57.99  869.60  1.99  272.45  3.23
72236.0  19.550  11.140  -30.720  9.62  304.63  57.64  869.31  0.90  269.49  2.76
72237.0  19.430  11.020  -30.720  9.54  304.50  57.62  869.42  0.59  279.77  2.42
72238.0  19.480  10.970  -30.720  9.50  304.53  57.24  869.57  1.46  279.27  3.28
72239.0  19.350  10.970  -30.720  9.50  304.43  57.67  869.34  0.50  276.51  3.32
72240.0  19.300  10.960  -30.720  9.50  304.37  57.83  869.37  0.43  266.31  3.18
72241.0  19.290  10.930  -30.720  9.48  304.37  57.74  869.27  0.59  270.57  3.31
72242.0  19.290  10.950  -30.720  9.49  304.37  57.83  869.25  1.08  275.99  3.29
72243.0  19.270  11.070  -30.720  9.57  304.35  58.37  869.26  1.30  278.37  3.16
72244.0  19.190  11.340  -30.720  9.74  304.27  59.74  869.22  0.92  272.29  3.83
72245.0  19.210  11.670  -30.720  9.96  304.29  61.00  869.26  0.94  285.77  3.24
72246.0  19.160  12.010  -30.720  10.19  304.22  62.62  869.37  0.48  276.31  3.31
72247.0  19.140  12.330  -30.720  10.42  304.21  64.09  869.26  0.08  265.88  3.28
72248.0  19.160  12.670  -30.720  10.65  304.23  65.45  869.33  0.00  265.17  3.10
72249.0  19.240  13.000  -30.720  10.89  304.30  66.58  869.36  -0.11  278.19  3.61
72250.0  19.270  13.350  -30.720  11.15  304.33  68.00  869.47  0.21  271.72  3.56
