flight/WP3D/AircraftMet_NP3_20130618_RA.ict
43  1001
Ken Aikin
NOAA ESRL Chemical Sciences Division
various aircraft sensors
SENEX 2013
1  1
2013  06  18  2013  06  18
1
AOCTimewave
10
1  1  1  1  1  1  1  1  1  1
-9999  -9999  -9999  -9999  -9999  -9999  -9999  -9999  -9999  -9999
AmbTemp  C
DewPtTemp  C
DewPtTempTDL  C
H2Omr  g/kg
PotTemp  K
RelHumidity  pct
StaticPrs  mbar
VertWindSpd  m/s
WindDir  deg
WindSpd  m/s
1
SPECIAL COMMENTS:Aborted St. Louis flight. Flaps light came on.
18
PI_CONTACT_INFO: Address: NOAA ESRL Chemical Sciences Division  Mail Stop R/CSD7  325 Broadway  Boulder  CO 80305
PLATFORM: NOAA WP-3D
LOCATION: The aircraft was stationed in  Smyrna  Tennessee. Aircraft location information in AircraftPosition file.
ASSOCIATED_DATA: N/A
INSTRUMENT_INFO: N/A
DATA_INFO: Units:AmbTemp celcius; DewPtTemp celcius; DewPtTempTDL celcius; H2Omr g/kg; PotTemp kelvin; RelHumidity percent; StaticPrs millibar; VertWindSpd m/s; WindDir degrees; WindSpd m/s
UNCERTAINTY: N/A
ULOD_FLAG: -7777
ULOD_VALUE: N/A
LLOD_FLAG: -8888
LLOD_VALUE: N/A
DM_CONTACT_INFO: Data Manager:Ken Aikin; email:Kenneth.C.Aikin@noaa.gov
PROJECT_INFO: SENEX 2013 Study; June 1 - July 15  2013
STIPULATIONS_ON_USE: Use of these data require prior ok from PI.
OTHER_COMMENTS:       None
REVISION: RA
RA: Preliminary Data.  For in-field use.
AOCTimewave  AmbTemp  DewPtTemp  DewPtTempTDL  H2Omr  PotTemp  RelHumidity  StaticPrs  VertWindSpd  WindDir  WindSpd
[from data line 6982]
85778.0  16.970  12.090  -23.940  10.16  301.19  72.53  876.96  0.73  25.54  6.84
85779.0  16.920  12.110  -23.940  10.17  301.16  72.85  876.83  0.63  26.37  6.91
85780.0  16.900  12.120  -23.940  10.18  301.13  72.94  876.91  0.77  25.11  6.75
85781.0  16.950  12.120  -23.940  10.17  301.16  72.72  877.10  0.73  24.16  6.69
85782.0  16.900  12.140  -23.940  10.19  301.12  73.08  876.91  0.63  23.56  6.74
85783.0  16.910  12.140  -23.940  10.19  301.13  73.00  877.02  0.64  23.60  6.95
85784.0  16.880  12.150  -23.940  10.20  301.08  73.25  877.12  0.65  22.97  7.06
85785.0  16.910  12.180  -23.940  10.22  301.12  73.22  877.10  0.79  22.05  7.05
85786.0  16.870  12.210  -23.940  10.23  301.08  73.53  877.15  0.82  21.08  6.92
85787.0  16.890  12.230  -23.940  10.25  301.11  73.54  877.03  0.85  20.59  6.84
85788.0  16.840  12.270  -23.940  10.28  301.06  73.98  876.98  0.94  20.20  6.80
85789.0  16.880  12.300  -23.940  10.30  301.09  73.98  877.03  1.00  19.89  6.85
85790.0  16.870  12.340  -23.940  10.33  301.08  74.22  877.02  1.04  19.03  6.72
85791.0  16.870  12.400  -23.940  10.37  301.08  74.46  877.07  1.08  19.84  7.05
85792.0  16.870  12.430  -23.940  10.39  301.08  74.67  877.06  1.02  21.07  7.20
85793.0  16.890  12.440  -23.940  10.40  301.10  74.63  877.07  1.01  22.99  7.35
85794.0  16.910  12.460  -23.940  10.41  301.13  74.57  877.00  0.90  24.19  7.00
85795.0  16.900  12.460  -23.940  10.41  301.12  74.65  876.95  0.83  24.70  7.27
85796.0  16.910  12.480  -23.940  10.42  301.14  74.68  876.90  0.89  25.03  7.20
85797.0  16.900  12.490  -23.940  10.43  301.12  74.84  876.88  0.96  25.24  7.04
85798.0  16.860  12.520  -23.940  10.46  301.09  75.14  876.90  1.01  25.43  7.24
85799.0  16.910  12.530  -23.940  10.46  301.14  74.99  876.86  1.06  24.32  7.38
85800.0  16.930  12.550  -23.940  10.48  301.17  74.98  876.71  1.15  26.01  7.53
85801.0  16.930  12.560  -23.940  10.48  301.17  75.01  876.74  1.30  26.97  7.41
85802.0  16.980  12.560  -23.940  10.48  301.21  74.77  876.92  1.08  29.05  7.56
85803.0  17.000  12.580  -23.940  10.50  301.23  74.78  876.95  0.98  31.62  7.60
85804.0  17.030  12.580  -23.940  10.49  301.25  74.60  877.06  1.05  33.04  7.51
85805.0  17.020  12.590  -23.940  10.50  301.24  74.73  877.05  1.00  33.56  7.53
85806.0  17.040  12.590  -23.940  10.50  301.25  74.62  877.16  0.90  33.93  7.62
85807.0  17.100  12.580  -23.940  10.49  301.32  74.30  877.00  0.96  34.77  7.65
85808.0  17.090  12.580  -23.940  10.50  301.33  74.34  876.88  0.87  35.39  7.58
85809.0  17.150  12.570  -23.940  10.49  301.39  74.00  876.88  0.71  34.43  7.58
85810.0  17.110  12.560  -23.940  10.48  301.34  74.15  876.94  0.66  34.48  7.50
85811.0  17.140  12.560  -23.940  10.48  301.36  74.02  877.07  0.70  34.01  7.41
85812.0  17.060  12.560  -23.940  10.48  301.28  74.38  877.07  0.78  34.43  7.35
85813.0  17.110  12.560  -23.940  10.48  301.34  74.11  876.98  0.70  35.06  7.42
85814.0  17.150  12.540  -23.940  10.47  301.37  73.88  877.06  0.80  37.64  7.54
85815.0  17.200  12.520  -23.940  10.45  301.42  73.52  877.03  0.94  38.08  7.78
85816.0  17.280  12.500  -23.940  10.44  301.50  73.04  877.13  0.94  38.05  7.65
85817.0  17.260  12.480  -23.940  10.43  301.48  73.07  877.09  1.02  37.75  7.51
85818.0  17.220  12.480  -23.940  10.42  301.43  73.22  877.19  0.98  37.85  7.17
85819.0  17.150  12.440  -23.940  10.40  301.36  73.38  877.17  1.03  38.14  7.15
85820.0  17.160  12.430  -23.940  10.39  301.37  73.28  877.17  1.11  38.37  7.03
85821.0  17.100  12.440  -23.940  10.39  301.30  73.58  877.23  1.22  40.43  6.82
85822.0  17.110  12.430  -23.940  10.39  301.32  73.52  877.19  1.21  40.63  6.93
85823.0  17.180  12.440  -23.940  10.39  301.40  73.18  877.14  1.31  40.92  7.01
85824.0  17.160  12.410  -23.940  10.38  301.37  73.19  877.16  1.35  40.08  7.00
85825.0  17.160  12.420  -23.940  10.38  301.37  73.24  877.13  1.36  40.01  6.96
85826.0  17.130  12.430  -23.940  10.39  301.35  73.45  877.02  1.33  41.82  6.88
85827.0  17.080  12.440  -23.940  10.39  301.30  73.69  877.08  1.15  40.92  7.00
85828.0  17.070  12.450  -23.940  10.40  301.28  73.83  877.12  1.12  41.07  7.02
85829.0  16.990  12.480  -23.940  10.42  301.20  74.32  877.12  1.08  40.48  7.05
85830.0  16.970  12.480  -23.940  10.42  301.18  74.42  877.07  1.30  40.51  7.02
85831.0  16.840  12.520  -23.940  10.45  301.05  75.23  877.06  1.33  36.45  6.71
85832.0  16.900  12.560  -23.940  10.48  301.12  75.16  877.02  1.18  39.24  7.01
85833.0  16.840  12.610  -23.940  10.52  301.05  75.71  877.00  1.19  38.95  6.82
85834.0  16.890  12.660  -23.940  10.55  301.10  75.75  877.01  1.15  37.48  6.84
85835.0  16.830  12.690  -23.940  10.57  301.04  76.18  877.04  1.06  38.22  6.97
85836.0  16.860  12.720  -23.940  10.59  301.06  76.17  877.23  1.01  39.48  6.96
85837.0  16.840  12.760  -23.940  10.62  301.03  76.48  877.24  0.95  39.53  6.89
85838.0  16.800  12.790  -23.940  10.64  300.99  76.81  877.27  0.98  39.70  6.85
85839.0  16.760  12.840  -23.940  10.67  300.95  77.24  877.29  1.07  38.13  6.58
85840.0  16.800  12.890  -23.940  10.71  300.99  77.34  877.19  0.98  39.30  6.52
85841.0  16.760  12.940  -23.940  10.75  300.94  77.83  877.22  0.84  38.85  6.40
85842.0  16.820  12.980  -23.940  10.77  301.01  77.69  877.26  0.82  38.34  6.55
85843.0  16.790  13.020  -23.940  10.80  300.98  78.07  877.23  0.75  39.44  6.56
85844.0  16.840  13.050  -23.940  10.82  301.02  77.97  877.30  0.76  40.64  6.44
85845.0  16.790  13.070  -23.940  10.84  300.98  78.30  877.29  0.76  40.05  6.47
85846.0  16.860  13.070  -23.940  10.84  301.04  78.00  877.32  0.83  40.50  6.48
85847.0  16.790  13.090  -23.940  10.86  300.99  78.41  877.18  0.88  38.76  6.57
85848.0  16.840  13.100  -23.940  10.86  301.03  78.20  877.28  0.72  38.33  6.51
85849.0  16.820  13.110  -23.940  10.87  300.99  78.37  877.44  0.64  40.31  6.55
85850.0  16.890  13.110  -23.940  10.87  301.07  78.05  877.38  0.67  40.23  6.71
85851.0  16.920  13.110  -23.940  10.87  301.11  77.89  877.26  0.71  40.47  6.64
85852.0  16.860  13.100  -23.940  10.86  301.03  78.12  877.48  0.70  39.14  6.42
85853.0  16.870  13.090  -23.940  10.86  301.05  78.05  877.32  0.60  38.68  6.39
85854.0  16.870  13.110  -23.940  10.87  301.06  78.15  877.25  0.39  38.99  6.33
85855.0  16.830  13.100  -23.940  10.86  301.01  78.30  877.30  0.47  37.56  6.25
85856.0  16.840  13.090  -23.940  10.85  301.00  78.20  877.48  0.49  38.15  6.32
85857.0  16.880  13.090  -23.940  10.85  301.07  77.98  877.26  0.53  38.83  6.50
85858.0  16.860  13.090  -23.940  10.86  301.06  78.11  877.12  0.47  39.68  6.58
85859.0  16.890  13.080  -23.940  10.85  301.09  77.82  877.17  0.46  39.66  6.41
85860.0  16.890  13.070  -23.940  10.84  301.10  77.82  877.08  0.24  39.77  6.75
85861.0  16.870  13.070  -23.940  10.84  301.08  77.88  877.05  0.21  39.91  6.41
85862.0  16.850  13.040  -23.940  10.82  301.05  77.87  877.13  0.11  39.92  6.61
85863.0  16.840  13.040  -23.940  10.82  301.03  77.89  877.24  0.26  38.54  6.33
85864.0  16.880  13.050  -23.940  10.82  301.07  77.72  877.27  0.19  37.93  6.82
85865.0  16.890  13.030  -23.940  10.81  301.07  77.60  877.41  -0.07  37.17  7.19
85866.0  16.880  13.030  -23.940  10.81  301.07  77.63  877.24  -0.13  37.15  6.84
85867.0  16.850  13.020  -23.940  10.81  301.05  77.76  877.16  -0.11  35.84  6.73
85868.0  16.850  13.020  -23.940  10.81  301.04  77.77  877.21  -0.26  36.49  6.91
85869.0  16.900  13.020  -23.940  10.81  301.11  77.50  877.16  -0.25  36.77  7.07
85870.0  16.840  13.020  -23.940  10.81  301.05  77.79  877.08  -0.04  36.85  6.94
85871.0  16.900  13.000  -23.940  10.79  301.11  77.41  877.09  0.00  38.18  7.00
85872.0  16.880  13.000  -23.940  10.79  301.09  77.46  877.13  -0.06  38.61  7.11
85873.0  16.920  12.980  -23.940  10.77  301.12  77.19  877.10  -0.18  38.93  7.03
85874.0  16.890  12.950  -23.940  10.76  301.09  77.20  877.13  -0.26  39.42  7.13
85875.0  16.950  12.940  -23.940  10.75  301.16  76.86  877.06  -0.23  40.74  7.18
85876.0  16.890  12.920  -23.940  10.73  301.10  77.02  877.05  -0.16  39.69  7.16
85877.0  16.950  12.890  -23.940  10.71  301.15  76.58  877.20  -0.18  39.33  7.28
85878.0  16.920  12.880  -23.940  10.70  301.12  76.67  877.19  -0.22  39.03  7.23
85879.0  16.950  12.870  -23.940  10.70  301.15  76.48  877.20  -0.11  38.12  7.18
85880.0  16.910  12.860  -23.940  10.69  301.11  76.62  877.18  -0.08  35.38  7.02
85881.0  16.900  12.830  -23.940  10.67  301.11  76.51  877.12  -0.04  35.16  7.13
85882.0  16.940  12.820  -23.940  10.66  301.15  76.28  877.09  0.08  34.93  7.17
85883.0  16.930  12.800  -23.940  10.65  301.14  76.19  877.12  0.39  35.24  7.21
85884.0  16.970  12.800  -23.940  10.65  301.18  76.03  877.08  0.50  34.36  7.45
85885.0  17.000  12.780  -23.940  10.63  301.23  75.76  876.88  0.45  33.84  7.55
85886.0  17.010  12.750  -23.940  10.62  301.24  75.58  876.93  0.66  33.92  7.66
85887.0  17.070  12.710  -23.940  10.59  301.31  75.06  876.80  0.71  34.42  7.72
85888.0  17.030  12.680  -23.940  10.56  301.26  75.12  876.88  0.91  33.89  7.58
85889.0  17.040  12.650  -23.940  10.55  301.28  74.95  876.81  1.04  33.99  7.58
85890.0  17.040  12.630  -23.940  10.53  301.29  74.84  876.74  1.06  34.90  7.52
85891.0  16.980  12.610  -23.940  10.52  301.22  75.05  876.79  0.86  34.62  7.66
85892.0  16.950  12.590  -23.940  10.50  301.18  75.05  876.89  0.86  32.22  7.76
85893.0  16.950  12.560  -23.940  10.48  301.18  74.95  876.81  0.87  31.44  7.63
85894.0  16.920  12.530  -23.940  10.46  301.16  74.93  876.74  1.06  30.95  7.47
85895.0  16.870  12.510  -23.940  10.45  301.13  75.05  876.59  1.32  31.73  7.53
85896.0  16.880  12.510  -23.940  10.45  301.13  75.00  876.65  1.35  31.23  7.49
85897.0  16.850  12.490  -23.940  10.43  301.09  75.02  876.77  1.18  32.13  7.40
85898.0  16.810  12.460  -23.940  10.41  301.05  75.12  876.72  1.24  31.91  7.42
85899.0  16.830  12.450  -23.940  10.41  301.06  74.96  876.82  1.16  32.67  7.47
85900.0  16.820  12.430  -23.940  10.40  301.06  74.92  876.69  1.07  32.62  7.47
85901.0  16.800  12.430  -23.940  10.39  301.04  74.98  876.75  1.02  32.07  7.54
85902.0  16.840  12.420  -23.940  10.39  301.09  74.73  876.72  0.97  32.03  7.51
85903.0  16.870  12.420  -23.940  10.39  301.11  74.61  876.71  0.98  33.22  7.60
85904.0  16.830  12.420  -23.940  10.38  301.07  74.78  876.73  0.80  32.61  7.75
85905.0  16.910  12.420  -23.940  10.39  301.15  74.43  876.71  0.62  32.38  7.77
85906.0  16.910  12.400  -23.940  10.37  301.14  74.35  876.81  0.72  32.50  7.78
85907.0  16.920  12.380  -23.940  10.35  301.15  74.17  876.88  0.69  32.86  7.86
85908.0  16.990  12.350  -23.940  10.34  301.21  73.70  876.99  0.74  33.03  7.91
85909.0  16.980  12.320  -23.940  10.32  301.20  73.62  876.95  0.91  33.37  7.94
85910.0  16.950  12.300  -23.940  10.31  301.19  73.67  876.79  1.12  33.60  7.97
85911.0  16.990  12.290  -23.940  10.29  301.23  73.35  876.81  1.22  34.25  8.09
85912.0  17.000  12.260  -23.940  10.28  301.25  73.21  876.73  1.50  33.81  8.03
85913.0  16.950  12.240  -23.940  10.26  301.19  73.35  876.78  1.45  33.58  7.95
85914.0  16.970  12.210  -23.940  10.24  301.21  73.12  876.76  1.31  33.87  7.87
85915.0  17.030  12.180  -23.940  10.22  301.26  72.69  876.87  1.20  35.29  8.03
85916.0  16.990  12.140  -23.940  10.19  301.24  72.65  876.71  1.37  35.98  7.92
85917.0  17.030  12.090  -23.940  10.16  301.27  72.25  876.83  1.45  35.65  8.04
85918.0  16.970  12.060  -23.940  10.14  301.20  72.35  876.91  1.40  35.55  7.95
85919.0  16.980  12.040  -23.940  10.12  301.22  72.22  876.84  1.29  36.32  7.79
85920.0  17.030  12.010  -23.940  10.11  301.27  71.86  876.81  1.23  37.21  7.74
85921.0  17.010  11.990  -23.940  10.09  301.24  71.84  876.94  1.27  36.85  7.81
85922.0  16.980  11.980  -23.940  10.08  301.20  71.95  877.03  1.02  36.85  7.86
85923.0  16.970  11.980  -23.940  10.08  301.19  71.96  877.09  0.98  37.51  7.79
85924.0  16.990  11.990  -23.940  10.09  301.21  71.92  876.97  1.05  36.04  7.69
85925.0  17.000  11.980  -23.940  10.08  301.21  71.86  877.08  1.10  36.77  7.69
85926.0  16.990  11.990  -23.940  10.09  301.21  71.95  877.03  1.19  36.11  7.72
85927.0  16.980  11.990  -23.940  10.09  301.19  71.99  877.11  1.16  36.88  7.90
85928.0  17.020  11.990  -23.940  10.09  301.23  71.79  877.16  0.93  36.90  7.86
85929.0  16.970  11.990  -23.940  10.09  301.18  72.03  877.12  0.59  36.82  7.65
85930.0  16.960  12.010  -23.940  10.10  301.17  72.18  877.17  0.47  36.60  7.79
85931.0  16.970  12.020  -23.940  10.11  301.19  72.17  877.03  0.44  36.68  7.79
85932.0  17.040  12.020  -23.940  10.11  301.25  71.85  877.08  0.22  38.00  7.84
85933.0  17.020  12.050  -23.940  10.13  301.24  72.10  877.07  0.33  35.77  7.82
85934.0  17.060  12.040  -23.940  10.12  301.28  71.86  877.05  0.51  35.72  7.85
85935.0  17.070  12.030  -23.940  10.12  301.30  71.76  876.99  0.68  35.40  7.78
85936.0  17.020  12.030  -23.940  10.12  301.26  71.99  876.89  0.70  35.48  7.79
85937.0  17.030  12.040  -23.940  10.12  301.26  71.98  876.95  0.78  35.13  7.85
85938.0  17.050  12.040  -23.940  10.12  301.28  71.89  876.96  0.89  36.04  7.72
85939.0  17.030  12.020  -23.940  10.11  301.25  71.86  877.10  0.95  36.37  7.69
85940.0  16.970  12.010  -23.940  10.10  301.19  72.10  877.02  0.95  36.20  7.65
85941.0  16.990  12.010  -23.940  10.10  301.21  72.02  877.00  0.85  36.49  7.66
85942.0  16.870  12.030  -23.940  10.11  301.09  72.65  877.04  0.96  32.75  7.22
85943.0  16.890  12.020  -23.940  10.11  301.12  72.57  876.91  1.04  33.81  7.08
85944.0  16.870  12.070  -23.940  10.14  301.10  72.88  876.85  1.30  34.22  6.98
85945.0  16.810  12.110  -23.940  10.17  301.05  73.34  876.79  1.29  34.74  6.48
85946.0  16.800  12.110  -23.940  10.17  301.03  73.43  876.85  1.17  37.63  6.61
85947.0  16.740  12.150  -23.940  10.20  300.97  73.89  876.81  0.86  38.03  6.80
85948.0  16.730  12.180  -23.940  10.22  300.94  74.09  876.97  0.58  30.33  7.50
85949.0  16.690  12.230  -23.940  10.25  300.93  74.49  876.78  1.06  31.27  6.69
85950.0  16.540  12.290  -23.940  10.30  300.77  75.59  876.68  1.26  27.61  6.54
85951.0  16.440  12.370  -23.940  10.35  300.66  76.45  876.81  1.47  28.60  6.28
85952.0  16.500  12.490  -23.940  10.44  300.73  76.80  876.67  0.51  32.58  6.81
85953.0  16.460  12.670  -23.940  10.56  300.70  77.88  876.65  1.91  22.07  6.35
85954.0  16.590  12.870  -23.940  10.71  300.82  78.33  876.69  1.70  32.64  5.74
85955.0  16.660  13.010  -23.940  10.81  300.90  78.67  876.68  0.52  38.63  6.12
85956.0  16.690  13.060  -23.940  10.84  300.92  78.77  876.79  0.24  38.41  5.50
85957.0  16.770  13.050  -23.940  10.83  301.00  78.32  876.85  0.17  32.29  6.13
85958.0  16.690  13.050  -23.940  10.83  300.93  78.68  876.74  0.65  29.44  6.13
85959.0  16.750  13.070  -23.940  10.85  300.98  78.52  876.80  0.89  31.17  6.81
85960.0  16.840  13.150  -23.940  10.91  301.08  78.49  876.74  0.47  31.67  7.86
85961.0  16.830  13.250  -23.940  10.97  301.06  79.01  876.90  0.52  35.86  6.73
85962.0  16.810  13.290  -23.940  11.00  301.03  79.33  877.00  0.62  37.40  6.22
85963.0  16.790  13.240  -23.940  10.96  300.99  79.19  877.10  0.96  37.93  6.12
85964.0  16.700  13.170  -23.940  10.91  300.91  79.30  876.95  1.13  35.50  5.52
85965.0  16.600  13.140  -23.940  10.89  300.80  79.68  877.00  1.25  34.91  5.54
85966.0  16.600  13.180  -23.940  10.93  300.82  79.92  876.81  1.33  34.92  5.45
85967.0  16.510  13.280  -23.940  11.00  300.73  80.88  876.84  1.32  37.87  5.58
85968.0  16.530  13.300  -23.940  11.01  300.74  80.87  876.90  1.08  41.44  5.51
85969.0  16.430  13.190  -23.940  10.93  300.63  80.81  877.05  0.71  41.47  5.37
85970.0  16.410  13.090  -23.940  10.85  300.61  80.36  876.97  0.70  41.14  5.39
85971.0  16.380  13.060  -23.940  10.84  300.57  80.40  877.07  0.75  38.64  5.21
