flight/WP3D/AircraftMis_NP3_20130619_RA.ict
41  1001
Ken Aikin
NOAA ESRL Chemical Sciences Division
various aircraft sensors
SENEX 2013
1  1
2013  06  19  2013  06  20
1
AOCTimewave
8
1  1  1  1  1  1  1  1
-9999  -9999  -9999  -9999  -9999  -9999  -9999  -9999
Attack  deg
CabinPrs  mbar
GndSpd  m/s
Heading  deg
Pitch  deg
Roll  deg
Slip  deg
TrueAirSpd  m/s
1
SPECIAL COMMENTS:Flight into night over Atlanta.
18
PI_CONTACT_INFO: Address: NOAA ESRL Chemical Sciences Division  Mail Stop R/CSD7  325 Broadway  Boulder  CO 80305
PLATFORM: NOAA WP-3D
LOCATION: The aircraft was stationed in  Smyrna  Tennessee. Aircraft location information in AircraftPosition file.
ASSOCIATED_DATA: N/A
INSTRUMENT_INFO: N/A
DATA_INFO: Units: Attack degrees; CabinPrs millibar; GndSpd m/s; Heading degrees; Pitch degrees; Roll degrees; Slip degrees; TrueAirSpd m/s
UNCERTAINTY: N/A
ULOD_FLAG: -7777
ULOD_VALUE: N/A
LLOD_FLAG: -8888
LLOD_VALUE: N/A
DM_CONTACT_INFO: Data Manager:Ken Aikin; email:Kenneth.C.Aikin@noaa.gov
PROJECT_INFO: SENEX 2013 Study; June 1 - July 15  2013
STIPULATIONS_ON_USE: Use of these data require prior ok from PI.
OTHER_COMMENTS:       None
REVISION: RA
RA: Preliminary Data.  For in-field use.
AOCTimewave  Attack  CabinPrs  GndSpd  Heading  Pitch  Roll  Slip  TrueAirSpd
[from data line 3447]
84483.0  2.3  983.4  120.0  261.5  2.64  0.45  -0.15  114.4
84484.0  2.6  983.5  120.0  261.6  2.80  -0.16  -0.40  113.9
84485.0  2.9  983.2  120.0  261.6  2.88  -0.76  -0.40  113.8
84486.0  2.7  983.3  119.9  261.5  2.77  0.84  -0.10  114.5
84487.0  2.7  983.4  119.9  261.7  2.73  1.75  0.09  114.1
84488.0  2.7  982.9  119.9  262.1  2.70  1.32  -0.37  114.0
84489.0  2.6  983.1  119.9  262.2  2.62  -0.05  -0.66  113.8
84490.0  2.7  983.2  119.9  262.1  2.62  -0.05  -0.34  113.9
84491.0  2.8  983.0  119.9  262.1  2.78  -1.70  -0.37  114.0
84492.0  2.5  983.2  119.9  262.1  2.63  -2.01  -0.54  113.9
84493.0  2.5  982.8  119.9  261.8  2.61  -0.42  -0.15  113.5
84494.0  2.7  983.6  119.9  261.7  2.79  -0.44  -0.21  113.2
84495.0  2.9  983.1  119.9  261.7  2.86  -0.83  -0.39  113.2
84496.0  2.6  983.2  119.8  261.7  2.72  -0.50  -0.21  114.2
84497.0  2.8  983.3  119.8  261.7  2.76  -0.15  -0.36  114.7
84498.0  2.8  983.5  119.8  261.7  2.78  -0.78  -0.16  114.8
84499.0  2.7  983.5  119.7  261.8  2.60  -3.69  -1.08  114.5
84500.0  2.4  983.4  119.8  261.2  2.45  -5.35  -0.96  114.4
84501.0  2.5  983.4  119.8  260.4  2.75  -3.30  -0.07  114.3
84502.0  2.7  982.9  119.7  260.0  2.92  0.23  0.31  113.6
84503.0  2.8  983.4  119.7  260.3  2.93  2.56  0.45  113.2
84504.0  2.6  983.0  119.6  260.9  2.79  4.17  0.06  113.4
84505.0  2.7  983.3  119.6  261.6  2.79  4.66  -0.24  113.0
84506.0  2.7  983.3  119.6  262.2  2.79  4.34  -0.49  113.0
84507.0  2.8  983.3  119.6  262.6  2.84  4.04  -0.48  113.3
84508.0  2.8  983.6  119.5  262.9  2.92  3.14  -0.39  113.0
84509.0  2.7  983.5  119.5  263.2  2.82  2.05  -0.50  112.9
84510.0  2.8  983.2  119.5  263.3  2.89  0.92  -0.61  112.9
84511.0  2.8  983.5  119.4  263.4  2.99  0.00  -0.61  113.0
84512.0  2.8  983.2  119.4  263.3  3.05  -1.17  -0.54  113.1
84513.0  2.9  983.0  119.4  263.1  2.95  -1.84  -0.42  112.9
84514.0  2.8  983.0  119.3  263.0  2.89  -2.10  -0.49  112.8
84515.0  2.7  983.5  119.3  262.8  2.89  -2.60  -0.41  112.9
84516.0  2.8  983.2  119.3  262.5  2.94  -3.28  -0.51  112.8
84517.0  2.9  983.2  119.3  262.2  2.93  -3.58  -0.45  112.8
84518.0  2.6  983.5  119.3  261.9  2.87  -3.97  -0.70  112.6
84519.0  3.0  983.6  119.3  261.4  3.04  -4.59  -0.43  112.8
84520.0  3.0  983.5  119.2  261.0  3.20  -4.66  -0.39  112.7
84521.0  2.8  983.3  119.2  260.7  3.01  -3.12  -0.15  112.9
84522.0  2.7  983.7  119.2  260.4  2.91  -2.47  -0.10  113.4
84523.0  2.8  983.4  119.2  260.3  2.87  -2.39  -0.55  113.4
84524.0  2.6  983.2  119.2  260.0  2.67  -1.95  -0.36  113.1
84525.0  2.6  983.4  119.2  259.8  2.55  -1.99  -0.12  113.2
84526.0  2.6  983.2  119.2  259.6  2.70  -2.50  -0.23  113.2
84527.0  2.6  983.2  119.3  259.5  2.72  -2.77  -0.32  112.7
84528.0  2.7  983.3  119.3  259.3  2.77  -3.12  -0.61  113.9
84529.0  2.5  983.2  119.3  258.9  2.78  -3.14  -0.59  114.0
84530.0  2.7  983.1  119.3  258.4  2.84  -3.16  -0.61  113.6
84531.0  2.9  983.6  119.2  257.9  3.03  -2.04  0.30  113.3
84532.0  2.9  983.6  119.2  258.0  3.05  -1.22  0.02  113.6
84533.0  2.9  983.3  119.2  258.1  2.93  -1.13  -0.39  113.8
84534.0  2.6  983.6  119.2  258.0  2.74  -1.09  -0.36  114.6
84535.0  2.5  983.4  119.2  257.8  2.69  -0.72  0.32  114.1
84536.0  2.8  983.7  119.2  258.0  2.86  -0.65  0.00  114.0
84537.0  2.7  983.4  119.1  258.2  2.80  0.52  -0.38  114.1
84538.0  2.5  983.3  119.1  258.3  2.68  1.14  -0.35  114.5
84539.0  2.7  983.5  119.1  258.3  2.70  0.70  -0.06  114.4
84540.0  2.6  983.3  119.1  258.5  2.72  -0.30  -0.40  114.0
84541.0  2.7  983.5  119.1  258.4  2.67  -0.24  -0.42  113.8
84542.0  2.7  983.7  119.2  258.3  2.66  2.45  -0.12  113.7
84543.0  2.5  983.6  119.2  258.4  2.57  5.00  0.35  113.2
84544.0  2.7  983.8  119.2  259.1  2.73  6.81  0.55  112.3
84545.0  3.0  983.6  119.2  260.0  2.91  7.55  -0.18  112.5
84546.0  2.8  983.6  119.2  260.8  2.76  7.54  -0.07  112.5
84547.0  2.8  983.6  119.2  261.5  2.75  7.16  -0.28  113.2
84548.0  2.6  983.5  119.2  262.1  2.64  7.35  -0.22  113.8
84549.0  2.6  983.6  119.2  262.7  2.58  7.51  -0.44  113.5
84550.0  2.9  983.1  119.2  263.3  2.72  7.56  -0.43  113.5
84551.0  3.0  983.5  119.2  263.8  2.70  6.81  -0.41  114.1
84552.0  2.5  983.7  119.2  264.2  2.48  5.69  -0.34  114.3
84553.0  2.5  983.5  119.2  264.7  2.45  6.64  -0.16  114.2
84554.0  2.6  983.3  119.2  265.2  2.53  6.09  -0.32  114.3
84555.0  2.5  983.6  119.2  265.7  2.53  5.04  -0.34  113.6
84556.0  2.7  983.5  119.2  266.0  2.52  4.30  -0.40  113.8
84557.0  2.7  983.0  119.2  266.3  2.61  3.27  -0.40  114.2
84558.0  2.6  983.5  119.3  266.5  2.51  2.97  -0.55  113.9
84559.0  2.7  983.0  119.3  266.6  2.48  2.89  -0.16  113.6
84560.0  2.7  983.4  119.3  266.8  2.63  2.24  0.00  113.7
84561.0  2.7  983.4  119.3  267.1  2.63  0.84  -0.25  113.6
84562.0  2.7  983.8  119.4  267.3  2.63  -0.19  -0.21  113.5
84563.0  2.7  983.2  119.4  267.3  2.63  -0.13  -0.55  113.2
84564.0  2.7  983.4  119.4  267.2  2.68  -0.65  -0.35  113.4
84565.0  2.9  983.5  119.5  267.1  2.73  -2.08  -0.55  114.4
84566.0  2.9  983.3  119.5  266.8  2.72  -3.50  -0.84  114.7
84567.0  2.5  983.2  119.5  266.3  2.43  -3.31  -0.89  114.3
84568.0  2.2  982.9  119.6  265.5  2.38  -2.75  0.14  113.7
84569.0  2.8  983.1  119.6  265.3  2.85  -3.32  -0.07  113.6
84570.0  2.9  983.5  119.6  265.3  2.83  -3.66  -0.63  113.7
84571.0  2.6  983.3  119.6  264.9  2.64  -3.74  -0.47  113.6
84572.0  2.7  983.4  119.6  264.4  2.68  -1.84  -0.12  113.9
84573.0  2.5  983.6  119.6  264.3  2.66  -0.55  0.08  113.7
84574.0  2.9  983.2  119.7  264.4  2.74  -0.94  -0.01  113.5
84575.0  2.4  983.4  119.7  264.5  2.59  -1.16  -0.10  113.5
84576.0  2.6  983.5  119.7  264.6  2.59  -0.81  -0.30  113.2
84577.0  2.8  983.2  119.8  264.6  2.76  -0.20  -0.59  113.9
84578.0  2.7  983.3  119.7  264.4  2.77  0.15  -0.49  114.0
84579.0  2.7  983.5  119.8  264.3  2.73  -0.08  -0.15  114.2
84580.0  2.7  983.7  119.7  264.3  2.74  -0.95  -0.01  113.8
84581.0  2.7  983.5  119.7  264.5  2.81  -1.90  -0.61  114.1
84582.0  2.4  983.4  119.8  264.3  2.65  -1.94  -0.43  113.7
84583.0  2.8  983.4  119.7  264.0  2.83  -0.21  -0.35  114.0
84584.0  2.6  983.4  119.7  264.0  2.90  1.11  0.17  113.8
84585.0  2.8  983.1  119.7  264.3  2.90  1.13  0.24  113.6
84586.0  2.7  983.1  119.7  264.8  2.83  0.59  -0.47  113.9
84587.0  2.7  983.6  119.7  264.9  2.79  -0.65  -0.63  114.2
84588.0  2.6  983.1  119.7  264.7  2.73  -0.95  -0.64  113.8
84589.0  2.7  983.8  119.7  264.5  2.77  0.66  -0.25  113.9
84590.0  2.8  983.6  119.6  264.4  2.86  1.36  -0.09  113.8
84591.0  2.6  983.4  119.6  264.7  2.85  0.85  -0.30  113.8
84592.0  2.6  983.3  119.6  264.8  2.76  0.77  -0.01  113.3
84593.0  2.7  983.4  119.6  265.0  2.87  1.46  -0.31  113.5
84594.0  2.7  983.7  119.6  265.1  2.83  2.26  -0.30  113.4
84595.0  2.7  983.8  119.6  265.3  2.78  2.26  -0.24  113.7
84596.0  2.6  983.8  119.6  265.5  2.73  1.50  -0.26  113.8
84597.0  2.7  983.5  119.6  265.7  2.72  1.84  -0.09  114.2
84598.0  2.8  983.7  119.6  266.0  2.72  2.08  -0.62  114.4
84599.0  2.6  983.5  119.6  266.1  2.55  2.25  -0.68  114.5
84600.0  2.6  983.6  119.6  266.0  2.51  1.36  -0.36  114.6
84601.0  2.3  983.3  119.6  266.0  2.53  1.40  -0.10  114.4
84602.0  2.6  983.4  119.6  266.2  2.64  0.93  -0.28  114.3
84603.0  2.8  983.4  119.6  266.3  2.68  -0.08  -0.85  114.1
84604.0  2.7  983.3  119.6  266.1  2.57  0.14  -0.58  113.5
84605.0  2.7  983.9  119.7  265.8  2.50  0.02  -0.09  113.3
84606.0  2.5  983.5  119.7  265.8  2.54  -0.16  0.00  113.5
84607.0  2.5  983.8  119.8  265.9  2.56  0.43  -0.12  113.4
84608.0  2.8  983.5  119.8  266.0  2.67  0.69  0.10  113.9
84609.0  2.7  983.6  119.8  266.3  2.72  0.31  -0.15  114.2
84610.0  2.5  983.1  119.8  266.5  2.61  0.27  -0.39  114.0
84611.0  2.5  983.7  119.8  266.5  2.65  0.75  -0.41  113.4
84612.0  2.8  983.5  119.8  266.5  2.80  1.46  -0.11  113.3
84613.0  3.0  983.3  119.8  266.7  2.90  1.54  -0.43  112.9
84614.0  2.8  983.7  119.8  266.8  2.74  0.58  -0.75  113.1
84615.0  2.7  983.5  119.9  266.7  2.80  -0.15  -0.60  113.2
84616.0  2.8  983.2  119.9  266.5  2.92  0.21  -0.49  113.7
84617.0  2.9  983.9  119.9  266.3  2.86  0.04  -0.07  113.2
84618.0  2.6  983.7  119.8  266.4  2.77  0.35  0.28  112.9
84619.0  2.8  983.3  119.9  266.7  2.83  0.66  -0.17  112.9
84620.0  2.7  983.4  119.9  266.9  2.87  0.90  -0.47  113.2
84621.0  2.7  983.6  119.9  266.9  2.81  0.23  -0.21  113.1
84622.0  2.7  983.6  119.9  267.0  2.84  -0.21  -0.08  113.1
84623.0  2.8  983.3  119.9  267.2  2.80  0.27  -0.44  113.7
84624.0  2.6  983.3  119.9  267.2  2.72  1.10  -0.32  113.8
84625.0  2.7  983.7  119.9  267.3  2.74  1.70  -0.34  113.5
84626.0  2.6  983.7  119.8  267.4  2.70  2.08  -0.13  114.0
84627.0  2.7  983.6  119.8  267.7  2.72  2.82  -0.15  114.0
84628.0  2.6  983.5  119.8  268.0  2.64  3.65  -0.19  114.0
84629.0  2.6  983.6  119.9  268.3  2.57  4.03  -0.08  113.5
84630.0  2.8  983.8  119.9  268.8  2.67  4.17  -0.21  113.5
84631.0  2.7  983.5  119.9  269.3  2.69  4.41  -0.18  113.1
84632.0  2.6  983.8  119.9  269.7  2.60  4.65  -0.55  113.6
84633.0  2.8  983.6  119.9  270.0  2.74  4.60  -0.32  113.6
84634.0  2.7  983.6  119.9  270.3  2.73  2.13  -0.43  113.5
84635.0  2.5  983.6  119.9  270.5  2.62  -1.44  -0.86  113.5
84636.0  2.7  983.5  119.9  270.2  2.66  -4.15  -0.98  113.6
84637.0  2.9  983.6  120.0  269.5  2.80  -6.10  -0.55  113.5
84638.0  2.9  983.4  120.0  268.9  2.89  -7.61  -0.53  113.5
84639.0  2.6  983.6  120.0  268.2  2.78  -8.31  -0.47  113.5
84640.0  2.7  983.6  120.0  267.4  2.85  -8.13  -0.27  113.7
84641.0  2.8  983.5  120.1  266.6  2.97  -7.01  -0.02  113.3
84642.0  2.8  984.0  120.1  266.1  3.01  -4.90  -0.14  112.4
84643.0  2.7  983.9  120.1  265.8  2.82  -2.95  -0.16  112.9
84644.0  2.7  983.9  120.1  265.6  2.81  -3.38  -0.21  113.2
84645.0  3.0  983.5  120.1  265.5  3.04  -3.47  -0.48  113.1
84646.0  2.8  983.5  120.1  265.2  2.93  -2.90  -0.38  113.5
84647.0  2.7  983.5  120.1  265.0  2.81  -1.93  -0.56  113.8
84648.0  2.7  983.3  120.1  264.8  2.74  -1.61  -0.33  114.9
84649.0  2.7  983.6  120.0  264.6  2.70  -1.87  -0.76  115.5
84650.0  2.3  983.7  120.1  264.3  2.51  -1.10  -0.40  115.0
84651.0  2.5  983.4  120.0  264.0  2.53  -0.10  -0.29  115.7
84652.0  2.5  984.1  120.0  264.1  2.63  0.83  -0.25  114.5
84653.0  2.5  983.8  120.0  264.1  2.64  0.21  -0.03  114.8
84654.0  2.6  983.7  120.0  264.4  2.59  -0.98  -0.69  114.7
84655.0  2.5  983.9  120.1  264.2  2.49  -2.28  -0.26  114.2
84656.0  2.5  984.2  120.1  264.0  2.51  -2.79  -0.32  114.0
84657.0  2.7  983.6  120.1  263.8  2.66  -2.51  -0.40  113.6
84658.0  2.7  983.5  120.2  263.5  2.65  -1.97  0.00  113.2
84659.0  2.7  983.4  120.2  263.5  2.63  -1.64  -0.17  113.5
84660.0  2.7  983.4  120.2  263.5  2.59  -1.04  -0.31  113.4
84661.0  2.7  983.6  120.3  263.5  2.56  -0.90  -0.46  113.4
84662.0  2.7  983.2  120.3  263.4  2.57  -1.38  -0.29  113.3
84663.0  2.7  983.3  120.4  263.3  2.64  -1.46  -0.17  113.7
84664.0  2.6  983.4  120.4  263.2  2.67  -1.52  -0.51  113.6
84665.0  2.7  983.7  120.4  263.0  2.71  -0.93  -0.28  113.7
84666.0  2.8  983.9  120.5  263.0  2.80  -0.36  0.05  113.4
84667.0  2.7  984.1  120.4  263.1  2.84  0.24  -0.05  113.5
84668.0  2.7  983.9  120.4  263.4  2.78  0.58  -0.24  113.6
84669.0  2.6  983.7  120.4  263.5  2.66  0.41  -0.69  113.7
84670.0  2.7  983.7  120.5  263.5  2.70  0.07  -0.50  113.7
84671.0  2.7  983.6  120.5  263.3  2.77  -0.48  -0.50  113.8
84672.0  2.6  983.7  120.4  263.2  2.76  -0.48  -0.40  114.4
84673.0  2.7  983.3  120.4  263.1  2.79  -0.45  -0.15  114.2
84674.0  2.7  983.4  120.4  263.1  2.76  -0.16  -0.05  114.5
84675.0  2.6  983.5  120.4  263.2  2.72  -0.25  -0.26  114.4
84676.0  2.5  983.3  120.4  263.3  2.60  -0.22  -0.27  114.0
84677.0  2.6  983.5  120.4  263.3  2.67  0.09  -0.37  114.0
84678.0  2.7  983.6  120.4  263.4  2.71  0.36  -0.51  114.2
84679.0  2.6  983.8  120.4  263.3  2.70  0.41  -0.35  114.1
84680.0  2.5  983.6  120.4  263.3  2.64  1.01  -0.14  113.6
84681.0  2.7  984.1  120.4  263.5  2.67  0.70  -0.29  113.4
84682.0  2.7  983.8  120.5  263.6  2.74  0.05  -0.09  113.4
84683.0  2.8  983.8  120.5  263.7  2.82  -0.49  -0.54  113.8
84684.0  2.7  983.5  120.5  263.7  2.76  0.00  -0.35  113.6
84685.0  2.5  983.5  120.5  263.7  2.64  0.29  -0.37  113.7
84686.0  2.8  983.4  120.5  263.6  2.76  -0.30  -0.52  113.6
84687.0  2.7  983.6  120.5  263.6  2.81  0.26  -0.25  113.3
84688.0  2.8  983.6  120.5  263.5  2.83  0.61  0.08  113.7
84689.0  2.8  983.4  120.5  263.8  2.86  0.42  -0.45  113.5
84690.0  2.5  983.5  120.5  263.8  2.61  0.71  -0.32  113.6
84691.0  2.7  983.8  120.5  263.8  2.72  0.34  -0.55  113.5
84692.0  2.7  984.1  120.5  263.7  2.71  0.20  -0.47  113.0
84693.0  2.6  983.8  120.5  263.6  2.75  1.51  0.09  113.5
84694.0  2.8  983.8  120.5  263.9  2.93  2.44  0.08  113.4
84695.0  2.6  983.6  120.5  264.3  2.75  1.77  -0.31  113.3
84696.0  2.7  983.7  120.5  264.5  2.69  1.35  -0.46  113.9
84697.0  2.5  983.9  120.5  264.6  2.74  0.78  -0.13  113.8
84698.0  2.8  983.2  120.5  264.8  2.83  0.78  -0.52  113.8
84699.0  2.9  983.7  120.5  264.7  2.78  0.28  -0.67  113.8
84700.0  2.4  983.1  120.5  264.5  2.58  -0.10  -0.42  113.7
84701.0  2.8  983.7  120.5  264.3  2.77  0.09  -0.49  113.6
84702.0  2.8  983.8  120.5  264.2  2.82  0.47  -0.31  114.5
84703.0  2.4  983.6  120.5  264.1  2.71  0.71  -0.25  115.1
84704.0  2.5  983.9  120.5  264.1  2.70  0.63  -0.13  114.5
84705.0  2.7  983.8  120.4  264.2  2.81  0.29  -0.44  114.6
84706.0  2.8  983.5  120.4  264.1  2.79  0.42  -0.57  114.9
84707.0  2.7  983.8  120.4  264.0  2.53  0.48  -0.46  115.1
84708.0  2.1  984.1  120.5  263.9  2.38  0.06  0.61  114.0
84709.0  2.6  983.9  120.5  264.2  2.58  -0.56  -0.43  114.1
84710.0  2.8  983.3  120.5  264.2  2.60  -0.91  -0.61  114.3
84711.0  2.6  983.8  120.5  263.9  2.58  -0.75  -0.11  114.9
84712.0  2.2  983.6  120.5  263.9  2.37  0.52  -0.43  114.9
84713.0  2.5  983.2  120.5  263.8  2.53  1.32  0.03  114.4
84714.0  2.7  983.1  120.5  263.9  2.76  1.53  -0.14  114.6
84715.0  2.7  983.8  120.5  264.2  2.71  2.59  -0.09  113.9
84716.0  2.4  983.3  120.5  264.6  2.64  4.16  0.22  113.3
84717.0  2.8  983.6  120.5  265.2  2.78  5.06  -0.12  113.4
84718.0  2.9  984.0  120.5  265.9  2.89  4.36  -0.13  113.4
84719.0  2.8  983.7  120.5  266.4  2.87  2.78  -0.57  114.1
84720.0  2.6  983.3  120.4  266.6  2.82  1.22  -0.51  114.2
84721.0  2.7  983.9  120.4  266.7  2.77  0.77  -0.62  114.4
84722.0  2.8  984.0  120.4  266.6  2.77  1.22  -0.43  114.1
84723.0  2.6  983.9  120.4  266.6  2.73  1.39  -0.30  114.0
84724.0  2.6  983.8  120.4  266.7  2.75  1.12  -0.35  114.4
84725.0  2.6  983.4  120.4  266.8  2.78  0.94  -0.42  115.0
84726.0  2.5  983.7  120.3  266.8  2.67  1.74  -0.23  115.0
84727.0  2.4  983.5  120.3  267.0  2.61  2.83  0.18  115.0
84728.0  2.6  983.4  120.3  267.5  2.69  2.62  -0.07  114.3
84729.0  2.7  983.4  120.3  267.9  2.73  1.90  -0.31  114.4
84730.0  2.6  984.0  120.3  268.2  2.65  1.74  -0.33  114.2
84731.0  2.5  983.6  120.2  268.3  2.63  2.14  -0.29  114.5
84732.0  2.7  983.6  120.2  268.5  2.66  1.64  -0.48  114.9
84733.0  2.7  984.0  120.2  268.7  2.59  1.28  -0.69  114.7
84734.0  2.5  984.0  120.2  268.6  2.56  0.33  -0.59  114.5
84735.0  2.6  983.6  120.2  268.5  2.53  -0.48  -0.72  115.7
84736.0  2.5  983.6  120.2  268.2  2.55  -1.45  -0.74  116.0
84737.0  2.3  983.4  120.2  267.8  2.42  -2.46  -0.59  115.8
84738.0  2.3  983.9  120.3  267.4  2.49  -2.57  -0.11  114.8
84739.0  2.6  983.7  120.3  267.2  2.78  -1.89  0.31  114.4
84740.0  2.7  983.6  120.2  267.3  2.86  -1.46  -0.25  114.1
84741.0  2.5  983.9  120.2  267.3  2.69  -0.15  -0.16  113.6
84742.0  2.8  983.7  120.2  267.4  2.80  0.52  -0.04  113.3
84743.0  2.8  984.1  120.2  267.6  3.00  0.08  -0.21  113.3
84744.0  2.8  983.8  120.2  267.8  2.92  -0.39  -0.34  113.9
84745.0  2.8  983.8  120.2  267.8  2.90  -0.30  -0.23  113.9
84746.0  2.7  983.7  120.2  267.9  2.85  0.00  -0.32  113.9
