flight/WP3D/AircraftMis_NP3_20130629_RA.ict
41  1001
Ken Aikin
NOAA ESRL Chemical Sciences Division
various aircraft sensors
SENEX 2013
1  1
2013  06  29  2013  06  29
1
AOCTimewave
8
1  1  1  1  1  1  1  1
-9999  -9999  -9999  -9999  -9999  -9999  -9999  -9999
Attack  deg
CabinPrs  mbar
GndSpd  m/s
Heading  deg
Pitch  deg
Roll  deg
Slip  deg
TrueAirSpd  m/s
1
SPECIAL COMMENTS:Birmingham and C-130 intercomparison.
18
PI_CONTACT_INFO: Address: NOAA ESRL Chemical Sciences Division  Mail Stop R/CSD7  325 Broadway  Boulder  CO 80305
PLATFORM: NOAA WP-3D
LOCATION: The aircraft was stationed in  Smyrna  Tennessee. Aircraft location information in AircraftPosition file.
ASSOCIATED_DATA: N/A
INSTRUMENT_INFO: N/A
DATA_INFO: Units: Attack degrees; CabinPrs millibar; GndSpd m/s; Heading degrees; Pitch degrees; Roll degrees; Slip degrees; TrueAirSpd m/s
UNCERTAINTY: N/A
ULOD_FLAG: -7777
ULOD_VALUE: N/A
LLOD_FLAG: -8888
LLOD_VALUE: N/A
DM_CONTACT_INFO: Data Manager:Ken Aikin; email:Kenneth.C.Aikin@noaa.gov
PROJECT_INFO: SENEX 2013 Study; June 1 - July 15  2013
STIPULATIONS_ON_USE: Use of these data require prior ok from PI.
OTHER_COMMENTS:       None
REVISION: RA
RA: Preliminary Data.  For in-field use.
AOCTimewave  Attack  CabinPrs  GndSpd  Heading  Pitch  Roll  Slip  TrueAirSpd
[from data line 18525]
74110.0  1.5  979.8  131.8  164.9  4.40  -19.84  -0.65  121.7
74111.0  1.5  979.8  131.9  163.4  4.42  -19.66  -0.83  121.6
74112.0  1.6  979.8  132.0  161.6  4.73  -19.39  -0.81  121.7
74113.0  1.6  979.8  132.0  160.0  4.74  -19.69  -0.73  121.6
74114.0  1.6  980.0  132.0  158.4  4.75  -19.66  -0.65  121.5
74115.0  1.7  979.5  132.0  156.9  4.84  -19.63  -0.61  121.4
74116.0  1.5  979.9  132.0  155.5  4.64  -19.15  -0.69  121.7
74117.0  1.0  980.1  132.1  154.2  3.95  -19.06  -0.56  122.1
74118.0  1.2  979.8  132.2  152.8  3.81  -19.32  -0.52  122.5
74119.0  1.4  980.0  132.4  151.4  3.82  -19.03  -0.71  122.3
74120.0  1.6  980.1  132.5  149.9  3.97  -18.93  -0.73  122.3
74121.0  1.7  979.9  132.6  148.3  4.32  -18.81  -0.92  122.5
74122.0  1.7  979.8  132.6  146.6  4.60  -18.96  -0.70  122.4
74123.0  1.6  979.8  132.6  145.0  4.98  -18.87  -0.66  122.2
74124.0  1.6  979.8  132.5  143.5  5.30  -18.96  -0.78  122.3
74125.0  1.4  979.8  132.3  142.1  4.88  -19.25  -0.53  122.6
74126.0  1.2  980.1  132.3  140.9  4.52  -19.06  -0.50  122.9
74127.0  1.2  980.2  132.4  139.6  4.21  -18.93  -0.60  123.0
74128.0  1.1  980.1  132.5  138.3  3.90  -19.66  -0.63  123.0
74129.0  1.2  980.1  132.6  136.9  3.70  -18.81  -0.82  123.0
74130.0  1.3  980.4  132.8  135.4  3.62  -18.70  -0.86  123.3
74131.0  1.5  980.2  132.8  133.7  3.80  -18.70  -0.89  123.5
74132.0  1.7  980.0  132.9  132.0  4.14  -18.96  -0.59  123.5
74133.0  1.5  980.2  132.9  130.6  4.26  -19.29  -0.74  123.1
74134.0  1.4  979.9  132.9  129.1  4.21  -19.58  -0.83  122.8
74135.0  1.6  979.7  132.9  127.4  4.48  -19.76  -0.50  122.5
74136.0  1.7  980.0  132.8  125.9  4.70  -19.30  -0.90  122.9
74137.0  1.2  980.0  132.8  124.3  4.20  -19.34  -0.60  122.6
74138.0  1.1  980.2  132.9  123.0  3.88  -19.24  -0.51  122.4
74139.0  1.3  980.3  132.9  121.6  3.90  -19.24  -0.82  122.4
74140.0  1.5  980.1  133.0  120.0  4.02  -19.02  -0.77  122.9
74141.0  1.7  980.1  133.0  118.3  4.21  -18.84  -0.72  122.7
74142.0  1.6  980.0  132.9  116.8  4.37  -18.70  -0.70  122.9
74143.0  1.5  979.9  132.8  115.3  4.38  -19.27  -0.67  123.1
74144.0  1.8  979.8  132.7  113.7  4.78  -19.12  -0.82  123.2
74145.0  1.6  979.8  132.5  112.1  4.96  -19.13  -0.89  122.9
74146.0  1.5  980.2  132.4  110.4  5.04  -18.85  -0.73  122.3
74147.0  1.4  980.0  132.2  109.0  4.70  -19.18  -0.49  122.2
74148.0  1.1  980.0  132.1  107.8  4.26  -19.05  -1.02  122.8
74149.0  1.0  980.1  132.1  106.2  3.59  -19.06  -0.79  122.8
74150.0  1.3  980.2  132.2  104.7  3.34  -18.89  -0.31  122.8
74151.0  1.2  980.2  132.2  103.4  3.34  -18.75  -1.00  123.2
74152.0  1.3  980.2  132.3  101.7  3.28  -19.15  -0.94  123.5
74153.0  1.6  980.3  132.3  99.9  3.66  -18.79  -0.59  123.4
74154.0  1.8  980.1  132.2  98.3  4.25  -18.68  -0.83  123.7
74155.0  1.7  980.1  132.0  96.8  4.36  -19.07  -0.39  123.7
74156.0  1.3  980.3  131.9  95.5  4.19  -18.95  -0.86  123.8
74157.0  1.2  979.7  131.7  94.0  3.97  -18.66  -0.77  124.1
74158.0  1.1  980.2  131.7  92.6  3.63  -18.80  -0.66  124.3
74159.0  1.3  980.2  131.6  91.1  3.73  -19.73  -0.81  124.2
74160.0  1.4  980.2  131.5  89.5  3.79  -19.63  -0.82  124.5
74161.0  1.6  980.1  131.4  87.8  4.07  -19.56  -0.78  124.4
74162.0  1.8  980.2  131.1  86.1  4.54  -19.82  -0.79  124.4
74163.0  1.5  980.0  130.8  84.6  4.49  -19.57  -0.69  124.3
74164.0  1.3  979.8  130.6  83.1  4.23  -19.71  -0.75  124.4
74165.0  1.1  980.1  130.5  81.6  3.99  -19.65  -0.72  124.3
74166.0  1.4  980.2  130.3  80.0  4.11  -19.65  -0.65  124.3
74167.0  1.4  980.1  130.1  78.4  4.26  -19.40  -0.64  124.2
74168.0  1.7  980.3  129.8  76.9  4.70  -19.46  -0.75  123.8
74169.0  1.6  980.2  129.5  75.3  4.85  -19.17  -0.85  123.7
74170.0  1.6  980.4  129.2  73.7  4.98  -19.14  -0.77  123.6
74171.0  1.4  980.3  128.9  72.2  4.67  -18.77  -0.57  123.3
74172.0  1.4  980.3  128.6  70.9  4.50  -19.22  -0.82  122.7
74173.0  1.1  980.1  128.5  69.5  3.98  -19.64  -0.71  122.5
74174.0  1.3  980.4  128.4  68.0  3.71  -19.33  -0.85  122.9
74175.0  1.3  980.1  128.3  66.4  3.55  -19.86  -0.80  123.2
74176.0  1.7  980.5  128.2  64.7  3.94  -19.26  -0.68  123.3
74177.0  1.7  980.3  127.9  63.2  4.19  -19.43  -0.68  123.1
74178.0  1.8  980.2  127.7  61.6  4.51  -19.41  -0.79  123.0
74179.0  1.6  980.1  127.4  60.0  4.68  -19.80  -0.76  122.7
74180.0  1.6  980.1  127.1  58.4  4.62  -19.76  -0.78  122.9
74181.0  1.5  980.2  126.8  56.9  4.48  -19.69  -0.59  122.8
74182.0  1.6  980.4  126.6  55.4  4.67  -19.17  -0.95  123.1
74183.0  1.5  980.5  126.3  53.8  4.59  -19.22  -0.67  123.0
74184.0  1.4  980.4  126.0  52.3  4.40  -19.14  -0.64  123.3
74185.0  1.3  980.3  125.8  51.0  4.05  -19.33  -0.74  123.2
74186.0  1.4  980.3  125.6  49.4  4.11  -19.81  -0.78  123.1
74187.0  1.6  980.4  125.4  47.7  4.28  -20.07  -0.65  122.6
74188.0  1.6  980.2  125.2  46.2  4.37  -20.22  -0.78  122.5
74189.0  1.7  980.3  124.9  44.5  4.52  -20.11  -0.59  122.3
74190.0  1.9  980.2  124.6  43.0  4.72  -19.71  -0.76  122.3
74191.0  1.7  980.3  124.3  41.5  4.58  -19.81  -0.72  122.2
74192.0  1.7  980.2  124.1  39.9  4.58  -19.96  -0.84  122.2
74193.0  1.3  980.2  123.8  38.4  4.41  -20.45  -0.93  121.6
74194.0  1.8  980.4  123.6  36.5  4.51  -20.23  -0.70  121.6
74195.0  1.8  980.3  123.4  34.8  4.71  -19.75  -0.60  121.2
74196.0  1.6  980.8  123.1  33.4  4.78  -19.61  -0.68  120.8
74197.0  1.9  980.7  122.8  31.8  4.94  -19.36  -0.65  120.9
74198.0  1.6  980.4  122.5  30.4  4.78  -18.62  -0.57  120.9
74199.0  1.6  980.4  122.3  29.0  4.83  -18.51  -0.99  120.5
74200.0  1.5  980.4  122.1  27.5  4.57  -18.49  -0.83  120.6
74201.0  1.4  980.1  121.9  26.1  4.32  -18.16  -0.63  120.4
74202.0  1.9  980.6  121.8  24.6  4.59  -18.12  -0.68  120.1
74203.0  1.7  980.2  121.6  23.3  4.60  -18.07  -0.79  119.9
74204.0  1.9  980.6  121.4  21.8  4.65  -18.53  -0.92  120.0
74205.0  1.5  980.4  121.2  20.3  4.29  -18.60  -0.95  119.9
74206.0  1.8  980.6  121.1  18.6  4.40  -19.02  -0.90  120.4
74207.0  1.8  980.4  120.9  17.0  4.60  -19.15  -0.73  119.9
74208.0  1.9  980.4  120.7  15.3  4.98  -19.22  -0.77  119.5
74209.0  2.0  980.3  120.4  13.8  5.09  -19.03  -0.86  119.1
74210.0  1.8  980.6  120.1  12.2  4.96  -19.22  -0.82  119.3
74211.0  1.6  980.5  119.9  10.7  4.66  -19.08  -0.75  119.2
74212.0  1.7  980.3  119.7  9.2  4.60  -18.98  -0.80  119.4
74213.0  1.7  980.6  119.6  7.7  4.34  -18.93  -0.79  119.4
74214.0  1.7  980.7  119.5  6.1  4.28  -19.30  -0.83  119.5
74215.0  1.9  980.6  119.4  4.5  4.44  -19.57  -0.93  119.6
74216.0  1.9  980.6  119.2  2.8  4.52  -19.16  -0.80  119.6
74217.0  2.1  980.7  119.0  1.1  4.81  -19.25  -0.76  119.6
74218.0  2.0  980.8  118.7  359.6  4.94  -19.35  -0.88  119.4
74219.0  1.9  980.5  118.5  358.0  4.82  -19.48  -0.86  119.5
74220.0  1.9  980.6  118.3  356.3  4.76  -19.90  -0.83  119.2
74221.0  2.0  980.5  118.0  354.6  4.82  -19.81  -0.82  119.3
74222.0  1.8  980.5  117.8  353.0  4.54  -19.74  -0.73  119.2
74223.0  1.9  980.2  117.7  351.3  4.60  -19.83  -0.69  119.1
74224.0  2.0  980.6  117.5  349.7  4.77  -19.65  -0.73  119.0
74225.0  1.7  980.5  117.3  348.2  4.47  -19.30  -0.71  119.0
74226.0  1.6  980.3  117.2  346.7  4.09  -19.36  -0.66  119.2
74227.0  1.7  980.5  117.2  345.3  3.99  -19.30  -0.68  119.3
74228.0  1.6  980.7  117.2  343.8  3.71  -19.04  -0.74  119.5
74229.0  1.6  980.5  117.2  342.4  3.43  -19.20  -0.76  119.6
74230.0  2.0  980.7  117.3  340.7  3.74  -18.71  -0.77  119.8
74231.0  2.1  980.7  117.2  339.0  4.08  -18.73  -1.00  119.7
74232.0  2.2  980.7  117.1  337.2  4.54  -19.14  -0.93  119.9
74233.0  2.0  980.7  116.9  335.5  4.51  -19.24  -0.88  119.9
74234.0  1.8  980.6  116.8  333.8  4.44  -18.89  -0.69  120.0
74235.0  1.8  980.5  116.6  332.2  4.36  -19.25  -0.64  120.2
74236.0  1.5  980.5  116.5  330.7  4.07  -18.91  -0.56  120.2
74237.0  1.7  980.8  116.5  329.2  4.10  -18.96  -0.71  119.9
74238.0  2.0  980.7  116.4  327.5  4.56  -19.47  -0.75  120.1
74239.0  1.9  980.9  116.2  325.8  4.72  -20.07  -0.98  120.0
74240.0  2.1  980.9  116.0  323.9  4.85  -20.00  -0.74  120.1
74241.0  2.2  980.6  115.7  322.1  5.17  -20.16  -0.33  120.3
74242.0  1.9  980.4  115.4  320.8  5.09  -20.02  -0.41  120.4
74243.0  1.8  980.6  115.2  319.4  4.95  -19.72  -0.54  120.6
74244.0  1.7  980.4  115.1  318.0  4.82  -19.07  -0.71  120.4
74245.0  1.5  980.6  115.0  316.5  4.71  -18.72  -1.09  119.5
74246.0  1.7  980.9  114.9  314.7  4.82  -18.91  -1.19  119.5
74247.0  2.0  980.8  114.7  312.8  5.07  -18.74  -0.94  119.3
74248.0  2.1  980.6  114.5  310.9  5.25  -19.15  -0.81  119.2
74249.0  2.1  981.2  114.2  309.3  5.29  -19.28  -0.81  119.2
74250.0  2.0  980.8  114.0  307.6  5.25  -19.07  -0.63  119.1
74251.0  1.7  981.1  113.8  306.2  4.79  -19.09  -0.33  119.1
74252.0  1.6  980.8  113.8  305.0  4.35  -18.93  -0.30  119.0
74253.0  1.5  980.9  113.8  303.9  4.01  -19.15  -0.77  119.5
74254.0  1.7  980.9  113.9  302.3  3.93  -19.14  -0.74  119.8
74255.0  2.0  980.8  114.0  300.7  4.07  -19.01  -0.52  120.0
74256.0  2.1  980.8  114.0  299.1  4.46  -19.35  -0.73  120.0
74257.0  2.1  980.8  113.9  297.5  4.74  -19.05  -0.77  119.7
74258.0  2.2  981.2  113.8  295.8  5.28  -19.02  -0.87  119.8
74259.0  2.3  980.6  113.6  294.1  5.63  -18.86  -0.73  119.6
74260.0  2.0  980.7  113.4  292.6  5.55  -19.02  -0.94  119.6
74261.0  1.6  980.8  113.3  291.0  5.19  -18.66  -0.89  119.5
74262.0  1.6  980.9  113.2  289.4  4.80  -19.36  -0.63  119.8
74263.0  1.6  981.2  113.2  287.9  4.64  -19.28  -0.71  119.9
74264.0  1.7  981.2  113.2  286.4  4.42  -19.02  -0.77  119.6
74265.0  1.9  981.3  113.2  284.6  4.60  -18.83  -0.94  119.4
74266.0  2.0  981.1  113.2  282.9  4.82  -18.84  -0.92  119.6
74267.0  2.2  981.1  113.1  281.0  5.08  -19.04  -0.89  119.7
74268.0  2.4  980.8  113.0  279.2  5.54  -19.44  -0.85  119.7
74269.0  2.5  980.8  112.7  277.4  5.89  -19.09  -0.86  119.3
74270.0  2.2  981.1  112.5  275.6  5.99  -19.26  -0.85  119.0
74271.0  2.0  981.0  112.2  274.0  5.81  -19.51  -0.81  118.9
74272.0  1.7  981.2  112.1  272.4  5.30  -19.76  -0.66  118.9
74273.0  1.7  981.1  112.1  270.9  4.99  -20.16  -0.67  119.0
74274.0  1.6  981.2  112.1  269.3  4.65  -20.14  -0.70  119.1
74275.0  1.7  981.4  112.1  267.7  4.42  -20.10  -0.57  119.3
74276.0  1.9  981.1  112.2  266.0  4.57  -20.08  -0.60  119.4
74277.0  1.8  981.0  112.2  264.6  4.49  -19.81  -0.72  119.4
74278.0  2.0  981.1  112.3  262.9  4.72  -19.86  -0.84  119.3
74279.0  2.2  981.2  112.3  261.1  4.83  -19.76  -0.84  119.0
74280.0  2.5  981.0  112.3  259.2  5.38  -19.81  -0.80  118.9
74281.0  2.5  981.0  112.2  257.5  5.81  -19.93  -0.77  118.9
74282.0  2.0  981.0  112.1  255.9  5.66  -19.63  -0.68  118.7
74283.0  1.9  981.1  112.0  254.4  5.41  -19.57  -0.50  118.6
74284.0  1.9  981.1  112.0  253.0  5.26  -19.82  -0.59  118.6
74285.0  1.9  981.3  112.1  251.6  5.11  -19.58  -0.77  118.6
74286.0  2.1  981.6  112.2  249.9  5.26  -19.52  -0.84  118.7
74287.0  2.2  981.5  112.2  248.2  5.39  -19.61  -0.86  118.6
74288.0  2.1  981.2  112.2  246.6  5.32  -19.72  -0.83  118.6
74289.0  2.0  981.1  112.3  245.0  5.08  -19.59  -0.87  118.5
74290.0  2.2  980.9  112.4  243.3  5.15  -19.80  -0.86  118.4
74291.0  2.2  981.2  112.5  241.6  5.21  -19.81  -0.89  118.4
74292.0  2.0  981.3  112.6  239.9  4.97  -19.74  -0.88  118.6
74293.0  2.1  981.2  112.7  238.2  4.95  -19.37  -0.73  118.7
74294.0  2.0  981.0  112.9  236.6  4.75  -19.30  -0.74  118.7
74295.0  2.0  981.2  113.1  235.1  4.73  -19.16  -0.75  118.7
74296.0  2.0  981.0  113.3  233.5  4.60  -18.99  -0.69  118.7
74297.0  2.0  981.3  113.5  231.9  4.57  -19.02  -0.75  118.7
74298.0  2.0  981.6  113.7  230.4  4.43  -18.94  -0.77  118.8
74299.0  2.2  981.6  113.9  228.7  4.70  -19.23  -0.78  118.9
74300.0  2.4  981.3  114.1  227.0  5.10  -18.90  -0.78  118.8
74301.0  2.5  981.5  114.2  225.3  5.61  -18.97  -0.77  118.7
74302.0  2.4  981.6  114.2  223.7  5.85  -19.04  -0.75  118.8
74303.0  2.1  981.4  114.2  222.3  5.69  -19.37  -0.76  118.9
74304.0  1.8  981.2  114.4  220.8  5.30  -19.49  -0.89  119.2
74305.0  1.8  981.4  114.5  219.2  4.89  -19.39  -0.81  119.3
74306.0  1.9  981.5  114.8  217.6  4.69  -19.46  -0.71  119.4
74307.0  2.0  981.6  115.0  216.0  4.73  -19.21  -0.76  119.3
74308.0  2.0  981.7  115.2  214.3  4.74  -19.28  -0.96  119.4
74309.0  2.0  981.7  115.4  212.5  4.70  -19.45  -0.83  119.2
74310.0  1.8  981.7  115.7  210.9  4.39  -19.58  -0.78  119.5
74311.0  2.0  981.5  115.9  209.1  4.44  -19.66  -0.79  119.6
74312.0  2.0  981.6  116.2  207.4  4.45  -19.76  -0.70  119.6
74313.0  2.3  981.8  116.4  205.6  4.82  -19.64  -0.71  119.6
74314.0  2.1  982.0  116.6  204.1  4.73  -19.89  -0.76  119.6
74315.0  2.1  981.8  116.9  202.4  4.72  -19.86  -0.73  119.5
74316.0  2.1  981.6  117.1  200.7  4.75  -19.91  -0.61  119.3
74317.0  2.2  981.4  117.3  199.2  4.86  -20.17  -0.72  119.2
74318.0  2.1  981.4  117.5  197.5  4.88  -20.44  -0.79  119.5
74319.0  2.0  981.8  117.8  195.8  4.82  -20.70  -0.88  119.7
74320.0  2.2  981.7  118.0  193.9  5.06  -20.36  -0.70  119.9
74321.0  2.3  981.9  118.1  192.2  5.20  -20.37  -0.74  120.0
74322.0  2.0  981.8  118.3  190.7  5.05  -19.98  -0.82  120.0
74323.0  1.8  981.6  118.5  189.1  4.64  -20.10  -0.74  120.0
74324.0  1.9  981.5  118.8  187.5  4.53  -20.13  -0.80  120.1
74325.0  2.0  981.7  119.0  185.8  4.47  -19.94  -0.78  120.2
74326.0  2.0  981.8  119.3  184.1  4.43  -20.15  -0.76  120.3
74327.0  2.3  982.0  119.6  182.3  4.72  -19.83  -0.75  120.7
74328.0  2.5  981.5  119.8  180.6  5.21  -20.01  -0.71  120.7
74329.0  2.3  981.8  119.9  179.0  5.32  -19.92  -0.74  120.8
74330.0  2.3  981.8  120.0  177.3  5.47  -19.77  -0.75  120.8
74331.0  1.9  981.7  120.1  175.8  5.07  -19.80  -0.52  120.8
74332.0  2.0  981.9  120.3  174.4  4.97  -19.65  -0.72  120.5
74333.0  1.7  981.9  120.6  173.0  4.58  -19.60  -0.69  120.5
74334.0  1.9  981.8  120.9  171.4  4.49  -19.62  -0.81  120.4
74335.0  1.9  982.0  121.2  169.8  4.32  -19.37  -0.68  120.4
74336.0  1.9  981.9  121.5  168.3  4.15  -19.15  -0.51  120.8
74337.0  2.0  981.9  121.9  167.0  4.15  -19.34  -0.47  120.8
74338.0  1.9  981.8  122.2  165.7  4.03  -19.41  -0.77  120.9
74339.0  2.1  982.0  122.6  164.1  4.29  -18.75  -0.61  121.2
74340.0  2.4  982.2  122.9  162.5  4.89  -18.67  -0.70  120.8
74341.0  2.3  981.9  123.1  161.1  5.14  -18.59  -0.86  120.7
74342.0  2.1  981.7  123.3  159.6  5.16  -18.62  -0.93  120.6
74343.0  2.1  981.6  123.5  157.9  5.21  -18.84  -0.88  120.4
74344.0  1.9  981.7  123.7  156.4  5.02  -18.76  -0.84  120.3
74345.0  2.1  981.9  123.9  154.7  5.24  -18.17  -0.78  120.0
74346.0  2.3  981.9  124.1  153.2  5.54  -18.37  -0.89  119.7
74347.0  2.1  982.2  124.2  151.7  5.28  -18.29  -0.80  119.4
74348.0  1.8  982.3  124.4  150.3  4.84  -18.42  -0.75  119.2
74349.0  1.8  982.1  124.7  148.9  4.52  -18.49  -0.89  119.4
74350.0  2.1  982.1  125.0  147.3  4.64  -18.48  -0.89  119.6
74351.0  2.1  982.2  125.2  145.6  4.67  -19.04  -0.93  119.5
74352.0  2.2  982.4  125.5  143.9  4.85  -18.84  -0.91  119.6
74353.0  2.1  982.2  125.8  142.1  4.80  -19.00  -0.89  119.6
74354.0  2.1  982.1  126.1  140.4  4.85  -19.15  -0.81  119.6
74355.0  2.2  982.2  126.3  138.6  5.05  -19.25  -0.77  119.6
74356.0  2.2  982.1  126.6  137.0  5.12  -20.23  -0.86  119.5
74357.0  2.2  982.2  126.8  135.3  5.08  -20.58  -0.90  119.7
74358.0  1.9  982.2  127.1  133.6  4.59  -20.43  -0.75  119.7
74359.0  2.0  982.0  127.4  131.8  4.50  -20.18  -0.67  119.6
74360.0  2.2  981.9  127.7  130.1  4.64  -20.50  -0.77  119.9
74361.0  2.1  982.1  128.0  128.4  4.57  -20.14  -0.78  120.0
74362.0  2.2  982.1  128.2  126.6  4.66  -20.36  -0.78  120.0
74363.0  2.0  982.1  128.5  125.0  4.49  -20.58  -0.77  120.0
74364.0  2.0  982.3  128.8  123.2  4.57  -20.80  -0.67  120.0
74365.0  2.2  982.2  129.0  121.4  4.88  -21.17  -0.78  120.3
74366.0  2.2  982.2  129.2  119.6  5.07  -21.08  -0.77  120.6
74367.0  2.2  982.4  129.4  117.8  4.99  -21.59  -0.76  120.6
74368.0  2.0  982.3  129.6  116.2  4.62  -21.91  -0.82  120.6
