flight/WP3D/AircraftMet_NP3_20130625_RA.ict
43  1001
Ken Aikin
NOAA ESRL Chemical Sciences Division
various aircraft sensors
SENEX 2013
1  1
2013  06  25  2013  06  25
1
AOCTimewave
10
1  1  1  1  1  1  1  1  1  1
-9999  -9999  -9999  -9999  -9999  -9999  -9999  -9999  -9999  -9999
AmbTemp  C
DewPtTemp  C
DewPtTempTDL  C
H2Omr  g/kg
PotTemp  K
RelHumidity  pct
StaticPrs  mbar
VertWindSpd  m/s
WindDir  deg
WindSpd  m/s
1
SPECIAL COMMENTS:Haynesville flight. Default DewPtTemp was bad from 19:39:53-19:47:27. Also affected H2Omr  RelHumidity  PotTemp.
18
PI_CONTACT_INFO: Address: NOAA ESRL Chemical Sciences Division  Mail Stop R/CSD7  325 Broadway  Boulder  CO 80305
PLATFORM: NOAA WP-3D
LOCATION: The aircraft was stationed in  Smyrna  Tennessee. Aircraft location information in AircraftPosition file.
ASSOCIATED_DATA: N/A
INSTRUMENT_INFO: N/A
DATA_INFO: Units:AmbTemp celcius; DewPtTemp celcius; DewPtTempTDL celcius; H2Omr g/kg; PotTemp kelvin; RelHumidity percent; StaticPrs millibar; VertWindSpd m/s; WindDir degrees; WindSpd m/s
UNCERTAINTY: N/A
ULOD_FLAG: -7777
ULOD_VALUE: N/A
LLOD_FLAG: -8888
LLOD_VALUE: N/A
DM_CONTACT_INFO: Data Manager:Ken Aikin; email:Kenneth.C.Aikin@noaa.gov
PROJECT_INFO: SENEX 2013 Study; June 1 - July 15  2013
STIPULATIONS_ON_USE: Use of these data require prior ok from PI.
OTHER_COMMENTS:       None
REVISION: RA
RA: Preliminary Data.  For in-field use.
AOCTimewave  AmbTemp  DewPtTemp  DewPtTempTDL  H2Omr  PotTemp  RelHumidity  StaticPrs  VertWindSpd  WindDir  WindSpd
[from data line 13284]
68382.0  15.980  -3.050  -18.300  3.94  310.88  26.45  775.77  0.27  225.76  14.40
68383.0  16.050  -2.830  -15.750  4.00  310.80  26.77  777.02  0.51  226.52  14.32
68384.0  16.100  -2.550  -15.450  4.07  310.68  27.23  778.65  0.75  225.52  14.49
68385.0  16.210  -2.220  -15.480  4.16  310.61  27.71  780.31  0.74  224.26  14.64
68386.0  16.480  -1.870  -15.490  4.27  310.73  27.96  781.72  0.53  223.23  14.76
68387.0  16.610  -1.580  -15.400  4.35  310.70  28.33  783.25  0.55  224.02  14.87
68388.0  16.460  -1.320  -15.540  4.43  310.38  29.16  784.63  0.24  224.37  14.68
68389.0  16.450  -1.040  -13.880  4.51  310.20  29.79  786.08  0.14  223.68  14.49
68390.0  16.500  -0.830  -13.880  4.57  310.08  30.16  787.63  -0.01  221.73  14.84
68391.0  16.440  -0.570  -13.680  4.65  309.86  30.86  789.00  -0.42  221.29  14.43
68392.0  16.480  -0.290  -13.440  4.74  309.74  31.43  790.50  -1.02  221.58  14.30
68393.0  16.510  0.000  -13.470  4.83  309.59  32.04  792.09  -1.48  222.61  13.69
68394.0  16.640  0.320  -13.400  4.94  309.58  32.50  793.53  -1.24  224.90  12.56
68395.0  16.670  0.670  -13.170  5.06  309.44  33.28  794.99  -0.27  225.42  12.45
68396.0  16.920  1.060  -13.100  5.19  309.56  33.69  796.34  0.08  227.16  12.60
68397.0  17.070  1.430  -13.130  5.33  309.58  34.27  797.64  -0.02  228.41  12.74
68398.0  17.300  1.750  -13.350  5.44  309.65  34.57  799.13  -0.07  228.47  12.63
68399.0  17.380  2.040  -13.230  5.55  309.59  35.12  800.46  0.00  230.79  12.35
68400.0  17.330  2.270  -13.060  5.63  309.39  35.81  801.74  0.26  231.53  12.22
68401.0  17.370  2.440  -12.770  5.69  309.32  36.15  802.88  0.36  231.75  12.44
68402.0  17.290  2.600  -12.170  5.75  309.13  36.76  803.78  0.94  232.36  11.98
68403.0  17.190  2.750  -11.580  5.81  308.92  37.42  804.74  1.80  230.46  11.89
68404.0  17.230  2.940  -12.260  5.88  308.84  37.83  805.80  1.80  227.15  11.84
68405.0  17.040  3.180  -12.150  5.97  308.53  38.98  806.74  2.00  223.20  11.84
68406.0  16.950  3.400  -11.390  6.06  308.32  39.81  807.86  0.64  222.99  11.90
68407.0  17.000  3.650  -12.370  6.16  308.25  40.41  808.93  0.07  224.21  12.12
68408.0  17.260  3.840  -13.100  6.23  308.40  40.25  810.10  -0.41  223.79  12.06
68409.0  17.320  3.960  -12.740  6.27  308.36  40.42  811.16  -0.81  221.99  12.02
68410.0  17.410  4.050  -12.830  6.31  308.36  40.45  812.02  -0.69  220.91  11.84
68411.0  17.430  4.070  -12.490  6.31  308.28  40.45  812.97  -0.54  221.02  11.73
68412.0  17.470  4.090  -12.240  6.31  308.21  40.43  813.96  -0.45  221.39  11.59
68413.0  17.510  4.090  -11.540  6.31  308.13  40.34  815.06  -0.50  219.65  11.64
68414.0  17.480  4.150  -10.930  6.32  307.98  40.56  816.14  -0.48  219.04  11.58
68415.0  17.390  4.270  -10.320  6.37  307.77  41.15  817.24  -0.28  218.78  11.12
68416.0  17.490  4.460  -10.300  6.45  307.77  41.45  818.23  -0.01  218.26  10.99
68417.0  17.550  4.710  -10.060  6.55  307.73  42.01  819.27  0.22  218.16  11.22
68418.0  17.590  4.950  -10.190  6.66  307.63  42.64  820.48  1.34  220.04  10.86
68419.0  17.640  5.190  -9.690  6.76  307.58  43.21  821.47  0.54  219.57  10.69
68420.0  17.440  5.360  -8.060  6.83  307.26  44.31  822.56  0.16  216.37  10.59
68421.0  17.480  5.530  -8.820  6.90  307.18  44.72  823.65  0.33  216.65  10.04
68422.0  17.240  5.780  -6.620  7.02  306.81  46.23  824.73  0.06  212.70  9.71
68423.0  17.060  6.090  -4.740  7.16  306.53  47.78  825.64  -0.02  210.06  9.76
68424.0  16.920  6.480  -3.750  7.35  306.26  49.57  826.73  0.16  210.77  10.27
68425.0  17.120  6.920  -4.210  7.57  306.32  50.45  828.17  0.09  210.65  10.27
68426.0  17.190  7.440  -4.720  7.83  306.27  52.08  829.34  -0.11  209.45  9.56
68427.0  16.890  8.120  -2.250  8.20  305.84  55.65  830.39  -0.42  209.37  8.49
68428.0  16.920  8.740  -1.070  8.54  305.74  57.93  831.60  -0.64  206.24  8.53
68429.0  17.000  9.400  -1.100  8.92  305.69  60.27  832.93  -0.77  203.70  8.64
68430.0  17.130  10.000  -1.550  9.28  305.70  62.31  834.12  -0.81  201.71  8.58
68431.0  17.300  10.510  -1.770  9.59  305.74  63.80  835.42  -0.75  197.00  8.69
68432.0  17.350  11.000  -2.120  9.90  305.67  65.70  836.59  -0.36  196.89  8.66
68433.0  17.480  11.410  -1.700  10.16  305.67  67.01  837.89  -0.40  202.20  8.87
68434.0  17.550  11.810  -1.220  10.42  305.56  68.52  839.62  -0.21  200.28  8.82
68435.0  17.730  12.250  -1.460  10.71  305.63  69.73  840.84  -0.44  200.10  8.48
68436.0  17.730  12.670  -1.130  11.00  305.50  71.71  842.00  -0.68  199.96  8.95
68437.0  17.780  13.070  -0.600  11.28  305.39  73.47  843.55  0.17  199.53  8.85
68438.0  17.980  13.460  -1.160  11.55  305.45  74.37  845.02  -0.14  198.91  8.94
68439.0  18.010  13.740  -0.720  11.75  305.34  75.67  846.34  -0.25  197.53  8.53
68440.0  18.090  13.960  -0.380  11.91  305.27  76.41  847.84  0.39  198.90  8.80
68441.0  18.260  14.130  0.270  12.02  305.27  76.39  849.64  0.49  199.62  8.89
68442.0  18.310  14.280  0.810  12.11  305.13  76.93  851.50  0.53  198.49  9.19
68443.0  18.490  14.390  0.860  12.17  305.18  76.55  852.87  0.06  202.85  9.06
68444.0  18.590  14.500  0.770  12.25  305.13  76.66  854.33  0.02  204.95  8.96
68445.0  18.830  14.580  0.770  12.29  305.29  75.84  855.33  -0.12  196.39  9.09
68446.0  18.850  14.670  0.730  12.34  305.17  76.22  856.60  -0.02  194.53  9.62
68447.0  18.980  14.780  0.960  12.41  305.18  76.11  857.96  0.04  200.54  9.18
68448.0  19.170  14.940  0.630  12.53  305.23  75.99  859.39  -0.28  201.05  9.81
68449.0  19.230  15.070  1.100  12.61  305.17  76.36  860.62  -0.58  201.60  8.89
68450.0  19.210  15.210  1.890  12.71  305.00  77.18  861.99  -0.84  200.97  8.64
68451.0  19.300  15.350  1.790  12.81  304.93  77.44  863.67  -0.82  194.29  8.80
68452.0  19.600  15.530  1.290  12.94  305.15  76.84  864.63  -1.29  196.97  9.44
68453.0  19.740  15.650  0.940  13.03  305.22  76.79  865.33  -1.85  200.96  9.23
68454.0  19.880  15.750  0.560  13.10  305.28  76.57  866.27  -1.44  197.74  9.26
68455.0  19.870  15.820  1.350  13.14  305.15  77.02  867.37  -1.58  199.44  9.59
68456.0  20.040  15.920  0.860  13.22  305.24  76.66  868.34  -1.77  198.98  9.47
68457.0  20.140  16.070  0.540  13.33  305.23  76.90  869.42  -1.52  197.75  8.95
68458.0  20.250  16.110  0.320  13.35  305.25  76.60  870.35  -1.90  200.53  8.45
68459.0  20.340  16.090  0.750  13.31  305.21  76.09  871.66  -1.41  201.24  8.25
68460.0  20.500  16.140  0.380  13.34  305.27  75.52  872.78  -1.60  203.78  8.13
68461.0  20.690  16.160  0.180  13.34  305.35  74.75  873.95  -1.24  204.39  8.50
68462.0  20.830  16.160  -0.150  13.33  305.42  74.09  874.75  -0.91  208.45  8.31
68463.0  20.890  16.140  -0.040  13.30  305.40  73.73  875.43  -0.61  205.69  8.30
68464.0  20.960  16.090  -0.030  13.24  305.37  73.13  876.53  -0.26  209.73  8.24
68465.0  20.990  16.110  0.510  13.24  305.32  73.09  877.37  -0.59  210.29  8.22
68466.0  20.910  16.090  1.230  13.21  305.17  73.33  878.07  -0.78  208.93  7.88
68467.0  20.970  16.080  1.660  13.19  305.16  73.05  878.76  -1.07  209.57  8.48
68468.0  20.840  16.090  2.120  13.20  305.00  73.68  879.06  -1.95  209.77  7.58
68469.0  20.810  16.160  2.230  13.24  304.88  74.16  879.91  -2.68  206.98  6.75
68470.0  20.910  16.210  2.130  13.27  304.89  73.93  880.87  -1.63  207.08  6.89
68471.0  20.990  16.280  2.250  13.32  304.88  73.91  881.85  -0.83  203.29  8.10
68472.0  21.090  16.360  2.210  13.37  304.90  73.81  882.71  -1.84  203.78  7.64
68473.0  21.170  16.380  2.250  13.37  304.84  73.56  884.11  -1.63  205.61  7.45
68474.0  21.280  16.440  2.340  13.40  304.83  73.31  885.41  -1.36  207.35  7.53
68475.0  21.390  16.560  2.410  13.49  304.82  73.43  886.65  -0.76  211.79  7.11
68476.0  21.650  16.660  2.110  13.56  304.97  72.70  887.86  -1.00  210.58  8.88
68477.0  21.790  16.750  1.830  13.61  304.99  72.46  889.12  -1.89  213.67  7.99
68478.0  21.840  16.850  2.340  13.68  304.89  72.68  890.75  -0.62  222.43  7.51
68479.0  21.900  17.000  2.640  13.79  304.79  73.14  892.29  -0.34  221.24  7.76
68480.0  22.080  17.160  2.460  13.91  304.83  73.07  893.86  -0.74  215.99  9.01
68481.0  22.120  17.280  2.650  14.00  304.78  73.44  894.79  -1.20  216.25  8.22
68482.0  22.220  17.420  2.390  14.11  304.77  73.66  895.92  -0.57  216.29  6.74
68483.0  22.220  17.490  1.990  14.15  304.64  73.95  897.30  -0.89  205.77  7.15
68484.0  22.510  17.520  2.330  14.15  304.81  72.76  898.70  -1.37  205.09  7.48
68485.0  22.780  17.590  1.970  14.20  304.98  71.88  899.77  -1.22  211.35  7.39
68486.0  22.910  17.630  1.810  14.23  305.02  71.51  900.69  -1.45  214.37  6.64
68487.0  22.930  17.610  1.820  14.19  304.95  71.33  901.63  -0.75  213.18  6.38
68488.0  22.970  17.640  2.020  14.21  304.94  71.26  902.25  -1.02  209.83  7.43
68489.0  22.990  17.670  2.050  14.22  304.89  71.32  902.94  -1.11  204.66  6.45
68490.0  23.080  17.660  2.140  14.20  304.89  70.90  903.95  -0.91  210.02  6.33
68491.0  23.150  17.690  2.350  14.21  304.86  70.70  904.99  -0.58  209.58  6.29
68492.0  23.170  17.710  2.680  14.22  304.80  70.71  905.81  -1.46  202.54  7.77
68493.0  23.280  17.760  2.520  14.25  304.84  70.48  906.55  -0.93  204.18  6.66
68494.0  23.430  17.810  2.270  14.28  304.91  70.05  907.40  -1.43  203.25  6.50
68495.0  23.530  17.820  2.280  14.27  304.88  69.68  908.77  -0.95  204.56  6.43
68496.0  23.570  17.780  2.800  14.22  304.83  69.26  909.81  -0.84  201.03  6.74
68497.0  23.650  17.830  2.860  14.25  304.83  69.17  910.61  0.17  207.43  7.20
68498.0  23.700  17.830  2.860  14.23  304.79  68.92  911.62  0.54  206.54  7.89
68499.0  23.770  17.830  3.060  14.21  304.75  68.65  912.74  0.72  212.22  7.05
68500.0  23.860  17.910  3.020  14.27  304.76  68.59  913.71  1.01  207.95  8.32
68501.0  23.960  17.930  3.120  14.27  304.75  68.28  914.81  0.67  197.46  9.46
68502.0  24.200  17.960  3.140  14.28  304.88  67.43  916.07  0.33  197.80  9.60
68503.0  24.250  18.060  3.140  14.35  304.81  67.62  917.34  0.45  200.06  9.75
68504.0  24.600  18.110  3.250  14.38  305.08  66.39  918.32  0.21  195.82  9.67
68505.0  24.510  18.150  2.980  14.41  304.91  66.97  919.02  -1.46  205.70  8.23
68506.0  24.470  18.220  2.750  14.46  304.80  67.41  919.86  -1.04  204.71  7.55
68507.0  24.670  18.250  2.600  14.47  304.91  66.69  920.84  -1.06  202.88  7.10
68508.0  24.750  18.290  2.330  14.50  304.93  66.54  921.57  -1.19  202.25  7.44
68509.0  24.830  18.250  2.430  14.45  304.95  66.03  922.15  -0.83  203.21  6.97
68510.0  24.970  18.270  2.100  14.47  305.04  65.60  922.65  -0.71  205.48  6.86
68511.0  24.990  18.250  2.230  14.44  305.00  65.43  923.34  -1.24  206.50  7.02
68512.0  25.020  18.280  2.610  14.45  304.98  65.40  923.89  -0.54  206.43  7.71
68513.0  25.140  18.280  2.530  14.44  305.04  64.91  924.56  -0.62  207.31  8.08
68514.0  25.090  18.270  2.320  14.43  304.96  65.08  924.94  0.24  207.33  7.42
68515.0  25.060  18.250  2.480  14.40  304.89  65.10  925.27  -1.18  200.64  7.52
68516.0  25.190  18.260  2.040  14.41  304.97  64.65  925.89  -1.79  203.14  7.48
68517.0  25.280  18.210  1.670  14.34  304.96  64.07  926.84  -1.92  203.29  7.45
68518.0  25.250  18.140  1.590  14.27  304.90  63.93  927.19  -2.12  196.82  7.43
68519.0  25.310  18.100  2.340  14.22  304.92  63.50  927.70  -1.55  191.47  8.00
68520.0  25.460  18.090  2.250  14.21  305.03  62.89  928.18  -1.08  203.15  6.80
68521.0  25.370  18.070  2.210  14.19  304.90  63.16  928.53  -1.34  205.21  5.42
68522.0  25.390  18.050  2.210  14.16  304.87  63.02  929.05  0.71  194.79  6.58
68523.0  25.500  18.070  2.610  14.17  304.94  62.65  929.62  1.16  182.95  6.40
68524.0  25.690  18.060  2.660  14.15  305.05  61.87  930.47  2.88  177.57  10.06
68525.0  25.740  18.150  2.610  14.22  305.03  62.08  931.18  4.21  173.53  9.93
68526.0  25.920  18.150  2.790  14.21  305.19  61.37  931.46  3.88  170.94  6.69
68527.0  26.010  18.230  2.410  14.28  305.22  61.36  932.13  3.48  185.88  6.08
68528.0  25.990  18.240  2.230  14.28  305.16  61.45  932.50  0.59  178.71  6.97
68529.0  25.970  18.250  1.980  14.29  305.11  61.60  932.85  -0.27  188.60  7.22
68530.0  25.870  18.230  2.230  14.25  304.92  61.90  933.77  -0.22  184.84  6.77
68531.0  25.980  18.230  2.400  14.23  304.92  61.48  934.97  -0.83  191.11  6.90
68532.0  26.000  18.190  2.230  14.18  304.88  61.22  935.75  -0.90  189.84  7.65
68533.0  26.050  18.220  1.950  14.21  304.89  61.15  936.13  -1.26  187.33  7.78
68534.0  26.250  18.270  1.640  14.24  305.04  60.61  936.65  -0.63  194.77  6.68
68535.0  26.230  18.270  1.700  14.23  304.97  60.66  937.32  -0.54  190.01  6.83
68536.0  26.470  18.290  1.810  14.25  305.16  59.90  937.77  -1.25  206.70  7.26
68537.0  26.360  18.310  1.450  14.26  305.00  60.36  938.38  -1.31  204.70  8.66
68538.0  26.310  18.310  1.420  14.24  304.87  60.54  939.17  -1.28  203.34  9.81
68539.0  26.440  18.270  1.320  14.20  304.94  59.94  939.82  -1.29  209.34  9.50
68540.0  26.380  18.270  0.990  14.18  304.81  60.15  940.54  -1.65  208.37  8.43
68541.0  26.430  18.180  1.150  14.09  304.79  59.64  941.37  -1.77  205.70  8.59
68542.0  26.380  18.160  1.370  14.05  304.65  59.70  942.31  -2.01  203.45  8.18
68543.0  26.490  18.110  0.950  14.00  304.72  59.13  942.83  -1.94  199.11  7.99
68544.0  26.480  18.080  1.090  13.97  304.69  59.04  943.08  -0.42  190.66  7.31
68545.0  26.710  18.060  1.980  13.95  304.89  58.12  943.45  1.98  194.51  6.97
68546.0  26.820  18.090  2.100  13.97  305.01  57.85  943.29  1.02  203.06  6.02
68547.0  26.830  18.110  2.220  13.99  304.99  57.91  943.58  1.49  205.52  7.50
68548.0  26.820  18.160  2.510  14.02  304.94  58.11  944.13  1.50  204.93  8.16
68549.0  26.920  18.190  2.760  14.05  305.01  57.86  944.35  1.62  210.45  8.18
68550.0  26.900  18.210  2.610  14.08  305.02  58.05  944.08  1.20  202.34  8.06
68551.0  26.810  18.260  2.400  14.12  304.94  58.55  943.90  -1.31  194.33  10.04
68552.0  26.860  18.280  2.310  14.13  304.94  58.42  944.55  0.60  200.21  10.05
68553.0  26.880  18.240  2.180  14.09  304.96  58.21  944.51  0.25  197.07  9.95
68554.0  26.760  18.280  1.830  14.14  304.88  58.79  944.07  -1.78  192.20  7.76
68555.0  26.730  18.300  0.960  14.16  304.84  58.98  944.18  -2.26  185.89  7.92
68556.0  26.870  18.280  0.820  14.13  304.94  58.42  944.61  -1.66  180.24  7.54
68557.0  26.950  18.280  0.990  14.13  305.04  58.12  944.33  -1.70  177.91  8.27
68558.0  27.180  18.270  1.390  14.13  305.29  57.27  944.27  -0.27  187.68  9.48
68559.0  27.120  18.250  0.900  14.11  305.25  57.41  943.99  1.45  191.39  7.43
68560.0  26.970  18.260  0.900  14.13  305.15  57.96  943.37  1.24  184.22  6.45
68561.0  27.140  18.260  1.140  14.13  305.35  57.36  943.17  0.42  192.87  7.91
68562.0  27.030  18.230  1.270  14.11  305.25  57.66  942.90  -1.78  194.05  7.00
68563.0  26.910  18.210  1.320  14.08  305.12  57.96  943.08  -1.10  202.60  7.28
68564.0  26.870  18.190  1.160  14.07  305.10  58.06  942.92  -1.11  203.94  7.29
68565.0  26.790  18.170  0.800  14.06  305.02  58.28  942.87  -0.98  196.83  9.30
68566.0  26.800  18.180  -0.200  14.06  305.03  58.28  942.85  0.32  194.45  8.97
68567.0  26.880  18.100  0.500  13.99  305.10  57.68  943.00  1.75  196.61  9.54
68568.0  26.940  18.010  0.990  13.91  305.19  57.13  942.65  1.36  206.19  9.22
68569.0  26.830  18.010  1.320  13.91  305.09  57.52  942.54  1.18  196.18  11.15
68570.0  26.840  18.020  1.110  13.93  305.09  57.54  942.61  0.69  197.72  8.22
68571.0  26.810  18.010  1.370  13.92  305.08  57.58  942.50  1.28  196.24  8.94
68572.0  26.840  18.010  1.310  13.92  305.14  57.49  942.11  0.47  192.45  9.49
68573.0  26.850  18.090  0.980  13.99  305.17  57.74  941.92  1.22  187.32  10.66
68574.0  26.820  18.100  1.250  14.01  305.13  57.91  941.92  1.20  191.51  9.78
68575.0  26.730  18.080  1.600  13.98  305.00  58.16  942.33  0.71  192.78  8.10
