flight/WP3D/AircraftMis_NP3_20130611_RA.ict
41  1001
Ken Aikin
NOAA ESRL Chemical Sciences Division
various aircraft sensors
SENEX 2013
1  1
2013  06  11  2013  06  11
1
AOCTimewave
8
1  1  1  1  1  1  1  1
-9999  -9999  -9999  -9999  -9999  -9999  -9999  -9999
Attack  deg
CabinPrs  mbar
GndSpd  m/s
Heading  deg
Pitch  deg
Roll  deg
Slip  deg
TrueAirSpd  m/s
1
SPECIAL COMMENTS:Birmingham power plants flight.
18
PI_CONTACT_INFO: Address: NOAA ESRL Chemical Sciences Division  Mail Stop R/CSD7  325 Broadway  Boulder  CO 80305
PLATFORM: NOAA WP-3D
LOCATION: The aircraft was stationed in  Smyrna  Tennessee. Aircraft location information in AircraftPosition file.
ASSOCIATED_DATA: N/A
INSTRUMENT_INFO: N/A
DATA_INFO: Units: Attack degrees; CabinPrs millibar; GndSpd m/s; Heading degrees; Pitch degrees; Roll degrees; Slip degrees; TrueAirSpd m/s
UNCERTAINTY: N/A
ULOD_FLAG: -7777
ULOD_VALUE: N/A
LLOD_FLAG: -8888
LLOD_VALUE: N/A
DM_CONTACT_INFO: Data Manager:Ken Aikin; email:Kenneth.C.Aikin@noaa.gov
PROJECT_INFO: SENEX 2013 Study; June 1 - July 15  2013
STIPULATIONS_ON_USE: Use of these data require prior ok from PI.
OTHER_COMMENTS:       None
REVISION: RA
RA: Preliminary Data.  For in-field use.
AOCTimewave  Attack  CabinPrs  GndSpd  Heading  Pitch  Roll  Slip  TrueAirSpd
[from data line 10897]
70277.0  1.8  976.3  117.6  358.2  2.13  -0.08  -0.14  116.8
70278.0  1.7  976.4  117.6  358.4  2.08  -0.38  -0.52  116.8
70279.0  2.1  975.9  117.5  358.3  2.25  -1.11  -0.32  116.6
70280.0  2.0  976.3  117.5  358.3  2.19  -0.72  -0.48  116.0
70281.0  1.9  976.2  117.4  358.2  2.00  0.02  -0.53  115.9
70282.0  2.0  975.9  117.4  358.1  2.11  -0.24  -0.49  116.4
70283.0  2.2  976.2  117.3  358.1  2.31  -0.56  0.06  116.4
70284.0  2.3  976.5  117.2  358.4  2.34  -1.01  0.23  115.8
70285.0  1.4  976.0  117.2  358.7  1.90  -1.06  -0.96  115.9
70286.0  1.9  976.5  117.2  358.3  1.81  -1.02  -0.28  116.3
70287.0  1.6  976.4  117.2  358.3  1.79  -0.68  -0.35  116.8
70288.0  1.5  975.8  117.1  358.3  1.82  -0.22  0.04  117.4
70289.0  1.7  976.2  117.1  358.6  2.04  -1.03  0.10  117.4
70290.0  1.9  976.2  117.0  358.9  2.20  -1.46  -0.31  116.9
70291.0  2.3  975.7  116.9  359.0  2.26  -1.53  -0.99  116.5
70292.0  1.6  975.3  116.9  358.7  1.42  -1.50  -1.55  117.4
70293.0  1.3  976.2  116.9  357.8  1.14  -1.63  -1.13  117.3
70294.0  1.8  975.9  117.0  357.0  1.45  -0.28  -0.51  117.4
70295.0  1.5  975.4  117.0  356.8  1.35  1.37  0.30  116.8
70296.0  1.7  975.7  117.0  357.1  1.31  0.74  0.37  117.1
70297.0  1.5  976.0  117.1  357.7  1.36  -0.03  -0.65  116.3
70298.0  1.7  976.0  117.2  357.6  1.45  -1.83  -0.83  115.9
70299.0  2.0  975.6  117.2  357.2  1.68  -3.89  -0.61  115.6
70300.0  1.9  975.9  117.2  356.7  1.75  -4.52  -0.56  115.4
70301.0  1.9  975.7  117.2  356.3  1.65  -4.32  -0.68  115.7
70302.0  2.2  975.8  117.2  355.8  1.80  -4.17  -0.28  115.7
70303.0  2.0  975.9  117.2  355.5  1.78  -4.44  -0.46  115.6
70304.0  1.9  975.7  117.2  355.1  1.81  -3.93  -0.55  116.3
70305.0  1.8  976.0  117.1  354.7  2.01  -3.12  0.10  115.9
70306.0  2.1  975.9  117.1  354.7  2.25  -2.52  0.17  115.6
70307.0  1.9  976.1  117.0  354.9  2.08  -2.53  -0.42  115.5
70308.0  1.8  975.9  117.0  354.8  2.08  -2.05  -1.15  115.6
70309.0  2.4  975.8  116.9  354.2  2.35  -1.22  -0.50  115.4
70310.0  1.9  976.3  116.8  354.0  2.15  -0.56  -0.12  115.6
70311.0  1.8  975.8  116.8  354.1  2.08  0.38  0.06  115.8
70312.0  2.1  975.9  116.7  354.4  2.36  0.96  -0.16  115.6
70313.0  1.9  976.0  116.7  354.7  2.28  1.11  0.10  115.0
70314.0  2.0  975.9  116.6  355.1  2.28  1.46  -0.39  115.4
70315.0  2.0  976.0  116.6  355.4  2.57  0.80  -0.59  115.3
70316.0  2.6  976.0  116.4  355.5  3.48  -0.10  -0.51  115.0
70317.0  2.7  975.7  116.1  355.6  4.11  0.83  -0.88  114.5
70318.0  2.1  976.1  115.8  355.4  4.29  1.87  -0.73  114.3
70319.0  2.4  975.6  115.4  355.3  4.18  1.54  -0.42  114.0
70320.0  1.9  975.3  115.1  355.5  3.80  2.97  0.42  113.5
70321.0  1.8  975.6  114.9  356.2  3.31  4.43  0.35  113.3
70322.0  1.1  975.7  114.7  357.0  2.78  3.90  -0.38  112.9
70323.0  2.0  975.9  114.7  357.4  2.68  4.09  -0.90  113.0
70324.0  1.9  975.5  114.6  357.4  2.65  4.20  -0.99  113.3
70325.0  2.0  976.1  114.6  357.4  2.86  3.90  -0.42  113.4
70326.0  2.3  975.4  114.5  357.7  3.16  4.04  -0.32  113.1
70327.0  2.3  975.8  114.3  358.1  3.19  4.51  0.12  113.0
70328.0  2.2  975.5  114.2  358.8  3.13  4.59  -0.38  112.0
70329.0  2.3  975.1  114.2  359.3  2.93  4.23  -0.59  111.7
70330.0  2.5  975.6  114.1  359.6  2.67  3.03  -0.43  111.4
70331.0  2.5  975.3  114.1  359.8  2.40  0.58  -0.35  111.0
70332.0  2.2  976.0  114.2  360.0  2.14  -0.62  0.08  112.3
70333.0  1.6  974.8  114.2  0.4  1.90  -0.99  -0.39  113.2
70334.0  2.1  975.5  114.3  0.4  2.10  -0.87  -1.34  113.3
70335.0  1.6  973.6  114.2  359.8  1.90  -1.41  -0.95  115.1
70336.0  1.9  975.5  114.2  359.3  2.12  -2.60  -0.38  114.5
70337.0  2.5  975.1  114.2  359.0  2.22  -3.20  -0.24  114.5
70338.0  2.1  975.5  114.2  358.9  1.83  -1.70  -0.21  114.3
70339.0  2.1  975.3  114.2  358.7  1.62  -0.71  0.08  113.7
70340.0  2.1  975.5  114.3  359.0  1.50  -1.17  -0.22  113.5
70341.0  2.0  975.7  114.5  359.0  1.31  -0.96  -1.09  113.2
70342.0  1.7  975.8  114.6  358.7  1.39  -0.21  -0.50  113.9
70343.0  1.8  975.4  114.7  358.6  1.77  -0.29  -0.16  113.6
70344.0  2.3  975.3  114.7  358.7  2.12  -0.66  -0.45  113.9
70345.0  2.4  975.1  114.7  358.7  2.02  -0.77  -0.72  114.2
70346.0  1.8  975.3  114.8  358.5  1.73  -0.92  -0.38  114.1
70347.0  1.9  975.3  114.8  358.4  1.97  -1.39  -0.60  114.2
70348.0  2.3  975.7  114.8  358.0  2.24  -2.44  -0.35  114.7
70349.0  1.9  975.2  114.7  357.8  2.19  -3.24  -0.38  115.2
70350.0  2.7  975.2  114.7  357.5  2.22  -2.97  -0.64  114.4
70351.0  2.1  975.5  114.7  357.2  1.95  -2.76  -0.05  113.4
70352.0  1.6  975.0  114.7  357.0  1.83  -3.39  -1.09  113.6
70353.0  2.3  975.2  114.7  356.3  2.30  -2.74  -0.46  114.3
70354.0  2.1  975.6  114.6  356.0  2.38  -1.61  -0.22  113.8
70355.0  1.8  975.4  114.6  356.0  2.23  -1.25  -0.61  114.5
70356.0  1.9  975.5  114.5  355.8  2.36  -0.89  0.15  114.1
70357.0  2.3  975.4  114.4  355.9  2.63  -0.31  -0.18  113.6
70358.0  2.4  975.4  114.4  356.1  2.41  -0.01  -0.35  114.1
70359.0  2.1  975.3  114.3  356.2  2.23  -0.14  -0.39  114.5
70360.0  1.6  975.6  114.3  356.2  2.05  -0.58  0.37  114.6
70361.0  1.9  975.5  114.3  356.6  2.41  0.02  -0.37  113.7
70362.0  2.6  975.5  114.3  356.8  2.46  1.90  -0.16  113.2
70363.0  2.1  975.0  114.3  357.2  2.08  2.48  0.05  113.6
70364.0  2.2  975.4  114.3  357.8  1.99  1.20  -0.06  113.7
70365.0  1.9  975.3  114.4  358.2  1.93  -1.08  -0.88  113.3
70366.0  1.9  975.5  114.4  357.9  1.95  -2.17  -1.13  112.4
70367.0  2.0  975.1  114.4  357.4  2.14  -2.01  -0.71  112.8
70368.0  2.1  975.2  114.4  357.0  2.24  -1.34  -0.11  113.8
70369.0  2.3  975.5  114.4  357.1  2.39  -0.56  -0.35  113.7
70370.0  1.8  975.0  114.4  357.1  2.10  -0.25  -0.28  113.5
70371.0  2.0  975.6  114.4  357.0  2.24  -0.80  -0.63  114.1
70372.0  2.0  975.0  114.3  356.9  2.31  -1.07  -0.34  114.0
70373.0  2.2  975.5  114.3  356.8  2.35  -0.60  -0.46  114.5
70374.0  2.2  975.1  114.2  356.8  2.25  -0.43  0.35  114.3
70375.0  2.0  975.1  114.2  357.1  2.24  -0.46  -0.56  113.2
70376.0  2.1  975.3  114.2  357.1  2.28  -0.03  -0.79  113.8
70377.0  1.8  975.0  114.2  356.8  2.23  -0.44  -0.26  113.6
70378.0  2.1  975.6  114.2  356.8  2.43  -0.93  -0.37  113.3
70379.0  2.3  975.4  114.1  356.7  2.55  -0.57  -0.62  113.0
70380.0  2.2  975.4  114.1  356.5  2.45  -0.13  -0.30  112.7
70381.0  2.4  975.3  114.1  356.5  2.50  -0.52  0.03  112.5
70382.0  2.4  975.5  114.0  356.7  2.50  -0.27  -0.53  112.2
70383.0  2.2  975.4  114.0  356.7  2.31  1.23  -0.40  112.3
70384.0  2.4  975.3  114.1  356.8  2.39  2.93  -0.10  111.1
70385.0  2.5  975.1  114.1  357.2  2.33  3.50  -0.27  111.9
70386.0  2.3  975.1  114.2  357.6  2.20  2.83  -0.05  112.8
70387.0  2.3  975.6  114.2  358.0  2.11  1.77  -0.46  113.3
70388.0  1.7  975.5  114.3  358.2  1.81  1.39  -0.50  113.5
70389.0  1.8  975.4  114.3  358.3  1.94  -0.31  -0.06  113.2
70390.0  2.0  975.4  114.4  358.4  2.18  -1.34  -0.45  112.1
70391.0  2.0  975.4  114.4  358.3  2.21  -1.91  -1.03  112.4
70392.0  2.2  975.7  114.4  357.8  2.27  -1.18  -0.06  112.4
70393.0  2.1  975.3  114.4  357.8  2.38  -1.26  -0.14  112.1
70394.0  2.2  975.5  114.4  358.0  2.39  -0.79  -0.77  112.3
70395.0  2.2  975.5  114.4  357.7  2.41  0.23  -0.66  112.4
70396.0  2.4  975.1  114.4  357.6  2.52  1.07  -0.35  112.2
70397.0  2.5  975.6  114.3  357.7  2.49  1.08  -0.46  112.2
70398.0  2.0  975.5  114.4  357.8  2.31  0.43  -0.42  112.2
70399.0  2.1  975.5  114.3  357.8  2.50  0.18  -0.20  112.9
70400.0  2.2  975.4  114.3  358.0  2.60  0.63  -0.29  113.1
70401.0  2.2  975.0  114.2  358.2  2.63  1.52  -0.01  113.1
70402.0  1.9  975.2  114.2  358.5  2.61  1.78  -0.09  112.9
70403.0  2.1  975.6  114.1  358.8  2.83  1.74  -0.16  113.1
70404.0  2.3  975.4  114.0  359.2  2.89  0.66  -0.51  113.0
70405.0  3.2  975.2  114.0  359.3  2.96  0.26  -0.09  112.8
70406.0  3.0  974.9  113.9  359.5  2.95  -0.36  -0.29  111.4
70407.0  2.0  975.5  113.9  359.6  2.71  0.06  -1.05  112.1
70408.0  1.3  975.2  113.8  359.3  2.29  0.59  -0.50  111.8
70409.0  1.7  975.3  113.8  359.1  2.16  0.90  -0.25  112.0
70410.0  2.1  975.5  113.9  359.2  2.08  0.78  -0.35  112.1
70411.0  2.3  975.6  113.9  359.2  2.20  -0.06  -0.54  111.3
70412.0  2.7  975.4  114.0  359.1  2.14  0.54  -0.26  111.2
70413.0  2.1  975.4  114.1  359.2  2.02  1.35  0.54  110.5
70414.0  2.5  975.5  114.2  359.9  2.05  2.58  -0.69  111.0
70415.0  2.5  975.6  114.3  0.1  2.07  3.76  -0.44  112.1
70416.0  2.7  975.3  114.4  0.4  2.05  3.09  -0.29  111.8
70417.0  2.3  975.5  114.5  0.8  1.73  0.73  -0.93  112.4
70418.0  1.4  975.6  114.6  0.7  1.54  -0.71  -1.05  112.9
70419.0  2.3  975.1  114.7  0.2  2.15  -0.68  -1.09  113.8
70420.0  2.0  975.4  114.7  359.6  2.16  -0.64  -0.09  114.1
70421.0  1.9  975.4  114.6  359.6  2.09  -1.48  -0.24  113.9
70422.0  2.2  975.4  114.6  359.6  2.16  -0.70  -0.60  113.9
70423.0  1.9  975.2  114.7  359.4  2.11  0.13  -0.77  113.4
70424.0  2.0  975.5  114.6  359.1  2.24  -0.54  -0.15  113.7
70425.0  2.3  975.4  114.6  359.2  2.56  -1.61  -0.03  113.3
70426.0  2.1  975.5  114.5  359.3  2.39  -2.55  -0.41  113.1
70427.0  2.0  975.2  114.5  359.2  2.34  -3.47  -0.72  113.3
70428.0  2.2  975.3  114.4  358.8  2.55  -4.68  -0.02  113.5
70429.0  2.3  975.6  114.3  358.6  2.73  -5.58  -0.15  113.9
70430.0  2.7  975.5  114.2  358.5  2.62  -4.62  -0.31  114.7
70431.0  2.1  975.1  114.1  358.4  2.27  -4.06  -0.60  112.4
70432.0  2.5  975.1  114.2  358.1  2.15  -2.31  -0.16  111.6
70433.0  1.8  975.3  114.2  358.2  2.02  -1.69  -0.76  111.4
70434.0  2.1  974.8  114.3  358.0  2.14  -2.01  -0.91  111.2
70435.0  2.1  975.6  114.3  357.6  2.33  -3.30  -0.84  112.5
70436.0  2.0  975.3  114.3  357.0  2.36  -4.44  -1.04  112.3
70437.0  2.3  975.1  114.2  356.2  2.59  -4.74  -0.45  112.8
70438.0  2.5  975.7  114.1  355.7  2.69  -5.78  -0.65  112.2
70439.0  2.1  975.0  114.1  355.1  2.37  -6.29  -0.55  111.6
70440.0  2.3  975.7  114.0  354.4  2.40  -5.81  -0.04  112.1
70441.0  2.4  975.6  113.9  354.1  2.51  -5.88  0.46  111.8
70442.0  2.8  975.2  113.9  354.1  2.56  -6.02  -0.32  111.6
70443.0  1.8  975.7  113.9  353.9  2.09  -3.14  -0.50  111.4
70444.0  2.0  975.5  113.9  353.6  2.13  -0.38  -0.16  112.1
70445.0  2.6  975.2  113.9  353.6  2.59  0.15  0.05  112.4
70446.0  1.8  975.1  113.9  354.0  2.26  0.55  -0.53  112.9
70447.0  1.6  975.3  113.9  354.1  2.24  2.05  -0.30  112.6
70448.0  2.5  975.4  113.9  354.4  2.75  3.00  -0.35  112.5
70449.0  2.7  975.2  113.9  354.8  2.71  4.40  -0.70  112.5
70450.0  2.0  975.4  113.9  355.0  2.32  5.14  -0.33  112.1
70451.0  2.2  975.2  113.9  355.5  2.34  4.78  -0.42  111.5
70452.0  2.6  975.3  114.0  355.9  2.59  4.90  -0.53  112.0
70453.0  2.2  975.2  114.0  356.3  2.46  5.12  -0.53  112.4
70454.0  2.0  975.4  114.0  356.6  2.37  5.26  -0.34  112.0
70455.0  2.3  975.3  114.0  357.1  2.64  4.80  0.00  111.6
70456.0  2.7  974.8  114.0  357.7  2.71  4.50  -0.35  111.5
70457.0  2.2  975.4  114.1  358.2  2.32  4.25  -0.27  111.6
70458.0  2.3  975.2  114.1  358.7  2.38  2.35  -0.32  111.0
70459.0  2.5  974.7  114.2  359.1  2.38  0.70  -1.12  113.0
70460.0  1.8  976.5  114.2  358.9  2.05  -0.76  -0.99  113.7
70461.0  1.9  975.0  114.2  358.4  2.17  -1.72  -0.77  113.6
70462.0  2.1  975.2  114.2  358.0  2.33  -2.19  -0.41  112.9
70463.0  2.1  975.4  114.1  357.8  2.29  -2.25  -0.36  113.1
70464.0  2.1  975.2  114.1  357.7  2.20  -1.63  -0.19  112.7
70465.0  2.0  975.2  114.1  357.6  2.21  -0.16  -0.12  112.5
70466.0  2.3  975.2  114.1  357.8  2.42  1.08  -0.32  112.4
70467.0  2.2  975.0  114.1  358.1  2.30  1.96  -0.54  112.5
70468.0  2.5  975.0  114.2  358.2  2.26  2.57  -0.29  113.0
70469.0  2.1  974.8  114.2  358.5  2.16  3.38  0.01  112.5
70470.0  2.0  974.6  114.3  359.1  2.00  4.44  -0.54  111.4
70471.0  2.6  975.2  114.4  359.4  2.13  5.32  -0.36  111.4
70472.0  2.2  974.8  114.5  359.9  1.99  5.92  -0.51  110.7
70473.0  2.0  975.4  114.6  0.4  1.98  4.70  -0.48  112.5
70474.0  2.4  974.7  114.7  0.8  2.16  2.98  -0.72  112.0
70475.0  2.1  975.3  114.8  0.9  2.06  2.11  -0.74  112.0
70476.0  2.4  974.9  114.9  0.9  2.13  0.28  0.19  111.2
70477.0  2.8  975.0  114.9  1.3  2.11  -2.82  -0.40  112.3
70478.0  2.0  974.9  115.0  1.2  1.75  -4.42  -0.39  111.8
70479.0  2.2  974.4  115.1  1.0  1.77  -4.43  -0.55  111.5
70480.0  2.3  974.8  115.2  0.6  1.88  -3.62  -1.23  112.1
70481.0  2.2  974.8  115.3  359.8  1.80  -3.99  -0.64  112.5
70482.0  2.3  975.4  115.3  359.3  1.93  -5.45  0.60  112.3
70483.0  2.2  975.1  115.4  359.4  1.87  -5.56  -0.17  113.0
70484.0  2.2  974.9  115.4  359.2  1.73  -5.33  0.06  113.1
70485.0  2.4  975.2  115.5  359.2  1.72  -4.91  -0.14  113.0
70486.0  1.5  975.2  115.6  359.2  1.48  -4.19  -1.03  113.7
70487.0  1.9  975.3  115.7  358.6  1.69  -3.26  -1.34  114.7
70488.0  2.2  975.4  115.7  357.7  1.98  -2.09  0.14  114.2
70489.0  1.9  974.9  115.7  357.8  1.87  -1.48  -0.60  114.2
70490.0  2.5  975.7  115.7  357.6  1.75  -0.72  -0.71  114.7
70491.0  1.8  975.2  115.9  357.3  1.37  -0.42  -0.60  114.0
70492.0  2.1  975.3  116.0  357.1  1.41  -0.42  -0.15  114.6
70493.0  2.0  974.9  116.1  357.1  1.39  0.15  -0.62  114.5
70494.0  1.7  975.3  116.2  357.0  1.26  0.26  -0.33  114.9
70495.0  1.8  975.2  116.3  357.0  1.47  0.36  0.28  115.1
70496.0  1.4  975.1  116.3  357.3  1.57  0.20  -0.31  115.0
70497.0  2.0  975.2  116.4  357.4  2.02  -0.27  -0.70  115.1
70498.0  2.0  975.1  116.3  357.2  2.10  -0.40  -0.60  114.8
70499.0  2.0  975.6  116.3  357.0  2.18  -0.29  -0.39  114.5
70500.0  1.8  975.3  116.3  357.0  2.27  0.24  -0.10  114.5
70501.0  2.5  975.3  116.2  357.2  2.53  -0.89  0.20  115.2
70502.0  2.5  975.0  116.1  357.5  2.48  -1.83  -0.47  114.5
70503.0  1.9  975.1  116.1  357.5  1.95  -2.03  -0.57  114.9
70504.0  1.9  975.6  116.1  357.3  2.06  -1.81  -0.48  113.6
70505.0  2.2  975.5  116.2  357.2  2.33  -0.90  -0.46  112.9
70506.0  2.5  974.8  116.1  357.2  2.33  -0.50  -0.55  113.2
70507.0  2.2  975.4  116.1  357.1  2.13  -0.38  -0.56  113.3
70508.0  1.9  975.4  116.2  357.0  2.02  -0.24  -0.49  112.9
70509.0  2.2  975.1  116.2  357.0  2.18  -0.40  -0.78  112.1
70510.0  2.6  975.2  116.3  356.7  2.29  -0.64  0.15  111.2
70511.0  1.6  975.2  116.2  356.9  2.05  -0.63  0.23  112.9
70512.0  1.8  975.0  116.3  357.2  2.21  0.39  -1.32  114.5
70513.0  2.4  975.2  116.2  356.8  2.62  0.26  -0.51  115.0
70514.0  1.8  975.1  116.1  356.7  2.26  -0.29  -0.07  115.3
70515.0  2.1  975.8  116.1  356.8  2.24  0.09  -0.10  115.8
70516.0  1.7  975.2  116.0  357.0  2.16  0.79  -0.52  116.0
70517.0  1.7  975.1  116.0  356.9  2.13  1.53  -0.69  115.9
70518.0  1.7  975.2  115.9  356.9  2.27  2.31  -0.20  115.9
70519.0  1.8  975.4  115.9  357.2  2.38  3.31  0.15  115.4
70520.0  2.2  974.8  115.8  357.6  2.50  3.48  -0.01  115.1
70521.0  2.2  975.3  115.8  358.1  2.43  2.81  -0.05  114.8
70522.0  2.0  974.8  115.7  358.5  2.26  2.19  -0.85  114.6
70523.0  1.8  975.2  115.8  358.5  2.20  2.40  -1.06  114.1
70524.0  2.0  974.9  115.7  358.3  2.43  1.96  -0.29  114.2
70525.0  2.2  974.8  115.7  358.4  2.55  1.43  -0.48  114.7
70526.0  1.8  975.3  115.6  358.3  2.39  0.44  -0.46  115.2
70527.0  2.0  975.0  115.5  358.2  2.57  -0.68  0.35  115.1
70528.0  2.1  975.5  115.4  358.4  2.68  -1.52  0.10  114.9
70529.0  1.9  975.3  115.3  358.5  2.56  -0.90  0.18  115.3
70530.0  1.9  974.9  115.1  358.7  2.61  -0.42  0.09  115.0
70531.0  2.0  974.9  115.0  358.9  2.70  -0.47  -0.28  114.5
70532.0  2.2  975.4  114.9  359.0  2.70  -0.42  -0.44  113.7
70533.0  2.3  975.3  114.9  358.9  2.63  -0.69  -0.60  113.6
70534.0  2.4  975.4  114.8  358.8  2.39  -0.72  -0.49  113.4
70535.0  2.7  975.2  114.8  358.6  2.22  -0.61  -0.10  112.2
70536.0  2.2  975.2  114.9  358.7  1.90  -0.32  0.00  112.3
70537.0  1.5  975.0  115.0  358.8  1.61  -0.18  -0.48  112.8
70538.0  1.4  975.0  115.0  358.7  1.93  -0.10  -0.08  113.9
70539.0  2.4  975.4  115.0  358.8  2.51  -0.10  -0.38  113.5
70540.0  2.0  975.0  115.0  358.8  2.32  0.13  -0.87  112.5
