flight/WP3D/AircraftMet_NP3_20130612_RA.ict
43  1001
Ken Aikin
NOAA ESRL Chemical Sciences Division
various aircraft sensors
SENEX 2013
1  1
2013  06  12  2013  06  12
1
AOCTimewave
10
1  1  1  1  1  1  1  1  1  1
-9999  -9999  -9999  -9999  -9999  -9999  -9999  -9999  -9999  -9999
AmbTemp  C
DewPtTemp  C
DewPtTempTDL  C
H2Omr  g/kg
PotTemp  K
RelHumidity  pct
StaticPrs  mbar
VertWindSpd  m/s
WindDir  deg
WindSpd  m/s
1
SPECIAL COMMENTS:Atlanta flight.
18
PI_CONTACT_INFO: Address: NOAA ESRL Chemical Sciences Division  Mail Stop R/CSD7  325 Broadway  Boulder  CO 80305
PLATFORM: NOAA WP-3D
LOCATION: The aircraft was stationed in  Smyrna  Tennessee. Aircraft location information in AircraftPosition file.
ASSOCIATED_DATA: N/A
INSTRUMENT_INFO: N/A
DATA_INFO: Units:AmbTemp celcius; DewPtTemp celcius; DewPtTempTDL celcius; H2Omr g/kg; PotTemp kelvin; RelHumidity percent; StaticPrs millibar; VertWindSpd m/s; WindDir degrees; WindSpd m/s
UNCERTAINTY: N/A
ULOD_FLAG: -7777
ULOD_VALUE: N/A
LLOD_FLAG: -8888
LLOD_VALUE: N/A
DM_CONTACT_INFO: Data Manager:Ken Aikin; email:Kenneth.C.Aikin@noaa.gov
PROJECT_INFO: SENEX 2013 Study; June 1 - July 15  2013
STIPULATIONS_ON_USE: Use of these data require prior ok from PI.
OTHER_COMMENTS:       None
REVISION: RA
RA: Preliminary Data.  For in-field use.
AOCTimewave  AmbTemp  DewPtTemp  DewPtTempTDL  H2Omr  PotTemp  RelHumidity  StaticPrs  VertWindSpd  WindDir  WindSpd
[from data line 5018]
58316.0  24.750  21.850  -40.800  18.03  304.25  83.42  928.65  0.02  310.35  5.45
58317.0  24.700  21.810  -40.800  17.99  304.20  83.49  928.66  -0.81  312.36  5.64
58318.0  24.800  21.770  -40.800  17.95  304.28  82.82  928.86  0.04  306.87  5.23
58319.0  24.740  21.740  -40.790  17.92  304.23  82.97  928.71  0.11  304.87  5.53
58320.0  24.870  21.730  -40.790  17.90  304.37  82.21  928.70  -0.42  300.24  5.78
58321.0  24.930  21.680  -40.790  17.84  304.42  81.66  928.84  -0.14  289.30  5.19
58322.0  24.860  21.620  -40.790  17.77  304.36  81.67  928.76  0.01  296.47  5.28
58323.0  24.760  21.590  -40.790  17.74  304.25  82.05  928.76  0.86  316.27  5.28
58324.0  24.800  21.570  -40.790  17.72  304.30  81.70  928.74  0.13  319.28  5.18
58325.0  24.860  21.530  -40.790  17.67  304.34  81.23  928.90  0.74  320.63  4.58
58326.0  24.880  21.510  -40.790  17.65  304.37  81.02  928.82  0.79  326.91  3.78
58327.0  24.950  21.530  -40.790  17.68  304.46  80.80  928.58  0.52  325.55  4.17
58328.0  25.070  21.520  -40.790  17.67  304.60  80.14  928.42  -0.55  318.05  4.70
58329.0  25.200  21.450  -40.800  17.60  304.73  79.18  928.45  -0.87  316.92  3.77
58330.0  25.190  21.400  -40.800  17.54  304.71  78.97  928.53  -0.90  311.92  3.10
58331.0  24.900  21.350  -40.800  17.48  304.40  80.13  928.67  -0.29  311.04  3.41
58332.0  24.730  21.310  -40.800  17.44  304.24  80.79  928.55  0.13  318.22  4.78
58333.0  24.790  21.330  -40.800  17.45  304.30  80.55  928.55  0.45  342.55  4.53
58334.0  24.900  21.400  -40.800  17.54  304.43  80.38  928.31  0.95  317.87  2.76
58335.0  24.760  21.440  -40.800  17.59  304.30  81.27  928.35  2.17  330.57  3.58
58336.0  24.870  21.410  -40.800  17.56  304.43  80.57  928.11  1.11  311.25  5.83
58337.0  24.800  21.440  -40.800  17.59  304.36  81.06  928.06  0.45  318.04  4.85
58338.0  24.820  21.490  -40.790  17.64  304.37  81.23  928.09  -0.52  327.97  4.09
58339.0  24.710  21.470  -40.790  17.62  304.26  81.69  928.11  0.06  332.71  3.80
58340.0  24.800  21.470  -40.800  17.62  304.35  81.21  928.20  1.02  341.36  3.01
58341.0  24.770  21.450  -40.800  17.61  304.33  81.31  928.04  1.24  328.48  4.20
58342.0  24.820  21.460  -40.800  17.62  304.40  81.08  927.88  0.87  327.52  3.51
58343.0  24.770  21.450  -40.800  17.60  304.33  81.30  928.02  0.08  328.73  3.45
58344.0  24.760  21.440  -40.800  17.58  304.31  81.26  928.16  -1.32  312.16  4.03
58345.0  24.790  21.470  -40.800  17.62  304.32  81.30  928.41  -0.39  318.62  4.29
58346.0  24.860  21.510  -40.800  17.66  304.39  81.10  928.41  -0.20  303.14  4.55
58347.0  24.960  21.520  -40.800  17.68  304.49  80.71  928.44  0.18  297.88  4.85
58348.0  24.870  21.540  -40.800  17.69  304.38  81.24  928.56  0.28  310.14  4.12
58349.0  24.800  21.480  -40.800  17.63  304.32  81.28  928.46  0.00  309.74  4.96
58350.0  24.830  21.390  -40.800  17.52  304.34  80.64  928.61  -0.42  307.14  4.66
58351.0  24.760  21.320  -40.800  17.45  304.26  80.65  928.75  -0.63  316.68  4.39
58352.0  24.820  21.300  -40.790  17.42  304.30  80.27  928.84  -1.34  323.54  5.18
58353.0  25.030  21.240  -40.790  17.35  304.49  78.92  929.22  -0.15  324.55  3.98
58354.0  25.110  21.190  -40.790  17.29  304.55  78.32  929.37  0.75  312.01  2.78
58355.0  24.950  21.240  -40.800  17.35  304.42  79.33  928.96  -1.85  311.27  2.82
58356.0  24.860  21.270  -40.800  17.38  304.33  79.92  929.04  -1.43  296.67  3.95
58357.0  24.710  21.240  -40.790  17.35  304.17  80.51  929.09  -0.05  302.62  4.21
58358.0  24.850  21.210  -40.790  17.31  304.31  79.66  929.07  1.04  299.08  4.65
58359.0  24.890  21.190  -40.790  17.30  304.39  79.35  928.76  0.07  293.91  4.09
58360.0  24.810  21.190  -40.790  17.30  304.29  79.73  928.90  0.34  290.77  4.16
58361.0  24.730  21.160  -40.800  17.27  304.21  80.01  928.82  0.64  298.54  5.35
58362.0  24.760  21.150  -40.800  17.26  304.26  79.81  928.70  0.00  300.00  5.65
58363.0  24.720  21.150  -40.800  17.26  304.22  79.98  928.70  -0.19  309.50  5.91
58364.0  24.890  21.150  -40.800  17.26  304.40  79.17  928.61  -0.35  303.69  4.71
58365.0  24.790  21.100  -40.800  17.20  304.31  79.38  928.54  -0.06  315.70  4.16
58366.0  24.830  21.080  -40.800  17.19  304.35  79.11  928.52  -0.30  316.38  4.75
58367.0  24.910  21.120  -40.790  17.23  304.42  78.92  928.56  -0.07  313.28  4.27
58368.0  24.920  21.110  -40.790  17.22  304.43  78.84  928.62  0.11  318.13  3.99
58369.0  24.840  21.100  -40.800  17.21  304.36  79.20  928.48  0.02  309.90  4.75
58370.0  24.820  21.110  -40.800  17.22  304.33  79.34  928.50  0.46  303.87  4.73
58371.0  24.760  21.050  -40.800  17.16  304.29  79.30  928.41  -0.85  316.24  4.48
58372.0  24.660  21.010  -40.800  17.12  304.19  79.62  928.34  -1.44  320.87  4.50
58373.0  24.600  21.040  -40.790  17.15  304.12  80.06  928.44  -0.92  315.21  5.17
58374.0  24.650  21.070  -40.790  17.17  304.17  79.92  928.44  -0.95  313.96  4.72
58375.0  24.700  21.080  -40.790  17.19  304.23  79.74  928.38  -0.74  307.97  4.51
58376.0  24.730  21.120  -40.790  17.23  304.24  79.81  928.47  -1.36  318.14  3.14
58377.0  24.720  21.160  -40.800  17.27  304.23  80.03  928.57  -0.43  311.21  3.24
58378.0  24.700  21.170  -40.800  17.28  304.20  80.19  928.68  -0.22  311.43  2.64
58379.0  24.660  21.200  -40.790  17.32  304.17  80.58  928.57  -1.03  301.34  2.49
58380.0  24.670  21.250  -40.790  17.37  304.16  80.77  928.69  1.53  285.57  5.14
58381.0  24.690  21.350  -40.790  17.48  304.18  81.19  928.82  0.79  288.37  3.43
58382.0  24.750  21.390  -40.790  17.53  304.25  81.11  928.69  -0.33  305.57  2.72
58383.0  24.660  21.400  -40.790  17.53  304.15  81.60  928.73  0.56  303.62  3.03
58384.0  24.680  21.450  -40.790  17.59  304.19  81.70  928.59  0.56  306.38  2.98
58385.0  24.730  21.490  -40.790  17.64  304.25  81.70  928.50  0.25  327.90  2.82
58386.0  24.960  21.490  -40.790  17.64  304.48  80.57  928.47  -0.05  298.18  2.27
58387.0  24.840  21.500  -40.790  17.65  304.35  81.22  928.53  -1.22  313.85  2.76
58388.0  24.850  21.500  -40.790  17.65  304.36  81.14  928.53  -1.45  324.05  3.81
58389.0  25.110  21.470  -40.790  17.62  304.62  79.72  928.66  -1.31  319.49  3.84
58390.0  25.160  21.470  -40.790  17.61  304.68  79.42  928.59  -1.45  318.70  3.93
58391.0  25.160  21.420  -40.790  17.55  304.65  79.17  928.95  -1.43  309.92  3.16
58392.0  25.070  21.320  -40.790  17.44  304.55  79.14  928.96  -0.51  301.08  3.55
58393.0  25.030  21.200  -40.790  17.30  304.50  78.72  929.02  -0.46  295.36  3.25
58394.0  24.900  21.160  -40.790  17.26  304.38  79.15  928.89  -0.35  301.34  2.55
58395.0  24.840  21.160  -40.790  17.27  304.33  79.47  928.84  -0.65  296.88  3.30
58396.0  24.800  21.140  -40.800  17.25  304.28  79.56  928.89  -0.82  295.42  2.84
58397.0  24.690  21.050  -40.800  17.15  304.17  79.67  928.83  -0.42  289.63  3.19
58398.0  24.730  21.020  -40.790  17.12  304.22  79.33  928.82  -0.26  278.06  2.85
58399.0  24.600  21.040  -40.800  17.14  304.08  80.05  928.84  -1.17  280.84  2.40
58400.0  24.540  21.020  -40.790  17.11  304.00  80.25  928.99  -0.92  285.15  2.15
58401.0  24.450  21.030  -40.790  17.12  303.91  80.73  928.98  -0.30  290.91  3.22
58402.0  24.470  21.080  -40.790  17.19  303.95  80.93  928.79  0.52  301.69  3.34
58403.0  24.540  21.130  -40.800  17.23  304.03  80.77  928.74  1.48  301.96  3.57
58404.0  24.710  21.180  -40.800  17.29  304.22  80.18  928.65  1.85  314.36  2.69
58405.0  24.900  21.240  -40.800  17.36  304.42  79.58  928.47  1.21  317.49  1.69
58406.0  24.950  21.250  -40.800  17.38  304.49  79.38  928.34  0.63  288.17  3.09
58407.0  24.800  21.310  -40.790  17.45  304.34  80.42  928.25  0.01  306.36  2.70
58408.0  24.720  21.410  -40.790  17.55  304.26  81.31  928.22  -0.54  307.25  3.11
58409.0  24.590  21.510  -40.790  17.67  304.13  82.49  928.27  -0.54  305.14  4.21
58410.0  24.570  21.530  -40.790  17.68  304.11  82.69  928.19  -0.08  304.38  5.25
58411.0  24.650  21.520  -40.790  17.68  304.18  82.27  928.28  0.05  313.12  3.52
58412.0  24.640  21.550  -40.790  17.71  304.17  82.46  928.32  -0.34  319.31  3.90
58413.0  24.550  21.600  -40.790  17.76  304.08  83.15  928.35  -0.70  322.03  4.64
58414.0  24.690  21.600  -40.800  17.76  304.21  82.43  928.43  -0.52  315.98  3.81
58415.0  24.650  21.560  -40.800  17.72  304.16  82.49  928.49  -0.30  324.50  3.77
58416.0  24.660  21.590  -40.800  17.75  304.18  82.55  928.42  -0.18  332.68  3.60
58417.0  24.710  21.550  -40.790  17.70  304.23  82.10  928.43  -0.42  312.07  4.21
58418.0  24.580  21.510  -40.790  17.65  304.10  82.51  928.46  -0.87  313.50  5.29
58419.0  24.590  21.480  -40.790  17.63  304.10  82.35  928.56  -0.82  328.32  5.13
58420.0  24.700  21.460  -40.790  17.60  304.21  81.70  928.52  -1.49  321.94  4.37
58421.0  24.730  21.440  -40.790  17.58  304.24  81.41  928.59  -1.43  308.77  4.15
58422.0  24.740  21.420  -40.790  17.55  304.23  81.28  928.70  -1.98  326.96  2.25
58423.0  24.780  21.400  -40.790  17.52  304.24  80.98  929.10  -1.71  342.13  1.15
58424.0  24.750  21.410  -40.790  17.53  304.21  81.14  929.19  -0.18  308.29  0.65
58425.0  24.710  21.430  -40.790  17.56  304.21  81.45  928.75  -0.58  288.14  1.71
58426.0  24.600  21.450  -40.800  17.58  304.07  82.14  928.91  0.47  288.31  2.25
58427.0  24.580  21.470  -40.800  17.61  304.07  82.31  928.79  -0.02  277.21  2.43
58428.0  24.640  21.510  -40.800  17.66  304.13  82.28  928.74  -0.05  264.86  2.92
58429.0  24.600  21.580  -40.800  17.73  304.09  82.80  928.79  0.06  258.80  1.65
58430.0  24.470  21.600  -40.790  17.75  303.94  83.57  929.01  0.88  288.43  2.75
58431.0  24.460  21.620  -40.800  17.77  303.94  83.75  928.75  1.13  295.06  1.95
58432.0  24.430  21.670  -40.790  17.84  303.94  84.19  928.49  -0.03  279.41  2.30
58433.0  24.440  21.760  -40.790  17.93  303.94  84.59  928.52  -0.49  273.50  2.08
58434.0  24.450  21.790  -40.790  17.97  303.95  84.70  928.64  -0.46  251.22  2.17
58435.0  24.300  21.850  -40.790  18.04  303.80  85.81  928.60  -0.56  274.79  1.80
58436.0  24.320  21.890  -40.790  18.08  303.80  85.94  928.77  0.49  295.47  2.03
58437.0  24.380  21.940  -40.790  18.14  303.86  85.89  928.78  1.27  295.54  2.12
58438.0  24.320  21.970  -40.790  18.17  303.83  86.31  928.48  0.82  303.42  3.17
58439.0  24.420  21.990  -40.790  18.20  303.94  85.93  928.40  1.10  308.07  3.53
58440.0  24.570  22.040  -40.800  18.26  304.10  85.38  928.32  1.32  312.90  2.63
58441.0  24.560  22.070  -40.800  18.30  304.10  85.63  928.14  1.14  318.63  3.80
58442.0  24.650  22.100  -40.790  18.34  304.21  85.35  927.93  -1.60  314.00  5.05
58443.0  24.750  22.110  -40.790  18.34  304.29  84.83  928.15  -1.75  305.18  5.20
58444.0  24.780  22.070  -40.790  18.29  304.32  84.43  928.29  -1.23  320.51  4.64
58445.0  24.690  21.990  -40.790  18.21  304.21  84.54  928.36  -1.23  316.68  5.37
58446.0  24.770  21.970  -40.790  18.18  304.29  84.00  928.44  -0.64  313.26  5.41
58447.0  24.750  21.950  -40.790  18.16  304.28  83.98  928.39  -0.17  305.40  5.51
58448.0  24.710  21.900  -40.790  18.10  304.24  83.91  928.38  -0.68  311.81  4.88
58449.0  24.790  21.850  -40.800  18.05  304.32  83.25  928.40  -0.98  300.41  4.51
58450.0  24.720  21.840  -40.800  18.03  304.22  83.58  928.62  -0.39  302.20  4.04
58451.0  24.760  21.800  -40.800  17.98  304.26  83.13  928.62  -0.58  327.79  4.29
58452.0  24.620  21.750  -40.790  17.92  304.12  83.61  928.58  -1.28  336.75  4.38
58453.0  24.670  21.690  -40.790  17.86  304.18  83.01  928.62  -0.97  332.18  4.46
58454.0  24.680  21.650  -40.790  17.82  304.18  82.82  928.66  -1.31  323.99  3.79
58455.0  24.690  21.610  -40.790  17.77  304.20  82.53  928.59  -2.00  320.40  3.74
58456.0  24.690  21.570  -40.790  17.72  304.18  82.31  928.70  0.05  330.92  2.90
58457.0  24.610  21.520  -40.790  17.67  304.11  82.45  928.69  0.13  321.82  2.90
58458.0  24.630  21.520  -40.800  17.67  304.14  82.37  928.57  0.43  299.38  3.84
58459.0  24.580  21.530  -40.790  17.68  304.10  82.64  928.45  -0.40  288.89  4.47
58460.0  24.560  21.550  -40.790  17.71  304.07  82.87  928.58  0.09  278.75  4.08
58461.0  24.510  21.610  -40.800  17.76  304.01  83.42  928.63  -0.62  298.71  4.40
58462.0  24.530  21.630  -40.800  17.79  304.02  83.45  928.67  -0.19  290.08  3.77
58463.0  24.470  21.670  -40.800  17.84  303.97  83.97  928.66  -1.11  320.59  3.72
58464.0  24.400  21.670  -40.800  17.84  303.89  84.35  928.71  -0.40  311.60  4.72
58465.0  24.520  21.680  -40.790  17.85  304.02  83.77  928.60  -0.43  312.74  4.38
58466.0  24.460  21.710  -40.790  17.88  303.96  84.23  928.54  0.05  305.09  4.80
58467.0  24.540  21.740  -40.800  17.92  304.04  84.00  928.60  0.20  292.30  5.45
58468.0  24.520  21.780  -40.790  17.96  304.03  84.29  928.47  0.06  292.49  4.22
58469.0  24.460  21.790  -40.790  17.97  303.97  84.63  928.46  -0.17  306.24  4.14
58470.0  24.500  21.810  -40.790  17.99  304.01  84.50  928.53  -0.33  306.46  4.45
58471.0  24.530  21.800  -40.790  17.98  304.05  84.31  928.40  -0.22  304.64  4.67
58472.0  24.530  21.790  -40.790  17.97  304.05  84.28  928.35  0.03  299.15  4.51
58473.0  24.450  21.800  -40.790  17.99  303.97  84.74  928.39  0.14  304.78  4.26
58474.0  24.500  21.800  -40.790  17.98  304.01  84.50  928.46  0.02  312.22  3.99
58475.0  24.510  21.810  -40.790  18.00  304.03  84.53  928.40  0.15  308.08  4.05
58476.0  24.460  21.790  -40.800  17.98  303.98  84.68  928.37  0.00  309.84  4.14
58477.0  24.520  21.790  -40.800  17.97  304.05  84.29  928.34  -0.16  312.43  4.86
58478.0  24.460  21.800  -40.800  17.98  303.98  84.69  928.37  0.07  317.31  5.06
58479.0  24.430  21.780  -40.800  17.96  303.96  84.72  928.36  0.00  322.98  5.73
58480.0  24.540  21.790  -40.790  17.98  304.07  84.23  928.27  -0.32  329.60  5.57
58481.0  24.650  21.780  -40.790  17.96  304.17  83.63  928.42  -0.08  340.29  5.48
58482.0  24.730  21.760  -40.790  17.94  304.25  83.10  928.44  -0.55  337.07  5.38
58483.0  24.700  21.730  -40.790  17.90  304.23  83.04  928.38  -0.18  328.35  5.54
58484.0  24.720  21.710  -40.790  17.89  304.23  82.92  928.55  0.27  321.63  4.96
58485.0  24.670  21.720  -40.790  17.89  304.18  83.17  928.49  0.29  328.81  4.54
58486.0  24.630  21.720  -40.790  17.89  304.15  83.39  928.39  0.20  326.11  4.70
58487.0  24.590  21.740  -40.790  17.93  304.12  83.75  928.33  0.22  318.38  5.56
58488.0  24.580  21.750  -40.790  17.93  304.11  83.77  928.36  -0.05  314.55  5.72
58489.0  24.650  21.760  -40.790  17.94  304.16  83.50  928.44  -0.43  308.57  5.29
58490.0  24.570  21.780  -40.790  17.96  304.09  84.01  928.45  -0.22  313.66  4.76
58491.0  24.580  21.770  -40.790  17.96  304.09  83.96  928.51  -0.14  327.05  4.44
58492.0  24.550  21.800  -40.790  17.99  304.07  84.23  928.39  0.02  321.56  5.16
58493.0  24.640  21.810  -40.790  17.99  304.15  83.81  928.50  0.05  320.45  4.81
58494.0  24.600  21.810  -40.790  18.00  304.11  84.06  928.51  0.19  322.63  4.97
58495.0  24.630  21.840  -40.790  18.03  304.16  84.01  928.38  0.31  321.84  4.51
58496.0  24.620  21.850  -40.790  18.05  304.15  84.14  928.27  0.82  326.94  3.25
58497.0  24.540  21.890  -40.800  18.09  304.08  84.75  928.23  -0.10  324.14  3.68
58498.0  24.640  21.940  -40.800  18.14  304.15  84.51  928.46  1.37  308.25  3.15
58499.0  24.540  22.000  -40.800  18.21  304.07  85.30  928.33  0.56  326.62  2.97
58500.0  24.560  22.030  -40.800  18.25  304.08  85.42  928.43  0.70  327.36  2.58
58501.0  24.590  22.060  -40.790  18.28  304.11  85.38  928.45  0.83  322.01  2.58
58502.0  24.710  22.080  -40.790  18.31  304.23  84.89  928.41  1.28  300.40  2.94
58503.0  24.540  22.080  -40.790  18.31  304.07  85.78  928.33  0.95  317.26  4.13
58504.0  24.640  22.110  -40.800  18.34  304.16  85.41  928.41  0.13  324.44  5.07
58505.0  24.660  22.090  -40.790  18.31  304.18  85.17  928.51  -0.39  320.47  5.00
