flight/WP3D/AircraftMet_NP3_20130619_RA.ict
43  1001
Ken Aikin
NOAA ESRL Chemical Sciences Division
various aircraft sensors
SENEX 2013
1  1
2013  06  19  2013  06  20
1
AOCTimewave
10
1  1  1  1  1  1  1  1  1  1
-9999  -9999  -9999  -9999  -9999  -9999  -9999  -9999  -9999  -9999
AmbTemp  C
DewPtTemp  C
DewPtTempTDL  C
H2Omr  g/kg
PotTemp  K
RelHumidity  pct
StaticPrs  mbar
VertWindSpd  m/s
WindDir  deg
WindSpd  m/s
1
SPECIAL COMMENTS:Flight into night over Atlanta.
18
PI_CONTACT_INFO: Address: NOAA ESRL Chemical Sciences Division  Mail Stop R/CSD7  325 Broadway  Boulder  CO 80305
PLATFORM: NOAA WP-3D
LOCATION: The aircraft was stationed in  Smyrna  Tennessee. Aircraft location information in AircraftPosition file.
ASSOCIATED_DATA: N/A
INSTRUMENT_INFO: N/A
DATA_INFO: Units:AmbTemp celcius; DewPtTemp celcius; DewPtTempTDL celcius; H2Omr g/kg; PotTemp kelvin; RelHumidity percent; StaticPrs millibar; VertWindSpd m/s; WindDir degrees; WindSpd m/s
UNCERTAINTY: N/A
ULOD_FLAG: -7777
ULOD_VALUE: N/A
LLOD_FLAG: -8888
LLOD_VALUE: N/A
DM_CONTACT_INFO: Data Manager:Ken Aikin; email:Kenneth.C.Aikin@noaa.gov
PROJECT_INFO: SENEX 2013 Study; June 1 - July 15  2013
STIPULATIONS_ON_USE: Use of these data require prior ok from PI.
OTHER_COMMENTS:       None
REVISION: RA
RA: Preliminary Data.  For in-field use.
AOCTimewave  AmbTemp  DewPtTemp  DewPtTempTDL  H2Omr  PotTemp  RelHumidity  StaticPrs  VertWindSpd  WindDir  WindSpd
[from data line 7559]
88595.0  21.570  17.600  -31.580  13.87  301.69  77.65  921.30  -0.20  64.48  5.14
88596.0  21.540  17.580  -31.580  13.86  301.66  77.70  921.37  -0.07  65.30  4.92
88597.0  21.570  17.580  -31.580  13.85  301.69  77.53  921.27  -0.18  65.89  5.14
88598.0  21.550  17.580  -31.580  13.86  301.68  77.64  921.23  -0.19  65.81  5.15
88599.0  21.550  17.580  -31.580  13.85  301.67  77.63  921.30  -0.14  63.30  5.23
88600.0  21.560  17.550  -31.580  13.83  301.67  77.46  921.40  -0.20  63.23  5.18
88601.0  21.550  17.540  -31.580  13.82  301.65  77.45  921.44  0.04  62.44  4.91
88602.0  21.560  17.510  -31.580  13.79  301.67  77.22  921.49  -0.15  59.89  4.85
88603.0  21.530  17.510  -31.580  13.79  301.65  77.34  921.36  -0.12  59.71  4.79
88604.0  21.530  17.510  -31.580  13.79  301.64  77.36  921.43  -0.16  63.62  4.68
88605.0  21.530  17.500  -31.580  13.78  301.64  77.34  921.41  -0.12  62.52  4.65
88606.0  21.520  17.510  -31.580  13.79  301.64  77.46  921.30  0.17  58.36  4.71
88607.0  21.510  17.500  -31.580  13.79  301.63  77.44  921.30  0.45  56.44  4.78
88608.0  21.530  17.520  -31.580  13.80  301.64  77.45  921.39  0.27  60.30  4.91
88609.0  21.520  17.510  -31.580  13.79  301.63  77.44  921.44  0.33  59.05  4.79
88610.0  21.520  17.520  -31.580  13.80  301.64  77.46  921.34  0.39  58.86  4.83
88611.0  21.510  17.520  -31.580  13.80  301.63  77.56  921.30  0.56  62.00  4.59
88612.0  21.510  17.540  -31.580  13.82  301.63  77.66  921.28  0.60  62.91  4.60
88613.0  21.510  17.570  -31.580  13.85  301.65  77.79  921.17  0.37  63.69  4.61
88614.0  21.520  17.560  -31.580  13.84  301.65  77.67  921.28  0.55  62.12  4.55
88615.0  21.530  17.570  -31.580  13.85  301.66  77.70  921.19  0.34  63.55  4.50
88616.0  21.530  17.570  -31.580  13.85  301.66  77.71  921.24  0.30  60.82  4.56
88617.0  21.540  17.600  -31.580  13.87  301.67  77.77  921.21  0.44  61.20  4.65
88618.0  21.550  17.610  -31.580  13.89  301.69  77.83  921.05  0.15  62.87  4.58
88619.0  21.540  17.620  -31.580  13.89  301.68  77.87  921.11  0.16  58.94  4.45
88620.0  21.580  17.630  -31.580  13.91  301.72  77.79  921.10  0.21  57.68  4.33
88621.0  21.580  17.610  -31.580  13.88  301.71  77.64  921.18  -0.01  58.52  4.32
88622.0  21.580  17.600  -31.580  13.88  301.71  77.58  921.24  -0.24  59.35  4.49
88623.0  21.610  17.590  -31.580  13.87  301.74  77.42  921.15  -0.10  57.41  4.71
88624.0  21.630  17.550  -31.580  13.83  301.76  77.10  921.24  -0.19  60.89  4.68
88625.0  21.630  17.550  -31.580  13.82  301.75  77.05  921.35  -0.05  57.82  4.82
88626.0  21.650  17.520  -31.580  13.81  301.78  76.88  921.27  -0.28  60.33  4.82
88627.0  21.630  17.500  -31.580  13.79  301.76  76.85  921.31  -0.19  60.41  4.70
88628.0  21.670  17.480  -31.580  13.77  301.80  76.55  921.28  -0.10  57.77  4.86
88629.0  21.670  17.450  -31.580  13.74  301.81  76.39  921.16  -0.18  60.61  4.76
88630.0  21.670  17.430  -31.580  13.72  301.81  76.30  921.16  -0.05  59.62  4.80
88631.0  21.680  17.400  -31.580  13.70  301.82  76.10  921.09  -0.12  61.94  4.78
88632.0  21.700  17.360  -31.580  13.66  301.83  75.83  921.19  -0.03  61.92  4.86
88633.0  21.680  17.320  -31.580  13.62  301.81  75.71  921.24  0.06  55.51  5.06
88634.0  21.660  17.280  -31.580  13.59  301.78  75.65  921.31  -0.06  57.16  4.91
88635.0  21.640  17.260  -31.580  13.57  301.77  75.60  921.28  -0.16  56.48  4.85
88636.0  21.660  17.230  -31.580  13.55  301.79  75.38  921.19  -0.23  55.98  5.00
88637.0  21.670  17.210  -31.580  13.53  301.81  75.24  921.11  -0.33  55.59  5.01
88638.0  21.690  17.180  -31.580  13.51  301.82  74.99  921.28  -0.39  56.55  5.08
88639.0  21.690  17.160  -31.580  13.49  301.81  74.92  921.36  -0.43  56.35  5.22
88640.0  21.700  17.160  -31.580  13.49  301.83  74.87  921.23  -0.44  57.09  5.28
88641.0  21.680  17.120  -31.580  13.45  301.81  74.76  921.27  -0.35  57.29  5.16
88642.0  21.660  17.080  -31.580  13.41  301.79  74.63  921.34  -0.43  56.61  5.07
88643.0  21.650  17.080  -31.580  13.42  301.77  74.70  921.42  -0.55  57.14  5.02
88644.0  21.650  17.070  -31.580  13.41  301.77  74.64  921.45  -0.49  56.52  4.95
88645.0  21.660  17.060  -31.580  13.39  301.77  74.53  921.46  -0.40  57.25  4.99
88646.0  21.660  17.050  -31.580  13.39  301.79  74.50  921.33  -0.38  57.43  5.09
88647.0  21.630  17.040  -31.580  13.38  301.75  74.57  921.40  -0.39  56.75  4.94
88648.0  21.640  17.040  -31.580  13.37  301.73  74.56  921.63  -0.49  56.83  5.09
88649.0  21.640  17.060  -31.580  13.39  301.75  74.62  921.48  -0.51  56.56  5.23
88650.0  21.660  17.060  -31.580  13.39  301.76  74.57  921.50  -0.55  55.91  5.28
88651.0  21.660  17.070  -31.580  13.40  301.78  74.56  921.42  -0.61  54.87  5.31
88652.0  21.680  17.060  -31.580  13.39  301.80  74.44  921.33  -0.65  53.76  5.56
88653.0  21.680  17.050  -31.580  13.39  301.80  74.45  921.29  -0.72  53.68  5.56
88654.0  21.660  17.020  -31.580  13.36  301.78  74.37  921.34  -0.68  54.30  5.41
88655.0  21.680  17.010  -31.580  13.35  301.81  74.20  921.30  -0.74  53.56  5.58
88656.0  21.770  17.000  -31.580  13.34  301.91  73.72  921.24  -0.62  53.30  5.85
88657.0  21.810  16.970  -31.580  13.32  301.95  73.40  921.27  -0.46  53.55  5.88
88658.0  21.820  16.940  -31.580  13.29  301.95  73.23  921.26  -0.33  53.93  5.93
88659.0  21.780  16.870  -31.580  13.23  301.90  73.08  921.43  -0.15  54.85  5.98
88660.0  21.770  16.850  -31.580  13.21  301.89  73.02  921.41  0.02  53.89  5.95
88661.0  21.740  16.830  -31.580  13.20  301.85  73.10  921.50  0.25  55.63  5.87
88662.0  21.710  16.820  -31.580  13.19  301.82  73.17  921.48  0.18  54.81  5.87
88663.0  21.730  16.820  -31.580  13.18  301.84  73.07  921.49  0.16  55.60  5.83
88664.0  21.720  16.800  -31.580  13.17  301.84  73.05  921.33  0.04  56.07  5.78
88665.0  21.710  16.780  -31.580  13.16  301.83  72.98  921.40  -0.14  56.01  5.72
88666.0  21.690  16.740  -31.580  13.12  301.81  72.89  921.33  -0.12  56.50  5.51
88667.0  21.630  16.730  -31.580  13.11  301.75  73.11  921.34  -0.18  56.43  5.47
88668.0  21.590  16.750  -31.580  13.14  301.72  73.42  921.22  -0.32  56.89  5.37
88669.0  21.590  16.780  -31.580  13.16  301.71  73.52  921.36  -0.49  57.87  5.25
88670.0  21.570  16.830  -31.580  13.20  301.69  73.85  921.39  -0.55  56.83  5.24
88671.0  21.540  16.870  -31.580  13.23  301.65  74.21  921.40  -0.40  55.51  4.90
88672.0  21.460  16.910  -31.580  13.26  301.58  74.73  921.36  -0.31  55.85  4.53
88673.0  21.500  16.980  -31.580  13.33  301.62  74.92  921.32  -0.14  60.04  4.54
88674.0  21.490  17.090  -31.580  13.43  301.62  75.50  921.25  -0.28  60.46  4.64
88675.0  21.550  17.200  -31.580  13.52  301.66  75.80  921.40  -0.35  56.54  5.08
88676.0  21.570  17.260  -31.580  13.57  301.70  75.93  921.28  -0.17  55.26  5.17
88677.0  21.590  17.300  -31.580  13.60  301.72  76.06  921.21  -0.08  57.89  5.16
88678.0  21.570  17.350  -31.580  13.65  301.70  76.39  921.22  -0.09  58.40  5.05
88679.0  21.570  17.390  -31.580  13.69  301.69  76.60  921.31  -0.11  57.87  5.05
88680.0  21.560  17.450  -31.580  13.74  301.68  76.94  921.25  -0.18  58.26  4.96
88681.0  21.530  17.500  -31.580  13.79  301.66  77.33  921.21  -0.35  56.62  4.79
88682.0  21.550  17.550  -31.580  13.83  301.68  77.48  921.24  -0.45  57.02  4.79
88683.0  21.540  17.630  -31.580  13.90  301.66  77.93  921.25  -0.46  57.06  4.65
88684.0  21.590  17.640  -31.580  13.91  301.72  77.78  921.20  -0.74  56.86  5.06
88685.0  21.620  17.630  -31.580  13.90  301.73  77.54  921.51  -0.69  57.94  4.96
88686.0  21.600  17.640  -31.580  13.90  301.71  77.67  921.53  -0.54  59.77  4.80
88687.0  21.610  17.660  -31.580  13.92  301.72  77.72  921.39  -0.66  59.16  5.04
88688.0  21.630  17.630  -31.580  13.90  301.75  77.51  921.38  -0.53  58.88  5.14
88689.0  21.690  17.620  -31.580  13.89  301.81  77.12  921.37  -0.45  59.53  5.27
88690.0  21.700  17.560  -31.580  13.83  301.80  76.82  921.47  -0.37  59.12  5.26
88691.0  21.690  17.530  -31.580  13.80  301.80  76.69  921.49  -0.44  59.44  5.10
88692.0  21.670  17.490  -31.580  13.77  301.77  76.61  921.59  -0.41  59.10  4.97
88693.0  21.660  17.460  -31.580  13.75  301.77  76.50  921.55  -0.44  58.83  5.23
88694.0  21.670  17.430  -31.580  13.72  301.77  76.31  921.56  -0.46  59.08  5.04
88695.0  21.660  17.410  -31.580  13.70  301.77  76.23  921.47  -0.49  58.36  4.85
88696.0  21.670  17.370  -31.580  13.66  301.77  76.00  921.55  -0.49  57.94  4.87
88697.0  21.690  17.340  -31.580  13.64  301.81  75.77  921.39  -0.58  58.71  4.87
88698.0  21.690  17.320  -31.580  13.63  301.82  75.69  921.24  -0.46  59.18  4.84
88699.0  21.670  17.260  -31.580  13.57  301.80  75.49  921.15  -0.38  59.90  4.78
88700.0  21.670  17.240  -31.580  13.56  301.81  75.38  921.11  -0.29  58.88  4.91
88701.0  21.670  17.210  -31.580  13.53  301.81  75.23  921.20  -0.20  59.81  4.84
88702.0  21.670  17.210  -31.580  13.53  301.80  75.21  921.30  -0.20  57.63  4.84
88703.0  21.660  17.180  -31.580  13.50  301.79  75.11  921.29  -0.34  54.59  4.82
88704.0  21.620  17.140  -31.580  13.47  301.75  75.12  921.31  -0.32  53.74  4.91
88705.0  21.610  17.170  -31.580  13.50  301.73  75.36  921.32  -0.27  51.41  5.06
88706.0  21.570  17.200  -31.580  13.52  301.69  75.67  921.36  -0.29  53.10  4.85
88707.0  21.580  17.240  -31.580  13.55  301.70  75.82  921.30  -0.24  55.32  4.86
88708.0  21.590  17.300  -31.580  13.61  301.71  76.06  921.33  -0.26  56.25  4.88
88709.0  21.580  17.370  -31.580  13.67  301.71  76.40  921.25  -0.19  55.32  4.91
88710.0  21.600  17.390  -31.580  13.69  301.73  76.43  921.29  -0.34  55.67  5.01
88711.0  21.640  17.420  -31.580  13.71  301.75  76.44  921.45  -0.03  52.99  5.09
88712.0  21.660  17.450  -31.580  13.74  301.77  76.47  921.42  0.11  51.50  5.15
88713.0  21.660  17.470  -31.580  13.75  301.77  76.55  921.43  0.11  49.71  5.31
88714.0  21.660  17.490  -31.580  13.77  301.79  76.64  921.24  0.01  50.99  5.40
88715.0  21.610  17.540  -31.580  13.82  301.74  77.16  921.27  -0.15  51.72  5.26
88716.0  21.580  17.580  -31.580  13.85  301.72  77.46  921.13  -0.23  50.01  5.22
88717.0  21.600  17.630  -31.580  13.91  301.74  77.65  921.13  -0.25  52.52  5.13
88718.0  21.650  17.670  -31.580  13.94  301.79  77.59  921.15  -0.21  53.33  5.22
88719.0  21.640  17.670  -31.580  13.94  301.78  77.63  921.18  -0.10  52.68  5.32
88720.0  21.590  17.720  -31.580  13.98  301.73  78.13  921.17  -0.15  53.61  5.15
88721.0  21.540  17.740  -31.580  14.00  301.68  78.49  921.13  -0.20  52.33  4.94
88722.0  21.580  17.760  -31.580  14.02  301.72  78.36  921.19  -0.10  51.34  5.31
88723.0  21.570  17.750  -31.580  14.01  301.70  78.42  921.20  -0.19  50.26  5.13
88724.0  21.570  17.750  -31.580  14.01  301.70  78.42  921.18  -0.30  48.55  5.15
88725.0  21.550  17.770  -31.580  14.03  301.68  78.59  921.26  -0.09  48.86  5.00
88726.0  21.570  17.800  -31.580  14.05  301.69  78.67  921.22  -0.23  48.29  5.19
88727.0  21.580  17.820  -31.580  14.07  301.70  78.73  921.26  -0.16  48.65  5.29
88728.0  21.580  17.870  -31.580  14.11  301.70  78.96  921.26  -0.02  49.48  5.19
88729.0  21.630  17.900  -31.580  14.15  301.77  78.85  921.16  -0.60  53.43  5.22
88730.0  21.650  17.910  -31.580  14.15  301.79  78.78  921.19  -0.70  52.37  5.19
88731.0  21.620  17.890  -31.580  14.13  301.74  78.85  921.32  -0.55  52.23  5.05
88732.0  21.610  17.890  -31.580  14.14  301.73  78.92  921.39  -0.56  51.92  4.87
88733.0  21.610  17.870  -31.580  14.12  301.72  78.80  921.42  -0.41  53.52  4.45
88734.0  21.630  17.850  -31.580  14.10  301.74  78.62  921.47  -0.24  53.72  4.50
88735.0  21.670  17.880  -31.580  14.12  301.78  78.55  921.39  -0.44  56.39  4.54
88736.0  21.660  17.860  -31.580  14.11  301.78  78.52  921.34  -0.58  56.38  4.51
88737.0  21.650  17.850  -31.580  14.09  301.75  78.52  921.46  -0.36  53.89  4.75
88738.0  21.600  17.830  -31.580  14.08  301.72  78.63  921.38  -0.34  55.39  5.03
88739.0  21.570  17.810  -31.580  14.06  301.69  78.69  921.34  -0.40  57.49  4.85
88740.0  21.570  17.830  -31.580  14.07  301.68  78.76  921.41  -0.21  57.54  4.70
88741.0  21.600  17.820  -31.580  14.07  301.72  78.61  921.38  -0.26  55.77  4.83
88742.0  21.590  17.840  -31.580  14.09  301.71  78.77  921.27  -0.21  56.55  5.02
88743.0  21.550  17.820  -31.580  14.07  301.67  78.85  921.28  -0.09  58.26  5.09
88744.0  21.520  17.830  -31.580  14.08  301.64  79.05  921.32  0.15  58.30  4.74
88745.0  21.550  17.830  -31.580  14.08  301.68  78.88  921.22  0.05  59.95  4.65
88746.0  21.620  17.830  -31.580  14.08  301.76  78.54  921.19  -0.25  58.21  4.61
88747.0  21.640  17.840  -31.580  14.09  301.77  78.49  921.29  -0.29  60.54  4.67
88748.0  21.630  17.840  -31.580  14.09  301.75  78.56  921.33  -0.31  61.00  4.96
88749.0  21.580  17.820  -31.580  14.07  301.70  78.70  921.38  -0.13  59.52  4.97
88750.0  21.590  17.850  -31.580  14.09  301.70  78.81  921.43  -0.09  58.88  5.38
88751.0  21.500  17.860  -31.580  14.11  301.62  79.30  921.29  -0.14  59.14  5.49
88752.0  21.460  17.880  -31.580  14.13  301.57  79.62  921.37  -0.47  61.18  5.43
88753.0  21.470  17.920  -31.580  14.16  301.58  79.76  921.50  -0.32  59.57  5.27
88754.0  21.570  17.960  -31.580  14.20  301.67  79.47  921.49  -0.19  58.79  5.36
88755.0  21.540  17.970  -31.580  14.20  301.64  79.63  921.52  -0.21  61.03  5.53
88756.0  21.540  17.980  -31.580  14.21  301.63  79.72  921.56  0.04  61.20  5.51
88757.0  21.560  18.000  -31.580  14.23  301.65  79.72  921.67  0.00  59.15  5.55
88758.0  21.590  18.000  -31.580  14.23  301.70  79.57  921.45  0.06  59.08  5.58
88759.0  21.580  18.020  -31.580  14.25  301.69  79.72  921.44  0.06  60.05  5.69
88760.0  21.540  18.020  -31.580  14.25  301.65  79.92  921.51  -0.15  57.11  5.48
88761.0  21.550  18.020  -31.580  14.25  301.65  79.84  921.54  -0.26  57.36  5.66
88762.0  21.560  18.030  -31.580  14.26  301.67  79.86  921.42  -0.20  57.81  5.60
88763.0  21.490  18.050  -31.580  14.28  301.60  80.32  921.41  -0.22  59.84  4.93
88764.0  21.560  18.070  -31.580  14.30  301.67  80.08  921.43  0.15  57.19  5.09
88765.0  21.570  18.070  -31.580  14.29  301.68  79.99  921.43  0.15  58.05  5.57
88766.0  21.610  18.050  -31.580  14.28  301.72  79.71  921.42  0.18  54.15  5.70
88767.0  21.610  18.030  -31.580  14.26  301.73  79.60  921.34  0.11  55.35  5.80
88768.0  21.580  17.990  -31.580  14.23  301.70  79.59  921.33  0.06  55.10  5.74
88769.0  21.570  17.970  -31.580  14.20  301.69  79.49  921.37  -0.02  55.16  5.62
88770.0  21.600  17.920  -31.580  14.17  301.72  79.14  921.34  -0.02  54.40  5.53
88771.0  21.600  17.910  -31.580  14.16  301.71  79.08  921.40  0.03  53.85  5.54
88772.0  21.580  17.900  -31.580  14.14  301.70  79.11  921.36  0.02  52.86  5.53
88773.0  21.590  17.880  -31.580  14.12  301.71  78.92  921.38  0.14  54.81  5.69
88774.0  21.610  17.860  -31.580  14.11  301.72  78.78  921.43  0.10  55.12  5.70
88775.0  21.580  17.870  -31.580  14.11  301.69  78.91  921.45  0.07  55.48  5.68
88776.0  21.590  17.850  -31.580  14.10  301.69  78.81  921.47  0.10  52.26  5.50
88777.0  21.580  17.810  -31.580  14.07  301.71  78.67  921.24  0.17  51.39  5.35
88778.0  21.580  17.810  -31.580  14.07  301.72  78.65  921.15  0.28  49.79  5.50
88779.0  21.560  17.790  -31.580  14.04  301.69  78.65  921.19  0.33  49.06  5.56
88780.0  21.560  17.760  -31.580  14.02  301.68  78.47  921.32  0.04  49.54  5.67
88781.0  21.570  17.740  -31.580  14.00  301.68  78.35  921.37  0.04  50.73  5.72
88782.0  21.580  17.750  -31.580  14.01  301.69  78.36  921.37  -0.01  51.06  5.81
88783.0  21.600  17.760  -31.580  14.01  301.70  78.29  921.54  -0.05  50.22  5.90
88784.0  21.610  17.760  -31.580  14.01  301.69  78.28  921.69  -0.10  48.99  5.74
88785.0  21.600  17.770  -31.580  14.02  301.68  78.34  921.80  -0.16  49.07  5.66
88786.0  21.600  17.770  -31.580  14.02  301.69  78.33  921.71  -0.13  49.87  5.81
88787.0  21.600  17.770  -31.580  14.02  301.68  78.32  921.75  -0.03  48.68  5.78
