flight/WP3D/AircraftMis_NP3_20130706_RA.ict
41  1001
Ken Aikin
NOAA ESRL Chemical Sciences Division
various aircraft sensors
SENEX 2013
1  1
2013  07  06  2013  07  06
1
AOCTimewave
8
1  1  1  1  1  1  1  1
-9999  -9999  -9999  -9999  -9999  -9999  -9999  -9999
Attack  deg
CabinPrs  mbar
GndSpd  m/s
Heading  deg
Pitch  deg
Roll  deg
Slip  deg
TrueAirSpd  m/s
1
SPECIAL COMMENTS:PA shale flight.
18
PI_CONTACT_INFO: Address: NOAA ESRL Chemical Sciences Division  Mail Stop R/CSD7  325 Broadway  Boulder  CO 80305
PLATFORM: NOAA WP-3D
LOCATION: The aircraft was stationed in  Smyrna  Tennessee. Aircraft location information in AircraftPosition file.
ASSOCIATED_DATA: N/A
INSTRUMENT_INFO: N/A
DATA_INFO: Units: Attack degrees; CabinPrs millibar; GndSpd m/s; Heading degrees; Pitch degrees; Roll degrees; Slip degrees; TrueAirSpd m/s
UNCERTAINTY: N/A
ULOD_FLAG: -7777
ULOD_VALUE: N/A
LLOD_FLAG: -8888
LLOD_VALUE: N/A
DM_CONTACT_INFO: Data Manager:Ken Aikin; email:Kenneth.C.Aikin@noaa.gov
PROJECT_INFO: SENEX 2013 Study; June 1 - July 15  2013
STIPULATIONS_ON_USE: Use of these data require prior ok from PI.
OTHER_COMMENTS:       None
REVISION: RA
RA: Preliminary Data.  For in-field use.
AOCTimewave  Attack  CabinPrs  GndSpd  Heading  Pitch  Roll  Slip  TrueAirSpd
[from data line 22820]
74379.0  0.9  890.0  126.0  221.9  0.83  -1.37  -0.56  144.4
74380.0  0.8  889.9  126.0  221.8  0.76  -1.30  -0.58  144.2
74381.0  0.8  889.6  126.0  221.8  0.77  -1.25  -0.50  144.0
74382.0  0.8  890.1  126.1  221.8  0.72  -1.21  -0.48  144.0
74383.0  0.8  889.5  126.1  221.8  0.83  -1.15  -0.48  144.0
74384.0  0.8  890.3  126.1  221.9  0.87  -1.14  -0.50  144.0
74385.0  0.8  889.7  126.0  221.9  0.80  -1.32  -0.45  144.0
74386.0  0.8  890.1  126.0  221.9  0.84  -1.47  -0.43  143.9
74387.0  0.8  890.0  126.1  222.0  0.84  -1.37  -0.60  143.8
74388.0  0.9  889.8  126.0  222.0  0.95  -1.38  -0.60  143.8
74389.0  0.8  889.8  126.0  221.9  0.84  -1.50  -0.64  143.9
74390.0  0.8  890.0  126.0  221.8  0.93  -1.32  -0.59  144.0
74391.0  0.9  889.6  126.0  221.7  0.94  -1.24  -0.58  143.8
74392.0  0.8  889.9  126.0  221.7  0.89  -1.10  -0.68  143.9
74393.0  0.8  889.7  126.0  221.5  0.91  -0.98  -0.54  143.8
74394.0  0.8  889.9  126.0  221.5  0.91  -0.86  -0.60  143.6
74395.0  0.8  889.7  126.0  221.5  0.93  -0.65  -0.50  143.8
74396.0  0.8  890.0  126.0  221.5  0.92  -0.74  -0.52  143.9
74397.0  0.8  889.6  126.0  221.5  0.89  -0.73  -0.47  143.9
74398.0  0.9  890.1  126.0  221.5  0.94  -0.67  -0.57  143.7
74399.0  0.8  889.9  126.0  221.6  0.92  -0.63  -0.58  143.8
74400.0  0.8  890.2  125.9  221.5  0.95  -0.80  -0.55  143.9
74401.0  0.8  889.6  125.9  221.5  0.90  -0.73  -0.56  144.1
74402.0  0.8  890.0  125.9  221.4  0.85  -0.73  -0.50  144.1
74403.0  0.8  889.8  125.9  221.5  0.91  -0.75  -0.49  143.8
74404.0  0.8  890.1  125.9  221.5  0.88  -0.63  -0.57  143.8
74405.0  0.8  889.7  125.9  221.5  0.86  -0.56  -0.62  143.6
74406.0  0.8  890.0  125.9  221.4  0.87  -0.63  -0.54  143.5
74407.0  0.9  889.6  125.9  221.4  0.94  -0.65  -0.49  143.4
74408.0  0.8  889.8  125.9  221.5  0.89  -0.60  -0.60  143.5
74409.0  0.8  889.6  125.9  221.4  0.82  -0.67  -0.52  144.0
74410.0  0.8  890.0  125.9  221.4  0.87  -0.74  -0.50  143.7
74411.0  0.8  889.6  125.9  221.4  0.88  -0.58  -0.42  144.1
74412.0  0.8  889.7  125.9  221.5  0.82  -0.58  -0.52  144.2
74413.0  0.8  890.0  125.9  221.6  0.91  -0.61  -0.61  144.0
74414.0  0.9  889.8  125.9  221.5  0.97  -0.84  -0.54  143.9
74415.0  0.7  889.8  125.9  221.5  0.81  -0.87  -0.45  144.1
74416.0  0.8  889.8  125.9  221.5  0.79  -0.73  -0.55  144.0
74417.0  0.8  890.0  125.9  221.5  0.83  -0.39  -0.44  144.1
74418.0  0.8  889.7  125.9  221.6  0.89  0.65  -0.41  144.0
74419.0  0.8  889.5  125.9  221.8  0.83  0.77  -0.58  143.9
74420.0  0.8  889.9  125.9  221.9  0.84  0.64  -0.70  143.5
74421.0  0.8  889.8  126.0  221.9  0.82  0.30  -0.58  143.3
74422.0  0.9  889.6  126.0  221.9  0.94  0.09  -0.51  143.4
74423.0  0.8  890.0  126.0  221.9  0.88  0.22  -0.46  143.2
74424.0  0.8  889.6  126.0  222.0  0.88  0.23  -0.60  142.9
74425.0  0.8  890.0  126.0  222.0  0.87  0.01  -0.50  143.1
74426.0  0.9  889.7  126.0  222.1  0.91  -0.14  -0.47  143.4
74427.0  0.9  889.8  126.0  222.2  0.88  -0.08  -0.65  143.3
74428.0  0.9  889.7  126.1  222.1  0.88  0.39  -0.58  143.2
74429.0  0.8  890.0  126.1  222.1  0.87  1.26  -0.33  143.4
74430.0  0.8  889.7  126.1  222.4  0.87  1.31  -0.44  143.4
74431.0  0.9  890.1  126.1  222.6  0.94  1.10  -0.53  143.3
74432.0  0.8  889.9  126.1  222.7  0.90  0.64  -0.56  143.4
74433.0  0.8  889.7  126.1  222.8  0.88  0.35  -0.53  143.5
74434.0  0.8  890.1  126.2  222.9  0.87  0.25  -0.54  143.4
74435.0  0.8  889.6  126.2  222.9  0.80  0.26  -0.56  143.4
74436.0  0.9  890.1  126.2  223.0  0.89  0.10  -0.49  143.5
74437.0  0.9  889.9  126.2  223.1  0.99  -0.03  -0.50  143.5
74438.0  0.8  889.9  126.2  223.2  0.86  -0.02  -0.51  143.3
74439.0  0.9  889.8  126.2  223.2  0.91  -0.23  -0.52  143.3
74440.0  0.8  890.0  126.2  223.3  0.83  -0.37  -0.58  143.2
74441.0  0.9  889.5  126.2  223.2  0.90  -0.37  -0.55  143.1
74442.0  0.9  889.9  126.3  223.2  0.97  -0.44  -0.53  142.9
74443.0  0.8  889.9  126.3  223.3  0.88  -0.37  -0.57  142.9
74444.0  0.9  889.8  126.3  223.3  0.90  -0.27  -0.58  142.7
74445.0  0.9  889.9  126.3  223.3  0.93  -0.41  -0.55  142.7
74446.0  0.9  889.5  126.3  223.2  0.90  -0.48  -0.53  142.7
74447.0  0.9  889.9  126.3  223.3  0.96  -0.36  -0.54  142.7
74448.0  0.9  889.6  126.3  223.3  0.93  -0.35  -0.51  142.8
74449.0  0.8  889.9  126.4  223.3  0.83  -0.46  -0.58  142.8
74450.0  0.9  889.6  126.4  223.3  0.88  -0.48  -0.53  143.0
74451.0  0.9  889.9  126.4  223.4  0.89  -0.53  -0.53  143.0
74452.0  0.8  889.9  126.4  223.4  0.88  -0.53  -0.49  143.2
74453.0  0.9  889.8  126.4  223.5  0.90  -0.51  -0.53  143.2
74454.0  0.9  889.8  126.4  223.5  0.93  -0.56  -0.53  143.3
74455.0  0.8  890.1  126.4  223.6  0.94  -0.74  -0.52  143.4
74456.0  0.8  889.8  126.4  223.6  0.87  -0.85  -0.45  143.6
74457.0  0.8  889.7  126.4  223.7  0.91  -0.93  -0.50  143.7
74458.0  0.8  889.4  126.4  223.7  0.86  -0.94  -0.58  143.8
74459.0  0.8  890.2  126.4  223.7  0.88  -0.91  -0.58  143.8
74460.0  0.8  889.7  126.4  223.7  0.90  -0.98  -0.59  143.9
74461.0  0.8  889.9  126.4  223.6  0.87  -0.92  -0.66  143.9
74462.0  0.8  889.7  126.4  223.5  0.90  -0.75  -0.62  143.9
74463.0  0.8  889.8  126.4  223.4  0.88  -0.79  -0.54  144.0
74464.0  0.8  889.6  126.4  223.4  0.88  -0.57  -0.58  144.1
74465.0  0.8  889.7  126.4  223.4  0.90  -0.52  -0.58  144.4
74466.0  0.8  889.7  126.4  223.4  0.92  -0.60  -0.50  144.4
74467.0  0.7  889.7  126.4  223.4  0.86  -0.55  -0.41  144.3
74468.0  0.8  889.9  126.4  223.5  0.86  -0.45  -0.44  144.0
74469.0  0.8  889.8  126.4  223.6  0.86  -0.53  -0.53  144.1
74470.0  0.8  889.7  126.4  223.6  0.87  -0.82  -0.59  144.2
74471.0  0.8  890.0  126.4  223.6  0.88  -0.86  -0.63  144.1
74472.0  0.8  889.6  126.4  223.5  0.90  -0.75  -0.55  144.1
74473.0  0.8  889.8  126.3  223.5  0.90  -0.66  -0.47  144.1
74474.0  0.8  889.8  126.3  223.5  0.83  -0.63  -0.59  144.1
74475.0  0.8  889.6  126.4  223.5  0.83  -0.61  -0.54  144.0
74476.0  0.8  889.9  126.3  223.5  0.90  -0.74  -0.56  144.0
74477.0  0.8  889.4  126.3  223.5  0.91  -0.67  -0.61  144.2
74478.0  0.7  889.6  126.3  223.4  0.80  -0.60  -0.54  144.1
74479.0  0.8  889.7  126.3  223.4  0.93  -0.63  -0.49  143.9
74480.0  0.8  889.9  126.3  223.4  0.83  -0.51  -0.59  143.8
74481.0  0.8  889.7  126.4  223.4  0.78  -0.48  -0.53  143.9
74482.0  0.8  889.6  126.3  223.4  0.88  -0.56  -0.47  144.1
74483.0  0.8  889.7  126.3  223.5  0.88  -0.43  -0.59  144.1
74484.0  0.7  890.2  126.3  223.4  0.78  -0.47  -0.55  144.3
74485.0  0.8  889.6  126.3  223.5  0.82  -0.66  -0.48  144.5
74486.0  0.8  889.6  126.3  223.5  0.81  -0.59  -0.52  144.5
74487.0  0.8  889.5  126.3  223.5  0.81  -0.65  -0.58  144.5
74488.0  0.8  890.2  126.3  223.5  0.79  -0.75  -0.53  144.6
74489.0  0.7  889.8  126.3  223.5  0.76  -0.72  -0.53  144.6
74490.0  0.8  889.7  126.4  223.5  0.77  -0.57  -0.53  144.5
74491.0  0.8  889.7  126.3  223.5  0.86  -0.68  -0.51  144.3
74492.0  0.7  890.0  126.4  223.5  0.77  -0.72  -0.49  144.4
74493.0  0.8  889.7  126.4  223.6  0.80  -0.67  -0.54  144.3
74494.0  0.8  890.0  126.4  223.6  0.82  -0.62  -0.52  144.2
74495.0  0.8  889.8  126.4  223.6  0.76  -0.73  -0.60  144.2
74496.0  0.8  889.9  126.4  223.6  0.79  -0.66  -0.52  144.1
74497.0  0.8  889.8  126.4  223.6  0.73  -0.76  -0.45  143.9
74498.0  0.8  889.9  126.4  223.7  0.76  -0.77  -0.51  144.1
74499.0  0.8  889.8  126.4  223.7  0.78  -0.79  -0.53  144.2
74500.0  0.8  889.5  126.5  223.7  0.72  -0.92  -0.55  144.1
74501.0  0.8  889.6  126.5  223.6  0.74  -0.91  -0.52  144.0
74502.0  0.9  890.1  126.5  223.6  0.81  -0.76  -0.58  143.9
74503.0  0.7  889.5  126.5  223.6  0.71  -0.68  -0.56  143.7
74504.0  0.8  890.1  126.5  223.6  0.78  -0.78  -0.46  143.9
74505.0  0.8  889.8  126.6  223.6  0.68  -0.75  -0.47  144.1
74506.0  0.8  889.6  126.6  223.7  0.74  -0.71  -0.57  144.0
74507.0  0.8  890.0  126.6  223.6  0.75  -0.81  -0.61  143.9
74508.0  0.9  889.6  126.6  223.6  0.85  -0.85  -0.57  143.7
74509.0  0.8  889.8  126.6  223.5  0.74  -0.67  -0.66  143.7
74510.0  0.8  889.8  126.7  223.4  0.77  -0.63  -0.51  143.6
74511.0  0.8  889.9  126.7  223.4  0.81  -0.60  -0.54  143.5
74512.0  0.8  889.6  126.7  223.4  0.75  -0.34  -0.56  143.6
74513.0  0.9  890.0  126.7  223.3  0.83  -0.37  -0.51  143.8
74514.0  0.8  890.1  126.7  223.3  0.76  -0.34  -0.51  143.8
74515.0  0.8  889.7  126.8  223.4  0.83  -0.26  -0.54  143.7
74516.0  0.8  889.7  126.8  223.3  0.85  -0.35  -0.45  143.7
74517.0  0.8  889.7  126.8  223.4  0.88  -0.43  -0.60  143.9
74518.0  0.8  889.8  126.8  223.4  0.82  -0.38  -0.46  143.9
74519.0  0.8  889.7  126.8  223.4  0.78  -0.48  -0.48  143.9
74520.0  0.8  890.1  126.8  223.5  0.83  -0.38  -0.57  143.6
74521.0  0.9  889.9  126.9  223.4  0.87  -0.41  -0.49  143.3
74522.0  0.8  889.8  126.9  223.5  0.78  -0.54  -0.51  143.5
74523.0  0.8  889.7  126.9  223.5  0.86  -0.40  -0.49  143.6
74524.0  0.9  890.1  126.9  223.5  0.83  -0.55  -0.56  143.4
74525.0  0.8  889.4  126.9  223.5  0.84  -0.68  -0.62  143.5
74526.0  0.8  890.1  127.0  223.4  0.81  -0.56  -0.69  143.6
74527.0  0.9  889.6  127.0  223.3  0.82  -0.20  -0.58  143.5
74528.0  0.9  889.9  127.0  223.2  0.88  0.98  -0.56  143.3
74529.0  0.8  889.7  127.0  223.3  0.84  1.17  -0.51  143.4
74530.0  0.9  889.8  127.1  223.4  0.86  1.28  -0.56  143.1
74531.0  0.9  889.5  127.1  223.5  0.88  1.21  -0.51  142.9
74532.0  0.8  889.9  127.1  223.6  0.81  0.89  -0.50  142.9
74533.0  0.9  889.7  127.2  223.7  0.90  0.74  -0.56  142.8
74534.0  0.9  889.9  127.2  223.7  0.87  0.66  -0.55  142.9
74535.0  0.8  889.8  127.2  223.8  0.80  0.50  -0.55  143.0
74536.0  0.9  890.2  127.3  223.8  0.91  0.38  -0.51  143.1
74537.0  0.8  889.7  127.3  223.8  0.89  0.37  -0.48  143.2
74538.0  0.8  889.6  127.3  223.9  0.85  0.39  -0.47  143.3
74539.0  0.8  889.9  127.3  224.1  0.78  0.20  -0.53  143.2
74540.0  0.9  889.9  127.4  224.1  0.86  0.01  -0.56  143.1
74541.0  0.9  889.9  127.4  224.1  0.94  -0.01  -0.52  143.0
74542.0  0.8  890.1  127.4  224.1  0.85  -0.02  -0.46  143.1
74543.0  0.9  889.7  127.4  224.2  0.91  -0.11  -0.52  143.1
74544.0  0.8  889.8  127.5  224.3  0.81  -0.08  -0.58  143.1
74545.0  0.8  889.6  127.5  224.2  0.80  -0.23  -0.52  143.2
74546.0  0.9  889.5  127.5  224.3  0.86  -0.26  -0.56  143.4
74547.0  0.8  890.0  127.5  224.3  0.82  -0.12  -0.49  143.5
74548.0  0.8  889.8  127.6  224.3  0.82  -0.33  -0.52  143.5
74549.0  0.8  889.8  127.6  224.3  0.81  -0.34  -0.45  143.4
74550.0  0.8  890.0  127.6  224.4  0.79  -0.40  -0.49  143.5
74551.0  0.8  889.8  127.6  224.4  0.83  -0.40  -0.51  143.6
74552.0  0.9  889.7  127.6  224.5  0.85  -0.39  -0.65  144.0
74553.0  0.8  889.9  127.7  224.4  0.80  -0.46  -0.54  143.9
74554.0  0.8  889.8  127.7  224.4  0.77  -0.46  -0.60  143.9
74555.0  0.8  889.7  127.7  224.3  0.80  -0.33  -0.60  144.1
74556.0  0.8  889.9  127.7  224.3  0.82  -0.31  -0.58  144.0
74557.0  0.8  890.0  127.7  224.2  0.80  -0.16  -0.59  144.1
74558.0  0.8  889.8  127.7  224.2  0.78  -0.11  -0.47  144.3
74559.0  0.8  889.8  127.7  224.3  0.79  -0.19  -0.52  144.5
74560.0  0.8  889.8  127.7  224.3  0.79  -0.23  -0.41  144.4
74561.0  0.8  889.9  127.8  224.3  0.81  -0.23  -0.61  144.1
74562.0  0.7  889.6  127.8  224.3  0.72  -0.31  -0.50  144.1
74563.0  0.8  889.7  127.8  224.3  0.82  -0.28  -0.49  144.0
74564.0  0.8  889.7  127.8  224.4  0.81  -0.16  -0.52  144.2
74565.0  0.8  889.6  127.8  224.4  0.78  -0.36  -0.47  144.1
74566.0  0.8  890.0  127.8  224.5  0.85  -0.42  -0.50  144.0
74567.0  0.8  889.6  127.8  224.5  0.89  -0.33  -0.56  144.0
74568.0  0.8  889.5  127.8  224.5  0.78  -0.51  -0.45  144.0
74569.0  0.8  890.0  127.8  224.6  0.80  -0.69  -0.47  144.0
74570.0  0.8  889.4  127.8  224.7  0.87  -0.67  -0.52  143.9
74571.0  0.8  889.7  127.8  224.7  0.88  -0.71  -0.52  144.1
74572.0  0.8  889.7  127.8  224.7  0.82  -0.92  -0.49  144.1
74573.0  0.8  889.7  127.8  224.7  0.86  -0.78  -0.58  144.0
74574.0  0.9  890.1  127.8  224.7  0.91  -0.71  -0.61  143.7
74575.0  0.8  889.9  127.9  224.6  0.84  -0.80  -0.56  143.8
74576.0  0.8  890.0  127.9  224.6  0.88  -0.79  -0.53  143.7
74577.0  0.8  889.7  127.9  224.6  0.85  -0.61  -0.54  143.8
74578.0  0.9  889.8  127.9  224.6  0.93  -0.64  -0.55  143.5
74579.0  0.8  890.0  127.9  224.5  0.88  -0.62  -0.67  143.5
74580.0  0.9  890.0  127.9  224.4  0.84  -0.55  -0.53  143.5
74581.0  0.8  889.7  127.9  224.4  0.80  -0.48  -0.57  143.6
74582.0  0.9  890.0  127.9  224.4  0.91  -0.31  -0.51  143.6
74583.0  0.7  889.8  127.9  224.5  0.84  -0.42  -0.45  143.8
74584.0  0.8  889.9  127.9  224.6  0.93  -0.51  -0.49  143.8
74585.0  0.8  890.1  127.9  224.7  0.89  -0.56  -0.59  143.9
74586.0  0.8  889.8  127.9  224.6  0.85  -0.68  -0.57  144.0
74587.0  0.8  889.8  127.9  224.6  0.87  -0.79  -0.50  144.1
74588.0  0.9  889.9  127.9  224.7  0.94  -0.74  -0.51  144.0
74589.0  0.9  889.7  127.9  224.8  0.87  -0.86  -0.22  144.7
74590.0  0.7  889.8  127.9  225.1  0.75  -1.14  -0.50  144.8
74591.0  0.8  889.7  127.9  225.1  0.85  -1.17  -0.65  144.9
74592.0  0.8  889.6  127.9  225.0  0.94  -1.35  -0.58  145.1
74593.0  0.8  889.7  127.8  224.9  0.86  -1.23  -0.87  144.9
74594.0  0.8  889.8  127.8  224.6  0.81  -0.95  -0.61  144.5
74595.0  0.7  889.9  127.8  224.6  0.83  -0.79  -0.44  144.5
74596.0  0.8  889.9  127.8  224.6  0.81  -0.55  -0.54  144.7
74597.0  0.8  889.9  127.8  224.7  0.84  -0.59  -0.28  144.5
74598.0  0.8  889.6  127.8  224.9  0.83  -0.80  -0.57  144.6
74599.0  0.7  890.0  127.8  224.9  0.76  -0.85  -0.56  144.8
74600.0  0.7  889.9  127.8  224.9  0.75  -1.02  -0.58  145.0
74601.0  0.7  889.9  127.8  224.8  0.77  -0.88  -0.66  144.9
74602.0  0.8  889.6  127.8  224.7  0.88  -0.88  -0.61  144.8
74603.0  0.7  889.8  127.8  224.6  0.78  -0.85  -0.57  145.1
74604.0  0.7  889.8  127.8  224.6  0.78  -0.69  -0.53  145.2
74605.0  0.8  889.5  127.8  224.7  0.83  -0.65  -0.59  145.1
74606.0  0.8  889.6  127.8  224.6  0.86  -0.69  -0.52  144.9
74607.0  0.8  889.7  127.7  224.6  0.85  -0.74  -0.62  145.0
74608.0  0.8  889.9  127.7  224.6  0.85  -0.60  -0.55  145.0
74609.0  0.7  889.8  127.7  224.6  0.81  -0.62  -0.51  145.0
74610.0  0.8  889.9  127.7  224.6  0.88  -0.62  -0.53  145.2
74611.0  0.7  889.7  127.7  224.6  0.81  -0.57  -0.54  145.3
74612.0  0.7  889.9  127.7  224.6  0.84  -0.59  -0.55  145.3
74613.0  0.8  889.7  127.6  224.7  0.85  -0.62  -0.62  145.2
74614.0  0.7  889.8  127.6  224.6  0.87  -0.66  -0.52  145.2
74615.0  0.8  889.7  127.6  224.6  0.91  -0.72  -0.56  145.3
74616.0  0.8  889.8  127.6  224.6  0.93  -0.63  -0.63  145.4
74617.0  0.7  889.8  127.5  224.5  0.85  -0.59  -0.61  145.4
74618.0  0.7  889.9  127.5  224.4  0.82  -0.57  -0.55  145.3
74619.0  0.7  889.5  127.5  224.4  0.79  -0.41  -0.54  145.1
74620.0  0.8  889.9  127.5  224.4  0.86  -0.27  -0.57  144.8
74621.0  0.7  889.4  127.5  224.4  0.82  -0.31  -0.57  144.7
74622.0  0.7  889.9  127.5  224.4  0.77  -0.41  -0.52  144.6
74623.0  0.8  889.6  127.5  224.4  0.88  -0.37  -0.56  144.5
74624.0  0.8  890.1  127.5  224.5  0.87  -0.31  -0.60  144.5
74625.0  0.7  889.9  127.5  224.4  0.85  -0.36  -0.57  144.7
74626.0  0.8  889.6  127.5  224.4  0.92  -0.44  -0.54  144.7
74627.0  0.7  889.8  127.5  224.4  0.86  -0.30  -0.54  144.7
74628.0  0.8  889.9  127.5  224.4  0.86  -0.35  -0.50  144.8
74629.0  0.8  889.7  127.4  224.5  0.88  -0.47  -0.56  144.7
74630.0  0.8  889.9  127.4  224.4  0.93  -0.39  -0.50  144.7
74631.0  0.8  889.6  127.4  224.5  0.88  -0.45  -0.47  144.6
74632.0  0.7  889.7  127.4  224.5  0.82  -0.41  -0.53  144.7
74633.0  0.8  889.8  127.4  224.5  0.96  -0.37  -0.55  144.8
74634.0  0.7  889.9  127.4  224.5  0.88  -0.46  -0.55  144.8
74635.0  0.7  889.7  127.4  224.5  0.81  -0.52  -0.57  144.9
74636.0  0.8  889.7  127.4  224.5  0.87  -0.40  -0.60  145.0
74637.0  0.8  890.3  127.3  224.5  0.90  -0.30  -0.65  145.0
74638.0  0.7  890.1  127.3  224.4  0.80  -0.33  -0.57  145.0
74639.0  0.8  890.0  127.3  224.4  0.84  -0.28  -0.53  145.1
74640.0  0.8  889.8  127.3  224.4  0.89  -0.20  -0.43  144.8
