flight/WP3D/AircraftMet_NP3_20130618_RA.ict
43  1001
Ken Aikin
NOAA ESRL Chemical Sciences Division
various aircraft sensors
SENEX 2013
1  1
2013  06  18  2013  06  18
1
AOCTimewave
10
1  1  1  1  1  1  1  1  1  1
-9999  -9999  -9999  -9999  -9999  -9999  -9999  -9999  -9999  -9999
AmbTemp  C
DewPtTemp  C
DewPtTempTDL  C
H2Omr  g/kg
PotTemp  K
RelHumidity  pct
StaticPrs  mbar
VertWindSpd  m/s
WindDir  deg
WindSpd  m/s
1
SPECIAL COMMENTS:Aborted St. Louis flight. Flaps light came on.
18
PI_CONTACT_INFO: Address: NOAA ESRL Chemical Sciences Division  Mail Stop R/CSD7  325 Broadway  Boulder  CO 80305
PLATFORM: NOAA WP-3D
LOCATION: The aircraft was stationed in  Smyrna  Tennessee. Aircraft location information in AircraftPosition file.
ASSOCIATED_DATA: N/A
INSTRUMENT_INFO: N/A
DATA_INFO: Units:AmbTemp celcius; DewPtTemp celcius; DewPtTempTDL celcius; H2Omr g/kg; PotTemp kelvin; RelHumidity percent; StaticPrs millibar; VertWindSpd m/s; WindDir degrees; WindSpd m/s
UNCERTAINTY: N/A
ULOD_FLAG: -7777
ULOD_VALUE: N/A
LLOD_FLAG: -8888
LLOD_VALUE: N/A
DM_CONTACT_INFO: Data Manager:Ken Aikin; email:Kenneth.C.Aikin@noaa.gov
PROJECT_INFO: SENEX 2013 Study; June 1 - July 15  2013
STIPULATIONS_ON_USE: Use of these data require prior ok from PI.
OTHER_COMMENTS:       None
REVISION: RA
RA: Preliminary Data.  For in-field use.
AOCTimewave  AmbTemp  DewPtTemp  DewPtTempTDL  H2Omr  PotTemp  RelHumidity  StaticPrs  VertWindSpd  WindDir  WindSpd
[from data line 2902]
81698.0  16.680  14.690  -30.460  12.06  300.84  87.79  877.45  1.17  6.17  3.30
81699.0  16.630  14.700  -30.460  12.07  300.79  88.12  877.48  1.40  356.30  3.01
81700.0  16.640  14.710  -30.460  12.08  300.80  88.18  877.47  0.98  351.12  2.20
81701.0  16.510  14.720  -30.460  12.08  300.66  88.91  877.49  1.59  0.46  1.79
81702.0  16.480  14.740  -30.460  12.10  300.62  89.22  877.57  1.01  354.14  2.24
81703.0  16.490  14.830  -30.460  12.18  300.63  89.74  877.58  1.17  349.64  2.41
81704.0  16.570  14.910  -30.460  12.24  300.71  89.71  877.66  0.89  345.28  2.63
81705.0  16.560  14.970  -30.460  12.28  300.68  90.12  877.76  0.70  348.84  2.81
81706.0  16.550  14.960  -30.460  12.27  300.66  90.14  877.87  0.74  348.67  2.86
81707.0  16.590  14.960  -30.460  12.27  300.71  89.84  877.88  0.80  348.88  2.60
81708.0  16.610  15.010  -30.460  12.32  300.73  90.07  877.87  1.48  335.87  2.55
81709.0  16.560  15.080  -30.460  12.37  300.67  90.80  877.94  0.97  350.84  2.16
81710.0  16.570  15.100  -30.460  12.38  300.66  90.86  878.10  1.04  359.73  1.99
81711.0  16.630  15.100  -30.460  12.39  300.74  90.49  877.97  0.64  354.33  2.71
81712.0  16.660  15.160  -30.460  12.43  300.76  90.70  877.98  0.96  350.27  2.72
81713.0  16.620  15.180  -30.460  12.45  300.72  91.01  878.00  0.80  346.88  3.01
81714.0  16.580  15.200  -30.460  12.47  300.68  91.40  878.03  1.06  353.88  3.19
81715.0  16.720  15.220  -30.460  12.49  300.83  90.71  877.93  1.16  350.39  3.51
81716.0  16.700  15.200  -30.460  12.47  300.81  90.70  877.95  1.49  355.71  3.20
81717.0  16.690  15.200  -30.460  12.46  300.81  90.71  877.89  1.59  357.35  3.37
81718.0  16.680  15.170  -30.460  12.44  300.79  90.59  877.97  1.20  359.90  4.12
81719.0  16.680  15.090  -30.460  12.38  300.79  90.14  878.01  0.72  4.70  3.61
81720.0  16.660  14.980  -30.460  12.29  300.77  89.64  877.93  0.73  11.07  3.22
81721.0  16.630  14.940  -30.460  12.26  300.76  89.56  877.73  0.88  2.83  2.69
81722.0  16.570  15.010  -30.460  12.31  300.69  90.33  877.79  0.76  354.06  2.32
81723.0  16.550  15.050  -30.460  12.35  300.70  90.65  877.54  1.17  350.34  2.46
81724.0  16.510  15.010  -30.460  12.32  300.66  90.70  877.46  0.94  345.82  2.27
81725.0  16.480  14.990  -30.460  12.30  300.64  90.75  877.32  1.11  339.99  2.29
81726.0  16.500  15.020  -30.460  12.33  300.66  90.80  877.38  1.28  337.92  2.27
81727.0  16.460  15.030  -30.460  12.33  300.61  91.07  877.46  0.95  335.06  2.32
81728.0  16.430  15.030  -30.460  12.33  300.58  91.27  877.45  0.83  344.56  2.24
81729.0  16.450  15.040  -30.460  12.35  300.62  91.21  877.27  0.93  351.01  2.40
81730.0  16.400  15.050  -30.460  12.35  300.55  91.60  877.40  1.38  350.73  2.43
81731.0  16.400  15.080  -30.460  12.38  300.56  91.74  877.35  1.56  352.56  2.64
81732.0  16.430  15.120  -30.460  12.41  300.59  91.81  877.32  1.67  354.05  3.11
81733.0  16.500  15.170  -30.460  12.45  300.67  91.68  877.30  1.29  3.80  3.57
81734.0  16.540  15.180  -30.460  12.46  300.71  91.48  877.32  0.82  6.20  3.41
81735.0  16.620  15.180  -30.460  12.46  300.79  91.02  877.28  0.89  359.53  2.94
81736.0  16.620  15.200  -30.460  12.48  300.79  91.17  877.24  0.54  358.05  3.01
81737.0  16.640  15.220  -30.460  12.49  300.82  91.13  877.23  0.73  359.34  3.06
81738.0  16.680  15.160  -30.460  12.45  300.87  90.55  877.19  0.99  359.32  2.75
81739.0  16.670  15.130  -30.460  12.42  300.85  90.44  877.22  1.06  0.85  2.61
81740.0  16.600  15.080  -30.460  12.38  300.79  90.54  877.21  1.32  11.65  2.79
81741.0  16.630  15.060  -30.460  12.36  300.82  90.23  877.15  1.90  1.05  2.65
81742.0  16.550  15.010  -30.460  12.32  300.72  90.41  877.37  1.43  2.44  2.69
81743.0  16.580  15.000  -30.460  12.31  300.74  90.15  877.47  1.61  0.48  3.19
81744.0  16.590  14.980  -30.460  12.29  300.75  90.02  877.36  1.43  357.32  3.69
81745.0  16.540  14.980  -30.460  12.29  300.70  90.28  877.40  1.59  5.22  3.61
81746.0  16.570  14.950  -30.460  12.27  300.73  89.99  877.44  1.52  358.60  3.51
81747.0  16.570  14.890  -30.460  12.22  300.72  89.62  877.52  1.41  357.92  3.44
81748.0  16.580  14.870  -30.460  12.21  300.72  89.48  877.61  1.24  356.15  3.31
81749.0  16.520  14.840  -30.460  12.18  300.67  89.61  877.41  1.05  352.50  3.35
81750.0  16.500  14.860  -30.460  12.20  300.66  89.83  877.42  0.99  356.77  3.29
81751.0  16.490  14.880  -30.460  12.22  300.64  90.03  877.51  1.00  356.23  2.88
81752.0  16.480  14.890  -30.460  12.22  300.64  90.12  877.36  0.84  352.59  2.82
81753.0  16.470  14.880  -30.460  12.22  300.64  90.11  877.27  0.72  358.09  2.80
81754.0  16.460  14.910  -30.460  12.24  300.62  90.41  877.31  1.15  0.74  2.57
81755.0  16.440  14.940  -30.460  12.27  300.60  90.67  877.36  0.92  352.49  2.16
81756.0  16.440  15.010  -30.460  12.32  300.60  91.05  877.37  0.38  354.90  2.67
81757.0  16.520  15.040  -30.460  12.35  300.69  90.80  877.31  0.00  7.30  3.11
81758.0  16.530  15.050  -30.460  12.35  300.69  90.78  877.37  0.08  8.91  3.03
81759.0  16.580  15.040  -30.460  12.35  300.75  90.44  877.28  0.48  11.26  2.19
81760.0  16.650  15.060  -30.460  12.36  300.82  90.14  877.36  0.90  354.35  2.47
81761.0  16.600  15.060  -30.460  12.36  300.76  90.40  877.45  0.86  350.71  2.91
81762.0  16.550  15.050  -30.460  12.35  300.70  90.68  877.47  1.69  3.39  2.60
81763.0  16.580  15.110  -30.460  12.40  300.74  90.83  877.42  1.62  6.69  2.35
81764.0  16.610  15.090  -30.460  12.38  300.77  90.51  877.44  1.63  356.92  2.06
81765.0  16.640  15.080  -30.460  12.37  300.80  90.30  877.37  1.26  1.07  2.45
81766.0  16.640  15.080  -30.460  12.38  300.81  90.34  877.33  1.24  2.38  2.55
81767.0  16.610  15.060  -30.460  12.36  300.78  90.35  877.35  1.26  10.30  2.98
81768.0  16.650  15.050  -30.460  12.35  300.79  90.10  877.60  0.86  358.65  2.04
81769.0  16.640  15.040  -30.460  12.34  300.79  90.04  877.56  0.27  355.78  2.77
81770.0  16.700  15.040  -30.460  12.34  300.86  89.69  877.47  0.41  2.12  3.35
81771.0  16.720  14.980  -30.460  12.29  300.88  89.24  877.45  0.87  1.91  3.17
81772.0  16.660  14.900  -30.460  12.23  300.83  89.10  877.39  0.93  4.95  2.82
81773.0  16.600  14.860  -30.460  12.20  300.75  89.29  877.52  1.02  2.71  2.48
81774.0  16.620  14.860  -30.460  12.19  300.76  89.13  877.58  0.87  349.08  2.93
81775.0  16.620  14.860  -30.460  12.20  300.77  89.14  877.56  1.08  351.11  3.34
81776.0  16.570  14.840  -30.460  12.18  300.72  89.28  877.55  0.74  354.54  2.77
81777.0  16.550  14.850  -30.460  12.19  300.70  89.49  877.54  1.03  353.45  2.88
81778.0  16.520  14.860  -30.460  12.20  300.68  89.72  877.41  1.06  354.22  2.76
81779.0  16.540  14.840  -30.460  12.18  300.70  89.46  877.42  1.08  351.32  2.98
81780.0  16.510  14.850  -30.460  12.19  300.67  89.68  877.39  0.89  0.01  3.20
81781.0  16.540  14.870  -30.460  12.21  300.69  89.65  877.47  1.08  4.10  3.05
81782.0  16.530  14.880  -30.460  12.21  300.68  89.74  877.57  1.32  5.24  2.96
81783.0  16.570  14.920  -30.460  12.24  300.71  89.78  877.57  1.29  3.25  3.35
81784.0  16.540  14.930  -30.460  12.26  300.68  90.03  877.59  1.57  0.86  3.25
81785.0  16.530  14.950  -30.460  12.27  300.67  90.19  877.57  1.37  356.78  3.18
81786.0  16.560  14.960  -30.460  12.27  300.71  90.02  877.50  1.42  356.04  3.09
81787.0  16.540  14.990  -30.460  12.30  300.68  90.39  877.55  1.44  356.16  3.05
81788.0  16.520  15.020  -30.460  12.32  300.66  90.65  877.61  1.50  349.14  2.89
81789.0  16.540  15.060  -30.460  12.36  300.67  90.82  877.68  1.52  345.78  2.82
81790.0  16.520  15.080  -30.460  12.37  300.67  91.02  877.46  1.74  343.91  2.71
81791.0  16.480  15.100  -30.460  12.39  300.65  91.34  877.34  1.70  339.77  2.96
81792.0  16.530  15.100  -30.460  12.40  300.71  91.07  877.27  1.34  337.67  3.23
81793.0  16.480  15.120  -30.460  12.41  300.65  91.51  877.27  1.28  342.05  3.22
81794.0  16.480  15.130  -30.460  12.42  300.63  91.56  877.46  0.98  346.13  3.19
81795.0  16.500  15.130  -30.460  12.42  300.65  91.48  877.44  0.86  345.36  3.22
81796.0  16.490  15.120  -30.460  12.41  300.65  91.44  877.39  1.00  352.98  3.04
81797.0  16.490  15.090  -30.460  12.38  300.65  91.25  877.43  0.93  352.72  3.18
81798.0  16.500  15.080  -30.460  12.38  300.66  91.18  877.29  1.08  353.27  3.45
81799.0  16.510  15.030  -30.460  12.34  300.68  90.79  877.31  1.24  355.58  3.24
81800.0  16.490  15.030  -30.460  12.34  300.63  90.92  877.57  1.27  344.88  2.79
81801.0  16.430  15.030  -30.460  12.34  300.57  91.25  877.56  1.24  348.60  2.51
81802.0  16.440  15.030  -30.460  12.33  300.57  91.23  877.62  1.35  349.18  2.41
81803.0  16.440  15.010  -30.460  12.32  300.58  91.06  877.61  1.40  343.59  2.41
81804.0  16.420  15.000  -30.460  12.31  300.57  91.14  877.53  1.53  353.44  2.54
81805.0  16.480  14.980  -30.460  12.30  300.62  90.66  877.62  1.43  344.12  2.52
81806.0  16.470  15.000  -30.460  12.31  300.62  90.84  877.49  1.42  344.55  1.87
81807.0  16.490  14.970  -30.460  12.28  300.64  90.51  877.58  1.46  347.57  1.91
81808.0  16.470  14.950  -30.460  12.27  300.61  90.52  877.58  1.48  353.46  2.08
81809.0  16.480  14.940  -30.460  12.26  300.62  90.40  877.64  1.62  345.90  2.01
81810.0  16.430  14.940  -30.460  12.26  300.56  90.67  877.72  1.61  355.19  2.09
81811.0  16.490  14.930  -30.460  12.25  300.62  90.32  877.73  1.14  355.22  2.48
81812.0  16.550  14.930  -30.460  12.25  300.69  89.98  877.52  1.12  0.03  2.79
81813.0  16.560  14.930  -30.460  12.25  300.71  89.88  877.50  0.80  3.25  2.27
81814.0  16.510  14.930  -30.460  12.26  300.67  90.20  877.41  1.03  1.10  2.55
81815.0  16.530  14.950  -30.460  12.27  300.69  90.22  877.40  1.30  7.59  2.81
81816.0  16.590  14.940  -30.460  12.26  300.73  89.78  877.60  1.33  6.82  2.56
81817.0  16.610  14.900  -30.460  12.23  300.75  89.45  877.57  1.46  5.49  2.87
81818.0  16.560  14.870  -30.460  12.21  300.72  89.55  877.46  1.56  7.52  2.91
81819.0  16.580  14.880  -30.460  12.22  300.74  89.48  877.47  1.59  4.69  2.89
81820.0  16.590  14.860  -30.460  12.20  300.77  89.26  877.29  1.55  4.80  3.02
81821.0  16.590  14.860  -30.460  12.19  300.75  89.25  877.48  1.52  11.36  2.94
81822.0  16.620  14.840  -30.460  12.18  300.78  89.01  877.44  1.50  10.09  3.06
81823.0  16.600  14.810  -30.460  12.16  300.77  88.97  877.36  1.53  14.58  2.99
81824.0  16.600  14.790  -30.460  12.14  300.76  88.80  877.46  1.40  14.46  2.89
81825.0  16.590  14.790  -30.460  12.14  300.73  88.89  877.56  1.29  9.85  2.83
81826.0  16.600  14.770  -30.460  12.12  300.76  88.71  877.44  1.43  10.07  2.44
81827.0  16.570  14.730  -30.460  12.10  300.74  88.71  877.33  1.36  10.22  2.43
81828.0  16.550  14.710  -30.460  12.08  300.71  88.67  877.42  1.09  5.60  2.55
81829.0  16.560  14.710  -30.460  12.08  300.73  88.61  877.27  1.03  10.09  2.69
81830.0  16.590  14.690  -30.460  12.06  300.77  88.29  877.26  0.96  6.14  2.63
81831.0  16.570  14.660  -30.460  12.04  300.74  88.27  877.32  1.18  12.02  2.89
81832.0  16.590  14.640  -30.460  12.02  300.77  87.99  877.27  0.90  6.04  3.19
81833.0  16.610  14.610  -30.460  12.00  300.78  87.72  877.39  1.13  5.63  3.18
81834.0  16.610  14.610  -30.460  12.00  300.79  87.70  877.28  1.07  5.67  3.43
81835.0  16.620  14.570  -30.460  11.97  300.80  87.42  877.28  1.13  8.71  3.21
81836.0  16.630  14.560  -30.460  11.96  300.79  87.33  877.51  1.01  5.50  3.06
81837.0  16.620  14.550  -30.460  11.95  300.78  87.33  877.38  1.17  2.07  3.34
81838.0  16.600  14.570  -30.460  11.97  300.75  87.57  877.47  1.14  3.53  3.25
81839.0  16.610  14.550  -30.460  11.95  300.77  87.42  877.43  1.20  8.19  3.24
81840.0  16.610  14.540  -30.460  11.95  300.77  87.37  877.44  1.17  14.33  3.22
81841.0  16.590  14.520  -30.460  11.93  300.74  87.35  877.44  1.17  12.97  2.82
81842.0  16.590  14.530  -30.460  11.94  300.75  87.35  877.43  1.34  13.26  2.93
81843.0  16.570  14.510  -30.460  11.92  300.73  87.40  877.45  1.39  11.14  3.05
81844.0  16.550  14.520  -30.460  11.93  300.71  87.58  877.44  1.37  15.81  2.96
81845.0  16.590  14.530  -30.460  11.93  300.74  87.38  877.50  1.33  15.56  3.02
81846.0  16.560  14.530  -30.460  11.93  300.71  87.53  877.60  1.34  12.15  2.92
81847.0  16.550  14.530  -30.460  11.94  300.70  87.64  877.51  1.34  15.73  2.71
81848.0  16.560  14.550  -30.460  11.96  300.73  87.71  877.31  1.44  14.99  3.03
81849.0  16.550  14.560  -30.460  11.96  300.72  87.81  877.27  1.28  14.00  2.45
81850.0  16.460  14.560  -30.460  11.96  300.61  88.29  877.49  1.17  26.92  1.27
81851.0  16.470  14.600  -30.460  11.99  300.65  88.44  877.25  2.09  19.50  0.78
81852.0  16.410  14.630  -30.460  12.01  300.58  88.98  877.29  1.74  23.28  2.00
81853.0  16.540  14.690  -30.460  12.06  300.70  88.58  877.43  1.54  16.81  2.16
81854.0  16.520  14.670  -30.460  12.05  300.67  88.65  877.48  0.97  14.33  1.95
81855.0  16.560  14.670  -30.460  12.05  300.71  88.37  877.51  1.08  354.71  1.65
81856.0  16.580  14.730  -30.460  12.10  300.72  88.64  877.61  0.87  352.47  2.55
81857.0  16.600  14.750  -30.460  12.11  300.74  88.59  877.65  0.89  10.80  3.25
81858.0  16.720  14.710  -30.460  12.07  300.86  87.71  877.66  0.85  11.09  3.10
81859.0  16.700  14.700  -30.460  12.07  300.84  87.77  877.62  1.26  18.59  2.35
81860.0  16.700  14.670  -30.460  12.05  300.85  87.60  877.53  0.91  16.77  2.72
81861.0  16.660  14.660  -30.460  12.04  300.80  87.74  877.59  0.82  21.82  3.02
81862.0  16.720  14.640  -30.460  12.02  300.86  87.28  877.62  0.84  18.24  3.09
81863.0  16.670  14.630  -30.460  12.01  300.80  87.51  877.71  0.88  17.80  3.21
81864.0  16.690  14.610  -30.460  11.99  300.81  87.27  877.82  0.67  13.73  2.78
81865.0  16.650  14.600  -30.460  11.99  300.78  87.47  877.68  0.93  22.09  3.12
81866.0  16.650  14.580  -30.460  11.97  300.79  87.34  877.68  0.85  20.88  2.92
81867.0  16.630  14.540  -30.460  11.94  300.75  87.23  877.81  0.90  19.55  2.95
81868.0  16.660  14.500  -30.460  11.91  300.81  86.82  877.57  1.39  6.93  2.37
81869.0  16.620  14.460  -30.460  11.88  300.75  86.82  877.74  0.66  353.59  2.59
81870.0  16.550  14.460  -30.460  11.88  300.68  87.22  877.68  0.80  8.40  3.05
81871.0  16.560  14.450  -30.460  11.88  300.71  87.12  877.58  0.83  12.86  3.49
81872.0  16.620  14.410  -30.460  11.85  300.78  86.53  877.48  0.82  10.53  3.22
81873.0  16.590  14.410  -30.460  11.84  300.75  86.66  877.48  0.89  5.07  3.33
81874.0  16.590  14.430  -30.460  11.86  300.74  86.83  877.49  1.09  7.90  3.57
81875.0  16.600  14.430  -30.460  11.86  300.75  86.79  877.56  1.00  10.52  3.37
81876.0  16.620  14.450  -30.460  11.87  300.76  86.77  877.64  0.89  14.49  3.19
81877.0  16.660  14.460  -30.460  11.88  300.81  86.64  877.53  1.01  16.78  3.30
81878.0  16.700  14.440  -30.460  11.87  300.87  86.25  877.39  0.65  15.40  3.69
81879.0  16.690  14.450  -30.460  11.87  300.84  86.41  877.55  0.98  13.91  3.48
81880.0  16.660  14.460  -30.460  11.88  300.82  86.64  877.45  0.90  12.72  3.24
81881.0  16.630  14.450  -30.460  11.87  300.78  86.72  877.57  0.90  13.10  2.90
81882.0  16.640  14.450  -30.460  11.87  300.79  86.61  877.54  0.86  14.39  2.92
81883.0  16.630  14.460  -30.460  11.88  300.79  86.77  877.50  0.58  10.30  2.80
81884.0  16.660  14.440  -30.460  11.87  300.82  86.51  877.41  0.63  3.55  2.62
81885.0  16.580  14.440  -30.460  11.87  300.75  86.92  877.39  1.02  11.81  2.56
81886.0  16.560  14.440  -30.460  11.87  300.72  87.06  877.40  0.84  18.04  2.79
81887.0  16.570  14.430  -30.460  11.86  300.72  86.98  877.45  0.64  17.28  3.03
81888.0  16.560  14.440  -30.460  11.86  300.71  87.04  877.44  0.74  17.01  2.70
81889.0  16.610  14.460  -30.460  11.88  300.76  86.88  877.52  0.52  12.63  3.16
81890.0  16.580  14.460  -30.460  11.88  300.73  87.03  877.52  0.39  10.87  3.22
81891.0  16.560  14.460  -30.460  11.88  300.73  87.15  877.32  0.53  11.75  3.38
