flight/WP3D/AircraftPos_NP3_20130706_RA.ict
38  1001
Ken Aikin
NOAA ESRL Chemical Sciences Division
various aircraft sensors
SENEX 2013
1  1
2013  07  06  2013  07  06
1
AOCTimewave
5
1  1  1  1  1 
-9999  -9999  -9999  -9999  -9999
GpsLat  deg
GpsLon  deg
GpsAlt  m
PAlt  m
RAlt  m
1
SPECIAL COMMENTS:PA shale flight.
18
PI_CONTACT_INFO: Address: NOAA ESRL Chemical Sciences Division  Mail Stop R/CSD7  325 Broadway  Boulder  CO 80305
PLATFORM: NOAA WP-3D
LOCATION: The aircraft was stationed in Smyrna  Tennessee. Aircraft location information in AircraftPosition file.
ASSOCIATED_DATA: N/A
INSTRUMENT_INFO: N/A
DATA_INFO: Units:GpsLat:decimal degrees; GpsLon: decimal degrees; GpsAlt: meters; PAlt:meters; RAlt: meters.
UNCERTAINTY: N/A
ULOD_FLAG: -7777
ULOD_VALUE: N/A
LLOD_FLAG: -8888
LLOD_VALUE: N/A
DM_CONTACT_INFO: Data Manager:Ken Aikin; email:Kenneth.C.Aikin@noaa.gov
PROJECT_INFO: SENEX 2013 Study; June 1 - July 15  2013
STIPULATIONS_ON_USE: Use of these data require prior ok from PI.
OTHER_COMMENTS:       None
REVISION: RA
RA: Preliminary Data.  For in-field use.
AOCTimewave  GpsLat  GpsLon  GpsAlt  PAlt  RAlt
[from data line 2037]
53596.0  37.6896   -84.1668   5039.5   4774.4   4830.4
53597.0  37.6906   -84.1652   5040.6   4774.4   4839.5
53598.0  37.6915   -84.1637   5041.4   4776.3   4837.0
53599.0  37.6925   -84.1622   5041.9   4777.3   4855.9
53600.0  37.6934   -84.1607   5042.6   4778.5   4836.7
53601.0  37.6944   -84.1591   5042.6   4777.9   4837.8
53602.0  37.6954   -84.1576   5042.6   4777.5   4856.4
53603.0  37.6963   -84.1561   5043.5   4778.3   4862.1
53604.0  37.6973   -84.1546   5043.8   4777.7   4847.0
53605.0  37.6983   -84.1531   5043.8   4778.7   4851.7
53606.0  37.6993   -84.1516   5043.8   4779.2   4865.0
53607.0  37.7003   -84.1501   5043.8   4778.8   4856.3
53608.0  37.7012   -84.1486   5043.8   4778.9   4863.5
53609.0  37.7022   -84.1471   5043.8   4778.0   4871.4
53610.0  37.7032   -84.1456   5042.9   4777.6   4852.3
53611.0  37.7042   -84.1441   5042.6   4776.5   4835.9
53612.0  37.7052   -84.1426   5042.5   4775.9   4838.0
53613.0  37.7062   -84.1411   5041.4   4777.0   4849.5
53614.0  37.7072   -84.1396   5041.4   4776.6   4855.0
53615.0  37.7083   -84.1382   5041.4   4775.9   4867.7
53616.0  37.7093   -84.1367   5041.4   4775.2   4848.2
53617.0  37.7103   -84.1352   5041.4   4774.9   4845.4
53618.0  37.7112   -84.1337   5041.8   4776.5   4847.2
53619.0  37.7122   -84.1322   5042.6   4776.7   4834.7
53620.0  37.7132   -84.1307   5041.7   4777.5   4847.4
53621.0  37.7142   -84.1291   5041.4   4776.3   4839.2
53622.0  37.7152   -84.1276   5041.4   4776.6   4836.2
53623.0  37.7161   -84.1261   5041.4   4777.2   4839.4
53624.0  37.7171   -84.1246   5041.4   4776.1   4854.0
53625.0  37.7180   -84.1230   5041.4   4776.4   4874.0
53626.0  37.7190   -84.1215   5041.4   4775.7   4876.8
53627.0  37.7199   -84.1200   5041.4   4775.9   4887.0
53628.0  37.7209   -84.1184   5041.4   4776.8   4886.0
53629.0  37.7218   -84.1169   5041.4   4777.0   4885.1
53630.0  37.7228   -84.1153   5041.8   4775.9   4863.7
53631.0  37.7237   -84.1138   5042.6   4775.0   4841.3
53632.0  37.7247   -84.1123   5042.6   4775.9   4854.0
53633.0  37.7256   -84.1107   5042.6   4776.5   4861.6
53634.0  37.7266   -84.1092   5042.6   4774.5   4865.4
53635.0  37.7275   -84.1077   5042.6   4774.4   4891.2
53636.0  37.7285   -84.1061   5042.6   4774.9   4892.3
53637.0  37.7294   -84.1046   5042.6   4775.4   4877.3
53638.0  37.7304   -84.1031   5042.6   4775.6   4878.5
53639.0  37.7313   -84.1016   5042.6   4776.3   4885.1
53640.0  37.7323   -84.1000   5042.6   4775.7   4889.1
53641.0  37.7332   -84.0985   5042.0   4775.9   4898.4
53642.0  37.7342   -84.0970   5040.6   4775.1   4897.4
53643.0  37.7351   -84.0954   5038.1   4773.8   4906.7
53644.0  37.7361   -84.0939   5033.9   4770.8   4905.8
53645.0  37.7370   -84.0924   5028.6   4765.5   4888.2
53646.0  37.7380   -84.0908   5022.5   4757.5   4879.1
53647.0  37.7389   -84.0893   5016.2   4750.9   4892.1
53648.0  37.7399   -84.0877   5009.0   4744.5   4878.5
53649.0  37.7408   -84.0862   5001.5   4738.4   4866.2
53650.0  37.7418   -84.0846   4993.9   4731.5   4873.5
53651.0  37.7427   -84.0831   4986.6   4723.4   4885.6
53652.0  37.7437   -84.0815   4979.4   4717.9   4873.0
53653.0  37.7447   -84.0799   4972.4   4711.3   4864.5
53654.0  37.7456   -84.0784   4965.4   4704.2   4863.8
53655.0  37.7466   -84.0768   4958.6   4695.5   4862.0
53656.0  37.7475   -84.0752   4951.3   4689.2   4837.5
53657.0  37.7485   -84.0737   4944.1   4683.5   4844.2
53658.0  37.7494   -84.0721   4937.0   4675.7   4861.4
53659.0  37.7504   -84.0705   4930.4   4669.2   4857.0
53660.0  37.7513   -84.0689   4923.5   4663.0   4836.0
53661.0  37.7523   -84.0673   4916.5   4654.6   4811.1
53662.0  37.7532   -84.0657   4910.7   4649.8   4804.1
53663.0  37.7542   -84.0642   4905.4   4645.7   4788.0
53664.0  37.7551   -84.0626   4899.6   4639.5   4755.7
53665.0  37.7561   -84.0610   4893.3   4632.6   4758.0
53666.0  37.7570   -84.0594   4887.0   4627.1   4763.0
53667.0  37.7580   -84.0578   4880.8   4620.5   4751.0
53668.0  37.7589   -84.0562   4874.6   4615.5   4744.7
53669.0  37.7599   -84.0546   4868.7   4609.2   4739.3
53670.0  37.7608   -84.0530   4863.0   4603.5   4749.0
53671.0  37.7617   -84.0515   4858.3   4599.5   4750.3
53672.0  37.7627   -84.0499   4853.6   4596.4   4730.6
53673.0  37.7636   -84.0483   4849.2   4591.3   4726.1
53674.0  37.7646   -84.0467   4845.3   4586.3   4727.5
53675.0  37.7655   -84.0452   4842.4   4583.5   4727.8
53676.0  37.7664   -84.0436   4839.4   4580.6   4733.5
53677.0  37.7674   -84.0420   4836.5   4578.9   4731.3
53678.0  37.7683   -84.0405   4833.1   4575.8   4706.1
53679.0  37.7692   -84.0389   4829.8   4571.2   4709.6
53680.0  37.7702   -84.0373   4826.7   4568.8   4713.8
53681.0  37.7711   -84.0358   4824.0   4565.4   4714.5
53682.0  37.7720   -84.0343   4821.6   4563.6   4704.4
53683.0  37.7730   -84.0327   4819.1   4560.6   4712.2
53684.0  37.7739   -84.0312   4815.5   4557.1   4708.7
53685.0  37.7748   -84.0297   4811.5   4553.6   4697.3
53686.0  37.7757   -84.0281   4807.8   4550.1   4687.5
53687.0  37.7767   -84.0266   4804.3   4546.9   4675.4
53688.0  37.7776   -84.0251   4800.7   4542.3   4673.0
53689.0  37.7785   -84.0236   4797.6   4539.7   4675.8
53690.0  37.7794   -84.0221   4795.2   4538.3   4677.7
53691.0  37.7803   -84.0206   4792.9   4534.4   4662.6
53692.0  37.7812   -84.0191   4790.3   4533.8   4647.5
53693.0  37.7821   -84.0176   4787.2   4531.1   4641.0
53694.0  37.7831   -84.0161   4783.8   4526.8   4618.5
53695.0  37.7840   -84.0146   4780.2   4522.6   4617.2
53696.0  37.7849   -84.0131   4776.9   4519.4   4630.3
53697.0  37.7858   -84.0116   4774.1   4514.9   4627.9
53698.0  37.7867   -84.0101   4772.3   4512.2   4631.4
53699.0  37.7876   -84.0087   4771.4   4512.3   4636.2
53700.0  37.7885   -84.0072   4770.4   4511.1   4635.6
53701.0  37.7895   -84.0057   4769.4   4510.8   4624.9
53702.0  37.7904   -84.0043   4768.2   4509.8   4606.2
53703.0  37.7913   -84.0028   4767.1   4509.9   4608.2
53704.0  37.7922   -84.0014   4765.9   4508.3   4606.0
53705.0  37.7931   -83.9999   4764.8   4508.1   4609.1
53706.0  37.7940   -83.9985   4765.0   4507.4   4641.5
53707.0  37.7949   -83.9970   4765.9   4507.9   4636.2
53708.0  37.7959   -83.9956   4764.7   4505.8   4634.6
53709.0  37.7968   -83.9942   4763.8   4504.1   4645.5
53710.0  37.7977   -83.9928   4763.0   4501.7   4619.2
53711.0  37.7986   -83.9913   4762.2   4500.4   4607.9
53712.0  37.7995   -83.9899   4762.2   4499.1   4609.7
53713.0  37.8005   -83.9885   4763.2   4502.5   4605.2
53714.0  37.8014   -83.9871   4763.0   4504.1   4588.9
53715.0  37.8023   -83.9857   4762.2   4503.8   4624.9
53716.0  37.8032   -83.9843   4762.3   4503.6   4622.5
53717.0  37.8041   -83.9829   4763.4   4503.2   4628.4
53718.0  37.8051   -83.9816   4762.5   4502.5   4631.5
53719.0  37.8060   -83.9802   4762.2   4502.7   4635.3
53720.0  37.8069   -83.9788   4762.2   4501.3   4633.4
53721.0  37.8078   -83.9774   4762.2   4502.5   4614.0
53722.0  37.8088   -83.9761   4762.2   4503.1   4626.9
53723.0  37.8097   -83.9747   4762.2   4501.7   4632.2
53724.0  37.8106   -83.9733   4762.2   4501.3   4617.4
53725.0  37.8115   -83.9720   4762.2   4500.7   4615.4
53726.0  37.8125   -83.9706   4762.2   4501.0   4591.2
53727.0  37.8134   -83.9692   4762.2   4501.1   4596.4
53728.0  37.8143   -83.9679   4762.2   4500.9   4611.9
53729.0  37.8152   -83.9665   4762.2   4500.6   4611.7
53730.0  37.8162   -83.9651   4762.2   4501.7   4614.6
53731.0  37.8171   -83.9638   4761.5   4500.8   4599.5
53732.0  37.8180   -83.9624   4761.0   4500.4   4607.1
53733.0  37.8189   -83.9611   4761.0   4501.1   4607.7
53734.0  37.8199   -83.9597   4761.4   4502.0   4599.8
53735.0  37.8208   -83.9583   4761.5   4501.6   4600.6
53736.0  37.8217   -83.9570   4761.0   4500.4   4612.9
53737.0  37.8226   -83.9556   4761.2   4500.1   4615.4
53738.0  37.8236   -83.9543   4762.2   4499.5   4614.7
53739.0  37.8245   -83.9529   4762.2   4499.3   4626.1
53740.0  37.8254   -83.9515   4762.2   4499.2   4623.0
53741.0  37.8264   -83.9502   4762.2   4500.2   4622.1
53742.0  37.8273   -83.9488   4762.2   4499.4   4620.2
53743.0  37.8282   -83.9475   4762.2   4501.0   4631.1
53744.0  37.8291   -83.9461   4762.2   4501.0   4617.0
53745.0  37.8301   -83.9448   4762.2   4500.6   4615.1
53746.0  37.8310   -83.9434   4762.2   4500.9   4609.7
53747.0  37.8319   -83.9421   4762.2   4501.7   4598.3
53748.0  37.8329   -83.9407   4762.2   4502.2   4603.0
53749.0  37.8338   -83.9394   4762.2   4501.9   4611.4
53750.0  37.8347   -83.9380   4762.2   4499.8   4633.0
53751.0  37.8357   -83.9367   4762.2   4500.4   4641.2
53752.0  37.8366   -83.9353   4762.2   4501.3   4652.8
53753.0  37.8375   -83.9339   4762.2   4499.5   4656.0
53754.0  37.8385   -83.9326   4762.2   4499.0   4628.9
53755.0  37.8394   -83.9312   4762.2   4500.5   4620.9
53756.0  37.8403   -83.9299   4762.2   4501.1   4625.1
53757.0  37.8413   -83.9285   4762.2   4501.2   4637.5
53758.0  37.8422   -83.9271   4762.2   4499.9   4642.6
53759.0  37.8431   -83.9258   4762.2   4500.6   4651.6
53760.0  37.8440   -83.9244   4762.2   4501.2   4643.0
53761.0  37.8450   -83.9231   4762.2   4500.6   4624.3
53762.0  37.8459   -83.9217   4762.2   4500.4   4624.6
53763.0  37.8468   -83.9203   4762.2   4499.8   4620.4
53764.0  37.8478   -83.9190   4761.2   4499.8   4630.1
53765.0  37.8487   -83.9176   4761.0   4500.1   4633.8
53766.0  37.8496   -83.9163   4761.0   4498.8   4624.4
53767.0  37.8506   -83.9149   4761.6   4499.2   4612.9
53768.0  37.8515   -83.9135   4762.2   4500.1   4614.3
53769.0  37.8524   -83.9122   4762.2   4499.0   4626.5
53770.0  37.8533   -83.9108   4762.2   4499.1   4618.1
53771.0  37.8543   -83.9095   4762.2   4499.4   4608.3
53772.0  37.8552   -83.9081   4762.2   4500.0   4630.9
53773.0  37.8561   -83.9067   4762.2   4498.6   4622.4
53774.0  37.8570   -83.9054   4762.2   4499.8   4610.8
53775.0  37.8580   -83.9040   4762.2   4499.4   4631.2
53776.0  37.8589   -83.9026   4762.2   4499.2   4617.2
53777.0  37.8598   -83.9012   4762.2   4499.5   4638.7
53778.0  37.8607   -83.8999   4762.2   4499.8   4637.5
53779.0  37.8616   -83.8985   4762.2   4500.6   4636.0
53780.0  37.8625   -83.8971   4762.2   4501.0   4622.6
53781.0  37.8634   -83.8957   4762.2   4501.2   4603.9
53782.0  37.8643   -83.8943   4762.2   4501.0   4588.2
53783.0  37.8652   -83.8929   4762.2   4499.7   4582.0
53784.0  37.8660   -83.8915   4762.7   4498.4   4596.4
53785.0  37.8669   -83.8901   4763.4   4500.6   4615.0
53786.0  37.8678   -83.8887   4763.4   4502.1   4631.8
53787.0  37.8687   -83.8873   4763.4   4502.2   4649.9
53788.0  37.8696   -83.8859   4763.4   4500.0   4649.6
53789.0  37.8704   -83.8845   4763.4   4499.0   4635.7
53790.0  37.8713   -83.8830   4763.4   4500.4   4610.0
53791.0  37.8722   -83.8816   4763.4   4500.8   4614.1
53792.0  37.8731   -83.8802   4763.4   4500.3   4615.9
53793.0  37.8740   -83.8788   4763.4   4500.6   4615.8
53794.0  37.8748   -83.8774   4763.4   4500.6   4642.7
53795.0  37.8757   -83.8760   4763.4   4501.2   4615.1
53796.0  37.8766   -83.8746   4763.4   4500.0   4648.1
53797.0  37.8775   -83.8731   4763.4   4499.7   4671.6
53798.0  37.8783   -83.8717   4763.4   4499.8   4665.6
53799.0  37.8792   -83.8703   4763.4   4499.5   4654.2
53800.0  37.8801   -83.8689   4763.4   4501.3   4643.3
53801.0  37.8809   -83.8675   4763.4   4501.8   4620.7
53802.0  37.8818   -83.8660   4763.4   4500.8   4601.1
53803.0  37.8827   -83.8646   4763.4   4499.3   4601.3
53804.0  37.8835   -83.8632   4763.4   4500.4   4598.2
53805.0  37.8844   -83.8617   4763.4   4501.2   4607.2
53806.0  37.8853   -83.8603   4763.0   4501.3   4619.8
53807.0  37.8861   -83.8589   4762.2   4501.7   4633.5
53808.0  37.8870   -83.8575   4762.2   4501.0   4625.7
53809.0  37.8879   -83.8560   4762.2   4499.2   4620.1
53810.0  37.8887   -83.8546   4762.0   4498.5   4609.5
53811.0  37.8896   -83.8531   4761.1   4499.4   4607.1
53812.0  37.8904   -83.8517   4761.0   4498.2   4599.1
53813.0  37.8913   -83.8503   4761.0   4497.9   4582.2
53814.0  37.8921   -83.8488   4761.0   4498.1   4581.0
53815.0  37.8930   -83.8474   4761.0   4497.9   4573.9
53816.0  37.8938   -83.8459   4761.0   4496.6   4558.2
53817.0  37.8947   -83.8445   4762.0   4497.9   4542.8
53818.0  37.8956   -83.8431   4762.2   4499.2   4544.0
53819.0  37.8964   -83.8416   4762.2   4497.9   4546.7
53820.0  37.8973   -83.8402   4762.2   4498.0   4551.0
53821.0  37.8981   -83.8387   4762.6   4499.1   4542.0
53822.0  37.8990   -83.8373   4763.4   4500.2   4553.4
53823.0  37.8998   -83.8358   4763.4   4499.7   4543.1
53824.0  37.9007   -83.8344   4763.4   4500.5   4523.5
53825.0  37.9016   -83.8329   4763.4   4501.3   4527.3
53826.0  37.9024   -83.8315   4763.8   4502.0   4526.8
53827.0  37.9033   -83.8300   4764.6   4502.3   4524.6
53828.0  37.9041   -83.8286   4764.6   4502.0   4532.4
53829.0  37.9050   -83.8271   4764.6   4502.6   4522.2
53830.0  37.9059   -83.8257   4764.6   4503.1   4510.6
53831.0  37.9067   -83.8242   4764.6   4503.1   4504.0
53832.0  37.9076   -83.8227   4764.6   4502.4   4506.7
53833.0  37.9084   -83.8213   4764.6   4502.8   4526.2
53834.0  37.9093   -83.8198   4764.6   4504.1   4541.7
53835.0  37.9101   -83.8184   4764.6   4502.1   4539.2
53836.0  37.9110   -83.8169   4764.6   4501.7   4535.7
53837.0  37.9119   -83.8154   4763.7   4501.7   4535.3
53838.0  37.9127   -83.8139   4763.4   4500.6   4550.3
53839.0  37.9136   -83.8125   4763.4   4499.8   4555.8
53840.0  37.9144   -83.8110   4763.4   4500.5   4550.1
53841.0  37.9153   -83.8095   4763.4   4499.4   4546.5
53842.0  37.9161   -83.8081   4763.0   4500.2   4553.3
53843.0  37.9170   -83.8066   4762.2   4500.5   4543.8
53844.0  37.9179   -83.8051   4762.2   4500.8   4541.9
53845.0  37.9187   -83.8036   4762.2   4501.4   4549.6
53846.0  37.9196   -83.8021   4762.2   4500.2   4540.1
53847.0  37.9204   -83.8007   4762.2   4499.8   4551.7
53848.0  37.9213   -83.7992   4762.2   4499.4   4541.0
53849.0  37.9221   -83.7977   4762.2   4499.6   4539.9
53850.0  37.9230   -83.7962   4762.2   4499.7   4535.5
53851.0  37.9239   -83.7947   4762.2   4499.4   4523.6
53852.0  37.9247   -83.7932   4762.2   4501.0   4511.6
53853.0  37.9256   -83.7917   4762.2   4500.6   4517.0
53854.0  37.9265   -83.7902   4762.2   4500.1   4530.4
53855.0  37.9273   -83.7887   4762.2   4500.3   4533.4
53856.0  37.9282   -83.7872   4762.2   4500.0   4544.0
53857.0  37.9290   -83.7857   4762.2   4499.1   4533.7
53858.0  37.9299   -83.7842   4762.2   4500.9   4550.9
53859.0  37.9308   -83.7828   4762.2   4501.1   4549.7
53860.0  37.9316   -83.7813   4763.4   4500.3   4554.5
53861.0  37.9325   -83.7798   4763.4   4500.6   4562.7
53862.0  37.9334   -83.7783   4763.4   4501.3   4564.4
53863.0  37.9342   -83.7768   4763.4   4502.2   4565.3
53864.0  37.9351   -83.7753   4763.4   4502.1   4576.4
53865.0  37.9359   -83.7738   4763.4   4501.3   4596.5
53866.0  37.9368   -83.7723   4763.4   4502.3   4615.7
53867.0  37.9377   -83.7708   4763.4   4502.7   4615.4
53868.0  37.9385   -83.7692   4763.4   4502.2   4607.5
53869.0  37.9394   -83.7677   4763.4   4502.2   4585.6
53870.0  37.9403   -83.7662   4763.4   4503.4   4593.1
53871.0  37.9411   -83.7647   4763.4   4504.0   4593.3
53872.0  37.9420   -83.7632   4763.4   4503.2   4590.7
53873.0  37.9429   -83.7617   4763.4   4503.2   4595.3
53874.0  37.9437   -83.7602   4763.4   4502.3   4585.6
53875.0  37.9446   -83.7587   4763.4   4501.8   4578.7
53876.0  37.9455   -83.7572   4763.4   4501.3   4599.6
53877.0  37.9463   -83.7557   4763.4   4500.9   4566.9
53878.0  37.9472   -83.7541   4763.4   4499.8   4556.5
53879.0  37.9481   -83.7526   4763.4   4499.8   4561.4
53880.0  37.9489   -83.7511   4763.4   4500.2   4574.0
53881.0  37.9498   -83.7496   4763.4   4500.3   4588.1
53882.0  37.9507   -83.7481   4763.4   4500.3   4594.9
53883.0  37.9515   -83.7465   4763.4   4501.3   4594.6
53884.0  37.9524   -83.7450   4763.4   4501.5   4592.3
