flight/WP3D/AircraftMis_NP3_20130626_RA.ict
41  1001
Ken Aikin
NOAA ESRL Chemical Sciences Division
various aircraft sensors
SENEX 2013
1  1
2013  06  26  2013  06  26
1
AOCTimewave
8
1  1  1  1  1  1  1  1
-9999  -9999  -9999  -9999  -9999  -9999  -9999  -9999
Attack  deg
CabinPrs  mbar
GndSpd  m/s
Heading  deg
Pitch  deg
Roll  deg
Slip  deg
TrueAirSpd  m/s
1
SPECIAL COMMENTS:Fayetteville shale flight.
18
PI_CONTACT_INFO: Address: NOAA ESRL Chemical Sciences Division  Mail Stop R/CSD7  325 Broadway  Boulder  CO 80305
PLATFORM: NOAA WP-3D
LOCATION: The aircraft was stationed in  Smyrna  Tennessee. Aircraft location information in AircraftPosition file.
ASSOCIATED_DATA: N/A
INSTRUMENT_INFO: N/A
DATA_INFO: Units: Attack degrees; CabinPrs millibar; GndSpd m/s; Heading degrees; Pitch degrees; Roll degrees; Slip degrees; TrueAirSpd m/s
UNCERTAINTY: N/A
ULOD_FLAG: -7777
ULOD_VALUE: N/A
LLOD_FLAG: -8888
LLOD_VALUE: N/A
DM_CONTACT_INFO: Data Manager:Ken Aikin; email:Kenneth.C.Aikin@noaa.gov
PROJECT_INFO: SENEX 2013 Study; June 1 - July 15  2013
STIPULATIONS_ON_USE: Use of these data require prior ok from PI.
OTHER_COMMENTS:       None
REVISION: RA
RA: Preliminary Data.  For in-field use.
AOCTimewave  Attack  CabinPrs  GndSpd  Heading  Pitch  Roll  Slip  TrueAirSpd
[from data line 19815]
73683.0  0.2  909.0  134.2  108.2  0.62  0.91  0.12  127.4
73684.0  0.6  909.3  134.2  108.2  0.79  0.53  -0.10  127.9
73685.0  0.7  908.8  134.2  108.3  0.86  -0.22  0.28  128.1
73686.0  0.8  909.3  134.2  108.7  0.97  -0.88  -0.35  127.4
73687.0  0.8  909.4  134.2  108.8  1.08  -0.31  -1.10  128.5
73688.0  0.6  909.1  134.1  107.9  0.83  0.54  -0.24  128.9
73689.0  1.5  908.9  134.1  107.3  1.28  -0.32  0.99  127.9
73690.0  0.8  909.5  134.1  108.1  1.02  -0.85  -0.37  126.8
73691.0  0.3  909.5  134.1  108.3  0.89  -0.41  -1.02  127.8
73692.0  0.2  909.1  134.1  107.3  1.09  -0.02  0.38  128.3
73693.0  0.8  909.8  134.1  107.0  1.45  -0.47  0.67  127.9
73694.0  0.6  909.7  134.1  107.8  1.28  0.62  -0.05  128.4
73695.0  0.6  909.4  134.1  108.2  1.21  2.12  -0.39  128.2
73696.0  1.0  910.0  134.0  108.1  1.31  3.24  -0.46  128.4
73697.0  0.5  909.6  134.0  107.8  0.98  2.32  -0.08  129.0
73698.0  0.4  909.2  134.0  107.7  0.68  -0.34  -0.24  128.9
73699.0  0.2  909.9  134.1  107.5  0.10  -2.50  -0.65  129.1
73700.0  0.6  909.7  134.3  106.9  0.34  -2.81  -0.08  128.8
73701.0  0.1  909.7  134.5  106.6  0.06  -3.21  0.20  129.2
73702.0  0.4  910.1  134.7  106.6  0.18  -4.69  -0.20  128.5
73703.0  1.0  909.8  134.9  106.4  0.77  -5.35  0.10  128.2
73704.0  0.5  910.1  135.0  106.5  0.24  -4.86  -0.30  128.6
73705.0  0.6  910.2  135.3  106.2  0.10  -3.35  -0.29  129.3
73706.0  0.6  911.0  135.4  105.6  -0.29  -2.68  -0.54  131.0
73707.0  1.0  911.0  135.8  104.9  -0.28  -2.81  0.43  129.7
73708.0  0.2  911.2  136.0  105.0  -0.61  -1.84  -1.22  130.3
73709.0  0.0  911.1  136.2  103.9  -0.05  2.27  0.40  131.4
73710.0  0.9  910.9  136.2  103.6  1.20  4.80  1.42  130.1
73711.0  1.2  911.3  136.2  105.2  1.52  5.06  0.66  129.0
73712.0  0.5  911.4  136.1  106.9  0.84  4.66  -1.09  128.5
73713.0  0.2  911.0  136.1  106.8  0.69  1.64  -1.00  128.6
73714.0  0.4  911.3  136.1  105.7  0.85  0.66  0.19  129.3
73715.0  0.8  911.0  136.1  105.5  1.40  1.12  0.74  128.3
73716.0  0.2  910.6  136.1  106.3  0.89  1.16  0.43  129.2
73717.0  0.4  911.6  136.1  107.3  1.05  0.58  -0.98  129.7
73718.0  0.7  911.4  136.1  107.3  1.43  1.06  -1.16  129.1
73719.0  0.6  911.2  136.0  106.3  1.31  0.94  -0.31  129.3
73720.0  0.6  911.9  135.9  105.9  1.30  1.17  0.77  130.0
73721.0  0.4  912.0  135.9  106.8  1.08  0.67  0.07  130.0
73722.0  0.5  912.6  135.9  107.7  1.20  1.17  -0.74  130.1
73723.0  0.7  912.5  135.8  107.6  1.50  1.93  -0.49  129.7
73724.0  0.8  912.1  135.7  107.4  1.63  1.21  -0.33  129.9
73725.0  0.5  912.8  135.6  107.4  1.39  0.35  -0.15  129.8
73726.0  0.4  912.5  135.5  107.6  1.32  -0.85  -0.27  128.8
73727.0  0.1  912.3  135.5  107.6  1.12  -0.34  -0.37  129.3
73728.0  1.1  912.6  135.5  107.5  1.72  1.11  -0.59  129.6
73729.0  0.7  912.7  135.3  107.2  1.53  2.27  -0.49  129.6
73730.0  0.4  912.4  135.3  106.8  0.93  0.94  0.58  129.9
73731.0  0.4  912.5  135.3  107.7  0.73  0.29  0.35  130.1
73732.0  0.3  912.9  135.3  108.8  0.41  0.64  -1.03  131.4
73733.0  -0.2  912.8  135.4  108.4  0.15  1.01  -0.87  130.5
73734.0  0.4  913.0  135.5  107.5  0.32  0.52  0.08  130.1
73735.0  0.7  912.6  135.6  107.5  0.32  -0.31  -0.07  130.9
73736.0  0.7  912.9  135.7  108.0  0.05  -0.42  -0.58  130.6
73737.0  0.9  912.7  135.9  107.9  -0.33  0.33  -0.48  130.5
73738.0  0.4  913.3  136.2  107.8  -1.03  0.28  -0.18  130.6
73739.0  0.3  913.6  136.5  108.0  -0.92  -0.97  -0.72  130.7
73740.0  0.4  913.6  136.8  107.8  -0.62  -0.61  -0.24  130.6
73741.0  0.1  913.4  137.0  107.7  -0.33  0.28  0.12  130.4
73742.0  0.6  913.6  137.2  108.1  0.08  -0.24  -0.20  129.6
73743.0  0.3  913.8  137.3  108.5  -0.15  -0.38  -0.62  130.4
73744.0  0.6  913.5  137.5  108.4  0.05  -0.97  -0.63  131.0
73745.0  0.5  913.6  137.6  108.1  0.05  -2.02  -0.54  131.2
73746.0  0.6  914.1  137.8  107.8  0.59  -3.08  -0.43  131.2
73747.0  0.5  913.7  137.8  107.6  0.62  -3.65  -0.65  131.0
73748.0  0.5  914.5  137.9  107.1  0.71  -2.45  -0.63  132.0
73749.0  0.5  914.1  137.9  106.5  0.82  -0.52  -0.15  132.3
73750.0  0.6  914.3  137.9  106.4  1.09  0.14  0.24  131.6
73751.0  0.6  914.5  137.8  106.9  1.41  0.24  -0.09  131.1
73752.0  0.8  914.4  137.7  107.5  1.38  1.51  -0.48  130.6
73753.0  0.3  914.4  137.6  107.5  1.05  2.02  -0.29  130.4
73754.0  0.5  914.3  137.6  107.6  0.86  2.13  -0.33  130.2
73755.0  0.3  914.4  137.6  107.7  0.66  2.68  -0.20  130.0
73756.0  0.4  914.2  137.6  107.8  0.68  3.45  -0.32  130.6
73757.0  0.6  914.5  137.5  108.1  1.15  1.99  -0.25  130.6
73758.0  0.3  914.0  137.5  108.4  0.88  1.12  -0.20  131.5
73759.0  0.9  914.7  137.4  108.8  1.35  1.10  -0.40  132.1
73760.0  0.5  914.8  137.3  109.0  1.46  -0.01  -0.66  134.0
73761.0  0.6  914.2  137.1  108.8  1.58  0.01  -0.51  133.3
73762.0  0.7  914.8  136.9  108.3  1.79  -0.59  -0.24  133.0
73763.0  0.2  914.6  136.7  108.3  1.33  -1.35  -0.11  132.7
73764.0  -0.2  914.5  136.7  108.5  0.97  0.83  -0.45  131.8
73765.0  0.8  914.5  136.5  108.6  1.90  3.76  0.11  130.7
73766.0  0.5  914.9  136.3  109.0  1.45  3.57  0.25  130.7
73767.0  0.0  914.5  136.2  110.0  0.50  2.36  -0.67  131.0
73768.0  -0.1  914.5  136.3  110.1  -0.97  -0.14  -1.19  131.3
73769.0  -0.3  915.5  136.6  109.2  -1.85  -3.02  -0.60  132.4
73770.0  0.2  915.1  136.9  108.4  -1.60  -2.14  -0.12  133.0
73771.0  0.2  915.1  137.3  108.1  -1.73  -1.64  -0.17  132.7
73772.0  -0.4  915.6  137.7  108.2  -2.31  -1.30  -0.18  131.8
73773.0  0.5  916.0  138.0  108.3  -1.21  -0.29  0.14  131.7
73774.0  0.7  915.6  138.1  108.9  -0.59  1.00  -0.66  132.9
73775.0  0.5  916.4  138.1  108.9  -0.77  2.12  -0.37  132.3
73776.0  1.1  916.4  138.1  109.0  -0.14  2.58  0.05  131.6
73777.0  1.1  916.9  138.1  109.6  -0.18  2.39  -1.17  132.7
73778.0  0.8  916.6  138.0  109.3  0.21  1.00  -0.76  132.6
73779.0  0.1  916.9  137.9  108.9  -0.14  -2.27  0.02  131.8
73780.0  0.2  916.7  137.9  109.2  0.02  -3.17  -0.17  131.3
73781.0  1.0  916.6  137.8  109.5  0.93  -1.84  -0.67  130.6
73782.0  0.7  916.4  137.6  109.4  1.04  -0.12  -0.16  129.4
73783.0  0.4  916.9  137.4  109.5  0.71  0.89  -0.05  129.1
73784.0  0.4  916.9  137.2  109.9  0.62  1.78  -0.45  129.1
73785.0  0.6  917.0  137.1  110.1  0.52  2.89  -0.40  128.5
73786.0  0.8  917.3  136.9  110.2  0.76  2.84  -0.33  129.0
73787.0  1.0  916.8  136.6  110.5  1.39  6.75  -0.49  128.9
73788.0  0.6  917.6  136.3  110.4  0.95  13.12  0.39  128.2
73789.0  0.7  917.7  136.0  111.2  0.80  16.19  0.62  128.8
73790.0  0.5  917.6  135.5  113.1  1.06  16.61  -0.17  129.7
73791.0  0.8  917.8  134.7  114.8  1.16  17.66  -1.03  129.3
73792.0  0.7  918.3  133.9  115.5  1.22  19.32  0.33  129.1
73793.0  1.0  917.9  133.0  117.2  1.69  20.06  0.23  128.6
73794.0  1.1  918.0  132.0  119.3  1.61  20.86  -0.65  128.1
73795.0  1.2  917.8  131.0  120.9  1.84  21.10  -0.38  127.2
73796.0  1.1  917.7  130.1  122.4  2.01  20.41  0.27  126.2
73797.0  1.4  917.8  129.1  124.6  2.34  20.19  0.32  123.6
73798.0  0.4  918.3  128.1  126.6  1.19  19.63  -0.08  122.8
73799.0  1.3  917.6  127.3  128.7  1.40  18.11  -0.53  123.6
73800.0  1.3  918.0  126.3  130.3  0.94  17.64  -1.23  124.4
73801.0  1.2  918.2  125.6  130.7  0.65  13.97  -0.38  124.7
73802.0  1.3  918.4  124.9  131.5  0.78  10.68  -0.56  122.4
73803.0  1.1  918.6  124.4  132.0  0.04  9.81  0.08  122.0
73804.0  0.7  918.6  123.8  133.1  -0.23  9.91  -0.23  122.3
73805.0  1.2  918.3  123.4  134.4  0.06  9.94  -0.60  122.0
73806.0  1.7  918.8  122.8  135.5  0.96  9.15  -0.94  121.3
73807.0  1.4  918.7  122.1  135.8  0.96  7.63  -0.51  120.0
73808.0  0.5  919.2  121.6  136.2  0.44  6.71  -0.19  118.9
73809.0  1.6  919.1  121.1  137.2  1.24  6.80  -0.52  118.0
73810.0  0.9  919.1  120.7  137.9  0.62  1.14  -1.25  117.3
73811.0  1.0  918.9  120.4  138.1  0.40  0.18  -1.28  116.7
73812.0  1.2  919.3  120.2  137.5  0.22  1.51  -0.33  116.2
73813.0  1.8  919.2  120.2  137.6  0.89  1.64  0.02  116.4
73814.0  1.7  919.5  120.2  138.2  1.01  1.97  -0.55  116.6
73815.0  1.7  919.6  120.1  138.8  1.42  1.91  -0.90  116.6
73816.0  1.7  920.1  120.0  138.8  1.77  1.51  -0.96  116.2
73817.0  1.7  920.3  119.8  138.7  2.11  0.79  -0.55  116.2
73818.0  1.9  920.3  119.6  138.7  2.90  0.64  -0.21  116.2
73819.0  1.7  920.6  119.3  139.1  2.72  1.06  -0.28  117.4
73820.0  1.1  920.3  119.0  139.6  2.23  1.46  0.03  117.2
73821.0  1.3  920.6  118.9  140.3  2.09  1.92  -0.23  117.1
73822.0  1.2  920.9  118.7  141.0  2.11  2.38  -0.20  117.1
73823.0  1.2  920.2  118.5  141.7  1.93  2.27  -1.10  117.0
73824.0  0.8  920.7  118.3  141.6  1.64  0.90  -1.77  117.5
73825.0  1.4  920.1  118.1  140.4  2.29  0.61  -0.69  118.0
73826.0  1.3  920.0  118.0  139.7  1.96  -0.75  -0.12  117.2
73827.0  1.2  920.3  117.9  139.7  1.78  -2.74  -0.31  116.2
73828.0  1.2  920.6  117.9  140.0  1.52  -2.58  -0.94  115.9
73829.0  0.9  920.7  117.9  139.7  0.89  -1.58  -0.70  117.1
73830.0  1.4  920.9  118.0  139.2  1.18  -1.32  0.10  117.2
73831.0  1.4  921.2  118.0  139.5  1.65  -1.71  -0.39  117.4
73832.0  1.7  920.9  118.0  139.8  2.10  -1.69  -0.55  117.0
73833.0  1.5  921.4  117.8  139.9  2.31  -1.20  -0.88  117.2
73834.0  0.8  921.5  117.8  139.7  1.53  -1.08  -1.07  118.1
73835.0  1.7  921.4  117.7  139.0  2.15  -1.07  -0.57  117.7
73836.0  1.6  921.4  117.6  138.6  1.84  -1.29  0.36  117.2
73837.0  1.3  921.4  117.6  139.2  1.34  -1.24  -0.49  117.3
73838.0  1.2  921.3  117.6  139.6  1.15  0.06  -0.68  117.6
73839.0  1.5  921.6  117.6  139.6  1.66  -0.46  -0.49  117.3
73840.0  1.0  921.9  117.6  139.7  1.10  -0.51  -0.40  117.4
73841.0  0.9  921.7  117.7  139.9  0.68  0.15  -0.43  117.9
73842.0  1.4  921.4  117.7  140.2  1.07  0.92  -0.48  118.0
73843.0  1.3  921.9  117.7  140.3  1.20  0.94  -0.52  117.8
73844.0  1.2  921.8  117.8  140.5  1.05  0.94  -0.77  117.5
73845.0  1.1  921.9  117.8  140.5  1.28  0.59  -0.64  117.8
73846.0  1.3  921.9  117.7  140.5  1.73  0.07  -0.66  117.7
73847.0  1.3  922.0  117.6  140.5  1.96  0.81  -0.84  117.7
73848.0  1.5  921.9  117.5  140.3  2.17  2.00  -0.57  117.2
73849.0  1.5  922.0  117.3  140.1  2.51  2.13  -0.30  117.0
73850.0  1.6  922.3  117.1  140.4  2.49  1.54  -0.25  116.9
73851.0  1.1  922.2  116.9  140.9  2.23  1.39  -0.04  117.1
73852.0  1.3  922.2  116.8  141.6  2.26  1.15  -0.56  116.3
73853.0  1.1  922.3  116.6  142.0  2.42  0.47  -0.36  115.9
73854.0  1.5  921.9  116.5  142.3  2.55  0.06  -0.82  115.9
73855.0  1.3  922.4  116.3  142.3  2.61  1.00  -1.00  116.3
73856.0  1.0  922.3  116.1  141.9  1.94  0.35  -0.56  115.8
73857.0  1.1  922.4  116.1  141.6  1.74  -2.07  -0.51  116.9
73858.0  1.0  922.2  116.0  141.6  1.92  -2.78  -1.09  116.2
73859.0  1.3  922.5  116.0  141.1  1.83  -2.27  -0.88  116.6
73860.0  1.2  922.5  116.0  140.4  1.23  -1.92  -0.47  116.2
73861.0  0.9  922.5  116.1  140.2  0.60  -2.38  -0.26  116.8
73862.0  1.4  922.6  116.3  140.2  0.89  -2.65  -0.26  116.3
73863.0  1.7  922.8  116.4  140.4  1.22  -1.66  -0.85  116.2
73864.0  1.2  923.0  116.5  140.3  0.53  -0.22  -0.86  115.8
73865.0  1.3  923.3  116.7  139.8  0.31  -0.70  0.16  116.1
73866.0  1.2  923.1  116.9  140.1  0.47  -1.45  -0.79  117.2
73867.0  1.3  923.2  117.1  140.2  0.37  -0.71  -0.95  117.2
73868.0  1.3  923.3  117.3  139.7  0.36  -1.49  -0.51  117.0
73869.0  1.3  923.7  117.5  139.6  0.27  -1.73  -0.68  117.0
73870.0  1.7  923.5  117.7  139.4  0.28  -0.20  -0.65  117.1
73871.0  1.0  924.0  117.9  139.3  -0.34  0.14  -0.05  116.9
73872.0  0.7  924.0  118.2  139.6  -0.97  -0.43  -0.22  117.6
73873.0  0.8  924.0  118.6  140.0  -1.33  -1.01  -1.04  118.1
73874.0  0.9  923.7  118.9  139.7  -1.61  -1.56  -0.93  118.1
73875.0  1.4  924.3  119.0  139.2  -1.73  -1.58  -0.77  118.2
73876.0  0.9  924.1  119.2  138.9  -2.28  -0.62  -0.09  119.2
73877.0  1.5  924.6  119.4  139.2  -1.84  -0.22  -0.16  118.8
73878.0  1.2  924.6  119.5  139.9  -1.41  0.15  -0.67  120.0
73879.0  1.8  925.1  119.5  140.4  -0.43  0.60  -1.08  120.8
73880.0  0.8  925.3  119.4  140.3  -0.56  -0.03  -0.96  120.3
73881.0  1.1  925.4  119.2  140.0  -0.65  -1.87  -0.65  120.2
73882.0  1.1  925.5  119.1  140.0  -0.67  -2.36  -0.51  120.0
73883.0  1.2  925.7  119.1  140.2  -0.72  -1.60  -0.85  119.5
73884.0  0.9  925.7  119.0  140.2  -0.92  -0.40  -0.74  119.1
73885.0  1.1  925.7  118.9  140.1  -0.89  -1.78  -0.68  118.0
73886.0  1.3  926.3  118.8  140.1  -0.48  -3.38  -0.91  118.1
73887.0  1.2  926.3  118.8  140.0  -0.93  -4.02  -0.70  117.8
73888.0  1.8  926.3  118.9  139.9  -1.26  -4.91  -0.43  117.5
73889.0  0.8  926.2  119.1  140.0  -1.50  -5.01  -1.14  117.2
73890.0  1.9  927.0  119.1  139.5  -0.61  -2.89  -0.76  117.9
73891.0  1.4  926.9  119.2  139.2  -0.79  -1.23  0.00  118.2
73892.0  1.0  927.3  119.2  139.6  -0.94  -0.64  -0.41  118.8
73893.0  1.3  927.8  119.1  140.2  -0.50  -0.69  -0.96  120.0
73894.0  1.8  927.5  118.9  140.3  0.42  -0.43  -1.36  120.3
73895.0  1.6  927.8  118.7  139.8  0.50  0.16  -1.16  119.6
73896.0  1.0  927.7  118.5  139.2  -0.26  0.30  -0.22  119.3
73897.0  0.6  928.0  118.3  139.4  -0.98  -0.87  -0.50  119.8
73898.0  1.3  928.4  118.2  139.7  -0.39  -1.78  -1.12  119.2
73899.0  1.2  928.5  118.1  139.5  -0.18  -2.64  -0.82  118.9
73900.0  1.2  928.5  118.0  139.3  -0.29  -3.31  -0.82  118.3
73901.0  1.6  928.2  118.0  139.2  0.18  -3.08  -0.83  117.8
73902.0  1.4  928.6  117.9  138.8  -0.13  -3.50  -0.60  118.0
73903.0  1.8  928.7  117.8  138.7  0.49  -3.33  -0.63  117.8
73904.0  1.1  928.9  117.6  138.6  0.06  -3.36  -0.84  117.8
73905.0  1.2  929.3  117.5  138.3  -0.32  -3.90  -1.05  117.4
73906.0  1.9  929.0  117.5  137.7  0.20  -2.45  -0.56  116.9
73907.0  1.1  929.7  117.4  137.4  -0.31  -1.76  -0.16  116.3
73908.0  1.2  929.2  117.4  137.8  0.03  -2.19  -0.33  116.1
73909.0  2.1  930.5  117.3  138.3  0.92  -1.79  -0.79  116.5
73910.0  1.5  930.0  117.1  138.7  1.15  -1.15  -1.15  116.6
73911.0  1.9  930.0  116.9  138.2  1.95  -0.46  -1.31  116.1
73912.0  1.5  930.2  116.7  137.3  2.10  -0.46  -0.37  116.1
73913.0  1.1  930.4  116.7  137.0  1.58  -1.32  -0.04  116.9
73914.0  1.1  930.4  116.6  137.3  1.45  -1.80  -0.46  117.0
73915.0  1.1  930.7  116.7  137.5  1.39  -1.65  -0.64  116.6
73916.0  1.4  930.3  116.7  137.5  1.33  -1.28  -0.71  116.8
73917.0  1.1  930.6  116.7  137.4  1.01  2.88  -0.18  117.0
73918.0  1.2  930.6  116.6  137.6  1.27  9.27  0.29  117.2
73919.0  1.4  930.7  116.5  138.5  1.70  13.85  0.61  117.2
73920.0  1.7  930.7  116.2  140.4  2.32  15.76  0.14  116.8
73921.0  1.8  930.8  115.7  142.4  2.65  15.81  -0.32  117.1
73922.0  1.4  931.1  115.2  144.1  2.45  16.59  -0.53  116.5
73923.0  1.3  931.0  114.7  145.3  2.27  18.28  -0.30  116.4
73924.0  1.1  930.7  114.3  146.5  2.06  19.42  -0.67  116.1
73925.0  1.8  930.9  113.9  147.6  2.38  19.45  0.18  115.5
73926.0  1.7  930.7  113.5  149.3  2.27  20.16  0.76  114.9
73927.0  1.2  930.8  113.2  151.6  1.69  21.11  0.31  115.3
73928.0  1.9  931.2  112.8  154.3  1.88  20.33  -0.67  116.2
73929.0  1.4  931.0  112.4  156.2  1.36  16.84  -1.24  116.2
73930.0  1.4  931.3  112.3  156.8  0.75  10.25  -1.30  115.8
73931.0  1.1  931.2  112.3  157.1  0.52  1.00  -2.28  115.5
73932.0  0.8  931.6  112.5  155.9  0.00  -0.28  -0.28  115.0
73933.0  1.1  931.1  112.8  155.0  -0.16  -0.70  1.07  114.3
73934.0  1.3  931.5  113.1  156.0  -0.67  0.10  -0.18  115.5
73935.0  0.8  931.3  113.5  157.2  -1.11  0.27  -1.40  115.6
73936.0  1.6  931.8  113.9  157.0  -0.29  0.23  -0.62  117.4
73937.0  2.0  932.2  114.1  156.8  0.59  -0.08  -0.23  117.3
73938.0  1.2  932.2  114.3  157.2  0.15  -0.25  -0.95  117.6
73939.0  1.2  932.3  114.6  157.0  0.17  -1.56  -0.64  118.0
73940.0  1.5  932.6  114.8  156.9  0.89  -1.41  -0.36  118.3
73941.0  1.5  932.8  114.8  157.1  1.54  -1.31  -0.76  118.1
73942.0  0.9  932.7  114.8  157.2  1.54  -1.70  -0.88  117.8
73943.0  1.5  933.0  114.8  156.8  1.56  -1.47  -1.05  117.8
73944.0  1.1  933.0  114.8  156.3  1.59  -1.04  -0.37  118.8
73945.0  1.1  932.9  114.7  156.1  1.84  0.17  -0.01  118.0
