flight/WP3D/AircraftPos_NP3_20130702_RA.ict
38  1001
Ken Aikin
NOAA ESRL Chemical Sciences Division
various aircraft sensors
SENEX 2013
1  1
2013  07  02  2013  07  02
1
AOCTimewave
5
1  1  1  1  1 
-9999  -9999  -9999  -9999  -9999
GpsLat  deg
GpsLon  deg
GpsAlt  m
PAlt  m
RAlt  m
1
SPECIAL COMMENTS:Birmingham PP night flight.
18
PI_CONTACT_INFO: Address: NOAA ESRL Chemical Sciences Division  Mail Stop R/CSD7  325 Broadway  Boulder  CO 80305
PLATFORM: NOAA WP-3D
LOCATION: The aircraft was stationed in Smyrna  Tennessee. Aircraft location information in AircraftPosition file.
ASSOCIATED_DATA: N/A
INSTRUMENT_INFO: N/A
DATA_INFO: Units:GpsLat:decimal degrees; GpsLon: decimal degrees; GpsAlt: meters; PAlt:meters; RAlt: meters.
UNCERTAINTY: N/A
ULOD_FLAG: -7777
ULOD_VALUE: N/A
LLOD_FLAG: -8888
LLOD_VALUE: N/A
DM_CONTACT_INFO: Data Manager:Ken Aikin; email:Kenneth.C.Aikin@noaa.gov
PROJECT_INFO: SENEX 2013 Study; June 1 - July 15  2013
STIPULATIONS_ON_USE: Use of these data require prior ok from PI.
OTHER_COMMENTS:       None
REVISION: RA
RA: Preliminary Data.  For in-field use.
AOCTimewave  GpsLat  GpsLon  GpsAlt  PAlt  RAlt
[from data line 2328]
 6446.0  33.5452   -87.3235   1803.2   1719.3   1672.7
 6447.0  33.5443   -87.3241   1806.9   1723.5   1671.3
 6448.0  33.5433   -87.3246   1810.5   1725.4   1677.2
 6449.0  33.5423   -87.3252   1813.6   1728.8   1688.3
 6450.0  33.5413   -87.3258   1816.6   1733.3   1697.1
 6451.0  33.5403   -87.3264   1819.8   1736.4   1704.6
 6452.0  33.5393   -87.3270   1823.1   1740.2   1716.5
 6453.0  33.5383   -87.3275   1826.4   1743.1   1717.7
 6454.0  33.5374   -87.3281   1829.8   1745.6   1720.3
 6455.0  33.5364   -87.3287   1833.6   1748.6   1728.1
 6456.0  33.5354   -87.3293   1837.9   1752.3   1728.3
 6457.0  33.5344   -87.3299   1842.6   1756.4   1722.9
 6458.0  33.5334   -87.3306   1847.9   1760.5   1719.0
 6459.0  33.5324   -87.3312   1853.7   1767.6   1722.7
 6460.0  33.5314   -87.3318   1859.6   1772.3   1735.2
 6461.0  33.5305   -87.3324   1865.5   1777.0   1738.4
 6462.0  33.5295   -87.3330   1871.6   1783.4   1724.7
 6463.0  33.5285   -87.3336   1877.5   1788.8   1726.5
 6464.0  33.5275   -87.3342   1883.4   1794.6   1743.4
 6465.0  33.5265   -87.3348   1889.7   1800.4   1756.9
 6466.0  33.5256   -87.3354   1895.9   1807.4   1748.7
 6467.0  33.5246   -87.3360   1902.0   1814.1   1769.5
 6468.0  33.5236   -87.3366   1908.2   1820.1   1783.9
 6469.0  33.5226   -87.3372   1914.2   1825.2   1780.4
 6470.0  33.5216   -87.3379   1920.2   1831.5   1790.3
 6471.0  33.5207   -87.3385   1926.3   1836.7   1805.7
 6472.0  33.5197   -87.3391   1932.2   1842.7   1810.6
 6473.0  33.5187   -87.3397   1938.2   1848.6   1818.7
 6474.0  33.5177   -87.3403   1943.8   1854.5   1813.5
 6475.0  33.5168   -87.3409   1949.2   1859.5   1825.7
 6476.0  33.5158   -87.3415   1955.0   1863.3   1836.8
 6477.0  33.5148   -87.3422   1961.2   1869.3   1835.0
 6478.0  33.5138   -87.3428   1967.5   1876.7   1843.2
 6479.0  33.5129   -87.3434   1972.8   1882.9   1860.1
 6480.0  33.5119   -87.3440   1976.8   1886.7   1853.2
 6481.0  33.5109   -87.3446   1979.1   1889.1   1864.0
 6482.0  33.5099   -87.3453   1980.2   1891.1   1874.9
 6483.0  33.5090   -87.3459   1981.2   1891.8   1859.2
 6484.0  33.5080   -87.3465   1981.2   1890.6   1863.2
 6485.0  33.5070   -87.3471   1981.2   1891.3   1855.1
 6486.0  33.5061   -87.3478   1981.2   1891.6   1870.0
 6487.0  33.5051   -87.3484   1981.5   1890.8   1863.7
 6488.0  33.5041   -87.3490   1981.9   1889.7   1865.3
 6489.0  33.5032   -87.3496   1981.2   1888.2   1855.8
 6490.0  33.5022   -87.3503   1981.2   1888.0   1859.0
 6491.0  33.5013   -87.3509   1981.2   1888.8   1853.8
 6492.0  33.5003   -87.3515   1981.2   1888.3   1858.4
 6493.0  33.4994   -87.3521   1980.7   1888.7   1863.0
 6494.0  33.4984   -87.3527   1980.0   1888.9   1868.5
 6495.0  33.4975   -87.3534   1979.4   1888.7   1873.5
 6496.0  33.4965   -87.3540   1977.5   1889.2   1884.1
 6497.0  33.4956   -87.3546   1977.5   1889.7   1881.7
 6498.0  33.4947   -87.3552   1977.5   1887.4   1885.6
 6499.0  33.4938   -87.3559   1977.8   1888.5   1882.8
 6500.0  33.4928   -87.3565   1978.7   1890.2   1888.8
 6501.0  33.4919   -87.3571   1976.9   1889.3   1883.8
 6502.0  33.4910   -87.3577   1974.0   1885.0   1883.8
 6503.0  33.4901   -87.3583   1971.0   1881.1   1870.6
 6504.0  33.4892   -87.3589   1968.3   1879.0   1875.7
 6505.0  33.4883   -87.3596   1964.8   1874.0   1874.1
 6506.0  33.4874   -87.3602   1961.3   1868.8   1876.4
 6507.0  33.4865   -87.3608   1958.3   1866.0   1901.8
 6508.0  33.4855   -87.3614   1955.6   1862.3   1884.5
 6509.0  33.4846   -87.3620   1952.5   1858.6   1883.3
 6510.0  33.4837   -87.3626   1949.5   1857.0   1876.6
 6511.0  33.4828   -87.3632   1946.8   1854.9   1869.8
 6512.0  33.4819   -87.3639   1944.4   1851.8   1871.3
 6513.0  33.4810   -87.3645   1941.5   1850.1   1859.1
 6514.0  33.4801   -87.3651   1938.6   1848.5   1839.4
 6515.0  33.4793   -87.3657   1935.5   1845.9   1840.5
 6516.0  33.4784   -87.3663   1932.2   1842.4   1837.2
 6517.0  33.4775   -87.3669   1928.4   1838.7   1821.8
 6518.0  33.4766   -87.3675   1924.5   1833.6   1821.7
 6519.0  33.4757   -87.3682   1920.7   1829.6   1804.1
 6520.0  33.4748   -87.3688   1916.9   1825.8   1809.8
 6521.0  33.4739   -87.3694   1912.9   1821.7   1804.9
 6522.0  33.4731   -87.3700   1908.7   1817.0   1793.1
 6523.0  33.4722   -87.3706   1904.3   1812.5   1787.4
 6524.0  33.4713   -87.3713   1900.0   1809.3   1786.3
 6525.0  33.4704   -87.3719   1895.2   1803.9   1788.9
 6526.0  33.4696   -87.3725   1890.5   1801.0   1790.3
 6527.0  33.4687   -87.3731   1886.1   1796.8   1791.2
 6528.0  33.4678   -87.3738   1881.7   1795.0   1783.1
 6529.0  33.4669   -87.3744   1876.7   1790.0   1787.0
 6530.0  33.4661   -87.3750   1871.4   1783.8   1780.8
 6531.0  33.4652   -87.3757   1865.7   1778.0   1770.1
 6532.0  33.4643   -87.3763   1859.9   1771.1   1767.6
 6533.0  33.4634   -87.3769   1853.8   1765.0   1762.8
 6534.0  33.4626   -87.3776   1847.5   1761.3   1740.1
 6535.0  33.4617   -87.3782   1840.5   1756.7   1724.6
 6536.0  33.4608   -87.3788   1833.0   1748.9   1720.8
 6537.0  33.4599   -87.3795   1824.2   1740.2   1706.8
 6538.0  33.4591   -87.3801   1814.6   1730.5   1698.7
 6539.0  33.4582   -87.3808   1804.8   1720.6   1692.3
 6540.0  33.4573   -87.3814   1795.0   1711.2   1680.0
 6541.0  33.4564   -87.3821   1784.7   1700.9   1657.4
 6542.0  33.4555   -87.3827   1774.1   1688.7   1649.5
 6543.0  33.4546   -87.3834   1764.0   1677.6   1644.3
 6544.0  33.4537   -87.3841   1755.3   1670.7   1625.3
 6545.0  33.4529   -87.3847   1746.5   1663.5   1629.8
 6546.0  33.4520   -87.3854   1737.8   1655.2   1624.0
 6547.0  33.4511   -87.3861   1729.6   1646.3   1623.9
 6548.0  33.4502   -87.3868   1722.3   1639.1   1617.3
 6549.0  33.4493   -87.3874   1714.9   1632.1   1618.6
 6550.0  33.4484   -87.3881   1707.8   1625.9   1626.5
 6551.0  33.4475   -87.3888   1700.9   1618.4   1620.9
 6552.0  33.4466   -87.3895   1693.8   1611.2   1614.2
 6553.0  33.4457   -87.3902   1686.8   1604.7   1616.5
 6554.0  33.4448   -87.3909   1679.6   1598.8   1615.6
 6555.0  33.4439   -87.3916   1672.4   1591.5   1616.7
 6556.0  33.4430   -87.3923   1665.2   1583.7   1609.5
 6557.0  33.4421   -87.3930   1657.6   1578.1   1611.8
 6558.0  33.4412   -87.3937   1649.4   1570.5   1607.7
 6559.0  33.4403   -87.3944   1640.7   1561.6   1597.2
 6560.0  33.4394   -87.3951   1631.7   1552.2   1576.2
 6561.0  33.4385   -87.3958   1622.3   1545.2   1562.8
 6562.0  33.4376   -87.3966   1612.8   1535.4   1534.2
 6563.0  33.4367   -87.3973   1603.5   1526.3   1503.7
 6564.0  33.4358   -87.3980   1594.7   1517.3   1480.1
 6565.0  33.4349   -87.3987   1585.6   1508.1   1464.1
 6566.0  33.4340   -87.3995   1576.9   1499.8   1443.1
 6567.0  33.4331   -87.4002   1568.7   1491.8   1444.7
 6568.0  33.4322   -87.4009   1560.6   1482.9   1433.7
 6569.0  33.4313   -87.4017   1552.6   1475.1   1415.0
 6570.0  33.4304   -87.4024   1544.8   1468.9   1408.5
 6571.0  33.4295   -87.4032   1536.9   1461.4   1381.1
 6572.0  33.4286   -87.4039   1529.1   1453.5   1380.7
 6573.0  33.4277   -87.4046   1521.4   1447.8   1376.4
 6574.0  33.4267   -87.4054   1513.6   1440.4   1376.9
 6575.0  33.4258   -87.4061   1506.2   1433.5   1374.2
 6576.0  33.4249   -87.4069   1498.8   1426.8   1344.5
 6577.0  33.4240   -87.4076   1491.0   1419.5   1348.6
 6578.0  33.4231   -87.4084   1482.9   1410.2   1332.7
 6579.0  33.4222   -87.4091   1474.9   1401.9   1340.8
 6580.0  33.4213   -87.4099   1467.0   1394.6   1327.5
 6581.0  33.4203   -87.4106   1459.6   1388.1   1324.7
 6582.0  33.4194   -87.4114   1452.3   1380.9   1317.9
 6583.0  33.4185   -87.4121   1445.3   1373.8   1310.4
 6584.0  33.4176   -87.4129   1438.4   1365.7   1308.1
 6585.0  33.4167   -87.4136   1431.9   1359.7   1314.7
 6586.0  33.4158   -87.4144   1425.4   1353.6   1305.7
 6587.0  33.4149   -87.4151   1418.8   1347.9   1306.1
 6588.0  33.4140   -87.4159   1412.3   1342.3   1301.8
 6589.0  33.4131   -87.4166   1405.7   1336.1   1298.9
 6590.0  33.4122   -87.4174   1399.0   1330.4   1281.0
 6591.0  33.4113   -87.4182   1392.3   1323.0   1282.7
 6592.0  33.4104   -87.4189   1385.4   1316.8   1287.6
 6593.0  33.4095   -87.4197   1377.9   1308.5   1286.4
 6594.0  33.4085   -87.4204   1369.3   1299.5   1283.7
 6595.0  33.4076   -87.4212   1359.6   1292.3   1276.6
 6596.0  33.4067   -87.4220   1349.3   1281.0   1266.7
 6597.0  33.4058   -87.4227   1338.7   1272.0   1253.8
 6598.0  33.4049   -87.4235   1328.2   1262.4   1242.9
 6599.0  33.4040   -87.4243   1317.9   1252.4   1222.4
 6600.0  33.4031   -87.4250   1307.8   1243.1   1206.5
 6601.0  33.4022   -87.4258   1297.6   1233.3   1175.3
 6602.0  33.4013   -87.4266   1287.4   1224.7   1164.8
 6603.0  33.4004   -87.4274   1277.2   1214.5   1153.4
 6604.0  33.3995   -87.4282   1267.5   1204.1   1146.1
 6605.0  33.3986   -87.4289   1257.3   1193.8   1129.8
 6606.0  33.3977   -87.4297   1247.3   1184.2   1121.7
 6607.0  33.3968   -87.4305   1237.7   1175.4   1110.1
 6608.0  33.3959   -87.4313   1228.3   1164.4   1092.4
 6609.0  33.3950   -87.4321   1219.1   1157.3   1077.1
 6610.0  33.3940   -87.4329   1210.0   1148.4   1076.7
 6611.0  33.3931   -87.4337   1201.1   1137.9   1059.4
 6612.0  33.3922   -87.4344   1193.0   1130.0   1030.8
 6613.0  33.3913   -87.4352   1184.8   1123.2   1028.4
 6614.0  33.3904   -87.4360   1177.0   1115.6   1023.2
 6615.0  33.3895   -87.4368   1169.8   1106.7   1007.3
 6616.0  33.3886   -87.4376   1163.1   1099.7   1001.4
 6617.0  33.3877   -87.4384   1156.6   1094.2    993.2
 6618.0  33.3868   -87.4392   1150.2   1087.1    983.5
 6619.0  33.3859   -87.4399   1144.0   1083.3    976.9
 6620.0  33.3850   -87.4407   1137.6   1078.3    970.1
 6621.0  33.3842   -87.4415   1131.2   1072.0    968.8
 6622.0  33.3833   -87.4423   1124.7   1065.4    962.8
 6623.0  33.3824   -87.4431   1118.0   1060.2    964.5
 6624.0  33.3815   -87.4440   1111.0   1053.0    963.1
 6625.0  33.3807   -87.4448   1104.2   1044.9    961.8
 6626.0  33.3798   -87.4456   1097.6   1038.2    954.1
 6627.0  33.3790   -87.4464   1090.8   1030.7    940.2
 6628.0  33.3781   -87.4472   1083.8   1025.1    934.8
 6629.0  33.3773   -87.4480   1076.6   1019.8    928.9
 6630.0  33.3764   -87.4488   1068.9   1012.9    910.9
 6631.0  33.3755   -87.4497   1060.8   1005.1    913.3
 6632.0  33.3747   -87.4505   1052.4    996.9    920.3
 6633.0  33.3738   -87.4513   1044.1    987.2    914.4
 6634.0  33.3730   -87.4521   1036.0    979.1    896.9
 6635.0  33.3721   -87.4529   1028.5    971.7    897.8
 6636.0  33.3713   -87.4537   1021.8    966.0    896.9
 6637.0  33.3705   -87.4545   1014.8    960.2    890.8
 6638.0  33.3696   -87.4553   1007.6    953.6    888.4
 6639.0  33.3688   -87.4561   1000.0    947.2    877.4
 6640.0  33.3679   -87.4570    992.4    938.0    874.3
 6641.0  33.3671   -87.4578    984.1    931.0    878.5
 6642.0  33.3662   -87.4586    975.4    922.3    866.9
 6643.0  33.3654   -87.4594    966.2    914.5    856.4
 6644.0  33.3646   -87.4602    956.5    905.1    846.5
 6645.0  33.3637   -87.4610    947.3    896.9    847.3
 6646.0  33.3629   -87.4618    938.1    887.6    832.1
 6647.0  33.3621   -87.4626    928.9    877.1    823.7
 6648.0  33.3612   -87.4634    920.2    868.4    818.1
 6649.0  33.3604   -87.4642    911.5    862.1    802.8
 6650.0  33.3596   -87.4650    902.9    853.2    796.8
 6651.0  33.3588   -87.4658    894.2    843.9    788.4
 6652.0  33.3579   -87.4666    885.8    834.8    774.6
 6653.0  33.3571   -87.4674    877.3    827.4    763.0
 6654.0  33.3563   -87.4682    868.9    819.3    753.7
 6655.0  33.3555   -87.4690    860.8    810.9    743.4
 6656.0  33.3547   -87.4698    852.9    803.8    729.0
 6657.0  33.3538   -87.4707    844.9    796.1    718.6
 6658.0  33.3530   -87.4715    836.6    787.4    694.8
 6659.0  33.3522   -87.4723    828.5    780.1    679.0
 6660.0  33.3514   -87.4731    820.6    773.9    669.6
 6661.0  33.3506   -87.4739    812.9    766.4    656.6
 6662.0  33.3498   -87.4747    805.6    759.7    654.0
 6663.0  33.3489   -87.4755    798.7    751.5    644.1
 6664.0  33.3481   -87.4763    792.3    745.2    644.7
 6665.0  33.3473   -87.4771    786.1    739.7    637.9
 6666.0  33.3465   -87.4779    780.1    733.8    641.8
 6667.0  33.3457   -87.4787    774.1    728.2    641.9
 6668.0  33.3449   -87.4794    768.1    723.2    636.1
 6669.0  33.3441   -87.4802    762.0    715.7    639.4
 6670.0  33.3433   -87.4810    755.9    708.1    628.1
 6671.0  33.3425   -87.4818    749.8    702.7    637.0
 6672.0  33.3417   -87.4826    743.3    697.9    637.6
 6673.0  33.3409   -87.4834    736.4    691.5    629.8
 6674.0  33.3402   -87.4841    729.2    685.2    618.6
 6675.0  33.3394   -87.4849    721.9    677.8    600.8
 6676.0  33.3386   -87.4857    714.9    670.3    585.4
 6677.0  33.3378   -87.4865    708.4    665.2    586.2
 6678.0  33.3370   -87.4872    702.4    660.4    572.1
 6679.0  33.3362   -87.4880    696.5    654.7    556.8
 6680.0  33.3355   -87.4888    690.4    648.4    542.9
 6681.0  33.3347   -87.4895    684.3    642.4    528.4
 6682.0  33.3339   -87.4903    678.5    637.8    517.3
 6683.0  33.3331   -87.4910    672.7    629.4    526.8
 6684.0  33.3323   -87.4918    667.1    623.3    529.7
 6685.0  33.3316   -87.4925    661.7    618.5    525.7
 6686.0  33.3308   -87.4933    656.6    614.4    523.0
 6687.0  33.3300   -87.4940    651.7    610.1    517.8
 6688.0  33.3292   -87.4948    646.9    605.3    524.3
 6689.0  33.3285   -87.4955    642.2    600.8    522.0
 6690.0  33.3277   -87.4963    637.5    597.1    516.6
 6691.0  33.3269   -87.4970    632.6    593.4    509.0
 6692.0  33.3262   -87.4977    627.4    586.4    504.3
 6693.0  33.3254   -87.4985    622.6    582.0    500.6
 6694.0  33.3246   -87.4992    618.5    578.1    500.7
 6695.0  33.3239   -87.5000    614.8    574.5    503.9
 6696.0  33.3231   -87.5007    611.1    571.8    507.6
 6697.0  33.3223   -87.5015    607.3    568.5    500.8
 6698.0  33.3216   -87.5023    603.8    565.1    502.2
 6699.0  33.3208   -87.5030    600.9    562.2    502.5
 6700.0  33.3201   -87.5038    599.1    560.0    508.2
 6701.0  33.3193   -87.5045    597.0    556.0    520.7
 6702.0  33.3186   -87.5053    595.3    554.4    509.4
 6703.0  33.3179   -87.5061    593.4    554.2    485.9
 6704.0  33.3171   -87.5068    592.0    553.5    480.2
 6705.0  33.3164   -87.5076    590.5    551.1    481.6
 6706.0  33.3157   -87.5083    589.3    549.6    486.7
 6707.0  33.3149   -87.5091    588.4    548.9    496.5
 6708.0  33.3142   -87.5099    587.7    548.7    482.6
 6709.0  33.3135   -87.5106    586.5    548.4    481.7
 6710.0  33.3128   -87.5114    586.4    546.0    492.0
 6711.0  33.3120   -87.5121    586.4    546.8    496.8
 6712.0  33.3113   -87.5129    586.4    547.4    478.9
 6713.0  33.3106   -87.5136    586.4    547.6    486.3
 6714.0  33.3099   -87.5144    587.3    549.3    482.0
 6715.0  33.3091   -87.5152    587.7    549.3    485.1
 6716.0  33.3084   -87.5159    587.8    550.6    488.6
 6717.0  33.3077   -87.5167    588.9    549.7    495.8
 6718.0  33.3070   -87.5174    589.0    550.4    515.0
 6719.0  33.3063   -87.5182    590.1    551.4    517.2
 6720.0  33.3055   -87.5190    590.7    551.9    517.1
 6721.0  33.3048   -87.5197    591.3    552.9    518.4
 6722.0  33.3041   -87.5205    591.8    554.3    518.2
 6723.0  33.3033   -87.5213    592.5    554.5    519.8
 6724.0  33.3026   -87.5220    592.5    554.6    520.1
 6725.0  33.3019   -87.5228    593.5    555.9    521.1
 6726.0  33.3012   -87.5236    593.8    555.7    521.1
 6727.0  33.3004   -87.5243    593.8    555.1    513.8
 6728.0  33.2997   -87.5251    593.8    555.2    493.1
 6729.0  33.2990   -87.5259    594.1    557.2    492.3
 6730.0  33.2982   -87.5266    595.0    557.4    497.0
 6731.0  33.2975   -87.5274    595.0    557.2    491.3
 6732.0  33.2968   -87.5282    595.0    557.7    496.5
 6733.0  33.2960   -87.5289    595.0    559.2    495.7
 6734.0  33.2953   -87.5297    595.0    558.8    493.1
 6735.0  33.2945   -87.5305    595.0    558.5    491.7
