flight/WP3D/AircraftMet_NP3_20130710_RA.ict
43  1001
Ken Aikin
NOAA ESRL Chemical Sciences Division
various aircraft sensors
SENEX 2013
1  1
2013  07  10  2013  07  12
1
AOCTimewave
10
1  1  1  1  1  1  1  1  1  1
-9999  -9999  -9999  -9999  -9999  -9999  -9999  -9999  -9999  -9999
AmbTemp  C
DewPtTemp  C
DewPtTempTDL  C
H2Omr  g/kg
PotTemp  K
RelHumidity  pct
StaticPrs  mbar
VertWindSpd  m/s
WindDir  deg
WindSpd  m/s
1
SPECIAL COMMENTS:NC hog farms  and transit to Tampa.
18
PI_CONTACT_INFO: Address: NOAA ESRL Chemical Sciences Division  Mail Stop R/CSD7  325 Broadway  Boulder  CO 80305
PLATFORM: NOAA WP-3D
LOCATION: The aircraft was stationed in  Smyrna  Tennessee. Aircraft location information in AircraftPosition file.
ASSOCIATED_DATA: N/A
INSTRUMENT_INFO: N/A
DATA_INFO: Units:AmbTemp celcius; DewPtTemp celcius; DewPtTempTDL celcius; H2Omr g/kg; PotTemp kelvin; RelHumidity percent; StaticPrs millibar; VertWindSpd m/s; WindDir degrees; WindSpd m/s
UNCERTAINTY: N/A
ULOD_FLAG: -7777
ULOD_VALUE: N/A
LLOD_FLAG: -8888
LLOD_VALUE: N/A
DM_CONTACT_INFO: Data Manager:Ken Aikin; email:Kenneth.C.Aikin@noaa.gov
PROJECT_INFO: SENEX 2013 Study; June 1 - July 15  2013
STIPULATIONS_ON_USE: Use of these data require prior ok from PI.
OTHER_COMMENTS:       None
REVISION: RA
RA: Preliminary Data.  For in-field use.
AOCTimewave  AmbTemp  DewPtTemp  DewPtTempTDL  H2Omr  PotTemp  RelHumidity  StaticPrs  VertWindSpd  WindDir  WindSpd
[from data line 12601]
62636.0  24.480  20.570  6.510  16.03  300.88  78.27  962.72  -0.86  206.71  5.71
62637.0  24.480  22.540  6.600  18.15  300.88  88.61  962.71  -0.35  209.20  4.63
62638.0  24.560  22.340  6.490  17.93  300.96  87.10  962.62  0.95  201.46  5.70
62639.0  24.640  22.190  6.690  17.76  301.03  85.89  962.72  1.43  209.69  6.09
62640.0  24.510  20.660  6.510  16.13  300.93  78.64  962.43  0.01  210.54  6.19
62641.0  24.470  20.310  6.420  15.78  300.89  77.07  962.48  -0.70  216.33  5.97
62642.0  24.410  19.170  6.390  14.67  300.81  71.95  962.62  -0.44  209.69  5.61
62643.0  24.450  18.770  6.410  14.30  300.85  69.96  962.70  -0.63  216.84  4.49
62644.0  24.360  20.200  6.440  15.66  300.75  77.08  962.73  -0.55  210.04  4.36
62645.0  24.420  20.110  6.350  15.57  300.81  76.32  962.82  -0.62  209.85  4.71
62646.0  24.410  21.620  6.350  17.13  300.81  84.01  962.69  -0.47  210.58  5.27
62647.0  24.510  22.050  6.280  17.60  300.90  85.77  962.79  -1.05  222.73  5.80
62648.0  24.400  18.300  6.300  13.87  300.80  68.07  962.77  -0.84  225.55  5.34
62649.0  24.400  20.600  6.420  16.06  300.78  78.84  962.86  -0.54  220.76  5.59
62650.0  24.350  22.240  6.430  17.81  300.74  87.64  962.78  -0.63  218.43  4.99
62651.0  24.410  20.530  6.400  15.99  300.79  78.43  962.82  -0.71  222.33  5.13
62652.0  24.540  19.370  6.270  14.85  300.93  72.27  962.80  -0.62  226.44  6.44
62653.0  24.440  21.770  6.300  17.30  300.82  84.67  962.86  -0.93  219.76  6.82
62654.0  24.410  20.260  6.250  15.72  300.80  77.11  962.73  -1.07  218.60  6.25
62655.0  24.390  21.570  6.210  17.08  300.78  83.85  962.78  -1.13  214.03  6.03
62656.0  24.390  20.590  6.200  16.06  300.77  78.86  962.80  -1.27  213.73  6.46
62657.0  24.450  20.620  6.080  16.09  300.84  78.73  962.71  -1.01  214.44  6.93
62658.0  24.460  20.890  5.970  16.36  300.85  80.00  962.82  -1.16  217.00  6.70
62659.0  24.500  18.060  5.690  13.66  300.89  66.61  962.79  -0.84  211.76  7.15
62660.0  24.490  21.450  5.460  16.95  300.85  82.75  963.03  -0.79  212.61  6.93
62661.0  24.510  21.490  5.650  16.99  300.89  82.82  962.95  -0.88  211.89  7.16
62662.0  24.410  19.010  5.900  14.51  300.78  71.20  963.01  -1.45  212.98  6.79
62663.0  24.380  20.170  6.200  15.63  300.76  76.78  962.91  -1.21  210.67  6.06
62664.0  24.380  21.400  6.370  16.90  300.77  83.02  962.85  -0.71  213.19  5.61
62665.0  24.450  22.150  6.320  17.71  300.84  86.67  962.72  -0.47  213.15  5.71
62666.0  24.450  18.660  6.310  14.20  300.84  69.46  962.76  -0.16  213.58  6.00
62667.0  24.470  21.180  6.100  16.66  300.88  81.38  962.64  -0.11  219.63  6.44
62668.0  24.490  18.560  5.930  14.11  300.89  68.85  962.69  -0.13  221.74  7.22
62669.0  24.480  19.220  5.680  14.71  300.88  71.83  962.71  -0.31  221.71  7.19
62670.0  24.370  17.900  5.990  13.52  300.75  66.49  962.83  -0.33  215.32  7.04
62671.0  24.340  17.680  6.110  13.33  300.72  65.67  962.90  0.07  209.76  6.51
62672.0  24.370  18.310  6.350  13.89  300.77  68.27  962.74  -0.29  210.72  6.21
62673.0  24.340  18.750  6.430  14.28  300.74  70.35  962.73  0.04  208.91  6.95
62674.0  24.310  18.590  6.640  14.14  300.71  69.77  962.68  -0.30  212.49  6.49
62675.0  24.300  19.750  6.490  15.23  300.72  75.16  962.45  -0.12  209.97  6.37
62676.0  24.290  21.470  6.510  16.98  300.71  83.87  962.43  -0.28  205.32  6.57
62677.0  24.280  22.320  6.490  17.90  300.71  88.49  962.32  -1.47  203.55  6.76
62678.0  24.340  22.510  6.310  18.13  300.77  89.24  962.33  -1.25  201.92  7.14
62679.0  24.440  22.140  6.230  17.71  300.87  86.63  962.32  -0.57  208.46  6.40
62680.0  24.340  18.810  6.100  14.34  300.77  70.60  962.39  -1.44  196.22  5.31
62681.0  24.430  18.130  6.050  13.73  300.83  67.25  962.60  -0.17  209.03  4.85
62682.0  24.430  20.110  5.990  15.58  300.85  76.27  962.48  0.71  215.69  4.37
62683.0  24.360  22.620  6.150  18.24  300.75  89.74  962.78  1.06  201.11  6.14
62684.0  24.390  20.240  6.180  15.71  300.81  77.13  962.42  0.35  208.17  4.70
62685.0  24.420  22.240  6.140  17.82  300.85  87.31  962.33  -0.05  211.10  4.72
62686.0  24.420  20.690  6.160  16.17  300.85  79.20  962.31  -0.94  214.11  5.65
62687.0  24.440  19.810  6.060  15.29  300.85  74.81  962.56  -0.86  221.73  6.30
62688.0  24.350  20.530  6.080  16.00  300.75  78.75  962.60  -0.86  216.51  5.46
62689.0  24.370  20.400  5.960  15.86  300.78  77.97  962.61  -0.61  215.20  5.36
62690.0  24.420  19.420  6.010  14.90  300.82  73.03  962.67  -0.65  218.43  5.30
62691.0  24.430  19.400  6.290  14.89  300.84  72.93  962.63  1.26  213.13  5.06
62692.0  24.420  17.860  6.360  13.49  300.83  66.11  962.53  1.87  211.90  5.15
62693.0  24.380  19.800  6.360  15.28  300.82  75.05  962.13  1.34  199.77  4.34
62694.0  24.360  20.500  6.180  15.97  300.80  78.53  962.20  1.15  204.99  5.61
62695.0  24.370  21.380  6.250  16.88  300.81  82.97  962.12  0.92  205.89  5.46
62696.0  24.300  22.190  6.290  17.77  300.76  87.65  962.02  -0.18  202.95  5.62
62697.0  24.250  21.530  6.280  17.04  300.70  84.34  962.11  -0.63  202.19  5.30
62698.0  24.280  19.310  6.240  14.80  300.70  73.18  962.41  -0.73  207.36  4.48
62699.0  24.340  20.030  6.260  15.50  300.75  76.33  962.49  -1.00  209.03  5.08
62700.0  24.420  20.580  6.100  16.04  300.83  78.60  962.61  -0.67  215.15  5.27
62701.0  24.450  21.770  6.130  17.30  300.85  84.62  962.68  -0.67  219.89  5.71
62702.0  24.390  21.720  6.070  17.24  300.77  84.67  962.84  -0.99  214.89  5.65
62703.0  24.400  21.740  6.140  17.25  300.77  84.70  962.94  -1.05  212.29  5.56
62704.0  24.410  21.600  6.300  17.11  300.78  83.91  962.98  -0.39  214.79  5.18
62705.0  24.420  20.780  6.480  16.25  300.80  79.63  962.93  -0.21  218.08  4.41
62706.0  24.490  18.590  6.420  14.13  300.86  68.98  962.98  0.29  224.79  5.50
62707.0  24.460  18.740  6.470  14.26  300.83  69.77  963.01  0.53  225.12  4.97
62708.0  24.580  21.360  6.680  16.85  300.96  81.78  962.83  0.26  235.86  5.42
62709.0  24.600  20.810  6.510  16.28  301.00  78.89  962.71  -0.21  234.89  7.08
62710.0  24.470  22.580  6.230  18.20  300.87  88.90  962.71  -0.56  229.74  6.53
62711.0  24.460  20.940  6.180  16.42  300.85  80.29  962.74  -0.70  230.95  6.42
62712.0  24.400  20.180  6.190  15.64  300.79  76.76  962.82  0.03  224.55  6.70
62713.0  24.390  18.120  6.210  13.71  300.79  67.32  962.79  -0.48  217.91  7.36
62714.0  24.200  18.450  6.260  14.01  300.59  69.59  962.74  -0.43  201.81  6.74
62715.0  24.330  20.290  6.160  15.75  300.73  77.63  962.78  -0.87  195.54  6.92
62716.0  24.520  20.450  6.260  15.91  300.91  77.51  962.71  -1.54  208.03  6.94
62717.0  24.460  21.000  6.170  16.48  300.86  80.56  962.70  -2.53  211.88  5.03
62718.0  24.410  20.960  6.060  16.43  300.78  80.59  962.99  -1.26  205.79  4.59
62719.0  24.480  18.520  6.150  14.07  300.84  68.75  963.11  -0.88  207.81  5.48
62720.0  24.620  19.510  6.120  14.98  300.99  72.54  963.06  -0.83  218.21  5.73
62721.0  24.550  19.460  6.190  14.94  300.92  72.66  963.05  -0.22  220.22  5.42
62722.0  24.490  19.560  6.110  15.04  300.88  73.39  962.85  0.73  212.87  6.50
62723.0  24.350  19.880  6.160  15.35  300.75  75.53  962.66  -0.14  202.33  6.12
62724.0  24.390  20.200  6.280  15.67  300.79  76.92  962.65  -0.69  206.14  5.61
62725.0  24.400  19.760  6.190  15.24  300.81  74.75  962.64  -0.54  211.24  5.67
62726.0  24.320  20.250  6.170  15.71  300.73  77.48  962.60  -1.07  211.96  5.95
62727.0  24.350  20.650  6.180  16.12  300.76  79.32  962.49  -1.22  216.97  5.61
62728.0  24.380  22.020  6.050  17.57  300.79  86.30  962.64  -1.08  216.65  5.95
62729.0  24.490  20.490  5.790  15.95  300.89  77.84  962.74  -1.47  222.17  7.00
62730.0  24.400  17.750  5.990  13.39  300.80  65.70  962.69  -1.72  221.35  6.89
62731.0  24.440  20.970  5.390  16.45  300.84  80.54  962.59  -1.02  212.60  6.20
62732.0  24.520  18.930  4.890  14.44  300.91  70.36  962.80  -0.78  215.49  6.27
62733.0  24.490  16.380  5.060  12.26  300.90  59.79  962.61  -0.86  210.90  6.86
62734.0  24.470  18.460  5.610  14.02  300.87  68.48  962.69  -0.78  211.00  5.64
62735.0  24.480  19.620  5.820  15.10  300.87  73.70  962.88  -0.89  213.80  6.58
62736.0  24.450  18.080  5.940  13.68  300.84  66.93  962.77  -1.01  211.53  7.19
62737.0  24.450  19.750  5.690  15.23  300.85  74.48  962.73  -0.79  211.01  6.07
62738.0  24.480  19.640  5.470  15.12  300.87  73.83  962.71  -0.78  211.34  6.05
62739.0  24.420  19.660  5.590  15.13  300.82  74.19  962.64  -1.01  203.74  5.05
62740.0  24.460  21.320  5.410  16.81  300.84  82.22  962.81  -0.61  202.88  4.38
62741.0  24.450  20.050  5.700  15.52  300.84  75.93  962.75  -0.86  208.29  4.74
62742.0  24.400  20.130  5.770  15.59  300.80  76.49  962.75  -0.88  208.29  4.65
62743.0  24.470  22.260  5.630  17.84  300.87  87.14  962.62  -0.59  214.70  4.46
62744.0  24.470  21.940  5.570  17.48  300.88  85.39  962.63  0.15  221.34  5.04
62745.0  24.370  21.550  5.860  17.06  300.78  83.87  962.58  0.29  209.03  4.97
62746.0  24.380  21.320  5.920  16.81  300.79  82.60  962.51  0.00  203.29  6.04
62747.0  24.350  22.020  5.960  17.57  300.77  86.45  962.46  -1.02  204.31  4.71
62748.0  24.450  21.220  5.560  16.71  300.85  81.75  962.63  -0.89  211.27  5.33
62749.0  24.490  20.300  5.530  15.77  300.91  76.94  962.51  -0.60  210.88  7.21
62750.0  24.480  19.290  5.600  14.78  300.89  72.17  962.58  -0.03  205.44  6.77
62751.0  24.440  19.170  5.820  14.67  300.86  71.81  962.39  -0.18  201.51  6.47
62752.0  24.530  21.910  5.590  17.46  300.97  84.96  962.23  -0.56  203.08  5.39
62753.0  24.510  19.610  5.310  15.09  300.95  73.54  962.18  0.10  200.32  4.33
62754.0  24.500  18.070  5.890  13.68  300.94  66.68  962.25  0.50  210.33  4.15
62755.0  24.500  19.310  5.960  14.80  300.94  72.16  962.25  1.11  214.74  4.42
62756.0  24.500  19.130  5.840  14.64  300.95  71.35  962.15  0.13  213.19  4.13
62757.0  24.530  21.090  5.380  16.58  300.98  80.64  962.19  -1.32  206.66  5.98
62758.0  24.520  18.780  5.090  14.32  300.95  69.71  962.36  -1.46  212.16  5.68
62759.0  24.640  20.300  4.160  15.77  301.06  76.25  962.44  -1.78  207.76  6.86
62760.0  24.600  18.920  4.470  14.44  301.02  69.97  962.53  -1.73  207.52  7.63
62761.0  24.580  19.880  5.070  15.35  300.97  74.47  962.86  -0.80  209.78  7.44
62762.0  24.560  20.220  5.150  15.68  300.95  76.18  962.84  0.07  210.78  6.55
62763.0  24.540  19.970  5.170  15.43  300.94  75.07  962.71  0.28  212.91  6.32
62764.0  24.580  19.240  5.230  14.74  300.99  71.52  962.63  0.11  214.28  6.15
62765.0  24.560  19.990  5.090  15.46  300.95  75.12  962.84  0.06  214.55  6.14
62766.0  24.600  19.300  5.070  14.79  300.99  71.66  962.87  0.59  221.86  5.95
62767.0  24.580  17.220  5.360  12.94  300.97  62.78  962.88  1.55  223.32  4.90
62768.0  24.510  19.320  5.360  14.81  300.92  72.20  962.52  1.33  203.27  4.23
62769.0  24.520  20.500  5.450  15.97  300.93  77.77  962.51  0.79  200.33  5.05
62770.0  24.490  18.080  5.400  13.69  300.93  66.76  962.29  0.39  203.71  5.27
62771.0  24.420  19.110  5.380  14.62  300.86  71.64  962.24  -0.03  196.09  5.20
62772.0  24.530  21.360  5.040  16.86  300.98  82.02  962.20  -0.39  207.41  4.75
62773.0  24.590  20.170  4.670  15.64  301.02  75.85  962.35  -0.16  218.75  5.15
62774.0  24.590  18.900  4.670  14.42  301.02  69.93  962.36  0.51  219.36  5.29
62775.0  24.550  17.790  4.540  13.43  300.97  65.30  962.45  -0.05  219.52  5.25
62776.0  24.510  19.670  4.900  15.14  300.92  73.82  962.53  -0.04  210.93  6.85
62777.0  24.490  19.720  5.190  15.19  300.90  74.14  962.57  -0.34  216.04  7.43
62778.0  24.470  21.070  5.300  16.56  300.88  80.88  962.58  -0.76  219.97  6.96
62779.0  24.510  20.570  5.170  16.03  300.90  78.14  962.82  -0.99  222.93  7.57
62780.0  24.560  18.920  4.640  14.43  300.94  70.15  962.87  -0.94  222.48  8.29
62781.0  24.510  17.110  4.560  12.85  300.89  62.64  962.96  -1.38  224.42  7.51
62782.0  24.530  16.440  4.310  12.30  300.90  59.93  963.00  -1.24  214.53  8.02
62783.0  24.640  17.500  4.210  13.17  300.98  63.75  963.32  0.36  217.38  7.41
62784.0  24.570  19.080  4.470  14.58  300.94  70.83  963.01  -0.30  206.29  6.85
62785.0  24.510  19.910  4.630  15.37  300.89  74.92  962.94  -0.45  206.61  5.84
62786.0  24.620  20.500  4.540  15.96  300.99  77.30  963.02  0.01  207.09  6.46
62787.0  24.640  17.600  4.540  13.26  301.01  64.15  963.01  0.35  207.99  5.91
62788.0  24.780  20.080  4.430  15.54  301.16  74.53  962.94  -0.61  217.98  7.25
62789.0  24.750  17.590  4.330  13.25  301.12  63.66  963.01  -0.55  221.73  6.80
62790.0  24.720  19.480  3.990  14.96  301.10  71.98  962.98  -0.54  220.43  7.17
62791.0  24.720  19.370  3.900  14.85  301.11  71.46  962.83  -1.15  220.87  7.91
62792.0  24.720  19.130  3.280  14.63  301.12  70.39  962.73  -0.43  217.40  7.21
62793.0  24.720  18.720  2.860  14.25  301.11  68.60  962.75  -0.58  218.29  6.84
62794.0  24.640  17.240  3.710  12.96  301.05  62.64  962.68  -0.99  215.05  6.74
62795.0  24.650  15.300  3.890  11.42  301.05  55.21  962.75  -0.89  212.63  6.94
62796.0  24.720  15.660  3.550  11.69  301.11  56.27  962.79  -0.48  212.81  6.65
62797.0  24.760  16.180  3.460  12.10  301.16  58.06  962.79  0.19  215.31  6.46
62798.0  24.730  17.020  3.770  12.77  301.13  61.42  962.67  0.54  218.13  5.57
62799.0  24.800  17.910  4.220  13.53  301.21  64.77  962.67  0.17  221.53  6.04
62800.0  24.770  17.390  4.580  13.09  301.17  62.80  962.73  1.50  222.84  6.14
62801.0  24.580  18.240  5.040  13.83  301.00  67.07  962.49  0.72  212.46  5.60
62802.0  24.530  19.420  4.890  14.91  300.96  72.54  962.33  0.86  194.77  4.03
62803.0  24.660  18.600  4.820  14.15  301.10  68.30  962.22  0.49  205.11  4.03
62804.0  24.700  17.490  5.100  13.17  301.15  63.44  962.19  1.09  209.47  4.21
62805.0  24.700  19.640  5.040  15.13  301.16  72.85  962.02  -0.32  220.90  4.09
62806.0  24.680  20.300  4.940  15.77  301.15  76.02  961.92  -0.22  229.40  5.20
62807.0  24.600  17.560  4.940  13.24  301.06  64.14  962.01  -0.89  223.06  5.89
62808.0  24.510  19.950  4.560  15.43  300.96  75.15  962.14  -0.68  215.01  6.51
62809.0  24.460  17.770  4.380  13.42  300.89  65.57  962.32  -0.56  205.66  6.37
62810.0  24.530  19.390  4.180  14.89  300.96  72.43  962.32  -0.30  209.76  6.59
62811.0  24.530  16.940  4.030  12.71  300.96  61.87  962.31  -0.03  212.10  6.09
62812.0  24.510  17.070  4.040  12.82  300.95  62.46  962.37  -0.01  206.91  6.08
62813.0  24.640  19.180  4.040  14.68  301.07  70.95  962.35  0.08  212.06  6.15
62814.0  24.680  16.800  3.420  12.60  301.09  60.78  962.53  -0.23  208.31  7.57
62815.0  24.760  16.300  2.580  12.19  301.17  58.51  962.64  -0.51  209.14  8.27
62816.0  24.720  16.370  2.240  12.25  301.13  58.91  962.64  -0.71  210.16  7.78
62817.0  24.680  15.220  2.870  11.36  301.07  54.81  962.84  -0.65  210.02  7.67
62818.0  24.650  18.830  3.240  14.35  301.04  69.33  962.81  -0.66  209.23  7.46
62819.0  24.680  19.100  3.380  14.60  301.06  70.45  962.90  -0.71  209.87  7.75
62820.0  24.780  15.790  3.110  11.79  301.16  56.55  962.94  -0.60  210.61  8.10
62821.0  24.840  15.290  3.020  11.41  301.21  54.53  963.14  -0.12  212.92  7.80
62822.0  24.660  16.010  4.070  11.97  301.04  57.80  962.96  -0.56  211.10  7.22
62823.0  24.620  17.620  4.630  13.27  300.99  64.26  963.10  -0.11  217.10  6.21
62824.0  24.530  17.650  4.650  13.30  300.90  64.80  963.02  0.29  215.85  6.10
62825.0  24.600  20.040  4.690  15.50  300.97  75.17  963.06  1.02  211.45  6.78
62826.0  24.630  19.040  4.980  14.54  301.02  70.37  962.81  1.88  216.73  5.05
62827.0  24.720  18.530  5.220  14.08  301.13  67.76  962.61  2.79  225.50  4.53
62828.0  24.660  21.460  5.090  16.96  301.08  81.89  962.48  1.95  211.84  6.45
62829.0  24.640  21.280  4.970  16.78  301.09  81.08  962.16  -0.41  212.85  6.34
62830.0  24.600  20.310  4.730  15.78  301.04  76.44  962.25  -0.73  206.08  7.78
