flight/WP3D/AircraftMis_NP3_20130708_RA.ict
41  1001
Ken Aikin
NOAA ESRL Chemical Sciences Division
various aircraft sensors
SENEX 2013
1  1
2013  07  08  2013  07  08
1
AOCTimewave
8
1  1  1  1  1  1  1  1
-9999  -9999  -9999  -9999  -9999  -9999  -9999  -9999
Attack  deg
CabinPrs  mbar
GndSpd  m/s
Heading  deg
Pitch  deg
Roll  deg
Slip  deg
TrueAirSpd  m/s
1
SPECIAL COMMENTS:Fayetteville AR  then PP and BB.
18
PI_CONTACT_INFO: Address: NOAA ESRL Chemical Sciences Division  Mail Stop R/CSD7  325 Broadway  Boulder  CO 80305
PLATFORM: NOAA WP-3D
LOCATION: The aircraft was stationed in  Smyrna  Tennessee. Aircraft location information in AircraftPosition file.
ASSOCIATED_DATA: N/A
INSTRUMENT_INFO: N/A
DATA_INFO: Units: Attack degrees; CabinPrs millibar; GndSpd m/s; Heading degrees; Pitch degrees; Roll degrees; Slip degrees; TrueAirSpd m/s
UNCERTAINTY: N/A
ULOD_FLAG: -7777
ULOD_VALUE: N/A
LLOD_FLAG: -8888
LLOD_VALUE: N/A
DM_CONTACT_INFO: Data Manager:Ken Aikin; email:Kenneth.C.Aikin@noaa.gov
PROJECT_INFO: SENEX 2013 Study; June 1 - July 15  2013
STIPULATIONS_ON_USE: Use of these data require prior ok from PI.
OTHER_COMMENTS:       None
REVISION: RA
RA: Preliminary Data.  For in-field use.
AOCTimewave  Attack  CabinPrs  GndSpd  Heading  Pitch  Roll  Slip  TrueAirSpd
[from data line 1842]
56515.0  0.8  957.5  158.3  263.7  0.88  -1.49  -0.99  158.6
56516.0  0.9  957.2  158.3  263.7  0.93  -1.42  -1.02  158.6
56517.0  0.8  957.6  158.3  263.7  0.89  -1.41  -1.00  158.6
56518.0  0.8  957.4  158.3  263.7  0.89  -1.46  -0.99  158.5
56519.0  0.9  957.4  158.3  263.7  0.97  -1.48  -0.99  158.5
56520.0  0.8  957.3  158.3  263.7  0.86  -1.44  -1.01  158.5
56521.0  0.8  957.5  158.3  263.7  0.85  -1.35  -0.98  158.5
56522.0  0.9  957.7  158.3  263.7  0.88  -1.31  -1.01  158.6
56523.0  0.8  957.5  158.3  263.7  0.87  -1.31  -1.02  158.6
56524.0  0.8  957.2  158.3  263.7  0.85  -1.40  -0.98  158.7
56525.0  0.8  957.5  158.3  263.7  0.85  -1.45  -0.99  158.7
56526.0  0.8  957.2  158.3  263.7  0.89  -1.37  -1.00  158.8
56527.0  0.8  957.2  158.3  263.7  0.85  -1.32  -1.02  158.8
56528.0  0.8  957.5  158.3  263.7  0.90  -1.38  -1.03  158.8
56529.0  0.8  957.5  158.3  263.7  0.86  -1.47  -1.00  158.9
56530.0  0.8  957.4  158.3  263.7  0.88  -1.48  -1.00  158.9
56531.0  0.8  957.7  158.3  263.7  0.93  -1.38  -0.98  158.9
56532.0  0.8  957.3  158.3  263.7  0.85  -1.32  -0.98  158.9
56533.0  0.8  957.4  158.3  263.8  0.83  -1.39  -0.99  158.9
56534.0  0.9  957.5  158.3  263.8  0.98  -1.48  -1.01  158.8
56535.0  0.8  957.2  158.3  263.8  0.91  -1.51  -1.01  158.9
56536.0  0.8  957.4  158.3  263.7  0.85  -1.46  -0.98  159.0
56537.0  0.8  957.5  158.3  263.8  0.92  -1.43  -1.00  158.9
56538.0  0.8  957.2  158.3  263.8  0.84  -1.41  -1.00  159.1
56539.0  0.8  957.1  158.4  263.8  0.91  -1.43  -0.99  159.1
56540.0  0.8  957.0  158.4  263.8  0.90  -1.48  -1.02  159.1
56541.0  0.8  957.3  158.3  263.8  0.87  -1.52  -0.98  159.0
56542.0  0.8  957.1  158.3  263.8  0.90  -1.57  -0.96  158.9
56543.0  0.7  957.3  158.3  263.8  0.80  -1.52  -1.02  158.9
56544.0  0.9  957.3  158.3  263.8  0.92  -1.44  -1.01  159.0
56545.0  0.8  957.3  158.3  263.8  0.90  -1.47  -1.02  158.9
56546.0  0.8  957.3  158.3  263.8  0.91  -1.53  -1.00  158.9
56547.0  0.8  957.1  158.3  263.8  0.94  -1.51  -1.00  158.9
56548.0  0.7  957.2  158.3  263.8  0.80  -1.42  -1.01  158.9
56549.0  0.9  957.2  158.3  263.7  0.98  -1.43  -0.98  158.9
56550.0  0.8  957.3  158.3  263.7  0.90  -1.47  -1.00  159.0
56551.0  0.8  957.2  158.3  263.7  0.85  -1.46  -0.99  159.0
56552.0  0.9  957.5  158.3  263.7  0.96  -1.45  -0.97  159.0
56553.0  0.8  957.2  158.3  263.7  0.94  -1.45  -0.99  158.9
56554.0  0.8  957.2  158.3  263.7  0.91  -1.43  -0.99  159.0
56555.0  0.8  957.4  158.3  263.7  0.93  -1.43  -0.99  158.9
56556.0  0.8  957.2  158.3  263.8  0.97  -1.42  -1.00  158.9
56557.0  0.8  957.3  158.3  263.8  0.92  -1.40  -0.99  158.9
56558.0  0.8  957.1  158.3  263.8  0.88  -1.45  -1.05  159.0
56559.0  0.8  957.3  158.3  263.8  0.88  -1.47  -1.07  159.0
56560.0  0.8  957.5  158.3  263.7  0.91  -1.45  -1.02  158.9
56561.0  0.8  957.1  158.3  263.7  0.95  -1.39  -1.01  158.8
56562.0  0.8  957.2  158.2  263.7  0.93  -1.33  -1.01  158.9
56563.0  0.7  957.5  158.3  263.7  0.80  -1.26  -1.03  159.0
56564.0  0.9  957.2  158.3  263.7  0.99  -1.26  -0.99  159.0
56565.0  0.7  957.1  158.3  263.7  0.82  -1.33  -1.00  158.9
56566.0  0.8  957.6  158.3  263.7  0.86  -1.39  -1.00  158.9
56567.0  0.8  957.3  158.3  263.7  0.88  -1.35  -1.00  158.9
56568.0  0.8  957.1  158.3  263.7  0.86  -1.28  -0.99  158.8
56569.0  0.8  957.6  158.3  263.7  0.91  -1.26  -1.00  158.8
56570.0  0.8  957.5  158.3  263.7  0.81  -1.33  -0.98  158.8
56571.0  0.8  957.4  158.3  263.8  0.88  -1.44  -0.98  158.8
56572.0  0.9  957.2  158.3  263.8  0.98  -1.41  -1.03  158.8
56573.0  0.8  957.0  158.3  263.7  0.87  -1.33  -0.98  158.8
56574.0  0.8  957.4  158.3  263.7  0.87  -1.38  -0.99  158.7
56575.0  0.8  957.0  158.3  263.8  0.87  -1.39  -1.05  158.7
56576.0  0.8  957.5  158.3  263.7  0.86  -1.34  -0.98  158.7
56577.0  0.8  957.5  158.3  263.7  0.87  -1.38  -1.02  158.8
56578.0  0.8  957.2  158.3  263.7  0.77  -1.41  -1.00  158.7
56579.0  0.8  957.6  158.3  263.7  0.85  -1.44  -0.97  158.7
56580.0  0.8  957.2  158.3  263.8  0.81  -1.38  -1.02  158.7
56581.0  0.8  957.1  158.4  263.8  0.84  -1.34  -0.98  158.7
56582.0  0.8  957.4  158.4  263.8  0.86  -1.39  -1.00  158.7
56583.0  0.8  957.1  158.4  263.8  0.91  -1.45  -0.99  158.7
56584.0  0.8  957.4  158.4  263.8  0.89  -0.79  -0.98  158.7
56585.0  0.7  957.2  158.4  263.8  0.78  0.13  -0.93  158.7
56586.0  0.8  957.0  158.4  264.0  0.89  0.07  -1.00  158.7
56587.0  0.8  957.5  158.4  264.1  0.88  -0.25  -1.08  158.8
56588.0  0.8  957.2  158.4  264.1  0.84  -0.48  -1.02  158.8
56589.0  0.9  957.4  158.4  264.1  0.91  -0.50  -1.01  158.7
56590.0  0.8  957.1  158.4  264.2  0.87  -0.45  -0.99  158.7
56591.0  0.8  957.1  158.4  264.2  0.88  -0.51  -0.97  158.6
56592.0  0.9  957.6  158.4  264.3  0.95  -0.62  -1.05  158.6
56593.0  0.8  957.2  158.4  264.3  0.90  -0.70  -1.05  158.7
56594.0  0.8  957.4  158.4  264.3  0.90  -0.78  -0.98  158.7
56595.0  0.8  957.2  158.4  264.4  0.89  -0.85  -0.99  158.7
56596.0  0.8  957.2  158.4  264.4  0.81  -0.79  -1.01  158.7
56597.0  0.9  957.4  158.4  264.4  0.99  -0.83  -0.96  158.6
56598.0  0.7  957.1  158.4  264.5  0.75  -0.89  -1.00  158.7
56599.0  0.8  957.2  158.4  264.5  0.83  -0.94  -0.97  158.7
56600.0  0.9  957.1  158.4  264.6  0.91  -0.95  -1.02  158.7
56601.0  0.8  957.1  158.4  264.6  0.90  -0.90  -1.05  158.7
56602.0  0.8  957.6  158.4  264.6  0.87  -0.97  -1.01  158.7
56603.0  0.8  957.1  158.4  264.6  0.88  -1.10  -1.02  158.7
56604.0  0.8  957.0  158.4  264.6  0.92  -1.11  -1.01  158.7
56605.0  0.8  957.4  158.4  264.6  0.89  -1.09  -1.01  158.7
56606.0  0.7  957.0  158.4  264.7  0.79  -1.11  -1.00  158.7
56607.0  0.9  957.1  158.4  264.7  0.91  -1.24  -0.99  158.7
56608.0  0.9  957.1  158.4  264.7  0.94  -1.28  -0.99  158.7
56609.0  0.8  956.9  158.4  264.7  0.87  -1.20  -1.03  158.7
56610.0  0.8  957.4  158.4  264.7  0.88  -1.24  -1.01  158.7
56611.0  0.8  957.1  158.4  264.7  0.84  -1.34  -1.02  158.7
56612.0  0.8  957.3  158.5  264.7  0.90  -1.31  -1.02  158.7
56613.0  0.8  957.4  158.5  264.7  0.88  -1.25  -1.00  158.8
56614.0  0.8  957.2  158.5  264.7  0.90  -1.26  -1.01  158.8
56615.0  0.8  957.6  158.5  264.8  0.86  -1.29  -1.01  158.8
56616.0  0.8  957.2  158.5  264.8  0.83  -1.33  -1.03  158.9
56617.0  0.8  957.2  158.5  264.7  0.91  -1.39  -1.01  158.8
56618.0  0.8  957.5  158.5  264.7  0.94  -1.39  -1.00  158.7
56619.0  0.8  957.0  158.5  264.7  0.93  -1.33  -0.94  158.6
56620.0  0.8  957.3  158.5  264.8  0.84  -1.28  -0.96  158.7
56621.0  0.8  957.3  158.5  264.8  0.89  -1.26  -1.00  158.7
56622.0  0.9  957.3  158.5  264.8  0.98  -1.27  -1.01  158.6
56623.0  0.8  957.4  158.5  264.8  0.94  -1.31  -1.02  158.7
56624.0  0.8  957.2  158.5  264.8  0.95  -1.38  -1.00  158.6
56625.0  0.8  957.3  158.5  264.8  0.92  -1.37  -1.00  158.6
56626.0  0.8  957.0  158.5  264.8  0.84  -1.31  -0.98  158.6
56627.0  0.9  957.3  158.5  264.8  0.95  -1.30  -1.00  158.7
56628.0  0.8  957.3  158.5  264.8  0.94  -1.27  -0.99  158.6
56629.0  0.8  957.2  158.5  264.8  0.94  -1.26  -0.97  158.6
56630.0  0.8  957.6  158.5  264.8  0.87  -1.05  -0.99  158.8
56631.0  0.8  957.2  158.5  264.8  0.90  0.78  -0.95  158.7
56632.0  0.8  957.2  158.4  265.0  0.88  1.79  -0.92  158.6
56633.0  0.8  957.5  158.4  265.3  0.84  1.46  -1.05  158.7
56634.0  0.8  957.1  158.4  265.5  0.86  0.97  -1.08  158.7
56635.0  0.8  957.5  158.4  265.6  0.91  0.88  -1.03  158.7
56636.0  0.8  957.0  158.4  265.7  0.80  1.83  -0.99  158.8
56637.0  0.8  956.8  158.5  265.9  0.87  1.99  -1.00  158.8
56638.0  0.8  957.2  158.4  266.2  0.84  1.53  -1.05  158.7
56639.0  0.8  957.1  158.5  266.3  0.84  1.09  -1.07  158.6
56640.0  0.8  957.3  158.5  266.5  0.85  0.83  -1.05  158.6
56641.0  0.8  956.8  158.5  266.5  0.84  0.60  -0.99  158.6
56642.0  0.9  957.5  158.5  266.7  0.90  0.91  -0.98  158.5
56643.0  0.8  957.4  158.5  266.8  0.81  1.83  -0.96  158.5
56644.0  0.9  957.4  158.5  267.0  0.95  1.71  -0.99  158.5
56645.0  0.7  957.6  158.5  267.3  0.78  1.22  -1.05  158.4
56646.0  0.9  957.2  158.5  267.4  0.93  0.85  -1.04  158.5
56647.0  0.8  957.4  158.5  267.5  0.88  0.66  -1.04  158.5
56648.0  0.8  956.9  158.5  267.6  0.80  0.56  -1.02  158.5
56649.0  0.8  957.5  158.5  267.7  0.86  0.40  -1.02  158.5
56650.0  0.8  957.4  158.5  267.8  0.79  0.23  -1.03  158.6
56651.0  0.8  957.4  158.5  267.9  0.82  0.08  -1.01  158.6
56652.0  0.9  957.2  158.5  267.9  0.92  0.01  -0.99  158.6
56653.0  0.8  957.0  158.5  268.0  0.83  -0.06  -1.01  158.6
56654.0  0.8  957.1  158.5  268.1  0.87  -0.23  -0.98  158.6
56655.0  0.8  957.0  158.6  268.1  0.81  -0.39  -1.00  158.6
56656.0  0.9  957.2  158.5  268.2  0.92  -0.43  -1.00  158.6
56657.0  0.7  956.9  158.6  268.3  0.75  -0.45  -0.97  158.6
56658.0  0.8  957.2  158.6  268.3  0.85  -0.54  -1.00  158.5
56659.0  0.8  957.2  158.6  268.4  0.85  -0.65  -1.00  158.5
56660.0  0.8  957.2  158.6  268.4  0.84  -0.77  -0.96  158.5
56661.0  0.8  957.3  158.6  268.5  0.88  -0.82  -0.95  158.5
56662.0  0.8  956.9  158.6  268.6  0.82  -0.76  -0.99  158.5
56663.0  0.8  957.3  158.6  268.6  0.87  -0.84  -0.95  158.5
56664.0  0.9  957.0  158.7  268.7  0.92  -1.01  -1.00  158.5
56665.0  0.8  957.3  158.7  268.7  0.83  -1.07  -0.98  158.5
56666.0  0.9  957.3  158.7  268.7  0.92  -1.12  -0.96  158.5
56667.0  0.8  957.5  158.7  268.8  0.89  -1.15  -1.02  158.5
56668.0  0.8  957.1  158.7  268.7  0.85  -1.14  -0.98  158.6
56669.0  0.8  957.2  158.7  268.8  0.89  -1.22  -0.97  158.5
56670.0  0.8  957.6  158.7  268.8  0.90  -1.30  -0.97  158.6
56671.0  0.8  957.2  158.7  268.8  0.82  -1.29  -0.99  158.6
56672.0  0.9  957.2  158.7  268.8  0.89  -1.26  -0.98  158.6
56673.0  0.8  957.4  158.7  268.8  0.91  -1.23  -1.00  158.6
56674.0  0.8  957.2  158.7  268.8  0.80  -1.24  -1.00  158.6
56675.0  0.8  957.6  158.8  268.8  0.86  -1.33  -0.95  158.6
56676.0  0.8  957.1  158.8  268.8  0.89  -1.33  -0.97  158.5
56677.0  0.8  957.2  158.8  268.8  0.90  -1.20  -0.98  158.5
56678.0  0.8  957.3  158.8  268.8  0.81  -1.16  -0.98  158.5
56679.0  0.8  957.2  158.8  268.8  0.85  -1.24  -0.99  158.6
56680.0  0.9  957.4  158.8  268.8  0.91  -1.33  -0.98  158.5
56681.0  0.8  957.1  158.8  268.8  0.89  -1.31  -0.99  158.5
56682.0  0.8  957.3  158.8  268.8  0.79  -1.24  -0.99  158.6
56683.0  0.8  957.1  158.8  268.8  0.87  -1.24  -0.98  158.6
56684.0  0.8  957.0  158.8  268.8  0.87  -1.30  -1.00  158.7
56685.0  0.8  957.3  158.9  268.9  0.82  -1.36  -1.02  158.7
56686.0  0.9  956.9  158.9  268.8  0.92  -1.37  -1.00  158.7
56687.0  0.8  957.4  158.9  268.8  0.85  -1.35  -1.00  158.7
56688.0  0.8  957.0  158.9  268.8  0.76  -1.35  -1.00  158.7
56689.0  0.9  957.0  158.9  268.8  0.88  -1.33  -1.00  158.7
56690.0  0.9  957.2  158.9  268.8  0.97  -1.29  -1.00  158.7
56691.0  0.8  957.1  158.9  268.9  0.89  -1.24  -1.01  158.7
56692.0  0.8  957.5  158.9  268.8  0.83  -1.24  -1.00  158.7
56693.0  0.9  957.3  158.9  268.8  0.94  -1.35  -1.00  158.7
56694.0  0.8  957.2  158.9  268.9  0.91  -1.34  -1.03  158.7
56695.0  0.8  957.3  158.9  268.8  0.85  -1.28  -0.98  158.7
56696.0  0.8  957.4  158.9  268.8  0.90  -1.31  -0.99  158.6
56697.0  0.8  957.5  158.9  268.8  0.90  -1.31  -1.00  158.6
56698.0  0.8  957.3  159.0  268.8  0.88  -1.27  -0.99  158.5
56699.0  0.8  957.2  159.0  268.8  0.81  -1.23  -0.98  158.6
56700.0  0.9  957.2  159.0  268.8  0.90  -1.22  -0.97  158.5
56701.0  0.8  957.1  159.0  268.8  0.87  -1.13  -1.00  158.5
56702.0  0.8  957.4  159.0  268.8  0.89  -1.08  -0.98  158.5
56703.0  0.8  956.9  159.0  268.8  0.86  -1.18  -1.01  158.5
56704.0  0.8  957.5  159.0  268.8  0.85  -1.29  -1.01  158.5
56705.0  0.8  957.4  159.0  268.8  0.83  -1.31  -0.96  158.5
56706.0  0.9  957.4  159.1  268.8  0.90  -1.31  -0.97  158.4
56707.0  0.8  957.0  159.1  268.8  0.88  -1.25  -0.98  158.5
56708.0  0.8  956.9  159.1  268.8  0.87  -1.23  -0.98  158.4
56709.0  0.8  957.2  159.1  268.9  0.83  -1.27  -0.99  158.5
56710.0  0.8  957.4  159.1  268.9  0.87  -1.32  -1.00  158.4
56711.0  0.8  957.5  159.1  268.9  0.84  -1.33  -1.01  158.4
56712.0  0.8  957.3  159.1  268.9  0.90  -1.33  -1.01  158.4
56713.0  0.8  957.3  159.1  268.9  0.89  -1.32  -1.01  158.4
56714.0  0.8  956.9  159.1  268.9  0.85  -1.59  -1.00  158.4
56715.0  0.8  957.5  159.1  268.8  0.86  -2.62  -1.04  158.4
56716.0  0.9  957.0  159.1  268.7  0.94  -2.89  -1.03  158.4
56717.0  0.8  957.4  159.2  268.6  0.91  -2.66  -0.96  158.5
56718.0  0.8  957.1  159.2  268.5  0.90  -2.38  -0.96  158.5
56719.0  0.8  957.4  159.2  268.5  0.94  -2.19  -0.99  158.5
56720.0  0.8  957.3  159.2  268.5  0.86  -2.12  -0.99  158.6
56721.0  0.9  957.3  159.2  268.4  0.96  -2.12  -1.00  158.5
56722.0  0.8  957.2  159.2  268.4  0.90  -2.06  -1.00  158.6
56723.0  0.8  957.0  159.2  268.4  0.86  -1.96  -1.00  158.7
56724.0  0.9  957.4  159.2  268.3  0.96  -2.24  -1.03  158.6
56725.0  0.8  957.4  159.2  268.3  0.93  -3.24  -1.07  158.7
56726.0  0.8  957.3  159.2  268.1  0.92  -3.43  -1.01  158.7
56727.0  0.9  957.1  159.2  268.0  0.99  -3.20  -0.97  158.7
56728.0  0.8  957.0  159.2  267.9  0.93  -2.87  -0.98  158.8
56729.0  0.8  957.6  159.2  267.8  0.97  -2.61  -1.00  158.8
56730.0  0.8  957.4  159.2  267.8  0.95  -2.55  -1.02  158.9
56731.0  0.9  957.1  159.2  267.7  1.01  -2.58  -1.03  158.9
56732.0  0.8  957.4  159.2  267.7  1.01  -2.51  -1.03  158.9
56733.0  0.8  957.3  159.2  267.6  0.99  -2.39  -1.02  158.9
56734.0  0.7  957.0  159.2  267.5  0.87  -2.28  -1.02  158.9
56735.0  0.8  957.4  159.1  267.4  0.93  -2.19  -1.00  159.0
56736.0  0.8  957.1  159.2  267.4  0.90  -2.07  -1.01  159.1
56737.0  0.8  956.9  159.2  267.4  0.89  -1.95  -1.01  159.0
56738.0  0.8  957.3  159.1  267.4  0.92  -1.88  -1.03  159.0
56739.0  0.8  956.8  159.1  267.3  0.86  -1.84  -1.02  159.1
56740.0  0.8  957.3  159.1  267.3  0.94  -1.89  -1.03  159.0
56741.0  0.8  957.3  159.1  267.3  0.90  -1.83  -1.05  159.0
56742.0  0.8  957.2  159.1  267.2  0.87  -1.72  -1.01  158.9
56743.0  0.8  957.6  159.1  267.2  0.92  -1.85  -1.03  158.8
56744.0  0.8  957.4  159.1  267.1  0.84  -2.81  -1.07  158.9
56745.0  0.8  957.0  159.2  267.0  0.86  -3.21  -1.04  158.9
56746.0  0.9  957.4  159.2  266.9  1.02  -3.07  -0.99  158.8
56747.0  0.7  956.7  159.1  266.8  0.82  -2.78  -0.96  158.8
56748.0  0.9  957.0  159.2  266.7  0.94  -2.55  -0.95  158.8
56749.0  0.8  957.0  159.2  266.7  0.93  -2.42  -1.01  158.8
56750.0  0.7  957.1  159.2  266.6  0.82  -2.31  -1.00  158.8
56751.0  0.9  957.5  159.2  266.5  0.95  -2.27  -0.99  158.8
56752.0  0.8  957.1  159.2  266.5  0.91  -2.20  -1.03  158.8
56753.0  0.8  957.4  159.2  266.4  0.92  -2.08  -0.99  158.8
56754.0  0.8  957.1  159.2  266.4  0.88  -2.05  -1.01  158.9
56755.0  0.8  957.1  159.2  266.4  0.91  -2.02  -1.02  158.9
56756.0  0.8  957.4  159.2  266.3  0.91  -1.94  -1.00  159.0
56757.0  0.8  957.1  159.2  266.3  0.86  -1.86  -1.00  159.0
56758.0  0.8  957.0  159.2  266.2  0.95  -1.78  -0.98  158.9
56759.0  0.8  957.3  159.1  266.2  0.94  -1.72  -1.00  159.0
56760.0  0.8  957.0  159.2  266.2  0.86  -1.62  -1.00  159.0
56761.0  0.9  957.1  159.2  266.2  1.00  -1.54  -0.97  158.9
56762.0  0.8  957.0  159.1  266.2  1.01  -1.54  -1.01  158.9
56763.0  0.8  956.9  159.1  266.2  0.90  -1.59  -1.01  158.9
56764.0  0.8  957.4  159.1  266.2  0.93  -1.69  -1.01  158.9
56765.0  0.8  957.1  159.1  266.1  0.96  -1.65  -1.00  158.9
56766.0  0.8  957.0  159.1  266.1  0.87  -1.57  -0.99  158.9
56767.0  0.8  957.3  159.1  266.1  0.90  -1.52  -0.99  158.9
56768.0  0.9  957.0  159.1  266.1  1.01  -1.51  -1.00  158.8
56769.0  0.8  957.5  159.1  266.1  0.90  -1.52  -1.01  158.9
56770.0  0.8  957.2  159.1  266.1  0.93  -1.56  -1.01  158.8
56771.0  0.8  956.9  159.1  266.0  0.99  -1.52  -1.01  158.8
56772.0  0.8  957.4  159.0  266.0  0.89  -1.42  -0.98  158.8
56773.0  0.8  957.1  159.0  266.0  0.89  -1.37  -0.98  158.8
56774.0  0.8  957.3  159.0  266.1  0.88  -1.39  -0.99  158.8
56775.0  0.8  957.2  159.0  266.1  0.89  -1.44  -1.00  158.7
56776.0  0.8  957.0  159.1  266.1  0.83  -1.50  -0.98  158.8
