flight/WP3D/AircraftMet_NP3_20130626_RA.ict
43  1001
Ken Aikin
NOAA ESRL Chemical Sciences Division
various aircraft sensors
SENEX 2013
1  1
2013  06  26  2013  06  26
1
AOCTimewave
10
1  1  1  1  1  1  1  1  1  1
-9999  -9999  -9999  -9999  -9999  -9999  -9999  -9999  -9999  -9999
AmbTemp  C
DewPtTemp  C
DewPtTempTDL  C
H2Omr  g/kg
PotTemp  K
RelHumidity  pct
StaticPrs  mbar
VertWindSpd  m/s
WindDir  deg
WindSpd  m/s
1
SPECIAL COMMENTS:Fayetteville shale flight.
18
PI_CONTACT_INFO: Address: NOAA ESRL Chemical Sciences Division  Mail Stop R/CSD7  325 Broadway  Boulder  CO 80305
PLATFORM: NOAA WP-3D
LOCATION: The aircraft was stationed in  Smyrna  Tennessee. Aircraft location information in AircraftPosition file.
ASSOCIATED_DATA: N/A
INSTRUMENT_INFO: N/A
DATA_INFO: Units:AmbTemp celcius; DewPtTemp celcius; DewPtTempTDL celcius; H2Omr g/kg; PotTemp kelvin; RelHumidity percent; StaticPrs millibar; VertWindSpd m/s; WindDir degrees; WindSpd m/s
UNCERTAINTY: N/A
ULOD_FLAG: -7777
ULOD_VALUE: N/A
LLOD_FLAG: -8888
LLOD_VALUE: N/A
DM_CONTACT_INFO: Data Manager:Ken Aikin; email:Kenneth.C.Aikin@noaa.gov
PROJECT_INFO: SENEX 2013 Study; June 1 - July 15  2013
STIPULATIONS_ON_USE: Use of these data require prior ok from PI.
OTHER_COMMENTS:       None
REVISION: RA
RA: Preliminary Data.  For in-field use.
AOCTimewave  AmbTemp  DewPtTemp  DewPtTempTDL  H2Omr  PotTemp  RelHumidity  StaticPrs  VertWindSpd  WindDir  WindSpd
[from data line 19609]
73477.0  15.820  8.930  1.710  9.16  309.45  63.06  786.62  -0.42  260.53  11.97
73478.0  15.770  9.050  2.040  9.23  309.32  63.77  787.29  -0.44  260.57  11.87
73479.0  15.770  9.170  2.130  9.29  309.25  64.30  787.96  -0.50  260.64  11.92
73480.0  15.760  9.310  2.040  9.37  309.16  64.94  788.65  -0.46  260.41  11.94
73481.0  15.850  9.460  1.920  9.46  309.17  65.23  789.34  -0.48  260.34  11.97
73482.0  15.810  9.600  1.970  9.54  309.07  66.05  789.89  -0.57  259.63  11.87
73483.0  15.850  9.760  2.060  9.64  309.05  66.58  790.46  -0.55  258.64  11.90
73484.0  15.840  9.930  2.050  9.75  308.96  67.43  791.09  -0.56  257.56  12.02
73485.0  15.890  10.090  2.120  9.85  308.96  67.91  791.63  -0.60  256.23  12.09
73486.0  15.890  10.240  2.200  9.94  308.89  68.59  792.27  -0.48  256.02  12.13
73487.0  16.000  10.340  2.120  10.00  308.95  68.60  792.76  -0.34  257.01  12.01
73488.0  16.000  10.450  1.950  10.07  308.90  69.13  793.22  -0.57  255.68  11.96
73489.0  16.080  10.570  1.910  10.15  308.93  69.30  793.72  -0.68  255.22  11.90
73490.0  16.140  10.680  1.970  10.22  308.94  69.56  794.20  -0.59  254.63  12.07
73491.0  16.140  10.820  2.020  10.31  308.89  70.22  794.69  -0.57  253.20  12.23
73492.0  16.240  10.920  1.960  10.37  308.92  70.27  795.28  -0.31  253.78  12.36
73493.0  16.270  10.990  1.910  10.41  308.90  70.44  795.79  0.02  253.30  12.50
73494.0  16.250  11.040  1.940  10.44  308.84  70.75  796.11  0.18  251.69  12.49
73495.0  16.300  11.060  1.930  10.45  308.84  70.65  796.65  0.09  251.54  12.26
73496.0  16.350  11.080  1.800  10.45  308.84  70.46  797.15  -0.05  252.36  12.19
73497.0  16.440  11.090  1.770  10.45  308.87  70.13  797.63  0.02  252.26  12.17
73498.0  16.420  11.090  1.900  10.45  308.80  70.21  798.19  0.05  251.31  12.32
73499.0  16.360  11.090  2.070  10.45  308.69  70.50  798.65  0.10  248.93  12.33
73500.0  16.180  11.100  2.230  10.44  308.43  71.37  799.20  -0.11  248.93  12.58
73501.0  16.150  11.120  2.120  10.45  308.35  71.61  799.69  -0.45  249.89  12.46
73502.0  16.300  11.170  1.850  10.48  308.46  71.12  800.08  -0.57  250.46  12.30
73503.0  16.380  11.210  1.590  10.50  308.49  70.99  800.61  -0.54  249.86  12.39
73504.0  16.470  11.240  1.500  10.52  308.53  70.73  801.07  -0.44  249.81  12.21
73505.0  16.490  11.270  1.440  10.53  308.51  70.73  801.54  -0.42  249.83  12.27
73506.0  16.420  11.290  1.500  10.54  308.38  71.13  802.06  -0.60  249.79  12.04
73507.0  16.460  11.310  1.510  10.55  308.35  71.08  802.69  -0.58  247.95  11.67
73508.0  16.590  11.330  1.410  10.56  308.45  70.61  802.97  -0.90  247.11  11.51
73509.0  16.750  11.350  1.410  10.56  308.56  69.94  803.52  -0.97  247.53  11.31
73510.0  16.810  11.390  1.310  10.59  308.58  69.88  803.93  -0.81  247.78  11.32
73511.0  16.830  11.430  1.390  10.61  308.54  69.94  804.54  -0.62  247.45  11.42
73512.0  16.820  11.450  1.500  10.62  308.47  70.13  805.02  -0.60  246.34  11.43
73513.0  16.800  11.500  1.530  10.64  308.41  70.39  805.48  -0.68  246.79  11.58
73514.0  16.820  11.520  1.490  10.65  308.39  70.41  805.79  -0.78  246.73  11.62
73515.0  16.910  11.530  1.370  10.66  308.43  70.06  806.28  -0.65  246.19  11.62
73516.0  16.920  11.540  1.280  10.66  308.40  70.04  806.73  -0.60  246.18  11.86
73517.0  17.000  11.520  1.150  10.64  308.42  69.64  807.24  -0.65  247.53  11.94
73518.0  17.060  11.500  1.060  10.61  308.42  69.25  807.79  -0.56  248.20  12.20
73519.0  17.060  11.490  1.060  10.60  308.37  69.18  808.33  -0.42  248.65  12.35
73520.0  17.080  11.490  1.010  10.59  308.34  69.11  808.78  -0.24  248.85  12.45
73521.0  17.130  11.490  1.010  10.59  308.36  68.88  809.08  -0.10  249.06  12.50
73522.0  17.180  11.490  1.090  10.58  308.34  68.67  809.78  -0.05  249.64  12.70
73523.0  17.170  11.490  1.160  10.57  308.25  68.74  810.45  0.04  250.14  12.77
73524.0  17.190  11.500  1.350  10.57  308.23  68.64  810.87  0.16  250.47  12.65
73525.0  17.160  11.510  1.430  10.57  308.13  68.85  811.57  0.01  250.40  12.48
73526.0  17.240  11.520  1.580  10.57  308.13  68.53  812.27  -0.05  250.39  12.37
73527.0  17.260  11.540  1.520  10.57  308.08  68.56  812.90  -0.01  249.90  12.19
73528.0  17.330  11.580  1.510  10.60  308.09  68.42  813.60  0.02  249.85  12.14
73529.0  17.400  11.590  1.530  10.59  308.09  68.15  814.26  0.15  249.20  12.10
73530.0  17.390  11.610  1.760  10.59  308.00  68.26  814.97  0.25  248.80  12.14
73531.0  17.430  11.660  1.900  10.62  307.94  68.33  815.92  0.29  248.17  11.93
73532.0  17.450  11.700  1.930  10.64  307.86  68.43  816.93  0.47  248.13  12.03
73533.0  17.510  11.770  2.100  10.67  307.80  68.49  817.98  0.59  248.72  12.12
73534.0  17.590  11.830  2.130  10.70  307.79  68.43  818.90  0.79  248.28  12.07
73535.0  17.790  11.900  1.900  10.74  307.90  67.88  819.87  1.06  247.12  11.90
73536.0  17.960  11.950  1.690  10.76  307.94  67.35  821.12  1.13  247.09  11.70
73537.0  18.110  12.000  1.580  10.78  307.97  66.92  822.28  0.98  246.06  11.76
73538.0  18.230  12.050  1.680  10.80  308.00  66.61  823.22  1.12  246.05  11.85
73539.0  18.360  12.090  1.830  10.82  308.02  66.27  824.28  1.09  246.92  12.16
73540.0  18.360  12.140  2.050  10.84  307.91  66.47  825.40  1.12  248.46  12.38
73541.0  18.370  12.190  2.320  10.86  307.79  66.63  826.59  1.31  249.72  12.92
73542.0  18.240  12.240  2.780  10.88  307.55  67.47  827.58  1.34  249.49  13.49
73543.0  18.070  12.320  3.500  10.92  307.25  68.56  828.67  1.43  252.27  13.61
73544.0  17.880  12.470  3.660  11.02  306.94  70.07  829.78  1.33  252.81  13.74
73545.0  17.890  12.620  3.560  11.13  306.86  70.79  830.57  1.16  252.86  13.90
73546.0  17.920  12.770  3.480  11.22  306.79  71.35  831.58  0.86  252.72  14.06
73547.0  17.990  12.900  3.500  11.30  306.76  71.60  832.60  0.74  252.91  14.12
73548.0  18.070  13.030  3.400  11.38  306.73  71.85  833.68  0.56  252.67  13.91
73549.0  18.130  13.150  3.300  11.46  306.68  72.20  834.71  0.39  251.90  14.10
73550.0  18.100  13.250  3.190  11.53  306.53  72.83  835.81  0.11  250.58  14.37
73551.0  18.170  13.350  3.350  11.59  306.49  72.95  836.93  -0.03  251.31  14.52
73552.0  18.290  13.460  3.300  11.65  306.49  72.93  838.15  -0.17  251.79  14.40
73553.0  18.470  13.580  3.400  11.73  306.54  72.65  839.44  -0.14  251.25  14.42
73554.0  18.610  13.700  3.300  11.81  306.57  72.61  840.59  -0.18  251.01  14.58
73555.0  18.700  13.840  3.300  11.90  306.55  72.85  841.69  -0.55  250.83  14.67
73556.0  18.790  13.970  3.270  11.98  306.52  73.03  842.86  -0.41  251.37  14.51
73557.0  18.870  14.090  3.320  12.06  306.48  73.24  844.08  -0.47  250.22  14.68
73558.0  19.020  14.190  3.270  12.12  306.51  73.02  845.28  -0.35  250.87  14.51
73559.0  19.140  14.250  3.180  12.15  306.52  72.77  846.43  0.05  250.61  14.63
73560.0  19.270  14.240  3.000  12.13  306.55  72.10  847.46  0.48  251.14  14.88
73561.0  19.230  14.230  3.160  12.11  306.41  72.21  848.43  0.66  249.61  14.91
73562.0  18.880  14.210  3.780  12.08  305.93  73.78  849.51  0.58  246.01  14.41
73563.0  18.830  14.250  4.420  12.09  305.76  74.20  850.67  0.39  246.26  14.40
73564.0  19.000  14.340  4.210  12.15  305.82  73.88  851.78  0.48  247.18  14.14
73565.0  18.980  14.460  4.430  12.23  305.70  74.58  852.77  -0.02  245.69  13.70
73566.0  18.840  14.590  4.990  12.32  305.49  75.82  853.50  -0.06  242.23  13.58
73567.0  18.930  14.710  5.030  12.41  305.47  76.04  854.46  -0.18  243.54  13.33
73568.0  18.900  14.880  5.120  12.53  305.35  77.03  855.32  -0.26  241.24  13.37
73569.0  18.760  15.030  5.520  12.65  305.11  78.52  856.27  -0.54  239.05  13.21
73570.0  18.640  15.200  6.050  12.77  304.89  80.00  857.29  -0.79  241.57  12.44
73571.0  18.610  15.420  6.230  12.95  304.76  81.29  858.24  -1.06  239.68  12.42
73572.0  18.860  15.680  6.000  13.15  304.93  81.39  859.14  -1.42  237.86  13.56
73573.0  19.070  15.870  5.650  13.30  305.08  81.27  859.85  -1.53  238.52  13.22
73574.0  19.250  16.060  5.530  13.46  305.18  81.40  860.67  -1.29  239.90  13.44
73575.0  19.310  16.270  5.570  13.63  305.16  82.16  861.47  -1.00  238.73  13.36
73576.0  19.490  16.460  5.660  13.79  305.28  82.25  862.16  -1.25  241.63  13.75
73577.0  19.630  16.660  5.390  13.96  305.36  82.58  862.86  -0.95  241.21  13.48
73578.0  19.680  16.840  5.460  14.11  305.32  83.31  863.72  -0.81  239.66  13.38
73579.0  19.780  16.960  5.480  14.21  305.37  83.39  864.31  -1.06  240.95  13.56
73580.0  19.900  17.050  5.370  14.28  305.42  83.29  864.97  -0.71  241.05  13.57
73581.0  19.930  17.080  5.390  14.30  305.38  83.30  865.68  -0.37  239.13  13.53
73582.0  19.910  17.150  5.540  14.35  305.29  83.73  866.38  -0.05  240.63  13.00
73583.0  20.030  17.200  5.470  14.38  305.33  83.40  867.19  -0.22  240.54  13.15
73584.0  20.000  17.250  5.480  14.41  305.24  83.77  867.83  -0.28  238.99  12.64
73585.0  20.040  17.260  5.560  14.42  305.20  83.64  868.63  0.28  238.31  12.35
73586.0  20.020  17.260  5.660  14.41  305.14  83.76  869.09  0.25  237.20  12.56
73587.0  19.960  17.220  5.780  14.36  305.02  83.83  869.64  0.01  235.60  12.37
73588.0  19.960  17.160  6.050  14.29  304.96  83.54  870.25  0.06  234.90  12.21
73589.0  19.960  17.190  5.980  14.31  304.87  83.71  871.10  -0.09  234.56  12.21
73590.0  20.000  17.210  6.130  14.32  304.85  83.62  871.71  -0.02  235.72  11.48
73591.0  20.020  17.260  6.290  14.36  304.82  83.81  872.20  -0.26  236.93  11.91
73592.0  20.110  17.350  6.210  14.42  304.85  83.74  872.86  -0.15  236.23  12.16
73593.0  20.200  17.390  5.920  14.46  304.88  83.52  873.54  -0.18  236.09  12.25
73594.0  20.250  17.430  5.840  14.47  304.87  83.42  874.18  -0.44  236.14  12.19
73595.0  20.320  17.490  5.860  14.52  304.86  83.42  874.89  -0.61  235.38  12.28
73596.0  20.320  17.550  5.890  14.57  304.81  83.76  875.44  -0.59  235.97  12.25
73597.0  20.420  17.650  5.790  14.66  304.87  83.75  875.95  -0.76  233.41  12.88
73598.0  20.520  17.720  5.650  14.71  304.93  83.58  876.32  -0.34  234.88  12.68
73599.0  20.510  17.800  5.710  14.78  304.86  84.07  876.96  -0.65  235.59  12.02
73600.0  20.640  17.860  5.700  14.83  304.92  83.72  877.68  -0.58  235.68  12.69
73601.0  20.690  17.930  5.650  14.88  304.92  83.81  878.24  -0.59  235.15  12.98
73602.0  20.760  17.970  5.530  14.92  304.93  83.72  878.76  -0.59  235.62  12.72
73603.0  20.840  18.010  5.400  14.94  304.96  83.42  879.45  -0.64  234.35  12.94
73604.0  20.920  18.040  5.380  14.96  304.98  83.22  880.08  -0.64  234.22  12.74
73605.0  21.080  18.030  5.180  14.94  305.07  82.33  880.83  -0.75  234.90  13.27
73606.0  21.170  18.030  5.120  14.92  305.10  81.83  881.50  -0.65  235.42  13.29
73607.0  21.290  18.010  5.050  14.90  305.16  81.14  882.08  -0.28  236.74  13.22
73608.0  21.400  17.980  4.900  14.85  305.21  80.42  882.67  0.01  236.29  13.49
73609.0  21.400  17.940  4.810  14.80  305.15  80.18  883.30  0.28  236.44  12.88
73610.0  21.460  17.920  4.890  14.77  305.14  79.78  884.08  0.34  235.80  12.81
73611.0  21.510  17.890  4.920  14.73  305.10  79.40  884.97  0.51  235.37  12.76
73612.0  21.620  17.890  4.960  14.71  305.16  78.81  885.64  0.51  236.37  13.11
73613.0  21.520  17.840  5.080  14.66  304.97  79.09  886.46  0.40  233.50  12.82
73614.0  21.590  17.800  5.330  14.60  304.96  78.53  887.28  -0.07  232.54  12.40
73615.0  21.560  17.790  5.300  14.58  304.83  78.61  888.32  -0.53  227.20  12.18
73616.0  21.660  17.800  5.360  14.57  304.82  78.18  889.42  -0.85  226.74  10.91
73617.0  21.980  17.800  5.140  14.56  305.09  76.63  890.11  -1.37  233.21  11.07
73618.0  21.950  17.790  5.260  14.53  304.98  76.72  890.86  -0.83  230.76  10.66
73619.0  21.930  17.800  5.550  14.53  304.89  76.87  891.64  -1.01  229.86  10.45
73620.0  22.020  17.810  5.740  14.53  304.88  76.50  892.73  -0.65  238.10  10.02
73621.0  22.030  17.860  5.800  14.56  304.81  76.69  893.51  -0.48  238.69  9.66
73622.0  22.180  17.940  5.540  14.61  304.88  76.32  894.44  -1.35  238.13  10.52
73623.0  22.300  18.000  5.370  14.66  304.91  76.09  895.37  -1.39  231.82  11.19
73624.0  22.370  18.000  5.450  14.64  304.87  75.76  896.48  -2.82  232.57  10.62
73625.0  22.290  18.070  5.730  14.69  304.70  76.46  897.39  -2.95  230.95  8.41
73626.0  22.370  18.140  6.180  14.73  304.68  76.40  898.47  -1.08  228.21  8.79
73627.0  22.500  18.250  6.220  14.84  304.77  76.37  898.90  -0.35  237.14  8.44
73628.0  22.590  18.350  6.170  14.92  304.82  76.42  899.36  -1.09  247.94  8.34
73629.0  22.620  18.450  6.120  15.00  304.78  76.76  900.11  -1.14  243.40  9.64
73630.0  22.540  18.550  6.140  15.09  304.63  77.67  900.79  -0.71  237.08  9.57
73631.0  22.650  18.650  6.010  15.17  304.68  77.61  901.36  -1.22  232.36  9.80
73632.0  22.730  18.720  5.830  15.23  304.70  77.56  902.17  -0.70  226.90  10.47
73633.0  22.890  18.750  5.860  15.25  304.79  76.95  902.91  -1.03  231.25  10.30
73634.0  23.010  18.800  5.790  15.29  304.84  76.61  903.66  -1.46  232.96  11.16
73635.0  22.990  18.850  5.790  15.32  304.74  76.94  904.42  -1.36  232.34  10.01
73636.0  23.090  18.860  5.870  15.32  304.77  76.56  905.21  0.23  231.76  10.67
73637.0  23.120  18.920  5.680  15.37  304.76  76.66  905.68  0.12  229.62  11.02
73638.0  23.140  18.950  5.830  15.39  304.73  76.73  906.16  -0.35  231.33  11.37
73639.0  23.190  18.980  5.650  15.41  304.73  76.64  906.71  -1.49  227.82  10.96
73640.0  23.200  19.040  5.470  15.46  304.66  76.92  907.48  -1.90  225.18  9.95
73641.0  23.420  19.080  5.410  15.48  304.82  76.05  908.17  -1.98  224.57  10.60
73642.0  23.530  19.070  5.320  15.46  304.89  75.46  908.76  -2.65  222.94  10.99
73643.0  23.710  19.000  5.570  15.39  305.03  74.31  909.11  -0.95  230.19  11.27
73644.0  23.620  18.990  5.420  15.37  304.93  74.64  909.27  0.96  227.13  10.42
73645.0  23.570  18.980  5.700  15.36  304.88  74.85  909.15  0.07  230.56  8.84
73646.0  23.550  18.970  5.670  15.36  304.87  74.90  909.06  1.08  220.10  10.11
73647.0  23.510  18.950  5.650  15.34  304.87  74.97  908.69  1.63  222.35  8.57
73648.0  23.670  18.950  5.600  15.35  305.06  74.22  908.48  2.04  227.89  9.24
73649.0  23.720  18.990  5.550  15.39  305.11  74.21  908.38  1.60  242.38  9.45
73650.0  23.590  19.010  5.620  15.41  304.96  74.91  908.56  0.46  249.11  8.80
73651.0  23.420  19.040  5.600  15.44  304.80  75.85  908.50  1.20  236.52  9.09
73652.0  23.520  19.060  5.640  15.46  304.90  75.45  908.51  0.67  237.54  9.88
73653.0  23.520  19.050  5.540  15.44  304.87  75.40  908.76  -1.24  241.05  10.07
73654.0  23.450  19.060  5.490  15.45  304.77  75.80  909.03  -1.40  238.24  9.50
73655.0  23.560  19.050  5.570  15.44  304.88  75.21  909.13  -1.75  234.11  10.39
73656.0  23.650  19.030  5.540  15.42  304.96  74.75  909.24  -1.39  236.46  11.04
73657.0  23.680  19.050  5.560  15.43  304.97  74.70  909.46  -1.18  234.88  12.68
73658.0  23.570  19.070  5.510  15.46  304.87  75.29  909.28  -1.31  228.89  12.37
73659.0  23.620  19.110  5.390  15.49  304.92  75.26  909.37  -0.18  228.47  11.86
73660.0  23.670  19.090  5.430  15.48  304.99  74.92  909.14  -1.12  231.56  10.90
73661.0  23.680  19.060  5.160  15.45  305.00  74.71  909.18  -0.77  231.35  11.28
73662.0  23.580  19.060  5.360  15.44  304.89  75.16  909.18  -0.54  223.69  12.10
73663.0  23.530  19.040  5.370  15.43  304.87  75.29  908.94  -0.51  224.88  10.72
73664.0  23.570  19.030  5.360  15.42  304.93  75.09  908.70  0.33  220.01  9.40
73665.0  23.710  19.010  5.400  15.41  305.11  74.31  908.39  0.84  221.60  10.09
73666.0  23.630  19.000  5.350  15.40  305.06  74.63  908.00  2.14  225.63  8.50
73667.0  23.590  18.960  5.220  15.38  305.06  74.66  907.61  0.44  229.51  8.61
73668.0  23.480  18.930  5.250  15.35  304.97  75.06  907.30  -0.94  221.78  9.98
73669.0  23.510  18.920  5.180  15.34  305.02  74.83  907.16  -1.25  224.32  10.32
