flight/WP3D/AircraftPos_NP3_20130603_RA.ict
38  1001
Ken Aikin
NOAA ESRL Chemical Sciences Division
various aircraft sensors
SENEX 2013
1  1
2013  06  03  2013  06  04
1
AOCTimewave
5
1  1  1  1  1 
-9999  -9999  -9999  -9999  -9999
GpsLat  deg
GpsLon  deg
GpsAlt  m
PAlt  m
RAlt  m
1
SPECIAL COMMENTS:Transit from Tampa  FL to Smyrna  TN.
18
PI_CONTACT_INFO: Address: NOAA ESRL Chemical Sciences Division  Mail Stop R/CSD7  325 Broadway  Boulder  CO 80305
PLATFORM: NOAA WP-3D
LOCATION: The aircraft was stationed in Smyrna  Tennessee. Aircraft location information in AircraftPosition file.
ASSOCIATED_DATA: N/A
INSTRUMENT_INFO: N/A
DATA_INFO: Units:GpsLat:decimal degrees; GpsLon: decimal degrees; GpsAlt: meters; PAlt:meters; RAlt: meters.
UNCERTAINTY: N/A
ULOD_FLAG: -7777
ULOD_VALUE: N/A
LLOD_FLAG: -8888
LLOD_VALUE: N/A
DM_CONTACT_INFO: Data Manager:Ken Aikin; email:Kenneth.C.Aikin@noaa.gov
PROJECT_INFO: SENEX 2013 Study; June 1 - July 15  2013
STIPULATIONS_ON_USE: Use of these data require prior ok from PI.
OTHER_COMMENTS:       None
REVISION: RA
RA: Preliminary Data.  For in-field use.
AOCTimewave  GpsLat  GpsLon  GpsAlt  PAlt  RAlt
51271.0  27.8516   -82.5191     12.2    -53.0      1.7
51272.0  27.8511   -82.5195     12.9    -56.4      1.6
51273.0  27.8507   -82.5200     14.6    -49.9      3.2
51274.0  27.8502   -82.5205     16.4    -41.1      5.0
51275.0  27.8497   -82.5209     18.4    -36.4      6.9
51276.0  27.8492   -82.5214     20.8    -31.1      9.4
51277.0  27.8487   -82.5219     23.6    -24.4     12.3
51278.0  27.8482   -82.5224     26.7    -20.0     15.3
51279.0  27.8477   -82.5229     29.9    -16.6     18.5
51280.0  27.8472   -82.5234     33.5    -12.3     22.2
51281.0  27.8466   -82.5238     37.4     -8.5     26.3
51282.0  27.8461   -82.5243     41.6     -3.8     30.5
51283.0  27.8456   -82.5248     45.7      0.6     34.8
51284.0  27.8451   -82.5253     50.0      6.9     39.2
51285.0  27.8446   -82.5258     54.2     10.9     43.5
51286.0  27.8440   -82.5263     58.2     13.5     47.7
51287.0  27.8435   -82.5268     62.3     16.7     51.7
51288.0  27.8430   -82.5274     66.5     21.7     56.1
51289.0  27.8424   -82.5279     71.1     26.8     60.6
51290.0  27.8419   -82.5284     75.6     31.5     65.4
51291.0  27.8414   -82.5289     80.2     35.1     70.0
51292.0  27.8408   -82.5294     84.9     38.5     74.8
51293.0  27.8403   -82.5299     90.0     41.1     79.6
51294.0  27.8397   -82.5304     95.4     45.0     84.8
51295.0  27.8392   -82.5310    101.6     50.7     90.7
51296.0  27.8386   -82.5315    108.4     57.1     97.6
51297.0  27.8381   -82.5320    115.3     63.0    104.4
51298.0  27.8375   -82.5326    121.8     68.7    111.2
51299.0  27.8370   -82.5331    127.8     72.8    117.4
51300.0  27.8364   -82.5336    133.1     76.9    123.4
51301.0  27.8359   -82.5342    138.8     83.8    128.3
51302.0  27.8353   -82.5347    144.7     89.6    134.0
51303.0  27.8347   -82.5352    150.1     94.5    139.6
51304.0  27.8342   -82.5358    155.0     97.6    145.9
51305.0  27.8336   -82.5363    159.8    101.2    151.4
51306.0  27.8330   -82.5368    164.8    106.3    155.8
51307.0  27.8324   -82.5373    170.0    111.9    161.9
51308.0  27.8317   -82.5377    175.5    117.9    167.5
51309.0  27.8311   -82.5381    181.2    123.7    172.3
51310.0  27.8304   -82.5386    186.5    129.1    176.3
51311.0  27.8297   -82.5389    191.2    132.8    182.4
51312.0  27.8290   -82.5393    195.6    136.0    187.3
51313.0  27.8283   -82.5397    200.0    140.0    191.1
51314.0  27.8276   -82.5400    204.4    145.3    196.8
51315.0  27.8269   -82.5403    208.7    150.1    201.2
51316.0  27.8262   -82.5406    212.1    153.2    204.4
51317.0  27.8254   -82.5408    214.9    155.0    207.3
51318.0  27.8247   -82.5410    217.9    158.0    209.3
51319.0  27.8239   -82.5412    220.7    160.9    213.4
51320.0  27.8231   -82.5414    223.5    163.6    216.6
51321.0  27.8223   -82.5415    226.7    166.5    219.8
51322.0  27.8215   -82.5416    230.0    169.5    221.7
51323.0  27.8207   -82.5417    233.3    172.4    225.0
51324.0  27.8199   -82.5417    236.7    175.5    230.0
51325.0  27.8191   -82.5417    240.4    179.8    233.1
51326.0  27.8183   -82.5417    244.3    182.1    237.3
51327.0  27.8174   -82.5417    248.7    184.1    241.0
51328.0  27.8166   -82.5417    253.8    189.5    246.6
51329.0  27.8158   -82.5416    259.1    193.8    253.2
51330.0  27.8149   -82.5416    264.1    196.8    257.1
51331.0  27.8141   -82.5415    269.2    204.8    261.7
51332.0  27.8132   -82.5415    274.1    211.9    266.7
51333.0  27.8124   -82.5414    278.5    215.8    273.2
51334.0  27.8115   -82.5413    282.7    219.2    276.6
51335.0  27.8107   -82.5413    286.9    222.8    279.5
51336.0  27.8098   -82.5412    290.7    225.6    285.5
51337.0  27.8089   -82.5412    294.4    228.5    287.9
51338.0  27.8081   -82.5411    298.2    233.6    291.5
51339.0  27.8072   -82.5410    301.9    236.3    294.7
51340.0  27.8063   -82.5410    305.7    240.3    299.0
51341.0  27.8054   -82.5409    309.4    244.6    303.3
51342.0  27.8045   -82.5408    312.9    247.7    307.2
51343.0  27.8036   -82.5407    316.4    251.4    310.1
51344.0  27.8027   -82.5407    319.5    254.9    313.8
51345.0  27.8018   -82.5406    321.7    256.4    315.4
51346.0  27.8009   -82.5405    323.5    256.1    318.5
51347.0  27.8000   -82.5404    325.6    257.5    319.4
51348.0  27.7990   -82.5403    329.0    260.9    322.4
51349.0  27.7981   -82.5403    332.8    264.9    328.5
51350.0  27.7971   -82.5402    336.8    268.7    331.5
51351.0  27.7962   -82.5401    340.8    272.8    334.7
51352.0  27.7952   -82.5400    345.4    276.6    339.9
51353.0  27.7943   -82.5399    350.3    282.3    344.1
51354.0  27.7933   -82.5398    355.1    286.9    349.7
51355.0  27.7924   -82.5397    359.9    291.4    354.1
51356.0  27.7914   -82.5396    364.9    296.4    358.7
51357.0  27.7904   -82.5395    369.5    301.5    363.5
51358.0  27.7895   -82.5395    373.7    304.9    368.1
51359.0  27.7885   -82.5394    378.1    309.2    376.1
51360.0  27.7875   -82.5393    382.8    313.4    376.6
51361.0  27.7865   -82.5392    387.3    317.7    378.5
51362.0  27.7855   -82.5391    392.0    322.6    384.8
51363.0  27.7845   -82.5390    397.0    326.4    392.3
51364.0  27.7835   -82.5390    402.2    330.8    393.3
51365.0  27.7825   -82.5389    408.3    337.8    403.9
51366.0  27.7815   -82.5388    415.1    344.8    408.6
51367.0  27.7805   -82.5387    422.0    351.0    416.3
51368.0  27.7795   -82.5387    429.1    358.5    425.7
51369.0  27.7785   -82.5386    436.2    364.8    428.9
51370.0  27.7775   -82.5385    442.6    370.5    435.6
51371.0  27.7765   -82.5384    448.6    376.8    439.7
51372.0  27.7755   -82.5384    454.4    383.4    448.4
51373.0  27.7745   -82.5383    459.4    388.0    455.1
51374.0  27.7735   -82.5382    464.5    392.5    457.5
51375.0  27.7725   -82.5381    470.4    398.6    464.9
51376.0  27.7714   -82.5381    476.2    404.1    469.8
51377.0  27.7704   -82.5380    481.6    408.8    474.8
51378.0  27.7694   -82.5379    487.1    413.9    484.5
51379.0  27.7684   -82.5379    492.6    419.2    487.4
51380.0  27.7673   -82.5378    498.2    425.4    490.2
51381.0  27.7663   -82.5378    503.5    430.4    496.0
51382.0  27.7653   -82.5377    507.9    435.8    501.0
51383.0  27.7642   -82.5377    510.8    437.7    504.0
51384.0  27.7632   -82.5376    512.8    439.4    509.9
51385.0  27.7622   -82.5376    514.2    441.3    511.0
51386.0  27.7611   -82.5375    514.5    442.1    509.1
51387.0  27.7600   -82.5375    514.5    441.3    511.5
51388.0  27.7590   -82.5374    514.5    442.6    508.6
51389.0  27.7579   -82.5374    514.5    442.1    509.7
51390.0  27.7569   -82.5374    513.7    441.0    510.2
51391.0  27.7558   -82.5373    513.5    441.1    511.4
51392.0  27.7547   -82.5373    514.5    441.7    510.9
51393.0  27.7536   -82.5372    514.5    441.4    509.9
51394.0  27.7525   -82.5372    515.6    442.6    510.0
51395.0  27.7514   -82.5371    517.5    445.0    512.7
51396.0  27.7504   -82.5371    519.1    446.9    513.6
51397.0  27.7493   -82.5371    520.6    448.7    514.9
51398.0  27.7482   -82.5370    521.8    449.6    514.8
51399.0  27.7471   -82.5370    522.4    447.3    516.6
51400.0  27.7460   -82.5369    524.7    449.8    519.0
51401.0  27.7449   -82.5369    528.5    454.7    522.0
51402.0  27.7437   -82.5369    533.5    460.3    530.1
51403.0  27.7426   -82.5368    539.0    464.6    532.7
51404.0  27.7415   -82.5368    545.2    470.8    539.9
51405.0  27.7404   -82.5368    551.9    476.4    548.1
51406.0  27.7393   -82.5368    559.2    482.0    552.3
51407.0  27.7382   -82.5367    567.0    489.5    561.7
51408.0  27.7372   -82.5367    575.0    497.5    568.4
51409.0  27.7361   -82.5367    582.8    504.9    579.7
51410.0  27.7350   -82.5367    590.4    512.0    585.6
51411.0  27.7339   -82.5366    598.0    520.1    592.9
51412.0  27.7328   -82.5366    605.5    528.0    605.6
51413.0  27.7317   -82.5365    613.1    536.3    602.9
51414.0  27.7306   -82.5365    620.3    542.7    617.9
51415.0  27.7295   -82.5364    627.3    548.1    622.6
51416.0  27.7284   -82.5364    634.8    555.6    625.9
51417.0  27.7273   -82.5363    642.3    562.3    637.1
51418.0  27.7262   -82.5363    649.3    570.9    645.2
51419.0  27.7251   -82.5362    656.2    577.1    651.6
51420.0  27.7240   -82.5361    663.1    584.0    661.2
51421.0  27.7230   -82.5361    670.0    591.4    661.8
51422.0  27.7219   -82.5360    676.7    597.6    671.1
51423.0  27.7208   -82.5359    683.4    602.8    677.4
51424.0  27.7197   -82.5359    690.6    609.5    685.1
51425.0  27.7186   -82.5358    697.5    617.3    694.0
51426.0  27.7175   -82.5357    703.9    622.8    700.3
51427.0  27.7164   -82.5356    710.4    628.4    707.6
51428.0  27.7153   -82.5356    717.0    634.8    716.3
51429.0  27.7142   -82.5355    723.6    641.0    720.5
51430.0  27.7132   -82.5355    730.3    648.2    721.2
51431.0  27.7121   -82.5355    737.4    655.6    734.1
51432.0  27.7110   -82.5355    744.9    661.7    737.6
51433.0  27.7099   -82.5354    752.5    668.2    745.8
51434.0  27.7088   -82.5354    759.7    676.5    754.8
51435.0  27.7077   -82.5355    766.7    684.2    765.1
51436.0  27.7066   -82.5355    773.6    689.6    772.8
51437.0  27.7055   -82.5355    780.1    695.9    778.4
51438.0  27.7045   -82.5355    786.4    702.0    778.2
51439.0  27.7034   -82.5356    792.8    706.6    786.2
51440.0  27.7023   -82.5357    799.4    713.1    797.9
51441.0  27.7012   -82.5357    806.1    720.5    799.7
51442.0  27.7001   -82.5358    812.5    726.0    805.1
51443.0  27.6990   -82.5359    818.6    731.9    816.1
51444.0  27.6980   -82.5360    825.1    738.0    821.9
51445.0  27.6969   -82.5360    832.3    745.2    825.4
51446.0  27.6958   -82.5361    839.9    752.4    833.8
51447.0  27.6947   -82.5362    847.7    760.6    839.9
51448.0  27.6936   -82.5362    855.6    768.2    851.2
51449.0  27.6925   -82.5363    864.0    775.5    857.4
51450.0  27.6915   -82.5364    873.0    782.0    866.6
51451.0  27.6904   -82.5364    882.2    791.3    871.1
51452.0  27.6893   -82.5365    891.1    800.4    887.0
51453.0  27.6883   -82.5366    899.8    808.4    898.9
51454.0  27.6872   -82.5366    908.0    815.5    902.5
51455.0  27.6861   -82.5367    915.6    822.4    912.8
51456.0  27.6850   -82.5368    923.2    830.6    920.7
51457.0  27.6840   -82.5368    931.0    836.8    926.3
51458.0  27.6829   -82.5369    939.2    845.8    935.2
51459.0  27.6818   -82.5370    947.5    853.9    944.0
51460.0  27.6808   -82.5370    955.7    862.3    954.6
51461.0  27.6797   -82.5371    963.7    870.3    962.1
51462.0  27.6786   -82.5372    971.6    877.5    969.9
51463.0  27.6776   -82.5373    979.8    885.6    977.3
51464.0  27.6765   -82.5374    987.8    891.9    982.4
51465.0  27.6755   -82.5375    995.9    899.3    993.1
51466.0  27.6744   -82.5376   1004.2    907.7    997.2
51467.0  27.6734   -82.5377   1012.7    915.7   1004.2
51468.0  27.6723   -82.5378   1021.2    923.7   1018.0
51469.0  27.6712   -82.5378   1029.8    933.9   1024.1
51470.0  27.6702   -82.5379   1038.7    940.3   1035.5
51471.0  27.6691   -82.5380   1047.8    948.4   1042.2
51472.0  27.6681   -82.5381   1057.1    958.7   1064.3
51473.0  27.6671   -82.5382   1066.3    966.5   1079.3
51474.0  27.6660   -82.5384   1075.3    976.0   1087.8
51475.0  27.6650   -82.5385   1084.4    984.4   1098.0
51476.0  27.6639   -82.5386   1093.3    993.5   1103.1
51477.0  27.6629   -82.5387   1102.3   1002.5   1111.2
51478.0  27.6619   -82.5388   1111.1   1009.5   1124.2
51479.0  27.6609   -82.5389   1120.0   1017.6   1118.8
51480.0  27.6598   -82.5391   1129.3   1026.4   1127.6
51481.0  27.6588   -82.5392   1138.4   1035.2   1143.9
51482.0  27.6578   -82.5393   1147.4   1043.6   1154.3
51483.0  27.6567   -82.5394   1156.0   1052.2   1173.4
51484.0  27.6557   -82.5396   1164.3   1060.5   1181.4
51485.0  27.6547   -82.5397   1172.4   1068.4   1185.2
51486.0  27.6537   -82.5398   1180.2   1075.8   1173.0
51487.0  27.6527   -82.5399   1187.4   1082.9   1187.8
51488.0  27.6516   -82.5401   1194.3   1089.9   1207.2
51489.0  27.6506   -82.5402   1201.2   1095.7   1218.1
51490.0  27.6496   -82.5403   1208.3   1101.3   1217.2
51491.0  27.6486   -82.5405   1215.3   1109.0   1215.7
51492.0  27.6476   -82.5406   1222.1   1115.6   1242.0
51493.0  27.6465   -82.5407   1228.6   1121.7   1237.8
51494.0  27.6455   -82.5409   1235.3   1128.3   1236.1
51495.0  27.6445   -82.5410   1241.9   1134.8   1258.1
51496.0  27.6435   -82.5411   1248.2   1140.6   1259.1
51497.0  27.6424   -82.5412   1254.1   1146.6   1258.2
51498.0  27.6414   -82.5414   1260.0   1152.9   1252.3
51499.0  27.6404   -82.5415   1266.6   1157.4   1259.2
51500.0  27.6394   -82.5416   1273.9   1164.5   1268.7
51501.0  27.6383   -82.5417   1282.2   1170.4   1281.3
51502.0  27.6373   -82.5418   1290.9   1179.9   1274.7
51503.0  27.6363   -82.5419   1299.9   1188.9   1298.3
51504.0  27.6353   -82.5420   1308.6   1197.9   1314.4
51505.0  27.6343   -82.5421   1317.1   1207.0   1325.5
51506.0  27.6333   -82.5423   1325.5   1215.3   1333.0
51507.0  27.6323   -82.5424   1333.8   1221.7   1331.7
51508.0  27.6312   -82.5425   1342.2   1229.9   1333.5
51509.0  27.6302   -82.5426   1350.4   1237.1   1346.4
51510.0  27.6292   -82.5427   1358.6   1244.9   1357.1
51511.0  27.6282   -82.5428   1366.7   1252.8   1380.3
51512.0  27.6272   -82.5429   1374.7   1259.9   1397.3
51513.0  27.6262   -82.5431   1383.0   1267.1   1397.9
51514.0  27.6252   -82.5432   1391.4   1275.2   1399.8
51515.0  27.6242   -82.5433   1399.7   1284.7   1404.6
51516.0  27.6232   -82.5434   1407.7   1292.1   1410.1
51517.0  27.6222   -82.5435   1415.7   1299.6   1427.6
51518.0  27.6212   -82.5437   1423.6   1307.5   1441.1
51519.0  27.6202   -82.5438   1431.2   1314.6   1452.6
51520.0  27.6193   -82.5439   1438.6   1322.5   1455.8
51521.0  27.6183   -82.5441   1445.7   1328.9   1463.3
51522.0  27.6173   -82.5442   1452.8   1336.5   1472.2
51523.0  27.6163   -82.5444   1460.0   1342.6   1485.9
51524.0  27.6153   -82.5447   1467.2   1348.8   1494.3
51525.0  27.6144   -82.5449   1474.3   1354.9   1503.8
51526.0  27.6134   -82.5452   1481.4   1363.0   1523.3
51527.0  27.6125   -82.5455   1488.1   1369.0   1517.7
51528.0  27.6115   -82.5459   1494.3   1374.9   1504.5
51529.0  27.6106   -82.5463   1500.0   1379.6   1534.1
51530.0  27.6097   -82.5467   1505.1   1385.0   1542.8
51531.0  27.6088   -82.5471   1509.5   1388.5   1545.8
51532.0  27.6080   -82.5476   1513.2   1393.3   1542.5
51533.0  27.6071   -82.5482   1516.4   1397.8   1531.7
51534.0  27.6062   -82.5487   1519.2   1400.1   1515.8
51535.0  27.6054   -82.5494   1522.4   1402.4   1537.2
51536.0  27.6046   -82.5500   1525.8   1407.2   1530.9
51537.0  27.6039   -82.5507   1529.1   1410.2   1526.2
51538.0  27.6031   -82.5514   1531.9   1413.0   1526.1
51539.0  27.6024   -82.5522   1534.3   1414.4   1534.1
51540.0  27.6017   -82.5530   1536.5   1417.0   1536.0
51541.0  27.6010   -82.5538   1539.1   1418.0   1540.7
51542.0  27.6003   -82.5546   1542.8   1420.9   1536.9
51543.0  27.5997   -82.5555   1547.4   1426.0   1541.6
51544.0  27.5991   -82.5564   1552.9   1431.6   1561.5
51545.0  27.5986   -82.5573   1558.3   1436.4   1562.0
51546.0  27.5980   -82.5582   1563.4   1442.3   1565.6
51547.0  27.5975   -82.5592   1568.1   1447.4   1588.1
51548.0  27.5970   -82.5602   1572.2   1451.4   1598.3
51549.0  27.5966   -82.5612   1576.0   1454.4   1587.1
51550.0  27.5961   -82.5622   1579.5   1457.3   1597.7
51551.0  27.5957   -82.5632   1583.0   1459.6   1615.2
51552.0  27.5954   -82.5643   1587.0   1462.9   1617.8
51553.0  27.5951   -82.5654   1591.5   1468.4   1590.0
51554.0  27.5948   -82.5664   1596.2   1472.6   1590.7
51555.0  27.5945   -82.5675   1601.0   1477.7   1621.5
51556.0  27.5943   -82.5686   1606.0   1482.0   1619.0
51557.0  27.5940   -82.5698   1611.5   1487.3   1635.2
51558.0  27.5938   -82.5709   1617.1   1492.9   1617.7
51559.0  27.5936   -82.5720   1622.8   1499.3   1634.5
51560.0  27.5934   -82.5731   1628.0   1504.9   1625.2
