flight/WP3D/AircraftMet_NP3_20130708_RA.ict
43  1001
Ken Aikin
NOAA ESRL Chemical Sciences Division
various aircraft sensors
SENEX 2013
1  1
2013  07  08  2013  07  08
1
AOCTimewave
10
1  1  1  1  1  1  1  1  1  1
-9999  -9999  -9999  -9999  -9999  -9999  -9999  -9999  -9999  -9999
AmbTemp  C
DewPtTemp  C
DewPtTempTDL  C
H2Omr  g/kg
PotTemp  K
RelHumidity  pct
StaticPrs  mbar
VertWindSpd  m/s
WindDir  deg
WindSpd  m/s
1
SPECIAL COMMENTS:Fayetteville AR  then PP and BB.
18
PI_CONTACT_INFO: Address: NOAA ESRL Chemical Sciences Division  Mail Stop R/CSD7  325 Broadway  Boulder  CO 80305
PLATFORM: NOAA WP-3D
LOCATION: The aircraft was stationed in  Smyrna  Tennessee. Aircraft location information in AircraftPosition file.
ASSOCIATED_DATA: N/A
INSTRUMENT_INFO: N/A
DATA_INFO: Units:AmbTemp celcius; DewPtTemp celcius; DewPtTempTDL celcius; H2Omr g/kg; PotTemp kelvin; RelHumidity percent; StaticPrs millibar; VertWindSpd m/s; WindDir degrees; WindSpd m/s
UNCERTAINTY: N/A
ULOD_FLAG: -7777
ULOD_VALUE: N/A
LLOD_FLAG: -8888
LLOD_VALUE: N/A
DM_CONTACT_INFO: Data Manager:Ken Aikin; email:Kenneth.C.Aikin@noaa.gov
PROJECT_INFO: SENEX 2013 Study; June 1 - July 15  2013
STIPULATIONS_ON_USE: Use of these data require prior ok from PI.
OTHER_COMMENTS:       None
REVISION: RA
RA: Preliminary Data.  For in-field use.
AOCTimewave  AmbTemp  DewPtTemp  DewPtTempTDL  H2Omr  PotTemp  RelHumidity  StaticPrs  VertWindSpd  WindDir  WindSpd
[from data line 20582]
75255.0  27.030  18.250  5.240  13.99  304.46  57.72  951.63  0.58  218.47  4.52
75256.0  27.000  19.160  5.270  14.83  304.43  61.29  951.62  0.23  225.35  3.78
75257.0  27.040  19.410  5.170  15.07  304.47  62.12  951.56  0.03  223.41  5.00
75258.0  27.020  18.910  5.140  14.61  304.46  60.27  951.54  0.56  225.32  5.51
75259.0  26.990  19.400  5.240  15.07  304.41  62.30  951.68  0.00  225.18  5.42
75260.0  26.920  18.360  5.080  14.10  304.34  58.54  951.75  -0.15  222.82  5.04
75261.0  26.930  16.290  5.120  12.33  304.35  51.16  951.72  -0.96  217.85  5.33
75262.0  26.930  16.390  5.000  12.41  304.35  51.52  951.73  -1.12  216.66  5.34
75263.0  27.060  18.860  4.160  14.55  304.45  59.94  952.07  -0.86  210.19  5.88
75264.0  27.090  15.690  2.750  11.85  304.48  48.74  952.03  -1.02  204.70  5.10
75265.0  27.130  16.280  3.180  12.32  304.53  50.50  952.02  -1.72  203.67  4.66
75266.0  27.100  17.260  3.760  13.12  304.48  53.92  952.14  -0.21  192.77  5.33
75267.0  27.050  17.690  4.170  13.49  304.43  55.61  952.18  0.35  184.29  4.74
75268.0  27.160  15.960  4.560  12.06  304.55  49.40  952.13  1.06  192.41  4.93
75269.0  27.190  16.980  4.490  12.89  304.59  52.66  952.06  1.60  200.93  4.86
75270.0  27.120  17.300  4.670  13.16  304.54  54.00  951.78  -0.35  193.38  3.98
75271.0  27.130  18.880  4.450  14.56  304.53  59.72  952.00  -0.85  195.68  4.39
75272.0  27.110  19.350  4.260  15.01  304.51  61.67  951.94  0.15  192.21  4.42
75273.0  27.160  19.130  5.440  14.80  304.57  60.58  951.87  -0.38  202.12  5.04
75274.0  27.090  18.550  4.870  14.26  304.49  58.64  951.91  0.02  198.32  4.98
75275.0  27.130  19.500  5.640  15.15  304.54  62.15  951.86  0.15  207.25  5.00
75276.0  27.110  19.690  5.880  15.34  304.54  62.97  951.64  0.22  221.51  4.46
75277.0  27.050  19.960  6.010  15.61  304.47  64.32  951.69  0.29  221.69  4.96
75278.0  26.990  18.900  5.940  14.59  304.41  60.33  951.66  -0.96  211.73  5.24
75279.0  26.930  18.580  5.790  14.29  304.34  59.34  951.81  -1.18  211.60  5.77
75280.0  26.940  17.760  5.530  13.56  304.35  56.26  951.80  -0.83  207.86  5.77
75281.0  26.990  18.990  5.140  14.67  304.39  60.66  951.93  -0.77  212.16  5.10
75282.0  26.990  17.510  5.210  13.34  304.39  55.16  952.02  -0.40  210.02  5.26
75283.0  26.960  16.660  5.470  12.62  304.36  52.32  951.98  -0.94  211.31  4.49
75284.0  26.950  19.020  5.320  14.69  304.34  60.93  952.01  -0.14  208.33  4.29
75285.0  26.980  19.570  5.390  15.22  304.37  62.99  952.04  -0.29  206.40  3.98
75286.0  26.980  17.170  5.370  13.05  304.38  54.02  951.94  -0.88  207.70  4.18
75287.0  27.020  16.970  5.460  12.88  304.40  53.19  952.13  -0.66  210.48  4.18
75288.0  27.070  19.010  5.450  14.69  304.45  60.48  952.14  -0.31  218.03  4.03
75289.0  27.060  17.690  5.300  13.50  304.45  55.61  952.08  -0.45  220.95  4.88
75290.0  27.000  19.110  5.500  14.78  304.38  61.11  952.17  -0.76  218.99  4.97
75291.0  26.940  18.480  5.640  14.19  304.32  58.89  952.15  -0.55  217.13  4.46
75292.0  26.980  19.540  5.650  15.19  304.36  62.90  952.18  -0.25  215.95  4.14
75293.0  26.990  19.690  5.670  15.34  304.39  63.45  952.01  -0.03  224.51  3.79
75294.0  26.940  19.520  5.880  15.17  304.32  62.96  952.11  -0.24  222.93  3.18
75295.0  26.920  19.030  6.270  14.70  304.29  61.11  952.20  -0.01  217.74  3.76
75296.0  27.010  17.910  6.260  13.69  304.39  56.57  952.09  1.37  225.03  4.45
75297.0  26.870  17.440  6.190  13.28  304.29  55.31  951.77  1.83  221.18  3.21
75298.0  26.970  20.180  6.260  15.83  304.41  65.54  951.46  -0.01  215.31  4.26
75299.0  26.910  19.650  5.730  15.31  304.34  63.60  951.53  -0.22  209.82  4.89
75300.0  26.870  19.370  5.530  15.04  304.30  62.62  951.59  -0.41  212.89  4.74
75301.0  26.870  19.710  5.360  15.36  304.29  63.99  951.68  -0.61  211.19  4.47
75302.0  26.840  19.560  5.580  15.22  304.26  63.51  951.70  -0.80  206.10  4.50
75303.0  26.860  17.870  5.970  13.66  304.27  56.94  951.81  -0.60  211.39  4.57
75304.0  26.900  20.170  6.010  15.82  304.31  65.76  951.86  -0.36  225.19  4.11
75305.0  26.910  20.630  5.830  16.28  304.29  67.70  952.11  0.90  231.31  3.11
75306.0  26.970  18.660  6.000  14.36  304.36  59.46  952.06  1.94  224.23  4.42
75307.0  27.020  18.850  6.210  14.54  304.44  60.02  951.74  1.44  233.89  3.93
75308.0  26.980  18.320  6.180  14.05  304.40  58.14  951.77  1.69  243.19  3.01
75309.0  27.090  18.450  6.080  14.17  304.52  58.25  951.67  2.55  249.27  3.38
75310.0  27.060  20.410  6.070  16.06  304.50  66.14  951.44  0.24  241.27  4.06
75311.0  26.930  17.730  6.080  13.54  304.37  56.17  951.50  0.36  227.45  3.98
75312.0  26.940  17.920  5.920  13.71  304.39  56.82  951.42  -0.36  212.82  5.38
75313.0  27.040  17.010  4.350  12.92  304.48  53.26  951.48  -0.37  207.30  4.81
75314.0  27.030  15.930  4.210  12.05  304.47  49.67  951.57  -0.35  205.84  4.76
75315.0  27.140  16.100  4.140  12.17  304.57  49.88  951.69  -0.39  207.98  4.73
75316.0  27.130  15.580  4.180  11.77  304.55  48.27  951.75  0.33  216.03  4.01
75317.0  27.060  16.870  5.050  12.80  304.46  52.71  951.96  0.20  214.33  3.50
75318.0  27.020  19.080  4.970  14.76  304.42  60.94  951.85  -0.34  205.82  4.03
75319.0  27.080  18.130  4.510  13.88  304.48  57.11  951.89  -0.39  204.41  3.87
75320.0  27.120  17.250  4.630  13.12  304.53  53.82  951.86  -0.10  213.65  4.12
75321.0  27.070  18.230  4.720  13.97  304.48  57.51  951.83  0.03  213.26  4.23
75322.0  27.040  16.560  5.130  12.55  304.45  51.72  951.83  0.47  208.10  4.35
75323.0  27.090  17.040  5.470  12.94  304.50  53.22  951.88  0.13  208.74  4.28
75324.0  27.020  18.980  5.390  14.66  304.43  60.51  951.88  0.74  186.50  4.59
75325.0  27.090  17.700  5.050  13.51  304.52  55.51  951.72  0.88  186.27  4.59
75326.0  27.230  18.460  4.630  14.18  304.67  57.78  951.55  0.28  193.50  4.41
75327.0  27.250  16.900  4.110  12.83  304.69  52.21  951.57  0.70  197.10  4.62
75328.0  27.140  17.420  4.240  13.26  304.57  54.34  951.62  0.28  188.17  4.24
75329.0  27.200  17.560  4.330  13.38  304.63  54.62  951.72  -0.48  185.29  4.73
75330.0  27.250  17.960  4.370  13.73  304.68  55.89  951.73  -0.27  203.34  3.31
75331.0  27.140  19.450  4.700  15.11  304.57  61.93  951.64  0.18  191.17  3.51
75332.0  27.150  16.340  5.070  12.37  304.57  50.65  951.74  1.57  194.52  4.66
75333.0  27.160  16.890  4.920  12.82  304.59  52.48  951.64  1.50  203.34  3.39
75334.0  27.080  16.410  4.500  12.42  304.52  51.09  951.56  0.61  185.15  4.75
75335.0  27.120  15.480  4.180  11.69  304.56  47.95  951.55  1.13  186.00  5.14
75336.0  27.190  16.690  4.060  12.66  304.66  51.67  951.28  0.87  200.42  5.71
75337.0  27.050  17.570  4.040  13.40  304.50  55.20  951.41  1.19  186.97  5.67
75338.0  27.100  17.250  4.180  13.13  304.53  53.91  951.58  1.06  182.12  4.63
75339.0  27.130  15.350  4.360  11.60  304.58  47.54  951.48  1.14  189.45  5.00
75340.0  27.180  17.280  4.240  13.15  304.63  53.74  951.34  0.59  195.65  5.83
75341.0  27.180  18.350  4.170  14.09  304.64  57.55  951.42  0.53  200.76  5.77
75342.0  27.180  18.030  4.040  13.81  304.62  56.43  951.44  0.41  202.90  5.81
75343.0  27.150  18.040  4.150  13.81  304.60  56.53  951.41  0.08  203.84  6.02
75344.0  27.200  17.060  3.950  12.96  304.64  52.90  951.55  0.11  205.44  6.10
75345.0  27.130  16.910  3.910  12.84  304.56  52.65  951.57  -0.08  196.94  5.42
75346.0  27.230  17.280  3.530  13.14  304.65  53.55  951.80  -0.73  199.73  5.56
75347.0  27.300  17.560  3.500  13.39  304.72  54.33  951.82  -0.45  203.68  6.03
75348.0  27.330  16.680  3.200  12.64  304.73  51.22  951.98  -0.46  207.66  6.01
75349.0  27.300  17.540  3.390  13.37  304.69  54.26  952.08  -1.32  208.17  5.19
75350.0  27.220  17.400  3.920  13.23  304.58  54.01  952.38  -1.15  208.65  5.25
75351.0  27.220  15.450  4.130  11.66  304.57  47.60  952.55  -1.08  210.54  5.36
75352.0  27.190  18.550  4.280  14.25  304.54  58.26  952.51  -0.92  212.36  5.04
75353.0  27.200  18.740  4.340  14.43  304.56  58.95  952.46  -0.83  211.26  5.20
75354.0  27.100  16.160  4.870  12.21  304.45  50.22  952.48  -0.26  209.50  5.33
75355.0  27.090  16.590  4.760  12.56  304.45  51.65  952.48  -0.13  205.41  4.85
75356.0  27.090  16.530  4.930  12.52  304.46  51.48  952.30  -0.07  197.22  4.54
75357.0  27.070  18.440  5.510  14.16  304.45  58.29  952.14  -0.14  200.43  4.92
75358.0  27.100  19.150  5.500  14.82  304.49  60.89  952.08  -0.43  201.82  5.62
75359.0  27.130  18.990  5.150  14.67  304.52  60.15  952.13  -0.72  203.02  5.97
75360.0  27.050  15.560  5.460  11.75  304.44  48.43  952.12  -0.82  203.99  6.01
75361.0  27.080  19.100  5.540  14.77  304.46  60.78  952.12  -0.94  204.70  5.68
75362.0  27.010  16.970  5.590  12.88  304.39  53.24  952.09  -1.56  203.32  4.98
75363.0  27.080  17.220  5.490  13.09  304.46  53.86  952.20  -1.98  206.12  5.07
75364.0  27.070  16.230  5.400  12.27  304.45  50.53  952.23  -0.67  211.98  4.25
75365.0  27.120  16.960  5.270  12.87  304.48  52.83  952.39  0.16  226.30  4.15
75366.0  27.140  17.780  5.070  13.57  304.51  55.66  952.20  -0.94  231.16  4.04
75367.0  27.010  18.920  5.040  14.60  304.39  60.32  952.15  -1.07  217.08  3.49
75368.0  27.180  19.390  5.320  15.04  304.57  61.53  952.09  -1.03  223.06  5.10
75369.0  27.160  16.020  4.830  12.11  304.55  49.60  952.05  -0.99  225.30  5.96
75370.0  27.080  15.850  4.910  11.97  304.48  49.26  952.00  -1.12  226.00  5.53
75371.0  27.080  16.300  4.960  12.34  304.46  50.77  952.10  0.27  223.10  5.76
75372.0  27.140  17.870  4.770  13.65  304.52  55.97  952.19  0.21  221.61  6.21
75373.0  26.980  18.480  4.830  14.20  304.38  58.76  951.95  -0.05  214.17  5.19
75374.0  27.230  19.330  5.260  14.99  304.64  61.11  951.90  0.90  230.54  5.05
75375.0  27.230  16.270  5.420  12.31  304.66  50.16  951.76  0.21  220.01  5.38
75376.0  27.140  18.730  5.610  14.43  304.55  59.16  951.78  -0.41  214.97  5.18
75377.0  27.050  17.650  5.610  13.47  304.48  55.50  951.58  -0.76  208.49  5.20
75378.0  27.110  18.350  5.620  14.09  304.54  57.81  951.64  0.19  218.38  5.26
75379.0  27.010  18.800  5.610  14.49  304.44  59.87  951.62  0.25  208.33  4.98
75380.0  27.080  17.860  5.730  13.65  304.51  56.12  951.60  -0.83  202.20  5.28
75381.0  27.040  16.450  5.620  12.46  304.48  51.35  951.55  0.07  207.53  5.66
75382.0  27.100  17.550  5.700  13.38  304.56  54.92  951.41  1.32  204.68  4.15
75383.0  27.110  16.990  5.770  12.91  304.57  52.96  951.36  0.81  206.41  4.95
75384.0  27.170  17.370  5.960  13.23  304.62  54.10  951.35  0.19  211.07  4.70
75385.0  27.140  17.280  5.830  13.15  304.60  53.86  951.39  -0.63  229.36  3.58
75386.0  27.080  16.370  5.740  12.40  304.53  50.97  951.35  -1.15  219.17  4.21
75387.0  27.000  18.690  5.690  14.39  304.45  59.46  951.47  -1.07  221.52  3.89
75388.0  27.000  18.870  5.770  14.57  304.44  60.19  951.54  -0.25  207.13  4.65
75389.0  27.010  17.600  5.790  13.42  304.44  55.43  951.62  0.97  215.91  3.85
75390.0  27.030  18.760  5.860  14.46  304.47  59.66  951.53  0.38  210.63  3.71
75391.0  27.040  19.280  6.010  14.95  304.48  61.60  951.48  0.30  202.32  5.07
75392.0  27.050  19.290  6.020  14.96  304.49  61.64  951.55  -0.33  206.52  3.85
75393.0  27.090  17.300  6.000  13.16  304.53  54.07  951.53  -0.57  220.30  4.46
75394.0  27.070  17.950  6.050  13.72  304.49  56.48  951.75  -0.70  223.19  4.49
75395.0  27.020  16.930  6.040  12.85  304.43  53.07  951.82  0.04  223.82  4.83
75396.0  27.070  16.740  6.070  12.69  304.47  52.22  952.00  0.23  226.03  4.59
75397.0  27.040  18.900  6.240  14.58  304.45  60.12  951.84  0.13  232.44  3.45
75398.0  27.080  16.810  6.250  12.75  304.51  52.44  951.61  -0.47  232.98  3.58
75399.0  27.050  16.840  6.170  12.78  304.49  52.63  951.62  -0.51  230.58  3.96
75400.0  27.090  18.170  6.120  13.92  304.51  57.23  951.72  -0.85  220.45  4.74
75401.0  27.010  19.910  6.180  15.56  304.43  64.28  951.75  -2.00  216.24  4.29
75402.0  27.040  19.970  6.110  15.61  304.44  64.39  951.92  -1.48  225.13  4.18
75403.0  27.110  19.290  6.310  14.95  304.52  61.39  951.92  -0.81  217.71  4.43
75404.0  27.120  17.010  6.450  12.91  304.52  53.00  951.99  -0.37  233.21  3.26
75405.0  27.140  18.380  6.460  14.11  304.52  57.85  952.13  0.69  220.74  3.57
75406.0  27.090  18.940  6.560  14.62  304.47  60.13  952.15  -0.73  224.29  2.77
75407.0  27.000  17.170  6.570  13.04  304.37  53.94  952.29  -0.51  206.14  3.83
75408.0  27.040  19.790  6.500  15.43  304.41  63.66  952.21  -0.24  199.92  4.06
75409.0  27.120  17.890  6.000  13.67  304.52  56.10  952.00  0.19  199.25  4.49
75410.0  27.130  16.660  5.560  12.63  304.57  51.79  951.53  0.27  201.39  4.39
75411.0  27.110  17.680  5.570  13.49  304.54  55.38  951.63  -0.25  201.03  4.25
75412.0  27.190  19.230  5.690  14.90  304.60  60.86  951.90  -0.25  208.29  4.40
75413.0  27.140  18.510  5.680  14.22  304.55  58.27  951.91  -0.60  213.64  4.00
75414.0  27.110  17.100  5.900  12.99  304.51  53.34  951.94  -0.68  210.44  4.04
75415.0  27.130  16.570  5.900  12.55  304.53  51.48  951.97  -0.81  214.49  4.13
75416.0  27.120  18.470  5.920  14.19  304.51  58.22  952.11  -0.84  213.40  4.43
75417.0  27.100  18.360  5.730  14.09  304.49  57.87  952.15  -0.81  209.31  5.03
75418.0  27.100  18.440  5.560  14.16  304.47  58.21  952.21  -0.75  215.32  4.52
75419.0  27.130  18.700  5.330  14.40  304.52  59.04  952.13  -0.53  206.10  5.11
75420.0  27.120  17.240  5.100  13.11  304.50  53.81  952.10  -0.47  208.12  5.00
75421.0  27.130  17.380  5.430  13.22  304.52  54.25  951.99  -0.03  208.95  5.19
75422.0  27.150  17.010  5.490  12.92  304.55  52.91  951.98  -0.25  215.62  5.53
75423.0  27.110  16.410  5.570  12.42  304.51  50.99  951.98  -0.21  216.00  5.71
75424.0  27.130  17.590  5.630  13.41  304.53  55.00  951.99  -0.02  220.19  5.54
75425.0  27.060  17.360  5.510  13.21  304.46  54.42  951.91  -0.08  218.49  5.70
75426.0  27.100  15.640  5.670  11.81  304.50  48.54  951.96  -0.32  219.25  5.35
75427.0  27.110  17.270  5.150  13.13  304.50  53.91  952.06  -0.06  224.25  4.79
75428.0  27.170  19.130  4.860  14.80  304.57  60.55  951.98  0.46  225.22  4.32
75429.0  27.130  18.340  5.020  14.07  304.53  57.70  951.90  0.99  222.42  3.95
75430.0  27.160  17.610  5.240  13.43  304.57  54.97  951.91  0.16  220.19  4.12
75431.0  27.100  16.010  5.030  12.10  304.49  49.74  952.04  0.26  215.15  3.71
75432.0  26.960  18.300  5.580  14.04  304.37  58.15  951.82  -0.49  204.26  2.95
75433.0  27.050  19.720  5.870  15.37  304.46  63.33  951.85  -0.03  203.62  3.08
75434.0  27.030  17.820  6.070  13.61  304.44  56.16  951.87  -0.59  211.81  3.24
75435.0  27.020  17.670  5.990  13.48  304.42  55.65  951.92  -1.22  216.35  2.98
75436.0  26.950  19.940  5.830  15.58  304.35  64.60  951.94  -1.05  210.35  1.81
75437.0  26.950  18.380  5.920  14.11  304.36  58.49  951.87  -0.73  216.37  2.13
75438.0  26.980  17.050  5.960  12.95  304.39  53.60  951.86  -0.77  223.70  2.03
75439.0  26.950  17.540  6.050  13.37  304.35  55.42  951.91  -1.25  215.49  2.03
75440.0  26.930  17.620  6.030  13.43  304.33  55.78  951.92  -0.87  209.78  1.12
75441.0  27.020  20.500  6.050  16.15  304.43  66.68  951.90  -0.43  221.79  1.99
75442.0  27.040  16.750  6.080  12.70  304.44  52.39  951.89  -0.28  243.01  2.41
75443.0  27.120  19.040  5.980  14.72  304.53  60.39  951.79  1.37  254.45  3.26
75444.0  27.080  18.830  6.070  14.53  304.51  59.74  951.59  0.87  241.66  3.99
75445.0  27.030  18.220  6.330  13.97  304.47  57.59  951.55  0.18  234.99  4.84
75446.0  26.890  19.210  6.100  14.88  304.32  61.90  951.68  -0.42  222.44  3.90
75447.0  26.960  17.020  6.040  12.92  304.39  53.52  951.72  0.93  224.77  4.14
75448.0  26.940  18.720  5.920  14.42  304.37  59.80  951.58  1.46  222.07  4.30
75449.0  26.920  17.860  6.020  13.65  304.35  56.68  951.54  1.21  209.08  4.39
