flight/WP3D/AircraftMis_NP3_20130625_RA.ict
41  1001
Ken Aikin
NOAA ESRL Chemical Sciences Division
various aircraft sensors
SENEX 2013
1  1
2013  06  25  2013  06  25
1
AOCTimewave
8
1  1  1  1  1  1  1  1
-9999  -9999  -9999  -9999  -9999  -9999  -9999  -9999
Attack  deg
CabinPrs  mbar
GndSpd  m/s
Heading  deg
Pitch  deg
Roll  deg
Slip  deg
TrueAirSpd  m/s
1
SPECIAL COMMENTS:Haynesville flight. Default DewPtTemp was bad from 19:39:53-19:47:27. Also affected H2Omr  RelHumidity  PotTemp.
18
PI_CONTACT_INFO: Address: NOAA ESRL Chemical Sciences Division  Mail Stop R/CSD7  325 Broadway  Boulder  CO 80305
PLATFORM: NOAA WP-3D
LOCATION: The aircraft was stationed in  Smyrna  Tennessee. Aircraft location information in AircraftPosition file.
ASSOCIATED_DATA: N/A
INSTRUMENT_INFO: N/A
DATA_INFO: Units: Attack degrees; CabinPrs millibar; GndSpd m/s; Heading degrees; Pitch degrees; Roll degrees; Slip degrees; TrueAirSpd m/s
UNCERTAINTY: N/A
ULOD_FLAG: -7777
ULOD_VALUE: N/A
LLOD_FLAG: -8888
LLOD_VALUE: N/A
DM_CONTACT_INFO: Data Manager:Ken Aikin; email:Kenneth.C.Aikin@noaa.gov
PROJECT_INFO: SENEX 2013 Study; June 1 - July 15  2013
STIPULATIONS_ON_USE: Use of these data require prior ok from PI.
OTHER_COMMENTS:       None
REVISION: RA
RA: Preliminary Data.  For in-field use.
AOCTimewave  Attack  CabinPrs  GndSpd  Heading  Pitch  Roll  Slip  TrueAirSpd
[from data line 10060]
65158.0  2.3  983.5  115.9  89.5  2.57  -12.84  -0.07  113.9
65159.0  2.4  983.5  116.0  88.3  2.34  -11.48  -0.48  113.5
65160.0  2.8  983.4  116.1  87.1  2.11  -10.95  -0.36  113.3
65161.0  2.5  983.9  116.2  86.0  1.80  -10.78  1.02  113.5
65162.0  1.8  983.6  116.4  85.6  1.56  -7.59  1.06  114.0
65163.0  1.6  983.8  116.5  85.5  1.44  -2.09  0.45  114.4
65164.0  1.8  983.1  116.6  85.6  1.49  0.82  0.55  114.9
65165.0  2.0  983.7  116.7  86.0  1.69  0.40  0.43  114.5
65166.0  2.2  983.4  116.7  86.5  1.78  0.33  0.09  115.1
65167.0  2.3  983.5  116.8  86.7  1.73  0.61  -0.64  116.2
65168.0  2.2  983.5  116.9  86.6  1.53  0.12  -0.59  115.4
65169.0  2.1  983.6  117.0  86.5  1.42  -0.92  -0.35  115.3
65170.0  2.3  983.9  117.1  86.2  1.57  -1.62  -0.04  116.0
65171.0  1.7  983.5  117.2  86.1  1.38  -0.58  -0.89  115.8
65172.0  1.7  983.5  117.3  85.6  1.49  0.44  -0.21  115.4
65173.0  2.4  983.5  117.3  85.5  1.94  0.27  0.63  115.3
65174.0  2.2  983.4  117.4  85.9  1.80  -1.08  0.32  115.6
65175.0  2.1  983.0  117.4  85.9  1.65  -2.31  -0.32  116.6
65176.0  2.3  984.2  117.5  85.6  1.68  -2.96  -0.17  115.8
65177.0  2.3  983.6  117.6  85.2  1.63  -3.70  0.02  115.4
65178.0  1.7  983.8  117.7  84.9  1.54  -4.26  -0.13  115.3
65179.0  1.8  983.6  117.8  84.4  1.75  -4.24  0.14  115.2
65180.0  2.2  983.6  117.9  84.1  2.09  -3.24  0.15  114.6
65181.0  2.2  983.6  117.9  84.0  2.20  -1.03  -0.05  115.0
65182.0  2.0  983.6  117.9  83.9  2.06  -0.04  0.40  115.2
65183.0  2.3  983.7  117.9  84.1  2.26  -0.28  -0.34  115.0
65184.0  2.2  983.7  117.9  84.0  2.26  -0.07  -0.47  114.5
65185.0  2.7  984.0  117.9  83.9  2.27  0.83  -0.37  114.1
65186.0  2.0  984.0  117.9  83.9  2.08  1.79  -0.33  114.4
65187.0  2.2  983.8  117.9  83.9  2.16  0.28  -0.20  115.4
65188.0  2.3  984.4  117.9  83.8  2.36  -0.52  -0.05  115.3
65189.0  1.8  983.5  117.8  83.7  2.16  -0.15  0.22  115.2
65190.0  1.9  983.8  117.8  83.7  2.40  -0.12  -0.46  115.1
65191.0  2.4  983.9  117.7  83.6  2.63  0.20  0.11  114.2
65192.0  2.4  984.2  117.7  83.6  2.53  0.27  0.10  114.0
65193.0  2.6  983.8  117.6  83.7  2.36  0.00  -0.06  116.2
65194.0  2.2  983.8  117.6  83.6  2.08  -0.33  -0.15  116.1
65195.0  2.0  983.7  117.6  83.5  1.85  -0.14  0.14  115.7
65196.0  1.8  983.8  117.6  83.5  1.91  0.24  0.36  115.5
65197.0  2.2  983.6  117.7  83.7  1.89  0.96  -0.04  115.9
65198.0  1.8  983.7  117.7  83.8  1.68  1.90  -0.01  115.0
65199.0  2.3  983.4  117.7  84.1  1.81  2.35  0.18  115.2
65200.0  1.8  984.1  117.7  84.4  1.60  1.10  -0.60  115.4
65201.0  1.7  983.5  117.8  84.2  1.62  -0.80  -0.39  114.9
65202.0  2.1  983.6  117.9  83.9  1.91  -1.06  0.04  114.6
65203.0  2.0  983.6  117.9  83.8  2.03  -1.23  -0.11  114.7
65204.0  2.1  983.9  117.9  83.6  2.06  -0.96  0.17  115.2
65205.0  2.3  983.7  117.9  83.6  2.17  -0.95  0.12  115.3
65206.0  2.0  983.5  118.0  83.5  2.03  -0.51  -0.19  115.2
65207.0  2.2  983.8  117.9  83.3  2.14  -0.10  0.03  115.2
65208.0  2.2  983.6  117.9  83.3  2.24  -0.33  0.05  114.9
65209.0  2.2  983.7  117.9  83.3  2.30  -0.01  0.15  114.6
65210.0  2.5  983.6  117.9  83.3  2.48  0.22  0.13  114.8
65211.0  2.1  983.7  117.8  83.5  2.33  0.41  -0.26  115.3
65212.0  2.0  983.5  117.8  83.4  2.29  0.77  -0.05  115.0
65213.0  2.4  984.0  117.8  83.4  2.52  1.33  -0.12  115.3
65214.0  2.3  983.6  117.7  83.4  2.42  1.43  -0.08  114.7
65215.0  2.2  983.6  117.6  83.4  2.31  0.67  -0.18  114.7
65216.0  2.7  984.2  117.6  83.4  2.45  1.00  -0.74  115.4
65217.0  2.5  983.9  117.6  83.1  2.27  1.66  -0.02  115.5
65218.0  1.6  984.1  117.5  83.1  1.80  1.54  0.63  115.9
65219.0  1.9  984.0  117.5  83.5  1.97  1.37  0.38  115.7
65220.0  2.2  984.1  117.5  83.8  2.21  1.49  0.00  115.9
65221.0  2.1  983.6  117.5  84.0  2.09  1.80  0.18  115.0
65222.0  1.7  984.0  117.5  84.2  1.90  0.78  0.03  114.6
65223.0  2.2  983.8  117.5  84.3  2.06  0.14  -0.40  114.6
65224.0  2.0  983.8  117.5  84.2  1.97  1.09  0.08  114.6
65225.0  2.0  983.7  117.5  84.3  2.05  1.10  -0.03  114.9
65226.0  2.0  983.4  117.5  84.4  2.09  0.61  -0.59  114.8
65227.0  2.0  983.6  117.5  84.1  2.19  0.76  -0.57  114.8
65228.0  2.2  983.5  117.5  83.8  2.38  0.50  0.05  114.9
65229.0  2.5  983.8  117.4  83.9  2.43  0.05  -0.07  115.2
65230.0  2.4  983.7  117.4  83.8  2.23  -0.13  0.30  114.7
65231.0  2.0  983.4  117.4  83.8  1.94  -0.21  0.48  114.9
65232.0  2.0  983.9  117.5  84.0  2.02  0.27  0.46  114.7
65233.0  2.2  983.7  117.5  84.3  2.21  -0.16  0.34  114.5
65234.0  2.2  983.5  117.5  84.5  2.24  -0.68  -0.07  114.9
65235.0  2.6  983.9  117.5  84.5  2.21  -1.00  -0.67  115.3
65236.0  2.2  984.0  117.5  84.2  1.88  -1.19  -0.72  115.1
65237.0  1.7  983.6  117.6  83.7  1.62  -1.00  0.35  114.6
65238.0  2.0  983.7  117.6  83.7  1.91  0.21  0.49  115.0
65239.0  2.0  983.2  117.6  84.0  2.06  1.19  -0.40  115.9
65240.0  2.5  983.8  117.6  83.9  2.07  1.12  -0.03  116.4
65241.0  2.1  983.9  117.6  84.0  1.84  0.64  0.02  115.9
65242.0  1.5  983.8  117.7  84.0  1.44  0.78  -0.13  115.0
65243.0  1.7  983.4  117.8  84.0  1.73  0.65  0.02  114.6
65244.0  2.0  983.8  117.8  84.1  2.06  0.60  -0.01  114.7
65245.0  2.1  983.2  117.8  84.1  2.14  0.54  0.33  114.4
65246.0  2.4  983.7  117.8  84.4  2.21  0.43  0.31  114.0
65247.0  2.2  983.4  117.8  84.6  2.14  0.88  0.48  114.7
65248.0  2.0  983.5  117.8  84.9  2.17  1.33  0.16  115.0
65249.0  2.2  983.5  117.8  85.2  2.39  1.04  0.03  114.3
65250.0  2.4  983.8  117.7  85.4  2.46  0.55  -0.20  114.7
65251.0  2.7  984.1  117.7  85.5  2.50  1.39  -0.66  114.8
65252.0  2.0  983.9  117.6  85.3  2.12  1.54  -1.15  114.5
65253.0  2.3  983.9  117.6  84.8  2.16  1.60  -0.48  114.8
65254.0  1.9  984.2  117.6  84.6  2.31  2.37  -0.07  116.6
65255.0  2.1  983.7  117.4  84.7  2.53  3.20  0.33  116.6
65256.0  2.5  984.1  117.3  85.0  2.68  3.35  0.09  115.4
65257.0  2.3  984.1  117.2  85.4  2.21  3.83  0.27  115.2
65258.0  2.1  984.2  117.2  85.8  2.08  2.91  0.09  115.9
65259.0  1.7  984.0  117.2  86.0  1.91  2.99  0.38  115.9
65260.0  2.0  984.0  117.2  86.4  1.98  3.52  0.40  116.9
65261.0  1.8  983.8  117.1  86.9  2.02  4.10  0.00  116.8
65262.0  1.8  983.5  117.1  87.2  1.94  3.88  -0.36  116.2
65263.0  2.3  983.8  117.0  87.4  2.08  3.29  -0.16  115.8
65264.0  1.8  983.6  117.0  87.6  1.88  2.64  0.45  115.5
65265.0  2.0  983.8  117.0  88.0  1.89  2.61  0.05  115.5
65266.0  2.0  983.6  117.0  88.3  2.03  2.69  -0.46  115.3
65267.0  2.2  983.9  117.0  88.3  1.99  2.22  -0.22  115.0
65268.0  2.3  983.5  117.0  88.4  2.02  1.59  0.39  114.8
65269.0  2.7  983.5  117.0  88.7  1.97  1.60  -0.29  114.1
65270.0  2.0  983.6  117.1  88.8  1.43  2.01  -0.48  114.6
65271.0  1.9  983.6  117.2  88.7  1.36  1.36  -0.29  114.6
65272.0  2.1  983.5  117.3  88.8  1.71  1.20  -0.15  114.0
65273.0  2.1  983.4  117.3  88.8  1.84  0.90  0.14  114.5
65274.0  2.0  983.7  117.4  88.9  1.95  1.03  0.86  113.7
65275.0  2.3  983.6  117.4  89.4  2.01  1.01  -0.35  113.7
65276.0  2.2  983.8  117.5  89.4  1.92  0.41  -0.82  113.9
65277.0  2.1  983.6  117.5  89.1  2.07  -0.39  -0.23  113.6
65278.0  2.3  983.8  117.5  88.9  2.34  0.02  -0.12  114.2
65279.0  2.7  983.7  117.5  88.8  2.38  0.68  0.23  114.6
65280.0  2.1  983.9  117.5  89.0  2.19  0.58  -0.11  114.8
65281.0  1.7  983.8  117.5  89.0  2.10  0.26  0.11  114.7
65282.0  2.3  984.0  117.5  89.0  2.65  0.18  -0.05  114.5
65283.0  2.6  983.9  117.4  89.0  2.74  0.50  0.26  114.7
65284.0  2.5  984.3  117.3  89.2  2.56  0.76  -0.08  115.0
65285.0  2.2  983.8  117.2  89.2  2.29  0.74  -0.42  114.4
65286.0  2.3  983.8  117.2  89.1  2.20  -0.07  -0.13  114.3
65287.0  2.3  983.8  117.3  89.1  2.11  0.08  0.43  114.9
65288.0  2.7  983.7  117.3  89.3  2.08  0.79  0.08  114.4
65289.0  2.0  983.8  117.4  89.5  1.68  0.47  -0.42  113.8
65290.0  1.9  983.8  117.4  89.4  1.46  -0.14  0.23  114.9
65291.0  1.7  983.3  117.5  89.5  1.70  -0.54  0.06  116.5
65292.0  1.6  983.7  117.5  89.5  1.86  -0.56  -0.06  115.5
65293.0  1.8  983.5  117.5  89.5  2.02  0.25  -0.10  116.0
65294.0  2.0  983.8  117.5  89.4  2.10  1.28  -0.51  115.9
65295.0  2.2  983.7  117.5  89.3  2.25  1.69  0.27  115.7
65296.0  2.6  983.2  117.4  89.6  2.11  1.18  0.48  117.0
65297.0  2.2  983.8  117.4  90.0  1.90  1.08  -0.40  116.0
65298.0  1.9  983.6  117.5  89.8  1.50  0.67  -0.73  116.2
65299.0  1.9  983.7  117.5  89.5  1.67  0.29  -0.31  116.1
65300.0  1.7  983.4  117.5  89.3  1.68  0.48  0.43  116.1
65301.0  1.9  983.4  117.5  89.5  1.91  1.19  0.78  116.3
65302.0  2.1  983.5  117.5  89.9  2.10  1.29  -0.02  116.5
65303.0  2.1  983.8  117.5  90.0  2.02  1.06  -0.56  116.4
65304.0  2.2  983.6  117.5  89.9  1.97  0.65  -0.51  115.8
65305.0  2.2  984.0  117.5  89.7  1.97  0.65  0.71  115.6
65306.0  2.1  983.6  117.5  90.0  1.99  0.57  0.04  115.1
65307.0  2.1  984.0  117.5  90.0  1.97  0.33  -0.28  115.5
65308.0  1.9  983.5  117.5  89.9  1.95  0.32  -0.46  115.7
65309.0  2.3  983.8  117.5  89.7  2.12  0.64  -0.29  115.8
65310.0  2.2  983.5  117.5  89.5  2.04  0.82  0.08  116.2
65311.0  2.0  983.6  117.5  89.6  1.88  1.20  0.01  115.7
65312.0  1.8  983.9  117.5  89.6  1.90  1.18  0.08  116.2
65313.0  1.8  983.6  117.5  89.7  1.96  1.29  0.28  115.8
65314.0  2.4  983.8  117.5  90.0  2.23  1.56  -0.21  115.1
65315.0  2.0  983.7  117.5  90.0  2.02  1.69  -0.36  114.9
65316.0  2.1  984.0  117.5  90.0  1.90  1.16  0.22  114.5
65317.0  2.2  983.7  117.5  90.2  2.17  0.25  -0.24  115.1
65318.0  2.2  983.9  117.5  90.1  2.04  -0.18  -0.18  115.3
65319.0  1.7  983.6  117.6  89.9  2.01  -0.43  0.00  114.6
65320.0  2.0  983.5  117.6  89.8  2.19  0.04  0.05  114.1
65321.0  2.3  983.7  117.5  89.8  2.50  0.57  -0.01  114.2
65322.0  2.3  983.9  117.5  89.8  2.52  1.00  0.39  114.1
65323.0  2.1  983.6  117.4  90.1  2.55  -0.12  0.33  113.9
65324.0  2.3  984.1  117.4  90.2  2.69  -1.11  -0.19  114.1
65325.0  2.3  983.8  117.3  90.1  2.69  -1.70  -0.45  114.1
65326.0  2.3  983.5  117.3  89.8  2.73  -1.16  -0.34  113.8
65327.0  3.1  984.1  117.2  89.5  2.85  -0.27  -0.52  112.8
65328.0  2.1  984.5  117.1  89.2  2.66  0.12  0.12  113.8
65329.0  1.9  983.9  117.1  89.2  2.47  0.03  -0.05  114.1
65330.0  2.0  984.1  117.0  89.2  2.60  0.15  0.38  113.8
65331.0  2.4  983.9  117.0  89.3  2.84  -0.14  0.48  114.5
65332.0  2.0  984.0  116.9  89.6  2.86  0.19  0.78  114.0
65333.0  2.3  984.0  116.8  90.1  2.86  0.52  0.15  114.4
65334.0  2.7  984.0  116.7  90.3  2.83  -0.83  -0.05  114.4
65335.0  2.6  983.8  116.6  90.3  2.55  -2.34  -0.84  114.0
65336.0  1.4  983.8  116.6  89.7  1.92  -2.15  -0.50  114.4
65337.0  2.1  984.0  116.7  89.1  2.38  -2.05  0.30  113.3
65338.0  2.6  983.9  116.6  89.1  2.81  -0.05  0.40  112.7
65339.0  1.8  983.7  116.6  89.2  2.47  0.58  0.02  112.8
65340.0  2.4  983.7  116.5  89.3  2.57  0.75  -0.76  114.2
65341.0  2.8  984.0  116.5  89.0  2.53  0.89  -0.49  115.3
65342.0  2.2  983.5  116.5  88.8  2.01  1.74  -0.58  113.0
65343.0  1.9  983.5  116.5  88.7  1.89  2.27  -0.65  112.1
65344.0  2.1  986.2  116.5  88.5  2.18  1.75  0.20  114.0
65345.0  2.4  983.4  116.5  88.7  2.50  1.04  0.35  113.7
65346.0  2.3  983.6  116.5  88.9  2.33  1.12  0.39  113.7
65347.0  2.7  983.7  116.5  89.2  2.33  0.71  -0.40  112.7
65348.0  2.6  983.5  116.6  89.1  1.99  0.66  -0.12  112.6
65349.0  2.5  983.5  116.7  89.2  1.58  0.34  0.95  112.2
65350.0  2.2  983.8  116.9  89.7  1.59  0.01  0.16  112.7
65351.0  1.4  984.5  116.9  89.9  1.55  0.01  0.28  113.5
65352.0  2.3  983.8  117.0  90.1  2.05  -0.57  -0.02  113.7
65353.0  2.8  983.7  117.1  90.1  2.18  -1.54  -0.34  113.9
65354.0  1.8  983.6  117.2  89.9  1.59  -1.99  -0.21  113.6
65355.0  2.2  983.5  117.3  89.6  1.74  -1.51  -0.04  113.4
65356.0  2.3  983.6  117.4  89.5  1.93  -0.95  -0.15  114.3
65357.0  2.0  984.0  117.4  89.3  1.81  -0.50  -0.20  114.1
65358.0  2.0  983.8  117.5  89.2  1.97  0.20  -0.22  114.0
65359.0  2.4  983.7  117.5  89.1  2.18  0.37  -0.01  114.6
65360.0  2.3  983.6  117.5  89.1  2.15  0.12  -0.44  114.2
65361.0  2.2  983.9  117.6  88.9  2.01  0.43  -0.28  114.3
65362.0  2.1  983.7  117.6  88.8  2.03  0.64  -0.46  114.4
65363.0  2.3  983.5  117.6  88.6  2.25  1.07  -0.08  114.5
65364.0  2.4  983.9  117.5  88.6  2.33  0.97  0.06  115.2
65365.0  2.0  983.8  117.5  88.6  2.12  1.14  0.06  115.2
65366.0  2.5  983.7  117.5  88.6  2.35  0.98  0.32  114.9
65367.0  2.2  984.2  117.5  88.9  2.11  1.09  0.42  115.2
65368.0  2.1  984.0  117.5  89.2  1.98  0.84  -0.14  115.2
65369.0  2.3  984.0  117.5  89.2  1.97  0.21  -0.10  115.1
65370.0  1.9  983.7  117.5  89.2  1.81  -0.17  0.15  115.8
65371.0  2.1  984.0  117.6  89.3  1.87  0.02  0.16  115.2
65372.0  2.2  983.6  117.6  89.4  1.90  0.30  -0.12  115.0
65373.0  2.2  983.7  117.7  89.4  1.70  -0.16  -0.65  115.3
65374.0  1.9  984.0  117.7  89.1  1.59  0.03  0.16  113.9
65375.0  2.0  984.0  117.8  89.0  1.69  0.35  -0.54  114.4
65376.0  1.9  983.8  117.9  88.8  1.79  0.71  -0.28  114.0
65377.0  1.8  983.7  117.9  88.7  1.87  0.39  0.76  114.8
65378.0  2.3  983.5  118.0  89.0  2.15  0.21  0.56  114.2
65379.0  2.3  984.0  118.0  89.3  2.12  0.42  0.33  114.1
65380.0  2.2  983.8  118.0  89.5  2.12  0.10  -0.03  114.7
65381.0  2.1  983.7  118.0  89.6  2.17  -0.08  -0.78  115.1
65382.0  2.3  983.5  118.0  89.3  2.20  0.05  -0.02  115.3
65383.0  2.2  983.7  118.0  89.2  2.26  0.05  -0.11  115.4
65384.0  2.1  983.7  117.9  89.2  2.19  0.41  0.01  115.5
65385.0  2.3  984.3  117.9  89.2  2.37  0.29  -0.27  115.2
65386.0  2.1  984.0  117.9  89.1  2.16  -0.12  -0.05  115.3
65387.0  2.3  984.1  117.9  89.0  2.22  -0.74  -0.37  114.9
65388.0  2.5  983.9  117.9  88.8  2.07  -0.65  -0.41  114.3
65389.0  1.7  983.8  117.9  88.5  1.86  -0.51  -0.45  114.4
65390.0  2.0  984.2  118.0  88.2  2.14  -0.72  0.33  113.9
65391.0  2.5  983.7  118.0  88.1  2.35  -0.20  -0.71  114.5
65392.0  2.9  983.7  118.0  87.8  2.17  1.11  -0.54  112.7
65393.0  2.1  984.1  118.1  87.5  1.76  1.34  0.27  112.6
65394.0  2.3  983.7  118.2  87.7  1.70  0.64  1.23  113.1
65395.0  2.0  984.2  118.3  88.3  1.81  0.70  0.11  114.2
65396.0  2.4  983.5  118.3  88.5  1.91  0.13  0.33  115.4
65397.0  1.9  984.0  118.4  88.7  1.78  -0.34  -0.29  115.5
65398.0  1.5  983.8  118.4  88.6  1.53  -0.50  -0.05  115.9
65399.0  2.1  983.6  118.4  88.5  1.95  -0.65  0.17  116.4
65400.0  2.3  983.6  118.4  88.5  2.15  -0.73  0.06  116.3
65401.0  1.7  983.9  118.4  88.5  1.71  -0.40  -0.65  116.9
65402.0  2.2  983.7  118.5  88.1  1.76  -0.49  -0.51  116.1
65403.0  2.2  983.9  118.5  87.8  1.71  -0.46  0.38  117.4
65404.0  1.8  983.7  118.5  87.9  1.61  0.35  0.25  117.4
65405.0  1.8  983.7  118.6  88.1  1.51  0.52  0.62  117.3
65406.0  1.8  983.7  118.6  88.4  1.52  0.27  -0.17  117.2
65407.0  1.9  984.0  118.7  88.3  1.65  -0.23  -0.29  116.8
65408.0  2.2  983.4  118.7  88.1  1.78  -0.38  0.20  116.9
65409.0  1.7  984.2  118.7  88.2  1.55  0.21  0.07  116.7
65410.0  1.9  983.3  118.8  88.3  1.59  0.42  -0.15  116.9
65411.0  1.7  983.8  118.8  88.2  1.63  0.26  -0.02  116.8
65412.0  2.0  983.9  118.8  88.2  1.88  -0.14  0.33  116.6
65413.0  2.0  983.7  118.8  88.4  2.05  -0.11  0.25  116.0
65414.0  2.0  984.1  118.8  88.5  2.04  -0.22  -0.06  116.2
65415.0  2.0  983.6  118.8  88.5  2.10  -0.02  -0.51  116.6
65416.0  2.1  984.1  118.7  88.3  2.22  0.20  -0.31  116.6
65417.0  2.3  983.7  118.7  88.2  2.29  0.10  0.29  116.6
65418.0  2.2  983.8  118.6  88.4  2.30  0.03  0.41  116.7
65419.0  1.8  984.0  118.6  88.6  2.21  0.10  -0.28  116.3
65420.0  2.0  984.0  118.5  88.5  2.33  0.08  -0.01  116.1
65421.0  2.2  984.1  118.5  88.5  2.53  -0.42  0.00  115.9
65422.0  2.1  983.8  118.4  88.5  2.46  -0.46  -0.10  115.7
65423.0  2.4  983.9  118.3  88.4  2.53  -0.12  -0.06  115.8
65424.0  1.9  983.8  118.2  88.4  2.33  0.02  0.05  115.3
65425.0  2.1  984.1  118.2  88.4  2.49  -0.39  -0.36  116.0
65426.0  2.0  983.9  118.1  88.2  2.42  -0.40  -0.36  116.0
65427.0  1.9  984.0  118.0  87.9  2.37  0.25  0.03  116.0
65428.0  1.9  984.0  118.0  87.9  2.55  0.22  -0.31  115.5
