flight/WP3D/AircraftMet_NP3_20130705_RA.ict
43  1001
Ken Aikin
NOAA ESRL Chemical Sciences Division
various aircraft sensors
SENEX 2013
1  1
2013  07  05  2013  07  05
1
AOCTimewave
10
1  1  1  1  1  1  1  1  1  1
-9999  -9999  -9999  -9999  -9999  -9999  -9999  -9999  -9999  -9999
AmbTemp  C
DewPtTemp  C
DewPtTempTDL  C
H2Omr  g/kg
PotTemp  K
RelHumidity  pct
StaticPrs  mbar
VertWindSpd  m/s
WindDir  deg
WindSpd  m/s
1
SPECIAL COMMENTS:St. Louis  power plants.
18
PI_CONTACT_INFO: Address: NOAA ESRL Chemical Sciences Division  Mail Stop R/CSD7  325 Broadway  Boulder  CO 80305
PLATFORM: NOAA WP-3D
LOCATION: The aircraft was stationed in  Smyrna  Tennessee. Aircraft location information in AircraftPosition file.
ASSOCIATED_DATA: N/A
INSTRUMENT_INFO: N/A
DATA_INFO: Units:AmbTemp celcius; DewPtTemp celcius; DewPtTempTDL celcius; H2Omr g/kg; PotTemp kelvin; RelHumidity percent; StaticPrs millibar; VertWindSpd m/s; WindDir degrees; WindSpd m/s
UNCERTAINTY: N/A
ULOD_FLAG: -7777
ULOD_VALUE: N/A
LLOD_FLAG: -8888
LLOD_VALUE: N/A
DM_CONTACT_INFO: Data Manager:Ken Aikin; email:Kenneth.C.Aikin@noaa.gov
PROJECT_INFO: SENEX 2013 Study; June 1 - July 15  2013
STIPULATIONS_ON_USE: Use of these data require prior ok from PI.
OTHER_COMMENTS:       None
REVISION: RA
RA: Preliminary Data.  For in-field use.
AOCTimewave  AmbTemp  DewPtTemp  DewPtTempTDL  H2Omr  PotTemp  RelHumidity  StaticPrs  VertWindSpd  WindDir  WindSpd
[from data line 8405]
61965.0  22.110  16.210  -1.680  12.35  300.07  68.59  944.98  -1.34  115.59  1.77
61966.0  22.200  16.080  -1.910  12.25  300.16  67.64  945.03  -1.18  135.27  2.76
61967.0  22.170  15.970  -2.160  12.16  300.11  67.28  945.17  -1.06  134.01  2.52
61968.0  22.250  15.980  -3.330  12.17  300.20  67.01  945.08  -1.03  112.27  1.62
61969.0  22.310  15.990  -3.850  12.18  300.27  66.77  944.99  -1.58  114.88  1.60
61970.0  22.470  15.890  -4.070  12.10  300.43  65.69  945.02  0.10  93.56  1.14
61971.0  22.480  15.750  -1.370  11.99  300.45  65.02  945.02  1.22  92.99  1.69
61972.0  22.590  15.600  -1.500  11.88  300.57  63.99  944.85  0.13  114.16  2.86
61973.0  22.400  15.470  -1.470  11.77  300.38  64.16  944.83  -0.68  115.31  3.62
61974.0  22.250  15.430  -1.260  11.74  300.24  64.61  944.67  -0.77  121.87  3.63
61975.0  22.180  15.510  -0.950  11.80  300.16  65.25  944.76  0.69  131.65  3.72
61976.0  22.150  15.750  -1.120  11.99  300.13  66.41  944.80  0.92  134.13  3.72
61977.0  22.140  15.960  -1.040  12.16  300.13  67.36  944.71  1.88  133.73  4.05
61978.0  22.080  16.050  -0.740  12.23  300.08  68.01  944.54  1.37  143.92  2.35
61979.0  22.170  16.040  0.910  12.22  300.18  67.58  944.43  1.21  152.15  2.23
61980.0  22.240  15.940  0.080  12.15  300.26  66.83  944.42  1.32  147.66  2.95
61981.0  22.220  15.880  -0.430  12.10  300.24  66.68  944.27  0.88  146.65  2.95
61982.0  22.150  15.960  -0.720  12.16  300.17  67.32  944.35  0.43  155.51  3.16
61983.0  22.090  16.100  -0.720  12.28  300.12  68.19  944.28  -0.49  141.57  2.30
61984.0  22.110  16.160  -0.860  12.33  300.13  68.39  944.36  -1.04  138.44  2.36
61985.0  22.160  16.180  -1.130  12.34  300.16  68.27  944.54  -0.96  129.99  2.60
61986.0  22.210  16.280  -1.700  12.41  300.20  68.46  944.66  -0.69  132.55  3.07
61987.0  22.190  16.430  -2.120  12.54  300.17  69.26  944.78  -0.87  135.74  2.56
61988.0  22.180  16.540  -2.560  12.62  300.16  69.77  944.79  -0.93  128.02  1.32
61989.0  22.360  16.570  -2.960  12.64  300.33  69.12  944.88  -1.16  139.79  2.70
61990.0  22.300  16.510  -2.400  12.59  300.26  69.10  945.06  -0.58  145.20  2.73
61991.0  22.350  16.420  -2.100  12.52  300.29  68.49  945.22  -0.68  138.64  2.83
61992.0  22.420  16.320  -2.420  12.44  300.37  67.74  945.19  -1.09  122.07  3.00
61993.0  22.400  16.200  -3.300  12.34  300.34  67.31  945.20  -0.55  140.54  3.47
61994.0  22.380  16.060  -2.380  12.23  300.32  66.81  945.19  -0.54  139.05  3.74
61995.0  22.400  16.010  -2.110  12.19  300.36  66.47  944.99  -0.81  128.87  3.93
61996.0  22.260  16.070  -2.120  12.24  300.23  67.35  944.83  -0.35  132.63  3.98
61997.0  22.280  16.080  -2.280  12.25  300.28  67.29  944.51  0.33  138.08  3.90
61998.0  22.220  15.970  -1.900  12.17  300.26  67.06  944.13  1.05  139.01  3.52
61999.0  22.240  15.910  -1.810  12.13  300.32  66.72  943.59  1.91  154.05  3.59
62000.0  22.210  15.830  -1.790  12.08  300.37  66.52  942.77  1.09  151.89  2.41
62001.0  22.150  15.830  -1.940  12.09  300.38  66.71  942.01  0.62  145.05  2.78
62002.0  22.110  15.780  -1.720  12.06  300.40  66.70  941.37  0.24  148.77  3.58
62003.0  21.990  15.730  -1.650  12.03  300.35  66.96  940.61  -0.55  147.62  3.18
62004.0  21.940  15.770  -2.170  12.07  300.34  67.39  940.07  -1.44  136.17  2.06
62005.0  21.890  15.800  -2.170  12.10  300.35  67.74  939.43  -1.46  150.67  1.80
62006.0  21.840  15.800  -2.160  12.11  300.37  67.94  938.68  -1.41  151.38  1.78
62007.0  21.890  15.800  -2.080  12.12  300.47  67.73  938.13  -1.63  129.49  1.88
62008.0  21.830  15.750  -2.080  12.09  300.45  67.75  937.67  -1.10  116.26  2.54
62009.0  21.750  15.720  -1.900  12.07  300.41  67.95  937.21  0.05  109.86  3.12
62010.0  21.650  15.760  -1.750  12.10  300.34  68.56  936.79  0.29  114.65  2.86
62011.0  21.670  15.800  -1.540  12.14  300.39  68.68  936.52  1.86  115.33  2.13
62012.0  21.670  15.770  -1.030  12.12  300.42  68.53  936.15  2.79  108.28  2.01
62013.0  21.780  15.780  -0.750  12.14  300.58  68.10  935.68  2.03  86.64  3.48
62014.0  21.570  15.840  -0.570  12.18  300.41  69.26  935.19  1.30  94.42  3.44
62015.0  21.470  15.800  0.410  12.16  300.34  69.51  934.95  1.25  114.69  3.09
62016.0  21.420  15.820  0.730  12.18  300.32  69.84  934.49  0.52  120.82  2.89
62017.0  21.360  15.850  0.730  12.21  300.28  70.23  934.28  0.02  140.19  3.94
62018.0  21.320  15.850  0.690  12.21  300.27  70.44  933.89  -0.09  133.21  3.51
62019.0  21.200  15.850  0.490  12.22  300.19  70.97  933.49  -0.86  126.40  2.49
62020.0  21.230  15.830  0.490  12.21  300.23  70.75  933.35  -1.04  139.15  2.59
62021.0  21.240  15.870  0.530  12.24  300.24  70.87  933.44  -0.97  127.98  2.94
62022.0  21.320  15.900  0.350  12.26  300.29  70.65  933.66  -0.58  125.75  3.15
62023.0  21.300  15.900  -0.450  12.25  300.26  70.71  933.84  0.07  140.35  3.95
62024.0  21.330  15.920  -1.220  12.27  300.29  70.67  933.89  0.59  135.42  3.87
62025.0  21.370  15.920  -1.330  12.27  300.32  70.48  933.97  0.57  121.74  3.69
62026.0  21.360  15.930  -1.340  12.28  300.29  70.62  934.15  2.21  132.53  3.17
62027.0  21.380  15.920  -1.080  12.26  300.30  70.47  934.25  2.66  124.15  1.80
62028.0  21.430  15.930  -1.770  12.27  300.35  70.29  934.39  1.86  159.76  2.35
62029.0  21.460  15.910  -2.400  12.26  300.38  70.10  934.26  1.18  163.67  2.10
62030.0  21.480  15.860  -2.600  12.21  300.40  69.75  934.29  0.64  164.42  2.57
62031.0  21.490  15.810  -2.570  12.18  300.42  69.50  934.15  0.07  157.76  2.47
62032.0  21.530  15.710  -2.460  12.10  300.48  68.89  933.96  0.13  145.89  2.23
62033.0  21.650  15.650  -2.110  12.06  300.60  68.07  934.02  1.03  102.34  3.34
62034.0  21.590  15.620  -2.070  12.03  300.54  68.22  934.02  1.69  107.43  2.69
62035.0  21.470  15.620  -2.140  12.03  300.42  68.69  933.95  2.61  117.64  1.06
62036.0  21.580  15.590  -1.810  12.01  300.53  68.14  933.99  0.51  141.03  1.70
62037.0  21.630  15.590  -1.990  12.01  300.59  67.90  933.98  1.40  138.27  2.22
62038.0  21.640  15.580  -2.120  12.00  300.60  67.80  933.93  2.12  129.06  2.00
62039.0  21.700  15.570  -2.010  11.99  300.66  67.50  933.94  1.99  135.63  3.33
62040.0  21.620  15.550  -2.300  11.98  300.59  67.75  933.88  0.41  135.73  2.82
62041.0  21.510  15.550  -2.570  11.98  300.49  68.21  933.70  -1.66  119.27  2.05
62042.0  21.500  15.500  -2.950  11.94  300.46  68.03  933.88  -1.44  131.47  2.03
62043.0  21.560  15.450  -3.830  11.89  300.50  67.54  934.20  -1.09  137.44  2.27
62044.0  21.610  15.320  -3.570  11.79  300.53  66.77  934.34  -0.92  133.78  2.22
62045.0  21.650  15.240  -3.640  11.73  300.56  66.28  934.40  -1.08  115.09  2.42
62046.0  21.640  15.190  -3.540  11.69  300.54  66.12  934.56  -1.14  133.00  2.92
62047.0  21.620  15.140  -2.680  11.65  300.51  65.96  934.70  -1.05  137.36  3.28
62048.0  21.620  15.120  -2.690  11.64  300.51  65.90  934.67  -0.81  132.26  3.03
62049.0  21.520  15.170  -2.810  11.67  300.40  66.50  934.80  0.24  148.96  2.26
62050.0  21.740  15.160  -2.640  11.66  300.62  65.56  934.74  1.66  129.32  2.62
62051.0  21.830  15.110  -2.320  11.63  300.73  64.98  934.62  2.95  125.78  3.24
62052.0  21.810  15.110  -2.030  11.63  300.73  65.02  934.41  1.82  127.09  3.27
62053.0  21.770  15.080  -2.090  11.61  300.71  65.09  934.16  1.29  123.60  4.28
62054.0  21.660  15.080  -2.320  11.61  300.62  65.54  933.95  0.22  132.64  3.71
62055.0  21.600  15.070  -2.280  11.60  300.55  65.73  934.06  -0.43  139.75  3.51
62056.0  21.510  15.050  -2.210  11.59  300.45  66.04  934.02  -1.23  135.32  2.62
62057.0  21.530  15.030  -2.160  11.57  300.47  65.86  934.14  -1.58  141.86  1.75
62058.0  21.550  15.030  -2.330  11.57  300.48  65.77  934.31  -0.73  157.30  2.29
62059.0  21.660  15.050  -2.290  11.59  300.59  65.43  934.24  0.18  146.08  2.71
62060.0  21.610  15.120  -1.170  11.64  300.53  65.95  934.26  0.31  156.43  2.88
62061.0  21.560  15.200  -0.090  11.70  300.50  66.46  934.05  0.93  164.94  2.39
62062.0  21.550  15.270  0.320  11.76  300.51  66.84  933.86  1.09  165.61  1.48
62063.0  21.610  15.390  0.360  11.85  300.57  67.11  933.84  0.29  159.49  1.70
62064.0  21.580  15.420  0.310  11.88  300.54  67.37  933.87  1.08  138.47  1.82
62065.0  21.600  15.400  0.440  11.86  300.58  67.16  933.74  0.11  118.42  0.97
62066.0  21.600  15.480  -0.110  11.93  300.57  67.55  933.81  -0.71  103.59  2.06
62067.0  21.600  15.540  -0.410  11.97  300.57  67.80  933.80  -0.19  101.15  2.79
62068.0  21.540  15.510  0.200  11.94  300.49  67.93  933.90  -0.62  110.53  3.01
62069.0  21.470  15.510  -0.270  11.94  300.41  68.22  934.06  -0.76  127.70  2.70
62070.0  21.510  15.570  -0.670  11.99  300.44  68.32  934.21  -1.12  131.41  2.79
62071.0  21.530  15.590  -1.140  12.00  300.46  68.30  934.23  -1.38  131.02  2.44
62072.0  21.670  15.600  -3.200  12.01  300.60  67.78  934.29  -0.97  128.21  2.30
62073.0  21.660  15.540  -3.270  11.96  300.57  67.55  934.43  -1.31  144.77  2.69
62074.0  21.680  15.460  -2.160  11.90  300.59  67.12  934.47  0.31  121.00  2.16
62075.0  21.600  15.410  -1.660  11.86  300.51  67.21  934.51  0.84  127.01  1.98
62076.0  21.520  15.420  -0.490  11.87  300.42  67.63  934.54  1.14  148.01  1.95
62077.0  21.460  15.510  -0.830  11.94  300.37  68.26  934.46  0.38  162.23  2.02
62078.0  21.530  15.590  -0.850  12.00  300.45  68.29  934.34  0.11  155.17  2.31
62079.0  21.480  15.600  -0.810  12.01  300.39  68.60  934.36  -0.56  160.85  2.79
62080.0  21.550  15.580  -0.740  12.00  300.48  68.18  934.18  -0.66  140.52  2.47
62081.0  21.460  15.480  -0.680  11.92  300.40  68.14  934.06  -0.87  115.44  1.56
62082.0  21.510  15.380  -0.880  11.84  300.44  67.48  934.15  -0.57  123.58  1.74
62083.0  21.490  15.390  -1.120  11.84  300.41  67.60  934.27  -1.23  147.10  1.78
62084.0  21.580  15.410  -1.130  11.87  300.49  67.34  934.36  -1.28  136.13  1.81
62085.0  21.570  15.370  -1.160  11.83  300.49  67.20  934.31  -1.18  117.43  1.86
62086.0  21.620  15.330  -1.340  11.80  300.55  66.75  934.27  0.05  114.94  2.04
62087.0  21.580  15.270  -1.820  11.76  300.49  66.72  934.40  0.79  134.12  3.04
62088.0  21.570  15.250  -2.030  11.74  300.49  66.63  934.32  0.56  129.73  2.59
62089.0  21.540  15.270  -2.530  11.75  300.47  66.86  934.20  1.66  85.93  1.13
62090.0  21.700  15.360  -2.420  11.83  300.65  66.57  934.05  0.96  120.33  1.63
62091.0  21.750  15.400  -2.400  11.86  300.71  66.54  933.91  1.78  101.29  1.66
62092.0  21.810  15.400  -2.410  11.86  300.79  66.30  933.72  2.43  107.46  2.41
62093.0  21.680  15.290  -2.560  11.78  300.65  66.38  933.75  0.17  133.99  2.95
62094.0  21.570  15.170  -2.790  11.68  300.54  66.29  933.78  -1.02  148.62  2.64
62095.0  21.590  15.120  -2.180  11.64  300.55  66.00  933.90  -0.53  154.68  2.73
62096.0  21.550  15.070  -1.630  11.61  300.52  65.96  933.80  -0.34  159.61  2.44
62097.0  21.590  15.100  -1.960  11.63  300.57  65.92  933.69  0.46  182.66  2.64
62098.0  21.560  15.130  -2.710  11.66  300.54  66.17  933.69  0.58  190.08  2.34
62099.0  21.750  15.110  -2.810  11.64  300.73  65.31  933.69  -0.09  162.72  3.63
62100.0  21.710  15.060  -3.010  11.60  300.69  65.26  933.68  -0.73  148.29  3.62
62101.0  21.630  15.060  -3.450  11.60  300.59  65.59  933.83  -0.89  142.69  2.80
62102.0  21.670  15.010  -3.830  11.56  300.62  65.22  934.02  -1.34  141.31  2.57
62103.0  21.670  14.940  -3.950  11.50  300.61  64.91  934.13  -0.55  132.38  2.29
62104.0  21.720  14.880  -3.610  11.46  300.65  64.44  934.24  -0.68  144.65  1.74
62105.0  21.820  14.850  -4.170  11.44  300.74  63.93  934.30  -0.69  134.26  2.84
62106.0  21.770  14.790  -4.190  11.39  300.69  63.83  934.42  -1.31  133.10  2.51
62107.0  21.700  14.690  -3.860  11.31  300.60  63.73  934.61  -0.58  141.19  3.15
62108.0  21.700  14.620  -3.520  11.26  300.60  63.43  934.58  -0.57  140.15  2.44
62109.0  21.680  14.590  -3.440  11.24  300.58  63.37  934.60  -0.93  136.39  2.70
62110.0  21.750  14.550  -3.940  11.20  300.65  62.94  934.59  -0.92  125.13  2.48
62111.0  21.780  14.490  -4.160  11.17  300.68  62.60  934.60  -0.90  120.00  2.23
62112.0  21.770  14.440  -3.920  11.13  300.67  62.41  934.65  -0.87  134.87  2.44
62113.0  21.740  14.360  -3.110  11.07  300.63  62.18  934.75  -0.89  127.42  2.99
62114.0  21.760  14.350  -3.240  11.06  300.66  62.07  934.68  -1.05  119.38  2.85
62115.0  21.780  14.370  -3.510  11.08  300.67  62.10  934.68  -1.25  124.56  3.10
62116.0  21.790  14.410  -3.500  11.10  300.67  62.21  934.80  -0.26  122.10  3.30
62117.0  21.690  14.340  -3.180  11.05  300.57  62.32  934.71  0.88  138.45  3.16
62118.0  21.630  14.320  -2.150  11.04  300.54  62.43  934.54  0.29  153.37  3.33
62119.0  21.630  14.360  -1.320  11.07  300.56  62.62  934.30  1.69  182.46  2.20
62120.0  21.770  14.500  -0.620  11.18  300.73  62.63  934.03  2.47  127.04  1.87
62121.0  21.640  14.580  -0.230  11.24  300.61  63.50  933.87  1.55  162.46  3.14
62122.0  21.470  14.700  -0.270  11.33  300.44  64.67  933.80  0.44  171.62  2.58
62123.0  21.430  14.840  -0.240  11.44  300.41  65.47  933.67  0.37  175.59  1.20
62124.0  21.500  14.920  -0.230  11.50  300.49  65.51  933.63  0.87  151.43  1.86
62125.0  21.450  14.990  -0.230  11.55  300.43  66.03  933.69  0.70  168.23  3.04
62126.0  21.520  15.060  -0.150  11.60  300.50  66.05  933.66  0.24  159.01  3.67
62127.0  21.420  15.170  -0.080  11.69  300.41  66.92  933.48  -0.09  161.40  2.19
62128.0  21.480  15.290  -0.480  11.78  300.47  67.19  933.53  -0.20  136.10  2.03
62129.0  21.500  15.390  -1.410  11.86  300.49  67.57  933.55  -0.18  114.24  2.51
62130.0  21.490  15.460  -1.630  11.91  300.47  67.93  933.65  -0.24  121.69  2.93
62131.0  21.470  15.460  -1.550  11.90  300.43  67.97  933.86  0.42  129.45  3.21
62132.0  21.460  15.480  -2.160  11.92  300.42  68.10  933.92  0.27  132.47  3.14
62133.0  21.450  15.540  -2.180  11.97  300.40  68.43  934.04  0.09  137.34  3.15
62134.0  21.460  15.630  -2.140  12.04  300.41  68.79  934.04  -0.35  137.27  3.67
62135.0  21.490  15.660  -2.150  12.06  300.45  68.77  933.93  -0.46  131.75  3.29
62136.0  21.470  15.620  -2.290  12.03  300.40  68.74  934.18  -0.26  143.28  3.09
62137.0  21.470  15.600  -2.860  12.01  300.40  68.59  934.19  -0.36  158.17  2.59
62138.0  21.600  15.550  -3.030  11.97  300.52  67.84  934.39  -0.18  148.18  2.41
62139.0  21.640  15.480  -3.080  11.91  300.55  67.34  934.53  -0.34  146.72  2.33
62140.0  21.700  15.420  -3.040  11.87  300.61  66.85  934.53  -0.25  132.34  2.78
62141.0  21.700  15.380  -3.120  11.83  300.60  66.64  934.58  -0.49  131.07  3.01
62142.0  21.740  15.330  -2.890  11.80  300.64  66.31  934.54  -1.16  105.66  2.26
62143.0  21.710  15.280  -2.910  11.76  300.61  66.21  934.53  -1.44  117.71  2.62
62144.0  21.620  15.210  -3.080  11.71  300.52  66.28  934.60  -0.19  171.97  2.92
62145.0  21.720  15.160  -2.600  11.66  300.60  65.64  934.75  -0.35  174.90  3.12
62146.0  21.720  15.100  -1.910  11.62  300.62  65.38  934.57  -0.27  166.29  3.60
62147.0  21.730  15.050  -1.970  11.58  300.65  65.12  934.43  0.10  151.38  3.51
62148.0  21.740  14.970  -1.890  11.53  300.68  64.74  934.18  1.62  127.19  2.33
62149.0  21.740  14.910  -1.580  11.49  300.69  64.52  934.01  -0.02  139.96  2.53
62150.0  21.740  14.890  -1.920  11.47  300.71  64.41  933.82  -1.02  132.88  2.06
62151.0  21.810  14.850  -2.060  11.44  300.77  63.95  933.94  -1.21  125.11  2.07
62152.0  21.730  14.760  -2.080  11.37  300.69  63.88  933.97  -1.64  157.40  1.40
62153.0  21.770  14.710  -2.580  11.34  300.71  63.55  934.19  -1.81  166.50  2.39
62154.0  21.810  14.670  -3.020  11.30  300.74  63.21  934.26  -1.09  171.97  2.28
62155.0  21.950  14.670  -2.920  11.30  300.87  62.65  934.34  -0.94  146.25  2.19
62156.0  21.870  14.670  -2.910  11.30  300.79  62.97  934.38  -0.21  166.44  2.69
62157.0  21.890  14.670  -2.890  11.30  300.81  62.92  934.41  0.49  156.15  3.26
