flight/WP3D/AircraftMet_NP3_20130706_RA.ict
43  1001
Ken Aikin
NOAA ESRL Chemical Sciences Division
various aircraft sensors
SENEX 2013
1  1
2013  07  06  2013  07  06
1
AOCTimewave
10
1  1  1  1  1  1  1  1  1  1
-9999  -9999  -9999  -9999  -9999  -9999  -9999  -9999  -9999  -9999
AmbTemp  C
DewPtTemp  C
DewPtTempTDL  C
H2Omr  g/kg
PotTemp  K
RelHumidity  pct
StaticPrs  mbar
VertWindSpd  m/s
WindDir  deg
WindSpd  m/s
1
SPECIAL COMMENTS:PA shale flight.
18
PI_CONTACT_INFO: Address: NOAA ESRL Chemical Sciences Division  Mail Stop R/CSD7  325 Broadway  Boulder  CO 80305
PLATFORM: NOAA WP-3D
LOCATION: The aircraft was stationed in  Smyrna  Tennessee. Aircraft location information in AircraftPosition file.
ASSOCIATED_DATA: N/A
INSTRUMENT_INFO: N/A
DATA_INFO: Units:AmbTemp celcius; DewPtTemp celcius; DewPtTempTDL celcius; H2Omr g/kg; PotTemp kelvin; RelHumidity percent; StaticPrs millibar; VertWindSpd m/s; WindDir degrees; WindSpd m/s
UNCERTAINTY: N/A
ULOD_FLAG: -7777
ULOD_VALUE: N/A
LLOD_FLAG: -8888
LLOD_VALUE: N/A
DM_CONTACT_INFO: Data Manager:Ken Aikin; email:Kenneth.C.Aikin@noaa.gov
PROJECT_INFO: SENEX 2013 Study; June 1 - July 15  2013
STIPULATIONS_ON_USE: Use of these data require prior ok from PI.
OTHER_COMMENTS:       None
REVISION: RA
RA: Preliminary Data.  For in-field use.
AOCTimewave  AmbTemp  DewPtTemp  DewPtTempTDL  H2Omr  PotTemp  RelHumidity  StaticPrs  VertWindSpd  WindDir  WindSpd
[from data line 5605]
57164.0  -0.360  -13.230  -15.410  2.39  319.09  36.95  577.62  -0.05  232.44  25.24
57165.0  -0.360  -13.270  -15.530  2.38  319.09  36.82  577.59  -0.02  232.27  25.25
57166.0  -0.330  -13.320  -15.360  2.37  319.13  36.58  577.58  -0.01  232.18  25.24
57167.0  -0.340  -13.350  -15.440  2.37  319.12  36.53  577.56  0.00  232.24  25.17
57168.0  -0.350  -13.400  -15.390  2.36  319.11  36.39  577.56  0.08  232.21  25.23
57169.0  -0.350  -13.430  -15.380  2.35  319.11  36.32  577.53  0.14  232.12  25.27
57170.0  -0.330  -13.440  -15.310  2.35  319.14  36.24  577.54  0.09  232.04  25.26
57171.0  -0.320  -13.440  -15.370  2.35  319.17  36.20  577.45  -0.11  232.19  25.25
57172.0  -0.350  -13.430  -15.450  2.35  319.12  36.32  577.53  -0.15  232.22  25.23
57173.0  -0.370  -13.400  -15.540  2.36  319.10  36.46  577.47  -0.21  232.24  25.10
57174.0  -0.370  -13.370  -15.490  2.36  319.08  36.55  577.57  -0.32  232.42  25.11
57175.0  -0.350  -13.340  -15.590  2.37  319.10  36.58  577.66  -0.26  232.39  25.09
57176.0  -0.340  -13.330  -15.580  2.37  319.10  36.59  577.66  -0.22  232.33  25.05
57177.0  -0.350  -13.330  -15.450  2.37  319.10  36.60  577.63  -0.12  232.39  25.03
57178.0  -0.370  -13.350  -15.470  2.37  319.08  36.59  577.62  -0.06  232.73  25.00
57179.0  -0.360  -13.380  -15.710  2.36  319.09  36.48  577.59  -0.06  232.85  24.93
57180.0  -0.350  -13.410  -15.600  2.36  319.11  36.36  577.60  -0.05  232.80  24.89
57181.0  -0.330  -13.410  -15.520  2.36  319.10  36.31  577.75  0.04  232.51  24.90
57182.0  -0.350  -13.430  -15.490  2.35  319.09  36.31  577.68  0.01  232.29  24.92
57183.0  -0.330  -13.440  -15.330  2.35  319.11  36.23  577.71  0.12  232.09  24.89
57184.0  -0.300  -13.430  -15.390  2.35  319.16  36.18  577.67  0.23  231.96  24.85
57185.0  -0.310  -13.400  -15.280  2.36  319.14  36.29  577.64  0.21  231.91  24.79
57186.0  -0.320  -13.400  -15.090  2.36  319.15  36.33  577.54  0.18  231.82  24.77
57187.0  -0.310  -13.380  -15.060  2.36  319.15  36.37  577.57  0.14  231.88  24.75
57188.0  -0.310  -13.340  -14.960  2.37  319.17  36.46  577.52  0.26  231.90  24.69
57189.0  -0.280  -13.310  -14.880  2.38  319.20  36.48  577.52  0.33  231.90  24.66
57190.0  -0.270  -13.300  -14.900  2.38  319.19  36.48  577.60  0.41  231.93  24.68
57191.0  -0.290  -13.280  -14.810  2.38  319.18  36.59  577.58  0.47  231.99  24.65
57192.0  -0.300  -13.260  -14.750  2.39  319.17  36.69  577.56  0.55  231.94  24.61
57193.0  -0.300  -13.220  -14.690  2.39  319.15  36.82  577.66  0.68  231.82  24.57
57194.0  -0.290  -13.160  -14.760  2.41  319.16  36.97  577.62  0.68  231.86  24.55
57195.0  -0.280  -13.100  -14.940  2.42  319.17  37.11  577.69  0.59  231.93  24.65
57196.0  -0.280  -13.050  -15.060  2.43  319.18  37.26  577.60  0.59  231.96  24.65
57197.0  -0.320  -13.000  -14.940  2.44  319.15  37.51  577.56  0.59  232.05  24.65
57198.0  -0.320  -12.950  -15.190  2.45  319.13  37.67  577.64  0.44  232.08  24.66
57199.0  -0.310  -12.910  -15.030  2.45  319.15  37.77  577.56  0.43  232.04  24.67
57200.0  -0.300  -12.900  -14.960  2.46  319.17  37.78  577.49  0.38  232.15  24.70
57201.0  -0.300  -12.900  -15.030  2.46  319.19  37.76  577.43  0.33  232.20  24.70
57202.0  -0.350  -12.900  -15.050  2.46  319.12  37.92  577.48  0.38  232.21  24.68
57203.0  -0.320  -12.900  -15.070  2.46  319.16  37.83  577.47  0.41  232.34  24.77
57204.0  -0.310  -12.900  -15.250  2.46  319.16  37.81  577.50  0.49  232.55  24.75
57205.0  -0.340  -12.920  -15.430  2.45  319.12  37.85  577.51  0.48  232.77  24.78
57206.0  -0.350  -12.920  -15.330  2.45  319.12  37.86  577.48  0.43  232.66  24.80
57207.0  -0.360  -12.940  -15.250  2.45  319.12  37.81  577.45  0.45  232.40  24.70
57208.0  -0.330  -12.990  -15.000  2.44  319.15  37.60  577.43  0.51  232.28  24.68
57209.0  -0.310  -13.020  -15.060  2.43  319.17  37.43  577.47  0.37  232.33  24.68
57210.0  -0.300  -13.050  -14.830  2.43  319.18  37.31  577.48  0.18  232.26  24.63
57211.0  -0.280  -13.060  -14.850  2.43  319.21  37.24  577.47  -0.03  232.39  24.67
57212.0  -0.280  -13.060  -15.110  2.42  319.19  37.24  577.54  -0.13  232.78  24.77
57213.0  -0.330  -13.060  -15.410  2.42  319.13  37.35  577.58  -0.18  232.99  24.87
57214.0  -0.330  -13.060  -15.390  2.42  319.13  37.38  577.56  -0.08  232.94  24.89
57215.0  -0.340  -13.070  -15.450  2.42  319.14  37.37  577.50  -0.02  232.85  24.82
57216.0  -0.310  -13.070  -15.500  2.42  319.14  37.31  577.61  0.16  232.94  24.81
57217.0  -0.330  -13.100  -15.400  2.42  319.12  37.25  577.63  0.22  232.97  24.77
57218.0  -0.340  -13.150  -15.430  2.41  319.11  37.11  577.66  0.13  233.02  24.81
57219.0  -0.330  -13.180  -15.530  2.40  319.10  37.01  577.71  -0.02  232.77  24.82
57220.0  -0.330  -13.230  -15.530  2.39  319.10  36.87  577.76  -0.10  232.82  24.82
57221.0  -0.330  -13.260  -15.470  2.38  319.10  36.75  577.78  -0.19  232.90  24.72
57222.0  -0.300  -13.270  -15.510  2.38  319.13  36.66  577.76  -0.19  232.84  24.71
57223.0  -0.310  -13.260  -15.560  2.39  319.13  36.73  577.69  -0.18  232.64  24.61
57224.0  -0.320  -13.230  -15.330  2.39  319.12  36.82  577.70  -0.14  232.47  24.43
57225.0  -0.290  -13.210  -15.130  2.40  319.16  36.81  577.71  -0.25  232.35  24.43
57226.0  -0.290  -13.180  -15.170  2.40  319.18  36.91  577.54  -0.32  232.36  24.36
57227.0  -0.270  -13.180  -15.050  2.40  319.21  36.85  577.51  -0.42  232.46  24.31
57228.0  -0.250  -13.170  -14.980  2.40  319.20  36.81  577.70  -0.49  232.50  24.29
57229.0  -0.230  -13.170  -14.980  2.40  319.23  36.75  577.72  -0.56  232.60  24.30
57230.0  -0.230  -13.170  -14.970  2.40  319.22  36.75  577.78  -0.55  232.69  24.33
57231.0  -0.260  -13.150  -14.940  2.41  319.18  36.90  577.80  -0.66  232.77  24.34
57232.0  -0.240  -13.130  -14.970  2.41  319.21  36.93  577.71  -0.70  232.96  24.31
57233.0  -0.230  -13.090  -14.930  2.42  319.22  37.02  577.74  -0.72  233.10  24.28
57234.0  -0.270  -13.010  -14.990  2.43  319.17  37.35  577.79  -0.76  233.20  24.13
57235.0  -0.270  -12.950  -14.980  2.45  319.18  37.55  577.74  -0.77  233.28  24.04
57236.0  -0.260  -12.890  -14.840  2.46  319.21  37.70  577.60  -0.72  233.28  23.91
57237.0  -0.230  -12.840  -14.810  2.47  319.24  37.79  577.60  -0.66  233.47  23.80
57238.0  -0.210  -12.800  -14.830  2.48  319.26  37.83  577.65  -0.56  233.58  23.78
57239.0  -0.170  -12.780  -14.810  2.48  319.29  37.80  577.72  -0.40  233.63  23.77
57240.0  -0.200  -12.740  -14.810  2.49  319.28  37.97  577.63  -0.31  233.69  23.77
57241.0  -0.210  -12.720  -14.830  2.49  319.26  38.10  577.62  -0.25  233.80  23.77
57242.0  -0.190  -12.710  -14.890  2.49  319.29  38.05  577.61  -0.06  233.87  23.86
57243.0  -0.180  -12.720  -14.930  2.49  319.29  38.02  577.61  0.06  233.85  23.83
57244.0  -0.160  -12.740  -14.960  2.49  319.34  37.88  577.50  0.08  233.85  23.88
57245.0  -0.190  -12.750  -15.010  2.49  319.31  37.93  577.47  0.05  233.89  23.87
57246.0  -0.210  -12.750  -14.900  2.49  319.28  38.00  577.48  0.05  233.92  23.86
57247.0  -0.200  -12.740  -14.940  2.49  319.29  37.99  577.51  0.01  233.97  23.86
57248.0  -0.180  -12.770  -15.040  2.48  319.32  37.87  577.45  -0.09  233.99  23.86
57249.0  -0.200  -12.770  -15.040  2.48  319.30  37.89  577.46  -0.12  234.05  23.86
57250.0  -0.230  -12.770  -14.990  2.48  319.26  37.98  577.51  -0.04  234.13  23.90
57251.0  -0.230  -12.770  -14.990  2.48  319.27  37.98  577.45  0.21  234.09  23.92
57252.0  -0.240  -12.770  -14.940  2.48  319.26  38.00  577.42  0.26  234.15  23.94
57253.0  -0.240  -12.750  -14.940  2.49  319.27  38.06  577.35  0.19  234.26  23.99
57254.0  -0.270  -12.750  -14.950  2.49  319.22  38.16  577.46  0.21  234.28  24.16
57255.0  -0.290  -12.750  -15.170  2.49  319.21  38.20  577.41  0.22  234.28  24.26
57256.0  -0.290  -12.770  -15.310  2.48  319.19  38.14  577.47  0.18  234.42  24.31
57257.0  -0.290  -12.790  -15.420  2.48  319.21  38.06  577.40  0.25  234.53  24.27
57258.0  -0.320  -12.810  -15.470  2.47  319.16  38.10  577.47  0.20  234.66  24.28
57259.0  -0.330  -12.830  -15.440  2.47  319.15  38.07  577.44  0.19  234.79  24.22
57260.0  -0.320  -12.860  -15.400  2.46  319.16  37.96  577.46  0.03  234.90  24.11
57261.0  -0.310  -12.890  -15.430  2.46  319.16  37.82  577.51  0.08  234.98  24.06
57262.0  -0.290  -12.920  -15.510  2.45  319.17  37.69  577.59  0.04  235.05  24.15
57263.0  -0.310  -12.930  -15.490  2.45  319.15  37.70  577.59  -0.06  235.28  24.04
57264.0  -0.260  -12.950  -15.280  2.45  319.20  37.53  577.62  0.02  235.28  24.15
57265.0  -0.290  -12.960  -15.360  2.45  319.17  37.59  577.58  0.06  235.39  24.06
57266.0  -0.300  -12.960  -15.170  2.45  319.16  37.61  577.62  0.18  235.44  24.05
57267.0  -0.290  -12.960  -15.160  2.45  319.16  37.57  577.66  0.28  235.41  23.95
57268.0  -0.280  -12.960  -15.000  2.45  319.18  37.55  577.63  0.28  235.51  23.95
57269.0  -0.260  -12.950  -15.050  2.45  319.20  37.51  577.63  0.33  235.58  23.92
57270.0  -0.240  -12.950  -14.970  2.45  319.22  37.46  577.67  0.23  235.56  23.97
57271.0  -0.270  -12.950  -15.190  2.45  319.18  37.53  577.69  0.00  235.69  23.93
57272.0  -0.290  -12.960  -15.230  2.44  319.14  37.58  577.80  -0.05  235.68  24.03
57273.0  -0.280  -12.960  -15.080  2.45  319.16  37.57  577.69  -0.09  235.78  23.98
57274.0  -0.280  -12.960  -14.980  2.45  319.18  37.54  577.64  -0.09  235.90  23.92
57275.0  -0.270  -12.940  -14.930  2.45  319.17  37.58  577.74  -0.13  235.88  23.91
57276.0  -0.240  -12.910  -14.970  2.45  319.21  37.59  577.73  -0.20  235.93  23.93
57277.0  -0.260  -12.880  -14.910  2.46  319.19  37.74  577.67  -0.25  236.09  23.91
57278.0  -0.260  -12.850  -14.900  2.47  319.22  37.82  577.54  -0.13  236.22  23.84
57279.0  -0.250  -12.830  -14.850  2.47  319.22  37.87  577.59  -0.08  236.27  23.89
57280.0  -0.230  -12.800  -14.910  2.48  319.23  37.89  577.64  -0.09  236.49  23.88
57281.0  -0.210  -12.790  -14.910  2.48  319.27  37.85  577.62  -0.06  236.89  23.81
57282.0  -0.180  -12.770  -14.780  2.48  319.30  37.83  577.63  -0.03  236.94  23.79
57283.0  -0.140  -12.760  -14.730  2.48  319.35  37.76  577.61  -0.02  237.05  23.80
57284.0  -0.130  -12.760  -14.650  2.48  319.35  37.73  577.63  -0.04  237.19  23.73
57285.0  -0.130  -12.750  -14.660  2.49  319.35  37.76  577.70  -0.10  237.24  23.72
57286.0  -0.110  -12.740  -14.680  2.49  319.36  37.74  577.74  -0.21  237.38  23.73
57287.0  -0.110  -12.740  -14.770  2.49  319.37  37.74  577.73  -0.34  237.41  23.72
57288.0  -0.110  -12.710  -14.650  2.49  319.38  37.81  577.64  -0.36  237.35  23.73
57289.0  -0.120  -12.690  -14.620  2.50  319.37  37.93  577.58  -0.42  237.25  23.77
57290.0  -0.120  -12.660  -14.580  2.51  319.38  38.01  577.58  -0.40  237.41  23.78
57291.0  -0.100  -12.640  -14.650  2.51  319.40  38.04  577.54  -0.35  237.40  23.80
57292.0  -0.110  -12.610  -14.650  2.52  319.39  38.15  577.56  -0.32  237.55  23.77
57293.0  -0.130  -12.580  -14.630  2.52  319.37  38.28  577.51  -0.23  237.64  23.73
57294.0  -0.120  -12.580  -14.680  2.52  319.38  38.27  577.53  -0.19  237.69  23.76
57295.0  -0.130  -12.560  -14.630  2.53  319.36  38.37  577.59  -0.12  237.80  23.72
57296.0  -0.100  -12.550  -14.570  2.53  319.39  38.31  577.63  0.00  237.97  23.71
57297.0  -0.090  -12.550  -14.680  2.53  319.39  38.28  577.68  0.03  237.99  23.66
57298.0  -0.080  -12.550  -14.670  2.53  319.41  38.24  577.65  0.01  237.98  23.66
57299.0  -0.070  -12.530  -14.780  2.53  319.42  38.25  577.67  -0.01  237.91  23.71
57300.0  -0.090  -12.530  -14.730  2.53  319.40  38.34  577.64  -0.05  237.97  23.71
57301.0  -0.100  -12.510  -14.780  2.54  319.39  38.44  577.60  -0.03  238.08  23.68
57302.0  -0.080  -12.490  -14.890  2.54  319.42  38.44  577.58  0.06  238.12  23.68
57303.0  -0.090  -12.470  -14.960  2.54  319.41  38.51  577.58  0.25  238.23  23.62
57304.0  -0.070  -12.470  -14.910  2.54  319.43  38.47  577.58  0.40  238.23  23.57
57305.0  -0.050  -12.470  -14.890  2.54  319.46  38.41  577.57  0.44  238.34  23.56
57306.0  -0.050  -12.500  -14.950  2.54  319.44  38.34  577.63  0.38  238.30  23.63
57307.0  -0.080  -12.490  -14.920  2.54  319.41  38.45  577.60  0.37  238.36  23.57
57308.0  -0.060  -12.470  -15.040  2.54  319.43  38.42  577.68  0.29  238.46  23.60
57309.0  -0.070  -12.450  -15.140  2.55  319.44  38.50  577.54  0.17  238.50  23.58
57310.0  -0.060  -12.450  -15.230  2.55  319.46  38.50  577.49  0.15  238.53  23.64
57311.0  -0.050  -12.420  -15.290  2.55  319.48  38.55  577.47  0.11  238.55  23.57
57312.0  -0.050  -12.420  -15.300  2.56  319.46  38.58  577.50  0.19  238.72  23.52
57313.0  -0.040  -12.420  -15.310  2.56  319.48  38.55  577.49  0.24  238.70  23.57
57314.0  -0.060  -12.420  -15.340  2.56  319.46  38.61  577.48  0.19  238.86  23.52
57315.0  -0.030  -12.400  -15.400  2.56  319.46  38.59  577.64  0.12  238.85  23.62
57316.0  -0.010  -12.380  -15.200  2.56  319.49  38.55  577.67  0.04  239.11  23.53
57317.0  0.010  -12.370  -15.220  2.57  319.52  38.56  577.59  -0.03  239.11  23.68
57318.0  0.000  -12.340  -15.170  2.57  319.51  38.66  577.65  -0.12  239.23  23.72
57319.0  0.060  -12.320  -15.100  2.58  319.57  38.58  577.67  -0.11  239.29  23.80
57320.0  0.030  -12.270  -15.170  2.59  319.54  38.82  577.59  -0.10  239.52  23.92
57321.0  0.080  -12.220  -15.220  2.60  319.61  38.83  577.53  -0.06  239.51  24.04
57322.0  0.070  -12.160  -15.400  2.61  319.61  39.04  577.53  -0.05  239.61  24.13
57323.0  0.060  -12.120  -15.360  2.62  319.60  39.18  577.50  -0.14  239.78  24.19
57324.0  0.090  -12.070  -15.430  2.63  319.63  39.25  577.50  -0.28  239.85  24.21
57325.0  0.060  -12.060  -15.510  2.63  319.60  39.39  577.47  -0.40  240.11  24.28
57326.0  0.080  -12.040  -15.730  2.63  319.64  39.39  577.39  -0.44  240.28  24.35
57327.0  0.120  -12.040  -15.930  2.64  319.67  39.28  577.46  -0.40  240.35  24.39
57328.0  0.110  -12.020  -16.230  2.64  319.65  39.36  577.52  -0.31  240.47  24.42
57329.0  0.100  -12.020  -16.220  2.64  319.62  39.40  577.65  -0.24  240.60  24.47
57330.0  0.130  -12.010  -16.230  2.64  319.66  39.34  577.58  -0.16  240.71  24.39
57331.0  0.110  -12.030  -16.060  2.64  319.64  39.31  577.61  -0.07  240.78  24.27
57332.0  0.080  -12.060  -15.750  2.63  319.60  39.33  577.64  0.01  240.89  24.18
57333.0  0.080  -12.070  -15.490  2.63  319.60  39.28  577.68  0.00  240.96  24.10
57334.0  0.110  -12.070  -15.300  2.63  319.62  39.19  577.74  -0.04  241.09  24.09
57335.0  0.110  -12.070  -15.250  2.63  319.60  39.20  577.82  -0.07  241.33  24.07
57336.0  0.090  -12.050  -15.170  2.63  319.57  39.33  577.85  -0.04  241.46  24.02
57337.0  0.100  -12.030  -15.190  2.64  319.57  39.38  577.93  -0.01  241.70  23.95
57338.0  0.130  -12.010  -15.010  2.64  319.60  39.34  577.95  -0.01  241.75  24.02
57339.0  0.110  -11.990  -14.970  2.64  319.58  39.46  577.96  -0.13  241.84  24.01
57340.0  0.060  -11.980  -14.820  2.64  319.54  39.63  577.85  -0.26  241.90  23.98
57341.0  0.050  -11.980  -14.740  2.65  319.55  39.66  577.73  -0.15  241.91  23.95
57342.0  0.070  -11.960  -14.670  2.65  319.57  39.67  577.72  0.10  242.06  23.89
57343.0  0.040  -11.920  -14.620  2.66  319.54  39.89  577.71  0.39  242.21  23.84
57344.0  -0.010  -11.860  -14.520  2.67  319.49  40.23  577.66  0.51  242.21  23.78
57345.0  -0.030  -11.810  -14.600  2.68  319.47  40.47  577.62  0.32  242.07  23.79
57346.0  -0.060  -11.730  -15.060  2.70  319.46  40.79  577.48  0.25  241.66  23.86
57347.0  -0.080  -11.650  -15.390  2.72  319.43  41.13  577.50  0.11  241.20  23.90
57348.0  -0.110  -11.610  -15.450  2.73  319.40  41.37  577.44  -0.05  240.95  23.87
57349.0  -0.160  -11.600  -15.450  2.73  319.34  41.53  577.45  -0.13  240.93  23.95
57350.0  -0.190  -11.660  -15.470  2.72  319.31  41.42  577.46  -0.26  240.79  23.94
57351.0  -0.180  -11.740  -15.520  2.70  319.31  41.15  577.51  -0.38  240.86  24.01
