flight/WP3D/AircraftMis_NP3_20130603_RA.ict
41  1001
Ken Aikin
NOAA ESRL Chemical Sciences Division
various aircraft sensors
SENEX 2013
1  1
2013  06  03  2013  06  04
1
AOCTimewave
8
1  1  1  1  1  1  1  1
-9999  -9999  -9999  -9999  -9999  -9999  -9999  -9999
Attack  deg
CabinPrs  mbar
GndSpd  m/s
Heading  deg
Pitch  deg
Roll  deg
Slip  deg
TrueAirSpd  m/s
1
SPECIAL COMMENTS:Transit from Tampa  FL to Smyrna  TN.
18
PI_CONTACT_INFO: Address: NOAA ESRL Chemical Sciences Division  Mail Stop R/CSD7  325 Broadway  Boulder  CO 80305
PLATFORM: NOAA WP-3D
LOCATION: The aircraft was stationed in  Smyrna  Tennessee. Aircraft location information in AircraftPosition file.
ASSOCIATED_DATA: N/A
INSTRUMENT_INFO: N/A
DATA_INFO: Units: Attack degrees; CabinPrs millibar; GndSpd m/s; Heading degrees; Pitch degrees; Roll degrees; Slip degrees; TrueAirSpd m/s
UNCERTAINTY: N/A
ULOD_FLAG: -7777
ULOD_VALUE: N/A
LLOD_FLAG: -8888
LLOD_VALUE: N/A
DM_CONTACT_INFO: Data Manager:Ken Aikin; email:Kenneth.C.Aikin@noaa.gov
PROJECT_INFO: SENEX 2013 Study; June 1 - July 15  2013
STIPULATIONS_ON_USE: Use of these data require prior ok from PI.
OTHER_COMMENTS:       None
REVISION: RA
RA: Preliminary Data.  For in-field use.
AOCTimewave  Attack  CabinPrs  GndSpd  Heading  Pitch  Roll  Slip  TrueAirSpd
[from data line 7648]
58919.0  1.8  971.6  112.6  273.0  1.85  0.38  -0.28  115.9
58920.0  1.7  971.5  112.6  273.0  1.87  0.11  -0.43  116.0
58921.0  2.0  971.6  112.6  272.9  1.99  -0.16  -0.13  116.0
58922.0  1.8  971.6  112.6  273.0  1.96  0.05  -0.20  116.0
58923.0  1.9  971.6  112.6  273.0  2.00  -0.09  -0.08  115.6
58924.0  1.9  971.3  112.6  273.1  2.05  -0.25  -0.25  115.4
58925.0  1.9  971.2  112.6  273.1  2.05  -0.32  -0.46  115.3
58926.0  1.8  971.7  112.5  273.0  2.07  -0.31  -0.24  115.1
58927.0  2.0  971.5  112.5  272.9  2.23  -0.17  -0.33  115.5
58928.0  2.0  971.3  112.5  272.9  2.13  -0.08  -0.20  115.5
58929.0  1.7  971.6  112.4  272.9  2.07  0.01  -0.15  115.5
58930.0  1.9  971.6  112.4  273.0  2.22  0.19  -0.26  115.1
58931.0  1.8  971.6  112.3  273.0  2.30  0.28  -0.18  115.3
58932.0  2.0  971.5  112.3  273.1  2.42  -0.04  -0.20  115.4
58933.0  1.7  971.4  112.2  273.2  2.39  -0.33  -0.06  115.2
58934.0  1.9  971.6  112.1  273.3  2.41  -0.10  -0.39  115.0
58935.0  2.4  971.7  112.0  273.2  2.50  -0.33  -0.39  114.8
58936.0  2.5  971.9  112.0  273.1  2.33  -0.28  -1.33  114.5
58937.0  1.4  972.1  112.0  272.5  1.83  0.25  -0.64  115.0
58938.0  2.0  971.7  111.9  272.3  2.36  0.70  -0.12  115.0
58939.0  2.5  972.0  111.9  272.3  2.44  0.22  0.75  114.5
58940.0  2.2  971.7  111.9  272.7  2.14  0.20  -0.38  115.3
58941.0  1.8  971.3  111.9  272.6  1.60  0.28  -0.68  114.7
58942.0  1.1  971.1  112.0  272.5  1.48  0.21  1.06  114.3
58943.0  2.0  971.8  112.0  273.1  2.01  0.57  0.17  114.0
58944.0  2.1  971.1  112.0  273.4  1.95  -0.10  -0.56  114.3
58945.0  1.3  971.6  112.0  273.3  1.76  -0.53  -0.31  114.6
58946.0  2.0  971.4  112.0  273.3  2.12  -0.43  -0.05  114.9
58947.0  2.3  971.6  112.0  273.4  2.20  -0.23  0.02  114.5
58948.0  1.8  971.2  112.0  273.6  1.96  -0.58  -0.19  114.4
58949.0  1.9  971.4  112.0  273.7  1.93  -0.87  -0.45  114.3
58950.0  2.0  971.3  112.1  273.5  2.05  -1.78  -0.39  114.1
58951.0  2.0  971.8  112.1  273.2  2.13  -1.48  -0.34  114.3
58952.0  1.9  971.7  112.1  273.1  2.20  -0.58  0.20  114.0
58953.0  2.2  971.5  112.1  273.2  2.35  -0.32  -0.19  113.6
58954.0  2.0  971.6  112.0  273.3  2.31  -0.69  -0.28  113.6
58955.0  2.3  971.0  112.0  273.2  2.31  -0.49  -0.40  112.9
58956.0  2.3  971.4  112.0  273.1  2.27  -0.08  -0.46  112.8
58957.0  2.0  971.0  112.0  273.0  2.30  0.00  -0.09  114.3
58958.0  1.9  971.8  112.0  273.2  2.38  0.43  -0.52  114.5
58959.0  2.1  971.7  111.9  273.1  2.44  0.48  -0.53  112.9
58960.0  2.5  971.6  111.9  272.9  2.43  0.14  -1.27  112.7
58961.0  2.5  971.6  111.9  272.5  2.22  0.33  0.25  111.5
58962.0  2.0  973.2  111.9  272.6  2.00  0.14  1.21  113.5
58963.0  1.5  972.4  112.0  273.3  2.09  0.04  0.41  113.6
58964.0  1.9  971.5  111.9  273.7  2.36  -0.05  -0.76  114.6
58965.0  2.7  971.5  111.9  273.5  2.41  0.20  -1.51  113.8
58966.0  2.1  971.7  111.9  272.9  1.95  0.10  -0.37  113.5
58967.0  1.9  971.5  111.9  272.9  1.93  0.12  0.26  112.9
58968.0  1.7  971.6  111.9  273.1  1.91  0.52  0.05  113.6
58969.0  1.9  971.5  111.9  273.3  2.11  -0.12  -0.17  113.8
58970.0  1.8  971.4  111.9  273.4  2.20  -0.53  -0.44  113.2
58971.0  2.1  971.5  111.9  273.3  2.31  -0.71  -0.40  113.0
58972.0  2.2  971.3  111.9  273.1  2.40  -0.76  -0.35  113.1
58973.0  2.1  971.7  111.9  273.0  2.32  -0.56  -0.19  113.3
58974.0  2.2  971.5  111.9  273.0  2.35  -0.18  -0.03  113.1
58975.0  2.3  971.5  111.9  273.1  2.37  0.11  -0.31  112.9
58976.0  2.0  971.1  111.9  273.1  2.26  -0.05  -0.17  113.7
58977.0  2.1  971.6  111.8  273.2  2.30  0.00  -0.28  113.8
58978.0  2.0  971.4  111.8  273.2  2.34  -0.15  -0.25  113.8
58979.0  2.2  971.7  111.8  273.2  2.44  -0.43  -0.07  113.3
58980.0  2.0  971.4  111.7  273.3  2.34  -0.17  -0.52  113.8
58981.0  2.0  971.9  111.7  273.2  2.28  -0.30  -0.33  114.2
58982.0  2.3  971.3  111.7  273.2  2.40  -0.29  -0.50  114.1
58983.0  1.7  971.0  111.6  273.1  2.13  -0.11  -0.39  114.3
58984.0  2.1  971.6  111.6  273.0  2.38  -0.12  -0.27  114.3
58985.0  2.4  971.4  111.6  273.0  2.36  -0.20  -0.05  113.1
58986.0  1.9  971.1  111.6  273.0  2.09  -0.11  -0.33  113.8
58987.0  1.9  972.0  111.6  273.0  2.01  -0.06  -0.51  114.1
58988.0  2.1  971.6  111.6  272.8  2.11  0.16  -0.40  114.1
58989.0  2.3  971.3  111.6  272.8  2.07  -0.03  0.07  113.3
58990.0  2.4  971.6  111.6  272.9  1.90  0.70  -0.55  112.9
58991.0  1.8  971.6  111.7  272.9  1.54  0.99  -0.04  112.9
58992.0  2.5  971.2  111.8  273.1  1.76  0.71  -0.68  112.9
58993.0  1.9  971.6  111.9  273.0  1.44  0.31  -0.25  112.9
58994.0  2.3  971.9  112.0  273.0  1.35  0.22  -0.12  113.4
58995.0  2.0  971.1  112.2  273.1  1.31  -0.21  0.29  113.5
58996.0  0.8  971.3  112.3  273.2  1.17  -0.40  -1.46  114.2
58997.0  2.1  971.9  112.3  272.6  1.95  -0.31  -0.36  114.8
58998.0  1.9  971.5  112.4  272.4  1.98  -0.15  -0.02  114.5
58999.0  1.8  971.3  112.4  272.5  1.82  0.54  0.18  113.9
59000.0  2.0  972.0  112.4  272.8  2.06  1.18  -0.03  114.1
59001.0  2.1  971.4  112.4  273.0  2.06  0.63  -0.46  114.8
59002.0  2.1  971.3  112.4  272.9  2.01  0.18  -0.52  114.8
59003.0  2.2  972.0  112.4  272.8  2.07  0.50  -0.64  114.7
59004.0  2.0  971.3  112.4  272.7  2.02  0.49  -0.17  114.7
59005.0  2.2  971.1  112.4  272.7  2.08  0.68  -0.02  114.8
59006.0  2.1  971.6  112.3  272.9  1.99  0.68  0.10  115.6
59007.0  1.7  971.6  112.4  273.2  1.95  0.24  0.61  114.1
59008.0  2.1  971.2  112.4  273.6  2.16  -0.49  -0.13  114.0
59009.0  1.8  971.4  112.4  273.7  2.09  -0.59  -0.67  114.0
59010.0  2.2  971.5  112.4  273.5  2.15  -0.53  -0.84  113.1
59011.0  2.2  971.3  112.4  273.1  2.12  -0.83  -0.31  113.5
59012.0  2.2  971.5  112.4  273.0  2.03  -0.77  -0.58  113.1
59013.0  2.4  971.5  112.5  272.7  1.92  -0.41  -0.03  114.4
59014.0  2.3  971.3  112.5  272.8  1.71  0.58  0.54  114.2
59015.0  1.7  971.7  112.6  273.2  1.43  0.91  0.55  114.2
59016.0  2.1  971.2  112.7  273.8  1.39  0.32  -0.17  113.8
59017.0  2.0  971.6  112.9  274.0  1.39  -0.72  -0.67  113.2
59018.0  2.2  971.1  113.0  273.8  1.24  -0.74  -0.95  113.0
59019.0  1.7  971.5  113.2  273.4  1.02  -1.18  -0.67  113.3
59020.0  1.8  971.8  113.4  273.1  1.11  -1.36  0.25  113.9
59021.0  2.2  971.4  113.5  273.1  1.37  -0.87  -0.07  114.4
59022.0  1.6  971.6  113.6  273.0  1.12  -0.42  -0.31  114.0
59023.0  2.1  971.5  113.8  272.9  1.16  -0.38  0.03  114.2
59024.0  2.0  971.4  114.0  273.1  1.09  -0.15  -0.25  114.3
59025.0  2.3  971.6  114.1  273.0  1.05  0.31  -0.74  114.5
59026.0  2.0  971.8  114.3  272.9  0.76  0.41  -0.17  115.1
59027.0  1.1  971.2  114.5  272.9  0.65  -0.15  -0.13  115.8
59028.0  1.2  971.3  114.6  272.9  1.09  0.08  -0.20  116.9
59029.0  1.9  971.0  114.6  272.9  1.85  0.29  -0.10  117.8
59030.0  2.1  971.6  114.6  273.0  1.81  0.00  0.03  118.4
59031.0  1.6  972.0  114.6  273.2  1.52  0.45  -0.17  118.1
59032.0  1.5  971.2  114.6  273.3  1.53  0.66  -0.78  117.9
59033.0  1.8  971.7  114.5  273.1  1.81  0.04  -0.47  118.1
59034.0  1.8  971.3  114.5  273.0  2.05  -0.24  0.04  118.0
59035.0  1.6  971.3  114.4  273.1  2.05  -0.32  0.20  117.7
59036.0  2.0  971.9  114.3  273.3  2.16  -0.75  0.15  117.3
59037.0  1.5  971.6  114.3  273.4  2.10  -0.82  -0.03  117.1
59038.0  1.9  971.4  114.2  273.5  2.35  -0.34  -0.17  117.0
59039.0  1.8  971.6  114.1  273.6  2.44  -0.62  -0.42  117.0
59040.0  2.4  971.9  113.9  273.5  2.53  -1.11  -0.66  117.9
59041.0  2.6  972.3  113.8  273.2  2.27  -1.14  -1.09  117.2
59042.0  1.7  971.6  113.8  272.5  1.48  -1.00  -1.33  116.2
59043.0  1.6  971.7  113.9  271.8  1.45  0.41  0.64  114.7
59044.0  2.1  970.6  113.9  272.1  1.64  1.44  0.38  116.3
59045.0  1.3  972.1  114.0  272.4  1.44  2.14  -0.70  116.1
59046.0  1.7  971.2  114.0  272.2  1.48  1.08  -0.20  116.0
59047.0  1.6  971.7  114.0  272.3  1.61  0.48  1.53  115.5
59048.0  1.7  971.4  114.1  273.2  1.64  0.76  0.20  115.6
59049.0  2.0  972.0  114.1  273.5  1.58  0.83  -0.01  116.1
59050.0  2.0  971.2  114.1  273.8  1.47  0.23  -0.12  116.3
59051.0  1.1  971.4  114.2  274.1  1.13  -0.33  -0.78  115.2
59052.0  1.8  971.5  114.3  273.7  1.55  -0.42  -0.95  115.3
59053.0  2.0  971.8  114.3  273.4  1.92  -0.87  -0.30  115.2
59054.0  2.4  971.5  114.4  273.3  1.72  -0.62  -0.30  115.3
59055.0  1.5  971.5  114.4  273.1  1.35  -0.61  -0.35  116.2
59056.0  2.0  971.7  114.5  272.9  1.57  -0.46  -0.36  116.5
59057.0  1.8  971.4  114.5  272.8  1.63  -0.31  -0.25  116.2
59058.0  1.5  971.4  114.5  272.8  1.52  0.18  -0.17  117.3
59059.0  1.7  971.9  114.5  272.9  1.81  0.67  -0.40  117.0
59060.0  1.6  971.3  114.5  272.9  1.89  0.88  0.06  117.1
59061.0  1.9  971.6  114.4  273.2  2.06  0.18  -0.13  116.5
59062.0  1.9  971.7  114.3  273.4  2.13  0.09  -0.19  116.4
59063.0  1.9  971.6  114.3  273.6  2.02  -0.23  -0.56  116.4
59064.0  2.1  971.0  114.3  273.6  2.10  -0.63  -0.37  116.3
59065.0  1.9  971.5  114.2  273.6  2.07  -1.02  -0.47  116.0
59066.0  1.7  971.8  114.2  273.4  2.09  -1.05  -0.48  115.9
59067.0  2.1  971.4  114.1  273.2  2.40  -0.34  -0.47  116.3
59068.0  1.5  971.2  114.0  273.1  2.20  0.07  -0.18  117.0
59069.0  1.8  971.8  113.9  273.2  2.40  0.01  -0.25  116.6
59070.0  2.3  971.8  113.8  273.4  2.51  -0.30  -0.07  115.9
59071.0  1.9  971.5  113.7  273.6  2.20  -0.65  -0.27  115.9
59072.0  1.9  971.3  113.7  273.7  2.07  -0.84  -0.24  115.5
59073.0  1.9  971.5  113.7  273.8  1.91  -0.59  -0.61  114.5
59074.0  1.8  971.1  113.7  273.6  1.89  -0.34  -0.70  114.2
59075.0  2.1  971.5  113.7  273.5  2.02  -0.30  -0.78  114.8
59076.0  2.2  971.3  113.7  273.2  1.93  -0.28  -1.23  115.2
59077.0  2.0  971.5  113.7  272.7  1.60  0.20  -0.17  115.5
59078.0  0.9  971.4  113.7  272.7  1.41  -0.01  0.47  117.6
59079.0  1.9  971.6  113.7  273.3  1.96  0.90  -0.10  116.9
59080.0  1.7  971.4  113.7  273.7  1.90  0.81  -0.21  116.2
59081.0  1.6  971.6  113.6  274.0  1.80  -0.77  -0.19  115.5
59082.0  2.0  971.6  113.6  274.2  1.97  -1.31  -0.95  115.7
59083.0  1.5  971.4  113.6  273.8  1.92  -1.17  -1.05  115.6
59084.0  2.1  971.4  113.6  273.3  2.23  -1.00  -0.26  115.7
59085.0  2.3  971.4  113.5  273.3  2.31  -0.92  0.12  115.4
59086.0  2.0  971.7  113.5  273.5  1.89  -0.13  -0.35  114.5
59087.0  1.6  971.8  113.5  273.5  1.74  -0.33  -0.46  115.1
59088.0  2.0  971.4  113.5  273.3  2.07  -0.90  -0.84  114.8
59089.0  1.8  971.4  113.5  273.0  2.18  -0.66  -0.58  115.2
59090.0  1.8  971.6  113.5  272.8  2.31  0.23  -0.79  114.1
59091.0  2.3  971.4  113.4  272.6  2.55  0.37  0.18  114.3
59092.0  2.2  971.4  113.3  272.8  2.49  0.39  -0.42  114.4
59093.0  2.0  971.4  113.3  272.7  2.22  0.55  -0.30  114.2
59094.0  2.0  971.8  113.3  272.7  2.20  0.08  0.25  113.1
59095.0  2.2  971.2  113.2  273.1  2.39  0.17  0.06  114.1
59096.0  2.2  972.4  113.2  273.3  2.30  -0.01  -0.02  114.7
59097.0  2.0  971.6  113.2  273.5  2.05  -0.33  0.11  114.2
59098.0  1.9  971.5  113.2  273.7  1.98  -0.54  -0.59  114.6
59099.0  2.0  971.0  113.2  273.6  1.97  -0.58  -0.60  115.1
59100.0  2.0  971.8  113.2  273.4  1.88  -0.39  -1.11  115.4
59101.0  2.0  971.5  113.2  273.0  1.72  0.34  -1.25  115.3
59102.0  2.2  971.5  113.3  272.5  1.36  0.18  -0.17  114.3
59103.0  1.8  971.2  113.4  272.4  1.16  -0.50  0.80  112.9
59104.0  1.4  971.5  113.5  272.9  1.22  0.17  0.65  114.0
59105.0  1.6  971.3  113.6  273.3  1.42  0.31  -0.60  114.9
59106.0  1.7  971.7  113.7  273.3  1.74  0.07  -0.29  115.7
59107.0  1.9  971.6  113.7  273.3  1.74  -0.12  -0.58  115.9
59108.0  1.8  971.5  113.7  273.2  1.70  -0.18  -0.33  115.6
59109.0  1.8  971.4  113.7  273.2  1.70  -0.16  -0.25  115.3
59110.0  2.0  971.4  113.8  273.2  1.76  -0.13  -0.16  115.9
59111.0  1.7  971.6  113.8  273.3  1.75  -0.19  -0.21  116.2
59112.0  2.0  971.2  113.8  273.3  1.84  -0.27  -0.39  116.6
59113.0  1.9  971.5  113.8  273.3  1.87  -0.44  -0.39  115.7
59114.0  1.7  971.3  113.8  273.2  1.82  -0.21  -0.36  115.7
59115.0  2.0  971.4  113.8  273.1  2.05  -0.38  -0.42  115.8
59116.0  1.8  971.3  113.7  273.0  1.99  -0.28  -0.43  115.4
59117.0  2.0  971.6  113.7  272.8  2.17  0.39  0.00  115.1
59118.0  2.3  971.2  113.7  273.0  2.27  0.52  -0.27  115.0
59119.0  2.0  971.8  113.6  273.1  2.02  0.43  0.02  115.4
59120.0  2.1  971.6  113.6  273.3  1.92  0.05  -0.64  116.1
59121.0  1.7  971.4  113.6  273.1  1.74  -0.01  -0.66  116.2
59122.0  2.0  971.5  113.6  272.9  1.75  -0.06  -0.36  116.7
59123.0  1.7  971.5  113.6  272.8  1.75  0.29  -0.62  116.6
59124.0  1.3  971.6  113.6  272.6  1.67  0.34  -0.14  115.6
59125.0  1.7  971.6  113.6  272.6  2.05  0.43  -0.25  115.4
59126.0  1.9  971.4  113.5  272.6  2.21  0.70  -0.19  114.7
59127.0  2.1  971.3  113.5  272.6  2.15  0.75  0.16  115.6
59128.0  1.7  971.4  113.4  272.9  1.96  0.78  0.45  115.4
59129.0  2.0  971.7  113.5  273.3  2.00  0.23  0.01  115.0
59130.0  1.7  971.6  113.4  273.5  1.95  -0.25  -0.55  115.2
59131.0  1.7  971.6  113.4  273.4  2.08  -0.08  -0.53  114.9
59132.0  2.1  971.6  113.4  273.3  2.39  -0.43  -0.48  115.1
59133.0  1.9  971.4  113.3  273.1  2.25  -0.84  0.10  114.6
59134.0  2.0  971.6  113.3  273.2  2.23  -0.41  0.12  115.0
59135.0  2.0  971.5  113.2  273.4  2.16  0.10  -0.06  115.4
59136.0  1.7  971.6  113.2  273.5  2.13  -0.60  -0.40  115.2
59137.0  1.7  971.8  113.2  273.3  2.24  -0.79  -0.45  115.7
59138.0  2.2  971.2  113.1  273.2  2.53  -0.72  0.00  115.4
59139.0  2.1  971.5  113.0  273.3  2.43  -0.05  -0.50  114.9
59140.0  2.0  971.5  112.9  273.2  2.27  0.53  -0.77  115.3
59141.0  1.6  971.5  112.8  273.0  2.11  0.53  -0.45  116.2
59142.0  2.3  971.7  112.8  273.0  2.35  0.96  0.02  115.3
59143.0  2.0  971.4  112.8  273.2  2.06  0.26  -0.14  114.5
59144.0  1.6  971.7  112.8  273.2  1.82  -0.04  -0.68  114.4
59145.0  1.6  971.2  112.8  272.9  2.03  0.22  0.09  114.8
59146.0  2.0  971.6  112.7  273.1  2.44  0.29  0.02  114.4
59147.0  2.1  971.5  112.7  273.3  2.40  -0.04  -0.29  114.4
59148.0  1.9  971.6  112.6  273.2  2.27  -0.26  0.04  115.0
59149.0  2.0  971.2  112.5  273.4  2.32  -0.17  -0.15  115.1
59150.0  1.5  971.8  112.5  273.5  2.18  0.25  -0.63  114.7
59151.0  2.3  971.6  112.4  273.4  2.54  -0.21  0.05  114.4
59152.0  2.1  971.2  112.4  273.5  2.43  -0.61  -0.30  113.4
59153.0  1.8  971.5  112.4  273.6  2.18  -0.36  -0.24  113.0
59154.0  2.0  971.6  112.3  273.6  2.47  -0.42  -0.55  113.4
59155.0  2.4  971.6  112.3  273.3  2.63  -0.59  -0.53  112.8
59156.0  2.1  971.7  112.2  273.2  2.54  -0.47  -0.29  113.3
59157.0  2.1  971.3  112.2  273.1  2.56  -0.04  -0.36  113.1
59158.0  2.2  971.4  112.1  273.0  2.61  0.40  0.02  112.7
59159.0  2.3  971.7  112.0  273.1  2.66  0.11  -0.31  112.5
59160.0  2.3  971.4  112.0  273.1  2.56  0.23  -0.38  112.5
59161.0  2.0  971.6  111.9  273.1  2.51  0.22  -0.04  113.0
59162.0  2.4  971.7  111.9  273.2  2.53  0.19  -0.45  113.8
59163.0  1.9  971.4  111.9  273.1  2.31  -0.46  -0.51  114.6
59164.0  1.9  971.2  111.8  273.0  2.31  0.02  0.20  114.8
59165.0  2.0  971.5  111.8  273.2  2.25  0.48  0.12  114.2
59166.0  1.9  971.4  111.7  273.4  2.18  0.24  -0.53  114.2
59167.0  1.8  972.0  111.7  273.3  2.14  -0.23  -0.40  113.9
59168.0  1.7  971.5  111.7  273.2  2.24  -1.43  -0.33  114.3
59169.0  1.8  971.3  111.6  273.0  2.31  -2.96  -0.37  114.5
59170.0  1.9  971.4  111.6  272.8  2.43  -2.80  -0.35  114.4
59171.0  2.0  971.2  111.5  272.4  2.37  -2.07  -0.36  114.1
59172.0  2.1  971.6  111.5  272.2  2.30  -2.62  -0.37  113.8
59173.0  2.1  971.3  111.5  271.9  2.21  -3.07  -0.10  113.7
59174.0  2.1  971.8  111.5  271.8  2.18  -2.72  -0.37  113.3
59175.0  1.9  971.2  111.6  271.5  2.11  -2.57  -0.25  113.4
59176.0  2.0  971.5  111.6  271.3  2.29  -1.97  -0.13  113.2
59177.0  2.0  971.4  111.5  271.2  2.34  -1.47  -0.30  112.5
59178.0  2.3  971.7  111.5  271.0  2.37  -1.19  -0.64  112.5
59179.0  2.3  971.1  111.6  270.7  2.32  -0.87  -0.50  111.8
59180.0  2.1  971.4  111.6  270.5  2.27  -0.98  -0.04  111.6
59181.0  2.3  971.3  111.6  270.5  2.43  -0.79  0.00  111.7
59182.0  2.3  971.3  111.6  270.6  2.55  -0.38  -0.18  111.7
