flight/WP3D/AircraftMet_NP3_20130610_RA.ict
43  1001
Ken Aikin
NOAA ESRL Chemical Sciences Division
various aircraft sensors
SENEX 2013
1  1
2013  06  10  2013  06  10
1
AOCTimewave
10
1  1  1  1  1  1  1  1  1  1
-9999  -9999  -9999  -9999  -9999  -9999  -9999  -9999  -9999  -9999
AmbTemp  C
DewPtTemp  C
DewPtTempTDL  C
H2Omr  g/kg
PotTemp  K
RelHumidity  pct
StaticPrs  mbar
VertWindSpd  m/s
WindDir  deg
WindSpd  m/s
1
SPECIAL COMMENTS:Haynesville shale.
18
PI_CONTACT_INFO: Address: NOAA ESRL Chemical Sciences Division  Mail Stop R/CSD7  325 Broadway  Boulder  CO 80305
PLATFORM: NOAA WP-3D
LOCATION: The aircraft was stationed in  Smyrna  Tennessee. Aircraft location information in AircraftPosition file.
ASSOCIATED_DATA: N/A
INSTRUMENT_INFO: N/A
DATA_INFO: Units:AmbTemp celcius; DewPtTemp celcius; DewPtTempTDL celcius; H2Omr g/kg; PotTemp kelvin; RelHumidity percent; StaticPrs millibar; VertWindSpd m/s; WindDir degrees; WindSpd m/s
UNCERTAINTY: N/A
ULOD_FLAG: -7777
ULOD_VALUE: N/A
LLOD_FLAG: -8888
LLOD_VALUE: N/A
DM_CONTACT_INFO: Data Manager:Ken Aikin; email:Kenneth.C.Aikin@noaa.gov
PROJECT_INFO: SENEX 2013 Study; June 1 - July 15  2013
STIPULATIONS_ON_USE: Use of these data require prior ok from PI.
OTHER_COMMENTS:       None
REVISION: RA
RA: Preliminary Data.  For in-field use.
AOCTimewave  AmbTemp  DewPtTemp  DewPtTempTDL  H2Omr  PotTemp  RelHumidity  StaticPrs  VertWindSpd  WindDir  WindSpd
[from data line 13995]
67721.0  27.730  18.570  -29.480  14.24  304.90  56.47  954.50  3.29  201.59  3.65
67722.0  27.640  18.590  -29.480  14.26  304.84  56.82  954.32  3.19  196.10  3.61
67723.0  27.600  18.570  -29.480  14.25  304.79  56.92  954.36  3.11  185.91  2.68
67724.0  27.740  18.590  -29.480  14.27  304.94  56.51  954.26  3.35  201.72  2.58
67725.0  27.560  18.600  -29.480  14.27  304.78  57.14  954.08  2.24  190.98  2.90
67726.0  27.520  18.630  -29.480  14.30  304.73  57.43  954.07  2.01  221.12  1.77
67727.0  27.420  18.700  -29.480  14.36  304.63  57.99  954.15  1.90  221.93  2.48
67728.0  27.340  18.760  -29.480  14.42  304.54  58.53  954.16  0.68  210.78  3.07
67729.0  27.200  18.820  -29.480  14.48  304.40  59.26  954.22  0.89  239.98  0.84
67730.0  27.160  18.870  -29.480  14.52  304.33  59.61  954.41  0.72  204.08  3.31
67731.0  27.180  18.890  -29.480  14.53  304.34  59.60  954.63  -0.26  200.66  3.74
67732.0  27.230  18.910  -29.480  14.54  304.36  59.46  954.95  -0.22  220.78  2.72
67733.0  27.160  18.920  -29.480  14.55  304.27  59.76  955.14  -0.45  223.19  2.93
67734.0  27.150  18.960  -29.480  14.58  304.24  59.94  955.38  0.02  214.33  3.10
67735.0  27.130  18.980  -29.480  14.61  304.21  60.15  955.44  -1.01  201.24  2.94
67736.0  27.120  19.010  -29.480  14.63  304.18  60.27  955.66  -0.94  186.53  2.10
67737.0  27.230  19.050  -29.480  14.66  304.28  60.00  955.89  -0.14  184.89  1.64
67738.0  27.290  19.060  -29.480  14.67  304.33  59.85  955.91  2.23  206.06  0.93
67739.0  27.330  19.120  -29.480  14.73  304.39  59.92  955.74  1.58  213.58  0.96
67740.0  27.290  19.160  -29.480  14.77  304.35  60.24  955.62  -0.42  189.80  1.00
67741.0  27.260  19.180  -29.480  14.78  304.31  60.41  955.80  -0.46  229.18  1.43
67742.0  27.190  19.180  -29.480  14.79  304.25  60.66  955.71  -0.66  238.96  1.56
67743.0  27.220  19.180  -29.480  14.78  304.27  60.56  955.76  -1.30  253.33  1.50
67744.0  27.270  19.180  -29.480  14.79  304.31  60.39  955.89  -0.06  227.93  2.04
67745.0  27.220  19.190  -29.480  14.80  304.27  60.61  955.89  0.07  186.47  3.62
67746.0  27.160  19.170  -29.480  14.78  304.22  60.74  955.77  0.09  164.92  2.55
67747.0  27.230  19.140  -29.480  14.75  304.29  60.38  955.68  0.25  170.38  1.47
67748.0  27.170  19.120  -29.480  14.73  304.23  60.51  955.71  1.42  166.13  2.06
67749.0  27.290  19.100  -29.480  14.71  304.37  59.99  955.52  0.68  174.37  2.29
67750.0  27.320  19.080  -29.480  14.70  304.41  59.80  955.40  1.34  222.37  1.49
67751.0  27.290  19.020  -29.480  14.64  304.38  59.70  955.34  1.56  214.93  2.25
67752.0  27.280  18.990  -29.480  14.62  304.38  59.64  955.20  1.37  194.55  2.41
67753.0  27.260  18.960  -29.480  14.59  304.39  59.57  954.97  1.52  213.80  1.38
67754.0  27.310  18.900  -29.480  14.54  304.46  59.17  954.79  -0.44  185.95  2.67
67755.0  27.370  18.860  -29.480  14.50  304.50  58.79  954.94  -0.97  203.83  2.40
67756.0  27.480  18.740  -29.480  14.39  304.61  57.96  955.03  -1.48  207.54  3.06
67757.0  27.540  18.640  -29.480  14.30  304.67  57.38  955.00  -1.22  202.20  2.90
67758.0  27.590  18.490  -29.480  14.16  304.70  56.66  955.21  -0.96  219.35  2.51
67759.0  27.530  18.290  -29.480  13.98  304.64  56.13  955.25  -1.39  227.83  2.42
67760.0  27.470  18.140  -29.480  13.84  304.55  55.80  955.56  -1.05  223.49  2.30
67761.0  27.430  18.040  -29.480  13.75  304.50  55.59  955.64  0.46  199.39  2.84
67762.0  27.490  18.010  -29.480  13.72  304.58  55.27  955.44  0.28  191.06  2.71
67763.0  27.610  17.950  -29.480  13.67  304.70  54.65  955.45  1.57  218.93  2.65
67764.0  27.670  17.850  -29.480  13.59  304.77  54.11  955.38  -0.22  229.93  3.68
67765.0  27.610  17.800  -29.480  13.54  304.71  54.16  955.32  -1.16  237.39  3.32
67766.0  27.510  17.820  -29.480  13.56  304.60  54.53  955.42  -0.69  226.15  3.65
67767.0  27.370  17.780  -29.480  13.52  304.45  54.85  955.56  0.62  211.46  2.85
67768.0  27.330  17.680  -29.480  13.44  304.43  54.62  955.32  -0.09  212.22  2.59
67769.0  27.380  17.580  -29.480  13.35  304.47  54.15  955.32  -0.52  209.15  2.83
67770.0  27.360  17.570  -29.480  13.34  304.46  54.14  955.30  -1.18  226.34  2.54
67771.0  27.290  17.590  -29.480  13.36  304.38  54.48  955.36  -1.11  219.55  1.73
67772.0  27.200  17.700  -29.480  13.45  304.28  55.13  955.54  -0.16  194.70  2.66
67773.0  27.220  17.760  -29.480  13.51  304.30  55.31  955.52  0.01  201.09  2.43
67774.0  27.230  17.850  -29.480  13.59  304.31  55.59  955.48  0.88  183.34  2.98
67775.0  27.340  18.000  -29.480  13.72  304.45  55.74  955.22  -0.33  216.76  2.78
67776.0  27.210  18.150  -29.480  13.85  304.32  56.73  955.19  -0.11  214.47  2.68
67777.0  27.150  18.210  -29.480  13.91  304.26  57.16  955.17  0.00  194.20  3.45
67778.0  27.090  18.260  -29.480  13.95  304.21  57.55  955.10  0.00  186.89  2.74
67779.0  27.060  18.390  -29.480  14.07  304.17  58.17  955.10  0.11  186.79  2.43
67780.0  27.070  18.500  -29.480  14.17  304.18  58.55  955.14  0.96  181.92  2.81
67781.0  27.120  18.550  -29.480  14.22  304.24  58.54  955.07  1.21  186.53  1.84
67782.0  27.230  18.550  -29.480  14.22  304.37  58.12  954.88  0.25  226.58  1.44
67783.0  27.230  18.610  -29.480  14.27  304.36  58.39  954.92  -0.10  233.98  1.94
67784.0  27.180  18.740  -29.480  14.39  304.31  59.04  954.97  -0.19  233.80  2.59
67785.0  27.120  18.840  -29.480  14.48  304.24  59.65  955.06  -0.34  222.24  2.51
67786.0  27.150  18.880  -29.480  14.51  304.26  59.66  955.13  -0.84  225.79  2.31
67787.0  27.160  18.860  -29.480  14.50  304.28  59.55  955.06  -1.39  217.38  3.48
67788.0  27.190  18.810  -29.480  14.45  304.28  59.28  955.32  -1.10  228.48  3.38
67789.0  27.120  18.850  -29.480  14.48  304.21  59.65  955.42  -0.91  225.70  3.53
67790.0  27.090  18.900  -29.480  14.53  304.17  59.96  955.45  -1.31  221.03  3.70
67791.0  27.060  18.930  -29.480  14.56  304.13  60.20  955.50  -0.97  236.10  3.19
67792.0  27.100  18.930  -29.480  14.56  304.18  60.07  955.47  -0.18  227.83  2.97
67793.0  27.140  18.960  -29.480  14.59  304.20  60.04  955.60  1.14  202.28  3.86
67794.0  27.230  19.010  -29.480  14.63  304.31  59.86  955.42  1.98  191.48  2.17
67795.0  27.360  19.010  -29.480  14.64  304.47  59.40  955.24  1.80  237.52  1.99
67796.0  27.290  19.030  -29.480  14.66  304.40  59.73  955.22  1.72  228.65  2.34
67797.0  27.240  19.060  -29.480  14.68  304.36  60.04  955.05  0.12  207.01  1.05
67798.0  27.150  19.090  -29.480  14.71  304.26  60.48  955.07  0.38  170.98  0.55
67799.0  27.400  19.120  -29.480  14.74  304.52  59.68  955.01  0.62  233.91  2.02
67800.0  27.340  19.160  -29.480  14.78  304.48  60.06  954.78  -0.05  213.11  2.28
67801.0  27.320  19.190  -29.480  14.81  304.44  60.25  955.07  1.48  205.54  2.12
67802.0  27.300  19.190  -29.480  14.81  304.44  60.27  954.85  -0.39  215.28  1.80
67803.0  27.300  19.210  -29.480  14.84  304.44  60.39  954.86  -0.56  226.02  2.13
67804.0  27.290  19.200  -29.480  14.82  304.42  60.37  954.92  0.21  244.56  2.14
67805.0  27.300  19.170  -29.480  14.79  304.42  60.23  955.01  1.40  220.72  3.07
67806.0  27.380  19.140  -29.480  14.77  304.50  59.84  955.04  1.54  227.70  3.45
67807.0  27.370  19.140  -29.480  14.77  304.50  59.87  954.92  1.07  248.79  2.92
67808.0  27.320  19.120  -29.480  14.74  304.46  59.94  954.87  0.65  246.84  2.51
67809.0  27.230  19.100  -29.480  14.73  304.36  60.24  954.92  0.55  234.54  2.22
67810.0  27.250  19.090  -29.480  14.72  304.38  60.13  954.94  0.69  234.85  1.98
67811.0  27.250  19.050  -29.480  14.68  304.37  59.95  955.02  0.97  254.50  1.81
67812.0  27.230  19.020  -29.480  14.65  304.33  59.92  955.28  2.74  228.92  1.87
67813.0  27.310  18.990  -29.480  14.63  304.44  59.52  954.94  2.34  207.92  2.08
67814.0  27.130  18.960  -29.480  14.60  304.27  60.06  954.75  0.92  173.76  2.92
67815.0  27.190  18.960  -29.480  14.59  304.32  59.82  954.87  1.67  181.87  2.24
67816.0  27.240  18.920  -29.480  14.56  304.39  59.51  954.65  2.12  188.31  3.53
67817.0  27.280  18.880  -29.480  14.53  304.45  59.19  954.60  2.31  196.10  2.77
67818.0  27.160  18.870  -29.480  14.52  304.33  59.57  954.51  0.32  189.47  2.13
67819.0  27.160  18.830  -29.480  14.48  304.32  59.46  954.64  -0.01  196.24  2.38
67820.0  27.020  18.860  -29.480  14.50  304.16  60.06  954.76  -0.37  184.23  2.01
67821.0  27.130  18.880  -29.480  14.52  304.25  59.77  954.99  -0.63  181.90  3.06
67822.0  27.050  18.900  -29.480  14.54  304.17  60.11  955.07  -0.70  181.60  3.11
67823.0  27.100  18.910  -29.480  14.54  304.20  59.94  955.25  -1.08  176.29  3.70
67824.0  27.220  18.900  -29.480  14.53  304.32  59.51  955.28  0.22  183.01  3.95
67825.0  27.310  18.870  -29.480  14.51  304.40  59.07  955.36  0.76  201.79  3.77
67826.0  27.270  18.810  -29.480  14.45  304.37  58.96  955.34  1.11  200.64  3.41
67827.0  27.160  18.780  -29.480  14.42  304.25  59.27  955.36  1.06  196.69  3.44
67828.0  27.100  18.770  -29.480  14.41  304.18  59.43  955.47  1.25  206.64  2.81
67829.0  27.070  18.810  -29.480  14.45  304.15  59.69  955.46  0.50  212.08  2.19
67830.0  27.140  18.900  -29.480  14.53  304.22  59.78  955.40  -0.75  191.12  1.27
67831.0  27.150  18.960  -29.480  14.58  304.23  59.94  955.51  -0.60  210.64  2.66
67832.0  27.140  18.980  -29.480  14.61  304.23  60.12  955.33  -1.04  207.28  3.00
67833.0  27.140  19.020  -29.480  14.64  304.23  60.24  955.43  -0.88  210.51  3.34
67834.0  27.230  19.020  -29.480  14.64  304.31  59.89  955.56  -1.52  212.96  3.23
67835.0  27.260  19.040  -29.480  14.65  304.32  59.85  955.77  -0.82  221.81  2.84
67836.0  27.240  18.970  -29.480  14.59  304.29  59.67  955.83  -0.85  231.97  3.07
67837.0  27.180  18.930  -29.480  14.56  304.22  59.78  955.89  -0.43  243.14  2.94
67838.0  27.100  18.950  -29.480  14.57  304.15  60.10  955.81  -0.64  245.51  2.00
67839.0  27.250  19.000  -29.480  14.62  304.30  59.78  955.84  -0.68  248.69  2.60
67840.0  27.180  19.000  -29.480  14.62  304.24  60.02  955.77  -0.48  235.68  2.90
67841.0  27.270  19.030  -29.480  14.65  304.33  59.79  955.70  -0.35  233.46  3.43
67842.0  27.230  19.050  -29.480  14.66  304.29  60.01  955.71  -0.79  225.97  3.53
67843.0  27.230  19.040  -29.480  14.66  304.29  59.98  955.73  -0.77  230.86  3.47
67844.0  27.230  19.000  -29.480  14.62  304.28  59.85  955.81  -0.97  240.72  3.58
67845.0  27.120  18.920  -29.480  14.54  304.16  59.93  955.87  -1.45  234.23  3.20
67846.0  27.100  18.820  -29.480  14.45  304.15  59.61  955.90  -1.41  233.30  3.12
67847.0  27.120  18.730  -29.480  14.37  304.18  59.22  955.70  -1.54  238.58  3.45
67848.0  27.130  18.710  -29.480  14.35  304.18  59.12  955.74  -1.40  236.75  3.34
67849.0  27.110  18.650  -29.480  14.30  304.17  58.94  955.69  -1.69  245.60  2.78
67850.0  27.240  18.640  -29.480  14.29  304.32  58.44  955.57  -2.14  238.78  2.83
67851.0  27.290  18.610  -29.480  14.26  304.34  58.15  955.79  -1.29  231.41  3.69
67852.0  27.220  18.610  -29.480  14.26  304.29  58.39  955.62  -1.11  260.82  3.41
67853.0  27.150  18.630  -29.480  14.28  304.23  58.71  955.51  -1.15  263.85  3.49
67854.0  27.130  18.600  -29.480  14.25  304.20  58.68  955.51  -0.76  247.91  3.51
67855.0  27.100  18.560  -29.480  14.22  304.20  58.62  955.34  -0.86  234.83  3.87
67856.0  27.190  18.550  -29.480  14.21  304.29  58.25  955.35  -0.40  230.13  3.87
67857.0  27.170  18.540  -29.480  14.20  304.26  58.31  955.40  -0.37  227.22  3.79
67858.0  27.130  18.560  -29.480  14.22  304.21  58.53  955.51  -0.36  239.89  3.76
67859.0  27.090  18.560  -29.480  14.22  304.18  58.70  955.31  -0.13  240.19  4.07
67860.0  27.120  18.580  -29.480  14.24  304.23  58.62  955.20  -0.15  229.89  4.29
67861.0  27.190  18.610  -29.480  14.27  304.31  58.50  955.07  -0.35  230.07  4.12
67862.0  27.170  18.590  -29.480  14.25  304.30  58.51  954.99  -0.30  235.48  4.10
67863.0  27.220  18.530  -29.480  14.20  304.34  58.10  955.07  -0.56  231.69  4.07
67864.0  27.170  18.520  -29.480  14.19  304.28  58.26  955.14  -0.28  238.41  4.26
67865.0  27.150  18.570  -29.480  14.23  304.26  58.47  955.16  -0.27  243.56  3.69
67866.0  27.160  18.600  -29.480  14.25  304.26  58.56  955.26  -0.24  248.46  3.59
67867.0  27.140  18.580  -29.480  14.24  304.24  58.56  955.26  -0.21  232.20  3.32
67868.0  27.190  18.590  -29.480  14.24  304.30  58.41  955.17  -0.42  234.09  3.20
67869.0  27.210  18.620  -29.480  14.27  304.31  58.47  955.21  -0.24  247.92  3.19
67870.0  27.270  18.620  -29.480  14.28  304.36  58.29  955.36  0.82  245.95  3.38
67871.0  27.270  18.580  -29.480  14.24  304.38  58.14  955.15  -0.65  245.60  4.03
67872.0  27.250  18.600  -29.480  14.25  304.35  58.25  955.30  -0.87  230.06  4.13
67873.0  27.160  18.630  -29.480  14.29  304.27  58.69  955.14  -1.40  221.43  4.67
67874.0  27.170  18.630  -29.480  14.29  304.28  58.66  955.19  -1.56  226.59  4.62
67875.0  27.140  18.720  -29.480  14.36  304.24  59.07  955.27  -1.56  214.11  4.24
67876.0  27.130  18.750  -29.480  14.39  304.21  59.24  955.43  -1.73  205.89  4.26
67877.0  27.140  18.750  -29.480  14.39  304.21  59.19  955.58  -1.85  200.86  4.65
67878.0  27.220  18.810  -29.480  14.45  304.29  59.15  955.70  -2.41  208.38  4.28
67879.0  27.260  18.910  -29.480  14.54  304.32  59.38  955.72  -1.78  211.03  5.38
67880.0  27.280  18.920  -29.480  14.55  304.33  59.37  955.76  -1.15  215.36  5.30
67881.0  27.220  18.870  -29.480  14.50  304.27  59.40  955.80  -1.19  222.09  5.00
67882.0  27.210  18.870  -29.480  14.50  304.26  59.41  955.85  -1.39  226.84  4.47
67883.0  27.260  18.940  -29.480  14.56  304.32  59.47  955.79  0.12  237.77  3.79
67884.0  27.410  18.950  -29.480  14.58  304.48  59.00  955.66  0.20  234.60  4.07
67885.0  27.510  18.960  -29.480  14.58  304.57  58.68  955.73  1.39  238.47  4.80
67886.0  27.460  18.960  -29.480  14.58  304.54  58.84  955.55  1.13  239.99  4.88
67887.0  27.380  18.970  -29.480  14.60  304.48  59.21  955.27  0.76  247.09  4.42
67888.0  27.260  18.980  -29.480  14.61  304.38  59.62  955.15  0.60  241.28  3.81
67889.0  27.310  18.960  -29.480  14.59  304.43  59.39  955.03  0.45  247.98  3.39
67890.0  27.230  18.940  -29.480  14.58  304.36  59.64  954.85  0.35  266.85  2.47
67891.0  27.220  18.890  -29.480  14.53  304.37  59.43  954.79  -0.40  234.40  2.78
67892.0  27.310  18.880  -29.480  14.52  304.45  59.07  954.88  1.68  227.65  3.02
67893.0  27.470  18.850  -29.480  14.50  304.60  58.42  954.93  3.23  251.59  2.98
67894.0  27.500  18.830  -29.480  14.48  304.67  58.24  954.48  3.03  253.50  3.48
67895.0  27.280  18.810  -29.480  14.46  304.47  58.91  954.31  3.52  199.52  3.44
67896.0  27.490  18.810  -29.480  14.47  304.72  58.17  953.94  1.36  183.61  4.16
67897.0  27.480  18.840  -29.480  14.50  304.69  58.33  954.09  1.26  195.56  3.30
67898.0  27.570  18.860  -29.480  14.52  304.78  58.10  954.08  0.73  216.48  3.84
67899.0  27.590  18.870  -29.480  14.52  304.80  58.04  954.12  2.41  213.11  3.31
67900.0  27.680  18.880  -29.480  14.53  304.88  57.79  954.24  3.28  264.43  1.14
67901.0  27.550  18.890  -29.480  14.54  304.75  58.27  954.23  2.34  211.50  1.23
67902.0  27.360  18.930  -29.480  14.57  304.55  59.07  954.38  1.12  181.23  2.62
67903.0  27.250  18.940  -29.480  14.58  304.43  59.51  954.43  0.56  180.75  1.93
67904.0  27.270  18.980  -29.480  14.62  304.45  59.59  954.44  -0.04  173.41  2.70
67905.0  27.180  19.010  -29.480  14.65  304.34  60.08  954.55  -0.96  165.35  3.01
67906.0  27.190  19.060  -29.480  14.69  304.32  60.19  955.03  -1.01  171.39  2.79
67907.0  27.170  19.080  -29.480  14.70  304.28  60.36  955.16  -0.68  167.09  2.87
67908.0  27.270  19.100  -29.480  14.72  304.38  60.05  955.23  -0.41  178.87  3.00
67909.0  27.260  19.100  -29.480  14.72  304.36  60.09  955.32  -0.35  194.80  1.70
67910.0  27.330  19.120  -29.480  14.73  304.40  59.93  955.54  -1.02  202.76  2.48
67911.0  27.370  19.120  -29.480  14.73  304.44  59.78  955.67  -1.80  234.44  2.24
