flight/WP3D/AircraftPos_NP3_20130603_RA.ict
38  1001
Ken Aikin
NOAA ESRL Chemical Sciences Division
various aircraft sensors
SENEX 2013
1  1
2013  06  03  2013  06  04
1
AOCTimewave
5
1  1  1  1  1 
-9999  -9999  -9999  -9999  -9999
GpsLat  deg
GpsLon  deg
GpsAlt  m
PAlt  m
RAlt  m
1
SPECIAL COMMENTS:Transit from Tampa  FL to Smyrna  TN.
18
PI_CONTACT_INFO: Address: NOAA ESRL Chemical Sciences Division  Mail Stop R/CSD7  325 Broadway  Boulder  CO 80305
PLATFORM: NOAA WP-3D
LOCATION: The aircraft was stationed in Smyrna  Tennessee. Aircraft location information in AircraftPosition file.
ASSOCIATED_DATA: N/A
INSTRUMENT_INFO: N/A
DATA_INFO: Units:GpsLat:decimal degrees; GpsLon: decimal degrees; GpsAlt: meters; PAlt:meters; RAlt: meters.
UNCERTAINTY: N/A
ULOD_FLAG: -7777
ULOD_VALUE: N/A
LLOD_FLAG: -8888
LLOD_VALUE: N/A
DM_CONTACT_INFO: Data Manager:Ken Aikin; email:Kenneth.C.Aikin@noaa.gov
PROJECT_INFO: SENEX 2013 Study; June 1 - July 15  2013
STIPULATIONS_ON_USE: Use of these data require prior ok from PI.
OTHER_COMMENTS:       None
REVISION: RA
RA: Preliminary Data.  For in-field use.
AOCTimewave  GpsLat  GpsLon  GpsAlt  PAlt  RAlt
[from data line 2328]
53599.0  29.8081   -83.7918   5781.4   5431.3   5804.0
53600.0  29.8092   -83.7927   5781.4   5432.2   5802.9
53601.0  29.8104   -83.7936   5781.4   5432.5   5804.6
53602.0  29.8115   -83.7945   5781.4   5431.0   5805.4
53603.0  29.8126   -83.7954   5781.4   5431.8   5811.1
53604.0  29.8138   -83.7963   5781.4   5431.3   5805.7
53605.0  29.8149   -83.7972   5781.4   5431.3   5815.2
53606.0  29.8161   -83.7981   5781.4   5431.4   5816.4
53607.0  29.8172   -83.7990   5782.4   5431.6   5806.2
53608.0  29.8183   -83.7999   5782.7   5432.7   5805.2
53609.0  29.8195   -83.8008   5782.7   5433.9   5795.3
53610.0  29.8206   -83.8018   5782.7   5432.9   5798.2
53611.0  29.8217   -83.8027   5782.7   5433.4   5811.6
53612.0  29.8229   -83.8036   5783.2   5435.0   5812.3
53613.0  29.8240   -83.8045   5783.9   5434.4   5811.1
53614.0  29.8251   -83.8054   5783.9   5434.0   5813.6
53615.0  29.8263   -83.8063   5783.6   5433.2   5808.7
53616.0  29.8274   -83.8072   5782.7   5432.8   5814.8
53617.0  29.8286   -83.8081   5782.7   5433.9   5808.2
53618.0  29.8297   -83.8090   5782.7   5433.3   5814.3
53619.0  29.8308   -83.8099   5782.7   5432.4   5820.9
53620.0  29.8320   -83.8108   5782.7   5432.6   5822.2
53621.0  29.8331   -83.8117   5782.7   5433.4   5817.4
53622.0  29.8342   -83.8126   5782.7   5432.7   5822.6
53623.0  29.8354   -83.8136   5782.7   5433.2   5822.4
53624.0  29.8365   -83.8145   5782.7   5432.8   5808.4
53625.0  29.8377   -83.8154   5782.7   5432.6   5820.4
53626.0  29.8388   -83.8163   5782.7   5432.5   5814.2
53627.0  29.8399   -83.8172   5782.7   5433.1   5805.8
53628.0  29.8411   -83.8181   5782.7   5432.9   5814.7
53629.0  29.8422   -83.8190   5782.7   5431.0   5824.6
53630.0  29.8433   -83.8199   5782.7   5432.1   5822.2
53631.0  29.8445   -83.8208   5782.7   5433.1   5831.8
53632.0  29.8456   -83.8217   5782.7   5433.2   5834.9
53633.0  29.8468   -83.8226   5782.7   5433.1   5835.1
53634.0  29.8479   -83.8235   5782.7   5432.7   5820.9
53635.0  29.8490   -83.8244   5782.7   5433.3   5814.5
53636.0  29.8502   -83.8253   5783.0   5432.9   5816.7
53637.0  29.8513   -83.8262   5783.0   5433.1   5808.0
53638.0  29.8525   -83.8271   5783.9   5433.8   5813.8
53639.0  29.8536   -83.8280   5782.9   5434.2   5809.0
53640.0  29.8547   -83.8289   5782.7   5433.4   5799.3
53641.0  29.8559   -83.8298   5782.7   5433.4   5815.9
53642.0  29.8570   -83.8307   5782.7   5433.4   5815.1
53643.0  29.8582   -83.8316   5782.7   5433.9   5808.4
53644.0  29.8593   -83.8325   5781.9   5434.0   5814.0
53645.0  29.8605   -83.8335   5781.4   5432.2   5817.3
53646.0  29.8616   -83.8344   5781.4   5432.0   5807.8
53647.0  29.8627   -83.8353   5781.4   5431.3   5800.5
53648.0  29.8639   -83.8362   5781.4   5431.1   5804.2
53649.0  29.8650   -83.8371   5781.4   5431.5   5809.5
53650.0  29.8662   -83.8380   5781.4   5431.1   5810.6
53651.0  29.8673   -83.8389   5781.4   5432.2   5809.6
53652.0  29.8684   -83.8398   5781.4   5432.1   5823.9
53653.0  29.8696   -83.8407   5781.4   5431.5   5814.9
53654.0  29.8707   -83.8416   5781.4   5431.8   5803.6
53655.0  29.8719   -83.8425   5781.4   5431.7   5801.2
53656.0  29.8730   -83.8434   5781.4   5432.6   5808.9
53657.0  29.8741   -83.8443   5781.4   5432.1   5821.2
53658.0  29.8753   -83.8452   5781.4   5432.8   5816.3
53659.0  29.8764   -83.8461   5781.4   5432.1   5818.2
53660.0  29.8776   -83.8470   5781.4   5431.2   5837.2
53661.0  29.8787   -83.8479   5781.8   5430.8   5835.9
53662.0  29.8798   -83.8488   5782.7   5432.6   5823.2
53663.0  29.8810   -83.8497   5782.7   5433.7   5815.6
53664.0  29.8821   -83.8506   5782.7   5433.7   5821.5
53665.0  29.8833   -83.8515   5782.7   5433.3   5833.3
53666.0  29.8844   -83.8525   5782.7   5431.9   5819.1
53667.0  29.8855   -83.8534   5782.7   5432.5   5819.2
53668.0  29.8867   -83.8543   5782.7   5432.8   5810.8
53669.0  29.8878   -83.8552   5782.7   5434.0   5798.3
53670.0  29.8890   -83.8561   5782.7   5433.3   5815.0
53671.0  29.8901   -83.8570   5782.7   5432.9   5805.0
53672.0  29.8912   -83.8579   5782.7   5432.7   5822.6
53673.0  29.8924   -83.8588   5782.7   5433.6   5830.2
53674.0  29.8935   -83.8597   5782.7   5434.7   5820.7
53675.0  29.8946   -83.8606   5782.7   5434.7   5823.0
53676.0  29.8958   -83.8615   5782.7   5434.7   5824.8
53677.0  29.8969   -83.8624   5782.7   5433.5   5826.5
53678.0  29.8981   -83.8634   5782.7   5432.9   5822.6
53679.0  29.8992   -83.8643   5782.7   5433.2   5798.0
53680.0  29.9003   -83.8652   5782.7   5433.2   5807.9
53681.0  29.9015   -83.8661   5782.7   5433.3   5813.2
53682.0  29.9026   -83.8670   5782.6   5431.5   5820.3
53683.0  29.9037   -83.8679   5781.4   5432.2   5817.4
53684.0  29.9049   -83.8689   5781.4   5431.9   5820.0
53685.0  29.9060   -83.8698   5781.4   5432.5   5832.8
53686.0  29.9072   -83.8707   5781.4   5431.7   5825.3
53687.0  29.9083   -83.8716   5781.4   5431.3   5802.2
53688.0  29.9094   -83.8725   5781.4   5431.4   5815.2
53689.0  29.9106   -83.8734   5781.4   5431.5   5834.8
53690.0  29.9117   -83.8744   5781.4   5431.7   5820.1
53691.0  29.9128   -83.8753   5781.4   5431.5   5809.7
53692.0  29.9140   -83.8762   5781.4   5430.8   5798.6
53693.0  29.9151   -83.8771   5781.4   5431.2   5809.0
53694.0  29.9162   -83.8780   5781.4   5431.2   5814.7
53695.0  29.9174   -83.8789   5781.4   5432.4   5813.5
53696.0  29.9185   -83.8799   5781.4   5431.8   5815.6
53697.0  29.9196   -83.8808   5781.4   5430.8   5812.2
53698.0  29.9208   -83.8817   5781.4   5432.4   5810.7
53699.0  29.9219   -83.8826   5781.4   5433.1   5807.6
53700.0  29.9230   -83.8835   5781.4   5433.0   5816.9
53701.0  29.9241   -83.8845   5781.4   5431.0   5809.6
53702.0  29.9253   -83.8854   5782.3   5432.0   5813.1
53703.0  29.9264   -83.8863   5782.7   5433.3   5799.7
53704.0  29.9275   -83.8872   5782.7   5432.6   5810.2
53705.0  29.9287   -83.8881   5782.7   5432.2   5821.9
53706.0  29.9298   -83.8891   5782.7   5432.3   5830.4
53707.0  29.9309   -83.8900   5782.7   5432.5   5822.7
53708.0  29.9321   -83.8909   5782.7   5433.0   5815.1
53709.0  29.9332   -83.8918   5782.7   5431.6   5814.7
53710.0  29.9343   -83.8927   5782.7   5431.8   5821.1
53711.0  29.9354   -83.8937   5782.7   5432.3   5813.9
53712.0  29.9366   -83.8946   5782.7   5432.6   5812.1
53713.0  29.9377   -83.8955   5782.7   5433.6   5820.2
53714.0  29.9388   -83.8964   5782.3   5434.0   5805.2
53715.0  29.9399   -83.8973   5781.4   5432.9   5824.9
53716.0  29.9411   -83.8983   5781.4   5432.4   5832.4
53717.0  29.9422   -83.8992   5781.4   5431.3   5807.1
53718.0  29.9433   -83.9001   5781.4   5431.4   5800.9
53719.0  29.9445   -83.9010   5781.4   5431.3   5809.1
53720.0  29.9456   -83.9020   5781.4   5430.3   5804.7
53721.0  29.9467   -83.9029   5781.4   5431.6   5802.6
53722.0  29.9478   -83.9038   5781.4   5431.5   5795.6
53723.0  29.9490   -83.9047   5781.4   5432.7   5799.7
53724.0  29.9501   -83.9056   5781.4   5433.0   5803.3
53725.0  29.9512   -83.9066   5781.4   5432.9   5798.7
53726.0  29.9524   -83.9075   5781.4   5432.6   5795.9
53727.0  29.9535   -83.9084   5781.4   5432.1   5807.1
53728.0  29.9546   -83.9093   5781.4   5432.1   5827.8
53729.0  29.9558   -83.9103   5781.4   5432.0   5819.6
53730.0  29.9569   -83.9112   5781.4   5430.8   5808.5
53731.0  29.9580   -83.9121   5781.4   5431.4   5805.8
53732.0  29.9592   -83.9130   5781.4   5432.7   5805.3
53733.0  29.9603   -83.9139   5781.4   5433.5   5792.8
53734.0  29.9614   -83.9149   5781.4   5432.4   5806.1
53735.0  29.9626   -83.9158   5781.4   5432.9   5810.4
53736.0  29.9637   -83.9167   5781.4   5432.4   5811.3
53737.0  29.9648   -83.9176   5781.4   5430.6   5801.8
53738.0  29.9660   -83.9185   5781.4   5430.9   5809.6
53739.0  29.9671   -83.9195   5781.4   5431.1   5807.1
53740.0  29.9682   -83.9204   5781.4   5431.6   5808.7
53741.0  29.9694   -83.9213   5781.4   5432.0   5808.4
53742.0  29.9705   -83.9222   5781.4   5431.0   5804.5
53743.0  29.9716   -83.9231   5781.4   5432.9   5801.9
53744.0  29.9728   -83.9241   5781.4   5433.2   5801.9
53745.0  29.9739   -83.9250   5781.4   5432.0   5791.9
53746.0  29.9750   -83.9259   5781.4   5433.1   5790.8
53747.0  29.9762   -83.9268   5780.5   5433.2   5803.2
53748.0  29.9773   -83.9277   5780.2   5432.6   5814.4
53749.0  29.9784   -83.9287   5780.2   5432.2   5812.2
53750.0  29.9796   -83.9296   5780.2   5433.0   5809.5
53751.0  29.9807   -83.9305   5780.2   5431.0   5809.5
53752.0  29.9818   -83.9314   5780.2   5431.2   5805.8
53753.0  29.9830   -83.9323   5780.2   5431.4   5806.7
53754.0  29.9841   -83.9332   5780.2   5431.7   5811.0
53755.0  29.9853   -83.9342   5780.2   5432.0   5803.8
53756.0  29.9864   -83.9351   5780.2   5431.2   5797.2
53757.0  29.9875   -83.9360   5780.2   5431.9   5794.4
53758.0  29.9887   -83.9369   5780.2   5431.4   5796.3
53759.0  29.9898   -83.9378   5780.2   5430.7   5792.9
53760.0  29.9910   -83.9387   5780.2   5432.7   5800.4
53761.0  29.9921   -83.9396   5780.1   5432.1   5813.7
53762.0  29.9933   -83.9405   5779.0   5431.5   5811.0
53763.0  29.9944   -83.9414   5779.0   5431.1   5801.7
53764.0  29.9956   -83.9423   5779.0   5430.0   5812.2
53765.0  29.9967   -83.9432   5779.0   5430.1   5816.8
53766.0  29.9978   -83.9442   5779.0   5429.1   5814.1
53767.0  29.9990   -83.9451   5779.0   5429.3   5814.8
53768.0  30.0001   -83.9460   5779.0   5429.7   5808.3
53769.0  30.0013   -83.9469   5779.0   5429.2   5801.3
53770.0  30.0025   -83.9478   5779.0   5428.7   5797.0
53771.0  30.0036   -83.9486   5779.0   5429.5   5801.4
53772.0  30.0048   -83.9495   5779.0   5429.8   5807.8
53773.0  30.0059   -83.9504   5779.0   5430.1   5787.3
53774.0  30.0071   -83.9513   5777.8   5429.1   5788.5
53775.0  30.0082   -83.9522   5777.8   5429.8   5794.5
53776.0  30.0094   -83.9531   5777.8   5430.0   5806.1
53777.0  30.0105   -83.9540   5777.8   5430.3   5808.9
53778.0  30.0117   -83.9549   5777.8   5429.7   5798.1
53779.0  30.0129   -83.9558   5777.8   5429.1   5794.6
53780.0  30.0140   -83.9566   5777.8   5429.6   5795.2
53781.0  30.0152   -83.9575   5777.8   5430.9   5792.3
53782.0  30.0163   -83.9584   5777.8   5430.5   5795.5
53783.0  30.0175   -83.9593   5778.7   5429.8   5800.0
53784.0  30.0187   -83.9602   5779.0   5430.0   5807.6
53785.0  30.0198   -83.9610   5779.0   5431.6   5807.9
53786.0  30.0210   -83.9619   5779.4   5432.7   5818.3
53787.0  30.0222   -83.9628   5780.2   5433.3   5816.3
53788.0  30.0233   -83.9637   5780.2   5432.3   5811.0
53789.0  30.0245   -83.9645   5780.2   5432.0   5819.2
53790.0  30.0257   -83.9654   5780.2   5433.6   5811.0
53791.0  30.0268   -83.9663   5780.2   5432.4   5803.1
53792.0  30.0280   -83.9672   5780.2   5433.2   5803.0
53793.0  30.0291   -83.9680   5780.2   5433.7   5806.1
53794.0  30.0303   -83.9689   5780.2   5433.2   5792.5
53795.0  30.0315   -83.9698   5780.2   5433.1   5804.2
53796.0  30.0326   -83.9707   5780.2   5433.5   5806.3
53797.0  30.0338   -83.9715   5780.2   5431.8   5795.9
53798.0  30.0350   -83.9724   5780.2   5432.0   5792.2
53799.0  30.0361   -83.9733   5780.2   5432.9   5782.1
53800.0  30.0373   -83.9742   5779.3   5433.3   5795.8
53801.0  30.0385   -83.9750   5779.0   5433.2   5804.1
53802.0  30.0396   -83.9759   5779.0   5432.8   5809.0
53803.0  30.0408   -83.9768   5779.0   5432.5   5813.6
53804.0  30.0420   -83.9776   5779.0   5432.1   5816.0
53805.0  30.0431   -83.9785   5779.0   5432.4   5802.8
53806.0  30.0443   -83.9794   5779.0   5433.7   5808.4
53807.0  30.0455   -83.9803   5779.0   5432.0   5798.5
53808.0  30.0466   -83.9811   5779.0   5432.1   5795.8
53809.0  30.0478   -83.9820   5779.0   5431.8   5801.3
53810.0  30.0490   -83.9829   5779.0   5431.5   5792.5
53811.0  30.0501   -83.9838   5779.0   5432.1   5810.6
53812.0  30.0513   -83.9846   5779.0   5432.7   5802.9
53813.0  30.0525   -83.9855   5779.0   5432.4   5812.4
53814.0  30.0536   -83.9864   5779.0   5431.9   5810.6
53815.0  30.0548   -83.9873   5779.0   5431.2   5824.6
53816.0  30.0560   -83.9881   5779.0   5431.2   5808.5
53817.0  30.0571   -83.9890   5779.0   5431.0   5790.3
53818.0  30.0583   -83.9899   5779.0   5431.0   5788.5
53819.0  30.0595   -83.9908   5779.0   5431.8   5796.4
53820.0  30.0606   -83.9916   5779.0   5431.2   5808.7
53821.0  30.0618   -83.9925   5779.0   5431.9   5816.2
53822.0  30.0630   -83.9934   5779.0   5432.3   5818.4
53823.0  30.0641   -83.9942   5779.0   5432.3   5823.7
53824.0  30.0653   -83.9951   5779.0   5431.4   5811.1
53825.0  30.0665   -83.9960   5779.0   5432.8   5805.9
53826.0  30.0676   -83.9969   5779.0   5432.8   5798.4
53827.0  30.0688   -83.9977   5779.0   5431.3   5792.3
53828.0  30.0700   -83.9986   5779.0   5431.3   5801.2
53829.0  30.0711   -83.9995   5779.0   5432.5   5799.3
53830.0  30.0723   -84.0004   5779.0   5431.0   5807.6
53831.0  30.0735   -84.0012   5779.0   5432.2   5814.5
53832.0  30.0746   -84.0021   5779.0   5432.0   5817.4
53833.0  30.0758   -84.0030   5779.0   5431.1   5805.4
53834.0  30.0770   -84.0039   5779.0   5431.9   5792.4
53835.0  30.0781   -84.0047   5779.0   5432.4   5790.3
53836.0  30.0793   -84.0056   5779.0   5432.6   5784.5
53837.0  30.0805   -84.0065   5779.0   5431.6   5802.6
53838.0  30.0816   -84.0073   5779.0   5431.3   5818.6
53839.0  30.0828   -84.0082   5778.7   5432.1   5823.0
53840.0  30.0840   -84.0091   5778.7   5431.2   5816.9
53841.0  30.0851   -84.0100   5778.6   5431.7   5802.7
53842.0  30.0863   -84.0108   5779.0   5431.4   5811.3
53843.0  30.0875   -84.0117   5779.0   5432.1   5800.6
53844.0  30.0887   -84.0126   5779.0   5432.9   5800.5
53845.0  30.0898   -84.0135   5779.0   5432.5   5789.9
53846.0  30.0910   -84.0143   5778.0   5431.8   5790.1
53847.0  30.0922   -84.0152   5777.8   5431.1   5796.5
53848.0  30.0933   -84.0161   5777.8   5431.2   5806.5
53849.0  30.0945   -84.0170   5777.8   5431.2   5795.4
53850.0  30.0957   -84.0178   5777.8   5430.9   5804.5
53851.0  30.0968   -84.0187   5777.8   5430.1   5801.2
53852.0  30.0980   -84.0196   5777.8   5430.4   5791.2
53853.0  30.0992   -84.0204   5777.8   5430.7   5803.8
53854.0  30.1003   -84.0213   5777.8   5430.1   5817.8
53855.0  30.1015   -84.0222   5777.8   5428.8   5798.9
53856.0  30.1027   -84.0231   5777.8   5430.2   5787.1
53857.0  30.1038   -84.0239   5777.8   5429.0   5790.9
53858.0  30.1050   -84.0248   5777.8   5428.9   5789.5
53859.0  30.1062   -84.0257   5777.8   5428.4   5782.5
53860.0  30.1073   -84.0266   5777.8   5430.0   5771.3
53861.0  30.1085   -84.0275   5777.8   5431.5   5778.2
53862.0  30.1097   -84.0283   5777.8   5431.9   5775.4
53863.0  30.1108   -84.0292   5777.8   5431.9   5782.4
53864.0  30.1120   -84.0301   5777.5   5431.5   5810.6
53865.0  30.1132   -84.0310   5776.6   5431.3   5820.3
53866.0  30.1144   -84.0318   5776.6   5432.8   5782.4
53867.0  30.1155   -84.0327   5776.6   5432.6   5767.4
53868.0  30.1167   -84.0336   5776.6   5430.9   5783.7
53869.0  30.1179   -84.0345   5776.6   5429.7   5798.2
53870.0  30.1190   -84.0353   5776.6   5430.7   5798.5
53871.0  30.1202   -84.0362   5776.6   5431.1   5813.7
53872.0  30.1214   -84.0371   5776.6   5431.0   5828.7
53873.0  30.1225   -84.0379   5776.6   5429.7   5844.0
53874.0  30.1237   -84.0388   5776.6   5429.3   5872.0
53875.0  30.1249   -84.0397   5776.6   5430.3   5882.6
53876.0  30.1260   -84.0406   5776.6   5431.0   5897.7
53877.0  30.1272   -84.0414   5776.6   5431.3   5900.4
53878.0  30.1284   -84.0423   5776.6   5430.3   5900.4
53879.0  30.1295   -84.0432   5776.6   5430.3   5891.9
53880.0  30.1307   -84.0441   5776.6   5430.5   5870.9
53881.0  30.1319   -84.0449   5776.6   5431.0   5894.5
53882.0  30.1330   -84.0458   5776.6   5430.8   5889.3
53883.0  30.1342   -84.0467   5776.6   5431.2   5878.0
53884.0  30.1354   -84.0476   5776.6   5431.2   5874.5
53885.0  30.1365   -84.0484   5776.6   5431.4   5862.7
53886.0  30.1377   -84.0493   5776.6   5431.8   5856.1
53887.0  30.1389   -84.0502   5776.6   5433.0   5867.5
53888.0  30.1400   -84.0510   5776.6   5432.0   5866.3
