flight/WP3D/AircraftPos_NP3_20130629_RA.ict
38  1001
Ken Aikin
NOAA ESRL Chemical Sciences Division
various aircraft sensors
SENEX 2013
1  1
2013  06  29  2013  06  29
1
AOCTimewave
5
1  1  1  1  1 
-9999  -9999  -9999  -9999  -9999
GpsLat  deg
GpsLon  deg
GpsAlt  m
PAlt  m
RAlt  m
1
SPECIAL COMMENTS:Birmingham and C-130 intercomparison.
18
PI_CONTACT_INFO: Address: NOAA ESRL Chemical Sciences Division  Mail Stop R/CSD7  325 Broadway  Boulder  CO 80305
PLATFORM: NOAA WP-3D
LOCATION: The aircraft was stationed in Smyrna  Tennessee. Aircraft location information in AircraftPosition file.
ASSOCIATED_DATA: N/A
INSTRUMENT_INFO: N/A
DATA_INFO: Units:GpsLat:decimal degrees; GpsLon: decimal degrees; GpsAlt: meters; PAlt:meters; RAlt: meters.
UNCERTAINTY: N/A
ULOD_FLAG: -7777
ULOD_VALUE: N/A
LLOD_FLAG: -8888
LLOD_VALUE: N/A
DM_CONTACT_INFO: Data Manager:Ken Aikin; email:Kenneth.C.Aikin@noaa.gov
PROJECT_INFO: SENEX 2013 Study; June 1 - July 15  2013
STIPULATIONS_ON_USE: Use of these data require prior ok from PI.
OTHER_COMMENTS:       None
REVISION: RA
RA: Preliminary Data.  For in-field use.
AOCTimewave  GpsLat  GpsLon  GpsAlt  PAlt  RAlt
[from data line 15127]
70712.0  33.0613   -86.8595    732.5    736.4    565.3
70713.0  33.0602   -86.8595    731.5    734.7    553.2
70714.0  33.0591   -86.8596    731.7    735.1    553.9
70715.0  33.0581   -86.8596    732.9    736.4    560.9
70716.0  33.0570   -86.8596    734.0    737.8    562.9
70717.0  33.0559   -86.8597    734.0    737.6    564.6
70718.0  33.0549   -86.8597    734.0    738.1    574.2
70719.0  33.0538   -86.8598    735.0    740.1    576.1
70720.0  33.0527   -86.8598    734.1    739.1    579.5
70721.0  33.0517   -86.8599    733.7    738.4    583.8
70722.0  33.0506   -86.8599    732.7    737.5    572.2
70723.0  33.0495   -86.8599    732.7    738.0    563.7
70724.0  33.0484   -86.8600    731.6    736.6    561.1
70725.0  33.0474   -86.8600    731.5    735.6    561.1
70726.0  33.0463   -86.8600    731.1    735.1    564.1
70727.0  33.0452   -86.8601    730.3    734.4    570.6
70728.0  33.0442   -86.8601    730.3    734.3    573.4
70729.0  33.0431   -86.8601    730.3    734.7    562.4
70730.0  33.0420   -86.8602    730.3    732.8    566.6
70731.0  33.0409   -86.8601    730.3    732.3    573.6
70732.0  33.0399   -86.8601    730.3    731.6    574.9
70733.0  33.0388   -86.8600    730.3    733.0    576.4
70734.0  33.0377   -86.8599    730.3    733.5    583.8
70735.0  33.0366   -86.8598    730.3    733.2    586.9
70736.0  33.0356   -86.8596    730.3    733.7    587.3
70737.0  33.0345   -86.8594    730.3    732.3    583.3
70738.0  33.0335   -86.8591    730.3    732.2    584.4
70739.0  33.0324   -86.8588    730.3    732.9    587.4
70740.0  33.0314   -86.8584    730.3    731.6    603.0
70741.0  33.0304   -86.8580    730.3    732.7    603.1
70742.0  33.0294   -86.8575    730.9    732.6    612.0
70743.0  33.0284   -86.8570    731.5    732.5    615.9
70744.0  33.0274   -86.8564    731.5    733.2    618.8
70745.0  33.0265   -86.8557    731.5    733.8    610.1
70746.0  33.0256   -86.8550    731.5    734.2    608.7
70747.0  33.0247   -86.8543    731.5    733.8    606.2
70748.0  33.0238   -86.8535    731.5    732.7    614.9
70749.0  33.0230   -86.8527    731.8    734.1    608.9
70750.0  33.0222   -86.8518    732.8    734.8    603.5
70751.0  33.0215   -86.8509    734.0    734.5    597.7
70752.0  33.0207   -86.8499    734.9    735.5    595.8
70753.0  33.0201   -86.8489    735.2    739.1    596.6
70754.0  33.0194   -86.8479    735.2    738.9    599.1
70755.0  33.0188   -86.8469    735.2    738.1    612.4
70756.0  33.0182   -86.8458    736.4    738.3    606.0
70757.0  33.0177   -86.8447    737.0    740.9    612.9
70758.0  33.0172   -86.8435    737.8    741.7    609.8
70759.0  33.0168   -86.8423    738.8    742.4    607.2
70760.0  33.0164   -86.8411    738.8    742.7    605.0
70761.0  33.0160   -86.8399    738.7    743.8    604.5
70762.0  33.0157   -86.8387    737.6    742.7    600.7
70763.0  33.0154   -86.8374    737.4    742.2    594.7
70764.0  33.0152   -86.8362    736.1    741.2    596.2
70765.0  33.0150   -86.8349    735.0    739.8    596.7
70766.0  33.0148   -86.8336    733.8    738.9    592.3
70767.0  33.0147   -86.8324    732.7    738.3    591.9
70768.0  33.0146   -86.8311    731.8    736.0    588.6
70769.0  33.0145   -86.8298    732.2    735.7    590.9
70770.0  33.0144   -86.8285    732.0    736.6    590.2
70771.0  33.0144   -86.8272    731.5    736.9    572.2
70772.0  33.0144   -86.8259    731.0    735.7    573.1
70773.0  33.0145   -86.8246    730.3    733.8    554.5
70774.0  33.0145   -86.8234    731.1    734.4    558.6
70775.0  33.0146   -86.8221    732.7    738.0    554.8
70776.0  33.0147   -86.8208    732.7    736.6    549.0
70777.0  33.0149   -86.8195    732.7    736.5    552.2
70778.0  33.0150   -86.8182    732.7    736.7    550.2
70779.0  33.0152   -86.8169    732.7    736.9    549.4
70780.0  33.0153   -86.8157    732.3    735.0    542.5
70781.0  33.0155   -86.8144    731.5    733.9    538.3
70782.0  33.0157   -86.8131    730.9    735.3    541.1
70783.0  33.0159   -86.8118    730.3    735.8    534.4
70784.0  33.0161   -86.8105    730.3    735.5    537.4
70785.0  33.0163   -86.8093    730.3    736.0    537.7
70786.0  33.0165   -86.8080    730.3    735.4    532.1
70787.0  33.0167   -86.8067    730.2    733.8    521.3
70788.0  33.0170   -86.8054    729.1    734.3    519.9
70789.0  33.0172   -86.8041    728.8    734.2    524.7
70790.0  33.0174   -86.8029    727.2    729.2    531.0
70791.0  33.0176   -86.8016    726.0    730.1    531.8
70792.0  33.0178   -86.8003    725.0    729.5    532.3
70793.0  33.0180   -86.7990    724.2    728.7    539.6
70794.0  33.0182   -86.7977    724.2    729.5    543.8
70795.0  33.0184   -86.7964    723.0    729.1    532.6
70796.0  33.0185   -86.7952    723.0    727.5    530.8
70797.0  33.0187   -86.7939    723.0    727.8    530.5
70798.0  33.0189   -86.7926    723.3    729.2    529.0
70799.0  33.0191   -86.7913    724.2    730.1    529.9
70800.0  33.0192   -86.7900    724.7    730.9    532.8
70801.0  33.0194   -86.7887    726.6    732.6    528.7
70802.0  33.0196   -86.7875    727.9    733.7    525.9
70803.0  33.0197   -86.7862    729.0    732.8    531.2
70804.0  33.0199   -86.7849    729.7    734.8    532.7
70805.0  33.0201   -86.7836    730.3    735.3    546.4
70806.0  33.0202   -86.7823    730.3    735.8    547.1
70807.0  33.0204   -86.7810    730.6    736.9    552.1
70808.0  33.0205   -86.7797    730.3    737.0    553.8
70809.0  33.0207   -86.7785    730.3    736.5    558.4
70810.0  33.0208   -86.7772    731.0    735.3    557.2
70811.0  33.0210   -86.7759    731.5    735.5    562.0
70812.0  33.0211   -86.7746    731.5    735.2    562.5
70813.0  33.0213   -86.7733    731.5    735.9    560.6
70814.0  33.0214   -86.7720    731.5    735.4    559.6
70815.0  33.0215   -86.7707    731.5    736.3    555.7
70816.0  33.0216   -86.7694    731.5    735.2    556.2
70817.0  33.0217   -86.7681    731.7    737.1    561.3
70818.0  33.0218   -86.7668    731.5    736.8    559.2
70819.0  33.0219   -86.7656    732.2    737.0    566.2
70820.0  33.0220   -86.7643    732.7    737.6    567.8
70821.0  33.0221   -86.7630    732.7    737.3    565.6
70822.0  33.0222   -86.7617    732.7    736.4    564.6
70823.0  33.0222   -86.7604    732.7    736.5    561.3
70824.0  33.0223   -86.7591    732.1    734.9    552.9
70825.0  33.0224   -86.7578    731.5    734.8    552.3
70826.0  33.0225   -86.7565    730.9    736.4    552.8
70827.0  33.0225   -86.7551    730.3    735.9    547.8
70828.0  33.0226   -86.7539    730.3    735.2    539.0
70829.0  33.0227   -86.7525    730.3    736.2    541.5
70830.0  33.0228   -86.7512    730.3    735.5    540.1
70831.0  33.0229   -86.7499    730.3    735.4    546.0
70832.0  33.0229   -86.7486    730.3    734.5    552.7
70833.0  33.0230   -86.7473    729.9    734.9    551.1
70834.0  33.0231   -86.7460    729.1    733.6    551.0
70835.0  33.0232   -86.7447    729.1    735.3    550.6
70836.0  33.0232   -86.7434    729.1    734.9    552.0
70837.0  33.0233   -86.7421    728.8    733.3    549.8
70838.0  33.0234   -86.7408    729.1    732.3    538.2
70839.0  33.0235   -86.7395    730.0    733.4    533.9
70840.0  33.0235   -86.7382    730.3    734.3    539.1
70841.0  33.0236   -86.7369    730.3    735.0    543.3
70842.0  33.0237   -86.7356    730.3    735.6    543.5
70843.0  33.0238   -86.7343    730.3    735.6    544.5
70844.0  33.0238   -86.7330    731.2    736.2    546.9
70845.0  33.0239   -86.7317    732.3    737.3    548.7
70846.0  33.0239   -86.7304    732.7    738.2    547.4
70847.0  33.0240   -86.7291    733.9    739.1    551.0
70848.0  33.0240   -86.7278    734.6    739.6    550.8
70849.0  33.0241   -86.7265    735.2    739.7    552.9
70850.0  33.0242   -86.7251    735.2    739.7    551.0
70851.0  33.0242   -86.7238    734.4    739.0    551.4
70852.0  33.0243   -86.7225    733.9    737.4    552.1
70853.0  33.0243   -86.7212    732.7    736.2    554.9
70854.0  33.0243   -86.7199    731.8    735.8    553.9
70855.0  33.0244   -86.7186    731.5    735.4    562.3
70856.0  33.0244   -86.7173    731.5    735.6    560.4
70857.0  33.0245   -86.7160    730.3    733.6    569.3
70858.0  33.0245   -86.7147    730.3    734.3    565.7
70859.0  33.0245   -86.7134    730.3    735.0    552.8
70860.0  33.0246   -86.7121    730.3    734.8    563.0
70861.0  33.0246   -86.7107    731.2    737.6    571.3
70862.0  33.0246   -86.7094    730.6    736.3    567.0
70863.0  33.0247   -86.7081    731.0    737.5    565.4
70864.0  33.0247   -86.7068    731.4    737.7    573.8
70865.0  33.0247   -86.7055    730.7    737.5    571.7
70866.0  33.0247   -86.7042    731.4    738.9    561.5
70867.0  33.0248   -86.7029    730.5    737.5    557.0
70868.0  33.0248   -86.7016    731.5    737.7    560.2
70869.0  33.0248   -86.7003    731.5    737.8    561.4
70870.0  33.0248   -86.6990    731.5    736.9    556.4
70871.0  33.0248   -86.6976    731.5    736.7    550.1
70872.0  33.0247   -86.6963    731.5    736.4    551.2
70873.0  33.0247   -86.6950    731.5    735.1    543.5
70874.0  33.0247   -86.6937    731.3    734.8    537.9
70875.0  33.0247   -86.6924    730.3    734.9    543.1
70876.0  33.0247   -86.6911    730.3    735.5    541.0
70877.0  33.0246   -86.6898    730.4    737.2    540.5
70878.0  33.0246   -86.6885    730.3    736.4    538.4
70879.0  33.0246   -86.6871    731.0    736.2    524.8
70880.0  33.0247   -86.6858    731.5    737.2    526.7
70881.0  33.0247   -86.6845    731.5    736.9    530.9
70882.0  33.0248   -86.6832    731.5    736.3    534.2
70883.0  33.0250   -86.6819    731.5    736.9    534.6
70884.0  33.0251   -86.6806    731.5    736.1    543.2
70885.0  33.0254   -86.6794    732.2    735.7    547.5
70886.0  33.0256   -86.6781    732.7    736.2    548.6
70887.0  33.0259   -86.6769    733.7    737.6    559.2
70888.0  33.0262   -86.6756    734.3    738.3    564.9
70889.0  33.0266   -86.6744    735.2    741.1    563.8
70890.0  33.0270   -86.6732    735.2    739.7    575.9
70891.0  33.0275   -86.6721    736.1    741.8    574.9
70892.0  33.0280   -86.6709    735.5    741.3    570.3
70893.0  33.0285   -86.6698    734.5    739.2    561.0
70894.0  33.0291   -86.6687    733.2    737.2    557.7
70895.0  33.0297   -86.6677    732.7    737.7    559.4
70896.0  33.0304   -86.6667    731.5    734.5    563.9
70897.0  33.0310   -86.6657    730.8    733.0    568.2
70898.0  33.0318   -86.6648    730.3    733.7    561.3
70899.0  33.0325   -86.6640    730.3    732.4    555.9
70900.0  33.0333   -86.6631    730.3    732.7    558.3
70901.0  33.0341   -86.6623    731.4    735.4    549.1
70902.0  33.0349   -86.6616    731.6    736.4    555.7
70903.0  33.0358   -86.6608    732.7    737.7    559.3
70904.0  33.0366   -86.6601    732.7    738.1    561.0
70905.0  33.0375   -86.6595    732.7    736.2    584.2
70906.0  33.0384   -86.6589    732.9    735.7    578.8
70907.0  33.0393   -86.6583    734.0    738.6    569.9
70908.0  33.0403   -86.6577    734.0    739.4    565.6
70909.0  33.0412   -86.6572    734.0    739.0    570.7
70910.0  33.0422   -86.6567    734.0    740.1    574.3
70911.0  33.0431   -86.6562    733.9    740.0    572.8
70912.0  33.0441   -86.6558    732.7    738.9    570.9
70913.0  33.0451   -86.6554    731.3    738.3    568.2
70914.0  33.0461   -86.6550    730.3    735.8    562.5
70915.0  33.0471   -86.6546    730.3    738.1    555.8
70916.0  33.0480   -86.6543    730.3    738.1    556.8
70917.0  33.0490   -86.6539    729.6    736.0    557.1
70918.0  33.0500   -86.6536    730.3    736.1    564.1
70919.0  33.0510   -86.6533    730.3    736.6    572.1
70920.0  33.0521   -86.6530    730.9    735.3    571.4
70921.0  33.0531   -86.6527    731.5    738.0    573.4
70922.0  33.0541   -86.6524    732.3    738.3    574.1
70923.0  33.0551   -86.6521    732.7    738.4    575.7
70924.0  33.0561   -86.6519    732.7    738.9    581.3
70925.0  33.0571   -86.6516    731.6    737.3    586.1
70926.0  33.0581   -86.6514    731.5    737.7    589.3
70927.0  33.0592   -86.6511    731.5    736.1    593.5
70928.0  33.0602   -86.6509    730.8    735.9    589.4
70929.0  33.0612   -86.6506    730.3    737.3    581.6
70930.0  33.0622   -86.6504    730.3    736.4    572.7
70931.0  33.0632   -86.6501    730.3    736.2    572.8
70932.0  33.0642   -86.6499    729.6    733.9    580.3
70933.0  33.0653   -86.6496    729.1    734.0    597.5
70934.0  33.0663   -86.6494    729.1    733.7    599.7
70935.0  33.0673   -86.6492    729.1    734.0    599.0
70936.0  33.0683   -86.6489    730.0    734.7    591.0
70937.0  33.0694   -86.6487    730.3    736.2    581.2
70938.0  33.0704   -86.6484    729.9    735.5    589.7
70939.0  33.0714   -86.6482    729.1    734.9    589.5
70940.0  33.0724   -86.6479    728.4    732.7    576.3
70941.0  33.0734   -86.6477    727.9    732.8    570.3
70942.0  33.0745   -86.6475    727.5    733.4    560.8
70943.0  33.0755   -86.6473    726.6    731.9    557.3
70944.0  33.0765   -86.6471    726.6    731.1    560.6
70945.0  33.0776   -86.6469    727.0    730.8    550.0
70946.0  33.0786   -86.6467    727.1    730.8    549.4
70947.0  33.0796   -86.6466    726.6    731.1    560.9
70948.0  33.0806   -86.6465    726.6    731.7    566.3
70949.0  33.0817   -86.6464    726.7    731.8    563.4
70950.0  33.0827   -86.6462    727.9    732.0    564.2
70951.0  33.0837   -86.6461    728.0    731.8    552.9
70952.0  33.0848   -86.6460    729.1    732.5    544.8
70953.0  33.0858   -86.6459    729.3    733.4    549.0
70954.0  33.0868   -86.6458    730.6    734.5    559.4
70955.0  33.0878   -86.6457    731.9    736.4    564.7
70956.0  33.0889   -86.6457    732.7    736.0    577.3
70957.0  33.0899   -86.6456    732.9    736.5    579.4
70958.0  33.0909   -86.6455    732.7    737.3    580.8
70959.0  33.0919   -86.6454    732.7    736.7    582.7
70960.0  33.0930   -86.6453    732.7    736.7    591.8
70961.0  33.0940   -86.6452    732.7    738.0    598.5
70962.0  33.0950   -86.6451    731.6    737.8    605.1
70963.0  33.0961   -86.6450    731.5    738.5    600.2
70964.0  33.0971   -86.6450    731.5    737.8    601.1
70965.0  33.0981   -86.6449    731.5    737.4    599.0
70966.0  33.0991   -86.6448    731.5    736.9    598.3
70967.0  33.1002   -86.6447    731.5    735.5    594.6
70968.0  33.1012   -86.6447    730.3    735.8    598.8
70969.0  33.1022   -86.6446    730.3    736.5    603.8
70970.0  33.1032   -86.6445    730.3    737.0    600.9
70971.0  33.1042   -86.6445    731.0    735.8    599.5
70972.0  33.1053   -86.6444    731.5    736.6    603.7
70973.0  33.1063   -86.6444    731.5    737.5    599.5
70974.0  33.1073   -86.6443    732.5    737.0    602.4
70975.0  33.1083   -86.6443    732.7    738.3    601.9
70976.0  33.1094   -86.6442    732.7    738.2    606.9
70977.0  33.1104   -86.6442    732.7    737.7    605.8
70978.0  33.1114   -86.6441    732.7    739.0    606.3
70979.0  33.1125   -86.6441    731.9    737.9    601.7
70980.0  33.1135   -86.6441    731.5    737.9    589.3
70981.0  33.1145   -86.6440    731.5    736.5    581.3
70982.0  33.1155   -86.6440    731.5    734.7    573.7
70983.0  33.1166   -86.6440    731.5    734.9    574.8
70984.0  33.1176   -86.6440    731.5    735.3    578.5
70985.0  33.1186   -86.6440    731.5    735.6    572.7
70986.0  33.1196   -86.6440    731.5    736.0    580.4
70987.0  33.1207   -86.6440    730.7    735.9    589.5
70988.0  33.1217   -86.6440    730.3    735.7    587.6
70989.0  33.1227   -86.6440    730.3    735.9    578.4
70990.0  33.1237   -86.6440    730.5    733.5    569.0
70991.0  33.1248   -86.6441    731.5    735.0    559.4
70992.0  33.1258   -86.6441    731.5    736.4    571.7
70993.0  33.1268   -86.6441    731.9    736.7    584.9
70994.0  33.1279   -86.6441    732.7    737.5    600.4
70995.0  33.1289   -86.6441    732.7    738.0    599.6
70996.0  33.1299   -86.6441    733.8    738.2    592.7
70997.0  33.1309   -86.6441    734.3    738.4    592.2
70998.0  33.1320   -86.6442    735.3    738.9    591.5
70999.0  33.1330   -86.6442    736.4    741.2    589.5
71000.0  33.1340   -86.6442    736.4    741.9    587.2
71001.0  33.1351   -86.6442    736.4    741.9    572.4
