flight/WP3D/AircraftMis_NP3_20130629_RA.ict
41  1001
Ken Aikin
NOAA ESRL Chemical Sciences Division
various aircraft sensors
SENEX 2013
1  1
2013  06  29  2013  06  29
1
AOCTimewave
8
1  1  1  1  1  1  1  1
-9999  -9999  -9999  -9999  -9999  -9999  -9999  -9999
Attack  deg
CabinPrs  mbar
GndSpd  m/s
Heading  deg
Pitch  deg
Roll  deg
Slip  deg
TrueAirSpd  m/s
1
SPECIAL COMMENTS:Birmingham and C-130 intercomparison.
18
PI_CONTACT_INFO: Address: NOAA ESRL Chemical Sciences Division  Mail Stop R/CSD7  325 Broadway  Boulder  CO 80305
PLATFORM: NOAA WP-3D
LOCATION: The aircraft was stationed in  Smyrna  Tennessee. Aircraft location information in AircraftPosition file.
ASSOCIATED_DATA: N/A
INSTRUMENT_INFO: N/A
DATA_INFO: Units: Attack degrees; CabinPrs millibar; GndSpd m/s; Heading degrees; Pitch degrees; Roll degrees; Slip degrees; TrueAirSpd m/s
UNCERTAINTY: N/A
ULOD_FLAG: -7777
ULOD_VALUE: N/A
LLOD_FLAG: -8888
LLOD_VALUE: N/A
DM_CONTACT_INFO: Data Manager:Ken Aikin; email:Kenneth.C.Aikin@noaa.gov
PROJECT_INFO: SENEX 2013 Study; June 1 - July 15  2013
STIPULATIONS_ON_USE: Use of these data require prior ok from PI.
OTHER_COMMENTS:       None
REVISION: RA
RA: Preliminary Data.  For in-field use.
AOCTimewave  Attack  CabinPrs  GndSpd  Heading  Pitch  Roll  Slip  TrueAirSpd
[from data line 24840]
80425.0  1.0  936.6  118.1  0.1  5.31  -2.16  -0.56  119.9
80426.0  0.7  936.6  118.1  0.0  5.04  -2.07  -0.31  119.7
80427.0  1.1  936.7  118.1  0.0  5.30  -2.10  -0.70  119.5
80428.0  1.2  936.5  118.0  -9999.0  -9999.00  -9999.00  -0.57  118.9
80429.0  1.4  936.9  117.9  359.8  5.59  -1.38  -0.55  118.9
80430.0  1.2  936.7  117.8  359.8  5.66  -1.04  -0.55  118.8
80431.0  1.3  936.3  117.6  359.8  5.77  -1.06  -0.67  119.0
80432.0  1.0  936.5  117.5  359.7  5.36  -0.81  -0.64  119.1
80433.0  0.9  936.5  117.5  359.7  5.01  -0.91  -0.69  119.2
80434.0  0.9  936.7  117.5  359.6  4.85  -0.87  -0.63  119.2
80435.0  0.9  936.7  117.6  359.5  4.76  -1.45  -0.57  119.2
80436.0  1.0  936.8  117.6  359.4  4.71  -1.56  -0.47  119.1
80437.0  1.2  936.7  117.7  359.5  4.84  -0.89  -0.26  118.7
80438.0  0.9  936.6  117.7  359.7  4.67  -0.42  -0.49  119.2
80439.0  1.2  936.6  117.7  359.7  4.90  -0.93  -0.58  119.2
80440.0  1.1  936.7  117.8  359.8  4.84  -0.81  -0.70  118.9
80441.0  1.3  936.4  117.8  359.7  5.03  -0.93  -0.73  119.0
80442.0  1.1  936.6  117.8  359.6  4.89  -0.75  -0.78  119.2
80443.0  1.0  936.6  117.9  359.5  4.71  -0.11  -0.69  119.3
80444.0  1.2  936.5  117.9  359.4  4.82  -0.09  -0.62  119.1
80445.0  1.5  936.8  117.9  359.4  4.97  0.09  -0.76  119.2
80446.0  1.2  936.7  117.9  359.4  4.94  0.28  -0.69  119.1
80447.0  1.2  936.7  117.9  359.3  5.04  0.10  -0.78  119.3
80448.0  1.0  936.6  117.9  359.2  4.75  -0.02  -0.76  118.9
80449.0  0.8  936.5  118.1  359.1  4.22  -0.07  -0.53  119.2
80450.0  0.8  936.7  118.3  359.0  3.70  0.33  -0.45  119.2
80451.0  0.7  936.7  118.5  359.1  3.23  0.73  -0.52  119.3
80452.0  0.8  936.7  118.9  359.2  2.98  0.87  -0.48  119.7
80453.0  1.0  936.5  119.2  359.3  2.89  0.64  -0.60  120.3
80454.0  0.8  936.3  119.6  359.3  2.18  0.80  -0.64  120.9
80455.0  0.6  936.6  120.1  359.3  1.44  0.61  -0.69  121.1
80456.0  0.8  936.6  120.7  359.3  1.33  1.04  -0.41  121.6
80457.0  0.8  936.7  121.2  359.5  1.27  0.46  -0.42  122.7
80458.0  1.3  936.6  121.8  359.6  1.82  -0.14  -0.59  123.4
80459.0  1.1  936.8  122.2  359.7  1.91  -0.25  -0.61  123.6
80460.0  1.0  936.7  122.6  359.7  1.85  -0.42  -0.60  124.0
80461.0  0.8  936.5  123.1  359.7  1.57  -0.70  -0.58  124.5
80462.0  0.7  936.4  123.5  359.7  1.58  -0.58  -0.52  125.1
80463.0  0.8  936.5  123.9  359.7  1.82  -0.52  -0.49  126.0
80464.0  0.8  936.6  124.3  359.8  1.62  -0.77  -0.55  126.4
80465.0  0.5  936.7  124.8  359.8  1.13  -0.48  -0.53  127.3
80466.0  0.4  936.5  125.3  359.8  0.67  0.38  -0.41  127.9
80467.0  0.6  936.8  125.8  359.9  0.62  0.72  -0.51  128.4
80468.0  0.8  936.8  126.3  0.1  0.70  1.34  -0.68  129.0
80469.0  0.6  936.9  126.9  0.2  0.74  0.45  -0.57  129.7
80470.0  0.9  936.6  127.4  0.3  1.00  0.49  -1.12  129.0
80471.0  0.6  936.4  127.8  0.0  0.75  0.74  -0.78  129.8
80472.0  0.6  936.4  128.3  359.9  0.63  0.76  -0.84  130.0
80473.0  0.5  936.4  128.9  359.7  0.53  0.51  -0.60  129.7
80474.0  0.5  936.7  129.3  359.7  0.39  -0.04  0.03  130.5
80475.0  0.7  936.7  129.9  0.1  0.39  -0.16  -0.36  131.5
80476.0  0.2  936.6  130.4  0.2  0.25  -0.49  -0.76  131.6
80477.0  0.8  936.8  130.9  0.1  0.52  -0.88  -0.33  132.4
80478.0  0.3  936.4  131.3  0.4  0.22  -1.53  -0.46  133.3
80479.0  0.6  936.7  131.8  0.3  0.36  -1.31  -0.81  133.6
80480.0  0.4  936.7  132.3  0.1  0.24  -1.58  -0.59  133.7
80481.0  0.3  936.7  132.8  360.0  0.24  -1.19  -0.63  134.3
80482.0  0.4  936.4  133.2  359.9  0.32  -1.01  -0.63  135.0
80483.0  0.4  936.7  133.6  359.7  0.36  -0.87  -0.51  135.1
80484.0  0.3  936.8  134.0  359.7  0.31  -1.27  -0.45  135.3
80485.0  0.3  936.5  134.4  359.8  0.37  -1.18  -0.48  135.6
80486.0  0.3  936.7  134.9  359.8  0.38  -1.88  -0.49  135.9
80487.0  0.4  936.5  135.2  359.7  0.42  -1.84  -0.44  136.2
80488.0  0.2  936.7  135.6  359.8  0.32  -1.54  -0.61  136.8
80489.0  0.3  936.3  136.0  359.6  0.41  -1.00  -0.71  137.2
80490.0  0.3  936.6  136.4  359.4  0.39  -1.40  -0.70  137.7
80491.0  0.3  936.6  136.7  359.3  0.31  -1.06  -0.57  137.9
80492.0  0.1  936.8  137.1  359.2  0.29  -0.71  -0.41  138.1
80493.0  0.3  936.7  137.5  359.2  0.39  -0.83  -0.24  138.5
80494.0  0.2  936.6  137.8  359.5  0.28  -0.36  -0.35  138.9
80495.0  0.2  936.6  138.2  359.6  0.33  -0.54  -0.71  138.9
80496.0  0.2  936.8  138.5  359.5  0.33  -0.47  -0.53  138.8
80497.0  0.2  936.5  138.8  359.5  0.32  -0.42  -0.64  139.3
80498.0  0.2  936.7  139.2  359.4  0.28  -0.15  -0.47  139.5
80499.0  0.2  936.8  139.5  359.4  0.28  0.05  -0.56  140.1
80500.0  0.2  936.4  139.9  359.5  0.19  -0.20  -0.19  140.4
80501.0  -0.0  936.6  140.2  359.7  0.06  -0.63  -0.55  140.8
80502.0  0.2  936.5  140.5  359.7  0.30  -0.58  -0.78  140.7
80503.0  0.1  936.7  140.9  359.5  0.12  -0.20  -0.51  141.3
80504.0  0.0  936.5  141.2  359.4  0.06  -0.28  -0.47  141.3
80505.0  0.1  936.7  141.5  359.5  0.13  0.04  -0.26  141.3
80506.0  -0.0  936.6  141.8  359.7  -0.02  -0.32  -0.42  142.0
80507.0  0.1  936.4  142.2  359.8  0.11  -0.64  -0.28  142.6
80508.0  0.1  936.8  142.5  360.0  0.08  -0.71  -0.60  142.9
80509.0  -0.1  936.7  142.8  359.8  -0.09  -0.13  -0.70  143.4
80510.0  -0.0  936.5  143.0  359.7  -0.04  -0.02  -0.72  143.2
80511.0  0.0  936.6  143.1  359.6  -0.04  -0.08  -0.50  143.3
80512.0  0.1  936.6  143.2  359.6  -0.04  0.00  -0.51  143.5
80513.0  -0.1  936.8  143.2  359.7  -0.10  0.06  -0.57  143.2
80514.0  0.1  936.6  143.4  359.7  -0.07  -0.16  -0.50  142.8
80515.0  0.1  936.9  143.4  359.8  -0.06  -0.10  -0.44  143.0
80516.0  -0.0  936.5  143.5  359.8  -0.06  -0.19  -0.38  142.9
80517.0  0.1  936.3  143.5  359.9  0.06  -0.13  -0.22  144.0
80518.0  0.0  936.8  143.5  0.2  0.04  0.10  -0.51  144.4
80519.0  0.1  936.4  143.5  0.2  0.10  -0.33  -0.64  144.2
80520.0  -0.0  936.7  143.5  0.1  0.11  -0.18  -0.47  144.2
80521.0  0.1  936.5  143.5  0.2  0.21  -0.47  -0.55  143.9
80522.0  -0.0  936.5  143.5  0.1  0.15  -0.45  -0.56  143.8
80523.0  0.1  936.5  143.5  0.1  0.22  -0.09  -0.36  143.7
80524.0  0.1  936.3  143.5  0.2  0.26  -0.32  -0.46  143.2
80525.0  0.1  936.3  143.4  0.2  0.31  -0.24  -0.70  143.1
80526.0  0.1  936.3  143.4  0.1  0.30  -0.14  -0.45  143.2
80527.0  0.1  936.6  143.4  0.1  0.26  0.09  -0.50  143.5
80528.0  0.0  936.5  143.4  0.1  0.17  0.16  -0.45  144.0
80529.0  0.1  936.5  143.4  0.1  0.20  -0.05  -0.45  143.9
80530.0  0.1  936.4  143.4  0.2  0.22  -0.36  -0.35  144.1
80531.0  0.1  936.4  143.4  0.2  0.18  -0.37  -0.52  144.1
80532.0  -0.0  936.3  143.4  0.2  0.07  -0.60  -0.35  144.2
80533.0  -0.1  936.7  143.5  0.3  0.08  -0.46  -0.69  144.5
80534.0  0.1  936.4  143.5  0.1  0.23  -0.40  -0.63  144.5
80535.0  -0.1  936.5  143.5  360.0  0.05  -0.22  -0.48  144.5
80536.0  -0.0  936.5  143.4  0.0  0.05  0.01  -0.39  144.5
80537.0  0.0  936.5  143.4  0.2  0.10  0.16  -0.56  144.4
80538.0  0.1  936.4  143.4  0.2  0.10  -0.07  -0.52  144.4
80539.0  0.0  936.4  143.3  0.2  0.03  -0.35  -0.56  144.1
80540.0  0.1  936.4  143.3  0.2  0.05  -0.24  -0.51  144.0
80541.0  0.0  936.3  143.3  0.2  0.02  -0.16  -0.44  144.0
80542.0  0.0  936.6  143.2  0.4  -0.03  -0.26  -0.49  144.4
80543.0  0.1  936.6  143.2  0.5  -0.05  -0.37  -0.29  143.9
80544.0  -0.0  936.6  143.2  0.6  -0.03  -0.60  -0.63  144.1
80545.0  0.1  936.5  143.2  0.6  0.06  -0.56  -0.43  143.8
80546.0  -0.0  936.6  143.2  0.6  -0.04  -0.57  -0.63  143.5
80547.0  0.0  936.4  143.2  0.5  0.04  -0.72  -0.63  143.3
80548.0  0.1  936.5  143.1  0.4  0.11  -0.30  -0.48  143.4
80549.0  0.0  936.1  143.1  0.4  0.06  -0.16  -0.50  143.3
80550.0  0.2  936.4  143.1  0.5  0.18  -0.18  -0.38  143.0
80551.0  -0.0  936.3  143.1  0.6  0.09  -0.29  -0.65  143.0
80552.0  0.2  936.3  143.0  0.5  0.20  -0.31  -0.42  143.0
80553.0  0.1  936.3  143.0  0.6  0.14  -0.41  -0.36  142.9
80554.0  0.1  936.5  143.0  0.7  0.17  -0.30  -0.59  142.9
80555.0  0.0  936.4  143.0  0.7  0.12  -0.35  -0.52  142.6
80556.0  0.2  936.4  142.9  0.7  0.26  -0.73  -0.40  142.8
80557.0  0.0  936.7  142.9  0.7  0.13  -0.63  -0.50  142.9
80558.0  0.1  936.6  142.9  0.7  0.17  -0.55  -0.49  142.9
80559.0  0.1  936.4  142.8  0.7  0.24  -0.56  -0.54  142.8
80560.0  0.1  936.4  142.8  0.7  0.32  -0.56  -0.32  142.9
80561.0  0.0  936.3  142.7  0.8  0.27  -0.45  -0.45  142.8
80562.0  0.3  936.7  142.7  0.8  0.33  -0.75  -0.19  142.9
80563.0  0.2  936.6  142.6  1.1  0.10  -1.07  -0.38  142.6
80564.0  -0.0  936.7  142.7  1.1  -0.08  -1.12  -0.64  142.2
80565.0  0.1  936.3  142.7  1.0  0.10  -1.05  -0.51  141.7
80566.0  0.2  936.5  142.6  1.0  0.20  -0.70  -0.56  141.9
80567.0  0.1  936.6  142.6  0.9  0.10  -1.06  -0.34  141.2
80568.0  0.2  936.6  142.7  1.0  0.02  -0.87  -0.62  141.2
80569.0  0.2  936.5  142.7  0.9  -0.07  -0.97  -0.34  140.8
80570.0  -0.0  936.6  142.7  1.0  -0.17  -1.01  -0.51  140.9
80571.0  0.2  936.0  142.8  0.9  0.01  -0.65  -0.59  140.5
80572.0  -0.0  936.4  142.8  0.9  -0.09  -0.89  -0.53  141.0
80573.0  0.2  936.4  142.9  0.8  0.13  -0.62  -0.58  140.8
80574.0  0.1  936.4  142.9  0.8  0.14  -0.39  -0.63  140.7
80575.0  0.2  936.6  142.9  0.6  0.21  -0.58  -0.47  140.8
80576.0  0.2  936.3  142.9  0.7  0.22  -0.38  -0.53  140.8
80577.0  0.2  936.3  142.9  0.7  0.21  -0.14  -0.47  141.0
80578.0  0.2  936.2  142.9  0.7  0.26  -0.45  -0.59  141.0
80579.0  0.2  936.5  142.9  0.5  0.30  -0.54  -0.34  141.1
80580.0  0.1  936.5  142.9  0.7  0.20  -0.22  -0.41  140.9
80581.0  0.2  936.5  142.9  0.7  0.32  -0.26  -0.39  140.7
80582.0  0.2  936.7  142.8  0.9  0.32  -0.70  -0.44  140.5
80583.0  0.2  936.6  142.8  0.9  0.31  -0.80  -0.52  140.7
80584.0  0.2  936.4  142.8  0.9  0.37  -0.76  -0.37  140.9
80585.0  0.1  936.4  142.8  1.0  0.31  -0.81  -0.56  140.8
80586.0  0.3  936.5  142.8  0.9  0.40  -0.78  -0.47  140.9
80587.0  0.2  936.4  142.7  1.0  0.27  -0.86  -0.47  140.8
80588.0  0.2  936.6  142.7  0.9  0.31  -0.94  -0.53  140.7
80589.0  0.1  936.4  142.7  0.9  0.36  -0.81  -0.41  140.7
80590.0  0.2  936.3  142.7  0.9  0.38  -0.76  -0.49  140.4
80591.0  0.1  936.5  142.7  0.9  0.26  -0.46  -0.50  140.2
80592.0  0.2  936.4  142.7  0.8  0.37  -0.77  -0.41  140.1
80593.0  0.2  936.4  142.7  0.9  0.27  -0.88  -0.48  140.1
80594.0  0.2  936.6  142.7  0.9  0.26  -0.74  -0.46  140.2
80595.0  0.3  936.3  142.7  0.9  0.28  -1.04  -0.49  140.2
80596.0  0.1  936.3  142.7  0.8  0.17  -0.91  -0.40  140.2
80597.0  0.2  936.4  142.7  0.8  0.20  -0.62  -0.42  140.6
80598.0  0.2  936.2  142.7  0.8  0.24  -0.51  -0.56  140.5
80599.0  0.2  936.2  142.7  0.8  0.22  -0.44  -0.28  140.1
80600.0  0.2  936.3  142.7  0.9  0.20  -0.61  -0.52  140.2
80601.0  0.2  936.4  142.7  0.8  0.15  -0.69  -0.49  140.2
80602.0  0.2  936.3  142.8  0.8  0.17  -0.89  -0.48  140.3
80603.0  0.2  936.5  142.8  0.7  0.07  -0.46  -0.57  140.3
80604.0  0.1  936.5  142.9  0.6  -0.01  -0.45  -0.52  140.6
80605.0  0.2  936.5  142.9  0.6  0.06  -0.39  -0.50  140.5
80606.0  0.2  936.3  142.9  0.6  0.01  -0.25  -0.47  140.7
80607.0  0.1  936.1  143.0  0.6  0.01  -0.23  -0.59  140.7
80608.0  0.1  936.2  143.0  0.4  0.01  -0.18  -0.46  140.6
80609.0  0.2  936.4  143.0  0.4  0.12  -0.08  -0.39  140.9
80610.0  0.2  936.3  143.0  0.5  0.07  0.01  -0.38  140.7
80611.0  0.2  936.3  143.1  0.6  0.04  -0.05  -0.29  140.6
80612.0  0.2  936.5  143.1  0.8  0.04  -0.43  -0.49  140.5
80613.0  0.2  936.3  143.2  0.8  0.07  -0.59  -0.47  140.5
80614.0  0.2  936.5  143.2  0.7  0.13  -0.59  -0.65  140.9
80615.0  0.2  936.4  143.2  0.5  0.08  -0.56  -0.48  140.7
80616.0  0.2  936.4  143.2  0.5  0.17  -0.47  -0.37  140.8
80617.0  0.1  936.4  143.3  0.6  0.09  -0.22  -0.48  140.7
80618.0  0.2  936.4  143.3  0.6  0.17  -0.25  -0.37  140.8
80619.0  0.2  936.5  143.3  0.6  0.17  -0.39  -0.30  140.8
80620.0  0.1  936.3  143.4  0.8  0.09  -0.44  -0.47  140.5
80621.0  0.2  936.3  143.4  0.7  0.15  -0.37  -0.68  140.9
80622.0  0.1  936.3  143.5  0.5  0.19  -0.20  -0.59  141.3
80623.0  0.2  936.5  143.5  0.4  0.31  -0.25  -0.22  141.3
80624.0  0.2  936.4  143.5  0.5  0.24  0.03  -0.33  141.6
80625.0  0.1  936.5  143.5  0.7  0.19  -0.17  -0.37  141.3
80626.0  0.2  936.5  143.6  0.8  0.20  -0.32  -0.37  141.0
80627.0  0.1  936.3  143.6  0.8  0.15  -0.64  -0.38  141.2
80628.0  0.1  936.2  143.7  0.8  0.15  -0.76  -0.31  141.6
80629.0  0.1  936.5  143.7  0.8  0.17  -0.81  -0.53  141.6
80630.0  0.1  936.4  143.7  0.6  0.21  -0.61  -0.49  141.6
80631.0  0.1  936.1  143.8  0.5  0.26  -0.30  -0.42  141.3
80632.0  0.1  936.2  143.8  0.5  0.23  -0.18  -0.46  141.2
80633.0  0.1  936.1  143.8  0.5  0.24  -0.24  -0.41  141.3
80634.0  0.1  936.2  143.9  0.4  0.28  -0.30  -0.25  141.6
80635.0  0.2  936.1  143.9  0.6  0.30  -0.56  -0.12  141.5
80636.0  0.1  936.4  143.9  0.8  0.20  -1.60  -0.28  141.5
80637.0  0.1  936.5  -9999.0  0.9  0.15  -2.09  -0.34  141.9
80638.0  0.1  936.5  144.0  0.8  0.18  -2.14  -0.57  142.0
80639.0  0.2  936.3  144.0  0.6  0.37  -2.06  -0.70  141.9
80640.0  0.2  936.4  144.0  -9999.0  -9999.00  -9999.00  -0.39  142.1
80641.0  0.1  936.4  144.0  0.1  0.18  -1.39  -0.29  142.3
80642.0  0.1  936.0  144.0  0.1  0.19  -1.06  -0.25  142.3
80643.0  0.2  936.2  144.0  0.2  0.18  -1.12  -0.28  142.0
80644.0  0.1  936.4  144.1  0.3  0.02  -1.29  -0.53  141.9
80645.0  0.1  936.5  144.1  0.1  0.02  -1.44  -0.50  142.1
80646.0  -0.0  936.3  144.2  360.0  0.10  -1.07  -0.46  141.6
80647.0  0.2  936.3  144.2  359.8  0.12  -0.98  -0.38  141.9
80648.0  0.1  936.5  144.3  359.8  -0.02  -0.68  -0.31  142.0
80649.0  0.1  936.5  144.3  359.9  0.01  -0.50  -0.39  142.2
80650.0  0.1  936.3  144.4  359.9  0.02  -0.58  -0.45  142.6
80651.0  0.1  936.5  144.4  359.8  0.10  -0.76  -0.47  142.6
80652.0  0.1  936.6  144.5  359.7  0.07  -0.51  -0.41  142.8
80653.0  0.1  936.1  144.5  359.7  0.06  -0.54  -0.35  142.9
80654.0  0.0  936.5  144.5  359.8  0.01  -0.48  -0.48  142.8
80655.0  0.1  936.5  144.6  359.7  0.04  -0.29  -0.51  142.7
80656.0  0.0  936.6  144.6  359.6  0.00  -0.42  -0.38  143.2
80657.0  0.0  936.1  144.6  359.7  0.02  -0.48  -0.34  143.4
80658.0  0.1  936.4  144.7  359.7  0.06  -0.26  -0.40  143.2
80659.0  0.1  936.6  144.7  359.7  0.01  -0.40  -0.46  143.4
80660.0  0.0  936.6  144.7  359.7  0.08  -0.41  -0.42  143.6
80661.0  0.0  936.2  144.8  359.6  0.07  -0.48  -0.32  143.6
80662.0  0.0  936.3  144.8  359.7  0.05  -0.34  -0.49  143.6
80663.0  0.1  936.6  144.8  359.5  0.01  -0.39  -0.34  143.4
80664.0  0.0  936.4  144.8  359.6  0.03  -0.42  -0.27  143.2
80665.0  0.0  936.4  144.9  359.8  0.03  -0.40  -0.34  143.1
80666.0  0.0  936.4  144.9  359.8  0.07  -0.69  -0.40  143.1
80667.0  0.1  936.1  144.9  359.8  0.16  -0.59  -0.45  143.3
80668.0  0.1  936.3  144.9  359.7  0.13  -0.66  -0.37  143.2
80669.0  0.1  936.4  144.9  359.7  0.07  -0.51  -0.31  143.2
80670.0  0.0  936.3  144.9  359.7  0.09  -0.60  -0.40  143.5
80671.0  0.1  936.1  144.9  359.7  0.17  -0.60  -0.39  143.4
80672.0  0.1  936.4  144.9  359.7  0.12  -0.61  -0.39  143.6
80673.0  -0.0  936.5  145.0  359.7  0.04  -0.44  -0.63  143.9
80674.0  0.1  936.3  145.0  359.5  0.11  -0.42  -0.21  143.8
80675.0  0.0  936.6  145.0  359.6  0.02  -0.26  -0.42  143.5
80676.0  0.0  936.5  145.0  359.6  0.01  -0.24  -0.38  143.6
80677.0  -0.0  936.4  145.0  359.6  0.01  -0.38  -0.32  143.6
80678.0  0.0  936.5  145.1  359.6  0.01  -0.19  -0.30  143.8
80679.0  0.0  935.9  145.1  359.7  0.02  -0.38  -0.40  144.1
80680.0  0.0  936.4  145.1  359.7  0.02  -0.48  -0.47  144.2
80681.0  0.0  936.3  145.1  359.6  -0.01  -0.35  -0.31  144.2
80682.0  0.0  935.9  145.1  359.7  0.00  -0.47  -0.15  144.4
80683.0  0.0  936.2  145.1  359.9  0.01  -0.51  -0.39  144.2
80684.0  0.0  936.3  145.1  359.9  -0.01  -0.68  -0.36  144.2
80685.0  -0.0  936.3  145.2  359.9  -0.10  -0.94  -0.40  144.4
80686.0  0.0  936.0  145.2  359.9  0.00  -0.84  -0.43  144.4
80687.0  0.0  936.4  145.2  359.8  -0.01  -0.78  -0.39  144.4
80688.0  -0.0  936.3  145.2  359.8  -0.01  -1.12  -0.28  144.9
80689.0  0.0  936.3  145.2  359.9  0.01  -1.98  -0.52  144.8
