flight/WP3D/AircraftMis_NP3_20130625_RA.ict
41  1001
Ken Aikin
NOAA ESRL Chemical Sciences Division
various aircraft sensors
SENEX 2013
1  1
2013  06  25  2013  06  25
1
AOCTimewave
8
1  1  1  1  1  1  1  1
-9999  -9999  -9999  -9999  -9999  -9999  -9999  -9999
Attack  deg
CabinPrs  mbar
GndSpd  m/s
Heading  deg
Pitch  deg
Roll  deg
Slip  deg
TrueAirSpd  m/s
1
SPECIAL COMMENTS:Haynesville flight. Default DewPtTemp was bad from 19:39:53-19:47:27. Also affected H2Omr  RelHumidity  PotTemp.
18
PI_CONTACT_INFO: Address: NOAA ESRL Chemical Sciences Division  Mail Stop R/CSD7  325 Broadway  Boulder  CO 80305
PLATFORM: NOAA WP-3D
LOCATION: The aircraft was stationed in  Smyrna  Tennessee. Aircraft location information in AircraftPosition file.
ASSOCIATED_DATA: N/A
INSTRUMENT_INFO: N/A
DATA_INFO: Units: Attack degrees; CabinPrs millibar; GndSpd m/s; Heading degrees; Pitch degrees; Roll degrees; Slip degrees; TrueAirSpd m/s
UNCERTAINTY: N/A
ULOD_FLAG: -7777
ULOD_VALUE: N/A
LLOD_FLAG: -8888
LLOD_VALUE: N/A
DM_CONTACT_INFO: Data Manager:Ken Aikin; email:Kenneth.C.Aikin@noaa.gov
PROJECT_INFO: SENEX 2013 Study; June 1 - July 15  2013
STIPULATIONS_ON_USE: Use of these data require prior ok from PI.
OTHER_COMMENTS:       None
REVISION: RA
RA: Preliminary Data.  For in-field use.
AOCTimewave  Attack  CabinPrs  GndSpd  Heading  Pitch  Roll  Slip  TrueAirSpd
[from data line 1845]
56943.0  1.4  956.7  156.4  242.9  1.36  -1.16  -0.85  157.7
56944.0  1.4  956.8  156.4  242.9  1.28  -1.00  -0.84  157.6
56945.0  1.4  956.9  156.4  242.8  1.30  -0.98  -0.83  157.7
56946.0  1.4  956.7  156.4  242.8  1.42  -1.03  -0.88  157.7
56947.0  1.4  956.8  156.4  242.8  1.33  -1.01  -0.83  157.9
56948.0  1.4  956.8  156.4  242.8  1.34  -0.91  -0.82  157.9
56949.0  1.4  956.6  156.4  242.8  1.34  -0.88  -0.81  158.1
56950.0  1.4  956.7  156.4  242.8  1.34  -0.95  -0.85  157.9
56951.0  1.4  956.7  156.4  242.8  1.35  -1.02  -0.84  157.9
56952.0  1.4  956.6  156.4  242.8  1.32  -0.98  -0.77  157.9
56953.0  1.4  956.4  156.4  242.9  1.34  -0.95  -0.89  157.9
56954.0  1.4  956.7  156.4  242.9  1.30  -0.95  -0.79  158.0
56955.0  1.5  956.4  156.4  242.9  1.42  -1.03  -0.92  157.9
56956.0  1.4  956.8  156.4  242.8  1.34  -0.98  -0.91  157.9
56957.0  1.3  956.7  156.4  242.8  1.27  -0.98  -0.82  157.9
56958.0  1.5  956.7  156.4  242.8  1.38  -1.00  -0.73  158.0
56959.0  1.4  956.6  156.4  242.9  1.32  -0.96  -0.82  158.1
56960.0  1.4  956.7  156.4  242.9  1.30  -0.95  -0.78  158.1
56961.0  1.4  956.6  156.4  242.9  1.31  -1.11  -0.80  158.2
56962.0  1.4  956.6  156.4  243.0  1.36  -1.16  -0.80  158.2
56963.0  1.4  956.7  156.4  243.0  1.32  -1.19  -0.81  158.3
56964.0  1.3  956.5  156.4  243.0  1.29  -1.25  -0.87  158.3
56965.0  1.3  956.8  156.4  243.0  1.31  -1.67  -0.86  158.3
56966.0  1.4  956.7  156.4  242.9  1.44  -2.60  -0.87  158.2
56967.0  1.3  956.7  156.3  242.8  1.29  -2.70  -0.88  158.2
56968.0  1.3  956.5  156.3  242.6  1.27  -2.39  -0.80  158.2
56969.0  1.5  956.6  156.3  242.5  1.41  -2.12  -0.82  158.2
56970.0  1.4  956.6  156.3  242.5  1.33  -1.96  -0.79  158.2
56971.0  1.3  956.4  156.3  242.4  1.28  -1.94  -0.78  158.2
56972.0  1.4  956.4  156.3  242.4  1.31  -1.98  -0.80  158.2
56973.0  1.4  956.6  156.3  242.4  1.28  -1.87  -0.89  158.1
56974.0  1.4  956.4  156.3  242.3  1.32  -1.73  -0.79  158.1
56975.0  1.3  956.3  156.3  242.3  1.20  -1.67  -0.88  158.1
56976.0  1.4  956.3  156.3  242.2  1.34  -1.60  -0.82  158.2
56977.0  1.4  956.6  156.3  242.2  1.32  -1.51  -0.78  158.1
56978.0  1.4  956.8  156.3  242.2  1.33  -1.34  -0.83  158.0
56979.0  1.4  956.4  156.3  242.2  1.31  -1.25  -0.86  157.9
56980.0  1.4  956.5  156.3  242.1  1.34  -1.38  -0.80  158.0
56981.0  1.3  956.8  156.3  242.1  1.28  -1.44  -0.78  157.9
56982.0  1.4  956.5  156.3  242.1  1.26  -1.28  -0.80  157.9
56983.0  1.4  956.4  156.3  242.1  1.33  -1.15  -0.83  157.9
56984.0  1.4  956.6  156.3  242.1  1.38  -1.08  -0.82  157.9
56985.0  1.4  956.6  156.3  242.1  1.39  -1.21  -0.88  158.0
56986.0  1.3  956.6  156.3  242.1  1.28  -1.31  -0.87  158.0
56987.0  1.4  956.2  156.3  242.0  1.28  -1.33  -0.83  157.8
56988.0  1.5  956.8  156.3  242.0  1.40  -1.16  -0.92  157.7
56989.0  1.4  956.3  156.3  241.9  1.31  -0.95  -0.88  157.7
56990.0  1.4  956.3  156.3  241.9  1.33  -1.02  -0.89  157.7
56991.0  1.5  956.6  156.3  241.8  1.46  -1.03  -0.79  157.6
56992.0  1.4  956.5  156.3  241.8  1.35  -0.92  -0.84  157.7
56993.0  1.4  956.4  156.3  241.8  1.34  -0.82  -0.78  157.8
56994.0  1.4  956.8  156.3  241.8  1.42  -0.84  -0.79  157.7
56995.0  1.4  956.5  156.3  241.9  1.38  -0.91  -0.87  157.7
56996.0  1.4  956.4  156.3  241.8  1.35  -0.95  -0.90  157.8
56997.0  1.4  956.5  156.3  241.7  1.39  -0.93  -0.83  157.9
56998.0  1.3  956.9  156.3  241.7  1.33  -0.83  -0.73  157.7
56999.0  1.4  956.6  156.3  241.8  1.43  -0.81  -0.69  157.7
57000.0  1.3  956.7  156.3  241.8  1.39  -0.81  -0.82  157.4
57001.0  1.4  956.7  156.3  241.8  1.41  -0.80  -0.75  157.5
57002.0  1.4  956.7  156.2  241.9  1.46  -0.98  -0.79  157.9
57003.0  1.4  956.6  156.2  241.9  1.44  -0.98  -0.88  157.7
57004.0  1.4  956.7  156.2  241.9  1.43  -0.83  -0.83  157.7
57005.0  1.4  956.4  156.2  241.9  1.36  -0.08  -0.79  157.3
57006.0  1.4  956.6  156.2  241.9  1.33  0.65  -0.79  157.2
57007.0  1.5  956.9  156.2  242.0  1.43  0.60  -0.90  157.2
57008.0  1.4  956.5  156.2  242.1  1.42  0.29  -0.93  157.0
57009.0  1.3  956.9  156.2  242.1  1.36  0.11  -0.75  157.3
57010.0  1.4  956.7  156.2  242.2  1.46  0.05  -0.80  157.2
57011.0  1.4  956.6  156.2  242.3  1.52  0.11  -0.75  157.5
57012.0  1.5  956.5  156.2  242.4  1.49  -0.06  -0.87  157.3
57013.0  1.4  956.6  156.1  242.4  1.41  -0.28  -0.89  157.5
57014.0  1.4  956.5  156.1  242.4  1.33  -0.33  -0.87  157.2
57015.0  1.5  956.9  156.1  242.4  1.42  -0.20  -0.83  157.0
57016.0  1.5  956.5  156.1  242.5  1.44  -0.24  -0.85  157.0
57017.0  1.3  956.7  156.1  242.5  1.35  -0.40  -0.75  157.3
57018.0  1.4  956.3  156.1  242.6  1.35  -0.48  -0.81  157.2
57019.0  1.3  957.0  156.1  242.6  1.32  -0.43  -0.80  157.3
57020.0  1.5  956.5  156.1  242.6  1.47  -0.48  -0.83  157.5
57021.0  1.4  956.4  156.1  242.7  1.33  -0.61  -0.85  157.4
57022.0  1.4  956.6  156.1  242.7  1.34  -0.73  -0.76  157.9
57023.0  1.4  957.0  156.1  242.7  1.37  -0.80  -0.73  157.7
57024.0  1.4  956.5  156.1  242.8  1.38  -0.66  -0.80  157.7
57025.0  1.4  956.6  156.1  242.8  1.39  -0.68  -0.82  157.9
57026.0  1.3  956.5  156.1  242.9  1.35  -0.89  -0.75  157.8
57027.0  1.5  957.0  156.1  242.9  1.40  -0.97  -0.92  157.4
57028.0  1.4  956.3  156.1  242.9  1.41  -0.85  -0.90  157.0
57029.0  1.4  956.7  156.1  242.8  1.45  -0.89  -0.73  157.1
57030.0  1.4  956.6  156.1  242.9  1.48  -0.67  -0.78  157.0
57031.0  1.4  956.3  156.1  242.9  1.34  -0.79  -0.80  157.3
57032.0  1.4  956.3  156.1  243.0  1.38  -1.01  -0.88  157.2
57033.0  1.5  957.0  156.1  242.9  1.49  -1.02  -0.93  157.2
57034.0  1.4  956.6  156.1  242.8  1.41  -0.91  -0.86  157.1
57035.0  1.4  956.6  156.1  242.8  1.43  -0.84  -0.78  157.6
57036.0  1.3  956.4  156.1  242.8  1.45  -0.89  -0.74  157.8
57037.0  1.3  956.5  156.1  242.9  1.40  -1.02  -0.67  157.8
57038.0  1.5  956.8  156.0  243.0  1.49  -0.81  -0.90  157.4
57039.0  1.4  956.5  156.0  243.0  1.34  -0.86  -0.96  157.4
57040.0  1.4  956.9  156.0  242.9  1.37  -1.09  -0.75  157.2
57041.0  1.4  956.6  156.0  243.0  1.45  -1.04  -0.91  157.5
57042.0  1.4  956.4  156.0  242.9  1.44  -0.84  -0.85  157.7
57043.0  1.3  956.4  156.0  242.9  1.30  -0.99  -0.86  158.1
57044.0  1.5  956.5  156.0  242.9  1.47  -1.00  -0.85  158.0
57045.0  1.3  956.9  156.0  242.9  1.44  -0.99  -0.85  158.1
57046.0  1.3  956.7  156.0  242.9  1.42  -0.88  -0.79  158.1
57047.0  1.4  956.9  155.9  242.9  1.43  -0.75  -0.71  158.2
57048.0  1.4  956.5  155.9  243.0  1.33  -0.71  -0.89  157.6
57049.0  1.5  956.9  155.9  243.0  1.42  -0.90  -0.95  157.2
57050.0  1.4  956.6  155.9  242.9  1.34  -1.12  -0.90  157.3
57051.0  1.3  956.6  155.9  242.8  1.29  -1.28  -0.61  157.4
57052.0  1.5  956.7  155.9  242.9  1.47  -1.00  -0.67  157.5
57053.0  1.5  956.6  155.9  243.0  1.49  -0.81  -0.93  157.2
57054.0  1.3  956.4  155.9  243.0  1.31  -1.90  -0.96  157.0
57055.0  1.5  956.8  155.9  242.8  1.42  -2.70  -0.90  157.0
57056.0  1.4  956.4  155.9  242.6  1.40  -2.45  -0.82  157.1
57057.0  1.5  956.4  155.9  242.5  1.49  -1.88  -0.75  157.2
57058.0  1.4  956.9  155.9  242.4  1.37  -1.59  -0.75  157.2
57059.0  1.4  956.4  155.9  242.4  1.40  -1.64  -0.89  157.2
57060.0  1.4  956.4  155.9  242.4  1.37  -1.65  -0.77  157.4
57061.0  1.5  956.8  155.9  242.4  1.43  -1.61  -0.80  157.2
57062.0  1.4  956.4  155.9  242.4  1.37  -1.54  -0.84  157.2
57063.0  1.4  956.6  155.9  242.3  1.40  -1.44  -0.79  157.6
57064.0  1.5  956.6  155.9  242.3  1.44  -1.53  -0.80  157.4
57065.0  1.4  956.8  155.9  242.3  1.32  -1.54  -0.73  157.9
57066.0  1.4  956.7  155.9  242.4  1.36  -1.32  -0.86  157.9
57067.0  1.4  956.7  155.9  242.4  1.35  -1.38  -0.86  158.2
57068.0  1.4  956.7  155.9  242.3  1.38  -1.61  -0.80  158.1
57069.0  1.3  956.6  155.9  242.3  1.26  -1.67  -0.85  158.4
57070.0  1.3  957.0  155.9  242.2  1.26  -1.47  -0.74  158.6
57071.0  1.4  956.7  155.9  242.2  1.36  -1.26  -0.83  158.6
57072.0  1.3  956.9  155.9  242.2  1.25  -1.20  -0.80  158.6
57073.0  1.3  957.1  155.9  242.2  1.31  -1.25  -0.80  158.6
57074.0  1.4  956.8  155.9  242.2  1.32  -1.26  -0.88  158.7
57075.0  1.2  956.8  155.9  242.1  1.23  -1.24  -0.70  159.0
57076.0  1.2  956.7  155.9  242.1  1.18  -1.43  -0.83  158.9
57077.0  1.5  956.7  155.9  242.1  1.37  -2.25  -0.83  158.2
57078.0  1.3  956.6  155.9  242.0  1.27  -2.87  -0.77  158.7
57079.0  1.3  956.4  155.9  241.9  1.25  -2.47  -0.84  158.7
57080.0  1.3  956.4  155.9  241.7  1.25  -2.18  -0.78  158.6
57081.0  1.4  956.4  155.9  241.6  1.35  -2.18  -0.80  158.6
57082.0  1.4  956.7  155.8  241.6  1.32  -1.81  -0.83  158.4
57083.0  1.3  956.5  155.8  241.5  1.21  -1.80  -0.81  158.3
57084.0  1.3  956.5  155.9  241.5  1.20  -1.88  -0.83  158.3
57085.0  1.5  956.6  155.9  241.4  1.39  -1.72  -0.76  158.4
57086.0  1.4  957.0  155.8  241.4  1.28  -1.51  -0.83  158.4
57087.0  1.3  956.8  155.8  241.4  1.24  -1.46  -0.85  158.4
57088.0  1.3  956.6  155.9  241.3  1.20  -1.53  -0.84  158.4
57089.0  1.4  956.4  155.9  241.3  1.29  -1.57  -0.82  158.3
57090.0  1.4  956.9  155.9  241.2  1.38  -1.45  -0.80  158.4
57091.0  1.3  956.8  155.8  241.2  1.27  -1.24  -0.82  158.5
57092.0  1.4  956.4  155.8  241.2  1.37  -1.25  -0.84  158.3
57093.0  1.3  956.4  155.8  241.2  1.28  -1.34  -0.81  158.3
57094.0  1.4  956.5  155.8  241.1  1.32  -1.41  -0.83  158.3
57095.0  1.4  956.6  155.8  241.1  1.40  -1.29  -0.82  158.2
57096.0  1.4  956.5  155.8  241.1  1.32  -1.08  -0.78  158.3
57097.0  1.2  956.6  155.8  241.1  1.18  -1.07  -0.82  158.7
57098.0  1.4  956.5  155.8  241.1  1.30  -1.25  -0.81  158.5
57099.0  1.3  956.8  155.8  241.1  1.26  -1.23  -0.80  158.1
57100.0  1.3  956.5  155.8  241.1  1.23  -1.03  -0.77  158.4
57101.0  1.4  956.4  155.8  241.1  1.33  -0.86  -0.83  158.2
57102.0  1.4  956.9  155.8  241.1  1.26  -0.93  -0.90  158.1
57103.0  1.3  956.5  155.8  241.1  1.23  -1.16  -0.82  157.8
57104.0  1.3  956.7  155.9  241.0  1.26  -1.18  -0.78  158.2
57105.0  1.4  956.8  155.9  241.0  1.37  -0.99  -0.79  158.0
57106.0  1.3  956.7  155.8  241.0  1.22  -0.87  -0.90  158.0
57107.0  1.4  956.6  155.9  241.0  1.30  -0.91  -0.79  158.2
57108.0  1.4  956.6  155.9  241.0  1.34  -1.05  -0.80  158.0
57109.0  1.3  956.7  155.9  241.0  1.26  -0.81  -0.80  158.1
57110.0  1.5  956.4  155.9  241.0  1.36  0.32  -0.80  157.7
57111.0  1.4  957.0  155.9  241.2  1.31  0.74  -0.78  157.8
57112.0  1.3  956.7  155.9  241.3  1.27  0.48  -0.94  158.0
57113.0  1.4  956.5  155.9  241.4  1.39  0.17  -0.84  157.9
57114.0  1.5  956.5  155.8  241.4  1.47  0.00  -0.88  157.6
57115.0  1.2  956.7  155.8  241.4  1.29  -0.02  -0.93  157.9
57116.0  1.3  956.6  155.8  241.4  1.28  -0.06  -0.81  157.9
57117.0  1.4  956.3  155.8  241.5  1.39  0.62  -0.69  157.8
57118.0  1.4  956.6  155.8  241.7  1.36  1.47  -0.71  157.9
57119.0  1.4  956.5  155.8  241.9  1.27  1.35  -0.87  157.5
57120.0  1.4  956.4  155.8  242.1  1.32  0.76  -0.92  157.6
57121.0  1.4  956.6  155.8  242.1  1.41  0.28  -0.95  157.6
57122.0  1.4  956.3  155.8  242.1  1.34  0.15  -0.84  157.2
57123.0  1.4  956.8  155.8  242.1  1.27  0.13  -0.72  156.8
57124.0  1.5  956.5  155.8  242.3  1.41  0.25  -0.90  157.2
57125.0  1.3  956.5  155.8  242.3  1.35  0.90  -0.76  157.7
57126.0  1.4  956.7  155.8  242.4  1.28  1.58  -0.76  157.1
57127.0  1.4  956.5  155.8  242.6  1.33  1.60  -0.85  157.2
57128.0  1.4  956.7  155.9  242.8  1.32  1.22  -0.85  156.9
57129.0  1.4  956.4  155.9  242.9  1.32  0.75  -0.89  157.4
57130.0  1.4  956.4  155.9  243.0  1.36  0.46  -0.89  157.3
57131.0  1.4  956.3  155.9  243.0  1.27  0.44  -0.78  157.6
57132.0  1.4  956.8  155.9  243.1  1.35  0.66  -0.82  157.2
57133.0  1.4  956.3  155.9  243.2  1.29  0.53  -0.77  157.1
57134.0  1.4  956.7  155.9  243.3  1.27  0.23  -0.87  157.2
57135.0  1.3  956.8  155.9  243.3  1.31  0.02  -0.81  157.5
57136.0  1.5  956.6  155.9  243.4  1.39  -0.21  -0.77  157.5
57137.0  1.4  956.4  155.9  243.5  1.32  -0.05  -0.83  157.1
57138.0  1.4  956.8  155.9  243.5  1.30  -0.02  -0.83  157.5
57139.0  1.4  956.9  155.9  243.5  1.29  -0.22  -0.87  157.5
57140.0  1.3  956.8  156.0  243.5  1.23  -0.22  -0.69  157.4
57141.0  1.3  956.7  156.0  243.6  1.28  -0.26  -0.80  158.0
57142.0  1.4  956.5  156.0  243.7  1.33  -0.23  -0.97  157.6
57143.0  1.4  956.9  156.0  243.6  1.31  -0.24  -0.75  157.5
57144.0  1.4  956.6  156.0  243.7  1.31  -0.41  -0.89  157.7
57145.0  1.4  956.5  156.0  243.7  1.35  -0.55  -0.76  157.6
57146.0  1.4  956.6  156.0  243.7  1.32  -0.60  -0.75  157.5
57147.0  1.5  956.7  156.0  243.8  1.45  -0.42  -0.84  157.6
57148.0  1.3  956.7  156.0  243.8  1.29  -0.56  -0.88  157.6
57149.0  1.4  956.6  156.0  243.8  1.29  -0.75  -0.80  158.0
57150.0  1.4  956.3  156.0  243.8  1.44  -0.85  -0.79  158.0
57151.0  1.3  956.7  156.0  243.9  1.28  -0.76  -0.82  157.9
57152.0  1.4  956.3  156.0  243.9  1.34  -0.61  -0.84  157.6
57153.0  1.4  956.5  156.0  243.9  1.29  -0.67  -0.83  157.9
57154.0  1.3  956.5  156.0  243.9  1.30  -0.75  -0.84  158.0
57155.0  1.4  956.6  156.0  243.8  1.34  -0.72  -0.82  157.5
57156.0  1.5  956.7  156.0  243.9  1.46  -0.66  -0.73  157.5
57157.0  1.3  956.6  156.0  243.9  1.27  -0.65  -0.87  157.9
57158.0  1.3  956.7  156.0  243.9  1.26  -0.65  -0.85  158.0
57159.0  1.4  956.5  156.0  243.9  1.31  -0.79  -0.81  157.7
57160.0  1.4  956.7  156.0  243.9  1.40  -0.62  -0.69  157.9
57161.0  1.4  956.6  156.0  244.0  1.31  -0.59  -0.76  158.1
57162.0  1.4  956.4  156.0  244.1  1.29  -0.76  -0.96  157.6
57163.0  1.4  956.6  156.0  244.0  1.32  -0.84  -0.81  157.7
57164.0  1.3  956.7  156.0  244.0  1.27  -0.90  -0.80  158.4
57165.0  1.4  956.8  156.0  244.0  1.36  -0.94  -0.74  157.9
57166.0  1.4  956.7  156.0  244.0  1.33  -0.87  -0.81  158.1
57167.0  1.3  956.6  156.0  244.0  1.26  -0.74  -0.81  158.1
57168.0  1.4  956.6  156.0  244.0  1.42  -0.90  -0.83  158.2
57169.0  1.3  956.8  156.0  244.0  1.34  -1.86  -0.88  158.0
57170.0  1.3  956.6  156.0  244.0  1.33  -2.49  -0.83  158.1
57171.0  1.3  956.5  156.0  243.8  1.29  -2.39  -0.81  158.3
57172.0  1.4  956.3  156.0  243.7  1.42  -2.35  -0.81  157.9
57173.0  1.3  956.3  155.9  243.6  1.35  -3.14  -0.86  158.2
57174.0  1.3  956.6  155.9  243.4  1.23  -3.44  -0.80  158.3
57175.0  1.4  956.6  155.9  243.3  1.41  -3.12  -0.73  158.3
57176.0  1.2  956.5  155.9  243.2  1.19  -2.62  -0.81  158.3
57177.0  1.4  956.4  155.9  243.0  1.37  -2.39  -0.79  158.2
57178.0  1.4  956.5  155.9  243.0  1.36  -2.44  -0.85  158.0
57179.0  1.3  956.5  155.9  242.9  1.24  -2.24  -0.80  157.9
57180.0  1.4  956.4  155.9  242.8  1.38  -1.97  -0.81  157.8
57181.0  1.4  956.5  155.9  242.7  1.35  -2.10  -0.81  158.0
57182.0  1.3  956.9  155.9  242.7  1.27  -3.11  -0.89  158.1
57183.0  1.3  956.5  155.9  242.5  1.28  -3.45  -0.85  158.4
57184.0  1.4  956.4  155.9  242.3  1.36  -3.21  -0.84  158.3
57185.0  1.3  956.6  155.9  242.1  1.31  -2.70  -0.78  158.5
57186.0  1.4  956.8  155.9  242.0  1.44  -2.42  -0.70  158.3
57187.0  1.4  956.9  155.9  242.0  1.38  -2.32  -0.83  158.1
57188.0  1.4  956.3  155.9  241.9  1.40  -2.27  -0.89  158.1
57189.0  1.3  956.4  155.9  241.8  1.31  -2.20  -0.84  158.3
57190.0  1.3  956.6  155.9  241.7  1.31  -2.11  -0.79  158.3
57191.0  1.4  956.7  155.9  241.7  1.39  -1.86  -0.76  158.2
57192.0  1.3  956.6  155.8  241.7  1.37  -1.63  -0.80  158.1
57193.0  1.3  956.6  155.8  241.6  1.36  -1.67  -0.87  158.1
57194.0  1.3  956.7  155.8  241.6  1.29  -1.74  -0.87  158.1
57195.0  1.4  956.5  155.8  241.5  1.38  -1.68  -0.83  157.8
57196.0  1.4  956.5  155.8  241.4  1.37  -1.54  -0.81  158.0
57197.0  1.3  957.1  155.8  241.4  1.33  -1.36  -0.80  158.1
57198.0  1.4  956.7  155.8  241.4  1.38  -1.25  -0.87  158.2
57199.0  1.4  956.7  155.8  241.4  1.33  -1.34  -0.87  158.4
57200.0  1.4  956.6  155.8  241.3  1.35  -1.27  -0.81  158.6
57201.0  1.4  956.8  155.8  241.3  1.40  -1.15  -0.80  158.6
57202.0  1.3  957.0  155.8  241.3  1.29  -1.18  -0.86  158.6
57203.0  1.3  956.7  155.7  241.3  1.29  -1.26  -0.82  158.4
57204.0  1.3  956.5  155.7  241.3  1.27  -1.26  -0.79  158.5
