flight/WP3D/AircraftPos_NP3_20130710_RA.ict
38  1001
Ken Aikin
NOAA ESRL Chemical Sciences Division
various aircraft sensors
SENEX 2013
1  1
2013  07  10  2013  07  12
1
AOCTimewave
5
1  1  1  1  1 
-9999  -9999  -9999  -9999  -9999
GpsLat  deg
GpsLon  deg
GpsAlt  m
PAlt  m
RAlt  m
1
SPECIAL COMMENTS:NC hog farms  and transit to Tampa.
18
PI_CONTACT_INFO: Address: NOAA ESRL Chemical Sciences Division  Mail Stop R/CSD7  325 Broadway  Boulder  CO 80305
PLATFORM: NOAA WP-3D
LOCATION: The aircraft was stationed in Smyrna  Tennessee. Aircraft location information in AircraftPosition file.
ASSOCIATED_DATA: N/A
INSTRUMENT_INFO: N/A
DATA_INFO: Units:GpsLat:decimal degrees; GpsLon: decimal degrees; GpsAlt: meters; PAlt:meters; RAlt: meters.
UNCERTAINTY: N/A
ULOD_FLAG: -7777
ULOD_VALUE: N/A
LLOD_FLAG: -8888
LLOD_VALUE: N/A
DM_CONTACT_INFO: Data Manager:Ken Aikin; email:Kenneth.C.Aikin@noaa.gov
PROJECT_INFO: SENEX 2013 Study; June 1 - July 15  2013
STIPULATIONS_ON_USE: Use of these data require prior ok from PI.
OTHER_COMMENTS:       None
REVISION: RA
RA: Preliminary Data.  For in-field use.
AOCTimewave  GpsLat  GpsLon  GpsAlt  PAlt  RAlt
[from data line 18910]
68945.0  30.6649   -81.6674   5830.2   5483.4   5880.0
68946.0  30.6635   -81.6679   5830.2   5482.9   5886.8
68947.0  30.6620   -81.6683   5830.2   5482.8   5888.8
68948.0  30.6606   -81.6687   5830.2   5484.0   5896.3
68949.0  30.6592   -81.6691   5830.2   5484.0   5898.6
68950.0  30.6577   -81.6695   5830.2   5483.6   5905.9
68951.0  30.6563   -81.6699   5830.2   5483.7   5924.6
68952.0  30.6549   -81.6703   5830.2   5484.1   5932.2
68953.0  30.6534   -81.6707   5830.2   5482.8   5940.1
68954.0  30.6520   -81.6711   5829.1   5481.5   5953.4
68955.0  30.6505   -81.6715   5829.0   5483.0   5955.7
68956.0  30.6491   -81.6719   5829.0   5482.9   5943.3
68957.0  30.6477   -81.6723   5829.0   5482.8   5949.8
68958.0  30.6462   -81.6728   5829.0   5482.1   5947.2
68959.0  30.6448   -81.6732   5829.0   5482.7   5922.1
68960.0  30.6433   -81.6736   5829.0   5483.9   5916.8
68961.0  30.6419   -81.6740   5829.0   5483.5   5928.5
68962.0  30.6405   -81.6744   5829.0   5483.5   5934.1
68963.0  30.6390   -81.6748   5829.0   5484.6   5929.0
68964.0  30.6376   -81.6752   5829.0   5482.8   5939.6
68965.0  30.6362   -81.6756   5829.0   5481.6   5933.5
68966.0  30.6347   -81.6760   5829.0   5482.3   5940.6
68967.0  30.6333   -81.6764   5829.0   5482.0   5942.2
68968.0  30.6318   -81.6768   5829.1   5483.8   5934.6
68969.0  30.6304   -81.6772   5831.4   5484.5   5944.5
68970.0  30.6290   -81.6777   5831.4   5482.5   5944.1
68971.0  30.6275   -81.6781   5831.4   5482.9   5928.5
68972.0  30.6261   -81.6785   5831.4   5481.2   5899.6
68973.0  30.6246   -81.6789   5831.4   5481.8   5886.3
68974.0  30.6232   -81.6793   5831.4   5481.7   5891.0
68975.0  30.6218   -81.6797   5831.4   5482.5   5903.5
68976.0  30.6203   -81.6801   5831.4   5482.7   5928.6
68977.0  30.6189   -81.6805   5831.4   5482.4   5929.6
68978.0  30.6175   -81.6809   5831.4   5481.1   5934.4
68979.0  30.6160   -81.6813   5831.4   5482.1   5951.2
68980.0  30.6146   -81.6817   5831.4   5482.4   5943.1
68981.0  30.6131   -81.6821   5831.4   5481.8   5921.3
68982.0  30.6117   -81.6825   5831.4   5481.4   5924.5
68983.0  30.6103   -81.6829   5831.4   5480.9   5916.8
68984.0  30.6088   -81.6833   5831.4   5480.6   5907.9
68985.0  30.6074   -81.6837   5831.4   5480.1   5920.7
68986.0  30.6060   -81.6841   5832.2   5480.1   5939.7
68987.0  30.6045   -81.6845   5832.7   5480.9   5930.0
68988.0  30.6031   -81.6849   5832.7   5481.8   5889.3
68989.0  30.6017   -81.6853   5832.7   5480.3   5904.3
68990.0  30.6002   -81.6857   5832.7   5481.1   5929.3
68991.0  30.5988   -81.6861   5832.7   5481.2   5936.7
68992.0  30.5974   -81.6866   5832.7   5481.2   5939.1
68993.0  30.5959   -81.6870   5832.7   5481.9   5963.9
68994.0  30.5945   -81.6874   5832.7   5482.9   5962.1
68995.0  30.5931   -81.6878   5832.7   5483.3   5942.7
68996.0  30.5916   -81.6882   5832.7   5483.0   5951.7
68997.0  30.5902   -81.6886   5832.7   5483.4   5940.9
68998.0  30.5888   -81.6890   5832.7   5481.9   5888.7
68999.0  30.5873   -81.6894   5832.7   5481.2   5856.2
69000.0  30.5859   -81.6898   5832.7   5481.9   5858.0
69001.0  30.5845   -81.6902   5832.7   5482.6   5884.8
69002.0  30.5830   -81.6906   5832.7   5481.6   5916.4
69003.0  30.5816   -81.6910   5832.7   5482.7   5903.5
69004.0  30.5802   -81.6914   5832.7   5483.4   5890.8
69005.0  30.5787   -81.6918   5832.7   5483.0   5876.2
69006.0  30.5773   -81.6922   5832.7   5484.3   5880.3
69007.0  30.5759   -81.6926   5832.7   5483.5   5891.3
69008.0  30.5745   -81.6931   5832.7   5483.1   5921.7
69009.0  30.5730   -81.6935   5832.7   5483.0   5921.9
69010.0  30.5716   -81.6939   5832.7   5483.0   5900.6
69011.0  30.5702   -81.6943   5832.7   5483.1   5906.1
69012.0  30.5687   -81.6947   5832.7   5483.4   5905.4
69013.0  30.5673   -81.6951   5832.7   5482.7   5885.1
69014.0  30.5659   -81.6955   5832.7   5483.4   5859.6
69015.0  30.5644   -81.6959   5832.7   5483.1   5855.3
69016.0  30.5630   -81.6963   5832.7   5482.1   5852.3
69017.0  30.5616   -81.6967   5832.7   5482.5   5879.0
69018.0  30.5602   -81.6971   5832.7   5483.2   5895.4
69019.0  30.5587   -81.6975   5832.7   5481.9   5903.9
69020.0  30.5573   -81.6979   5832.7   5481.8   5924.7
69021.0  30.5559   -81.6983   5832.7   5482.3   5926.1
69022.0  30.5544   -81.6987   5832.7   5482.3   5926.9
69023.0  30.5530   -81.6991   5832.7   5481.9   5922.2
69024.0  30.5516   -81.6995   5832.7   5482.4   5902.8
69025.0  30.5501   -81.7000   5832.7   5482.3   5906.0
69026.0  30.5487   -81.7004   5832.7   5481.4   5909.1
69027.0  30.5473   -81.7008   5832.7   5481.9   5893.4
69028.0  30.5459   -81.7012   5832.6   5482.3   5891.1
69029.0  30.5444   -81.7016   5831.4   5482.3   5895.6
69030.0  30.5430   -81.7020   5831.4   5483.2   5899.2
69031.0  30.5416   -81.7024   5831.4   5483.2   5913.2
69032.0  30.5402   -81.7028   5831.4   5482.2   5931.8
69033.0  30.5387   -81.7032   5831.4   5481.9   5935.2
69034.0  30.5373   -81.7036   5831.4   5481.2   5933.1
69035.0  30.5359   -81.7040   5831.4   5482.0   5933.0
69036.0  30.5344   -81.7044   5831.4   5481.8   5948.7
69037.0  30.5330   -81.7049   5831.4   5480.7   5942.0
69038.0  30.5316   -81.7053   5831.4   5479.8   5923.7
69039.0  30.5302   -81.7057   5832.4   5480.9   5910.7
69040.0  30.5287   -81.7061   5832.7   5481.8   5902.6
69041.0  30.5273   -81.7065   5832.7   5480.9   5897.4
69042.0  30.5259   -81.7069   5832.7   5481.6   5907.3
69043.0  30.5245   -81.7073   5833.5   5481.5   5897.4
69044.0  30.5230   -81.7077   5833.9   5481.6   5882.8
69045.0  30.5216   -81.7081   5833.9   5482.4   5889.5
69046.0  30.5202   -81.7085   5833.9   5482.4   5887.6
69047.0  30.5188   -81.7090   5833.9   5481.6   5906.7
69048.0  30.5173   -81.7094   5833.9   5483.7   5899.1
69049.0  30.5159   -81.7098   5833.9   5485.2   5899.3
69050.0  30.5145   -81.7102   5833.9   5484.1   5893.6
69051.0  30.5131   -81.7106   5833.9   5483.6   5903.6
69052.0  30.5117   -81.7111   5833.9   5483.1   5927.0
69053.0  30.5102   -81.7115   5833.9   5483.0   5914.4
69054.0  30.5088   -81.7119   5833.9   5482.5   5921.3
69055.0  30.5074   -81.7123   5833.9   5483.8   5918.4
69056.0  30.5060   -81.7128   5833.9   5483.6   5936.7
69057.0  30.5046   -81.7132   5832.7   5482.1   5944.1
69058.0  30.5032   -81.7136   5832.7   5483.2   5959.2
69059.0  30.5017   -81.7141   5832.7   5483.0   5976.4
69060.0  30.5003   -81.7145   5832.7   5482.9   5973.1
69061.0  30.4989   -81.7149   5832.7   5483.6   5944.8
69062.0  30.4975   -81.7154   5832.7   5483.5   5950.0
69063.0  30.4961   -81.7158   5832.2   5483.2   5959.3
69064.0  30.4946   -81.7162   5831.4   5483.6   5963.4
69065.0  30.4932   -81.7167   5831.4   5482.3   5944.1
69066.0  30.4918   -81.7171   5831.4   5481.9   5936.9
69067.0  30.4904   -81.7175   5831.4   5482.9   5934.8
69068.0  30.4890   -81.7180   5831.5   5482.7   5932.0
69069.0  30.4876   -81.7184   5832.7   5482.8   5937.2
69070.0  30.4861   -81.7188   5832.7   5482.1   5937.0
69071.0  30.4847   -81.7193   5832.7   5482.6   5926.2
69072.0  30.4833   -81.7197   5832.7   5482.1   5930.6
69073.0  30.4819   -81.7202   5832.7   5482.2   5928.6
69074.0  30.4805   -81.7206   5832.7   5481.3   5898.6
69075.0  30.4790   -81.7210   5832.7   5481.6   5916.9
69076.0  30.4776   -81.7215   5832.7   5481.9   5914.9
69077.0  30.4762   -81.7219   5832.7   5483.1   5881.2
69078.0  30.4748   -81.7223   5832.7   5484.1   5893.1
69079.0  30.4734   -81.7228   5832.7   5483.8   5896.1
69080.0  30.4720   -81.7232   5832.7   5482.0   5920.1
69081.0  30.4706   -81.7236   5832.7   5482.7   5932.8
69082.0  30.4691   -81.7241   5832.7   5481.3   5925.2
69083.0  30.4677   -81.7245   5833.2   5480.9   5913.6
69084.0  30.4663   -81.7250   5833.9   5482.2   5887.0
69085.0  30.4649   -81.7254   5833.9   5483.2   5884.3
69086.0  30.4635   -81.7259   5833.9   5485.4   5883.3
69087.0  30.4621   -81.7263   5833.9   5485.2   5892.2
69088.0  30.4606   -81.7267   5835.1   5485.0   5891.5
69089.0  30.4592   -81.7272   5835.1   5484.7   5901.5
69090.0  30.4578   -81.7276   5835.1   5484.4   5907.1
69091.0  30.4564   -81.7281   5835.1   5485.0   5924.3
69092.0  30.4550   -81.7285   5835.0   5485.7   5924.8
69093.0  30.4535   -81.7289   5833.9   5484.8   5905.7
69094.0  30.4521   -81.7294   5833.9   5483.8   5922.8
69095.0  30.4507   -81.7298   5833.9   5482.9   5936.7
69096.0  30.4493   -81.7303   5832.8   5482.7   5925.3
69097.0  30.4479   -81.7307   5832.7   5482.0   5927.0
69098.0  30.4464   -81.7311   5832.7   5481.9   5920.7
69099.0  30.4450   -81.7316   5831.5   5482.0   5890.9
69100.0  30.4436   -81.7320   5831.4   5480.6   5889.6
69101.0  30.4422   -81.7325   5831.4   5480.8   5871.9
69102.0  30.4408   -81.7329   5830.8   5482.0   5876.6
69103.0  30.4394   -81.7334   5830.2   5481.0   5889.3
69104.0  30.4379   -81.7338   5830.2   5480.0   5892.5
69105.0  30.4365   -81.7343   5830.2   5480.5   5880.6
69106.0  30.4351   -81.7347   5830.2   5479.8   5899.1
69107.0  30.4337   -81.7352   5830.2   5480.8   5903.6
69108.0  30.4323   -81.7356   5830.2   5481.2   5925.4
69109.0  30.4308   -81.7361   5830.2   5482.1   5933.6
69110.0  30.4294   -81.7365   5830.2   5481.1   5934.8
69111.0  30.4280   -81.7370   5830.2   5479.9   5915.0
69112.0  30.4266   -81.7374   5831.4   5480.8   5918.6
69113.0  30.4252   -81.7379   5831.4   5480.6   5881.5
69114.0  30.4238   -81.7384   5831.4   5481.2   5872.9
69115.0  30.4224   -81.7388   5831.4   5481.2   5883.7
69116.0  30.4209   -81.7393   5831.4   5481.8   5897.8
69117.0  30.4195   -81.7398   5831.4   5481.6   5894.8
69118.0  30.4181   -81.7402   5831.4   5479.1   5912.9
69119.0  30.4167   -81.7407   5831.4   5479.5   5906.4
69120.0  30.4153   -81.7412   5831.4   5480.5   5925.9
69121.0  30.4139   -81.7416   5831.4   5480.4   5934.4
69122.0  30.4125   -81.7421   5831.4   5482.3   5922.4
69123.0  30.4110   -81.7426   5832.3   5482.1   5918.4
69124.0  30.4096   -81.7430   5832.6   5483.3   5904.2
69125.0  30.4082   -81.7435   5831.4   5484.0   5902.8
69126.0  30.4068   -81.7440   5831.4   5483.7   5906.0
69127.0  30.4054   -81.7445   5831.4   5482.7   5906.9
69128.0  30.4040   -81.7449   5831.4   5481.6   5904.2
69129.0  30.4026   -81.7454   5831.4   5482.3   5901.0
69130.0  30.4012   -81.7459   5831.4   5483.6   5894.8
69131.0  30.3997   -81.7463   5831.4   5483.4   5903.7
69132.0  30.3983   -81.7468   5831.4   5481.7   5907.6
69133.0  30.3969   -81.7473   5830.6   5481.2   5899.8
69134.0  30.3955   -81.7478   5830.2   5480.8   5883.2
69135.0  30.3941   -81.7482   5830.2   5482.2   5890.5
69136.0  30.3927   -81.7487   5830.2   5481.2   5895.2
69137.0  30.3913   -81.7492   5830.2   5480.3   5894.5
69138.0  30.3899   -81.7496   5830.2   5481.4   5900.4
69139.0  30.3885   -81.7501   5830.2   5483.1   5882.6
69140.0  30.3871   -81.7506   5831.2   5482.4   5880.8
69141.0  30.3857   -81.7511   5831.4   5481.9   5881.0
69142.0  30.3843   -81.7515   5831.4   5481.8   5889.0
69143.0  30.3828   -81.7520   5831.4   5481.9   5894.4
69144.0  30.3814   -81.7525   5831.4   5482.6   5897.0
69145.0  30.3800   -81.7529   5831.4   5481.6   5909.9
69146.0  30.3786   -81.7534   5831.4   5481.0   5901.9
69147.0  30.3772   -81.7539   5831.4   5481.6   5902.2
69148.0  30.3758   -81.7543   5831.4   5482.2   5912.9
69149.0  30.3744   -81.7548   5831.4   5482.0   5922.4
69150.0  30.3730   -81.7553   5831.4   5481.3   5901.0
69151.0  30.3716   -81.7558   5831.5   5482.0   5889.7
69152.0  30.3702   -81.7562   5832.7   5482.7   5896.6
69153.0  30.3687   -81.7567   5832.7   5481.5   5887.6
69154.0  30.3673   -81.7572   5832.7   5482.2   5902.7
69155.0  30.3659   -81.7577   5832.7   5483.7   5910.5
69156.0  30.3645   -81.7582   5833.3   5484.9   5903.3
69157.0  30.3631   -81.7586   5833.9   5484.6   5895.1
69158.0  30.3617   -81.7591   5833.9   5484.7   5889.5
69159.0  30.3603   -81.7596   5833.9   5486.4   5884.6
69160.0  30.3589   -81.7601   5833.9   5486.2   5878.6
69161.0  30.3575   -81.7606   5833.9   5485.6   5885.3
69162.0  30.3561   -81.7611   5833.8   5484.9   5893.9
69163.0  30.3547   -81.7616   5832.7   5483.7   5884.1
69164.0  30.3533   -81.7621   5832.7   5483.9   5874.9
69165.0  30.3518   -81.7626   5832.4   5484.5   5886.1
69166.0  30.3504   -81.7630   5831.4   5482.3   5894.3
69167.0  30.3490   -81.7635   5831.4   5482.2   5885.0
69168.0  30.3476   -81.7640   5831.0   5482.6   5887.8
69169.0  30.3462   -81.7645   5830.2   5483.6   5882.8
69170.0  30.3448   -81.7650   5830.2   5482.3   5875.1
69171.0  30.3434   -81.7655   5830.2   5481.2   5862.9
69172.0  30.3420   -81.7660   5829.4   5480.6   5860.6
69173.0  30.3406   -81.7665   5829.0   5480.3   5864.4
69174.0  30.3391   -81.7670   5829.0   5480.2   5857.1
69175.0  30.3377   -81.7675   5829.0   5481.1   5859.1
69176.0  30.3363   -81.7680   5829.0   5481.9   5870.0
69177.0  30.3349   -81.7685   5829.0   5482.3   5901.2
69178.0  30.3335   -81.7690   5829.0   5480.5   5911.0
69179.0  30.3321   -81.7695   5829.0   5480.6   5943.4
69180.0  30.3307   -81.7700   5829.9   5481.3   5966.2
69181.0  30.3293   -81.7705   5829.1   5481.6   5961.6
69182.0  30.3279   -81.7710   5830.2   5482.2   5968.0
69183.0  30.3265   -81.7715   5830.2   5482.3   5951.6
69184.0  30.3250   -81.7720   5830.2   5481.9   5933.6
69185.0  30.3236   -81.7725   5830.2   5481.5   5904.7
69186.0  30.3222   -81.7729   5831.4   5481.7   5877.9
69187.0  30.3208   -81.7734   5831.4   5482.2   5887.2
69188.0  30.3194   -81.7739   5831.4   5483.3   5900.0
69189.0  30.3180   -81.7744   5831.4   5483.8   5897.4
69190.0  30.3166   -81.7749   5831.4   5482.2   5887.6
69191.0  30.3152   -81.7754   5831.4   5483.7   5885.3
69192.0  30.3138   -81.7759   5831.4   5483.5   5890.8
69193.0  30.3124   -81.7764   5831.4   5482.8   5880.3
69194.0  30.3109   -81.7769   5830.3   5483.1   5884.0
69195.0  30.3095   -81.7774   5830.2   5481.6   5895.6
69196.0  30.3081   -81.7779   5830.2   5481.6   5878.3
69197.0  30.3067   -81.7784   5830.2   5482.3   5863.0
69198.0  30.3053   -81.7789   5830.2   5481.6   5860.9
69199.0  30.3039   -81.7794   5830.2   5482.2   5864.7
69200.0  30.3025   -81.7799   5830.2   5481.5   5883.0
69201.0  30.3011   -81.7804   5830.2   5481.6   5891.4
69202.0  30.2997   -81.7809   5830.2   5482.6   5890.3
69203.0  30.2983   -81.7814   5830.2   5481.8   5875.0
69204.0  30.2969   -81.7819   5830.2   5481.3   5881.6
69205.0  30.2955   -81.7824   5830.2   5481.8   5897.8
69206.0  30.2941   -81.7829   5830.2   5482.8   5866.2
69207.0  30.2926   -81.7834   5830.2   5484.2   5860.5
69208.0  30.2912   -81.7839   5830.2   5484.0   5853.0
69209.0  30.2898   -81.7845   5830.2   5483.7   5872.3
69210.0  30.2884   -81.7850   5830.9   5484.0   5887.9
69211.0  30.2871   -81.7856   5831.4   5485.3   5887.3
69212.0  30.2857   -81.7862   5832.7   5484.7   5870.6
69213.0  30.2843   -81.7869   5833.8   5485.1   5878.7
69214.0  30.2830   -81.7876   5834.7   5484.8   5878.1
69215.0  30.2817   -81.7883   5835.2   5487.1   5886.9
69216.0  30.2804   -81.7891   5836.3   5488.2   5896.3
69217.0  30.2791   -81.7899   5836.3   5486.3   5881.1
69218.0  30.2778   -81.7908   5836.3   5485.4   5876.1
69219.0  30.2766   -81.7917   5836.3   5486.5   5912.0
69220.0  30.2753   -81.7926   5836.3   5486.9   5927.9
69221.0  30.2741   -81.7936   5835.7   5485.9   5906.5
69222.0  30.2729   -81.7946   5835.1   5485.9   5902.0
69223.0  30.2717   -81.7956   5834.3   5485.7   5900.7
69224.0  30.2706   -81.7966   5833.0   5484.4   5908.9
69225.0  30.2694   -81.7976   5831.5   5483.8   5905.5
69226.0  30.2682   -81.7987   5830.0   5483.1   5888.5
69227.0  30.2671   -81.7997   5828.7   5479.6   5885.3
69228.0  30.2659   -81.8008   5827.8   5479.7   5875.3
69229.0  30.2647   -81.8018   5826.9   5479.7   5894.5
69230.0  30.2636   -81.8029   5826.6   5479.4   5910.2
69231.0  30.2624   -81.8039   5826.2   5478.8   5921.4
69232.0  30.2612   -81.8050   5825.4   5479.0   5902.3
69233.0  30.2601   -81.8060   5826.6   5477.9   5879.7
69234.0  30.2589   -81.8071   5826.6   5478.4   5885.4
