flight/WP3D/AircraftMet_NP3_20130705_RA.ict
43  1001
Ken Aikin
NOAA ESRL Chemical Sciences Division
various aircraft sensors
SENEX 2013
1  1
2013  07  05  2013  07  05
1
AOCTimewave
10
1  1  1  1  1  1  1  1  1  1
-9999  -9999  -9999  -9999  -9999  -9999  -9999  -9999  -9999  -9999
AmbTemp  C
DewPtTemp  C
DewPtTempTDL  C
H2Omr  g/kg
PotTemp  K
RelHumidity  pct
StaticPrs  mbar
VertWindSpd  m/s
WindDir  deg
WindSpd  m/s
1
SPECIAL COMMENTS:St. Louis  power plants.
18
PI_CONTACT_INFO: Address: NOAA ESRL Chemical Sciences Division  Mail Stop R/CSD7  325 Broadway  Boulder  CO 80305
PLATFORM: NOAA WP-3D
LOCATION: The aircraft was stationed in  Smyrna  Tennessee. Aircraft location information in AircraftPosition file.
ASSOCIATED_DATA: N/A
INSTRUMENT_INFO: N/A
DATA_INFO: Units:AmbTemp celcius; DewPtTemp celcius; DewPtTempTDL celcius; H2Omr g/kg; PotTemp kelvin; RelHumidity percent; StaticPrs millibar; VertWindSpd m/s; WindDir degrees; WindSpd m/s
UNCERTAINTY: N/A
ULOD_FLAG: -7777
ULOD_VALUE: N/A
LLOD_FLAG: -8888
LLOD_VALUE: N/A
DM_CONTACT_INFO: Data Manager:Ken Aikin; email:Kenneth.C.Aikin@noaa.gov
PROJECT_INFO: SENEX 2013 Study; June 1 - July 15  2013
STIPULATIONS_ON_USE: Use of these data require prior ok from PI.
OTHER_COMMENTS:       None
REVISION: RA
RA: Preliminary Data.  For in-field use.
AOCTimewave  AmbTemp  DewPtTemp  DewPtTempTDL  H2Omr  PotTemp  RelHumidity  StaticPrs  VertWindSpd  WindDir  WindSpd
[from data line 17764]
71324.0  21.220  16.270  2.570  12.45  299.46  72.84  941.74  -0.35  148.05  3.24
71325.0  21.230  16.210  2.710  12.40  299.47  72.50  941.75  -0.38  149.55  3.50
71326.0  21.170  16.170  2.660  12.37  299.42  72.57  941.67  -0.42  153.42  3.17
71327.0  21.180  16.140  2.670  12.34  299.41  72.40  941.82  -0.38  149.35  3.53
71328.0  21.240  16.140  2.240  12.34  299.47  72.11  941.89  -0.27  150.91  3.37
71329.0  21.250  16.110  2.290  12.32  299.49  71.95  941.70  0.12  153.89  3.28
71330.0  21.290  16.100  2.860  12.31  299.54  71.74  941.63  0.90  175.71  2.10
71331.0  21.290  16.130  3.990  12.33  299.55  71.82  941.52  2.16  176.60  3.10
71332.0  21.250  16.170  4.050  12.37  299.51  72.24  941.53  1.18  172.14  1.56
71333.0  21.140  16.300  3.930  12.47  299.40  73.32  941.58  -0.82  167.71  2.33
71334.0  21.080  16.430  3.510  12.58  299.35  74.25  941.43  -1.02  159.04  2.80
71335.0  21.150  16.500  3.840  12.64  299.42  74.29  941.36  -0.81  176.55  3.36
71336.0  21.100  16.600  3.720  12.72  299.35  75.00  941.53  -0.83  177.47  3.30
71337.0  21.050  16.700  3.710  12.80  299.28  75.73  941.77  -1.22  163.28  2.85
71338.0  21.000  16.760  3.810  12.85  299.22  76.26  941.83  -0.56  160.61  2.57
71339.0  20.970  16.810  3.790  12.89  299.20  76.61  941.84  -0.35  160.29  2.81
71340.0  21.010  16.860  3.870  12.93  299.22  76.70  942.00  -0.12  147.23  3.01
71341.0  20.990  16.920  4.060  12.97  299.19  77.08  942.12  -0.19  134.86  3.24
71342.0  20.980  16.960  4.730  13.02  299.19  77.36  941.99  0.46  132.51  4.02
71343.0  21.060  17.010  4.950  13.06  299.28  77.19  941.90  0.51  133.24  4.32
71344.0  21.120  17.060  4.820  13.10  299.34  77.14  941.97  -0.36  143.68  4.11
71345.0  21.090  17.110  4.460  13.14  299.33  77.52  941.77  -0.16  148.23  4.64
71346.0  21.130  17.160  4.520  13.18  299.35  77.61  941.87  -0.20  150.95  4.37
71347.0  21.140  17.180  4.570  13.20  299.35  77.66  942.04  -0.44  152.47  4.21
71348.0  21.140  17.160  4.410  13.18  299.34  77.57  942.07  -0.51  155.21  4.22
71349.0  21.060  17.100  4.780  13.13  299.26  77.62  942.09  -0.88  148.54  4.21
71350.0  21.100  17.050  5.120  13.09  299.31  77.21  942.03  -0.43  149.49  3.43
71351.0  21.060  17.070  5.090  13.10  299.26  77.50  942.15  -0.88  157.47  3.47
71352.0  21.070  17.080  4.790  13.11  299.26  77.50  942.18  -0.78  148.13  3.43
71353.0  21.060  17.060  4.830  13.09  299.24  77.42  942.34  -0.19  139.30  3.42
71354.0  21.110  17.060  4.720  13.09  299.28  77.16  942.49  -0.51  153.02  3.12
71355.0  21.060  17.040  4.900  13.08  299.25  77.36  942.24  -0.70  149.31  3.59
71356.0  21.070  17.050  4.900  13.08  299.27  77.32  942.18  -0.38  139.21  3.48
71357.0  21.100  17.050  4.250  13.08  299.29  77.19  942.20  -0.60  130.36  3.17
71358.0  21.150  17.000  3.900  13.04  299.34  76.72  942.20  -0.10  155.26  3.19
71359.0  21.130  16.970  3.980  13.01  299.32  76.64  942.20  -0.30  156.93  2.97
71360.0  21.060  16.970  3.860  13.02  299.26  76.97  942.17  -0.49  147.04  3.07
71361.0  21.070  16.950  3.640  13.00  299.26  76.85  942.22  -0.08  144.90  2.61
71362.0  21.120  16.940  3.480  12.99  299.32  76.53  942.18  -0.06  162.32  3.33
71363.0  21.090  16.930  3.430  12.99  299.29  76.66  942.05  -0.45  160.95  2.99
71364.0  21.120  16.910  3.310  12.97  299.35  76.38  941.88  -0.46  163.45  2.94
71365.0  21.060  16.930  3.050  12.99  299.28  76.78  941.97  0.13  157.15  2.89
71366.0  21.090  16.910  3.000  12.97  299.30  76.57  942.02  0.08  159.48  2.98
71367.0  21.100  16.890  2.930  12.96  299.31  76.42  942.01  -0.26  157.07  3.09
71368.0  21.120  16.870  2.810  12.93  299.33  76.20  942.05  -0.59  145.02  2.88
71369.0  21.230  16.850  2.360  12.91  299.43  75.55  942.12  -0.38  161.32  3.00
71370.0  21.290  16.800  2.390  12.88  299.51  75.05  941.99  0.07  171.31  2.88
71371.0  21.230  16.750  2.560  12.84  299.45  75.10  941.90  -0.06  161.52  3.43
71372.0  21.210  16.720  2.560  12.81  299.43  75.01  941.96  -0.02  162.54  3.55
71373.0  21.220  16.670  2.860  12.77  299.45  74.74  941.90  -0.27  171.89  4.00
71374.0  21.290  16.690  2.260  12.79  299.52  74.51  941.90  -0.28  167.59  4.23
71375.0  21.360  16.630  2.260  12.74  299.57  73.93  942.00  -0.41  161.39  3.49
71376.0  21.270  16.580  2.290  12.69  299.47  74.10  942.12  -1.01  146.20  2.81
71377.0  21.210  16.550  1.860  12.67  299.43  74.21  942.01  -1.12  140.77  3.49
71378.0  21.240  16.490  2.360  12.62  299.45  73.79  941.99  -0.90  154.43  3.28
71379.0  21.260  16.410  2.720  12.56  299.47  73.32  942.03  -0.45  136.78  2.77
71380.0  21.280  16.350  2.330  12.51  299.49  72.96  942.02  -0.10  159.56  3.09
71381.0  21.290  16.280  2.490  12.45  299.49  72.58  942.21  -0.39  144.75  2.24
71382.0  21.230  16.270  2.160  12.44  299.42  72.82  942.19  -0.45  138.24  2.57
71383.0  21.240  16.240  2.810  12.42  299.44  72.58  942.16  -0.43  147.20  2.36
71384.0  21.310  16.220  2.510  12.40  299.51  72.17  942.20  -0.63  161.33  2.74
71385.0  21.190  16.160  2.340  12.35  299.38  72.45  942.33  -0.41  151.85  3.07
71386.0  21.180  16.150  2.610  12.34  299.37  72.45  942.28  -0.51  148.14  3.86
71387.0  21.200  16.170  2.580  12.36  299.40  72.43  942.23  -0.74  147.38  3.74
71388.0  21.180  16.160  2.280  12.35  299.38  72.50  942.16  0.02  148.17  4.28
71389.0  21.210  16.140  2.380  12.34  299.42  72.29  942.05  -0.22  148.21  4.38
71390.0  21.270  16.100  2.270  12.30  299.49  71.79  941.98  -0.61  149.88  4.25
71391.0  21.320  16.120  1.630  12.32  299.56  71.66  941.80  0.01  147.85  3.86
71392.0  21.410  16.120  1.140  12.32  299.64  71.28  941.79  -0.60  143.99  3.21
71393.0  21.430  16.050  1.170  12.27  299.67  70.89  941.66  -0.80  148.14  3.48
71394.0  21.510  16.000  1.170  12.23  299.75  70.24  941.78  -0.92  165.00  3.17
71395.0  21.510  15.980  1.140  12.21  299.73  70.21  941.98  -1.09  163.24  2.32
71396.0  21.460  15.940  0.610  12.17  299.68  70.20  942.01  -0.81  161.94  2.50
71397.0  21.380  15.860  1.820  12.11  299.59  70.20  942.16  -0.82  147.35  2.36
71398.0  21.320  15.790  2.390  12.06  299.53  70.13  942.11  -0.81  150.63  2.57
71399.0  21.250  15.820  1.710  12.08  299.45  70.63  942.17  -0.52  143.21  3.19
71400.0  21.370  15.860  1.450  12.11  299.57  70.23  942.23  -0.21  140.39  2.83
71401.0  21.310  15.830  1.850  12.09  299.51  70.35  942.16  -0.35  157.62  3.80
71402.0  21.340  15.810  2.000  12.07  299.54  70.14  942.21  -0.43  159.68  3.38
71403.0  21.240  15.760  2.150  12.03  299.44  70.38  942.15  -0.50  157.48  3.18
71404.0  21.270  15.720  1.900  12.01  299.49  70.04  942.01  -0.55  155.76  3.92
71405.0  21.320  15.700  1.490  11.98  299.51  69.71  942.27  -0.39  165.32  4.04
71406.0  21.330  15.670  1.840  11.97  299.52  69.59  942.25  -0.63  163.47  4.01
71407.0  21.220  15.650  1.790  11.95  299.42  69.95  942.23  -0.69  158.92  4.02
71408.0  21.240  15.650  1.890  11.94  299.44  69.84  942.20  -0.62  155.32  4.07
71409.0  21.180  15.690  2.010  11.98  299.37  70.31  942.26  -0.76  148.34  3.83
71410.0  21.260  15.760  1.490  12.03  299.46  70.27  942.19  -0.51  147.71  4.22
71411.0  21.280  15.770  1.760  12.04  299.48  70.23  942.17  -0.79  148.82  4.21
71412.0  21.290  15.810  0.990  12.07  299.49  70.35  942.21  -0.76  141.21  3.62
71413.0  21.320  15.810  0.960  12.08  299.54  70.25  941.99  -0.69  139.16  3.62
71414.0  21.360  15.810  1.900  12.07  299.57  70.06  942.04  -0.14  147.19  3.32
71415.0  21.300  15.740  2.550  12.02  299.52  70.01  941.96  0.66  165.17  3.31
71416.0  21.100  15.730  2.980  12.01  299.31  70.84  942.06  0.34  150.06  2.95
71417.0  21.220  15.840  2.810  12.10  299.43  70.80  942.05  0.63  160.29  3.63
71418.0  21.160  15.930  2.630  12.17  299.37  71.51  941.98  0.08  158.06  3.17
71419.0  21.240  15.950  1.620  12.19  299.46  71.25  941.92  -0.65  147.17  3.01
71420.0  21.290  15.940  1.260  12.18  299.50  70.97  942.00  -0.65  149.99  3.71
71421.0  21.320  15.890  2.190  12.14  299.56  70.59  941.82  0.52  160.74  3.22
71422.0  21.250  15.890  2.660  12.14  299.49  70.88  941.79  0.80  161.73  3.72
71423.0  21.120  15.920  3.170  12.17  299.35  71.65  941.76  0.34  161.58  4.35
71424.0  21.140  16.030  3.110  12.25  299.38  72.06  941.71  0.86  154.85  4.65
71425.0  21.190  16.090  3.210  12.30  299.43  72.12  941.80  0.49  156.25  4.36
71426.0  21.210  16.100  3.170  12.31  299.44  72.10  941.81  0.71  152.54  4.12
71427.0  21.260  16.160  3.460  12.36  299.50  72.14  941.74  1.87  141.62  4.44
71428.0  21.480  16.210  4.270  12.40  299.73  71.40  941.63  3.15  146.76  3.61
71429.0  21.330  16.350  4.410  12.51  299.60  72.68  941.46  2.30  146.23  3.85
71430.0  21.290  16.470  4.670  12.62  299.55  73.49  941.42  2.67  148.19  4.57
71431.0  21.200  16.570  4.720  12.70  299.48  74.39  941.29  2.58  155.57  5.49
71432.0  21.350  16.610  4.670  12.73  299.63  73.84  941.34  2.63  171.92  4.46
71433.0  21.210  16.600  4.790  12.72  299.49  74.42  941.30  2.43  167.83  4.42
71434.0  21.090  16.610  4.970  12.73  299.37  75.08  941.23  0.38  145.71  5.30
71435.0  21.250  16.650  4.870  12.77  299.54  74.51  941.27  0.72  160.21  4.98
71436.0  21.120  16.730  4.880  12.83  299.40  75.48  941.24  -1.32  158.25  5.38
71437.0  21.090  16.840  4.710  12.92  299.35  76.19  941.45  -1.23  155.07  4.97
71438.0  21.110  16.920  4.590  12.98  299.35  76.50  941.64  -0.75  149.43  4.70
71439.0  21.140  16.930  4.570  12.99  299.36  76.39  941.90  -1.39  162.41  4.60
71440.0  21.180  16.890  4.300  12.96  299.38  76.04  942.09  -1.23  143.81  3.68
71441.0  21.280  16.900  3.310  12.96  299.48  75.59  942.19  -1.11  141.88  3.71
71442.0  21.330  16.840  3.050  12.91  299.51  75.07  942.37  -1.15  138.26  3.77
71443.0  21.330  16.770  2.880  12.85  299.49  74.73  942.56  -1.35  131.66  3.69
71444.0  21.350  16.700  2.780  12.79  299.51  74.29  942.59  -1.12  133.96  4.08
71445.0  21.390  16.580  2.820  12.69  299.54  73.55  942.70  -0.75  133.38  4.00
71446.0  21.390  16.510  3.050  12.63  299.55  73.16  942.69  -0.70  139.59  4.06
71447.0  21.380  16.430  2.850  12.56  299.52  72.88  942.80  -0.80  141.65  3.99
71448.0  21.410  16.340  2.440  12.49  299.57  72.29  942.66  -1.03  148.13  4.58
71449.0  21.440  16.240  2.130  12.41  299.58  71.71  942.80  -1.21  156.93  4.07
71450.0  21.370  16.140  2.210  12.33  299.53  71.54  942.71  -0.98  153.55  4.29
71451.0  21.350  16.060  2.660  12.26  299.51  71.24  942.61  -0.99  149.00  4.14
71452.0  21.330  15.980  3.400  12.20  299.50  70.96  942.59  -1.23  144.46  4.04
71453.0  21.270  15.930  3.480  12.17  299.44  71.02  942.50  -1.13  148.91  4.42
71454.0  21.280  15.910  3.860  12.15  299.47  70.87  942.34  -1.59  151.99  4.62
71455.0  21.260  15.890  3.940  12.13  299.44  70.88  942.34  -0.71  143.41  4.75
71456.0  21.170  15.890  3.860  12.13  299.35  71.24  942.39  0.03  141.32  5.76
71457.0  21.320  15.860  4.140  12.11  299.49  70.47  942.51  1.10  132.95  5.21
71458.0  21.360  15.940  3.810  12.17  299.56  70.66  942.13  2.50  136.70  4.27
71459.0  21.360  16.020  3.800  12.24  299.59  71.02  941.84  1.70  156.15  4.65
71460.0  21.290  16.100  3.680  12.31  299.54  71.69  941.60  0.88  162.93  4.61
71461.0  21.240  16.190  3.810  12.38  299.49  72.35  941.65  0.25  167.87  4.17
71462.0  21.150  16.250  3.550  12.43  299.41  73.07  941.44  -0.57  149.80  4.45
71463.0  21.100  16.290  3.430  12.47  299.35  73.51  941.53  -1.24  145.49  3.47
71464.0  21.140  16.350  3.300  12.51  299.39  73.58  941.53  -1.78  156.96  3.46
71465.0  21.120  16.410  2.840  12.56  299.38  73.96  941.46  -0.65  150.45  3.12
71466.0  21.140  16.460  2.780  12.60  299.38  74.12  941.66  -0.88  152.12  3.82
71467.0  21.160  16.490  3.150  12.63  299.39  74.16  941.81  -1.27  149.14  3.49
71468.0  21.230  16.520  3.150  12.64  299.45  73.95  941.97  -1.22  158.59  3.17
71469.0  21.210  16.520  3.220  12.64  299.43  74.04  941.98  -0.85  153.14  2.86
71470.0  21.220  16.530  3.120  12.65  299.43  74.04  942.06  -0.25  147.98  2.40
71471.0  21.200  16.480  2.830  12.61  299.39  73.90  942.36  -0.33  148.49  3.26
71472.0  21.210  16.450  2.430  12.59  299.40  73.73  942.24  -0.30  150.08  3.07
71473.0  21.270  16.410  2.480  12.55  299.47  73.27  942.22  -0.40  153.15  3.02
71474.0  21.230  16.340  2.580  12.49  299.41  73.12  942.43  -0.31  151.89  3.38
71475.0  21.250  16.280  2.250  12.45  299.42  72.76  942.46  -0.24  156.73  3.84
71476.0  21.280  16.210  2.200  12.39  299.47  72.26  942.27  0.31  157.31  4.27
71477.0  21.300  16.160  2.040  12.35  299.50  71.93  942.18  -0.18  157.22  3.56
71478.0  21.300  16.080  2.010  12.29  299.51  71.58  942.12  -0.37  161.80  3.19
71479.0  21.280  16.030  1.840  12.25  299.49  71.47  942.06  -0.28  154.23  3.41
71480.0  21.330  15.990  1.580  12.22  299.54  71.03  942.09  -0.03  154.32  2.96
71481.0  21.310  15.940  2.090  12.18  299.52  70.90  942.06  0.89  139.31  2.52
71482.0  21.280  15.910  2.550  12.15  299.49  70.85  942.07  1.27  154.93  4.22
71483.0  21.280  15.900  3.090  12.15  299.50  70.85  941.97  0.95  147.98  4.30
71484.0  21.410  15.960  2.870  12.20  299.63  70.54  941.99  0.87  170.13  3.47
71485.0  21.270  16.010  3.120  12.23  299.50  71.35  941.83  0.94  161.01  3.69
71486.0  21.170  16.030  3.280  12.25  299.40  71.95  941.82  0.92  143.76  3.21
71487.0  21.090  16.100  3.540  12.31  299.35  72.62  941.48  2.08  140.42  4.25
71488.0  21.110  16.140  3.710  12.35  299.38  72.74  941.40  1.29  146.13  5.37
71489.0  21.120  16.210  3.480  12.40  299.38  73.00  941.56  0.27  150.74  5.97
71490.0  21.130  16.280  3.220  12.46  299.38  73.33  941.60  -0.09  150.36  5.01
71491.0  21.080  16.340  3.290  12.50  299.33  73.81  941.55  0.04  141.44  4.54
71492.0  21.120  16.380  3.450  12.54  299.38  73.83  941.49  0.32  146.98  3.71
71493.0  21.090  16.450  3.550  12.60  299.34  74.30  941.61  0.67  148.92  3.83
71494.0  21.040  16.530  3.600  12.66  299.29  74.92  941.53  0.01  146.63  3.84
71495.0  21.090  16.610  3.530  12.73  299.34  75.06  941.63  -0.32  157.63  3.98
71496.0  21.110  16.690  3.350  12.79  299.36  75.32  941.63  0.88  161.82  4.00
71497.0  21.030  16.760  4.000  12.85  299.27  76.07  941.70  0.38  140.92  2.54
71498.0  21.030  16.850  3.780  12.92  299.26  76.51  941.80  0.61  136.73  2.92
71499.0  21.060  16.910  3.880  12.97  299.28  76.71  941.82  1.59  154.57  4.27
71500.0  21.130  16.910  4.030  12.97  299.37  76.36  941.71  1.13  161.37  5.33
71501.0  21.170  16.970  3.680  13.02  299.39  76.46  941.89  0.43  155.90  5.11
71502.0  21.210  17.020  3.370  13.06  299.44  76.49  941.88  1.57  161.51  4.92
71503.0  21.130  16.990  3.430  13.04  299.34  76.75  941.96  1.40  145.55  3.78
71504.0  21.120  16.990  4.170  13.04  299.36  76.77  941.78  2.21  134.75  3.89
71505.0  21.250  17.010  4.370  13.06  299.50  76.28  941.60  2.71  155.95  4.05
71506.0  20.990  17.030  4.510  13.08  299.24  77.62  941.64  1.99  141.61  4.88
71507.0  21.040  17.080  4.380  13.12  299.28  77.61  941.72  1.09  134.96  5.76
71508.0  21.020  17.110  4.220  13.14  299.25  77.90  941.78  0.68  137.50  5.22
71509.0  21.050  17.120  4.140  13.15  299.29  77.75  941.72  0.51  142.11  5.13
71510.0  21.080  17.100  4.060  13.13  299.33  77.54  941.52  0.43  146.28  4.33
71511.0  21.030  17.090  4.100  13.12  299.27  77.72  941.66  0.26  142.37  3.76
71512.0  21.040  17.060  4.270  13.10  299.29  77.53  941.63  0.34  136.95  3.48
71513.0  21.140  17.030  4.160  13.07  299.37  76.91  941.82  0.23  141.01  2.93
71514.0  21.110  16.980  4.060  13.03  299.34  76.77  941.85  0.04  144.92  3.08
71515.0  21.160  16.910  3.930  12.97  299.37  76.24  942.03  -0.46  151.45  3.36
71516.0  21.110  16.860  3.580  12.92  299.31  76.20  942.10  -0.55  145.68  2.93
71517.0  21.110  16.790  3.780  12.87  299.31  75.85  942.15  -0.30  151.11  3.51
71518.0  21.140  16.740  3.940  12.83  299.33  75.48  942.20  -0.81  158.94  3.38
