flight/WP3D/AircraftPos_NP3_20130529_RA.ict
38  1001
Ken Aikin
NOAA ESRL Chemical Sciences Division
various aircraft sensors
SENEX 2013
1  1
2013  05  29  2013  05  29
1
AOCTimewave
5
1  1  1  1  1 
-9999  -9999  -9999  -9999  -9999
GpsLat
GpsLon
GpsAlt
PAlt
RAlt
1
SPECIAL COMMENTS:Lots of AOC data system problems. Large gaps in data.
18
PI_CONTACT_INFO: Address: NOAA ESRL Chemical Sciences Division  Mail Stop R/CSD7  325 Broadway  Boulder  CO 80305
PLATFORM: NOAA WP-3D
LOCATION: The aircraft was stationed in Smyrna  Tennessee. Aircraft location information in AircraftPosition file.
ASSOCIATED_DATA: N/A
INSTRUMENT_INFO: N/A
DATA_INFO: Units:GpsLat:decimal degrees; GpsLon: decimal degrees; GpsAlt: meters; PAlt: meters; RAlt: meters.
UNCERTAINTY: N/A
ULOD_FLAG: -7777
ULOD_VALUE: N/A
LLOD_FLAG: -8888
LLOD_VALUE: N/A
DM_CONTACT_INFO: Data Manager:Ken Aikin; email:Kenneth.C.Aikin@noaa.gov
PROJECT_INFO: SENEX 2013 Study; June 1 - July 15  2013
STIPULATIONS_ON_USE: Use of these data require prior ok from PI.
OTHER_COMMENTS:       None
REVISION: RA
RA: Preliminary Data.  For in-field use.
AOCTimewave  GpsLat  GpsLon  GpsAlt  PAlt  RAlt
75519.0  27.8444   -82.5259     15.8    -67.8      1.6
75520.0  27.8448   -82.5255     16.6    -68.1      2.1
75521.0  27.8452   -82.5251     18.2    -63.2      3.5
75522.0  27.8457   -82.5247     20.4    -55.4      5.8
75523.0  27.8462   -82.5243     23.0    -47.9      8.6
75524.0  27.8466   -82.5238     25.8    -44.6     11.3
75525.0  27.8471   -82.5234     28.4    -39.0     13.9
75526.0  27.8475   -82.5230     31.7    -34.9     16.9
75527.0  27.8480   -82.5225     35.3    -29.9     20.7
75528.0  27.8485   -82.5221     38.8    -25.5     24.4
75529.0  27.8490   -82.5217     41.8    -23.7     27.6
75530.0  27.8495   -82.5212     45.5    -22.2     31.7
75531.0  27.8500   -82.5208     50.3    -15.4     36.8
75532.0  27.8504   -82.5203     55.0    -10.3     40.7
75533.0  27.8509   -82.5199     59.3     -5.8     44.4
75534.0  27.8514   -82.5194     64.3     -1.6     49.6
75535.0  27.8519   -82.5189     69.8      3.1     55.0
75536.0  27.8524   -82.5184     75.1      7.9     60.0
75537.0  27.8529   -82.5180     80.4     10.8     65.1
75538.0  27.8534   -82.5175     86.1     15.7     71.1
75539.0  27.8539   -82.5170     92.0     19.4     76.9
75540.0  27.8544   -82.5165     98.0     23.4     82.4
75541.0  27.8549   -82.5160    103.9     28.3     88.6
75542.0  27.8555   -82.5155    109.5     32.8     94.6
75543.0  27.8560   -82.5150    114.8     39.2     99.9
75544.0  27.8565   -82.5145    119.7     44.9    105.1
75545.0  27.8570   -82.5140    123.6     49.0    109.2
75546.0  27.8576   -82.5135    127.2     51.1    112.6
75547.0  27.8581   -82.5130    130.7     52.3    116.1
75548.0  27.8587   -82.5125    134.3     53.7    119.8
75549.0  27.8592   -82.5119    138.6     59.6    123.9
75550.0  27.8598   -82.5114    143.8     66.4    129.3
75551.0  27.8604   -82.5109    149.5     71.7    135.4
75552.0  27.8609   -82.5104    155.3     77.5    141.6
75553.0  27.8615   -82.5098    161.2     83.2    146.7
75554.0  27.8621   -82.5093    167.5     88.9    152.7
75555.0  27.8627   -82.5088    173.7     93.9    159.2
75556.0  27.8633   -82.5082    180.3    100.3    166.0
75557.0  27.8638   -82.5077    187.0    107.2    171.4
75558.0  27.8644   -82.5071    192.9    112.1    178.2
75559.0  27.8650   -82.5066    198.6    118.8    184.2
75560.0  27.8656   -82.5060    203.8    123.7    190.0
75561.0  27.8662   -82.5054    208.5    127.6    195.9
75562.0  27.8668   -82.5048    213.0    130.5    201.5
75563.0  27.8674   -82.5042    218.6    135.7    207.2
75564.0  27.8679   -82.5036    225.5    142.3    213.7
75565.0  27.8685   -82.5030    233.3    148.1    222.7
75566.0  27.8690   -82.5023    240.8    156.5    227.4
75567.0  27.8696   -82.5017    247.5    164.2    233.8
75568.0  27.8701   -82.5010    253.0    170.1    238.2
75569.0  27.8706   -82.5003    258.7    172.2    245.9
75570.0  27.8711   -82.4996    265.7    177.6    253.3
75571.0  27.8716   -82.4988    273.3    185.4    259.1
75572.0  27.8720   -82.4981    281.2    194.9    271.0
75573.0  27.8725   -82.4973    288.9    202.7    276.7
75574.0  27.8729   -82.4966    296.2    208.3    284.7
75575.0  27.8733   -82.4958    303.8    214.6    291.1
75576.0  27.8737   -82.4950    311.7    223.3    298.3
75577.0  27.8741   -82.4942    319.6    230.0    307.1
75578.0  27.8744   -82.4934    328.4    238.3    315.5
75579.0  27.8748   -82.4925    338.4    249.5    325.9
75580.0  27.8751   -82.4917    348.8    258.8    336.2
75581.0  27.8754   -82.4908    359.3    268.5    346.5
75582.0  27.8756   -82.4900    370.6    278.6    360.4
75583.0  27.8759   -82.4891    382.9    291.5    369.8
75584.0  27.8761   -82.4882    393.9    303.7    386.5
75585.0  27.8763   -82.4874    403.3    310.7    391.6
75586.0  27.8765   -82.4865    412.6    318.3    405.3
75587.0  27.8767   -82.4856    422.4    327.4    411.9
75588.0  27.8769   -82.4847    432.6    336.7    421.6
75589.0  27.8771   -82.4838    443.8    349.5    430.4
75590.0  27.8772   -82.4829    454.9    360.5    444.2
75591.0  27.8774   -82.4820    465.0    370.3    455.4
75592.0  27.8775   -82.4811    474.5    380.2    466.2
75593.0  27.8777   -82.4802    483.5    388.4    473.8
75594.0  27.8778   -82.4793    491.3    394.5    484.0
75595.0  27.8780   -82.4784    498.6    401.9    491.2
75596.0  27.8781   -82.4775    505.4    410.0    497.9
75597.0  27.8783   -82.4766    510.7    415.2    504.4
75598.0  27.8784   -82.4757    514.4    418.6    507.5
75599.0  27.8785   -82.4747    517.0    420.3    509.6
75600.0  27.8787   -82.4738    520.0    422.7    510.8
75601.0  27.8788   -82.4729    524.0    426.7    514.9
75602.0  27.8789   -82.4719    527.7    430.3    520.0
75603.0  27.8790   -82.4710    531.4    436.4    520.9
75604.0  27.8792   -82.4700    533.4    439.4    525.3
75605.0  27.8793   -82.4690    534.9    440.3    525.2
75606.0  27.8794   -82.4681    536.0    441.0    528.3
75607.0  27.8795   -82.4671    536.4    440.4    528.2
75608.0  27.8796   -82.4661    535.5    438.9    526.8
75609.0  27.8797   -82.4651    536.4    439.4    528.2
75610.0  27.8797   -82.4641    537.3    441.1    529.2
75611.0  27.8798   -82.4631    537.7    441.3    527.7
75612.0  27.8799   -82.4621    538.8    440.2    533.7
75613.0  27.8800   -82.4611    538.9    440.4    535.1
75614.0  27.8800   -82.4601    539.1    441.1    530.3
75615.0  27.8801   -82.4591    540.1    442.0    531.2
75616.0  27.8801   -82.4581    541.3    443.3    533.5
75617.0  27.8802   -82.4570    542.3    444.4    534.2
75618.0  27.8802   -82.4560    542.5    447.3    533.7
75619.0  27.8803   -82.4550    542.5    445.8    533.8
75620.0  27.8803   -82.4540    542.3    445.4    531.9
75621.0  27.8804   -82.4529    541.3    444.2    533.6
75622.0  27.8805   -82.4519    542.4    444.1    532.8
75623.0  27.8805   -82.4509    543.6    447.5    538.2
75624.0  27.8806   -82.4498    544.3    446.2    537.8
75625.0  27.8806   -82.4488    545.4    447.7    538.0
75626.0  27.8807   -82.4477    546.2    449.1    540.7
75627.0  27.8808   -82.4467    546.2    448.4    539.4
75628.0  27.8808   -82.4456    546.2    448.8    540.8
75629.0  27.8809   -82.4446    546.2    449.9    539.9
75630.0  27.8810   -82.4435    545.3    450.3    537.3
75631.0  27.8811   -82.4425    543.9    449.2    537.0
75632.0  27.8811   -82.4414    543.8    447.7    538.7
75633.0  27.8812   -82.4403    544.1    447.8    537.0
75634.0  27.8813   -82.4393    545.0    448.4    533.9
75635.0  27.8814   -82.4382    545.0    448.4    535.6
75636.0  27.8815   -82.4371    545.8    448.8    534.4
75637.0  27.8816   -82.4361    546.2    448.0    534.9
75638.0  27.8817   -82.4350    546.2    448.0    528.2
75639.0  27.8818   -82.4339    546.2    449.4    528.6
75640.0  27.8819   -82.4328    545.9    448.8    528.2
75641.0  27.8820   -82.4318    544.8    446.5    530.1
75642.0  27.8822   -82.4307    543.6    446.6    526.1
75643.0  27.8823   -82.4296    542.1    445.5    528.7
75644.0  27.8825   -82.4285    540.5    443.8    522.5
75645.0  27.8826   -82.4274    538.8    442.7    520.8
75646.0  27.8828   -82.4263    537.2    440.6    519.3
75647.0  27.8829   -82.4252    535.8    438.6    524.3
75648.0  27.8831   -82.4242    535.2    437.4    527.7
75649.0  27.8833   -82.4231    535.2    436.3    523.5
75650.0  27.8835   -82.4220    535.2    436.2    527.0
75651.0  27.8837   -82.4209    535.2    437.3    527.3
75652.0  27.8839   -82.4198    534.6    438.0    527.1
75653.0  27.8842   -82.4187    534.7    436.2    525.6
75654.0  27.8844   -82.4176    535.5    438.5    526.7
75655.0  27.8846   -82.4165    536.7    439.5    526.2
75656.0  27.8848   -82.4154    537.8    439.8    526.9
75657.0  27.8851   -82.4143    538.9    440.9    531.6
75658.0  27.8853   -82.4132    540.0    442.2    530.9
75659.0  27.8855   -82.4122    540.1    443.4    532.7
75660.0  27.8857   -82.4111    539.3    443.0    529.2
75661.0  27.8859   -82.4100    538.2    442.2    529.4
75662.0  27.8861   -82.4089    536.9    440.2    527.5
75663.0  27.8863   -82.4078    535.5    438.2    526.1
75664.0  27.8865   -82.4067    534.3    438.5    524.6
75665.0  27.8867   -82.4056    534.0    437.9    522.1
75666.0  27.8869   -82.4045    533.6    438.1    525.6
75667.0  27.8871   -82.4035    533.7    438.1    528.5
75668.0  27.8873   -82.4024    535.1    438.9    531.4
75669.0  27.8875   -82.4013    536.3    438.1    532.4
75670.0  27.8877   -82.4002    536.4    439.4    533.5
75671.0  27.8879   -82.3991    537.4    439.2    524.1
75672.0  27.8881   -82.3980    537.7    439.9    532.1
75673.0  27.8883   -82.3969    537.7    439.8    530.7
75674.0  27.8885   -82.3959    537.8    441.1    530.0
75675.0  27.8887   -82.3948    539.2    441.5    527.0
75676.0  27.8889   -82.3937    541.0    442.5    530.4
75677.0  27.8891   -82.3927    543.6    445.5    546.3
75678.0  27.8893   -82.3916    546.2    448.1    540.8
75679.0  27.8894   -82.3905    549.6    450.8    533.3
75680.0  27.8896   -82.3895    553.7    455.1    539.9
75681.0  27.8898   -82.3884    558.2    458.0    550.6
75682.0  27.8900   -82.3874    563.4    464.1    553.9
75683.0  27.8902   -82.3863    568.2    468.7    551.9
75684.0  27.8903   -82.3853    572.6    472.7    563.3
75685.0  27.8905   -82.3842    577.5    475.0    577.5
75686.0  27.8907   -82.3832    583.6    482.6    576.9
75687.0  27.8909   -82.3821    589.8    489.4    575.0
75688.0  27.8911   -82.3811    596.0    495.7    571.6
75689.0  27.8913   -82.3801    601.6    500.2    563.7
75690.0  27.8914   -82.3790    607.6    505.2    568.8
75691.0  27.8916   -82.3780    614.4    512.4    585.8
75692.0  27.8918   -82.3770    621.3    520.3    608.5
75693.0  27.8920   -82.3759    629.2    528.0    619.2
75694.0  27.8922   -82.3749    637.0    535.2    633.4
75695.0  27.8924   -82.3739    643.7    542.2    642.4
75696.0  27.8926   -82.3729    650.5    548.0    648.8
75697.0  27.8928   -82.3719    658.4    555.0    653.6
75698.0  27.8930   -82.3709    666.4    563.3    658.1
75699.0  27.8931   -82.3698    673.9    570.9    664.7
75700.0  27.8933   -82.3688    680.9    576.4    671.3
75701.0  27.8935   -82.3678    687.8    584.1    676.8
75702.0  27.8937   -82.3668    693.9    589.4    685.3
75703.0  27.8939   -82.3658    699.9    595.0    689.1
75704.0  27.8941   -82.3648    705.6    600.3    697.7
75705.0  27.8943   -82.3638    712.4    606.5    699.1
75706.0  27.8945   -82.3628    719.4    612.7    717.9
75707.0  27.8947   -82.3618    726.3    619.8    715.7
75708.0  27.8949   -82.3608    732.8    625.6    720.8
75709.0  27.8951   -82.3598    739.0    630.6    740.9
75710.0  27.8954   -82.3588    745.1    637.1    753.8
75711.0  27.8956   -82.3578    751.1    642.2    746.1
75712.0  27.8958   -82.3568    757.5    648.0    748.4
75713.0  27.8960   -82.3558    763.6    653.7    752.9
75714.0  27.8962   -82.3548    768.0    658.9    759.3
75715.0  27.8964   -82.3538    773.0    663.7    767.5
75716.0  27.8966   -82.3528    780.0    671.9    768.3
75717.0  27.8968   -82.3518    786.9    678.0    776.8
75718.0  27.8971   -82.3508    793.0    683.0    783.6
75719.0  27.8973   -82.3498    799.4    689.5    792.9
75720.0  27.8975   -82.3488    806.4    695.8    798.6
75721.0  27.8977   -82.3478    812.9    702.1    800.7
75722.0  27.8979   -82.3468    819.6    708.5    804.8
75723.0  27.8981   -82.3458    826.7    715.3    805.1
75724.0  27.8983   -82.3449    833.6    721.2    824.9
75725.0  27.8985   -82.3439    840.3    728.5    841.7
75726.0  27.8987   -82.3429    846.8    734.3    843.8
75727.0  27.8989   -82.3419    853.6    741.7    843.8
75728.0  27.8991   -82.3409    860.8    747.6    846.0
75729.0  27.8994   -82.3399    867.8    753.8    851.9
75730.0  27.8996   -82.3389    874.4    760.4    859.9
75731.0  27.8998   -82.3380    880.5    767.2    868.0
75732.0  27.9000   -82.3370    886.9    773.8    870.4
75733.0  27.9002   -82.3360    892.5    777.2    871.9
75734.0  27.9004   -82.3350    897.9    782.5    885.2
75735.0  27.9006   -82.3340    903.6    790.2    893.8
75736.0  27.9008   -82.3331    909.5    794.6    904.8
75737.0  27.9011   -82.3321    916.3    801.5    906.8
75738.0  27.9013   -82.3311    923.3    807.2    914.1
75739.0  27.9015   -82.3301    929.4    814.2    911.8
75740.0  27.9017   -82.3291    935.2    820.3    916.4
75741.0  27.9019   -82.3281    941.2    825.7    919.4
75742.0  27.9021   -82.3272    947.6    831.0    928.0
75743.0  27.9024   -82.3262    954.3    838.2    940.8
75744.0  27.9026   -82.3252    960.8    845.4    948.7
75745.0  27.9028   -82.3242    967.0    850.5    948.9
75746.0  27.9031   -82.3232    973.0    857.9    961.7
75747.0  27.9033   -82.3222    978.0    861.6    962.2
75748.0  27.9036   -82.3212    982.4    863.9    957.4
75749.0  27.9038   -82.3202    987.9    869.2    973.1
75750.0  27.9041   -82.3193    993.9    876.4    980.3
75751.0  27.9043   -82.3183    999.4    881.3    992.3
75752.0  27.9046   -82.3173   1004.5    886.3   1004.5
75753.0  27.9049   -82.3163   1010.2    891.4    996.8
75754.0  27.9051   -82.3153   1015.8    896.6   1002.3
75755.0  27.9054   -82.3143   1021.2    902.5   1003.0
75756.0  27.9057   -82.3133   1026.6    907.9   1008.5
75757.0  27.9059   -82.3123   1032.2    912.6   1020.0
75758.0  27.9062   -82.3113   1037.9    918.1   1021.2
75759.0  27.9065   -82.3103   1044.0    922.2   1021.8
75760.0  27.9068   -82.3093   1050.0    929.4   1038.6
75761.0  27.9070   -82.3083   1055.8    935.6   1039.9
75762.0  27.9073   -82.3073   1060.9    939.9   1042.5
75763.0  27.9077   -82.3063   1066.5    944.3   1053.3
75764.0  27.9080   -82.3053   1072.3    950.9   1054.2
75765.0  27.9084   -82.3044   1078.1    955.5   1067.9
75766.0  27.9088   -82.3034   1083.9    961.8   1068.4
75767.0  27.9092   -82.3024   1089.3    967.1   1075.6
75768.0  27.9096   -82.3015   1094.8    973.1   1085.4
75769.0  27.9101   -82.3005   1100.6    978.3   1089.1
75770.0  27.9106   -82.2996   1106.6    983.8   1092.4
75771.0  27.9111   -82.2987   1113.4    989.0   1098.0
75772.0  27.9116   -82.2978   1121.1    998.1   1102.3
75773.0  27.9122   -82.2969   1129.2   1005.1   1113.0
75774.0  27.9127   -82.2960   1137.5   1014.6   1119.7
75775.0  27.9133   -82.2951   1144.9   1021.8   1127.9
75776.0  27.9140   -82.2943   1151.2   1027.1   1152.1
75777.0  27.9146   -82.2934   1156.5   1032.2   1142.5
75778.0  27.9153   -82.2926   1161.0   1036.5   1156.4
75779.0  27.9160   -82.2918   1164.3   1039.2   1163.2
75780.0  27.9167   -82.2910   1167.3   1041.3   1160.5
75781.0  27.9174   -82.2903   1171.4   1044.6   1170.5
75782.0  27.9182   -82.2895   1176.8   1051.0   1158.8
75783.0  27.9190   -82.2888   1183.1   1057.3   1175.3
75784.0  27.9198   -82.2881   1190.8   1064.5   1194.9
75785.0  27.9206   -82.2874   1199.7   1073.2   1199.0
75786.0  27.9214   -82.2868   1209.4   1083.8   1197.6
75787.0  27.9223   -82.2862   1218.9   1093.0   1222.5
75788.0  27.9232   -82.2856   1228.0   1102.2   1222.2
75789.0  27.9241   -82.2850   1236.0   1108.5   1224.7
75790.0  27.9250   -82.2844   1243.7   1114.8   1242.0
75791.0  27.9259   -82.2839   1251.9   1122.7   1254.8
75792.0  27.9269   -82.2834   1260.8   1131.9   1243.4
75793.0  27.9278   -82.2830   1270.1   1139.7   1251.1
75794.0  27.9288   -82.2825   1280.1   1149.3   1266.9
75795.0  27.9298   -82.2821   1291.0   1160.5   1271.5
75796.0  27.9308   -82.2818   1302.3   1170.9   1292.0
75797.0  27.9318   -82.2814   1313.6   1180.2   1308.6
75798.0  27.9328   -82.2811   1325.3   1191.9   1329.3
75799.0  27.9338   -82.2809   1336.7   1204.0   1336.4
75800.0  27.9348   -82.2806   1347.0   1215.2   1349.4
75801.0  27.9359   -82.2804   1356.8   1224.9   1345.5
75802.0  27.9369   -82.2802   1366.4   1234.2   1355.5
75803.0  27.9379   -82.2800   1375.7   1243.4   1360.3
75804.0  27.9390   -82.2798   1384.7   1252.4   1373.5
75805.0  27.9400   -82.2797   1393.3   1262.1   1391.3
75806.0  27.9411   -82.2795   1400.6   1268.5   1393.5
75807.0  27.9421   -82.2793   1407.1   1274.5   1400.1
75808.0  27.9432   -82.2792   1413.3   1279.7   1411.3
