flight/WP3D/AircraftMet_NP3_20130619_RA.ict
43  1001
Ken Aikin
NOAA ESRL Chemical Sciences Division
various aircraft sensors
SENEX 2013
1  1
2013  06  19  2013  06  20
1
AOCTimewave
10
1  1  1  1  1  1  1  1  1  1
-9999  -9999  -9999  -9999  -9999  -9999  -9999  -9999  -9999  -9999
AmbTemp  C
DewPtTemp  C
DewPtTempTDL  C
H2Omr  g/kg
PotTemp  K
RelHumidity  pct
StaticPrs  mbar
VertWindSpd  m/s
WindDir  deg
WindSpd  m/s
1
SPECIAL COMMENTS:Flight into night over Atlanta.
18
PI_CONTACT_INFO: Address: NOAA ESRL Chemical Sciences Division  Mail Stop R/CSD7  325 Broadway  Boulder  CO 80305
PLATFORM: NOAA WP-3D
LOCATION: The aircraft was stationed in  Smyrna  Tennessee. Aircraft location information in AircraftPosition file.
ASSOCIATED_DATA: N/A
INSTRUMENT_INFO: N/A
DATA_INFO: Units:AmbTemp celcius; DewPtTemp celcius; DewPtTempTDL celcius; H2Omr g/kg; PotTemp kelvin; RelHumidity percent; StaticPrs millibar; VertWindSpd m/s; WindDir degrees; WindSpd m/s
UNCERTAINTY: N/A
ULOD_FLAG: -7777
ULOD_VALUE: N/A
LLOD_FLAG: -8888
LLOD_VALUE: N/A
DM_CONTACT_INFO: Data Manager:Ken Aikin; email:Kenneth.C.Aikin@noaa.gov
PROJECT_INFO: SENEX 2013 Study; June 1 - July 15  2013
STIPULATIONS_ON_USE: Use of these data require prior ok from PI.
OTHER_COMMENTS:       None
REVISION: RA
RA: Preliminary Data.  For in-field use.
AOCTimewave  AmbTemp  DewPtTemp  DewPtTempTDL  H2Omr  PotTemp  RelHumidity  StaticPrs  VertWindSpd  WindDir  WindSpd
81036.0  29.900  18.170  -31.580  13.20  302.86  48.30  1002.35  1.57  97.66  2.94
81037.0  30.030  18.190  -31.580  13.20  302.90  47.98  1003.41  1.60  110.38  4.43
81038.0  30.050  18.170  -31.580  13.20  302.94  47.89  1003.20  1.57  113.17  5.04
81039.0  29.940  18.160  -31.580  13.20  302.92  48.18  1002.09  1.16  106.11  3.92
81040.0  29.790  18.180  -31.580  13.23  302.88  48.64  1000.88  0.88  68.75  2.43
81041.0  29.770  18.190  -31.580  13.26  302.96  48.76  999.59  0.88  59.65  1.25
81042.0  29.760  18.170  -31.580  13.25  303.05  48.70  998.54  0.65  5.57  2.11
81043.0  29.530  18.130  -31.580  13.24  302.92  49.27  997.34  -0.03  347.70  2.36
81044.0  29.460  18.100  -31.580  13.22  302.91  49.38  996.58  0.22  335.37  2.13
81045.0  29.320  18.040  -31.580  13.18  302.85  49.60  995.72  0.10  327.69  2.27
81046.0  29.190  17.920  -31.580  13.09  302.78  49.61  995.04  0.13  329.46  2.63
81047.0  29.050  17.790  -31.580  13.00  302.73  49.62  993.96  0.17  336.43  2.69
81048.0  28.970  17.730  -31.580  12.95  302.72  49.65  993.12  0.33  345.18  2.78
81049.0  28.870  17.700  -31.580  12.94  302.67  49.89  992.51  0.40  333.68  2.55
81050.0  28.750  17.660  -31.580  12.92  302.60  50.11  991.97  0.55  331.44  2.57
81051.0  28.650  17.520  -31.580  12.80  302.54  49.94  991.56  0.11  334.81  3.19
81052.0  28.620  17.390  -31.580  12.70  302.58  49.60  990.81  -0.12  346.19  3.29
81053.0  28.610  17.320  -31.580  12.65  302.61  49.43  990.24  0.04  353.06  2.90
81054.0  28.560  17.250  -31.580  12.61  302.62  49.37  989.58  -0.07  0.27  2.52
81055.0  28.490  17.150  -31.580  12.54  302.61  49.27  988.90  0.30  3.85  2.34
81056.0  28.410  17.020  -31.580  12.44  302.58  49.08  988.39  0.29  357.37  2.32
81057.0  28.370  16.890  -31.580  12.34  302.57  48.79  987.95  0.52  1.29  2.51
81058.0  28.330  16.810  -31.580  12.28  302.56  48.62  987.73  0.24  358.69  2.35
81059.0  28.340  16.740  -31.580  12.23  302.59  48.40  987.51  0.90  357.57  1.52
81060.0  28.280  16.650  -31.580  12.16  302.56  48.28  987.11  0.97  351.38  1.49
81061.0  28.250  16.590  -31.580  12.12  302.57  48.18  986.67  0.59  9.51  1.59
81062.0  28.240  16.570  -31.580  12.11  302.59  48.16  986.25  0.83  354.07  0.95
81063.0  28.190  16.520  -31.580  12.07  302.58  48.15  985.75  0.77  5.20  1.10
81064.0  28.110  16.470  -31.580  12.04  302.55  48.23  985.28  1.36  345.50  1.71
81065.0  28.060  16.420  -31.580  12.01  302.54  48.21  984.73  0.07  350.42  2.34
81066.0  28.040  16.360  -31.580  11.96  302.52  48.07  984.77  0.49  358.39  2.21
81067.0  28.100  16.330  -31.580  11.94  302.56  47.80  985.00  0.89  2.74  1.57
81068.0  28.080  16.300  -31.580  11.92  302.58  47.77  984.56  -0.12  346.06  1.75
81069.0  28.040  16.250  -31.580  11.88  302.57  47.73  984.27  0.41  354.83  1.90
81070.0  28.110  16.180  -31.580  11.83  302.62  47.32  984.34  0.86  5.11  1.73
81071.0  28.130  16.150  -31.580  11.81  302.69  47.17  983.94  0.33  1.99  1.42
81072.0  28.030  16.130  -31.580  11.80  302.66  47.38  983.12  0.03  7.92  1.67
81073.0  27.940  16.090  -31.580  11.78  302.63  47.51  982.37  0.45  11.47  2.03
81074.0  27.890  16.050  -31.580  11.76  302.61  47.55  981.98  0.94  4.27  2.44
81075.0  27.880  16.040  -31.580  11.76  302.64  47.56  981.51  0.17  0.03  2.27
81076.0  27.820  16.040  -31.580  11.76  302.62  47.70  981.17  0.14  7.38  2.19
81077.0  27.780  16.000  -31.580  11.73  302.59  47.73  980.96  -0.47  4.43  2.75
81078.0  27.800  15.970  -31.580  11.71  302.60  47.55  981.10  -0.56  4.67  2.72
81079.0  27.820  15.890  -31.580  11.65  302.62  47.27  981.08  -0.61  358.62  2.76
81080.0  27.840  15.760  -31.580  11.55  302.65  46.81  980.92  -0.55  348.39  2.48
81081.0  27.810  15.690  -31.580  11.50  302.66  46.67  980.54  -0.40  348.47  2.64
81082.0  27.790  15.620  -31.580  11.45  302.68  46.49  980.10  -0.39  356.90  2.26
81083.0  27.740  15.560  -31.580  11.41  302.66  46.47  979.67  -0.30  4.11  2.46
81084.0  27.740  15.520  -31.580  11.39  302.68  46.37  979.50  -0.40  359.05  2.19
81085.0  27.760  15.480  -31.580  11.36  302.72  46.18  979.30  -0.79  340.26  1.95
81086.0  27.720  15.460  -31.580  11.35  302.71  46.24  978.86  -0.74  335.81  2.26
81087.0  27.670  15.390  -31.580  11.30  302.73  46.13  978.12  -0.30  343.84  2.13
81088.0  27.580  15.320  -31.580  11.27  302.72  46.20  977.23  -0.29  357.44  2.40
81089.0  27.520  15.300  -31.580  11.26  302.74  46.29  976.33  -0.24  351.50  2.60
81090.0  27.460  15.260  -31.580  11.24  302.74  46.33  975.60  0.23  344.53  2.60
81091.0  27.390  15.180  -31.580  11.19  302.72  46.30  975.08  0.19  336.98  2.53
81092.0  27.310  15.140  -31.580  11.16  302.68  46.41  974.63  -0.21  343.11  2.59
81093.0  27.290  15.130  -31.580  11.16  302.69  46.45  974.27  -0.18  334.89  2.50
81094.0  27.230  15.080  -31.580  11.13  302.66  46.44  973.95  0.00  334.00  2.83
81095.0  27.160  15.080  -31.580  11.13  302.63  46.64  973.53  -0.13  337.14  2.69
81096.0  27.130  15.130  -31.580  11.17  302.61  46.88  973.36  0.07  330.08  2.56
81097.0  27.120  15.150  -31.580  11.19  302.62  46.99  973.12  0.04  320.13  2.55
81098.0  27.080  15.150  -31.580  11.19  302.60  47.07  972.91  -0.24  315.79  2.63
81099.0  27.030  15.170  -31.580  11.21  302.59  47.28  972.47  -0.56  319.39  2.33
81100.0  27.010  15.160  -31.580  11.21  302.58  47.33  972.25  -0.35  329.09  2.46
81101.0  27.000  15.130  -31.580  11.19  302.62  47.24  971.82  -0.43  330.39  2.64
81102.0  26.980  15.120  -31.580  11.19  302.63  47.30  971.38  -0.49  330.62  2.78
81103.0  26.930  15.130  -31.580  11.19  302.60  47.44  971.24  -0.54  330.79  2.49
81104.0  26.890  15.120  -31.580  11.19  302.58  47.53  970.97  -0.12  332.43  2.69
81105.0  26.870  15.140  -31.580  11.22  302.60  47.67  970.57  -0.25  334.03  2.88
81106.0  26.850  15.150  -31.580  11.22  302.60  47.75  970.31  -0.16  336.62  2.92
81107.0  26.840  15.160  -31.580  11.23  302.62  47.79  970.03  -0.06  335.79  2.84
81108.0  26.850  15.120  -31.580  11.21  302.65  47.66  969.67  0.19  333.67  2.70
81109.0  26.830  15.070  -31.580  11.18  302.67  47.57  969.31  0.24  328.85  2.67
81110.0  26.770  15.090  -31.580  11.20  302.66  47.81  968.71  -0.15  329.94  2.65
81111.0  26.720  15.100  -31.580  11.21  302.66  47.95  968.22  0.13  318.32  2.38
81112.0  26.660  15.100  -31.580  11.21  302.63  48.15  967.81  0.09  324.03  2.54
81113.0  26.600  15.090  -31.580  11.21  302.59  48.30  967.57  0.31  324.88  2.51
81114.0  26.550  15.090  -31.580  11.21  302.56  48.44  967.35  0.40  334.91  2.46
81115.0  26.510  15.120  -31.580  11.24  302.56  48.65  966.92  0.67  341.61  2.43
81116.0  26.500  15.120  -31.580  11.24  302.58  48.70  966.46  0.26  349.66  2.84
81117.0  26.500  15.170  -31.580  11.28  302.62  48.83  966.16  0.19  349.43  2.69
81118.0  26.510  15.210  -31.580  11.32  302.65  48.95  965.78  0.46  341.59  2.50
81119.0  26.500  15.180  -31.580  11.30  302.68  48.90  965.42  0.75  336.48  2.61
81120.0  26.460  15.200  -31.580  11.32  302.67  49.07  965.08  1.33  337.39  2.53
81121.0  26.420  15.190  -31.580  11.32  302.65  49.16  964.88  1.08  335.32  2.31
81122.0  26.410  15.170  -31.580  11.31  302.66  49.12  964.66  0.92  323.62  2.54
81123.0  26.390  15.200  -31.580  11.33  302.64  49.28  964.63  1.27  322.34  2.62
81124.0  26.360  15.220  -31.580  11.35  302.66  49.42  964.11  0.94  325.65  2.38
81125.0  26.310  15.250  -31.580  11.38  302.66  49.70  963.44  0.31  311.50  1.61
81126.0  26.280  15.300  -31.580  11.42  302.68  49.93  962.84  -0.01  324.48  2.26
81127.0  26.190  15.350  -31.580  11.47  302.63  50.39  962.39  0.68  345.65  2.54
81128.0  26.160  15.360  -31.580  11.48  302.67  50.50  961.70  1.10  352.33  2.71
81129.0  26.100  15.370  -31.580  11.50  302.68  50.71  960.95  1.43  16.21  1.51
81130.0  26.070  15.460  -31.580  11.57  302.71  51.10  960.24  1.18  43.72  0.69
81131.0  26.000  15.570  -31.580  11.67  302.70  51.70  959.50  0.16  29.33  1.15
81132.0  25.940  15.670  -31.580  11.75  302.70  52.23  958.91  0.52  354.10  1.11
81133.0  25.780  15.730  -31.580  11.80  302.59  52.92  958.33  0.15  26.67  1.81
81134.0  25.740  15.710  -31.580  11.80  302.62  53.02  957.57  -0.03  11.88  1.86
81135.0  25.650  15.730  -31.580  11.82  302.60  53.37  956.73  -0.57  6.94  1.79
81136.0  25.540  15.780  -31.580  11.87  302.54  53.91  956.10  -0.43  16.99  2.44
81137.0  25.550  15.870  -31.580  11.95  302.60  54.21  955.62  0.00  9.52  2.35
81138.0  25.530  15.970  -31.580  12.03  302.64  54.61  954.88  -0.06  3.64  1.77
81139.0  25.470  15.960  -31.580  12.03  302.64  54.79  954.18  0.26  10.03  1.81
81140.0  25.400  15.940  -31.580  12.03  302.65  54.93  953.39  -0.32  19.63  1.65
81141.0  25.440  15.980  -31.580  12.07  302.77  54.93  952.51  -1.34  356.03  1.88
81142.0  25.410  16.020  -31.580  12.11  302.78  55.18  952.06  -0.54  343.76  1.91
81143.0  25.390  16.000  -31.580  12.10  302.81  55.19  951.46  -0.32  335.05  2.44
81144.0  25.230  15.960  -31.580  12.09  302.73  55.61  950.60  0.08  337.22  1.86
81145.0  25.130  15.960  -31.580  12.09  302.69  55.95  949.89  0.08  339.89  1.66
81146.0  25.040  15.940  -31.580  12.09  302.67  56.19  949.05  0.17  346.33  1.61
81147.0  24.990  15.860  -31.580  12.03  302.66  56.08  948.66  0.14  343.94  1.80
81148.0  24.950  15.760  -31.580  11.95  302.67  55.81  948.15  -0.28  339.04  2.19
81149.0  24.840  15.730  -31.580  11.95  302.63  56.10  947.36  -0.34  341.16  2.23
81150.0  24.790  15.780  -31.580  12.00  302.66  56.47  946.39  0.06  334.50  1.84
81151.0  24.690  15.840  -31.580  12.05  302.64  57.01  945.55  0.55  335.70  1.81
81152.0  24.620  15.840  -31.580  12.06  302.62  57.27  945.01  0.72  350.39  1.63
81153.0  24.600  15.780  -31.580  12.02  302.64  57.11  944.62  0.59  339.50  1.61
81154.0  24.560  15.720  -31.580  11.98  302.64  57.06  944.09  0.73  338.67  1.51
81155.0  24.490  15.730  -31.580  11.99  302.62  57.33  943.58  0.79  339.11  1.76
81156.0  24.440  15.760  -31.580  12.02  302.60  57.60  943.27  0.84  342.87  2.00
81157.0  24.390  15.740  -31.580  12.01  302.57  57.70  942.96  1.16  346.07  2.15
81158.0  24.350  15.700  -31.580  11.99  302.57  57.73  942.47  0.50  347.19  1.89
81159.0  24.330  15.690  -31.580  11.98  302.60  57.74  942.05  0.10  350.84  2.23
81160.0  24.340  15.740  -31.580  12.02  302.65  57.89  941.49  0.11  351.00  2.68
81161.0  24.270  15.760  -31.580  12.05  302.65  58.21  940.77  -0.28  351.04  2.56
81162.0  24.200  15.730  -31.580  12.04  302.66  58.38  939.81  -0.34  348.17  2.10
81163.0  24.150  15.710  -31.580  12.03  302.67  58.47  939.16  -0.11  350.80  2.01
81164.0  24.090  15.680  -31.580  12.02  302.64  58.60  938.82  -0.23  356.85  2.31
81165.0  24.020  15.640  -31.580  11.99  302.61  58.69  938.40  -0.74  8.62  2.47
81166.0  23.990  15.650  -31.580  12.00  302.62  58.81  937.96  -0.34  11.07  2.60
81167.0  23.930  15.640  -31.580  12.01  302.64  58.99  937.20  -0.88  6.73  2.35
81168.0  23.900  15.630  -31.580  12.00  302.65  59.06  936.65  -0.34  13.82  2.04
81169.0  23.850  15.610  -31.580  12.00  302.65  59.17  936.08  -0.39  17.41  2.15
81170.0  23.820  15.600  -31.580  12.00  302.67  59.25  935.63  0.04  17.00  2.16
81171.0  23.780  15.600  -31.580  12.00  302.68  59.40  935.01  -0.03  10.62  1.76
81172.0  23.770  15.570  -31.580  11.99  302.74  59.30  934.35  0.04  358.88  1.55
81173.0  23.720  15.540  -31.580  11.97  302.74  59.38  933.68  0.29  0.15  1.69
81174.0  23.610  15.500  -31.580  11.95  302.70  59.63  932.88  0.72  0.39  1.41
81175.0  23.550  15.460  -31.580  11.93  302.71  59.68  932.20  0.90  353.72  1.30
81176.0  23.500  15.430  -31.580  11.91  302.71  59.73  931.62  1.27  358.16  2.23
81177.0  23.400  15.440  -31.580  11.92  302.65  60.17  931.07  0.59  355.62  1.65
81178.0  23.360  15.410  -31.580  11.91  302.66  60.19  930.67  0.80  0.36  1.84
81179.0  23.300  15.360  -31.580  11.88  302.62  60.24  930.40  0.67  14.58  1.94
81180.0  23.280  15.400  -31.580  11.91  302.63  60.45  930.07  0.75  11.60  1.60
81181.0  23.240  15.400  -31.580  11.92  302.65  60.61  929.44  0.63  11.85  1.29
81182.0  23.250  15.320  -31.580  11.86  302.70  60.28  928.90  0.69  13.41  1.36
81183.0  23.230  15.250  -31.580  11.81  302.72  60.05  928.58  1.53  358.03  1.61
81184.0  23.160  15.250  -31.580  11.82  302.70  60.32  927.92  1.95  10.94  1.79
81185.0  23.110  15.220  -31.580  11.81  302.73  60.39  927.10  2.17  6.36  1.98
81186.0  23.070  15.220  -31.580  11.82  302.76  60.54  926.35  1.75  355.75  1.87
81187.0  23.030  15.190  -31.580  11.81  302.79  60.58  925.61  1.21  343.96  2.43
81188.0  22.970  15.200  -31.580  11.82  302.79  60.83  925.00  0.73  344.61  2.34
81189.0  22.930  15.220  -31.580  11.84  302.80  61.06  924.38  0.63  350.62  2.85
81190.0  22.770  15.180  -31.580  11.82  302.69  61.53  923.85  1.37  12.28  2.58
81191.0  22.720  15.120  -31.580  11.78  302.70  61.49  923.08  1.49  17.99  2.58
81192.0  22.720  15.120  -31.580  11.79  302.80  61.47  922.09  1.46  2.76  3.10
81193.0  22.600  15.140  -31.580  11.83  302.79  61.99  920.89  0.74  346.53  2.44
81194.0  22.490  15.150  -31.580  11.85  302.76  62.49  920.01  -0.04  348.98  2.01
81195.0  22.440  15.150  -31.580  11.86  302.79  62.68  919.12  0.29  354.65  2.20
81196.0  22.410  15.080  -31.580  11.81  302.83  62.50  918.32  -0.45  352.57  1.67
81197.0  22.400  15.030  -31.580  11.79  302.88  62.35  917.72  -0.15  8.99  2.16
81198.0  22.350  15.020  -31.580  11.79  302.91  62.50  916.93  0.39  9.62  1.56
81199.0  22.290  14.960  -31.580  11.75  302.92  62.50  916.09  0.48  9.42  1.48
81200.0  22.250  14.840  -31.580  11.67  302.97  62.17  915.05  0.63  353.29  1.41
81201.0  22.050  14.740  -31.580  11.61  302.88  62.52  913.94  0.48  7.48  1.17
81202.0  21.970  14.690  -31.580  11.59  302.91  62.64  912.78  0.59  18.84  1.45
81203.0  21.910  14.690  -31.580  11.60  302.93  62.87  911.85  1.05  9.85  1.76
81204.0  21.810  14.670  -31.580  11.60  302.93  63.19  910.73  0.76  0.70  1.11
81205.0  21.690  14.590  -31.580  11.55  302.92  63.32  909.60  0.51  2.06  0.89
81206.0  21.640  14.570  -31.580  11.55  302.96  63.46  908.65  0.65  9.70  1.23
81207.0  21.620  14.610  -31.580  11.58  302.99  63.65  908.12  0.99  6.27  1.45
81208.0  21.520  14.580  -31.580  11.58  302.95  63.98  907.51  0.88  359.32  0.83
81209.0  21.500  14.470  -31.580  11.50  303.00  63.59  906.68  0.16  15.09  0.61
81210.0  21.480  14.370  -31.580  11.43  303.03  63.24  906.08  0.50  22.86  0.62
81211.0  21.380  14.320  -31.580  11.40  302.98  63.46  905.64  0.78  8.71  0.50
81212.0  21.360  14.350  -31.580  11.43  303.03  63.63  904.88  0.43  349.41  0.63
81213.0  21.270  14.390  -31.580  11.47  303.02  64.18  903.99  0.11  296.38  0.59
81214.0  21.240  14.390  -31.580  11.48  303.07  64.27  903.23  0.56  321.98  1.04
81215.0  21.130  14.400  -31.580  11.51  303.05  64.79  902.25  0.95  341.66  0.68
81216.0  21.030  14.490  -31.580  11.59  303.07  65.60  900.95  0.32  313.82  0.50
81217.0  20.940  14.560  -31.580  11.66  303.10  66.25  899.63  0.86  353.79  1.02
81218.0  20.830  14.580  -31.580  11.69  303.10  66.82  898.41  1.22  18.97  1.59
81219.0  20.710  14.540  -31.580  11.67  303.08  67.13  897.36  1.78  21.53  1.82
81220.0  20.660  14.520  -31.580  11.68  303.13  67.29  896.31  2.54  0.24  1.78
81221.0  20.540  14.580  -31.580  11.73  303.12  68.02  895.19  2.41  358.98  2.16
81222.0  20.460  14.620  -31.580  11.78  303.14  68.60  894.08  2.22  350.43  1.86
81223.0  20.360  14.610  -31.580  11.79  303.16  68.98  892.84  1.92  341.97  2.10
81224.0  20.200  14.640  -31.580  11.83  303.09  69.81  891.78  1.41  343.28  1.73
81225.0  20.150  14.710  -31.580  11.89  303.15  70.35  890.65  1.35  329.44  1.99
81226.0  20.040  14.730  -31.580  11.93  303.14  70.94  889.62  1.68  322.80  1.92
81227.0  19.940  14.760  -31.580  11.97  303.13  71.54  888.60  1.54  349.56  2.51
81228.0  19.800  14.760  -31.580  11.98  303.09  72.19  887.54  0.89  0.93  2.47
