flight/WP3D/AircraftMis_NP3_20130622_RA.ict
43  1001
Ken Aikin
NOAA ESRL Chemical Sciences Division
various aircraft sensors
SENEX 2013
1  1
2013  06  22  2013  06  22
1
AOCTimewave
8
1  1  1  1  1  1  1  1
-9999  -9999  -9999  -9999  -9999  -9999  -9999  -9999
Attack  deg
CabinPrs  mbar
GndSpd  m/s
Heading  deg
Pitch  deg
Roll  deg
Slip  deg
TrueAirSpd  m/s
3
SPECIAL COMMENTS:Atlanta flight. AOC data system crash between 20:45:42 and 21:09:09. 
New TDL Dew Pt Temp instrument for this flight.
No H2O  PoTemp  H2Omr from takeoff until about 1615 for now. Order of parameters in AOC data stream had been changed. Switched back at 16:15.
18
PI_CONTACT_INFO: Address: NOAA ESRL Chemical Sciences Division  Mail Stop R/CSD7  325 Broadway  Boulder  CO 80305
PLATFORM: NOAA WP-3D
LOCATION: The aircraft was stationed in  Smyrna  Tennessee. Aircraft location information in AircraftPosition file.
ASSOCIATED_DATA: N/A
INSTRUMENT_INFO: N/A
DATA_INFO: Units: Attack degrees; CabinPrs millibar; GndSpd m/s; Heading degrees; Pitch degrees; Roll degrees; Slip degrees; TrueAirSpd m/s
UNCERTAINTY: N/A
ULOD_FLAG: -7777
ULOD_VALUE: N/A
LLOD_FLAG: -8888
LLOD_VALUE: N/A
DM_CONTACT_INFO: Data Manager:Ken Aikin; email:Kenneth.C.Aikin@noaa.gov
PROJECT_INFO: SENEX 2013 Study; June 1 - July 15  2013
STIPULATIONS_ON_USE: Use of these data require prior ok from PI.
OTHER_COMMENTS:       None
REVISION: RA
RA: Preliminary Data.  For in-field use.
AOCTimewave  Attack  CabinPrs  GndSpd  Heading  Pitch  Roll  Slip  TrueAirSpd
[from data line 4496]
58573.0  2.6  959.3  115.6  183.5  1.64  23.16  -0.50  113.3
58574.0  2.4  960.0  115.9  185.2  1.72  21.75  0.09  114.6
58575.0  2.2  959.7  116.3  187.1  1.67  21.89  -0.35  115.0
58576.0  2.5  959.9  116.6  188.9  2.01  22.07  -0.08  114.6
58577.0  3.1  959.5  116.9  190.9  2.36  20.44  0.18  114.2
58578.0  2.6  960.1  117.2  192.8  1.96  17.69  -0.30  115.5
58579.0  1.8  959.8  117.5  194.1  1.54  12.81  -0.62  115.6
58580.0  1.9  959.9  117.8  195.0  1.66  8.05  -1.01  116.4
58581.0  2.7  959.7  118.1  195.2  2.02  5.15  -1.29  116.3
58582.0  2.0  959.9  118.4  195.0  1.81  3.02  0.08  116.1
58583.0  2.4  960.0  118.6  195.2  1.85  1.31  0.25  117.0
58584.0  2.3  960.5  118.8  195.6  1.90  0.25  -0.40  116.6
58585.0  1.9  960.0  119.1  195.6  1.73  -0.30  -1.18  116.8
58586.0  1.6  960.2  119.3  195.0  1.81  -1.43  -0.45  116.9
58587.0  2.3  960.0  119.4  194.7  2.43  -1.58  0.06  117.2
58588.0  2.0  960.3  119.5  194.7  2.46  -1.18  0.04  118.2
58589.0  1.8  960.4  119.5  194.8  2.29  -0.70  -0.33  117.9
58590.0  2.4  960.5  119.6  194.8  2.52  -0.19  -0.49  118.3
58591.0  2.1  960.2  119.7  194.7  2.32  -0.21  -0.47  118.3
58592.0  1.9  960.2  119.8  194.6  1.99  -0.32  0.08  117.8
58593.0  2.2  960.3  119.9  194.8  2.10  0.01  -0.49  117.0
58594.0  1.7  960.2  120.1  194.8  1.90  -0.44  0.01  117.0
58595.0  2.2  960.3  120.2  194.9  2.06  -0.69  -0.60  118.2
58596.0  1.5  960.2  120.4  194.7  1.93  -0.34  -0.54  117.5
58597.0  2.1  960.2  120.5  194.4  1.85  -0.28  -0.45  118.1
58598.0  1.9  960.2  120.7  194.2  1.92  -0.43  0.10  118.2
58599.0  1.7  960.7  120.8  194.4  1.66  0.49  -0.77  119.3
58600.0  1.7  960.2  121.0  194.1  1.63  1.01  -0.53  120.7
58601.0  1.8  960.5  121.1  194.0  1.62  1.38  -0.22  120.4
58602.0  1.8  960.6  121.3  194.0  1.52  1.02  0.60  119.7
58603.0  1.7  960.1  121.4  194.5  1.35  0.98  -0.01  119.7
58604.0  1.8  960.6  121.6  194.8  1.30  1.53  -0.12  119.5
58605.0  1.6  960.4  121.8  195.1  1.25  0.48  -0.18  119.9
58606.0  1.9  960.2  122.1  195.3  1.41  0.17  -1.08  119.5
58607.0  1.7  960.6  122.2  195.0  1.26  -0.09  -0.09  120.3
58608.0  1.8  960.5  122.4  195.1  1.25  0.27  -0.76  120.8
58609.0  1.4  960.7  122.6  194.9  1.13  -0.11  -0.31  121.2
58610.0  1.4  960.5  122.8  194.8  1.35  -0.82  0.16  120.9
58611.0  2.0  960.7  122.9  195.0  1.63  -0.54  -0.35  121.3
58612.0  1.8  960.6  122.8  194.9  1.54  -0.23  -0.47  121.1
58613.0  1.7  960.8  122.6  194.8  1.51  -0.35  -0.35  120.7
58614.0  1.9  960.8  122.4  194.7  1.67  -0.26  -0.11  119.8
58615.0  1.9  960.3  122.2  194.8  1.81  0.16  0.14  119.7
58616.0  2.0  960.9  121.8  195.1  2.00  0.18  0.06  119.5
58617.0  2.5  960.8  121.5  195.3  2.18  -0.52  0.01  119.7
58618.0  1.6  961.1  121.2  195.4  1.92  -1.09  -0.79  119.6
58619.0  2.0  961.1  120.8  195.0  2.05  -1.38  -0.27  118.9
58620.0  2.1  961.1  120.4  194.9  2.29  -0.50  -0.32  119.3
58621.0  1.9  960.8  120.0  194.8  2.28  -0.05  -0.47  118.8
58622.0  2.4  961.2  119.6  194.6  2.57  -0.31  -0.06  118.6
58623.0  2.0  960.9  119.2  194.6  2.35  -0.16  -0.59  117.9
58624.0  2.3  961.0  118.8  194.4  2.36  0.36  -0.13  116.7
58625.0  2.5  961.5  118.5  194.4  2.53  0.18  -0.08  115.8
58626.0  2.1  960.2  118.2  194.5  2.30  0.44  -0.47  115.6
58627.0  2.4  960.8  118.0  194.4  2.50  0.36  -0.02  114.6
58628.0  2.7  960.7  117.8  194.5  2.53  0.32  0.34  114.5
58629.0  2.3  961.3  117.6  194.8  2.22  -0.04  0.26  114.8
58630.0  2.0  960.9  117.4  195.1  2.18  -0.02  -0.39  114.4
58631.0  2.2  961.1  117.2  195.1  2.24  -0.76  -0.28  114.0
58632.0  2.5  960.7  117.0  195.0  2.38  -0.93  -0.43  114.2
58633.0  2.0  960.5  116.8  194.8  2.38  -1.04  -0.14  114.1
58634.0  2.2  960.9  116.6  194.7  2.60  -0.66  -0.41  114.4
58635.0  2.5  961.1  116.4  194.5  2.84  -0.50  0.02  114.6
58636.0  2.3  960.8  116.1  194.6  2.75  -0.40  -0.11  114.0
58637.0  2.3  961.2  115.9  194.5  2.87  -0.25  0.05  113.6
58638.0  2.7  960.9  115.6  194.6  3.09  -0.31  0.30  113.7
58639.0  2.8  960.9  115.4  194.8  3.04  -0.29  -0.20  113.4
58640.0  2.5  961.1  115.3  194.8  2.78  -0.42  -0.47  113.2
58641.0  2.6  961.0  115.2  194.7  2.73  -0.35  -0.53  112.7
58642.0  3.0  961.3  115.1  194.5  2.77  -0.16  0.22  113.0
58643.0  3.0  961.2  115.1  194.6  2.72  0.07  -0.17  112.9
58644.0  1.8  961.0  115.0  194.7  2.00  0.19  -0.62  113.0
58645.0  2.2  961.4  115.0  194.5  2.16  0.25  -0.81  113.6
58646.0  2.2  961.0  115.0  194.1  2.47  0.11  0.08  113.4
58647.0  2.2  961.2  114.9  194.1  2.49  -0.20  -0.27  113.0
58648.0  2.3  961.0  114.9  194.0  2.52  0.49  -0.15  112.7
58649.0  2.3  961.1  114.8  194.0  2.58  0.63  -0.28  112.6
58650.0  2.4  961.1  114.8  193.9  2.59  0.60  -0.30  112.8
58651.0  2.4  960.9  114.7  193.9  2.75  0.90  -0.11  112.4
58652.0  2.6  961.2  114.7  193.9  2.88  0.93  0.13  112.7
58653.0  2.8  961.0  114.6  194.1  2.90  0.62  0.12  112.4
58654.0  2.6  960.8  114.5  194.3  2.76  0.59  -0.23  113.3
58655.0  2.8  961.3  114.5  194.3  2.69  0.40  0.49  112.1
58656.0  2.7  961.0  114.5  194.6  2.60  0.03  -0.01  111.3
58657.0  2.5  960.9  114.5  194.8  2.38  0.08  -0.65  110.9
58658.0  2.4  960.5  114.5  194.6  2.42  0.37  -0.36  112.0
58659.0  2.6  961.2  114.5  194.5  2.63  -0.77  0.02  111.3
58660.0  2.7  960.9  114.5  194.5  2.68  -0.49  -0.05  110.1
58661.0  2.8  961.4  114.5  194.6  2.69  0.23  -0.42  110.8
58662.0  2.2  960.6  114.5  194.5  2.57  0.20  -0.46  111.4
58663.0  2.6  961.2  114.4  194.3  2.80  0.10  0.42  112.3
58664.0  2.6  960.9  114.4  194.5  3.00  0.01  0.10  112.3
58665.0  2.8  961.1  114.3  194.7  2.90  0.32  -0.13  112.4
58666.0  2.5  960.8  114.2  194.8  2.70  -0.19  0.22  113.4
58667.0  2.1  961.1  114.2  195.0  2.59  -0.72  -0.02  112.2
58668.0  2.5  960.7  114.1  195.0  2.82  -0.78  -0.39  111.5
58669.0  3.2  960.8  114.1  194.9  2.99  -0.76  -0.23  111.0
58670.0  2.8  961.0  114.0  194.8  2.77  -0.59  -0.92  111.9
58671.0  2.4  960.9  114.0  194.4  2.35  -0.67  -0.53  112.6
58672.0  2.7  960.8  114.1  194.0  2.32  -0.93  -0.42  112.0
58673.0  2.7  961.4  114.1  193.7  2.29  -0.31  0.04  112.0
58674.0  1.9  961.1  114.1  193.6  2.11  0.96  0.72  112.1
58675.0  2.6  960.9  114.1  194.1  2.43  1.85  0.84  112.0
58676.0  2.9  961.0  114.1  194.8  2.73  0.75  0.39  111.5
58677.0  2.5  961.3  114.1  195.2  2.37  -0.10  -0.98  111.4
58678.0  2.2  961.1  114.2  194.9  2.15  0.26  -1.10  112.0
58679.0  1.9  961.5  114.1  194.5  2.36  0.15  -0.43  113.1
58680.0  2.8  961.2  114.1  194.3  2.91  0.18  -0.36  112.8
58681.0  2.6  961.0  114.0  194.2  2.76  0.79  -0.50  112.9
58682.0  2.3  961.1  114.0  194.0  2.53  0.46  -0.45  112.7
58683.0  2.7  961.2  113.9  193.8  2.76  0.36  -0.46  113.7
58684.0  2.5  961.0  113.8  193.6  2.84  0.66  -0.23  113.0
58685.0  2.5  961.1  113.8  193.5  2.82  1.48  0.32  111.7
58686.0  2.6  961.5  113.7  193.8  2.83  1.70  -0.17  111.3
58687.0  2.8  961.1  113.7  193.9  2.85  1.64  0.40  110.3
58688.0  3.4  961.4  113.7  194.3  3.01  0.75  0.22  109.7
58689.0  2.8  961.0  113.7  194.5  2.71  -0.62  -0.28  109.7
58690.0  2.6  961.2  113.7  194.5  2.46  -0.71  0.02  111.7
58691.0  2.3  961.0  113.7  194.5  2.50  -2.39  -0.43  111.9
58692.0  2.1  961.2  113.7  194.3  2.61  -5.35  -0.15  111.6
58693.0  2.4  960.9  113.6  193.8  3.05  -7.56  -0.49  112.1
58694.0  3.2  960.9  113.5  192.9  3.39  -9.05  -0.61  112.2
58695.0  3.1  961.1  113.3  191.9  3.15  -10.62  -0.87  112.2
58696.0  2.9  961.2  113.2  190.7  2.65  -11.53  -0.40  112.1
58697.0  2.5  961.3  113.2  189.5  2.48  -12.41  -0.77  111.2
58698.0  2.4  961.1  113.2  188.1  2.32  -11.97  -0.56  110.2
58699.0  2.7  961.4  113.1  186.7  2.69  -11.17  0.32  112.2
58700.0  2.6  960.9  113.0  185.8  2.77  -9.21  0.28  111.6
58701.0  2.2  961.2  113.0  185.3  2.35  -5.76  0.78  111.5
58702.0  2.3  961.1  113.0  185.3  2.32  -3.44  0.09  111.3
58703.0  2.1  961.0  113.0  185.2  2.44  -1.09  -0.03  111.2
58704.0  2.7  961.3  112.9  185.2  2.78  1.16  0.39  110.9
58705.0  2.8  960.9  112.9  185.6  2.92  2.04  0.13  110.4
58706.0  2.9  961.4  112.9  186.1  2.92  2.42  -0.16  110.6
58707.0  3.2  961.0  112.9  186.4  2.92  1.29  -0.38  110.9
58708.0  2.5  961.3  112.8  186.5  2.67  -0.71  -1.07  111.8
58709.0  2.7  961.2  112.8  186.1  2.58  -1.59  -0.24  111.9
58710.0  3.1  961.2  112.8  185.9  2.74  -1.29  -0.50  111.0
58711.0  2.5  961.3  112.8  185.7  2.61  -0.79  0.40  112.0
58712.0  2.3  960.7  112.8  185.9  2.40  -0.91  -0.02  111.6
58713.0  2.1  961.1  112.8  185.9  2.54  -1.02  -0.60  111.5
58714.0  2.7  961.0  112.8  185.6  2.93  -0.94  -0.46  110.8
58715.0  2.6  961.1  112.7  185.4  2.99  -0.97  -0.23  110.9
58716.0  2.4  960.8  112.6  185.3  2.99  -0.54  -0.30  110.3
58717.0  2.8  961.2  112.5  185.1  3.21  -0.14  -0.41  110.3
58718.0  2.8  961.1  112.5  185.0  3.31  0.02  -0.20  110.3
58719.0  3.0  961.1  112.4  184.9  3.39  0.06  -0.49  110.2
58720.0  3.4  962.0  112.3  184.7  3.35  0.66  -0.16  111.1
58721.0  3.2  961.4  112.2  184.8  3.07  0.73  -0.18  111.3
58722.0  2.3  961.0  112.3  184.9  2.54  0.72  0.78  111.9
58723.0  2.5  961.2  112.4  185.3  2.48  1.01  -0.21  111.9
58724.0  2.3  961.1  112.5  185.5  2.41  1.26  -0.08  112.3
58725.0  2.2  961.2  112.6  185.6  2.43  1.19  -0.14  111.9
58726.0  2.6  961.0  112.8  185.8  2.46  1.31  -0.64  111.6
58727.0  2.2  961.0  112.9  185.7  2.23  0.81  -0.24  111.9
58728.0  2.2  961.5  113.0  185.7  2.24  0.46  -0.16  112.4
58729.0  2.3  961.0  113.2  185.7  2.44  0.43  -0.16  112.5
58730.0  2.2  961.4  113.3  185.8  2.39  0.17  0.49  111.5
58731.0  2.5  961.3  113.4  186.0  2.45  0.27  -0.10  112.2
58732.0  2.3  960.9  113.5  186.1  2.41  0.54  -0.48  112.3
58733.0  2.2  961.1  113.6  186.0  2.39  0.77  -0.25  112.3
58734.0  2.3  961.1  113.7  185.9  2.68  0.13  -0.74  112.4
58735.0  2.9  961.1  113.8  185.5  2.82  -0.15  -0.10  112.3
58736.0  2.7  961.4  113.9  185.4  2.69  0.26  0.17  112.0
58737.0  2.9  961.0  114.0  185.6  2.53  0.67  0.03  112.0
58738.0  3.1  961.4  114.1  185.8  2.42  1.03  0.21  112.6
58739.0  2.3  960.9  114.3  186.0  1.93  0.40  -0.14  112.6
58740.0  1.8  960.7  114.5  186.1  1.75  0.50  -0.40  112.5
58741.0  2.1  961.0  114.6  186.0  2.19  -0.71  0.22  112.0
58742.0  2.6  960.9  114.8  186.1  2.56  -2.26  -1.05  112.1
58743.0  2.2  960.7  114.8  185.6  2.42  -3.25  -0.61  113.6
58744.0  3.1  961.7  114.9  185.0  2.59  -4.26  -0.23  113.8
58745.0  2.6  961.3  115.0  184.7  2.36  -4.90  -0.16  113.7
58746.0  1.8  961.0  115.1  184.3  1.83  -5.76  -0.28  112.9
58747.0  2.6  960.9  115.3  183.8  2.05  -5.98  -0.85  114.0
58748.0  2.3  961.2  115.4  182.9  2.05  -5.41  -0.62  114.5
58749.0  1.9  961.2  115.5  182.1  1.88  -5.34  -0.46  114.2
58750.0  2.4  961.2  115.6  181.4  2.15  -4.51  0.05  115.4
58751.0  2.2  961.0  115.6  181.0  2.29  -4.09  0.45  115.6
58752.0  2.0  961.0  115.7  180.9  2.12  -4.81  0.35  115.2
58753.0  2.1  960.8  115.7  180.9  2.22  -4.94  -0.30  115.4
58754.0  2.0  961.0  115.8  180.6  2.26  -5.03  -0.10  115.1
58755.0  2.2  960.8  115.8  180.3  2.39  -5.26  -0.27  115.0
58756.0  2.4  961.0  115.9  179.9  2.48  -4.55  -0.08  115.2
58757.0  2.2  961.4  115.9  179.7  2.42  -4.41  -0.56  115.2
58758.0  2.3  961.1  115.9  179.3  2.44  -4.89  -0.63  114.9
58759.0  2.5  960.9  116.0  178.8  2.45  -4.24  -0.91  115.3
58760.0  2.2  961.2  116.0  178.1  2.43  -3.48  -0.46  114.6
58761.0  2.2  960.7  116.1  177.6  2.48  -3.37  0.03  114.7
58762.0  2.4  960.7  116.1  177.4  2.59  -2.66  -0.30  114.7
58763.0  2.0  961.0  116.1  177.2  2.42  -1.75  -0.44  114.8
58764.0  2.1  960.9  116.1  176.9  2.41  -1.56  -0.08  115.0
58765.0  2.5  961.3  116.1  176.8  2.74  -1.44  0.08  114.9
58766.0  2.2  960.9  116.1  176.9  2.65  -0.99  -0.51  114.9
58767.0  2.2  960.8  116.2  176.7  2.46  -0.80  -0.24  114.9
58768.0  2.2  961.3  116.2  176.6  2.59  -0.89  -0.27  115.0
58769.0  2.1  961.1  116.2  176.5  2.65  -0.88  -0.24  115.2
58770.0  2.2  961.3  116.2  176.5  2.72  -0.58  0.08  115.1
58771.0  2.3  960.7  116.2  176.6  2.76  -0.66  -0.12  114.5
58772.0  2.3  961.3  116.2  176.7  2.70  -0.38  -0.53  114.3
58773.0  2.4  960.9  116.2  176.6  2.68  -0.29  -0.39  114.6
58774.0  2.1  960.9  116.3  176.5  2.56  -0.64  -0.29  114.3
58775.0  2.2  961.3  116.3  176.4  2.72  -0.66  -0.01  113.8
58776.0  2.3  960.7  116.3  176.5  2.71  -0.46  0.05  112.9
58777.0  2.2  961.2  116.4  176.7  2.74  0.58  0.06  113.3
58778.0  2.5  960.6  116.4  176.9  2.83  1.02  0.14  114.0
58779.0  2.7  960.9  116.4  177.2  2.88  0.37  -0.50  113.6
58780.0  2.0  961.1  116.4  177.3  2.46  0.12  -0.15  113.8
58781.0  2.0  961.4  116.5  177.4  2.44  0.38  -0.77  114.2
58782.0  2.5  961.2  116.6  177.2  2.69  0.30  -1.12  114.0
58783.0  2.3  960.8  116.6  176.7  2.63  0.01  -0.45  113.4
58784.0  2.2  961.2  116.7  176.5  2.46  0.12  -0.06  113.5
58785.0  2.5  960.8  116.7  176.6  2.66  1.12  0.13  112.3
58786.0  2.4  961.1  116.8  176.8  2.61  1.45  -0.29  112.8
58787.0  2.5  961.3  116.9  177.0  2.50  0.83  0.36  114.3
58788.0  2.4  961.0  116.9  177.3  2.41  0.10  -1.15  116.7
58789.0  2.1  960.8  117.0  177.0  2.06  1.18  -0.08  116.3
58790.0  1.9  961.2  117.1  177.0  1.95  1.81  -0.20  116.2
58791.0  2.7  961.1  117.2  177.1  2.08  1.37  0.46  114.3
58792.0  2.3  961.2  117.3  177.5  1.74  0.89  0.29  114.7
58793.0  1.5  960.8  117.5  177.8  1.36  2.28  -0.75  114.0
58794.0  1.8  960.9  117.7  177.8  1.59  2.93  -0.82  114.6
58795.0  2.0  961.0  117.9  177.8  1.97  2.33  -0.13  115.2
58796.0  2.1  960.9  118.0  178.0  2.09  2.19  -0.35  115.7
58797.0  2.2  960.8  118.1  178.1  2.13  2.21  -0.48  115.6
58798.0  2.1  960.9  118.2  178.1  2.10  2.16  -0.56  116.1
58799.0  2.2  961.3  118.3  178.1  2.10  2.83  -0.45  116.1
58800.0  2.5  961.0  118.3  178.1  2.29  3.11  0.01  116.0
58801.0  2.0  961.3  118.4  178.5  2.10  3.00  -0.13  115.8
58802.0  2.0  961.0  118.5  178.7  2.14  2.43  0.77  116.2
58803.0  2.4  961.1  118.6  179.4  2.43  1.58  0.30  115.9
58804.0  2.2  961.2  118.6  179.8  2.35  1.45  -0.30  116.1
58805.0  1.9  961.3  118.7  180.0  2.23  0.93  -0.45  116.4
58806.0  2.3  960.9  118.7  180.0  2.36  0.24  -0.39  115.7
58807.0  2.4  961.2  118.8  180.0  2.51  0.20  -0.44  115.6
58808.0  2.4  961.0  118.8  179.9  2.29  0.34  -0.26  115.4
58809.0  2.5  961.4  118.9  179.9  2.30  0.10  0.33  116.3
58810.0  1.9  960.8  118.9  180.2  2.00  0.05  -0.29  116.1
58811.0  1.9  960.9  119.0  180.2  1.88  0.08  -0.51  116.3
58812.0  2.0  961.0  119.1  180.0  2.04  0.08  -0.48  115.9
58813.0  2.0  961.4  119.2  179.9  2.06  0.12  -0.12  115.8
58814.0  2.2  960.8  119.3  180.0  2.11  0.50  0.31  116.1
58815.0  1.9  961.0  119.4  180.3  2.00  0.44  -0.16  115.9
58816.0  2.3  961.0  119.5  180.4  2.00  -0.43  -0.73  116.0
58817.0  2.3  961.1  119.6  180.2  1.94  -0.12  -0.35  116.4
58818.0  1.9  961.5  119.7  180.1  1.66  0.01  -0.34  115.9
58819.0  1.7  961.1  119.8  180.0  1.69  0.08  -0.45  116.2
58820.0  1.6  961.2  119.9  179.9  1.76  0.42  -0.19  118.0
58821.0  1.9  961.1  120.0  179.9  2.06  0.51  -0.86  118.3
58822.0  2.2  961.0  120.0  179.6  2.13  0.54  -0.62  118.5
58823.0  2.1  961.2  120.1  179.4  2.03  0.67  0.03  118.8
58824.0  1.7  961.4  120.1  179.4  1.97  0.77  0.02  118.3
58825.0  1.7  961.0  120.1  179.6  1.93  0.96  0.11  118.5
58826.0  2.0  960.9  120.2  179.8  2.20  0.69  -0.06  118.3
58827.0  2.0  960.9  120.2  180.0  2.16  0.61  -0.17  118.0
58828.0  2.5  961.1  120.2  180.1  2.23  0.32  -0.24  118.1
58829.0  1.8  961.3  120.3  180.1  1.89  -0.10  -0.65  118.4
58830.0  1.9  961.3  120.4  179.9  1.72  0.01  -0.52  118.1
58831.0  1.9  961.2  120.5  179.8  1.84  0.31  0.26  117.3
58832.0  2.2  961.1  120.5  180.0  1.83  0.33  0.19  118.8
58833.0  2.0  960.7  120.6  180.3  1.80  0.50  -0.15  120.3
58834.0  1.2  961.2  120.6  180.4  1.47  0.07  -0.59  120.7
58835.0  1.4  961.1  120.7  180.3  1.70  0.34  -0.99  119.4
58836.0  1.8  961.1  120.7  179.8  2.10  -0.05  -0.37  118.7
58837.0  2.1  960.7  120.7  179.7  2.19  -0.25  -0.04  118.8
