flight/WP3D/AircraftMis_NP3_20130702_RA.ict
41  1001
Ken Aikin
NOAA ESRL Chemical Sciences Division
various aircraft sensors
SENEX 2013
1  1
2013  07  02  2013  07  02
1
AOCTimewave
8
1  1  1  1  1  1  1  1
-9999  -9999  -9999  -9999  -9999  -9999  -9999  -9999
Attack  deg
CabinPrs  mbar
GndSpd  m/s
Heading  deg
Pitch  deg
Roll  deg
Slip  deg
TrueAirSpd  m/s
1
SPECIAL COMMENTS:Birmingham PP night flight.
18
PI_CONTACT_INFO: Address: NOAA ESRL Chemical Sciences Division  Mail Stop R/CSD7  325 Broadway  Boulder  CO 80305
PLATFORM: NOAA WP-3D
LOCATION: The aircraft was stationed in  Smyrna  Tennessee. Aircraft location information in AircraftPosition file.
ASSOCIATED_DATA: N/A
INSTRUMENT_INFO: N/A
DATA_INFO: Units: Attack degrees; CabinPrs millibar; GndSpd m/s; Heading degrees; Pitch degrees; Roll degrees; Slip degrees; TrueAirSpd m/s
UNCERTAINTY: N/A
ULOD_FLAG: -7777
ULOD_VALUE: N/A
LLOD_FLAG: -8888
LLOD_VALUE: N/A
DM_CONTACT_INFO: Data Manager:Ken Aikin; email:Kenneth.C.Aikin@noaa.gov
PROJECT_INFO: SENEX 2013 Study; June 1 - July 15  2013
STIPULATIONS_ON_USE: Use of these data require prior ok from PI.
OTHER_COMMENTS:       None
REVISION: RA
RA: Preliminary Data.  For in-field use.
AOCTimewave  Attack  CabinPrs  GndSpd  Heading  Pitch  Roll  Slip  TrueAirSpd
[from data line 19954]
24072.0  2.1  982.4  114.6  301.6  1.89  -23.12  -0.01  112.3
24073.0  2.1  982.3  114.6  299.4  1.92  -23.12  0.00  112.3
24074.0  2.0  982.9  114.6  297.4  1.87  -23.18  -0.10  112.4
24075.0  2.1  982.8  114.6  295.2  1.90  -23.18  -0.07  112.4
24076.0  2.1  982.5  114.6  293.0  1.95  -23.13  -0.08  112.3
24077.0  2.1  982.5  114.7  290.9  1.96  -22.92  -0.07  112.4
24078.0  2.0  982.5  114.7  288.8  1.84  -22.76  -0.03  112.3
24079.0  2.1  982.5  114.7  286.7  1.89  -22.87  -0.06  112.4
24080.0  2.1  982.3  114.7  284.6  1.89  -23.16  -0.07  112.4
24081.0  2.1  982.3  114.8  282.4  1.89  -23.36  -0.08  112.4
24082.0  2.1  982.3  114.8  280.1  1.92  -23.36  -0.11  112.6
24083.0  2.1  982.5  114.8  277.8  1.93  -23.29  0.00  112.7
24084.0  2.0  982.9  114.8  275.6  1.92  -23.38  0.02  112.7
24085.0  2.0  982.3  114.8  273.4  1.91  -23.42  0.04  112.8
24086.0  2.0  982.1  114.8  271.2  1.93  -23.28  0.05  112.9
24087.0  2.0  982.4  114.8  269.1  1.86  -21.46  0.23  113.0
24088.0  1.8  982.4  114.9  267.3  1.61  -18.98  0.31  112.9
24089.0  1.8  982.5  114.9  265.7  1.62  -17.81  0.24  113.2
24090.0  1.7  982.6  115.0  264.3  1.51  -14.92  0.27  113.3
24091.0  1.6  982.6  115.0  263.1  1.33  -10.65  0.41  113.3
24092.0  1.6  982.3  115.1  262.4  1.31  -6.24  0.55  113.4
24093.0  1.5  982.2  115.3  262.1  1.17  -2.12  0.45  113.7
24094.0  1.5  982.5  115.4  262.1  1.18  1.40  0.49  113.9
24095.0  1.6  982.2  115.5  262.4  1.31  3.34  0.35  114.0
24096.0  1.6  982.2  115.6  262.8  1.36  3.78  0.21  114.2
24097.0  1.5  982.6  115.7  263.1  1.38  2.58  0.03  114.3
24098.0  1.5  982.5  115.9  263.3  1.44  3.79  0.13  114.5
24099.0  1.5  982.4  115.9  263.6  1.52  4.56  0.22  114.5
24100.0  1.5  982.4  116.0  264.0  1.55  4.71  0.21  114.8
24101.0  1.5  982.4  116.1  264.3  1.52  4.59  0.18  114.9
24102.0  1.5  982.4  116.1  264.7  1.55  4.55  0.22  115.1
24103.0  1.5  982.6  116.2  265.0  1.61  4.48  0.21  115.1
24104.0  1.4  982.6  116.2  265.3  1.58  4.37  0.28  115.2
24105.0  1.4  982.6  116.3  265.7  1.55  4.31  0.19  115.2
24106.0  1.4  982.5  116.3  266.0  1.57  4.35  0.23  115.4
24107.0  1.4  982.8  116.4  266.3  1.54  4.35  0.25  115.5
24108.0  1.4  982.5  116.4  266.6  1.58  4.32  0.22  115.6
24109.0  1.4  982.6  116.5  266.8  1.57  4.27  0.26  115.5
24110.0  1.4  982.5  116.5  267.1  1.56  4.17  0.25  115.5
24111.0  1.4  982.5  116.6  267.5  1.51  4.13  0.22  115.5
24112.0  1.4  982.6  116.6  267.7  1.54  4.13  0.25  115.4
24113.0  1.4  982.4  116.7  268.0  1.54  4.12  0.26  115.3
24114.0  1.4  982.6  116.7  268.3  1.48  4.13  0.24  115.5
24115.0  1.4  982.8  116.8  268.6  1.46  4.08  0.25  115.6
24116.0  1.4  982.8  116.8  268.9  1.51  3.59  0.37  115.4
24117.0  1.4  982.6  116.9  269.2  1.55  3.33  0.33  115.4
24118.0  1.4  982.5  116.9  269.5  1.43  2.91  0.16  115.5
24119.0  1.4  982.7  117.0  269.6  1.52  3.14  0.32  115.6
24120.0  1.5  982.8  117.0  269.9  1.58  3.25  0.26  115.7
24121.0  1.4  982.5  117.1  270.1  1.45  3.42  0.18  115.6
24122.0  1.4  982.6  117.1  270.3  1.41  3.27  0.16  115.6
24123.0  1.4  983.0  117.2  270.5  1.41  2.65  0.16  115.7
24124.0  1.4  982.6  117.3  270.6  1.39  2.29  0.28  115.7
24125.0  1.5  982.4  117.3  270.8  1.47  1.11  0.14  115.8
24126.0  1.4  982.2  117.4  270.7  1.43  0.22  0.03  116.0
24127.0  1.3  982.4  117.4  270.6  1.39  0.26  0.19  116.2
24128.0  1.4  982.8  117.5  270.5  1.43  -0.12  0.21  116.3
24129.0  1.4  982.7  117.5  270.4  1.41  -0.09  0.18  116.5
24130.0  1.3  982.5  117.6  270.3  1.34  0.17  0.17  116.6
24131.0  1.3  982.8  117.6  270.2  1.39  0.41  0.18  116.6
24132.0  1.3  982.7  117.7  270.2  1.42  0.52  0.24  116.6
24133.0  1.3  982.6  117.7  270.1  1.39  0.24  0.26  116.7
24134.0  1.3  982.6  117.7  270.1  1.36  -0.21  0.22  116.8
24135.0  1.4  982.6  117.8  270.0  1.43  -0.34  0.17  116.7
24136.0  1.4  982.7  117.8  269.8  1.48  -0.19  0.15  116.8
24137.0  1.3  982.8  117.8  269.7  1.32  0.12  0.15  116.9
24138.0  1.3  982.6  117.9  269.6  1.36  0.40  0.17  116.9
24139.0  1.4  982.5  117.9  269.6  1.43  0.52  0.21  117.1
24140.0  1.3  982.5  117.9  269.5  1.39  0.59  0.14  117.2
24141.0  1.3  982.6  118.0  269.5  1.40  0.70  0.23  117.3
24142.0  1.3  982.7  118.0  269.5  1.38  0.73  0.10  117.5
24143.0  1.3  982.5  118.0  269.4  1.34  0.03  0.17  117.5
24144.0  1.3  982.3  118.0  269.3  1.40  -0.84  0.18  117.4
24145.0  1.3  983.0  118.1  269.2  1.35  -0.71  0.29  117.4
24146.0  1.3  982.7  118.1  269.1  1.37  -0.52  0.39  117.4
24147.0  1.3  982.5  118.1  269.1  1.41  -1.00  0.34  117.3
24148.0  1.2  982.5  118.1  269.1  1.33  -0.71  0.27  117.4
24149.0  1.3  982.4  118.1  269.1  1.33  -0.32  0.36  117.1
24150.0  1.4  983.0  118.1  269.2  1.37  -0.87  0.15  117.0
24151.0  1.3  982.3  118.1  269.1  1.34  -1.26  0.01  116.8
24152.0  1.3  982.8  118.1  268.9  1.36  -1.05  0.11  116.5
24153.0  1.3  982.3  118.1  268.8  1.39  -1.53  0.11  116.7
24154.0  1.4  982.6  118.1  268.7  1.36  -1.32  -0.13  117.1
24155.0  1.3  982.7  118.1  268.4  1.34  -0.07  0.05  117.2
24156.0  1.3  982.8  118.1  268.3  1.36  0.56  0.08  117.3
24157.0  1.3  982.9  118.1  268.3  1.37  0.71  0.05  117.4
24158.0  1.2  982.8  118.1  268.3  1.35  0.30  0.14  117.4
24159.0  1.3  982.6  118.1  268.2  1.38  -0.14  0.18  117.4
24160.0  1.2  982.5  118.1  268.2  1.34  -0.24  0.18  117.5
24161.0  1.2  982.7  118.1  268.1  1.33  -0.19  0.15  117.5
24162.0  1.3  982.6  118.1  268.0  1.42  -0.58  0.12  117.5
24163.0  1.2  982.5  118.0  267.9  1.36  -0.65  0.16  117.5
24164.0  1.2  982.7  118.0  267.8  1.35  -0.55  0.15  117.5
24165.0  1.2  982.9  118.0  267.8  1.34  -0.20  0.25  117.3
24166.0  1.3  982.6  118.0  267.8  1.42  0.10  0.24  117.1
24167.0  1.2  982.7  118.0  267.8  1.31  0.15  0.22  117.0
24168.0  1.2  982.7  118.0  267.8  1.29  -0.02  0.18  117.0
24169.0  1.2  982.3  118.0  267.8  1.28  0.11  0.17  117.0
24170.0  1.3  982.7  118.0  267.8  1.41  0.19  0.14  116.9
24171.0  1.3  982.4  118.0  267.7  1.32  0.10  0.16  116.9
24172.0  1.3  982.3  118.0  267.7  1.40  0.14  0.11  116.9
24173.0  1.3  982.8  118.0  267.7  1.34  0.31  0.14  116.9
24174.0  1.2  982.4  118.0  267.6  1.26  0.44  0.05  117.1
24175.0  1.3  982.4  118.0  267.6  1.32  0.51  0.12  117.1
24176.0  1.3  982.4  118.0  267.6  1.32  0.44  0.11  117.1
24177.0  1.3  982.8  118.0  267.5  1.34  0.58  0.13  117.0
24178.0  1.3  982.7  118.0  267.5  1.34  0.72  0.16  117.0
24179.0  1.2  982.5  118.0  267.5  1.29  0.74  0.15  117.0
24180.0  1.3  982.5  118.0  267.5  1.29  0.73  0.22  117.0
24181.0  1.4  982.9  118.0  267.5  1.43  0.77  0.13  117.0
24182.0  1.3  982.3  118.0  267.5  1.35  0.84  0.17  117.1
24183.0  1.2  982.6  118.0  267.5  1.27  0.79  0.20  117.1
24184.0  1.3  982.6  118.0  267.6  1.36  0.78  0.15  117.2
24185.0  1.2  982.6  118.0  267.6  1.34  0.75  0.15  117.2
24186.0  1.3  982.7  118.0  267.6  1.41  0.74  0.21  117.2
24187.0  1.3  982.6  118.0  267.7  1.37  0.67  0.19  117.3
24188.0  1.3  982.7  118.0  267.7  1.34  0.18  0.15  117.4
24189.0  1.3  982.7  118.0  267.6  1.34  -0.34  0.16  117.4
24190.0  1.3  982.6  118.0  267.6  1.29  -0.40  0.22  117.3
24191.0  1.3  982.5  118.0  267.5  1.31  -0.33  0.18  117.2
24192.0  1.2  982.8  118.0  267.4  1.28  -0.14  0.20  117.1
24193.0  1.3  982.5  118.0  267.4  1.32  -0.04  0.10  117.2
24194.0  1.3  982.4  118.0  267.3  1.40  0.06  0.12  117.2
24195.0  1.2  982.7  118.0  267.3  1.30  0.17  0.12  117.1
24196.0  1.3  982.3  118.0  267.2  1.28  0.19  0.16  116.9
24197.0  1.3  982.2  118.0  267.2  1.33  0.31  0.16  117.0
24198.0  1.3  982.6  118.0  267.2  1.33  0.40  0.18  117.2
24199.0  1.3  982.8  118.0  267.2  1.33  0.40  0.25  117.2
24200.0  1.3  982.8  118.0  267.2  1.32  0.37  0.23  117.2
24201.0  1.2  982.7  118.0  267.2  1.29  0.42  0.21  117.3
24202.0  1.2  982.7  118.0  267.2  1.31  0.42  0.24  117.3
24203.0  1.3  982.8  118.0  267.2  1.31  0.32  0.19  117.2
24204.0  1.3  982.6  118.0  267.2  1.32  0.21  0.25  117.2
24205.0  1.3  982.5  118.0  267.2  1.31  0.26  0.24  117.2
24206.0  1.3  982.4  117.9  267.2  1.25  0.41  0.23  117.3
24207.0  1.3  982.8  117.9  267.2  1.31  0.45  0.29  117.4
24208.0  1.3  982.6  117.9  267.3  1.26  0.40  0.21  117.6
24209.0  1.2  982.7  117.8  267.3  1.22  0.37  0.19  117.7
24210.0  1.2  982.7  117.8  267.3  1.22  0.31  0.04  117.6
24211.0  1.2  982.7  117.8  267.2  1.24  0.25  0.15  117.6
24212.0  1.2  982.6  117.8  267.2  1.24  0.36  0.06  117.7
24213.0  1.2  982.6  117.7  267.1  1.21  0.55  0.17  117.7
24214.0  1.2  982.7  117.7  267.1  1.28  0.60  0.33  117.6
24215.0  1.2  982.5  117.6  267.2  1.30  0.62  0.32  117.7
24216.0  1.3  982.4  117.6  267.3  1.33  0.56  0.19  117.3
24217.0  1.3  982.9  117.6  267.3  1.35  0.32  0.11  117.3
24218.0  1.3  982.3  117.5  267.3  1.37  0.27  0.21  117.1
24219.0  1.3  982.7  117.5  267.3  1.36  0.32  0.22  117.1
24220.0  1.3  982.6  117.4  267.3  1.36  0.29  0.14  117.3
24221.0  1.2  982.7  117.4  267.3  1.27  0.20  0.14  117.7
24222.0  1.3  982.7  117.4  267.2  1.33  0.32  0.10  117.6
24223.0  1.3  982.4  117.3  267.2  1.38  0.39  0.18  117.5
24224.0  1.2  982.9  117.3  267.2  1.36  0.38  0.25  117.1
24225.0  1.3  982.5  117.2  267.2  1.45  0.40  0.23  117.1
24226.0  1.3  983.0  117.2  267.2  1.43  0.43  0.20  116.7
24227.0  1.4  982.9  117.1  267.2  1.52  0.39  0.12  116.8
24228.0  1.3  982.7  117.1  267.2  1.49  0.38  0.18  116.6
24229.0  1.3  983.1  117.0  267.2  1.52  0.26  0.16  116.5
24230.0  1.4  982.9  117.0  267.2  1.53  0.29  0.18  116.3
24231.0  1.4  982.4  116.9  267.2  1.52  0.44  0.15  116.1
24232.0  1.4  982.9  116.9  267.2  1.54  0.46  0.18  116.0
24233.0  1.4  982.4  116.8  267.2  1.51  0.39  0.17  115.9
24234.0  1.4  982.9  116.8  267.2  1.47  0.36  0.16  115.9
24235.0  1.4  982.6  116.7  267.2  1.50  0.29  0.15  115.8
24236.0  1.5  982.7  116.7  267.2  1.55  0.38  0.12  115.6
24237.0  1.4  982.6  116.7  267.1  1.45  0.58  0.11  115.7
24238.0  1.4  982.6  116.7  267.1  1.50  0.55  0.22  115.6
24239.0  1.4  982.7  116.6  267.1  1.51  0.52  0.27  115.7
24240.0  1.5  982.7  116.6  267.2  1.54  0.61  0.18  115.4
24241.0  1.4  982.4  116.6  267.2  1.42  0.52  0.15  115.2
24242.0  1.5  982.8  116.6  267.2  1.53  0.38  0.12  115.2
24243.0  1.4  982.4  116.6  267.2  1.43  0.41  0.12  115.5
24244.0  1.5  982.5  116.5  267.2  1.47  0.40  0.21  115.4
24245.0  1.4  982.5  116.5  267.2  1.44  1.18  0.14  115.4
24246.0  1.4  982.6  116.5  267.2  1.47  1.97  0.34  115.2
24247.0  1.4  982.1  116.5  267.4  1.46  1.98  0.26  115.5
24248.0  1.5  982.3  116.5  267.6  1.48  1.80  0.13  115.4
24249.0  1.5  982.5  116.4  267.7  1.45  1.43  0.15  115.5
24250.0  1.4  982.7  116.4  267.8  1.38  1.16  0.14  115.6
24251.0  1.5  982.6  116.4  267.8  1.43  1.07  0.15  115.6
24252.0  1.4  982.5  116.4  267.9  1.39  0.97  0.20  115.8
24253.0  1.4  982.6  116.4  267.9  1.43  0.87  0.18  115.9
24254.0  1.4  982.8  116.4  267.9  1.39  0.86  0.15  116.0
24255.0  1.3  982.8  116.4  268.0  1.31  0.85  0.19  116.1
24256.0  1.4  982.6  116.3  268.0  1.31  0.78  0.18  116.1
24257.0  1.4  982.8  116.3  268.0  1.35  0.68  0.19  116.1
24258.0  1.4  982.8  116.3  268.0  1.40  0.65  0.18  116.0
24259.0  1.4  982.6  116.3  268.0  1.40  0.64  0.20  115.9
24260.0  1.3  982.6  116.3  268.1  1.30  0.63  0.22  115.9
24261.0  1.4  982.9  116.3  268.1  1.34  0.61  0.17  115.9
24262.0  1.4  982.5  116.2  268.1  1.41  0.56  0.22  115.9
24263.0  1.3  982.9  116.2  268.1  1.30  0.49  0.21  115.9
24264.0  1.4  982.7  116.2  268.1  1.33  0.54  0.22  115.8
24265.0  1.4  982.4  116.2  268.1  1.37  0.58  0.20  115.9
24266.0  1.4  983.0  116.2  268.1  1.34  0.53  0.18  115.9
24267.0  1.4  982.6  116.2  268.2  1.34  0.83  0.17  116.2
24268.0  1.3  982.5  116.2  268.2  1.29  1.85  0.25  116.3
24269.0  1.4  982.5  116.1  268.3  1.39  2.10  0.23  116.3
24270.0  1.4  982.7  116.1  268.5  1.34  1.95  0.19  116.5
24271.0  1.3  982.9  116.1  268.6  1.28  1.66  0.13  116.6
24272.0  1.3  982.7  116.1  268.6  1.34  1.37  0.16  116.7
24273.0  1.3  982.6  116.1  268.7  1.32  1.25  0.20  116.6
24274.0  1.3  982.5  116.0  268.7  1.32  1.24  0.20  116.7
24275.0  1.3  983.0  116.0  268.8  1.35  1.19  0.22  116.6
24276.0  1.3  982.6  116.0  268.8  1.34  1.06  0.23  116.6
24277.0  1.3  982.5  116.0  268.8  1.29  0.97  0.23  116.7
24278.0  1.3  982.5  115.9  268.9  1.28  0.91  0.25  116.6
24279.0  1.3  982.3  115.9  268.9  1.28  0.85  0.22  116.8
24280.0  1.4  982.6  115.9  268.9  1.29  0.86  0.21  116.7
24281.0  1.4  982.8  115.9  269.0  1.33  0.87  0.22  116.8
24282.0  1.3  982.6  115.9  269.0  1.27  0.77  0.21  116.9
24283.0  1.4  982.7  115.9  269.0  1.35  0.69  0.18  116.9
24284.0  1.3  982.6  115.8  269.0  1.27  0.75  0.15  117.0
24285.0  1.3  982.4  115.8  268.9  1.24  0.86  0.13  116.9
24286.0  1.3  982.4  115.8  268.9  1.26  0.95  0.19  116.8
24287.0  1.3  982.5  115.8  268.9  1.31  0.89  0.21  116.7
24288.0  1.3  982.9  115.8  268.9  1.34  0.85  0.20  116.7
24289.0  1.3  982.5  115.7  269.0  1.33  0.84  0.16  116.6
24290.0  1.3  982.3  115.7  268.9  1.32  0.81  0.20  116.6
24291.0  1.4  982.9  115.7  269.0  1.34  0.75  0.23  116.6
24292.0  1.4  982.6  115.7  269.0  1.39  0.77  0.25  116.6
24293.0  1.4  982.3  115.6  269.0  1.36  0.79  0.20  116.6
24294.0  1.3  982.6  115.6  269.0  1.31  0.75  0.20  116.5
24295.0  1.4  982.7  115.6  269.0  1.32  0.69  0.21  116.5
24296.0  1.4  982.5  115.6  269.0  1.32  0.73  0.17  116.3
24297.0  1.4  982.8  115.6  269.0  1.33  0.83  0.17  116.3
24298.0  1.3  982.5  115.6  269.1  1.31  0.82  0.16  116.2
24299.0  1.3  982.8  115.6  269.1  1.28  0.74  0.18  116.1
24300.0  1.4  982.6  115.6  269.0  1.29  0.70  0.16  116.0
24301.0  1.4  982.9  115.6  269.0  1.37  0.69  0.18  115.8
24302.0  1.3  982.6  115.6  269.0  1.29  0.87  0.18  115.7
24303.0  1.4  982.7  115.6  269.0  1.29  0.87  0.17  115.7
24304.0  1.4  982.8  115.6  269.0  1.32  0.76  0.17  115.6
24305.0  1.4  982.9  115.6  269.0  1.33  0.81  0.16  115.6
24306.0  1.4  982.6  115.6  269.0  1.38  0.80  0.18  115.7
24307.0  1.4  982.5  115.6  269.0  1.40  0.81  0.23  115.6
24308.0  1.4  982.7  115.6  269.0  1.37  0.81  0.21  115.6
24309.0  1.4  982.5  115.6  269.0  1.38  0.82  0.21  115.6
24310.0  1.4  982.7  115.6  269.0  1.39  0.78  0.20  115.6
24311.0  1.5  982.6  115.5  269.0  1.47  0.70  0.24  115.5
24312.0  1.5  982.4  115.5  269.0  1.52  0.72  0.24  115.5
24313.0  1.4  982.5  115.5  269.0  1.51  0.82  0.18  115.5
24314.0  1.4  982.6  115.5  269.0  1.51  0.84  0.19  115.4
24315.0  1.5  982.4  115.4  269.0  1.57  0.74  0.20  115.3
24316.0  1.5  982.7  115.4  269.0  1.58  0.67  0.22  115.3
24317.0  1.4  982.3  115.4  269.0  1.53  0.68  0.22  115.2
24318.0  1.5  983.0  115.4  269.0  1.55  0.74  0.21  115.2
24319.0  1.4  982.4  115.3  269.0  1.53  0.78  0.20  115.2
24320.0  1.4  982.9  115.3  269.0  1.48  0.76  0.27  115.1
24321.0  1.5  982.3  115.3  269.1  1.55  0.71  0.24  115.1
24322.0  1.5  982.9  115.3  269.1  1.59  0.75  0.21  115.0
24323.0  1.4  982.2  115.3  269.1  1.50  0.76  0.18  115.0
24324.0  1.5  982.7  115.3  269.1  1.57  0.63  0.15  114.9
24325.0  1.4  982.4  115.2  269.1  1.53  0.56  0.15  114.9
24326.0  1.4  982.8  115.2  269.1  1.51  0.54  0.20  114.9
24327.0  1.4  982.3  115.2  269.1  1.48  0.60  0.20  114.9
24328.0  1.5  982.6  115.2  269.1  1.52  0.72  0.18  114.8
24329.0  1.5  982.5  115.2  269.1  1.55  0.78  0.18  114.8
24330.0  1.4  982.6  115.2  269.1  1.52  0.72  0.18  114.7
24331.0  1.5  982.3  115.2  269.1  1.55  0.70  0.17  114.8
24332.0  1.5  982.8  115.2  269.1  1.54  0.70  0.20  114.7
24333.0  1.5  982.3  115.1  269.1  1.59  0.69  0.20  114.7
24334.0  1.4  982.8  115.1  269.1  1.48  0.67  0.20  114.7
24335.0  1.5  982.3  115.1  269.1  1.60  0.64  0.20  114.7
24336.0  1.5  982.7  115.1  269.1  1.56  0.67  0.20  114.6
24337.0  1.5  982.3  115.1  269.2  1.52  0.71  0.20  114.6
24338.0  1.5  982.8  115.1  269.2  1.59  0.71  0.24  114.6
24339.0  1.4  982.2  115.0  269.2  1.52  0.63  0.18  114.7
24340.0  1.5  982.7  115.0  269.2  1.49  0.61  0.18  114.6
