flight/WP3D/AircraftMis_NP3_20130625_RA.ict
41  1001
Ken Aikin
NOAA ESRL Chemical Sciences Division
various aircraft sensors
SENEX 2013
1  1
2013  06  25  2013  06  25
1
AOCTimewave
8
1  1  1  1  1  1  1  1
-9999  -9999  -9999  -9999  -9999  -9999  -9999  -9999
Attack  deg
CabinPrs  mbar
GndSpd  m/s
Heading  deg
Pitch  deg
Roll  deg
Slip  deg
TrueAirSpd  m/s
1
SPECIAL COMMENTS:Haynesville flight. Default DewPtTemp was bad from 19:39:53-19:47:27. Also affected H2Omr  RelHumidity  PotTemp.
18
PI_CONTACT_INFO: Address: NOAA ESRL Chemical Sciences Division  Mail Stop R/CSD7  325 Broadway  Boulder  CO 80305
PLATFORM: NOAA WP-3D
LOCATION: The aircraft was stationed in  Smyrna  Tennessee. Aircraft location information in AircraftPosition file.
ASSOCIATED_DATA: N/A
INSTRUMENT_INFO: N/A
DATA_INFO: Units: Attack degrees; CabinPrs millibar; GndSpd m/s; Heading degrees; Pitch degrees; Roll degrees; Slip degrees; TrueAirSpd m/s
UNCERTAINTY: N/A
ULOD_FLAG: -7777
ULOD_VALUE: N/A
LLOD_FLAG: -8888
LLOD_VALUE: N/A
DM_CONTACT_INFO: Data Manager:Ken Aikin; email:Kenneth.C.Aikin@noaa.gov
PROJECT_INFO: SENEX 2013 Study; June 1 - July 15  2013
STIPULATIONS_ON_USE: Use of these data require prior ok from PI.
OTHER_COMMENTS:       None
REVISION: RA
RA: Preliminary Data.  For in-field use.
AOCTimewave  Attack  CabinPrs  GndSpd  Heading  Pitch  Roll  Slip  TrueAirSpd
[from data line 3421]
58519.0  1.4  955.4  152.9  225.5  1.32  -0.82  -0.79  156.6
58520.0  1.4  955.6  152.9  225.5  1.35  -0.84  -0.80  156.6
58521.0  1.4  955.5  152.9  225.5  1.34  -0.92  -0.78  156.5
58522.0  1.4  955.4  152.9  225.5  1.30  -0.98  -0.80  156.5
58523.0  1.4  955.6  152.9  225.5  1.40  -0.94  -0.82  156.6
58524.0  1.4  955.4  153.0  225.5  1.39  -0.87  -0.84  156.5
58525.0  1.4  955.5  153.0  225.5  1.35  -0.91  -0.83  156.5
58526.0  1.4  955.8  153.0  225.5  1.39  -0.99  -0.81  156.5
58527.0  1.4  955.3  153.0  225.6  1.40  -0.97  -0.82  156.5
58528.0  1.3  955.6  153.0  225.5  1.27  -0.93  -0.80  156.5
58529.0  1.5  955.7  153.0  225.5  1.37  -0.98  -0.80  156.6
58530.0  1.4  955.4  153.0  225.6  1.35  -1.03  -0.82  156.6
58531.0  1.4  955.3  153.0  225.5  1.30  -1.00  -0.82  156.6
58532.0  1.4  955.2  153.0  225.5  1.32  -0.94  -0.81  156.7
58533.0  1.3  955.6  153.0  225.5  1.21  -0.95  -0.79  156.8
58534.0  1.4  955.4  153.1  225.5  1.19  -1.02  -0.79  156.7
58535.0  1.5  955.3  153.1  225.6  1.34  -1.03  -0.82  156.7
58536.0  1.4  955.9  153.1  225.6  1.26  -0.96  -0.81  156.8
58537.0  1.4  955.7  153.1  225.6  1.25  -0.97  -0.81  156.8
58538.0  1.4  955.6  153.2  225.6  1.26  -1.05  -0.80  156.8
58539.0  1.3  955.5  153.2  225.6  1.17  -1.06  -0.82  156.8
58540.0  1.4  955.7  153.2  225.5  1.24  -0.99  -0.80  156.8
58541.0  1.4  955.6  153.2  225.5  1.22  -0.81  -0.78  156.9
58542.0  1.4  955.4  153.3  225.5  1.29  0.25  -0.74  156.9
58543.0  1.4  955.6  153.3  225.6  1.26  0.78  -0.76  157.0
58544.0  1.3  955.8  153.3  225.8  1.12  0.54  -0.84  157.1
58545.0  1.4  955.6  153.3  225.9  1.29  0.15  -0.86  157.1
58546.0  1.4  955.8  153.3  226.0  1.38  -0.03  -0.86  157.1
58547.0  1.3  955.5  153.3  226.0  1.22  -0.06  -0.83  157.1
58548.0  1.4  955.9  153.3  226.0  1.27  -0.16  -0.83  157.1
58549.0  1.4  955.8  153.3  226.1  1.35  -0.28  -0.84  157.1
58550.0  1.3  955.5  153.3  226.1  1.28  -0.35  -0.81  157.1
58551.0  1.4  955.5  153.3  226.1  1.36  -0.37  -0.80  157.1
58552.0  1.4  955.4  153.3  226.2  1.35  -0.32  -0.82  157.2
58553.0  1.4  955.7  153.3  226.2  1.33  -0.32  -0.81  157.2
58554.0  1.4  955.3  153.3  226.2  1.33  -0.46  -0.80  157.2
58555.0  1.4  955.4  153.3  226.3  1.35  -0.61  -0.81  157.2
58556.0  1.4  955.3  153.3  226.3  1.36  -0.62  -0.80  157.2
58557.0  1.3  955.4  153.3  226.3  1.31  -0.61  -0.79  157.3
58558.0  1.3  955.7  153.3  226.4  1.30  -0.65  -0.81  157.4
58559.0  1.4  955.6  153.3  226.4  1.34  -0.71  -0.80  157.4
58560.0  1.3  955.4  153.3  226.4  1.30  -0.78  -0.79  157.4
58561.0  1.4  955.2  153.3  226.4  1.34  -0.80  -0.81  157.4
58562.0  1.4  955.6  153.3  226.4  1.43  -0.74  -0.81  157.4
58563.0  1.3  955.5  153.3  226.4  1.35  -0.71  -0.81  157.4
58564.0  1.3  955.4  153.3  226.4  1.35  -0.80  -0.80  157.4
58565.0  1.4  955.6  153.3  226.4  1.37  -0.88  -0.80  157.4
58566.0  1.3  955.4  153.3  226.4  1.34  -0.89  -0.80  157.4
58567.0  1.3  955.7  153.2  226.4  1.31  -0.85  -0.82  157.4
58568.0  1.4  955.8  153.2  226.4  1.34  -0.79  -0.81  157.4
58569.0  1.4  955.5  153.2  226.5  1.39  -0.78  -0.83  157.4
58570.0  1.3  955.4  153.2  226.5  1.28  -0.80  -0.84  157.4
58571.0  1.4  955.2  153.2  226.4  1.32  -0.87  -0.82  157.4
58572.0  1.3  955.3  153.2  226.4  1.28  -0.92  -0.80  157.4
58573.0  1.3  955.2  153.2  226.4  1.26  -0.87  -0.80  157.4
58574.0  1.4  955.3  153.2  226.5  1.29  -0.79  -0.80  157.5
58575.0  1.3  955.7  153.2  226.5  1.27  -0.80  -0.80  157.5
58576.0  1.4  955.4  153.2  226.5  1.30  -0.87  -0.82  157.4
58577.0  1.4  955.3  153.2  226.5  1.34  -0.92  -0.83  157.5
58578.0  1.3  955.4  153.2  226.5  1.25  -0.87  -0.82  157.5
58579.0  1.3  955.8  153.2  226.5  1.26  -0.81  -0.81  157.5
58580.0  1.4  955.6  153.2  226.5  1.36  -0.82  -0.83  157.5
58581.0  1.3  955.4  153.2  226.5  1.28  -0.87  -0.84  157.5
58582.0  1.4  955.3  153.2  226.5  1.27  -0.91  -0.81  157.5
58583.0  1.4  955.2  153.2  226.5  1.36  -0.89  -0.81  157.5
58584.0  1.3  955.6  153.2  226.5  1.27  -0.80  -0.81  157.5
58585.0  1.3  955.6  153.2  226.5  1.23  -0.78  -0.81  157.6
58586.0  1.4  955.5  153.2  226.5  1.26  -0.81  -0.82  157.5
58587.0  1.4  955.3  153.2  226.5  1.29  -0.86  -0.80  157.5
58588.0  1.4  955.4  153.3  226.5  1.29  -0.91  -0.80  157.4
58589.0  1.3  955.6  153.3  226.6  1.27  -0.94  -0.82  157.4
58590.0  1.3  955.3  153.3  226.6  1.19  -0.91  -0.82  157.5
58591.0  1.4  955.4  153.3  226.6  1.28  -0.89  -0.83  157.4
58592.0  1.4  955.4  153.3  226.5  1.37  -0.88  -0.83  157.4
58593.0  1.3  955.7  153.3  226.5  1.26  -0.92  -0.80  157.6
58594.0  1.3  955.7  153.3  226.5  1.17  -0.96  -0.81  157.6
58595.0  1.3  955.7  153.3  226.5  1.22  -0.90  -0.84  157.7
58596.0  1.4  955.6  153.3  226.5  1.36  -0.82  -0.83  157.7
58597.0  1.3  955.6  153.3  226.5  1.31  -0.83  -0.81  157.7
58598.0  1.3  955.5  153.3  226.5  1.29  -0.90  -0.82  157.8
58599.0  1.3  956.0  153.3  226.5  1.29  -0.90  -0.84  157.8
58600.0  1.4  955.7  153.3  226.5  1.33  -0.83  -0.83  157.8
58601.0  1.3  955.6  153.2  226.5  1.31  -0.81  -0.81  157.8
58602.0  1.4  955.7  153.2  226.5  1.35  -0.84  -0.82  157.9
58603.0  1.3  955.6  153.2  226.5  1.29  -0.86  -0.82  157.9
58604.0  1.3  955.4  153.2  226.5  1.28  -0.83  -0.79  157.9
58605.0  1.3  955.5  153.2  226.5  1.32  -0.82  -0.79  157.9
58606.0  1.4  955.6  153.2  226.5  1.34  -0.81  -0.80  157.9
58607.0  1.3  955.6  153.2  226.5  1.32  -0.84  -0.79  157.9
58608.0  1.3  955.5  153.2  226.5  1.30  -0.90  -0.79  157.9
58609.0  1.3  955.4  153.2  226.5  1.33  -0.89  -0.81  157.9
58610.0  1.3  955.4  153.2  226.5  1.31  -0.81  -0.82  157.9
58611.0  1.3  955.6  153.2  226.5  1.31  -0.80  -0.81  157.9
58612.0  1.4  955.7  153.1  226.5  1.36  -0.89  -0.81  157.8
58613.0  1.4  955.7  153.1  226.5  1.39  -0.96  -0.81  157.8
58614.0  1.3  955.6  153.1  226.5  1.35  -0.91  -0.83  157.8
58615.0  1.3  955.7  153.1  226.5  1.34  -0.83  -0.81  157.8
58616.0  1.4  955.6  153.1  226.5  1.42  -0.83  -0.82  157.8
58617.0  1.3  955.6  153.1  226.5  1.34  -0.84  -0.80  157.8
58618.0  1.3  955.8  153.0  226.5  1.33  -0.79  -0.77  157.8
58619.0  1.4  956.0  153.0  226.5  1.38  -0.75  -0.78  157.8
58620.0  1.4  955.8  153.0  226.6  1.43  -0.75  -0.79  157.7
58621.0  1.3  955.5  153.0  226.6  1.29  -0.81  -0.80  157.7
58622.0  1.3  955.4  153.0  226.6  1.26  -0.94  -0.81  157.7
58623.0  1.4  955.5  153.0  226.6  1.38  -1.01  -0.83  157.6
58624.0  1.4  955.8  153.0  226.6  1.36  -0.94  -0.82  157.5
58625.0  1.3  955.3  153.0  226.6  1.23  -0.90  -0.79  157.5
58626.0  1.4  955.2  153.0  226.6  1.32  -0.94  -0.80  157.4
58627.0  1.3  955.8  153.0  226.6  1.30  -0.96  -0.82  157.3
58628.0  1.3  955.4  153.0  226.6  1.30  -0.94  -0.78  157.3
58629.0  1.3  955.2  153.0  226.6  1.30  -0.94  -0.79  157.3
58630.0  1.3  955.5  153.0  226.6  1.31  -0.94  -0.80  157.2
58631.0  1.4  955.2  153.0  226.6  1.35  -0.97  -0.80  157.1
58632.0  1.4  955.3  153.0  226.7  1.39  -1.02  -0.83  157.1
58633.0  1.3  955.6  153.0  226.7  1.33  -1.02  -0.82  157.0
58634.0  1.4  955.3  153.0  226.6  1.37  -0.99  -0.80  157.0
58635.0  1.3  955.2  153.0  226.6  1.31  -1.34  -0.82  156.9
58636.0  1.5  955.7  153.0  226.6  1.46  -2.35  -0.88  156.9
58637.0  1.3  955.3  153.0  226.5  1.36  -2.57  -0.84  156.9
58638.0  1.3  955.4  153.0  226.3  1.27  -2.29  -0.77  156.8
58639.0  1.4  955.7  153.0  226.3  1.35  -2.00  -0.77  156.8
58640.0  1.4  955.4  153.0  226.2  1.35  -1.84  -0.78  156.7
58641.0  1.4  955.8  153.0  226.2  1.35  -1.82  -0.81  156.7
58642.0  1.4  955.6  153.0  226.2  1.35  -1.82  -0.86  156.7
58643.0  1.4  955.4  153.0  226.1  1.31  -1.76  -0.85  156.7
58644.0  1.4  955.6  153.0  226.0  1.38  -1.66  -0.84  156.7
58645.0  1.4  955.3  153.0  226.0  1.36  -1.57  -0.83  156.7
58646.0  1.4  955.8  153.0  226.0  1.34  -1.50  -0.83  156.7
58647.0  1.4  955.7  153.0  225.9  1.43  -1.43  -0.85  156.7
58648.0  1.3  955.3  153.0  225.9  1.35  -1.35  -0.85  156.7
58649.0  1.4  955.7  153.1  225.8  1.33  -1.30  -0.82  156.7
58650.0  1.4  955.7  153.1  225.8  1.42  -1.28  -0.83  156.7
58651.0  1.4  955.2  153.1  225.8  1.38  -1.21  -0.82  156.7
58652.0  1.4  955.7  153.1  225.8  1.40  -1.14  -0.80  156.7
58653.0  1.4  955.5  153.1  225.8  1.32  -1.11  -0.82  156.7
58654.0  1.4  955.2  153.1  225.8  1.37  -1.09  -0.85  156.7
58655.0  1.4  955.7  153.1  225.7  1.44  -1.08  -0.87  156.7
58656.0  1.4  955.4  153.1  225.7  1.36  -1.10  -0.87  156.7
58657.0  1.4  955.5  153.1  225.7  1.37  -1.11  -0.84  156.7
58658.0  1.3  955.7  153.1  225.6  1.25  -1.06  -0.82  156.7
58659.0  1.4  955.3  153.1  225.6  1.38  -0.96  -0.82  156.6
58660.0  1.4  955.9  153.1  225.6  1.31  -0.86  -0.82  156.7
58661.0  1.4  955.3  153.1  225.6  1.35  -0.85  -0.81  156.7
58662.0  1.4  955.3  153.1  225.6  1.32  -0.90  -0.82  156.7
58663.0  1.4  955.5  153.1  225.7  1.31  -0.97  -0.83  156.7
58664.0  1.4  955.2  153.1  225.7  1.28  -1.01  -0.84  156.7
58665.0  1.4  955.6  153.1  225.7  1.35  -1.04  -0.85  156.7
58666.0  1.4  955.1  153.1  225.6  1.35  -1.03  -0.85  156.7
58667.0  1.4  955.3  153.1  225.6  1.34  -0.93  -0.84  156.8
58668.0  1.4  955.6  153.1  225.6  1.31  -0.90  -0.83  156.8
58669.0  1.4  955.5  153.2  225.6  1.35  -0.95  -0.84  156.8
58670.0  1.4  955.3  153.2  225.6  1.39  -0.97  -0.84  156.8
58671.0  1.4  955.6  153.1  225.6  1.42  -0.95  -0.83  156.7
58672.0  1.4  955.2  153.1  225.6  1.39  -0.91  -0.82  156.7
58673.0  1.4  955.4  153.1  225.6  1.43  -0.86  -0.82  156.7
58674.0  1.4  955.2  153.1  225.6  1.40  -0.87  -0.83  156.7
58675.0  1.3  955.2  153.1  225.6  1.33  -0.94  -0.81  156.7
58676.0  1.4  955.5  153.1  225.6  1.44  -0.97  -0.80  156.8
58677.0  1.4  955.3  153.1  225.6  1.48  -0.89  -0.82  156.7
58678.0  1.4  955.5  153.1  225.6  1.41  -0.76  -0.81  156.7
58679.0  1.3  955.5  153.1  225.6  1.35  -0.79  -0.81  156.7
58680.0  1.4  955.5  153.1  225.6  1.40  -0.87  -0.82  156.8
58681.0  1.4  955.7  153.1  225.6  1.38  -0.89  -0.83  156.9
58682.0  1.4  955.6  153.1  225.6  1.40  -0.62  -0.79  156.9
58683.0  1.4  955.5  153.1  225.6  1.35  1.04  -0.73  156.9
58684.0  1.4  955.6  153.1  225.8  1.39  3.35  -0.68  156.9
58685.0  1.4  955.7  153.1  226.2  1.37  5.45  -0.70  156.9
58686.0  1.4  955.4  153.0  226.7  1.30  7.06  -0.74  156.9
58687.0  1.5  955.4  153.0  227.3  1.34  8.30  -0.79  156.9
58688.0  1.4  955.7  153.0  228.0  1.27  9.66  -0.81  156.9
58689.0  1.5  955.4  152.9  228.8  1.31  11.67  -0.76  156.9
58690.0  1.5  956.1  152.9  229.7  1.33  14.16  -0.72  156.9
58691.0  1.7  955.9  152.8  230.8  1.46  16.84  -0.74  156.8
58692.0  1.7  955.8  152.8  232.2  1.43  19.50  -0.77  156.7
58693.0  1.8  955.5  152.7  233.7  1.56  21.69  -0.82  156.6
58694.0  1.9  955.6  152.5  235.5  1.66  22.36  -0.96  156.5
58695.0  1.6  955.3  152.4  237.0  1.37  22.03  -1.07  156.4
58696.0  1.6  955.5  152.4  238.4  1.29  21.51  -1.02  156.3
58697.0  1.6  955.3  152.3  239.8  1.24  19.80  -1.01  156.2
58698.0  1.5  955.4  152.3  240.9  1.07  17.06  -1.06  156.2
58699.0  1.4  955.8  152.3  241.9  0.94  15.59  -0.94  156.2
58700.0  1.5  955.3  152.3  242.8  1.06  14.07  -0.85  156.3
58701.0  1.4  955.4  152.4  243.6  0.91  11.69  -0.88  156.4
58702.0  1.5  955.7  152.4  244.3  0.93  11.12  -0.79  156.4
58703.0  1.5  955.0  152.5  244.9  0.97  10.37  -0.73  156.4
58704.0  1.5  955.3  152.5  245.6  0.97  7.63  -0.84  156.3
58705.0  1.5  955.6  152.6  246.0  1.03  5.98  -0.84  156.3
58706.0  1.5  955.3  152.7  246.3  1.11  5.84  -0.70  156.3
58707.0  1.5  955.5  152.7  246.6  1.12  5.36  -0.69  156.3
58708.0  1.5  955.3  152.7  247.0  1.17  4.49  -0.75  156.3
58709.0  1.5  955.4  152.8  247.3  1.17  4.46  -0.72  156.3
58710.0  1.5  955.2  152.8  247.6  1.35  3.64  -0.76  156.2
58711.0  1.4  955.2  152.8  247.9  1.29  2.92  -0.79  156.2
58712.0  1.5  955.1  152.8  248.1  1.35  2.78  -0.73  156.1
58713.0  1.4  955.4  152.8  248.3  1.35  2.93  -0.74  156.1
58714.0  1.4  955.3  152.8  248.5  1.33  2.97  -0.77  156.0
58715.0  1.4  955.7  152.9  248.7  1.37  1.90  -0.82  155.9
58716.0  1.5  955.1  152.9  248.8  1.58  0.93  -0.86  155.7
58717.0  1.4  955.2  152.8  248.9  1.46  -0.22  -0.85  155.7
58718.0  1.3  955.0  152.9  248.8  1.34  -0.90  -0.80  155.7
58719.0  1.4  955.3  152.9  248.7  1.39  -0.73  -0.72  155.7
58720.0  1.5  955.2  152.9  248.7  1.51  -0.45  -0.70  155.6
58721.0  1.4  955.5  152.9  248.8  1.43  -0.50  -0.76  155.6
58722.0  1.4  955.2  152.9  248.8  1.40  -0.62  -0.75  155.7
58723.0  1.4  955.4  152.9  248.8  1.39  -0.73  -0.74  155.8
58724.0  1.5  955.7  152.9  248.8  1.51  -0.74  -0.75  155.8
58725.0  1.4  955.2  152.9  248.9  1.40  -0.74  -0.77  156.0
58726.0  1.4  955.2  152.9  248.9  1.41  -0.83  -0.78  156.0
58727.0  1.4  955.5  152.9  248.9  1.39  -0.91  -0.80  156.1
58728.0  1.4  955.0  152.9  248.9  1.40  -0.91  -0.79  156.1
58729.0  1.5  955.1  152.9  248.9  1.50  -0.33  -0.75  156.1
58730.0  1.4  955.7  152.9  249.0  1.34  2.33  -0.62  156.3
58731.0  1.4  955.5  152.9  249.3  1.24  4.31  -0.61  156.3
58732.0  1.5  955.3  152.9  249.8  1.30  4.88  -0.79  156.2
58733.0  1.5  955.7  152.9  250.3  1.40  5.03  -0.92  156.2
58734.0  1.4  955.3  152.9  250.6  1.30  5.06  -0.91  156.1
58735.0  1.4  955.5  153.0  251.0  1.34  4.99  -0.89  156.1
58736.0  1.4  955.5  153.0  251.4  1.33  4.88  -0.86  156.1
58737.0  1.4  955.2  153.0  251.7  1.32  4.82  -0.83  156.2
58738.0  1.4  955.6  153.0  252.1  1.28  4.81  -0.82  156.2
58739.0  1.5  955.3  153.0  252.4  1.36  4.79  -0.82  156.2
58740.0  1.5  955.3  153.0  252.8  1.40  4.81  -0.81  156.2
58741.0  1.4  955.7  153.0  253.1  1.36  4.83  -0.81  156.3
58742.0  1.4  955.1  153.0  253.5  1.33  4.84  -0.81  156.3
58743.0  1.4  955.2  153.0  253.9  1.34  4.67  -0.81  156.3
58744.0  1.4  955.3  153.0  254.2  1.30  3.85  -0.85  156.3
58745.0  1.4  955.3  153.0  254.5  1.31  3.76  -0.82  156.4
58746.0  1.5  955.4  153.0  254.7  1.38  3.87  -0.77  156.5
58747.0  1.4  955.2  153.0  255.0  1.35  4.51  -0.74  156.6
58748.0  1.4  955.3  153.0  255.4  1.24  4.34  -0.79  156.7
58749.0  1.4  955.5  153.1  255.7  1.31  4.37  -0.80  156.7
58750.0  1.4  955.4  153.1  256.1  1.34  4.79  -0.76  156.7
58751.0  1.4  955.3  153.1  256.5  1.30  5.05  -0.76  156.8
58752.0  1.3  955.5  153.1  256.9  1.22  5.33  -0.78  156.9
58753.0  1.4  955.6  153.1  257.3  1.28  5.32  -0.80  156.9
58754.0  1.4  955.4  153.1  257.7  1.36  4.20  -0.87  156.8
58755.0  1.4  955.3  153.1  258.0  1.28  4.89  -0.80  156.8
58756.0  1.4  955.7  153.1  258.3  1.27  5.84  -0.72  156.8
58757.0  1.3  955.6  153.1  258.7  1.16  5.88  -0.78  156.9
58758.0  1.5  955.2  153.1  259.2  1.35  5.59  -0.84  156.8
58759.0  1.5  955.6  153.1  259.6  1.48  5.18  -0.86  156.8
58760.0  1.3  955.4  153.1  259.9  1.27  3.13  -0.92  156.7
58761.0  1.4  955.2  153.1  260.1  1.39  1.77  -0.88  156.6
58762.0  1.4  955.2  153.1  260.2  1.41  1.68  -0.77  156.5
58763.0  1.4  955.4  153.1  260.3  1.33  1.30  -0.75  156.5
58764.0  1.4  955.4  153.1  260.4  1.39  -0.31  -0.85  156.4
58765.0  1.4  955.6  153.1  260.4  1.43  -0.66  -0.80  156.4
58766.0  1.5  955.4  153.1  260.3  1.51  0.45  -0.67  156.3
58767.0  1.4  955.2  153.1  260.4  1.45  0.77  -0.67  156.3
58768.0  1.4  955.8  153.1  260.6  1.42  0.52  -0.77  156.3
58769.0  1.4  955.4  153.1  260.7  1.39  0.22  -0.79  156.3
58770.0  1.5  955.3  153.1  260.7  1.50  0.05  -0.78  156.3
58771.0  1.4  955.8  153.1  260.8  1.40  0.03  -0.78  156.3
58772.0  1.4  955.3  153.1  260.8  1.34  0.07  -0.79  156.3
58773.0  1.5  955.4  153.1  260.9  1.49  -0.01  -0.79  156.3
58774.0  1.4  955.8  153.1  261.0  1.43  -0.16  -0.80  156.3
58775.0  1.4  955.3  153.1  261.0  1.36  -0.30  -0.79  156.3
58776.0  1.4  955.2  153.1  261.0  1.44  -0.36  -0.77  156.3
58777.0  1.4  955.8  153.1  261.0  1.35  -0.36  -0.75  156.3
58778.0  1.4  955.2  153.1  261.0  1.43  -0.33  -0.77  156.4
58779.0  1.4  955.4  153.1  261.1  1.42  -0.29  -0.79  156.5
58780.0  1.4  955.6  153.1  261.1  1.44  -0.35  -0.79  156.5
58781.0  1.4  955.8  153.1  261.2  1.41  -0.51  -0.78  156.6
