flight/WP3D/AircraftMis_NP3_20130629_RA.ict
41  1001
Ken Aikin
NOAA ESRL Chemical Sciences Division
various aircraft sensors
SENEX 2013
1  1
2013  06  29  2013  06  29
1
AOCTimewave
8
1  1  1  1  1  1  1  1
-9999  -9999  -9999  -9999  -9999  -9999  -9999  -9999
Attack  deg
CabinPrs  mbar
GndSpd  m/s
Heading  deg
Pitch  deg
Roll  deg
Slip  deg
TrueAirSpd  m/s
1
SPECIAL COMMENTS:Birmingham and C-130 intercomparison.
18
PI_CONTACT_INFO: Address: NOAA ESRL Chemical Sciences Division  Mail Stop R/CSD7  325 Broadway  Boulder  CO 80305
PLATFORM: NOAA WP-3D
LOCATION: The aircraft was stationed in  Smyrna  Tennessee. Aircraft location information in AircraftPosition file.
ASSOCIATED_DATA: N/A
INSTRUMENT_INFO: N/A
DATA_INFO: Units: Attack degrees; CabinPrs millibar; GndSpd m/s; Heading degrees; Pitch degrees; Roll degrees; Slip degrees; TrueAirSpd m/s
UNCERTAINTY: N/A
ULOD_FLAG: -7777
ULOD_VALUE: N/A
LLOD_FLAG: -8888
LLOD_VALUE: N/A
DM_CONTACT_INFO: Data Manager:Ken Aikin; email:Kenneth.C.Aikin@noaa.gov
PROJECT_INFO: SENEX 2013 Study; June 1 - July 15  2013
STIPULATIONS_ON_USE: Use of these data require prior ok from PI.
OTHER_COMMENTS:       None
REVISION: RA
RA: Preliminary Data.  For in-field use.
AOCTimewave  Attack  CabinPrs  GndSpd  Heading  Pitch  Roll  Slip  TrueAirSpd
[from data line 19046]
74631.0  1.6  984.9  128.3  187.7  1.95  -0.53  -0.65  127.6
74632.0  1.6  984.7  128.3  187.7  1.98  -0.29  -0.63  127.7
74633.0  1.5  984.5  128.3  187.7  1.95  -0.76  -0.62  127.9
74634.0  1.6  984.6  128.2  187.7  1.96  -0.64  -0.59  128.0
74635.0  1.6  984.5  128.2  187.7  1.97  -0.09  -0.56  128.0
74636.0  1.6  984.5  128.1  187.7  1.96  -0.59  -0.67  127.9
74637.0  1.5  984.6  128.1  187.7  1.87  -1.30  -0.76  127.9
74638.0  1.5  984.8  128.1  187.6  1.84  -1.41  -0.69  127.8
74639.0  1.6  984.7  128.0  187.4  1.84  -1.51  -0.65  127.8
74640.0  1.5  984.7  128.1  187.3  1.75  -2.09  -0.67  127.8
74641.0  1.5  984.5  128.1  187.2  1.75  -1.34  -0.55  127.7
74642.0  1.5  984.5  128.1  187.1  1.78  -0.80  -0.43  127.7
74643.0  1.5  985.0  128.1  187.2  1.79  -0.99  -0.57  127.5
74644.0  1.5  985.0  128.1  187.2  1.77  -0.54  -0.52  127.4
74645.0  1.6  984.8  128.1  187.2  1.75  -0.90  -0.55  127.4
74646.0  1.6  984.8  128.1  187.3  1.75  -0.95  -0.62  127.5
74647.0  1.6  985.0  128.1  187.3  1.74  -0.33  -0.51  127.4
74648.0  1.6  984.9  128.1  187.3  1.75  -0.63  -0.54  127.3
74649.0  1.6  985.0  128.1  187.3  1.70  -0.78  -0.66  127.3
74650.0  1.6  985.1  128.1  187.3  1.73  -0.32  -0.55  127.2
74651.0  1.6  985.2  128.1  187.2  1.72  -0.78  -0.56  127.2
74652.0  1.6  984.9  128.1  187.3  1.66  -0.85  -0.63  127.2
74653.0  1.6  984.6  128.1  187.2  1.66  -0.25  -0.55  127.1
74654.0  1.6  984.7  128.2  187.3  1.66  -0.12  -0.58  127.3
74655.0  1.5  984.7  128.2  187.3  1.59  -0.61  -0.75  127.6
74656.0  1.6  984.5  128.2  187.2  1.63  -0.99  -0.68  127.9
74657.0  1.6  985.0  128.2  187.1  1.59  -0.62  -0.57  128.0
74658.0  1.5  985.2  128.2  187.1  1.53  -1.44  -0.56  128.0
74659.0  1.5  985.3  128.3  187.0  1.46  -1.93  -0.60  128.0
74660.0  1.5  985.1  128.3  186.9  1.42  -0.96  -0.42  128.0
74661.0  1.5  985.0  128.4  186.9  1.40  -0.74  -0.40  127.9
74662.0  1.5  985.0  128.5  187.1  1.27  -1.26  -0.67  127.8
74663.0  1.5  985.2  128.5  187.0  1.29  -0.95  -0.65  127.9
74664.0  1.5  985.3  128.6  187.0  1.27  -1.74  -0.67  127.9
74665.0  1.5  985.3  128.7  186.9  1.33  -2.27  -0.66  128.0
74666.0  1.5  985.1  128.8  186.8  1.34  -1.37  -0.52  128.2
74667.0  1.5  984.8  128.8  186.7  1.41  -1.44  -0.55  128.2
74668.0  1.5  985.1  128.9  186.8  1.41  -1.40  -0.62  128.1
74669.0  1.5  985.1  128.9  186.7  1.40  -0.47  -0.54  128.1
74670.0  1.5  985.2  129.0  186.7  1.42  -0.95  -0.60  128.0
74671.0  1.6  985.0  129.0  186.8  1.46  -1.55  -0.69  127.9
74672.0  1.6  985.0  129.1  186.6  1.50  -0.98  -0.57  127.8
74673.0  1.6  985.1  129.1  186.6  1.59  -0.80  -0.56  127.8
74674.0  1.5  985.0  129.1  186.7  1.49  -0.35  -0.65  127.7
74675.0  1.6  985.0  129.1  186.6  1.59  -0.67  -0.59  127.7
74676.0  1.6  985.1  129.2  186.7  1.60  -1.60  -0.73  127.6
74677.0  1.6  985.0  129.2  186.6  1.60  -2.04  -0.76  127.6
74678.0  1.6  985.1  129.3  186.3  1.67  -2.16  -0.64  127.6
74679.0  1.5  985.4  129.3  186.2  1.62  -2.14  -0.50  127.9
74680.0  1.5  985.3  129.3  186.2  1.57  -1.81  -0.51  128.0
74681.0  1.5  985.0  129.3  186.2  1.60  -1.18  -0.53  128.0
74682.0  1.6  984.9  129.3  186.2  1.56  -0.08  -0.50  128.0
74683.0  1.5  985.2  129.1  186.3  1.51  1.52  -0.38  127.8
74684.0  1.6  984.9  128.8  186.6  1.46  3.73  -0.39  127.5
74685.0  1.5  985.0  128.5  187.0  1.13  5.95  -0.42  127.1
74686.0  1.5  985.1  128.2  187.6  0.84  7.65  -0.42  126.8
74687.0  1.7  985.3  127.8  188.3  0.72  9.24  -0.45  126.6
74688.0  1.6  985.3  127.5  189.2  0.42  10.42  -0.53  126.5
74689.0  1.8  985.4  127.1  190.1  0.41  11.68  -0.52  126.3
74690.0  1.8  985.5  126.8  191.1  0.31  13.02  -0.47  126.4
74691.0  1.5  985.4  126.4  192.0  -0.34  15.03  -0.44  126.4
74692.0  1.8  985.5  126.1  193.3  -0.36  17.15  -0.45  126.3
74693.0  1.5  985.3  125.8  194.6  -0.90  18.77  -0.36  126.2
74694.0  1.8  985.4  125.5  196.3  -0.88  20.29  -0.26  126.4
74695.0  1.7  985.3  125.2  198.0  -1.24  22.23  -0.28  126.5
74696.0  1.4  985.3  124.9  199.7  -2.10  23.38  -0.34  126.8
74697.0  1.8  985.1  124.7  201.7  -2.31  23.98  -0.47  127.0
74698.0  2.2  985.4  124.5  203.9  -2.11  24.58  -0.61  127.0
74699.0  2.0  985.5  124.3  205.9  -2.30  25.08  -0.80  127.0
74700.0  1.8  985.4  124.1  207.6  -2.65  25.81  -0.70  127.3
74701.0  1.8  985.3  123.9  209.5  -2.83  26.00  -0.58  127.3
74702.0  1.8  985.1  123.8  211.5  -3.09  26.30  -0.43  127.6
74703.0  1.8  985.1  123.8  213.6  -3.27  26.54  -0.40  128.0
74704.0  2.0  985.4  123.7  215.9  -3.25  26.10  -0.55  128.4
74705.0  2.1  985.3  123.7  218.1  -3.17  25.40  -0.57  128.8
74706.0  2.2  985.3  123.7  220.4  -2.77  25.14  -0.58  129.2
74707.0  2.5  984.7  123.6  222.7  -2.18  24.99  -0.56  129.4
74708.0  2.4  984.8  123.4  224.9  -1.75  25.08  -0.49  129.5
74709.0  2.2  984.7  123.2  227.1  -1.61  25.33  -0.43  129.8
74710.0  2.0  984.6  123.0  229.2  -1.77  25.07  -0.51  129.9
74711.0  2.1  985.0  122.7  231.3  -1.61  24.81  -0.52  129.9
74712.0  1.9  984.8  122.4  233.3  -1.77  24.77  -0.57  129.9
74713.0  1.7  985.2  122.1  235.1  -2.19  24.99  -0.49  129.9
74714.0  1.8  985.1  122.0  237.2  -2.18  24.33  -0.54  129.8
74715.0  1.7  985.4  121.8  239.1  -2.37  23.86  -0.57  129.8
74716.0  1.7  985.2  121.7  241.0  -2.50  23.94  -0.48  129.5
74717.0  1.8  985.3  121.6  242.9  -2.48  23.78  -0.46  129.5
74718.0  1.6  985.3  121.5  244.8  -2.77  23.47  -0.55  129.6
74719.0  1.8  985.4  121.5  246.8  -2.68  23.25  -0.48  129.6
74720.0  2.0  985.3  121.4  248.8  -2.49  23.74  -0.39  129.6
74721.0  2.0  985.1  121.4  250.9  -2.31  23.76  -0.51  129.3
74722.0  2.3  985.0  121.3  253.2  -1.75  23.27  -0.60  129.2
74723.0  2.3  984.9  121.2  255.2  -1.38  23.41  -0.54  129.2
74724.0  2.0  984.9  121.0  257.1  -1.38  23.43  -0.49  129.0
74725.0  1.7  984.9  120.9  258.9  -1.70  22.94  -0.47  129.1
74726.0  1.6  984.7  120.8  260.7  -2.02  22.98  -0.49  129.2
74727.0  1.6  985.4  120.7  262.5  -2.24  22.90  -0.45  129.6
74728.0  1.5  985.1  120.7  264.1  -2.63  22.57  -0.55  130.0
74729.0  1.6  985.3  120.7  265.8  -2.88  22.54  -0.57  130.2
74730.0  1.6  985.1  120.8  267.5  -2.94  22.16  -0.45  130.3
74731.0  1.5  985.4  121.0  269.3  -3.14  22.03  -0.44  130.6
74732.0  1.7  985.0  121.1  271.2  -2.95  22.45  -0.43  130.8
74733.0  1.8  985.2  121.3  273.1  -2.76  22.94  -0.38  131.0
74734.0  2.0  985.2  121.4  275.2  -2.35  22.89  -0.42  130.9
74735.0  1.9  985.2  121.5  277.3  -2.11  22.96  -0.51  130.9
74736.0  1.9  985.4  121.6  279.2  -1.92  23.34  -0.52  130.8
74737.0  1.6  985.1  121.6  281.0  -2.00  23.40  -0.56  130.6
74738.0  1.7  985.0  121.7  282.8  -2.09  23.47  -0.46  130.6
74739.0  1.6  985.2  121.8  284.6  -2.18  23.65  -0.38  130.9
74740.0  1.7  985.3  121.9  286.6  -2.14  23.16  -0.52  130.8
74741.0  1.8  985.3  122.0  288.6  -1.92  23.30  -0.39  130.9
74742.0  2.0  985.2  122.0  290.7  -1.61  23.22  -0.38  130.7
74743.0  1.8  984.9  122.0  292.6  -1.70  23.36  -0.48  130.5
74744.0  1.7  985.0  122.0  294.5  -1.63  23.03  -0.43  130.2
74745.0  1.9  984.8  122.0  296.5  -1.41  22.81  -0.45  130.2
74746.0  1.7  984.7  122.0  298.4  -1.48  23.51  -0.57  130.3
74747.0  1.6  985.2  122.0  300.1  -1.60  23.85  -0.47  130.3
74748.0  1.5  984.9  122.0  301.9  -1.87  23.73  -0.39  130.3
74749.0  1.4  984.7  122.1  303.7  -2.34  24.05  -0.35  130.5
74750.0  1.4  985.4  122.2  305.5  -2.80  24.33  -0.30  130.7
74751.0  1.5  984.9  122.5  307.4  -3.02  24.15  -0.44  130.9
74752.0  2.0  985.3  122.7  309.7  -2.51  24.25  -0.45  130.9
74753.0  2.1  984.8  123.0  311.9  -2.12  24.39  -0.45  130.9
74754.0  2.1  984.7  123.3  314.1  -1.66  24.74  -0.42  130.8
74755.0  2.0  984.8  123.4  316.3  -1.39  25.02  -0.41  130.7
74756.0  1.9  984.9  123.6  318.4  -1.32  25.32  -0.38  130.5
74757.0  1.6  984.7  123.7  320.4  -1.60  25.46  -0.30  130.8
74758.0  1.6  985.1  123.8  322.5  -1.72  25.37  -0.38  131.0
74759.0  1.7  984.8  123.9  324.6  -1.74  25.50  -0.48  131.2
74760.0  1.6  985.0  124.1  326.6  -1.85  25.32  -0.38  130.7
74761.0  1.6  985.1  124.3  328.8  -1.81  25.18  -0.39  130.9
74762.0  1.8  984.6  124.5  331.0  -1.53  25.31  -0.36  130.7
74763.0  1.8  984.7  124.7  333.2  -1.40  25.42  -0.37  130.6
74764.0  1.8  985.0  124.8  335.4  -1.28  25.16  -0.23  129.8
74765.0  1.6  984.8  125.0  337.5  -1.59  25.30  -0.49  129.5
74766.0  1.5  984.9  125.2  339.4  -1.90  25.50  -0.54  129.7
74767.0  1.6  984.9  125.4  341.2  -2.14  25.17  -0.45  129.6
74768.0  1.4  984.9  125.7  343.1  -2.40  25.09  -0.07  129.6
74769.0  1.6  984.8  126.0  345.4  -2.34  24.96  -0.22  129.2
74770.0  1.9  984.9  126.3  347.7  -2.13  24.80  -0.41  129.1
74771.0  1.8  985.1  126.6  349.8  -2.10  24.42  -0.25  128.9
74772.0  1.5  984.8  126.9  351.8  -2.47  25.04  -0.35  128.9
74773.0  1.5  984.8  127.2  353.7  -2.71  25.10  -0.39  129.0
74774.0  1.5  985.1  127.6  355.7  -2.91  24.67  -0.24  128.6
74775.0  1.6  985.1  128.0  357.8  -3.04  24.53  -0.16  128.5
74776.0  1.8  985.0  128.4  0.1  -2.86  24.90  -0.34  128.4
74777.0  2.0  984.9  128.8  2.3  -2.55  24.95  -0.42  128.6
74778.0  2.0  984.8  129.2  4.6  -2.17  24.72  -0.42  128.4
74779.0  1.9  984.7  129.5  6.7  -2.08  25.16  -0.34  128.5
74780.0  1.8  985.0  129.9  8.7  -2.34  25.73  -0.35  128.4
74781.0  1.6  984.9  130.2  10.6  -2.68  25.80  -0.37  128.8
74782.0  1.5  984.7  130.5  12.6  -2.95  25.80  -0.32  129.2
74783.0  1.5  984.9  130.9  14.7  -3.20  25.95  -0.22  129.2
74784.0  1.7  984.6  131.4  16.9  -3.22  26.10  -0.28  129.5
74785.0  1.7  985.1  131.8  19.1  -3.32  25.80  -0.43  129.8
74786.0  2.0  984.8  132.3  21.4  -2.99  25.84  -0.45  129.9
74787.0  2.1  984.9  132.8  23.7  -2.59  25.78  -0.47  130.0
74788.0  1.9  984.8  133.2  25.9  -2.39  25.69  -0.46  130.2
74789.0  1.7  984.9  133.5  28.0  -2.38  26.03  -0.56  130.1
74790.0  2.0  984.9  133.9  30.2  -1.89  25.96  -0.40  130.3
74791.0  2.0  984.5  134.1  32.5  -1.52  25.67  -0.36  130.0
74792.0  1.7  984.7  134.3  34.7  -1.51  25.89  -0.36  129.9
74793.0  1.5  984.9  134.5  36.7  -1.75  25.93  -0.28  129.9
74794.0  1.2  984.5  134.6  38.6  -2.30  25.78  -0.36  129.9
74795.0  1.2  985.1  134.8  40.5  -2.61  25.84  -0.23  130.0
74796.0  1.4  984.9  135.1  42.5  -2.83  25.90  -0.16  130.3
74797.0  1.4  984.8  135.3  44.7  -3.03  25.75  -0.30  130.4
74798.0  1.6  984.9  135.7  46.9  -2.95  25.85  -0.24  130.6
74799.0  1.8  984.8  136.0  49.3  -2.78  25.86  -0.37  130.7
74800.0  2.0  984.5  136.3  51.7  -2.26  25.68  -0.30  130.6
74801.0  1.9  984.6  136.6  54.0  -2.06  25.66  -0.34  130.8
74802.0  1.8  984.4  136.7  56.2  -1.88  25.90  -0.33  130.8
74803.0  1.8  984.5  136.8  58.5  -1.67  25.87  -0.28  131.0
74804.0  1.6  984.4  136.9  60.7  -1.73  26.07  -0.30  130.8
74805.0  1.3  984.6  137.0  62.7  -2.18  26.29  -0.38  130.7
74806.0  1.3  984.5  137.1  64.6  -2.50  26.24  -0.35  130.6
74807.0  1.5  984.5  137.2  66.7  -2.55  25.92  -0.30  130.4
74808.0  1.6  984.7  137.4  68.9  -2.59  25.85  -0.34  130.2
74809.0  1.6  984.8  137.5  70.9  -2.66  25.90  -0.37  130.1
74810.0  1.7  984.8  137.8  73.0  -2.59  25.74  -0.43  130.1
74811.0  1.9  984.8  137.9  75.2  -2.14  19.99  -0.75  130.0
74812.0  1.6  984.3  138.1  76.6  -2.04  10.58  -1.20  129.8
74813.0  1.3  984.6  138.1  76.8  -2.15  5.21  -0.95  129.7
74814.0  1.2  984.4  138.1  76.7  -2.21  2.81  -0.48  129.7
74815.0  1.1  984.3  138.1  76.7  -2.33  1.56  -0.24  130.0
74816.0  1.2  984.6  138.2  76.9  -2.15  -0.70  -0.35  129.9
74817.0  1.4  984.6  138.2  76.8  -1.73  -5.18  -0.50  129.9
74818.0  1.3  984.9  138.1  76.4  -1.47  -7.82  -0.52  130.1
74819.0  1.6  984.6  137.9  75.6  -0.64  -7.77  -0.46  130.0
74820.0  2.1  984.5  137.7  74.9  0.81  -7.12  -0.43  129.5
74821.0  2.0  984.6  137.3  74.3  1.59  -7.21  -0.29  129.2
74822.0  2.0  984.2  136.8  73.9  2.40  -7.42  -0.43  128.6
74823.0  1.8  984.5  136.3  73.3  3.04  -11.68  -0.78  128.1
74824.0  1.8  984.3  135.6  72.2  3.52  -20.17  -1.20  127.5
74825.0  1.4  984.6  135.0  70.3  3.23  -26.19  -1.16  127.1
74826.0  1.4  984.6  134.5  67.9  2.73  -28.45  -0.77  126.8
74827.0  1.4  984.4  134.0  65.5  2.16  -29.32  -0.51  126.2
74828.0  1.3  984.4  133.5  63.2  1.69  -29.90  -0.38  126.1
74829.0  1.8  984.4  133.1  60.6  1.88  -29.93  -0.43  125.7
74830.0  1.9  984.2  132.7  58.1  1.96  -30.18  -0.50  125.3
74831.0  1.9  984.6  132.2  55.6  1.97  -30.49  -0.50  124.9
74832.0  1.8  984.4  131.8  53.2  1.92  -30.57  -0.57  125.0
74833.0  1.7  984.2  131.3  50.8  1.69  -31.12  -0.72  124.9
74834.0  1.8  984.5  130.9  48.2  1.56  -31.30  -0.67  124.8
74835.0  1.9  984.3  130.4  45.5  1.42  -31.29  -0.51  124.7
74836.0  1.6  984.4  130.0  43.1  1.22  -31.11  -0.39  124.5
74837.0  2.2  984.5  129.5  40.4  1.56  -30.87  -0.45  124.7
74838.0  2.2  984.4  129.0  37.8  1.86  -30.18  -0.58  124.5
74839.0  2.2  984.1  128.4  35.3  1.92  -29.28  -0.62  124.3
74840.0  2.2  984.2  127.9  32.9  1.98  -28.83  -0.64  124.1
74841.0  1.9  984.1  127.4  30.6  1.91  -28.46  -0.49  123.9
74842.0  1.9  983.9  126.9  28.4  1.80  -28.52  -0.46  123.8
74843.0  2.0  984.2  126.4  26.1  2.02  -27.66  -0.66  123.5
74844.0  2.2  984.0  125.8  23.7  2.37  -27.42  -0.61  123.3
74845.0  2.5  984.2  125.2  21.2  3.08  -27.57  -0.62  123.3
74846.0  2.4  984.1  124.4  18.9  3.44  -27.24  -0.72  123.0
74847.0  2.1  983.7  123.7  16.6  3.52  -27.21  -0.82  122.3
74848.0  2.0  984.0  123.0  14.3  3.54  -27.32  -0.88  121.8
74849.0  2.1  983.9  122.2  11.8  3.64  -27.44  -0.86  121.4
74850.0  2.2  983.8  121.5  9.4  3.65  -27.56  -0.75  121.0
74851.0  1.7  984.1  120.8  7.3  2.93  -27.77  -0.68  120.6
74852.0  1.8  983.9  120.2  5.1  2.53  -27.64  -0.70  120.2
74853.0  2.1  984.1  119.7  2.7  2.56  -26.85  -0.66  119.8
74854.0  2.1  983.9  119.1  0.6  2.36  -23.98  -0.46  119.5
74855.0  1.8  984.1  118.7  358.8  1.87  -20.97  -0.34  119.2
74856.0  1.8  984.2  118.4  357.3  1.62  -16.48  -0.15  118.9
74857.0  1.9  984.2  118.1  356.2  1.48  -12.85  -0.08  118.8
74858.0  1.9  984.0  117.9  355.6  1.36  -10.70  0.00  118.4
74859.0  1.8  984.0  117.8  355.2  1.34  -9.64  -0.42  118.4
74860.0  2.0  983.8  117.7  354.6  1.39  -8.48  -0.52  118.5
74861.0  1.9  984.0  117.6  354.1  1.42  -7.36  -0.48  118.3
74862.0  2.0  984.2  117.6  353.6  1.50  -6.69  -0.70  118.0
74863.0  2.0  983.9  117.5  353.1  1.59  -9.03  -0.84  117.9
74864.0  2.1  983.8  117.3  352.3  1.86  -12.73  -0.88  117.8
74865.0  2.2  983.9  117.2  351.2  2.10  -15.50  -1.04  117.7
74866.0  2.3  984.0  116.9  349.8  2.26  -18.40  -1.12  117.5
74867.0  2.4  983.9  116.7  348.0  2.44  -20.55  -0.94  117.6
74868.0  2.1  983.7  116.3  346.2  2.22  -21.86  -0.84  117.6
74869.0  1.5  984.2  116.1  344.6  1.27  -22.17  -0.70  117.7
74870.0  1.3  983.9  116.0  343.1  0.19  -22.34  -0.53  117.7
74871.0  1.3  984.1  115.9  341.6  -0.71  -22.52  -0.66  117.7
74872.0  1.5  984.3  115.9  340.1  -1.41  -23.22  -0.70  117.8
74873.0  1.7  984.1  115.9  338.3  -1.81  -23.97  -0.74  118.2
74874.0  2.3  984.3  116.0  336.2  -1.40  -23.99  -0.83  118.5
74875.0  2.5  984.4  116.1  334.1  -1.12  -24.19  -0.81  119.0
74876.0  2.6  984.0  116.1  332.0  -0.91  -23.78  -0.72  119.2
74877.0  2.5  983.9  116.0  330.1  -0.77  -23.10  -0.57  119.8
74878.0  2.1  983.7  116.0  328.4  -1.07  -23.62  -0.74  120.5
74879.0  2.0  983.8  115.9  326.6  -1.14  -24.06  -0.68  120.8
74880.0  1.8  984.0  115.9  324.8  -1.51  -24.18  -0.67  121.2
74881.0  1.8  983.7  115.9  323.1  -1.77  -24.15  -0.71  121.4
74882.0  1.9  983.9  115.9  321.2  -1.89  -24.09  -0.68  121.7
74883.0  1.9  984.0  116.0  319.4  -2.00  -24.67  -0.70  122.0
74884.0  2.0  983.7  116.1  317.4  -1.90  -24.75  -0.75  122.0
74885.0  2.1  984.0  116.2  315.4  -1.69  -24.28  -0.79  122.1
74886.0  2.0  983.9  116.2  313.4  -1.63  -23.51  -0.76  122.2
74887.0  1.8  983.9  116.3  311.7  -1.92  -24.47  -0.85  122.5
74888.0  1.7  983.9  116.4  309.8  -2.16  -24.53  -0.86  122.8
74889.0  2.0  983.8  116.5  307.7  -1.97  -24.11  -0.68  122.9
