flight/WP3D/AircraftMet_NP3_20130629_RA.ict
43  1001
Ken Aikin
NOAA ESRL Chemical Sciences Division
various aircraft sensors
SENEX 2013
1  1
2013  06  29  2013  06  29
1
AOCTimewave
10
1  1  1  1  1  1  1  1  1  1
-9999  -9999  -9999  -9999  -9999  -9999  -9999  -9999  -9999  -9999
AmbTemp  C
DewPtTemp  C
DewPtTempTDL  C
H2Omr  g/kg
PotTemp  K
RelHumidity  pct
StaticPrs  mbar
VertWindSpd  m/s
WindDir  deg
WindSpd  m/s
1
SPECIAL COMMENTS:Birmingham and C-130 intercomparison.
18
PI_CONTACT_INFO: Address: NOAA ESRL Chemical Sciences Division  Mail Stop R/CSD7  325 Broadway  Boulder  CO 80305
PLATFORM: NOAA WP-3D
LOCATION: The aircraft was stationed in  Smyrna  Tennessee. Aircraft location information in AircraftPosition file.
ASSOCIATED_DATA: N/A
INSTRUMENT_INFO: N/A
DATA_INFO: Units:AmbTemp celcius; DewPtTemp celcius; DewPtTempTDL celcius; H2Omr g/kg; PotTemp kelvin; RelHumidity percent; StaticPrs millibar; VertWindSpd m/s; WindDir degrees; WindSpd m/s
UNCERTAINTY: N/A
ULOD_FLAG: -7777
ULOD_VALUE: N/A
LLOD_FLAG: -8888
LLOD_VALUE: N/A
DM_CONTACT_INFO: Data Manager:Ken Aikin; email:Kenneth.C.Aikin@noaa.gov
PROJECT_INFO: SENEX 2013 Study; June 1 - July 15  2013
STIPULATIONS_ON_USE: Use of these data require prior ok from PI.
OTHER_COMMENTS:       None
REVISION: RA
RA: Preliminary Data.  For in-field use.
AOCTimewave  AmbTemp  DewPtTemp  DewPtTempTDL  H2Omr  PotTemp  RelHumidity  StaticPrs  VertWindSpd  WindDir  WindSpd
[from data line 17753]
73338.0  24.540  18.340  4.900  14.47  304.26  67.63  926.30  1.75  292.78  5.34
73339.0  24.530  18.340  4.830  14.47  304.24  67.73  926.33  1.37  298.66  4.94
73340.0  24.490  18.330  5.000  14.46  304.22  67.81  926.25  1.82  294.03  5.51
73341.0  24.440  18.310  4.990  14.44  304.19  67.91  926.03  1.50  289.55  5.05
73342.0  24.550  18.360  4.890  14.49  304.31  67.66  925.90  0.38  296.28  4.98
73343.0  24.520  18.360  4.920  14.49  304.26  67.80  926.10  0.48  292.34  4.98
73344.0  24.490  18.340  4.810  14.47  304.22  67.88  926.16  0.39  287.60  4.99
73345.0  24.560  18.360  4.810  14.49  304.26  67.66  926.48  0.56  287.95  6.13
73346.0  24.550  18.380  4.880  14.50  304.25  67.74  926.52  1.22  287.26  5.77
73347.0  24.640  18.400  4.820  14.52  304.35  67.48  926.53  0.12  297.95  5.86
73348.0  24.590  18.380  4.690  14.50  304.28  67.62  926.63  0.33  306.50  4.88
73349.0  24.590  18.400  4.730  14.52  304.28  67.69  926.67  0.16  298.32  4.97
73350.0  24.610  18.380  4.570  14.50  304.30  67.55  926.68  0.11  301.03  4.97
73351.0  24.610  18.400  4.600  14.52  304.28  67.62  926.81  0.22  296.20  4.55
73352.0  24.580  18.360  4.560  14.48  304.24  67.57  926.95  -0.05  292.97  4.16
73353.0  24.630  18.270  4.910  14.40  304.30  66.97  926.96  -0.02  300.95  4.38
73354.0  24.620  18.260  5.000  14.39  304.28  66.98  926.97  0.36  311.66  3.86
73355.0  24.540  18.290  5.000  14.41  304.20  67.41  927.00  0.91  304.35  3.83
73356.0  24.570  18.310  4.980  14.43  304.22  67.41  927.04  1.44  302.27  4.35
73357.0  24.680  18.310  4.960  14.43  304.33  66.95  927.02  1.31  302.24  5.99
73358.0  24.700  18.300  4.830  14.42  304.36  66.83  927.02  0.66  303.44  6.92
73359.0  24.670  18.290  4.730  14.41  304.34  66.87  926.92  0.20  303.48  7.59
73360.0  24.610  18.300  4.800  14.43  304.28  67.20  926.82  -0.26  304.39  6.70
73361.0  24.570  18.270  4.800  14.39  304.23  67.22  926.99  -0.01  310.75  5.65
73362.0  24.500  18.280  4.790  14.40  304.14  67.54  927.18  -1.12  301.41  4.96
73363.0  24.580  18.260  4.650  14.38  304.22  67.12  927.23  0.16  306.22  4.38
73364.0  24.560  18.250  4.690  14.37  304.20  67.14  927.17  0.44  294.87  6.34
73365.0  24.550  18.220  4.730  14.35  304.21  67.09  926.97  0.00  294.43  5.25
73366.0  24.530  18.250  4.620  14.38  304.20  67.30  926.93  0.57  298.87  4.69
73367.0  24.560  18.230  4.500  14.36  304.23  67.08  926.91  -0.37  294.13  4.52
73368.0  24.620  18.220  4.590  14.35  304.28  66.82  926.95  -0.89  310.05  3.93
73369.0  24.630  18.250  4.290  14.38  304.29  66.91  926.93  -1.00  309.79  4.35
73370.0  24.700  18.210  4.330  14.34  304.36  66.45  926.97  -0.66  313.59  5.13
73371.0  24.680  18.180  4.240  14.31  304.34  66.38  927.04  0.94  307.09  6.48
73372.0  24.680  18.120  4.450  14.25  304.32  66.14  927.14  1.05  303.97  7.92
73373.0  24.660  18.090  4.480  14.23  304.32  66.07  926.98  0.47  303.59  8.47
73374.0  24.690  18.050  4.380  14.19  304.34  65.79  927.04  -0.54  311.53  8.34
73375.0  24.650  18.030  4.150  14.17  304.31  65.85  927.03  -0.59  311.27  7.96
73376.0  24.640  18.010  4.220  14.16  304.29  65.83  927.13  -0.90  307.28  8.06
73377.0  24.640  17.990  4.190  14.14  304.29  65.76  927.08  -1.14  302.95  7.88
73378.0  24.670  17.960  3.840  14.11  304.33  65.47  926.99  -0.34  302.57  7.00
73379.0  24.700  17.920  3.760  14.07  304.36  65.19  927.01  -0.14  302.25  6.89
73380.0  24.810  17.880  3.380  14.04  304.46  64.60  927.11  -0.09  301.48  7.39
73381.0  24.850  17.790  3.270  13.95  304.48  64.09  927.27  -0.06  304.20  7.69
73382.0  24.890  17.700  2.970  13.87  304.52  63.51  927.32  -0.12  306.69  7.78
73383.0  24.700  17.610  3.300  13.79  304.33  63.87  927.39  0.35  300.23  6.71
73384.0  24.750  17.560  3.590  13.75  304.39  63.50  927.20  -0.51  303.53  6.92
73385.0  24.770  17.510  3.190  13.71  304.43  63.22  927.07  -0.20  297.26  8.25
73386.0  24.780  17.450  3.330  13.65  304.43  62.96  927.10  -0.25  297.45  8.65
73387.0  24.740  17.380  3.440  13.59  304.40  62.83  927.01  -0.45  298.04  8.44
73388.0  24.750  17.360  3.680  13.58  304.42  62.71  926.88  -0.06  304.40  7.81
73389.0  24.600  17.340  3.780  13.56  304.29  63.18  926.69  -0.07  300.16  6.65
73390.0  24.700  17.300  3.650  13.52  304.37  62.62  926.94  0.26  304.28  6.43
73391.0  24.700  17.260  3.480  13.49  304.37  62.49  926.90  0.76  301.69  6.74
73392.0  24.750  17.210  3.580  13.45  304.42  62.10  926.89  0.89  311.17  6.52
73393.0  24.680  17.190  3.550  13.43  304.36  62.25  926.88  0.51  306.56  6.07
73394.0  24.590  17.140  3.590  13.38  304.25  62.39  927.05  0.36  302.88  5.42
73395.0  24.590  17.140  4.010  13.39  304.24  62.44  927.04  0.63  296.41  6.31
73396.0  24.570  17.150  4.250  13.39  304.24  62.52  926.89  1.04  299.61  6.60
73397.0  24.560  17.190  3.980  13.43  304.24  62.71  926.77  0.80  299.20  5.95
73398.0  24.600  17.250  3.890  13.49  304.30  62.84  926.56  0.45  301.08  6.36
73399.0  24.590  17.270  3.750  13.51  304.31  62.96  926.39  0.13  305.71  5.61
73400.0  24.600  17.280  3.650  13.51  304.31  62.95  926.50  0.30  306.84  5.28
73401.0  24.650  17.270  3.660  13.50  304.37  62.70  926.36  -0.58  300.03  6.48
73402.0  24.610  17.300  3.540  13.53  304.31  62.99  926.51  0.11  297.60  6.17
73403.0  24.650  17.320  3.170  13.55  304.36  62.91  926.44  -0.42  293.62  5.92
73404.0  24.580  17.280  3.360  13.51  304.28  63.03  926.56  0.24  290.43  5.48
73405.0  24.660  17.270  3.700  13.50  304.36  62.64  926.59  0.55  295.76  5.68
73406.0  24.590  17.280  3.730  13.51  304.29  63.00  926.55  0.32  294.17  5.97
73407.0  24.580  17.260  3.650  13.49  304.27  62.96  926.70  0.42  296.82  5.20
73408.0  24.580  17.270  3.570  13.50  304.27  62.96  926.67  0.23  297.35  5.57
73409.0  24.610  17.270  3.590  13.50  304.30  62.85  926.69  0.47  296.99  6.30
73410.0  24.630  17.310  3.500  13.53  304.31  62.95  926.76  0.86  296.95  6.58
73411.0  24.590  17.270  3.470  13.50  304.28  62.96  926.64  0.90  296.87  6.46
73412.0  24.590  17.230  3.420  13.46  304.29  62.74  926.65  0.33  299.88  6.43
73413.0  24.600  17.190  3.460  13.43  304.29  62.57  926.67  0.09  300.81  6.46
73414.0  24.620  17.130  3.440  13.38  304.31  62.27  926.70  0.36  300.54  6.89
73415.0  24.600  17.120  3.300  13.37  304.29  62.31  926.64  -0.02  298.89  6.78
73416.0  24.670  17.100  3.180  13.35  304.36  61.93  926.71  -0.37  299.82  6.77
73417.0  24.700  17.060  3.240  13.32  304.37  61.68  926.88  -0.35  303.14  6.99
73418.0  24.750  17.050  2.860  13.31  304.44  61.44  926.80  0.02  301.23  7.27
73419.0  24.830  17.000  2.280  13.26  304.52  60.91  926.79  -0.07  302.87  7.45
73420.0  24.820  16.960  2.590  13.23  304.50  60.80  926.85  0.13  302.50  7.55
73421.0  24.800  16.930  2.570  13.20  304.48  60.75  926.91  0.27  300.45  7.38
73422.0  24.800  16.850  2.420  13.14  304.48  60.47  926.82  0.35  299.13  7.34
73423.0  24.770  16.790  2.740  13.08  304.45  60.32  926.82  0.29  297.92  7.78
73424.0  24.790  16.760  2.760  13.06  304.48  60.13  926.81  0.35  300.52  7.34
73425.0  24.780  16.710  2.600  13.02  304.47  60.00  926.77  0.18  297.71  7.60
73426.0  24.780  16.650  2.670  12.96  304.46  59.76  926.75  0.08  299.35  7.15
73427.0  24.760  16.610  2.620  12.93  304.43  59.67  926.94  0.29  293.40  7.46
73428.0  24.690  16.570  3.110  12.90  304.37  59.78  926.79  0.42  291.84  7.15
73429.0  24.780  16.560  3.080  12.89  304.46  59.41  926.76  0.01  297.44  6.80
73430.0  24.650  16.560  3.040  12.89  304.33  59.89  926.83  0.19  289.38  6.44
73431.0  24.680  16.510  3.340  12.85  304.36  59.58  926.81  0.11  286.73  7.01
73432.0  24.680  16.540  3.190  12.87  304.37  59.67  926.76  -0.59  287.81  7.06
73433.0  24.710  16.530  2.950  12.87  304.40  59.55  926.77  -0.32  289.95  6.61
73434.0  24.720  16.520  3.160  12.86  304.40  59.47  926.81  0.13  289.13  6.99
73435.0  24.630  16.510  3.180  12.85  304.31  59.75  926.85  -0.06  283.10  7.10
73436.0  24.670  16.560  3.260  12.89  304.36  59.81  926.73  -0.64  280.54  7.48
73437.0  24.720  16.570  3.250  12.90  304.40  59.70  926.74  -0.33  283.96  7.23
73438.0  24.770  16.580  3.140  12.91  304.46  59.53  926.69  -0.47  289.05  6.79
73439.0  24.850  16.620  2.760  12.94  304.52  59.40  926.93  -0.62  296.02  7.09
73440.0  24.850  16.610  2.470  12.93  304.51  59.32  927.07  -0.57  296.85  7.42
73441.0  24.840  16.610  2.580  12.93  304.49  59.38  927.15  -0.33  297.32  7.02
73442.0  24.860  16.570  2.410  12.90  304.51  59.16  927.26  -0.22  295.46  6.98
73443.0  24.830  16.570  2.240  12.89  304.48  59.25  927.12  0.13  290.81  7.10
73444.0  24.820  16.520  2.360  12.86  304.50  59.10  926.91  -0.21  285.43  7.53
73445.0  24.760  16.490  2.530  12.83  304.45  59.21  926.80  -0.61  283.63  7.66
73446.0  24.770  16.430  2.240  12.78  304.45  58.94  926.92  -0.24  281.48  7.68
73447.0  24.800  16.410  2.460  12.77  304.49  58.74  926.77  -0.40  281.00  7.59
73448.0  24.790  16.340  2.470  12.71  304.47  58.53  926.91  -0.45  280.38  7.62
73449.0  24.720  16.300  2.590  12.67  304.39  58.63  926.95  -0.48  277.29  7.44
73450.0  24.790  16.280  2.650  12.66  304.46  58.33  926.93  -0.28  278.46  7.21
73451.0  24.770  16.270  2.620  12.65  304.43  58.35  927.02  -0.52  275.20  7.23
73452.0  24.670  16.230  2.970  12.62  304.32  58.55  927.09  -0.16  272.45  7.29
73453.0  24.700  16.230  3.410  12.62  304.37  58.43  926.94  -0.23  272.22  7.24
73454.0  24.680  16.250  3.410  12.63  304.36  58.57  926.87  -0.29  275.10  7.40
73455.0  24.650  16.250  3.620  12.64  304.33  58.69  926.85  -0.38  279.23  7.52
73456.0  24.650  16.290  3.650  12.67  304.33  58.83  926.86  -0.29  279.80  6.75
73457.0  24.600  16.330  3.420  12.70  304.27  59.17  926.87  -0.35  277.11  7.36
73458.0  24.620  16.380  3.600  12.74  304.30  59.32  926.75  -0.76  273.58  7.49
73459.0  24.650  16.450  3.500  12.80  304.34  59.46  926.70  -1.07  276.64  7.04
73460.0  24.600  16.500  3.680  12.84  304.29  59.83  926.71  -0.77  272.69  7.02
73461.0  24.580  16.560  4.220  12.89  304.26  60.15  926.73  -0.90  275.06  7.04
73462.0  24.580  16.650  4.120  12.97  304.25  60.51  926.82  -0.80  275.22  7.11
73463.0  24.580  16.730  4.240  13.04  304.26  60.81  926.88  -0.52  277.06  7.39
73464.0  24.570  16.790  4.070  13.09  304.24  61.10  926.88  -0.22  278.31  7.15
73465.0  24.600  16.880  3.960  13.16  304.27  61.34  926.79  -0.67  280.56  7.31
73466.0  24.650  16.950  3.390  13.22  304.32  61.42  926.85  -0.32  281.74  7.24
73467.0  24.680  16.970  3.650  13.24  304.36  61.40  926.75  -0.33  284.11  7.80
73468.0  24.650  17.030  3.590  13.29  304.32  61.77  926.84  -0.34  285.42  7.53
73469.0  24.730  17.070  3.080  13.32  304.40  61.59  926.92  -0.04  287.76  7.57
73470.0  24.800  17.030  2.780  13.29  304.47  61.17  927.02  0.04  289.81  7.73
73471.0  24.800  17.020  2.500  13.28  304.47  61.13  927.02  0.11  291.37  7.58
73472.0  24.780  16.970  2.650  13.23  304.45  60.99  926.97  0.29  287.80  7.87
73473.0  24.780  16.910  2.800  13.19  304.46  60.78  926.80  0.24  286.23  7.93
73474.0  24.780  16.900  2.810  13.18  304.46  60.71  926.81  0.09  288.09  8.05
73475.0  24.790  16.880  2.670  13.16  304.47  60.64  926.76  0.09  289.24  7.92
73476.0  24.790  16.840  2.720  13.13  304.49  60.49  926.55  -0.48  289.98  7.75
73477.0  24.770  16.830  2.250  13.13  304.47  60.52  926.58  -0.03  288.38  8.20
73478.0  24.790  16.760  2.080  13.07  304.49  60.17  926.58  -0.30  288.09  7.68
73479.0  24.770  16.660  2.670  12.98  304.47  59.84  926.60  -0.52  286.64  7.46
73480.0  24.650  16.620  3.990  12.94  304.35  60.13  926.54  -0.19  288.55  7.36
73481.0  24.550  16.620  4.450  12.95  304.27  60.50  926.31  -0.26  288.14  7.07
73482.0  24.450  16.670  4.850  12.99  304.18  61.08  926.25  -0.14  286.87  7.11
73483.0  24.440  16.740  5.060  13.05  304.17  61.36  926.30  -0.18  288.22  6.63
73484.0  24.410  16.830  5.140  13.12  304.13  61.86  926.25  -0.09  290.43  6.65
73485.0  24.350  16.890  5.350  13.18  304.07  62.35  926.25  0.04  290.88  6.48
73486.0  24.360  17.030  5.090  13.30  304.08  62.87  926.29  0.35  294.43  6.10
73487.0  24.370  17.150  4.900  13.40  304.11  63.30  926.09  0.26  298.96  6.01
73488.0  24.330  17.250  4.770  13.49  304.07  63.87  926.14  0.18  299.04  5.26
73489.0  24.290  17.380  4.910  13.60  304.01  64.58  926.27  0.39  299.58  5.13
73490.0  24.300  17.490  5.130  13.70  304.03  64.97  926.18  0.66  305.68  5.26
73491.0  24.290  17.610  5.250  13.81  304.02  65.54  926.17  0.77  312.80  5.04
73492.0  24.240  17.730  5.610  13.92  303.97  66.29  926.18  0.30  318.58  4.82
73493.0  24.140  17.860  5.910  14.03  303.85  67.26  926.34  -0.71  315.51  4.74
73494.0  24.150  18.020  5.740  14.17  303.83  67.88  926.58  -1.19  316.18  4.91
73495.0  24.230  18.210  5.580  14.35  303.91  68.40  926.71  -1.21  316.42  5.01
73496.0  24.350  18.370  5.080  14.49  304.03  68.60  926.72  -1.41  315.30  5.19
73497.0  24.400  18.470  4.690  14.58  304.08  68.77  926.80  -1.29  316.22  4.76
73498.0  24.490  18.480  4.720  14.59  304.15  68.46  926.93  -1.10  317.95  4.85
73499.0  24.610  18.490  3.200  14.59  304.25  67.99  927.14  -1.16  314.87  4.61
73500.0  24.740  18.400  2.780  14.52  304.39  67.10  927.03  -1.43  318.22  4.23
73501.0  24.680  18.290  2.990  14.41  304.31  66.88  927.27  0.02  310.16  4.63
73502.0  24.450  18.180  4.540  14.30  304.08  67.32  927.30  -0.13  304.10  4.95
73503.0  24.380  18.100  4.410  14.23  304.00  67.27  927.36  0.08  296.34  5.29
73504.0  24.340  18.090  4.960  14.23  303.99  67.39  927.07  -0.68  294.15  5.52
73505.0  24.420  18.150  4.870  14.29  304.08  67.32  927.01  -1.20  300.47  5.93
73506.0  24.590  18.210  3.360  14.34  304.25  66.87  927.00  -0.29  301.18  6.02
73507.0  24.590  18.170  3.380  14.30  304.25  66.70  926.97  -0.34  300.63  6.19
73508.0  24.750  18.090  2.360  14.23  304.42  65.71  926.92  -0.79  304.21  6.77
73509.0  24.870  17.930  1.150  14.08  304.54  64.52  926.94  -0.70  309.92  7.20
73510.0  24.910  17.690  1.290  13.86  304.57  63.40  927.01  -0.04  308.92  6.63
73511.0  24.820  17.410  2.230  13.62  304.50  62.60  926.88  0.13  302.21  6.22
73512.0  24.760  17.210  2.850  13.44  304.46  62.02  926.65  0.00  302.20  5.75
73513.0  24.690  17.050  3.200  13.31  304.37  61.68  926.73  -0.15  303.54  6.02
73514.0  24.660  16.980  3.210  13.25  304.35  61.50  926.70  -0.05  297.44  5.84
73515.0  24.560  16.970  4.060  13.24  304.27  61.84  926.49  -0.25  291.17  5.93
73516.0  24.610  16.930  2.660  13.22  304.34  61.51  926.29  -0.73  296.09  6.34
73517.0  24.630  16.940  3.190  13.22  304.36  61.47  926.32  0.37  296.26  5.83
73518.0  24.570  16.910  3.570  13.19  304.28  61.55  926.45  0.53  293.94  5.80
73519.0  24.550  16.920  3.520  13.20  304.25  61.69  926.51  1.23  296.01  6.18
73520.0  24.560  16.910  3.530  13.19  304.29  61.59  926.34  0.98  291.55  5.80
73521.0  24.590  16.800  3.330  13.11  304.32  61.09  926.18  0.56  288.96  6.10
73522.0  24.640  16.680  2.360  13.00  304.37  60.39  926.25  0.68  293.39  6.27
73523.0  24.720  16.570  2.360  12.91  304.45  59.68  926.31  0.89  289.74  5.94
73524.0  24.710  16.490  2.310  12.84  304.43  59.43  926.36  0.38  292.23  5.79
73525.0  24.540  16.500  3.390  12.85  304.26  60.06  926.38  -0.27  295.53  6.11
73526.0  24.490  16.590  4.200  12.92  304.19  60.57  926.58  -0.23  288.92  6.59
73527.0  24.570  16.740  2.910  13.05  304.26  60.90  926.68  -0.29  291.10  6.85
73528.0  24.640  16.910  2.250  13.19  304.34  61.31  926.56  -0.52  293.60  7.19
73529.0  24.560  17.010  2.980  13.27  304.23  62.00  926.90  -0.25  293.95  7.06
73530.0  24.560  16.990  3.030  13.25  304.23  61.91  926.87  -0.20  293.20  7.48
73531.0  24.590  16.880  2.540  13.16  304.24  61.40  927.05  -0.38  296.56  7.26
73532.0  24.530  16.800  3.110  13.08  304.16  61.28  927.29  -0.52  296.66  7.63
