flight/WP3D/AircraftPos_NP3_20130618_RA.ict
38  1001
Ken Aikin
NOAA ESRL Chemical Sciences Division
various aircraft sensors
SENEX 2013
1  1
2013  06  18  2013  06  18
1
AOCTimewave
5
1  1  1  1  1 
-9999  -9999  -9999  -9999  -9999
GpsLat  deg
GpsLon  deg
GpsAlt  m
PAlt  m
RAlt  m
1
SPECIAL COMMENTS:Aborted St. Louis flight. Flaps light came on.
18
PI_CONTACT_INFO: Address: NOAA ESRL Chemical Sciences Division  Mail Stop R/CSD7  325 Broadway  Boulder  CO 80305
PLATFORM: NOAA WP-3D
LOCATION: The aircraft was stationed in Smyrna  Tennessee. Aircraft location information in AircraftPosition file.
ASSOCIATED_DATA: N/A
INSTRUMENT_INFO: N/A
DATA_INFO: Units:GpsLat:decimal degrees; GpsLon: decimal degrees; GpsAlt: meters; PAlt:meters; RAlt: meters.
UNCERTAINTY: N/A
ULOD_FLAG: -7777
ULOD_VALUE: N/A
LLOD_FLAG: -8888
LLOD_VALUE: N/A
DM_CONTACT_INFO: Data Manager:Ken Aikin; email:Kenneth.C.Aikin@noaa.gov
PROJECT_INFO: SENEX 2013 Study; June 1 - July 15  2013
STIPULATIONS_ON_USE: Use of these data require prior ok from PI.
OTHER_COMMENTS:       None
REVISION: RA
RA: Preliminary Data.  For in-field use.
AOCTimewave  GpsLat  GpsLon  GpsAlt  PAlt  RAlt
[from data line 5809]
84605.0  35.5735   -86.9841   1269.2   1204.9   1137.4
84606.0  35.5735   -86.9852   1269.2   1203.8   1117.8
84607.0  35.5736   -86.9863   1269.2   1204.1   1119.8
84608.0  35.5736   -86.9874   1269.2   1204.0   1102.1
84609.0  35.5737   -86.9885   1269.2   1203.6   1103.5
84610.0  35.5738   -86.9896   1269.2   1203.0   1104.8
84611.0  35.5738   -86.9907   1269.2   1202.2   1123.0
84612.0  35.5739   -86.9918   1269.2   1204.2   1118.1
84613.0  35.5740   -86.9929   1269.2   1203.9   1124.2
84614.0  35.5741   -86.9939   1269.2   1203.1   1121.3
84615.0  35.5742   -86.9950   1269.2   1203.3   1127.0
84616.0  35.5743   -86.9961   1268.8   1202.3   1126.3
84617.0  35.5743   -86.9972   1268.0   1201.8   1129.7
84618.0  35.5744   -86.9983   1268.0   1202.4   1120.5
84619.0  35.5745   -86.9994   1268.0   1202.3   1106.3
84620.0  35.5746   -87.0005   1268.0   1200.8   1097.8
84621.0  35.5747   -87.0016   1267.7   1201.3   1081.8
84622.0  35.5748   -87.0027   1266.7   1201.1   1087.6
84623.0  35.5749   -87.0038   1266.7   1200.1   1074.3
84624.0  35.5749   -87.0049   1266.7   1201.2   1070.0
84625.0  35.5750   -87.0060   1266.7   1200.4   1065.7
84626.0  35.5751   -87.0071   1266.7   1200.7   1068.6
84627.0  35.5752   -87.0082   1266.7   1199.6   1074.8
84628.0  35.5753   -87.0093   1266.7   1199.8   1084.1
84629.0  35.5754   -87.0104   1266.7   1198.9   1079.9
84630.0  35.5754   -87.0115   1266.7   1197.6   1082.9
84631.0  35.5755   -87.0126   1266.7   1198.5   1073.1
84632.0  35.5756   -87.0137   1266.7   1199.4   1076.3
84633.0  35.5757   -87.0148   1266.7   1199.8   1081.2
84634.0  35.5758   -87.0159   1266.7   1198.3   1068.8
84635.0  35.5758   -87.0170   1266.7   1199.1   1073.0
84636.0  35.5759   -87.0181   1266.7   1199.7   1078.3
84637.0  35.5760   -87.0192   1266.7   1200.3   1083.4
84638.0  35.5761   -87.0203   1266.7   1200.9   1081.3
84639.0  35.5762   -87.0214   1266.7   1201.4   1088.2
84640.0  35.5762   -87.0225   1266.7   1201.3   1085.1
84641.0  35.5763   -87.0237   1266.7   1201.2   1091.9
84642.0  35.5764   -87.0248   1266.7   1201.0   1098.9
84643.0  35.5765   -87.0259   1266.7   1201.4   1084.4
84644.0  35.5765   -87.0270   1266.7   1201.6   1075.4
84645.0  35.5766   -87.0281   1266.7   1200.9   1084.4
84646.0  35.5767   -87.0292   1266.4   1199.1   1079.8
84647.0  35.5768   -87.0303   1265.5   1199.2   1084.0
84648.0  35.5768   -87.0314   1266.4   1200.4   1076.6
84649.0  35.5769   -87.0325   1266.7   1198.9   1072.5
84650.0  35.5770   -87.0336   1266.7   1199.1   1061.4
84651.0  35.5770   -87.0347   1266.7   1198.9   1061.9
84652.0  35.5771   -87.0358   1266.7   1197.8   1065.5
84653.0  35.5772   -87.0369   1266.7   1199.9   1060.7
84654.0  35.5772   -87.0380   1266.7   1201.2   1079.3
84655.0  35.5773   -87.0391   1267.5   1201.3   1077.9
84656.0  35.5774   -87.0402   1268.0   1202.4   1060.4
84657.0  35.5775   -87.0414   1268.0   1202.3   1053.1
84658.0  35.5775   -87.0425   1268.0   1202.4   1052.5
84659.0  35.5776   -87.0436   1268.0   1202.8   1058.9
84660.0  35.5777   -87.0447   1268.0   1201.9   1054.3
84661.0  35.5777   -87.0458   1268.0   1201.3   1054.7
84662.0  35.5778   -87.0469   1268.9   1200.9   1057.2
84663.0  35.5779   -87.0480   1269.0   1201.6   1063.4
84664.0  35.5780   -87.0491   1266.7   1202.8   1075.3
84665.0  35.5780   -87.0502   1266.8   1201.9   1072.5
84666.0  35.5781   -87.0513   1268.0   1202.4   1062.5
84667.0  35.5782   -87.0524   1268.0   1202.7   1055.1
84668.0  35.5783   -87.0535   1268.0   1202.8   1059.5
84669.0  35.5783   -87.0546   1268.0   1202.0   1061.0
84670.0  35.5784   -87.0558   1268.0   1202.1   1062.5
84671.0  35.5785   -87.0569   1268.1   1201.8   1055.3
84672.0  35.5785   -87.0580   1269.2   1201.7   1053.8
84673.0  35.5786   -87.0591   1269.2   1202.1   1052.3
84674.0  35.5787   -87.0602   1269.2   1201.3   1046.0
84675.0  35.5788   -87.0613   1269.2   1200.0   1056.1
84676.0  35.5788   -87.0624   1269.2   1200.9   1062.2
84677.0  35.5789   -87.0635   1269.2   1202.0   1069.6
84678.0  35.5790   -87.0647   1269.2   1202.3   1081.9
84679.0  35.5791   -87.0658   1269.2   1202.1   1072.8
84680.0  35.5792   -87.0669   1269.2   1202.6   1079.4
84681.0  35.5792   -87.0680   1269.2   1201.8   1084.9
84682.0  35.5793   -87.0691   1269.2   1202.0   1085.3
84683.0  35.5794   -87.0702   1269.2   1202.5   1088.8
84684.0  35.5795   -87.0713   1269.2   1202.6   1090.7
84685.0  35.5795   -87.0725   1269.2   1201.8   1100.5
84686.0  35.5796   -87.0736   1269.2   1202.2   1092.6
84687.0  35.5797   -87.0747   1269.2   1201.6   1094.8
84688.0  35.5798   -87.0758   1269.2   1200.5   1086.2
84689.0  35.5799   -87.0769   1269.2   1200.6   1087.6
84690.0  35.5799   -87.0780   1269.2   1201.2   1080.8
84691.0  35.5800   -87.0792   1269.1   1202.1   1083.2
84692.0  35.5801   -87.0803   1268.0   1202.3   1084.8
84693.0  35.5802   -87.0814   1268.0   1201.4   1085.8
84694.0  35.5803   -87.0825   1268.0   1201.5   1085.7
84695.0  35.5803   -87.0837   1268.0   1201.6   1080.9
84696.0  35.5804   -87.0848   1268.0   1200.4   1078.8
84697.0  35.5805   -87.0859   1268.0   1201.0   1072.4
84698.0  35.5806   -87.0870   1268.0   1202.0   1071.3
84699.0  35.5807   -87.0881   1268.0   1201.1   1072.7
84700.0  35.5807   -87.0893   1268.0   1200.4   1066.9
84701.0  35.5808   -87.0904   1268.0   1200.0   1063.0
84702.0  35.5809   -87.0915   1268.0   1199.3   1059.4
84703.0  35.5810   -87.0926   1268.0   1200.4   1058.6
84704.0  35.5811   -87.0937   1268.2   1200.0   1060.2
84705.0  35.5811   -87.0949   1269.2   1201.7   1059.7
84706.0  35.5812   -87.0960   1269.2   1203.0   1067.6
84707.0  35.5813   -87.0971   1269.1   1200.5   1068.6
84708.0  35.5814   -87.0982   1268.0   1199.2   1069.1
84709.0  35.5815   -87.0993   1268.0   1200.0   1066.9
84710.0  35.5816   -87.1005   1267.6   1200.3   1074.9
84711.0  35.5817   -87.1016   1266.7   1198.9   1082.2
84712.0  35.5818   -87.1027   1266.7   1199.1   1086.3
84713.0  35.5819   -87.1038   1266.7   1198.1   1082.4
84714.0  35.5820   -87.1049   1266.0   1196.9   1080.0
84715.0  35.5821   -87.1061   1265.5   1198.4   1075.8
84716.0  35.5822   -87.1072   1265.5   1199.4   1081.9
84717.0  35.5822   -87.1083   1265.5   1198.8   1084.2
84718.0  35.5823   -87.1094   1266.1   1200.5   1085.2
84719.0  35.5824   -87.1105   1266.7   1199.3   1075.8
84720.0  35.5825   -87.1117   1266.7   1197.9   1074.0
84721.0  35.5826   -87.1128   1266.7   1198.6   1081.3
84722.0  35.5827   -87.1139   1267.3   1199.8   1088.3
84723.0  35.5828   -87.1150   1268.0   1201.5   1085.2
84724.0  35.5829   -87.1161   1268.0   1200.8   1079.0
84725.0  35.5830   -87.1172   1268.0   1201.2   1069.8
84726.0  35.5831   -87.1184   1268.0   1200.9   1068.7
84727.0  35.5832   -87.1195   1268.0   1200.7   1075.4
84728.0  35.5833   -87.1206   1268.0   1201.2   1074.5
84729.0  35.5834   -87.1217   1268.3   1201.6   1074.6
84730.0  35.5835   -87.1228   1269.2   1202.0   1078.6
84731.0  35.5836   -87.1240   1269.2   1202.2   1083.2
84732.0  35.5837   -87.1251   1269.2   1202.1   1072.5
84733.0  35.5838   -87.1262   1269.2   1202.8   1072.8
84734.0  35.5839   -87.1273   1269.2   1203.2   1081.0
84735.0  35.5840   -87.1284   1269.2   1202.7   1072.9
84736.0  35.5841   -87.1295   1269.2   1201.7   1086.5
84737.0  35.5842   -87.1307   1269.2   1200.7   1098.7
84738.0  35.5843   -87.1318   1269.2   1200.4   1091.7
84739.0  35.5844   -87.1329   1269.1   1200.8   1084.2
84740.0  35.5845   -87.1340   1268.0   1201.3   1079.2
84741.0  35.5846   -87.1351   1268.0   1200.4   1074.5
84742.0  35.5847   -87.1362   1268.0   1200.7   1078.7
84743.0  35.5848   -87.1374   1268.0   1201.4   1079.9
84744.0  35.5849   -87.1385   1268.0   1200.7   1087.5
84745.0  35.5850   -87.1396   1268.0   1199.7   1085.5
84746.0  35.5851   -87.1407   1268.0   1199.9   1082.3
84747.0  35.5852   -87.1418   1268.0   1199.9   1081.9
84748.0  35.5853   -87.1429   1268.0   1200.9   1067.5
84749.0  35.5854   -87.1441   1268.0   1202.4   1063.9
84750.0  35.5855   -87.1452   1268.0   1201.9   1067.0
84751.0  35.5856   -87.1463   1268.0   1202.3   1068.1
84752.0  35.5857   -87.1474   1268.0   1200.9   1078.4
84753.0  35.5858   -87.1485   1268.0   1199.2   1080.9
84754.0  35.5859   -87.1496   1268.0   1198.6   1084.0
84755.0  35.5860   -87.1507   1268.0   1200.2   1080.3
84756.0  35.5861   -87.1518   1268.0   1201.0   1078.9
84757.0  35.5862   -87.1530   1268.0   1200.6   1070.8
84758.0  35.5863   -87.1541   1268.0   1200.8   1073.0
84759.0  35.5865   -87.1552   1268.0   1200.8   1086.3
84760.0  35.5866   -87.1563   1268.0   1201.1   1087.7
84761.0  35.5867   -87.1574   1268.0   1202.4   1085.8
84762.0  35.5868   -87.1585   1268.0   1202.0   1084.0
84763.0  35.5869   -87.1596   1268.0   1202.6   1092.0
84764.0  35.5870   -87.1607   1268.0   1200.9   1079.7
84765.0  35.5871   -87.1618   1268.0   1201.2   1083.0
84766.0  35.5872   -87.1630   1268.0   1200.6   1088.4
84767.0  35.5873   -87.1641   1268.0   1201.2   1088.7
84768.0  35.5874   -87.1652   1268.0   1202.5   1095.7
84769.0  35.5875   -87.1663   1268.0   1200.8   1096.6
84770.0  35.5877   -87.1674   1268.0   1200.4   1091.4
84771.0  35.5878   -87.1685   1268.0   1200.3   1084.9
84772.0  35.5879   -87.1696   1268.0   1200.6   1090.7
84773.0  35.5880   -87.1707   1268.0   1199.4   1081.8
84774.0  35.5881   -87.1719   1268.0   1199.1   1085.9
84775.0  35.5882   -87.1730   1268.0   1199.1   1085.0
84776.0  35.5883   -87.1741   1268.0   1199.3   1087.6
84777.0  35.5884   -87.1752   1268.0   1199.8   1091.6
84778.0  35.5885   -87.1763   1268.0   1198.8   1090.1
84779.0  35.5886   -87.1774   1268.0   1198.5   1097.3
84780.0  35.5888   -87.1785   1268.0   1198.3   1099.9
84781.0  35.5889   -87.1796   1268.0   1199.7   1083.9
84782.0  35.5890   -87.1807   1268.0   1200.7   1086.0
84783.0  35.5891   -87.1818   1268.0   1201.3   1086.8
84784.0  35.5892   -87.1829   1268.0   1199.7   1089.3
84785.0  35.5893   -87.1841   1268.0   1200.7   1098.9
84786.0  35.5894   -87.1852   1268.0   1200.4   1108.4
84787.0  35.5896   -87.1863   1268.0   1199.8   1111.2
84788.0  35.5897   -87.1874   1268.0   1200.5   1105.3
84789.0  35.5898   -87.1885   1268.6   1200.9   1098.3
84790.0  35.5899   -87.1896   1269.2   1202.2   1112.5
84791.0  35.5900   -87.1907   1269.2   1202.2   1114.2
84792.0  35.5901   -87.1918   1269.2   1200.3   1117.9
84793.0  35.5902   -87.1929   1269.2   1200.1   1105.9
84794.0  35.5904   -87.1940   1269.2   1201.7   1096.0
84795.0  35.5905   -87.1951   1269.2   1202.0   1100.2
84796.0  35.5906   -87.1963   1269.2   1200.2   1104.1
84797.0  35.5907   -87.1974   1269.2   1199.4   1107.9
84798.0  35.5908   -87.1985   1269.2   1200.3   1109.9
84799.0  35.5910   -87.1996   1269.2   1200.7   1111.8
84800.0  35.5911   -87.2007   1269.2   1202.1   1112.0
84801.0  35.5912   -87.2018   1269.2   1201.5   1105.7
84802.0  35.5913   -87.2029   1269.2   1201.2   1112.2
84803.0  35.5914   -87.2040   1269.2   1201.4   1109.6
84804.0  35.5916   -87.2051   1269.2   1202.5   1101.6
84805.0  35.5917   -87.2062   1269.2   1201.2   1105.5
84806.0  35.5918   -87.2073   1269.2   1200.5   1099.8
84807.0  35.5919   -87.2085   1269.2   1200.8   1099.3
84808.0  35.5921   -87.2096   1269.8   1200.2   1094.0
84809.0  35.5922   -87.2107   1270.4   1200.5   1090.9
84810.0  35.5923   -87.2118   1269.7   1200.7   1090.7
84811.0  35.5924   -87.2129   1269.8   1201.0   1091.5
84812.0  35.5925   -87.2140   1270.4   1200.9   1099.3
84813.0  35.5927   -87.2151   1270.2   1200.3   1096.3
84814.0  35.5928   -87.2162   1269.2   1200.9   1095.7
84815.0  35.5929   -87.2173   1269.2   1200.4   1099.3
84816.0  35.5931   -87.2184   1269.2   1201.2   1095.9
84817.0  35.5932   -87.2195   1269.2   1203.2   1096.1
84818.0  35.5935   -87.2206   1269.2   1203.7   1090.4
84819.0  35.5937   -87.2216   1269.6   1203.5   1090.5
84820.0  35.5940   -87.2227   1270.4   1202.2   1093.6
84821.0  35.5944   -87.2237   1270.4   1202.0   1089.9
84822.0  35.5947   -87.2247   1270.4   1204.2   1090.3
84823.0  35.5951   -87.2257   1270.5   1203.9   1092.2
84824.0  35.5956   -87.2266   1271.6   1204.6   1107.6
84825.0  35.5961   -87.2275   1271.1   1204.1   1114.2
84826.0  35.5966   -87.2284   1270.4   1204.1   1083.6
84827.0  35.5972   -87.2292   1270.5   1204.0   1067.5
84828.0  35.5978   -87.2300   1271.4   1202.6   1047.6
84829.0  35.5984   -87.2308   1270.4   1203.0   1049.9
84830.0  35.5990   -87.2315   1270.4   1204.1   1043.4
84831.0  35.5997   -87.2322   1270.4   1204.5   1048.7
84832.0  35.6004   -87.2329   1270.0   1202.8   1053.4
84833.0  35.6011   -87.2335   1269.2   1202.8   1056.0
84834.0  35.6019   -87.2340   1269.2   1201.2   1048.6
84835.0  35.6026   -87.2345   1268.9   1199.9   1049.3
84836.0  35.6034   -87.2350   1268.4   1199.3   1047.2
84837.0  35.6042   -87.2354   1268.0   1199.0   1052.4
84838.0  35.6050   -87.2358   1268.0   1198.1   1054.5
84839.0  35.6059   -87.2361   1268.0   1196.8   1065.2
84840.0  35.6067   -87.2364   1268.0   1198.1   1071.2
84841.0  35.6075   -87.2366   1268.0   1197.9   1086.7
84842.0  35.6084   -87.2367   1268.0   1199.0   1084.4
84843.0  35.6092   -87.2369   1268.0   1200.4   1088.4
84844.0  35.6101   -87.2369   1268.0   1200.4   1091.8
84845.0  35.6110   -87.2369   1268.0   1200.2   1092.5
84846.0  35.6118   -87.2369   1267.5   1200.4   1086.2
84847.0  35.6127   -87.2368   1266.7   1199.1   1090.5
84848.0  35.6135   -87.2366   1266.7   1199.1   1090.9
84849.0  35.6144   -87.2364   1266.7   1198.7   1101.3
84850.0  35.6152   -87.2362   1266.7   1199.3   1099.2
84851.0  35.6160   -87.2359   1266.7   1198.4   1093.7
84852.0  35.6168   -87.2355   1266.7   1198.7   1093.1
84853.0  35.6176   -87.2351   1266.7   1198.7   1094.8
84854.0  35.6184   -87.2347   1266.7   1198.7   1089.3
84855.0  35.6191   -87.2342   1266.7   1199.1   1084.1
84856.0  35.6198   -87.2336   1266.7   1198.5   1090.0
84857.0  35.6205   -87.2331   1266.7   1199.9   1101.9
84858.0  35.6212   -87.2324   1266.7   1199.8   1097.6
84859.0  35.6218   -87.2318   1266.7   1199.4   1105.6
84860.0  35.6225   -87.2311   1266.7   1199.5   1107.6
84861.0  35.6231   -87.2303   1266.7   1199.6   1101.7
84862.0  35.6236   -87.2296   1266.7   1199.1   1103.3
84863.0  35.6241   -87.2288   1266.7   1199.3   1101.3
84864.0  35.6246   -87.2279   1266.7   1198.5   1102.0
84865.0  35.6251   -87.2270   1266.7   1199.1   1092.0
84866.0  35.6255   -87.2261   1266.7   1199.8   1095.2
84867.0  35.6259   -87.2252   1266.8   1200.4   1097.6
84868.0  35.6263   -87.2243   1268.0   1199.4   1102.8
84869.0  35.6266   -87.2233   1268.0   1199.9   1109.0
84870.0  35.6268   -87.2223   1268.0   1200.6   1116.3
84871.0  35.6271   -87.2213   1268.1   1200.5   1122.3
84872.0  35.6273   -87.2203   1269.2   1200.5   1124.1
84873.0  35.6274   -87.2193   1269.2   1198.9   1124.6
84874.0  35.6276   -87.2183   1269.2   1199.1   1142.0
84875.0  35.6277   -87.2172   1269.2   1199.6   1135.9
84876.0  35.6277   -87.2162   1269.2   1200.7   1129.8
84877.0  35.6278   -87.2151   1269.2   1200.2   1122.7
84878.0  35.6278   -87.2141   1269.2   1198.9   1125.5
84879.0  35.6278   -87.2130   1269.2   1198.4   1113.6
84880.0  35.6279   -87.2120   1268.7   1199.1   1115.7
84881.0  35.6279   -87.2109   1268.0   1198.3   1112.2
84882.0  35.6278   -87.2099   1268.0   1197.3   1099.9
84883.0  35.6278   -87.2088   1268.0   1197.2   1104.5
84884.0  35.6278   -87.2078   1267.7   1197.5   1103.6
84885.0  35.6278   -87.2067   1266.7   1197.4   1101.4
84886.0  35.6278   -87.2057   1266.7   1196.7   1101.9
84887.0  35.6279   -87.2046   1266.7   1196.4   1099.6
84888.0  35.6279   -87.2036   1266.7   1196.1   1096.7
84889.0  35.6279   -87.2025   1267.8   1197.4   1099.3
84890.0  35.6279   -87.2015   1268.0   1197.3   1095.9
84891.0  35.6279   -87.2004   1268.0   1197.8   1097.4
84892.0  35.6279   -87.1994   1268.0   1198.2   1090.2
84893.0  35.6279   -87.1983   1268.0   1198.5   1095.0
84894.0  35.6279   -87.1973   1268.8   1199.2   1085.2
