flight/WP3D/AircraftPos_NP3_20130610_RA.ict
38  1001
Ken Aikin
NOAA ESRL Chemical Sciences Division
various aircraft sensors
SENEX 2013
1  1
2013  06  10  2013  06  10
1
AOCTimewave
5
1  1  1  1  1 
-9999  -9999  -9999  -9999  -9999
GpsLat  deg
GpsLon  deg
GpsAlt  m
PAlt  m
RAlt  m
1
SPECIAL COMMENTS:Haynesville shale.
18
PI_CONTACT_INFO: Address: NOAA ESRL Chemical Sciences Division  Mail Stop R/CSD7  325 Broadway  Boulder  CO 80305
PLATFORM: NOAA WP-3D
LOCATION: The aircraft was stationed in Smyrna  Tennessee. Aircraft location information in AircraftPosition file.
ASSOCIATED_DATA: N/A
INSTRUMENT_INFO: N/A
DATA_INFO: Units:GpsLat:decimal degrees; GpsLon: decimal degrees; GpsAlt: meters; PAlt:meters; RAlt: meters.
UNCERTAINTY: N/A
ULOD_FLAG: -7777
ULOD_VALUE: N/A
LLOD_FLAG: -8888
LLOD_VALUE: N/A
DM_CONTACT_INFO: Data Manager:Ken Aikin; email:Kenneth.C.Aikin@noaa.gov
PROJECT_INFO: SENEX 2013 Study; June 1 - July 15  2013
STIPULATIONS_ON_USE: Use of these data require prior ok from PI.
OTHER_COMMENTS:       None
REVISION: RA
RA: Preliminary Data.  For in-field use.
AOCTimewave  GpsLat  GpsLon  GpsAlt  PAlt  RAlt
[from data line 19200]
72926.0  32.5297   -92.5656   4789.5   4486.7   4771.2
72927.0  32.5305   -92.5645   4795.7   4493.2   4792.7
72928.0  32.5312   -92.5634   4801.5   4498.2   4794.1
72929.0  32.5320   -92.5624   4807.3   4503.0   4832.2
72930.0  32.5327   -92.5613   4812.8   4508.3   4832.8
72931.0  32.5335   -92.5602   4818.4   4514.0   4822.3
72932.0  32.5342   -92.5591   4824.0   4518.5   4826.8
72933.0  32.5350   -92.5580   4829.4   4522.7   4815.9
72934.0  32.5357   -92.5569   4834.9   4527.0   4799.2
72935.0  32.5365   -92.5558   4840.3   4532.1   4822.3
72936.0  32.5372   -92.5547   4845.7   4537.1   4823.5
72937.0  32.5380   -92.5536   4851.1   4542.0   4837.8
72938.0  32.5387   -92.5525   4856.4   4547.8   4837.0
72939.0  32.5395   -92.5514   4861.9   4553.7   4837.2
72940.0  32.5402   -92.5503   4867.3   4558.9   4843.0
72941.0  32.5410   -92.5492   4872.6   4564.4   4839.8
72942.0  32.5417   -92.5481   4877.8   4569.3   4837.4
72943.0  32.5424   -92.5470   4882.9   4574.2   4853.6
72944.0  32.5432   -92.5459   4888.0   4579.0   4845.3
72945.0  32.5439   -92.5448   4892.9   4583.1   4852.7
72946.0  32.5447   -92.5437   4897.9   4587.8   4876.4
72947.0  32.5454   -92.5426   4902.9   4591.9   4892.8
72948.0  32.5462   -92.5415   4908.1   4596.5   4894.7
72949.0  32.5469   -92.5404   4913.1   4600.3   4897.7
72950.0  32.5477   -92.5392   4918.2   4606.1   4906.9
72951.0  32.5484   -92.5381   4923.2   4611.4   4906.7
72952.0  32.5492   -92.5370   4928.3   4616.2   4909.4
72953.0  32.5499   -92.5359   4933.5   4620.8   4894.4
72954.0  32.5506   -92.5348   4938.6   4625.4   4893.8
72955.0  32.5514   -92.5336   4943.7   4628.4   4908.1
72956.0  32.5521   -92.5325   4948.7   4634.2   4906.0
72957.0  32.5529   -92.5314   4953.8   4639.6   4904.3
72958.0  32.5536   -92.5303   4958.9   4643.3   4898.5
72959.0  32.5543   -92.5291   4964.0   4648.6   4914.3
72960.0  32.5551   -92.5280   4969.1   4653.1   4924.2
72961.0  32.5558   -92.5269   4974.1   4657.3   4931.6
72962.0  32.5566   -92.5258   4979.2   4662.8   4939.8
72963.0  32.5573   -92.5246   4984.3   4667.2   4951.2
72964.0  32.5581   -92.5235   4989.3   4671.3   4953.3
72965.0  32.5588   -92.5224   4994.4   4675.8   4966.1
72966.0  32.5596   -92.5212   4999.5   4682.1   4966.5
72967.0  32.5603   -92.5201   5004.5   4686.9   4971.8
72968.0  32.5611   -92.5190   5009.5   4691.2   4990.6
72969.0  32.5618   -92.5178   5014.6   4696.8   4986.0
72970.0  32.5625   -92.5167   5019.6   4701.9   4976.3
72971.0  32.5633   -92.5156   5024.7   4706.0   4968.7
72972.0  32.5640   -92.5144   5029.9   4710.5   4986.7
72973.0  32.5648   -92.5133   5035.0   4715.9   4975.2
72974.0  32.5655   -92.5122   5040.1   4719.1   4996.2
72975.0  32.5663   -92.5110   5045.3   4724.9   5001.7
72976.0  32.5670   -92.5099   5050.7   4730.0   4996.9
72977.0  32.5678   -92.5087   5056.1   4734.3   5016.6
72978.0  32.5685   -92.5076   5061.5   4740.0   5022.9
72979.0  32.5693   -92.5065   5066.9   4745.0   5035.9
72980.0  32.5700   -92.5053   5072.3   4749.4   5037.5
72981.0  32.5707   -92.5042   5077.8   4754.1   5040.8
72982.0  32.5715   -92.5030   5083.3   4759.3   5047.0
72983.0  32.5722   -92.5019   5088.8   4764.0   5114.8
72984.0  32.5730   -92.5007   5094.3   4769.0   5081.6
72985.0  32.5737   -92.4996   5099.9   4774.6   5097.3
72986.0  32.5745   -92.4984   5105.4   4781.1   5112.2
72987.0  32.5752   -92.4973   5110.9   4785.6   5104.8
72988.0  32.5760   -92.4961   5116.5   4789.8   5118.5
72989.0  32.5767   -92.4950   5122.0   4796.2   5138.1
72990.0  32.5775   -92.4939   5127.4   4802.3   5143.3
72991.0  32.5782   -92.4927   5132.2   4807.5   5128.9
72992.0  32.5789   -92.4915   5136.6   4812.0   5117.8
72993.0  32.5797   -92.4904   5140.6   4815.6   5122.5
72994.0  32.5804   -92.4892   5144.2   4819.1   5126.8
72995.0  32.5812   -92.4881   5147.6   4821.5   5118.6
72996.0  32.5819   -92.4869   5151.1   4823.6   5118.5
72997.0  32.5827   -92.4858   5154.1   4827.0   5139.6
72998.0  32.5834   -92.4846   5156.2   4829.2   5148.4
72999.0  32.5842   -92.4834   5157.6   4829.8   5156.8
73000.0  32.5849   -92.4822   5158.8   4830.9   5158.8
73001.0  32.5857   -92.4811   5159.7   4832.4   5141.3
73002.0  32.5864   -92.4799   5159.7   4833.5   5119.8
73003.0  32.5872   -92.4787   5159.7   4835.5   5140.6
73004.0  32.5880   -92.4775   5160.0   4833.7   5161.4
73005.0  32.5887   -92.4763   5160.9   4833.6   5167.9
73006.0  32.5895   -92.4751   5160.9   4833.6   5180.1
73007.0  32.5902   -92.4739   5160.9   4833.8   5185.0
73008.0  32.5910   -92.4727   5160.9   4833.4   5188.4
73009.0  32.5918   -92.4715   5160.9   4834.3   5175.7
73010.0  32.5925   -92.4703   5160.9   4834.4   5192.5
73011.0  32.5933   -92.4691   5160.1   4833.3   5172.5
73012.0  32.5941   -92.4679   5159.7   4833.0   5150.2
73013.0  32.5948   -92.4667   5159.7   4833.5   5153.6
73014.0  32.5956   -92.4655   5159.7   4833.6   5165.2
73015.0  32.5964   -92.4642   5159.7   4833.5   5157.0
73016.0  32.5972   -92.4630   5159.7   4832.7   5144.3
73017.0  32.5980   -92.4618   5159.7   4833.0   5166.5
73018.0  32.5987   -92.4606   5159.7   4833.3   5177.1
73019.0  32.5995   -92.4593   5159.7   4833.5   5169.2
73020.0  32.6003   -92.4581   5159.7   4833.6   5162.8
73021.0  32.6011   -92.4568   5159.7   4834.0   5153.9
73022.0  32.6019   -92.4556   5159.7   4834.1   5149.0
73023.0  32.6027   -92.4544   5160.4   4833.0   5152.9
73024.0  32.6034   -92.4531   5160.9   4833.4   5116.6
73025.0  32.6042   -92.4519   5160.9   4833.9   5114.9
73026.0  32.6050   -92.4506   5160.9   4834.9   5130.5
73027.0  32.6058   -92.4493   5160.9   4834.1   5151.8
73028.0  32.6066   -92.4481   5160.9   4835.5   5174.6
73029.0  32.6074   -92.4468   5160.9   4836.5   5150.8
73030.0  32.6082   -92.4456   5160.9   4835.9   5140.9
73031.0  32.6090   -92.4443   5160.9   4834.8   5150.1
73032.0  32.6098   -92.4430   5160.9   4835.4   5158.4
73033.0  32.6106   -92.4418   5160.9   4835.9   5178.1
73034.0  32.6114   -92.4405   5160.9   4834.1   5174.0
73035.0  32.6122   -92.4392   5160.9   4835.0   5155.1
73036.0  32.6130   -92.4380   5160.9   4835.4   5133.9
73037.0  32.6138   -92.4367   5160.9   4834.8   5144.9
73038.0  32.6146   -92.4354   5160.9   4834.6   5180.9
73039.0  32.6154   -92.4341   5160.9   4834.9   5211.5
73040.0  32.6162   -92.4328   5160.9   4834.7   5169.9
73041.0  32.6170   -92.4315   5160.9   4834.5   5148.1
73042.0  32.6178   -92.4302   5160.9   4836.2   5145.5
73043.0  32.6187   -92.4289   5160.9   4835.8   5153.8
73044.0  32.6195   -92.4277   5160.9   4836.7   5157.1
73045.0  32.6203   -92.4264   5160.9   4837.0   5160.5
73046.0  32.6211   -92.4250   5160.9   4836.4   5179.8
73047.0  32.6219   -92.4238   5160.9   4835.4   5185.4
73048.0  32.6228   -92.4224   5161.6   4836.1   5164.9
73049.0  32.6236   -92.4211   5162.1   4837.0   5152.4
73050.0  32.6244   -92.4198   5162.1   4836.0   5152.7
73051.0  32.6252   -92.4185   5162.1   4835.9   5150.4
73052.0  32.6261   -92.4172   5162.1   4836.0   5126.5
73053.0  32.6269   -92.4159   5162.1   4836.0   5140.5
73054.0  32.6277   -92.4146   5162.1   4835.4   5148.6
73055.0  32.6285   -92.4133   5162.1   4835.7   5138.4
73056.0  32.6294   -92.4120   5162.1   4835.6   5159.1
73057.0  32.6302   -92.4107   5162.1   4835.8   5177.7
73058.0  32.6310   -92.4093   5162.1   4836.0   5191.5
73059.0  32.6319   -92.4080   5162.1   4836.8   5165.8
73060.0  32.6327   -92.4067   5162.1   4836.6   5141.2
73061.0  32.6336   -92.4054   5162.1   4836.9   5135.1
73062.0  32.6344   -92.4040   5162.1   4837.1   5142.1
73063.0  32.6352   -92.4027   5162.1   4837.9   5137.7
73064.0  32.6361   -92.4014   5162.1   4837.3   5136.9
73065.0  32.6369   -92.4000   5162.1   4836.8   5141.2
73066.0  32.6378   -92.3987   5162.1   4836.9   5137.3
73067.0  32.6386   -92.3974   5162.1   4837.4   5142.7
73068.0  32.6394   -92.3960   5162.1   4836.3   5151.3
73069.0  32.6403   -92.3947   5162.1   4835.7   5140.8
73070.0  32.6411   -92.3934   5162.1   4835.8   5155.8
73071.0  32.6420   -92.3920   5162.1   4835.9   5162.1
73072.0  32.6428   -92.3907   5162.1   4836.2   5174.3
73073.0  32.6437   -92.3893   5162.1   4836.4   5167.2
73074.0  32.6445   -92.3880   5162.1   4836.0   5167.6
73075.0  32.6454   -92.3867   5162.1   4836.3   5159.6
73076.0  32.6462   -92.3853   5162.1   4835.5   5158.8
73077.0  32.6471   -92.3840   5162.1   4834.6   5164.5
73078.0  32.6479   -92.3826   5162.1   4835.0   5164.0
73079.0  32.6488   -92.3813   5162.1   4834.8   5168.0
73080.0  32.6496   -92.3800   5162.1   4836.3   5164.0
73081.0  32.6505   -92.3786   5162.1   4837.0   5163.9
73082.0  32.6513   -92.3773   5162.1   4836.6   5172.3
73083.0  32.6522   -92.3759   5162.1   4836.2   5169.7
73084.0  32.6530   -92.3746   5162.1   4836.6   5171.1
73085.0  32.6539   -92.3732   5162.1   4837.4   5159.8
73086.0  32.6547   -92.3719   5162.1   4836.4   5173.3
73087.0  32.6556   -92.3705   5162.1   4835.7   5173.3
73088.0  32.6564   -92.3692   5162.1   4835.2   5168.9
73089.0  32.6573   -92.3678   5162.1   4835.6   5157.9
73090.0  32.6581   -92.3665   5162.1   4835.1   5141.0
73091.0  32.6590   -92.3651   5162.1   4836.0   5129.4
73092.0  32.6599   -92.3638   5162.1   4836.6   5128.5
73093.0  32.6607   -92.3624   5162.1   4837.4   5135.5
73094.0  32.6616   -92.3610   5162.1   4837.9   5156.6
73095.0  32.6624   -92.3597   5162.1   4837.3   5159.5
73096.0  32.6633   -92.3583   5162.1   4836.6   5158.2
73097.0  32.6641   -92.3570   5162.1   4836.8   5156.5
73098.0  32.6650   -92.3556   5162.1   4837.5   5166.4
73099.0  32.6658   -92.3542   5162.1   4836.1   5180.3
73100.0  32.6667   -92.3529   5162.1   4836.4   5179.3
73101.0  32.6676   -92.3515   5162.1   4835.5   5187.8
73102.0  32.6684   -92.3502   5162.1   4835.3   5211.7
73103.0  32.6693   -92.3488   5162.1   4836.2   5211.8
73104.0  32.6701   -92.3474   5162.1   4835.8   5218.5
73105.0  32.6710   -92.3461   5162.1   4835.6   5200.4
73106.0  32.6719   -92.3447   5162.1   4836.3   5178.4
73107.0  32.6727   -92.3433   5162.1   4836.3   5186.5
73108.0  32.6736   -92.3420   5162.2   4836.9   5204.2
73109.0  32.6744   -92.3406   5162.1   4835.8   5204.6
73110.0  32.6753   -92.3393   5162.1   4836.6   5199.4
73111.0  32.6762   -92.3379   5162.1   4836.1   5188.9
73112.0  32.6770   -92.3365   5162.1   4836.2   5187.4
73113.0  32.6779   -92.3352   5162.1   4836.8   5195.6
73114.0  32.6788   -92.3338   5162.1   4835.9   5214.7
73115.0  32.6796   -92.3324   5162.1   4836.7   5218.2
73116.0  32.6805   -92.3311   5162.1   4836.2   5228.0
73117.0  32.6814   -92.3297   5162.1   4835.1   5233.2
73118.0  32.6822   -92.3283   5162.1   4836.4   5229.2
73119.0  32.6831   -92.3270   5162.1   4836.1   5228.6
73120.0  32.6840   -92.3256   5162.1   4836.8   5216.1
73121.0  32.6848   -92.3242   5162.1   4836.4   5215.0
73122.0  32.6857   -92.3229   5162.1   4835.5   5213.0
73123.0  32.6866   -92.3215   5162.1   4836.4   5202.6
73124.0  32.6874   -92.3201   5162.1   4836.7   5206.6
73125.0  32.6883   -92.3187   5162.1   4836.4   5199.2
73126.0  32.6892   -92.3174   5162.1   4835.5   5200.0
73127.0  32.6900   -92.3160   5162.1   4835.7   5222.7
73128.0  32.6909   -92.3146   5161.5   4835.8   5221.2
73129.0  32.6918   -92.3133   5162.1   4835.9   5205.8
73130.0  32.6927   -92.3119   5162.0   4836.2   5216.9
73131.0  32.6935   -92.3105   5160.9   4835.7   5224.9
73132.0  32.6944   -92.3092   5160.9   4835.8   5229.2
73133.0  32.6953   -92.3078   5160.9   4835.1   5217.8
73134.0  32.6961   -92.3064   5160.9   4835.2   5211.3
73135.0  32.6970   -92.3050   5160.9   4834.2   5194.9
73136.0  32.6979   -92.3037   5160.9   4833.9   5208.2
73137.0  32.6988   -92.3023   5161.9   4834.0   5192.9
73138.0  32.6996   -92.3009   5162.1   4833.8   5208.6
73139.0  32.7005   -92.2995   5162.1   4834.2   5200.9
73140.0  32.7014   -92.2982   5162.1   4835.4   5218.1
73141.0  32.7023   -92.2968   5162.1   4836.7   5225.9
73142.0  32.7031   -92.2954   5162.1   4836.6   5232.2
73143.0  32.7040   -92.2940   5162.1   4836.7   5222.4
73144.0  32.7049   -92.2927   5162.1   4837.4   5227.8
73145.0  32.7057   -92.2913   5162.1   4838.0   5238.1
73146.0  32.7066   -92.2899   5162.1   4836.9   5234.0
73147.0  32.7075   -92.2885   5162.1   4837.3   5228.8
73148.0  32.7084   -92.2872   5162.1   4836.3   5220.1
73149.0  32.7093   -92.2858   5162.1   4836.6   5212.2
73150.0  32.7101   -92.2844   5162.1   4835.6   5213.9
73151.0  32.7110   -92.2830   5162.1   4835.9   5244.5
73152.0  32.7119   -92.2817   5162.1   4836.7   5245.8
73153.0  32.7128   -92.2803   5162.1   4836.1   5218.8
73154.0  32.7136   -92.2789   5162.1   4835.8   5188.5
73155.0  32.7145   -92.2775   5162.1   4836.6   5221.3
73156.0  32.7154   -92.2761   5162.1   4835.1   5237.2
73157.0  32.7163   -92.2748   5162.1   4834.2   5232.8
73158.0  32.7171   -92.2734   5162.1   4835.3   5227.6
73159.0  32.7180   -92.2720   5162.1   4835.4   5208.6
73160.0  32.7189   -92.2706   5162.1   4834.8   5219.0
73161.0  32.7198   -92.2693   5162.1   4834.7   5239.2
73162.0  32.7206   -92.2679   5162.1   4835.2   5265.1
73163.0  32.7215   -92.2665   5162.1   4835.6   5254.4
73164.0  32.7224   -92.2651   5162.6   4837.2   5258.3
73165.0  32.7233   -92.2637   5162.6   4836.9   5240.8
73166.0  32.7242   -92.2624   5163.2   4837.3   5226.0
73167.0  32.7250   -92.2610   5163.3   4836.0   5238.8
73168.0  32.7259   -92.2596   5162.2   4834.7   5218.9
73169.0  32.7268   -92.2582   5162.1   4835.3   5209.6
73170.0  32.7277   -92.2569   5162.1   4835.6   5183.4
73171.0  32.7286   -92.2555   5162.1   4836.6   5170.2
73172.0  32.7295   -92.2542   5162.1   4835.7   5177.1
73173.0  32.7304   -92.2529   5162.1   4836.6   5201.6
73174.0  32.7314   -92.2516   5163.3   4836.7   5218.3
73175.0  32.7324   -92.2504   5163.3   4836.8   5221.9
73176.0  32.7334   -92.2491   5163.3   4837.6   5220.9
73177.0  32.7345   -92.2480   5163.3   4837.8   5219.9
73178.0  32.7355   -92.2468   5163.3   4837.4   5198.6
73179.0  32.7366   -92.2457   5163.3   4837.3   5197.0
73180.0  32.7377   -92.2446   5163.3   4836.9   5205.6
73181.0  32.7388   -92.2435   5163.3   4835.6   5192.7
73182.0  32.7400   -92.2425   5162.8   4835.0   5193.9
73183.0  32.7411   -92.2415   5162.1   4835.3   5182.0
73184.0  32.7423   -92.2405   5161.4   4834.5   5163.3
73185.0  32.7435   -92.2395   5160.9   4834.2   5169.1
73186.0  32.7447   -92.2386   5160.3   4833.3   5180.6
73187.0  32.7458   -92.2376   5159.7   4833.2   5206.6
73188.0  32.7470   -92.2367   5159.7   4833.9   5216.9
73189.0  32.7482   -92.2357   5158.7   4833.5   5215.3
73190.0  32.7495   -92.2348   5158.4   4832.6   5194.7
73191.0  32.7507   -92.2339   5158.4   4831.7   5167.6
73192.0  32.7519   -92.2330   5158.4   4831.4   5181.8
73193.0  32.7531   -92.2320   5158.4   4831.0   5180.5
73194.0  32.7543   -92.2311   5158.4   4831.2   5189.2
73195.0  32.7554   -92.2302   5158.4   4832.0   5194.5
73196.0  32.7566   -92.2292   5158.4   4833.2   5173.5
73197.0  32.7578   -92.2283   5158.4   4833.2   5171.7
73198.0  32.7590   -92.2274   5159.5   4833.2   5181.0
73199.0  32.7602   -92.2264   5159.7   4833.6   5208.6
73200.0  32.7614   -92.2255   5159.7   4833.9   5236.4
73201.0  32.7626   -92.2246   5159.7   4834.3   5245.9
73202.0  32.7638   -92.2236   5159.7   4833.3   5262.0
73203.0  32.7650   -92.2227   5159.7   4833.9   5250.2
73204.0  32.7662   -92.2218   5159.7   4833.8   5242.6
73205.0  32.7674   -92.2209   5160.2   4834.5   5235.1
73206.0  32.7686   -92.2200   5160.9   4835.4   5252.4
73207.0  32.7699   -92.2191   5160.9   4835.2   5256.6
73208.0  32.7711   -92.2182   5160.9   4835.8   5247.8
73209.0  32.7723   -92.2173   5160.9   4834.5   5245.3
73210.0  32.7735   -92.2163   5160.9   4835.6   5248.1
73211.0  32.7747   -92.2154   5160.9   4834.5   5240.4
73212.0  32.7759   -92.2145   5160.9   4834.7   5243.0
73213.0  32.7771   -92.2136   5160.9   4834.7   5238.1
73214.0  32.7783   -92.2127   5160.9   4834.5   5225.7
73215.0  32.7795   -92.2118   5160.9   4834.9   5216.4
