flight/WP3D/AircraftMet_NP3_20130710_RA.ict
43  1001
Ken Aikin
NOAA ESRL Chemical Sciences Division
various aircraft sensors
SENEX 2013
1  1
2013  07  10  2013  07  12
1
AOCTimewave
10
1  1  1  1  1  1  1  1  1  1
-9999  -9999  -9999  -9999  -9999  -9999  -9999  -9999  -9999  -9999
AmbTemp  C
DewPtTemp  C
DewPtTempTDL  C
H2Omr  g/kg
PotTemp  K
RelHumidity  pct
StaticPrs  mbar
VertWindSpd  m/s
WindDir  deg
WindSpd  m/s
1
SPECIAL COMMENTS:NC hog farms  and transit to Tampa.
18
PI_CONTACT_INFO: Address: NOAA ESRL Chemical Sciences Division  Mail Stop R/CSD7  325 Broadway  Boulder  CO 80305
PLATFORM: NOAA WP-3D
LOCATION: The aircraft was stationed in  Smyrna  Tennessee. Aircraft location information in AircraftPosition file.
ASSOCIATED_DATA: N/A
INSTRUMENT_INFO: N/A
DATA_INFO: Units:AmbTemp celcius; DewPtTemp celcius; DewPtTempTDL celcius; H2Omr g/kg; PotTemp kelvin; RelHumidity percent; StaticPrs millibar; VertWindSpd m/s; WindDir degrees; WindSpd m/s
UNCERTAINTY: N/A
ULOD_FLAG: -7777
ULOD_VALUE: N/A
LLOD_FLAG: -8888
LLOD_VALUE: N/A
DM_CONTACT_INFO: Data Manager:Ken Aikin; email:Kenneth.C.Aikin@noaa.gov
PROJECT_INFO: SENEX 2013 Study; June 1 - July 15  2013
STIPULATIONS_ON_USE: Use of these data require prior ok from PI.
OTHER_COMMENTS:       None
REVISION: RA
RA: Preliminary Data.  For in-field use.
AOCTimewave  AmbTemp  DewPtTemp  DewPtTempTDL  H2Omr  PotTemp  RelHumidity  StaticPrs  VertWindSpd  WindDir  WindSpd
[from data line 10053]
60088.0  24.060  20.880  6.430  16.36  300.46  81.97  962.60  -0.25  213.67  6.32
60089.0  24.070  21.260  6.330  16.76  300.48  83.88  962.56  -0.20  215.41  6.19
60090.0  24.100  21.590  6.220  17.10  300.49  85.49  962.64  -0.29  211.67  6.34
60091.0  24.200  21.620  6.060  17.14  300.60  85.14  962.60  -0.34  208.22  6.54
60092.0  24.280  18.780  5.700  14.31  300.70  70.75  962.47  -0.22  205.18  6.26
60093.0  24.340  18.570  5.450  14.12  300.76  69.53  962.50  -0.23  202.76  6.44
60094.0  24.480  16.750  4.140  12.56  300.91  61.30  962.36  0.01  200.70  6.46
60095.0  24.420  16.600  4.860  12.44  300.86  60.93  962.26  0.01  201.84  6.07
60096.0  24.310  18.890  5.790  14.42  300.75  71.09  962.30  -0.29  204.12  6.11
60097.0  24.350  19.590  5.240  15.07  300.78  74.14  962.39  -0.48  204.31  6.36
60098.0  24.230  19.750  5.540  15.23  300.64  75.50  962.58  -0.76  209.67  6.60
60099.0  24.190  18.790  6.260  14.32  300.60  71.21  962.57  -0.68  210.39  6.62
60100.0  24.230  21.770  6.170  17.30  300.62  85.77  962.78  -0.69  213.10  6.57
60101.0  24.190  23.100  6.250  18.80  300.58  93.47  962.67  -0.41  217.53  6.59
60102.0  24.210  21.820  6.270  17.35  300.63  86.12  962.48  -0.22  220.18  6.13
60103.0  24.260  20.610  6.280  16.08  300.68  79.57  962.46  -0.17  217.23  5.99
60104.0  24.290  22.500  5.920  18.11  300.70  89.49  962.54  -0.13  219.77  6.07
60105.0  24.290  19.020  5.880  14.53  300.71  71.79  962.43  -0.22  212.49  6.48
60106.0  24.380  22.040  5.610  17.59  300.80  86.40  962.44  -0.03  211.52  6.46
60107.0  24.390  19.190  5.620  14.69  300.80  72.12  962.62  -0.20  215.78  5.29
60108.0  24.300  19.840  6.010  15.31  300.70  75.57  962.68  -0.23  219.56  4.99
60109.0  24.310  21.800  6.180  17.33  300.71  85.50  962.68  -0.20  221.28  4.95
60110.0  24.300  22.420  6.150  18.02  300.70  88.95  962.67  0.18  224.00  4.27
60111.0  24.240  20.210  6.630  15.67  300.64  77.70  962.66  1.21  213.99  4.66
60112.0  24.200  19.880  6.390  15.35  300.61  76.27  962.60  1.51  214.17  4.65
60113.0  24.210  21.520  6.600  17.03  300.62  84.56  962.51  1.82  214.23  4.08
60114.0  24.120  19.680  6.660  15.16  300.53  75.68  962.49  2.01  219.95  4.63
60115.0  24.190  19.870  7.030  15.34  300.63  76.23  962.23  1.92  203.47  4.91
60116.0  24.120  19.680  7.160  15.17  300.58  75.64  961.97  2.05  202.19  5.29
60117.0  24.090  22.270  7.220  17.86  300.55  89.26  962.04  2.50  203.24  6.39
60118.0  24.110  20.320  7.410  15.80  300.58  78.85  961.90  0.97  212.98  6.80
60119.0  24.110  21.050  7.250  16.54  300.57  82.59  961.93  0.53  213.99  6.61
60120.0  24.120  19.910  7.050  15.39  300.57  76.80  962.02  0.65  216.10  6.06
60121.0  24.210  22.670  6.400  18.32  300.67  90.87  961.99  -0.39  211.09  5.16
60122.0  24.210  21.620  6.400  17.15  300.66  85.08  962.12  -1.25  202.81  4.89
60123.0  24.140  21.440  6.330  16.94  300.56  84.48  962.31  -0.80  212.57  5.02
60124.0  24.190  21.380  6.300  16.87  300.60  83.87  962.51  -1.02  207.09  5.83
60125.0  24.150  22.380  6.400  17.97  300.53  89.60  962.80  -0.46  210.10  5.65
60126.0  24.210  17.780  6.400  13.42  300.59  66.64  962.87  -0.87  206.20  5.40
60127.0  24.150  19.160  6.340  14.65  300.53  73.02  962.95  -1.03  206.64  5.45
60128.0  24.170  20.620  6.230  16.08  300.54  80.06  963.00  -1.07  210.84  6.00
60129.0  24.200  20.610  6.110  16.07  300.57  79.89  963.01  -1.58  208.97  6.28
60130.0  24.210  19.350  6.070  14.83  300.56  73.69  963.20  -2.10  213.90  5.55
60131.0  24.220  19.730  5.860  15.20  300.56  75.45  963.39  -1.58  222.85  6.51
60132.0  24.310  20.870  5.800  16.33  300.63  80.66  963.57  0.26  228.34  5.24
60133.0  24.380  18.740  5.870  14.26  300.71  70.12  963.42  1.59  227.30  4.67
60134.0  24.290  18.220  5.880  13.80  300.65  68.20  963.20  1.31  236.19  5.00
60135.0  24.340  20.410  5.700  15.87  300.72  78.17  962.94  1.17  228.65  4.89
60136.0  24.190  20.930  5.580  16.41  300.58  81.58  962.68  0.89  234.03  5.73
60137.0  24.210  20.150  6.090  15.62  300.62  77.52  962.57  0.52  229.56  6.66
60138.0  24.240  20.640  6.150  16.11  300.66  79.83  962.39  0.38  226.14  6.16
60139.0  24.220  18.090  6.030  13.69  300.65  67.93  962.31  0.40  226.83  5.51
60140.0  24.310  17.630  5.730  13.30  300.75  65.59  962.31  0.12  219.34  4.97
60141.0  24.310  18.550  5.360  14.11  300.74  69.59  962.36  -0.70  213.37  5.47
60142.0  24.400  17.930  5.370  13.55  300.81  66.52  962.52  -0.29  213.44  5.45
60143.0  24.450  17.910  4.950  13.53  300.87  66.18  962.46  -0.53  213.07  5.20
60144.0  24.440  19.630  4.820  15.11  300.86  73.95  962.43  -0.16  216.08  5.01
60145.0  24.420  20.160  5.270  15.63  300.83  76.61  962.49  -0.38  214.25  5.06
60146.0  24.320  20.390  5.350  15.86  300.73  78.17  962.54  -0.79  212.53  6.01
60147.0  24.250  19.480  5.340  14.96  300.65  74.08  962.69  -0.38  215.22  6.87
60148.0  24.230  19.290  5.280  14.78  300.61  73.30  962.87  -0.56  214.08  7.37
60149.0  24.230  20.160  5.300  15.62  300.61  77.45  962.86  -0.47  216.17  7.22
60150.0  24.290  19.620  5.210  15.10  300.67  74.62  962.79  -0.75  211.12  6.91
60151.0  24.260  19.450  5.110  14.93  300.65  73.88  962.84  -0.74  211.21  7.26
60152.0  24.360  20.840  5.020  16.31  300.73  80.27  962.97  -0.64  208.04  6.69
60153.0  24.290  18.760  4.920  14.28  300.67  70.57  962.89  -0.79  211.16  6.41
60154.0  24.320  19.150  5.090  14.65  300.71  72.24  962.74  -1.39  208.46  6.45
60155.0  24.120  18.720  5.260  14.26  300.52  71.18  962.70  -0.86  226.96  5.85
60156.0  24.220  20.110  5.340  15.57  300.61  77.27  962.77  -0.46  231.00  5.99
60157.0  24.270  20.610  5.290  16.07  300.66  79.52  962.74  -0.30  227.21  5.62
60158.0  24.270  20.550  5.420  16.02  300.67  79.25  962.63  0.11  225.12  5.53
60159.0  24.370  20.840  5.660  16.31  300.76  80.19  962.73  2.23  227.74  4.16
60160.0  24.350  19.750  5.700  15.23  300.77  74.95  962.44  0.05  210.66  6.07
60161.0  24.290  19.430  5.930  14.92  300.70  73.70  962.48  0.92  210.06  7.83
60162.0  24.210  21.600  5.640  17.12  300.65  84.95  962.24  0.33  209.22  7.65
60163.0  24.140  20.580  5.310  16.05  300.58  80.01  962.15  -0.89  220.09  6.97
60164.0  24.210  19.690  5.110  15.17  300.64  75.33  962.30  -1.66  219.60  6.64
60165.0  24.190  21.060  5.070  16.54  300.59  82.22  962.63  -1.07  218.29  7.59
60166.0  24.190  21.400  5.370  16.90  300.60  83.98  962.55  -0.44  216.28  7.25
60167.0  24.160  20.020  5.530  15.48  300.56  77.10  962.61  0.24  220.61  6.63
60168.0  24.180  21.320  5.470  16.82  300.60  83.64  962.44  -0.52  215.94  6.66
60169.0  24.190  20.920  5.360  16.40  300.60  81.53  962.51  -0.06  217.53  5.99
60170.0  24.170  20.720  5.450  16.19  300.58  80.55  962.54  -0.04  226.38  5.00
60171.0  24.150  20.330  5.430  15.79  300.57  78.67  962.46  0.27  219.41  5.70
60172.0  24.240  19.440  5.430  14.92  300.65  73.96  962.51  0.95  219.16  3.77
60173.0  24.200  19.850  5.420  15.32  300.62  76.12  962.35  0.27  207.58  4.65
60174.0  24.240  20.950  5.570  16.43  300.67  81.39  962.35  0.03  210.60  3.97
60175.0  24.170  19.800  5.290  15.27  300.59  75.99  962.39  0.20  204.60  4.55
60176.0  24.170  20.160  5.250  15.63  300.59  77.77  962.52  0.02  198.61  4.69
60177.0  24.180  20.000  5.310  15.47  300.59  76.94  962.57  -0.16  192.20  5.40
60178.0  24.190  19.990  5.410  15.45  300.58  76.83  962.71  -0.43  190.78  6.11
60179.0  24.170  21.750  5.340  17.27  300.55  85.98  962.79  -1.24  195.50  6.58
60180.0  24.140  18.670  5.140  14.21  300.53  70.85  962.78  -1.79  209.13  6.01
60181.0  24.170  17.120  4.860  12.85  300.54  64.00  962.98  -0.62  215.36  6.24
60182.0  24.210  17.650  4.940  13.30  300.60  66.06  962.74  -0.62  213.58  6.74
60183.0  24.150  18.850  4.770  14.37  300.54  71.64  962.68  -0.60  219.21  6.82
60184.0  24.180  20.080  4.570  15.54  300.56  77.32  962.95  -0.42  217.63  7.43
60185.0  24.260  17.680  4.590  13.33  300.63  65.99  962.99  0.40  219.87  6.54
60186.0  24.290  18.300  4.600  13.88  300.68  68.57  962.73  -0.78  212.89  6.52
60187.0  24.190  17.340  4.490  13.04  300.59  64.84  962.69  0.26  215.36  6.87
60188.0  24.240  17.960  4.480  13.58  300.65  67.26  962.60  -0.30  211.52  7.35
60189.0  24.150  18.860  4.670  14.38  300.55  71.68  962.71  -0.51  211.26  6.74
60190.0  24.120  17.160  4.700  12.89  300.51  64.35  962.78  -0.29  211.70  6.22
60191.0  24.000  17.400  4.930  13.09  300.39  65.88  962.73  0.21  216.16  7.06
60192.0  24.080  20.260  4.970  15.72  300.49  78.68  962.60  -0.65  209.50  7.23
60193.0  24.160  19.920  4.500  15.39  300.55  76.65  962.72  0.03  208.41  8.10
60194.0  24.190  18.550  4.450  14.10  300.59  70.12  962.60  1.58  205.61  8.37
60195.0  24.230  19.560  5.240  15.04  300.66  74.54  962.33  0.55  206.19  7.91
60196.0  24.160  18.350  4.920  13.92  300.59  69.33  962.24  -1.04  210.31  7.48
60197.0  24.120  19.460  5.060  14.94  300.53  74.59  962.61  -0.49  214.21  6.04
60198.0  24.160  19.010  5.140  14.52  300.55  72.34  962.72  -0.30  211.51  5.68
60199.0  24.210  19.430  5.190  14.92  300.63  74.05  962.45  1.21  201.20  6.05
60200.0  24.030  21.500  5.290  17.01  300.45  85.34  962.41  0.27  208.28  7.09
60201.0  24.150  20.970  4.480  16.45  300.57  81.96  962.39  -0.04  212.87  7.52
60202.0  24.100  20.560  4.310  16.03  300.52  80.09  962.44  -0.25  219.66  7.61
60203.0  24.160  20.210  4.480  15.68  300.57  78.07  962.56  -0.21  217.66  7.55
60204.0  24.120  20.480  4.610  15.94  300.52  79.58  962.72  -0.30  219.63  7.32
60205.0  24.200  18.410  4.710  13.97  300.59  69.43  962.74  -0.08  217.30  7.20
60206.0  24.200  17.200  4.670  12.93  300.59  64.22  962.85  0.37  212.59  7.69
60207.0  24.190  19.170  4.870  14.67  300.58  72.92  962.74  0.69  218.46  7.04
60208.0  24.230  20.500  5.190  15.97  300.63  79.18  962.66  0.49  221.43  5.78
60209.0  24.300  19.650  5.470  15.13  300.71  74.71  962.58  1.04  212.52  5.22
60210.0  24.300  18.620  5.530  14.16  300.72  69.90  962.55  2.41  214.91  4.89
60211.0  24.360  18.630  5.600  14.18  300.78  69.73  962.41  1.11  210.35  5.38
60212.0  24.210  19.240  5.500  14.74  300.64  73.15  962.38  1.34  218.25  5.99
60213.0  24.240  17.500  5.130  13.18  300.67  65.32  962.30  0.95  222.15  6.05
60214.0  24.310  17.490  5.110  13.18  300.76  64.97  962.19  0.93  210.82  6.59
60215.0  24.280  19.970  5.330  15.44  300.72  76.31  962.23  -0.49  216.52  6.33
60216.0  24.310  19.550  4.470  15.03  300.73  74.16  962.39  -1.12  221.78  6.54
60217.0  24.320  16.750  4.360  12.56  300.74  61.92  962.43  -1.85  222.22  7.39
60218.0  24.380  18.660  4.070  14.20  300.79  69.78  962.56  -1.19  218.42  7.38
60219.0  24.330  18.630  4.530  14.17  300.74  69.82  962.63  -1.77  214.19  8.53
60220.0  24.400  18.100  4.410  13.69  300.79  67.21  962.83  -1.12  215.44  8.62
60221.0  24.570  17.720  2.980  13.36  300.95  64.90  962.95  -1.03  213.35  8.33
60222.0  24.620  15.940  3.080  11.91  301.00  57.66  962.94  -1.03  214.39  7.90
60223.0  24.510  16.750  4.050  12.55  300.89  61.16  962.96  -0.86  220.11  6.74
60224.0  24.500  17.990  4.560  13.60  300.88  66.33  962.95  -0.87  225.08  6.08
60225.0  24.460  19.280  4.740  14.77  300.83  72.23  963.02  -1.28  225.37  5.72
60226.0  24.440  17.800  4.790  13.43  300.79  65.78  963.25  -0.67  224.17  5.66
60227.0  24.360  18.520  5.150  14.07  300.72  69.24  963.18  -0.53  224.17  5.58
60228.0  24.320  19.680  5.420  15.15  300.68  74.77  963.10  -0.64  224.16  6.00
60229.0  24.330  21.510  5.590  17.01  300.70  83.85  963.01  -0.23  217.77  5.63
60230.0  24.340  21.230  5.560  16.71  300.71  82.34  963.03  0.38  211.75  5.34
60231.0  24.280  18.930  5.450  14.44  300.65  71.41  962.95  0.86  212.34  4.86
60232.0  24.230  19.530  5.540  15.00  300.60  74.43  962.93  1.63  220.27  5.25
60233.0  24.120  18.300  5.820  13.88  300.51  69.31  962.69  1.22  227.01  6.95
60234.0  24.240  19.110  5.750  14.62  300.66  72.42  962.52  1.40  225.52  7.21
60235.0  24.310  20.860  5.370  16.34  300.75  80.58  962.24  0.61  228.54  7.37
60236.0  24.380  18.890  5.510  14.42  300.83  70.79  962.17  -0.07  223.24  7.47
60237.0  24.340  17.160  5.780  12.90  300.78  63.51  962.23  0.04  222.68  6.91
60238.0  24.340  20.360  5.910  15.83  300.80  77.94  962.03  -0.70  219.20  6.88
60239.0  24.370  20.390  5.250  15.86  300.81  77.94  962.20  -0.47  219.42  6.63
60240.0  24.450  19.520  4.590  15.01  300.89  73.39  962.28  -0.63  218.90  7.75
60241.0  24.540  16.830  4.460  12.62  300.96  61.39  962.47  -0.78  217.35  7.59
60242.0  24.500  19.250  4.510  14.75  300.92  71.90  962.49  -0.56  215.32  7.75
60243.0  24.460  18.150  5.250  13.75  300.86  67.22  962.64  -0.79  215.74  6.95
60244.0  24.450  19.830  4.910  15.30  300.83  74.89  962.91  0.04  213.38  7.35
60245.0  24.360  17.030  5.290  12.78  300.77  62.87  962.66  -0.44  212.15  8.00
60246.0  24.300  17.520  6.030  13.20  300.70  65.17  962.64  -0.01  210.74  7.86
60247.0  24.300  17.910  6.030  13.54  300.70  66.83  962.67  -0.03  212.57  6.24
60248.0  24.280  20.370  5.920  15.84  300.70  78.28  962.47  0.33  210.31  6.10
60249.0  24.220  20.860  6.300  16.33  300.63  81.06  962.51  0.62  206.45  6.81
60250.0  24.210  21.890  6.310  17.43  300.62  86.51  962.55  1.08  205.41  6.83
60251.0  24.180  21.900  6.210  17.44  300.58  86.77  962.63  1.13  213.81  6.08
60252.0  24.120  19.560  6.400  15.05  300.53  75.09  962.56  1.99  216.92  5.88
60253.0  24.100  18.100  6.380  13.70  300.52  68.48  962.39  0.60  222.32  6.08
60254.0  24.100  21.820  6.480  17.35  300.52  86.74  962.34  0.03  223.59  6.84
60255.0  24.170  19.350  6.190  14.85  300.61  73.87  962.26  -0.07  221.25  7.18
60256.0  24.210  18.600  5.890  14.15  300.63  70.23  962.47  -0.82  220.74  6.57
60257.0  24.290  17.970  5.650  13.59  300.70  67.14  962.51  -1.38  211.85  8.03
60258.0  24.360  19.610  4.880  15.09  300.76  74.22  962.69  -0.75  211.04  7.74
60259.0  24.310  18.030  5.170  13.64  300.71  67.29  962.60  -0.47  212.89  7.77
60260.0  24.330  17.070  5.280  12.82  300.75  63.14  962.51  -0.48  210.72  7.49
60261.0  24.320  19.350  5.270  14.84  300.74  73.15  962.55  0.24  209.83  7.25
60262.0  24.230  19.090  5.650  14.60  300.64  72.39  962.54  -0.74  212.44  7.51
60263.0  24.220  18.340  5.660  13.91  300.62  69.02  962.69  -1.28  212.52  6.95
60264.0  24.150  19.640  6.050  15.12  300.54  75.34  962.82  -1.03  216.49  6.57
60265.0  24.110  18.650  5.920  14.19  300.48  70.91  962.88  -1.15  219.91  6.13
60266.0  24.120  20.720  5.670  16.19  300.51  80.82  962.82  -1.23  219.98  6.50
60267.0  24.070  19.390  5.880  14.87  300.45  74.53  962.84  -0.56  222.07  5.97
60268.0  24.040  17.830  6.310  13.46  300.43  67.53  962.85  0.14  224.00  6.28
60269.0  24.030  18.170  6.100  13.76  300.43  69.05  962.72  -0.03  221.17  7.35
60270.0  24.110  18.980  6.210  14.49  300.51  72.37  962.72  0.43  224.48  7.06
60271.0  24.120  21.750  5.970  17.27  300.51  86.25  962.76  -0.20  230.74  7.20
60272.0  24.130  21.890  5.750  17.43  300.52  86.96  962.74  0.12  228.38  6.87
60273.0  24.140  20.910  5.860  16.38  300.52  81.71  962.87  -0.35  224.28  7.03
60274.0  24.150  22.280  5.770  17.85  300.54  88.96  962.77  -0.23  218.86  7.23
60275.0  24.100  22.280  5.920  17.86  300.50  89.26  962.67  -0.76  215.92  7.26
60276.0  24.100  21.940  5.950  17.48  300.50  87.39  962.66  -0.53  212.13  7.56
60277.0  24.160  18.990  5.910  14.50  300.56  72.21  962.66  0.36  209.83  6.77
60278.0  24.210  19.200  6.030  14.70  300.61  72.96  962.68  1.83  207.50  5.43
60279.0  23.950  22.150  6.040  17.72  300.37  89.35  962.38  1.03  222.57  5.79
60280.0  23.870  17.970  6.120  13.59  300.31  68.89  962.25  1.00  218.34  6.68
60281.0  24.020  18.950  6.170  14.47  300.45  72.67  962.27  1.28  208.51  7.78
60282.0  24.060  19.970  6.260  15.44  300.49  77.32  962.30  0.56  210.22  7.32
