flight/WP3D/AircraftPos_NP3_20130708_RA.ict
38  1001
Ken Aikin
NOAA ESRL Chemical Sciences Division
various aircraft sensors
SENEX 2013
1  1
2013  07  08  2013  07  08
1
AOCTimewave
5
1  1  1  1  1 
-9999  -9999  -9999  -9999  -9999
GpsLat  deg
GpsLon  deg
GpsAlt  m
PAlt  m
RAlt  m
1
SPECIAL COMMENTS:Fayetteville AR  then PP and BB.
18
PI_CONTACT_INFO: Address: NOAA ESRL Chemical Sciences Division  Mail Stop R/CSD7  325 Broadway  Boulder  CO 80305
PLATFORM: NOAA WP-3D
LOCATION: The aircraft was stationed in Smyrna  Tennessee. Aircraft location information in AircraftPosition file.
ASSOCIATED_DATA: N/A
INSTRUMENT_INFO: N/A
DATA_INFO: Units:GpsLat:decimal degrees; GpsLon: decimal degrees; GpsAlt: meters; PAlt:meters; RAlt: meters.
UNCERTAINTY: N/A
ULOD_FLAG: -7777
ULOD_VALUE: N/A
LLOD_FLAG: -8888
LLOD_VALUE: N/A
DM_CONTACT_INFO: Data Manager:Ken Aikin; email:Kenneth.C.Aikin@noaa.gov
PROJECT_INFO: SENEX 2013 Study; June 1 - July 15  2013
STIPULATIONS_ON_USE: Use of these data require prior ok from PI.
OTHER_COMMENTS:       None
REVISION: RA
RA: Preliminary Data.  For in-field use.
AOCTimewave  GpsLat  GpsLon  GpsAlt  PAlt  RAlt
[from data line 7564]
62237.0  35.0612   -93.3928    764.4    652.5    678.3
62238.0  35.0619   -93.3919    764.4    652.1    685.4
62239.0  35.0627   -93.3910    764.4    652.9    681.7
62240.0  35.0635   -93.3901    764.4    651.6    683.7
62241.0  35.0643   -93.3893    764.4    650.4    676.5
62242.0  35.0651   -93.3885    764.4    650.7    676.0
62243.0  35.0660   -93.3877    764.4    649.7    672.8
62244.0  35.0668   -93.3870    764.4    649.1    683.2
62245.0  35.0677   -93.3863    764.4    652.7    666.0
62246.0  35.0686   -93.3856    764.4    653.2    665.9
62247.0  35.0696   -93.3850    763.2    652.4    674.4
62248.0  35.0705   -93.3844    763.2    652.4    676.2
62249.0  35.0715   -93.3839    762.3    652.0    675.3
62250.0  35.0725   -93.3833    762.0    650.9    681.3
62251.0  35.0735   -93.3829    762.0    649.0    690.0
62252.0  35.0745   -93.3824    762.0    649.3    680.0
62253.0  35.0755   -93.3820    762.0    650.8    682.2
62254.0  35.0765   -93.3817    762.4    650.3    689.0
62255.0  35.0775   -93.3814    763.2    651.0    683.7
62256.0  35.0786   -93.3811    762.8    650.1    682.4
62257.0  35.0796   -93.3809    762.0    648.8    673.8
62258.0  35.0807   -93.3807    762.0    649.4    670.7
62259.0  35.0817   -93.3805    762.0    649.2    682.0
62260.0  35.0828   -93.3804    762.2    649.3    669.6
62261.0  35.0839   -93.3803    763.2    648.8    680.1
62262.0  35.0849   -93.3803    764.2    651.8    676.8
62263.0  35.0860   -93.3803    764.4    653.4    675.3
62264.0  35.0870   -93.3804    764.4    652.5    671.7
62265.0  35.0881   -93.3805    764.8    654.0    670.9
62266.0  35.0892   -93.3806    764.7    655.2    667.7
62267.0  35.0902   -93.3808    764.4    653.5    662.8
62268.0  35.0913   -93.3810    764.4    653.4    655.6
62269.0  35.0923   -93.3812    765.4    655.2    656.7
62270.0  35.0933   -93.3815    765.7    656.8    661.0
62271.0  35.0944   -93.3818    765.7    655.7    669.7
62272.0  35.0954   -93.3820    765.7    656.2    668.6
62273.0  35.0964   -93.3823    765.7    655.5    664.2
62274.0  35.0975   -93.3826    765.7    655.1    665.3
62275.0  35.0985   -93.3829    765.7    655.5    660.3
62276.0  35.0995   -93.3831    764.7    654.9    657.7
62277.0  35.1006   -93.3834    765.4    656.4    653.4
62278.0  35.1016   -93.3837    765.3    656.8    659.6
62279.0  35.1027   -93.3839    764.9    653.9    658.2
62280.0  35.1037   -93.3842    764.4    653.0    656.1
62281.0  35.1048   -93.3845    764.2    652.8    657.8
62282.0  35.1058   -93.3847    763.2    652.1    664.8
62283.0  35.1068   -93.3850    763.2    651.5    664.7
62284.0  35.1079   -93.3853    763.2    651.2    652.7
62285.0  35.1089   -93.3856    763.2    651.1    654.3
62286.0  35.1100   -93.3859    763.2    650.7    653.7
62287.0  35.1110   -93.3862    763.7    652.3    657.9
62288.0  35.1120   -93.3865    764.7    654.3    655.9
62289.0  35.1131   -93.3869    765.0    654.2    660.3
62290.0  35.1141   -93.3872    764.4    654.3    657.8
62291.0  35.1151   -93.3875    763.6    652.1    647.7
62292.0  35.1161   -93.3879    762.0    647.4    651.6
62293.0  35.1172   -93.3882    762.4    650.4    646.4
62294.0  35.1182   -93.3886    763.1    651.8    648.5
62295.0  35.1192   -93.3889    763.1    649.4    645.1
62296.0  35.1203   -93.3893    764.7    650.8    652.9
62297.0  35.1213   -93.3897    766.4    653.8    657.4
62298.0  35.1223   -93.3900    766.9    655.6    666.4
62299.0  35.1233   -93.3904    766.9    654.1    665.0
62300.0  35.1244   -93.3908    766.9    653.8    663.3
62301.0  35.1254   -93.3911    766.0    654.1    655.9
62302.0  35.1264   -93.3915    765.6    654.0    652.8
62303.0  35.1274   -93.3919    764.4    652.0    651.8
62304.0  35.1285   -93.3922    764.4    650.9    654.4
62305.0  35.1295   -93.3926    764.6    649.9    650.0
62306.0  35.1305   -93.3930    765.7    652.3    652.5
62307.0  35.1316   -93.3933    766.0    653.3    650.2
62308.0  35.1326   -93.3937    767.5    655.4    653.0
62309.0  35.1336   -93.3941    768.1    657.1    652.5
62310.0  35.1347   -93.3944    767.2    653.7    646.6
62311.0  35.1357   -93.3948    766.9    652.6    652.1
62312.0  35.1367   -93.3952    766.9    655.3    650.0
62313.0  35.1378   -93.3955    767.1    654.7    649.4
62314.0  35.1388   -93.3959    768.1    657.8    644.0
62315.0  35.1399   -93.3962    767.6    655.7    631.8
62316.0  35.1409   -93.3965    767.5    656.1    629.9
62317.0  35.1420   -93.3968    768.1    658.0    617.5
62318.0  35.1430   -93.3970    768.1    658.0    630.4
62319.0  35.1441   -93.3972    768.1    656.3    622.0
62320.0  35.1452   -93.3974    767.7    655.6    608.0
62321.0  35.1462   -93.3975    766.8    654.9    574.7
62322.0  35.1473   -93.3977    765.2    653.1    548.1
62323.0  35.1484   -93.3978    762.9    650.4    544.6
62324.0  35.1495   -93.3979    761.1    649.6    542.0
62325.0  35.1505   -93.3980    759.7    648.2    539.7
62326.0  35.1516   -93.3981    758.7    647.6    542.1
62327.0  35.1527   -93.3982    758.3    647.7    543.3
62328.0  35.1538   -93.3982    757.6    646.4    550.6
62329.0  35.1549   -93.3983    756.6    644.3    562.1
62330.0  35.1560   -93.3983    755.9    642.2    562.2
62331.0  35.1570   -93.3984    755.9    642.3    559.3
62332.0  35.1581   -93.3984    755.9    645.5    548.3
62333.0  35.1592   -93.3985    755.9    645.1    544.1
62334.0  35.1603   -93.3985    755.9    644.8    537.7
62335.0  35.1614   -93.3985    756.1    644.8    525.0
62336.0  35.1625   -93.3986    757.1    646.5    515.4
62337.0  35.1635   -93.3986    757.3    646.2    510.1
62338.0  35.1646   -93.3987    758.3    647.3    510.7
62339.0  35.1657   -93.3987    758.9    646.8    504.1
62340.0  35.1668   -93.3988    760.3    645.7    506.1
62341.0  35.1679   -93.3988    762.9    649.0    527.8
62342.0  35.1689   -93.3988    765.3    655.1    551.6
62343.0  35.1700   -93.3989    766.7    655.3    558.3
62344.0  35.1711   -93.3989    767.8    658.3    560.4
62345.0  35.1722   -93.3989    768.1    657.5    552.5
62346.0  35.1732   -93.3990    767.2    655.0    551.8
62347.0  35.1743   -93.3990    766.9    655.7    548.0
62348.0  35.1754   -93.3991    766.2    653.6    550.0
62349.0  35.1765   -93.3991    765.7    652.1    543.7
62350.0  35.1776   -93.3992    764.6    652.8    533.4
62351.0  35.1786   -93.3992    764.4    651.8    517.9
62352.0  35.1797   -93.3992    764.4    651.6    512.4
62353.0  35.1808   -93.3993    763.5    651.4    503.5
62354.0  35.1819   -93.3993    763.2    649.9    500.4
62355.0  35.1829   -93.3993    763.7    651.8    500.8
62356.0  35.1840   -93.3994    765.3    655.9    506.3
62357.0  35.1851   -93.3994    765.7    654.8    535.7
62358.0  35.1862   -93.3995    764.8    651.3    562.8
62359.0  35.1873   -93.3995    764.4    651.1    587.1
62360.0  35.1883   -93.3995    763.4    650.9    626.5
62361.0  35.1894   -93.3996    764.7    653.6    640.6
62362.0  35.1905   -93.3996    765.7    655.0    639.4
62363.0  35.1916   -93.3997    765.2    653.2    634.7
62364.0  35.1926   -93.3997    764.4    652.6    634.3
62365.0  35.1937   -93.3998    763.3    652.2    632.2
62366.0  35.1948   -93.3998    763.2    652.7    621.4
62367.0  35.1959   -93.3999    762.7    653.7    614.5
62368.0  35.1970   -93.3999    762.0    652.9    603.9
62369.0  35.1980   -93.4000    762.0    653.0    592.3
62370.0  35.1991   -93.4000    762.0    651.3    589.5
62371.0  35.2002   -93.4001    763.0    652.2    581.9
62372.0  35.2013   -93.4001    763.4    650.6    587.8
62373.0  35.2024   -93.4001    764.4    650.9    599.0
62374.0  35.2034   -93.4002    764.4    651.0    600.9
62375.0  35.2045   -93.4002    764.9    652.3    605.3
62376.0  35.2056   -93.4003    765.7    654.1    596.1
62377.0  35.2067   -93.4003    765.7    653.9    593.7
62378.0  35.2078   -93.4004    765.7    653.1    588.8
62379.0  35.2088   -93.4004    766.9    654.3    570.8
62380.0  35.2099   -93.4004    768.8    657.1    545.8
62381.0  35.2110   -93.4005    770.6    658.6    534.3
62382.0  35.2121   -93.4005    772.2    659.2    530.6
62383.0  35.2132   -93.4006    772.5    660.4    522.1
62384.0  35.2143   -93.4006    771.8    660.0    503.2
62385.0  35.2154   -93.4006    771.0    660.9    473.9
62386.0  35.2164   -93.4007    770.1    659.1    428.5
62387.0  35.2175   -93.4007    768.7    657.8    400.1
62388.0  35.2186   -93.4008    767.8    657.1    375.3
62389.0  35.2197   -93.4008    766.9    657.3    383.2
62390.0  35.2208   -93.4009    765.7    655.2    410.3
62391.0  35.2219   -93.4010    764.6    654.6    435.8
62392.0  35.2230   -93.4010    763.9    652.1    457.1
62393.0  35.2241   -93.4011    762.3    651.4    474.3
62394.0  35.2252   -93.4011    760.1    650.2    487.7
62395.0  35.2263   -93.4012    758.3    648.6    501.0
62396.0  35.2274   -93.4013    757.1    645.1    516.8
62397.0  35.2285   -93.4013    757.7    644.8    532.8
62398.0  35.2296   -93.4014    759.3    649.1    545.6
62399.0  35.2307   -93.4014    760.1    650.1    557.1
62400.0  35.2318   -93.4015    761.5    650.2    563.9
62401.0  35.2329   -93.4015    762.4    651.7    564.4
62402.0  35.2340   -93.4015    763.1    653.3    554.3
62403.0  35.2351   -93.4016    761.6    652.9    559.0
62404.0  35.2362   -93.4016    760.6    651.2    564.8
62405.0  35.2373   -93.4016    759.6    650.0    572.0
62406.0  35.2384   -93.4017    758.3    647.7    568.2
62407.0  35.2395   -93.4017    757.9    646.2    562.3
62408.0  35.2407   -93.4017    757.1    646.3    565.3
62409.0  35.2417   -93.4018    757.1    645.6    570.4
62410.0  35.2428   -93.4018    757.1    645.7    580.3
62411.0  35.2439   -93.4018    757.1    645.7    576.8
62412.0  35.2450   -93.4019    757.1    646.3    575.1
62413.0  35.2461   -93.4019    757.1    647.8    580.8
62414.0  35.2472   -93.4019    757.8    649.1    580.6
62415.0  35.2483   -93.4019    758.3    648.4    585.7
62416.0  35.2494   -93.4020    758.3    648.8    589.9
62417.0  35.2505   -93.4020    758.6    649.1    607.6
62418.0  35.2516   -93.4020    759.6    649.4    610.1
62419.0  35.2527   -93.4021    759.6    648.5    620.1
62420.0  35.2537   -93.4021    760.3    649.4    633.6
62421.0  35.2548   -93.4021    760.8    649.9    634.6
62422.0  35.2559   -93.4021    761.6    650.4    637.9
62423.0  35.2570   -93.4021    762.0    649.7    631.0
62424.0  35.2581   -93.4021    762.0    650.0    606.6
62425.0  35.2592   -93.4022    762.0    649.2    584.0
62426.0  35.2603   -93.4022    763.1    649.4    552.7
62427.0  35.2613   -93.4022    763.7    651.0    528.2
62428.0  35.2624   -93.4022    764.7    651.1    535.9
62429.0  35.2635   -93.4022    765.7    652.2    547.0
62430.0  35.2646   -93.4022    765.7    652.4    564.9
62431.0  35.2657   -93.4022    765.2    653.2    578.8
62432.0  35.2667   -93.4022    764.4    653.5    604.2
62433.0  35.2678   -93.4022    764.4    651.1    612.4
62434.0  35.2689   -93.4022    764.7    651.4    621.2
62435.0  35.2700   -93.4022    766.2    652.9    632.3
62436.0  35.2710   -93.4022    767.3    653.2    640.5
62437.0  35.2721   -93.4022    768.1    654.3    647.9
62438.0  35.2732   -93.4022    768.1    654.7    654.6
62439.0  35.2743   -93.4022    768.1    654.7    655.7
62440.0  35.2754   -93.4022    767.8    655.4    653.9
62441.0  35.2764   -93.4022    766.9    653.6    654.3
62442.0  35.2775   -93.4022    765.8    652.5    655.7
62443.0  35.2786   -93.4022    765.7    654.2    658.9
62444.0  35.2797   -93.4022    764.4    653.5    665.8
62445.0  35.2808   -93.4022    764.4    652.9    664.9
62446.0  35.2818   -93.4022    764.2    653.5    660.1
62447.0  35.2829   -93.4022    763.2    652.1    660.2
62448.0  35.2840   -93.4021    763.7    652.6    651.1
62449.0  35.2851   -93.4021    764.6    653.6    645.7
62450.0  35.2862   -93.4021    765.7    655.2    642.9
62451.0  35.2873   -93.4021    765.7    655.0    646.5
62452.0  35.2884   -93.4021    765.2    653.6    650.4
62453.0  35.2894   -93.4021    764.4    652.2    642.6
62454.0  35.2905   -93.4021    764.4    654.3    644.3
62455.0  35.2916   -93.4020    765.2    656.1    644.5
62456.0  35.2927   -93.4020    765.7    655.3    642.5
62457.0  35.2938   -93.4020    765.7    656.4    641.7
62458.0  35.2949   -93.4020    767.3    658.1    639.4
62459.0  35.2960   -93.4020    768.9    659.6    640.0
62460.0  35.2971   -93.4020    768.8    657.9    632.1
62461.0  35.2982   -93.4019    767.1    655.2    618.4
62462.0  35.2993   -93.4019    765.8    654.9    619.9
62463.0  35.3004   -93.4019    764.9    653.3    618.7
62464.0  35.3015   -93.4019    765.0    655.7    616.6
62465.0  35.3026   -93.4019    765.7    654.8    615.8
62466.0  35.3037   -93.4019    766.4    655.5    615.3
62467.0  35.3048   -93.4019    767.0    658.0    611.6
62468.0  35.3059   -93.4019    766.6    656.2    610.6
62469.0  35.3070   -93.4018    765.6    653.7    608.2
62470.0  35.3081   -93.4018    764.4    654.0    608.3
62471.0  35.3092   -93.4018    763.2    653.5    608.2
62472.0  35.3103   -93.4018    762.4    654.3    604.9
62473.0  35.3114   -93.4018    761.3    653.0    599.8
62474.0  35.3125   -93.4018    760.1    650.6    600.7
62475.0  35.3136   -93.4017    758.9    650.2    593.4
62476.0  35.3147   -93.4017    757.7    648.8    586.0
62477.0  35.3158   -93.4017    756.4    647.1    570.2
62478.0  35.3169   -93.4017    755.7    645.8    569.1
62479.0  35.3180   -93.4017    754.7    644.7    548.1
62480.0  35.3191   -93.4017    754.7    644.2    541.2
62481.0  35.3202   -93.4017    754.7    644.2    540.5
62482.0  35.3213   -93.4016    753.8    642.2    542.1
62483.0  35.3224   -93.4016    753.5    642.0    551.5
62484.0  35.3235   -93.4016    753.5    641.9    561.0
62485.0  35.3246   -93.4016    753.5    642.6    572.7
62486.0  35.3257   -93.4016    753.5    641.8    588.3
62487.0  35.3268   -93.4016    754.5    643.2    628.2
62488.0  35.3279   -93.4016    755.6    645.1    652.1
62489.0  35.3290   -93.4016    756.7    646.3    650.8
62490.0  35.3301   -93.4015    757.6    646.3    656.4
62491.0  35.3312   -93.4015    758.5    645.3    659.8
62492.0  35.3323   -93.4015    759.7    648.7    656.1
62493.0  35.3334   -93.4015    761.0    650.1    662.6
62494.0  35.3344   -93.4015    762.9    650.2    663.9
62495.0  35.3355   -93.4014    765.8    654.5    664.9
62496.0  35.3366   -93.4014    768.0    657.3    670.9
62497.0  35.3377   -93.4014    769.9    659.1    671.0
62498.0  35.3388   -93.4014    770.5    659.2    671.0
62499.0  35.3399   -93.4013    770.5    660.4    672.4
62500.0  35.3410   -93.4013    770.5    660.0    669.6
62501.0  35.3420   -93.4013    770.4    660.1    667.7
62502.0  35.3431   -93.4013    769.3    659.8    670.4
62503.0  35.3442   -93.4013    768.5    659.4    668.3
62504.0  35.3453   -93.4012    768.1    659.3    671.9
62505.0  35.3464   -93.4012    767.6    657.1    668.6
62506.0  35.3475   -93.4012    766.9    655.4    664.3
62507.0  35.3486   -93.4012    766.1    654.3    664.6
62508.0  35.3497   -93.4012    765.3    654.3    665.9
62509.0  35.3507   -93.4011    764.4    654.3    662.8
62510.0  35.3518   -93.4011    763.2    654.0    661.5
62511.0  35.3529   -93.4011    762.6    653.5    662.8
62512.0  35.3540   -93.4011    762.0    652.4    660.4
62513.0  35.3551   -93.4011    761.1    651.7    658.7
62514.0  35.3562   -93.4011    760.4    650.3    661.6
62515.0  35.3573   -93.4010    759.6    648.8    657.5
62516.0  35.3584   -93.4010    758.8    648.3    660.8
62517.0  35.3595   -93.4010    758.3    649.3    655.0
62518.0  35.3606   -93.4010    758.3    647.9    657.3
62519.0  35.3617   -93.4010    758.3    648.3    660.2
62520.0  35.3628   -93.4010    758.3    649.0    658.9
62521.0  35.3638   -93.4009    758.6    648.7    658.6
62522.0  35.3649   -93.4009    759.6    649.8    658.5
62523.0  35.3660   -93.4009    759.6    649.1    657.2
62524.0  35.3671   -93.4009    760.1    649.2    655.7
62525.0  35.3682   -93.4009    760.8    650.1    659.5
62526.0  35.3693   -93.4009    761.3    650.3    658.9
