flight/WP3D/AircraftPos_NP3_20130702_RA.ict
38  1001
Ken Aikin
NOAA ESRL Chemical Sciences Division
various aircraft sensors
SENEX 2013
1  1
2013  07  02  2013  07  02
1
AOCTimewave
5
1  1  1  1  1 
-9999  -9999  -9999  -9999  -9999
GpsLat  deg
GpsLon  deg
GpsAlt  m
PAlt  m
RAlt  m
1
SPECIAL COMMENTS:Birmingham PP night flight.
18
PI_CONTACT_INFO: Address: NOAA ESRL Chemical Sciences Division  Mail Stop R/CSD7  325 Broadway  Boulder  CO 80305
PLATFORM: NOAA WP-3D
LOCATION: The aircraft was stationed in Smyrna  Tennessee. Aircraft location information in AircraftPosition file.
ASSOCIATED_DATA: N/A
INSTRUMENT_INFO: N/A
DATA_INFO: Units:GpsLat:decimal degrees; GpsLon: decimal degrees; GpsAlt: meters; PAlt:meters; RAlt: meters.
UNCERTAINTY: N/A
ULOD_FLAG: -7777
ULOD_VALUE: N/A
LLOD_FLAG: -8888
LLOD_VALUE: N/A
DM_CONTACT_INFO: Data Manager:Ken Aikin; email:Kenneth.C.Aikin@noaa.gov
PROJECT_INFO: SENEX 2013 Study; June 1 - July 15  2013
STIPULATIONS_ON_USE: Use of these data require prior ok from PI.
OTHER_COMMENTS:       None
REVISION: RA
RA: Preliminary Data.  For in-field use.
AOCTimewave  GpsLat  GpsLon  GpsAlt  PAlt  RAlt
[from data line 3491]
 7609.0  32.4903   -87.9249    239.8    215.8    214.3
 7610.0  32.4895   -87.9257    232.0    209.1    203.9
 7611.0  32.4888   -87.9265    224.2    200.4    181.5
 7612.0  32.4880   -87.9273    216.6    192.6    179.6
 7613.0  32.4873   -87.9281    209.6    184.8    171.8
 7614.0  32.4865   -87.9289    202.9    176.9    167.5
 7615.0  32.4858   -87.9297    197.5    171.8    160.3
 7616.0  32.4850   -87.9305    193.8    167.2    161.9
 7617.0  32.4843   -87.9313    192.6    165.3    164.2
 7618.0  32.4836   -87.9321    192.9    166.8    163.4
 7619.0  32.4829   -87.9329    194.3    170.7    154.9
 7620.0  32.4821   -87.9337    195.7    172.7    155.7
 7621.0  32.4814   -87.9345    197.0    174.4    156.5
 7622.0  32.4807   -87.9353    198.5    176.8    157.0
 7623.0  32.4800   -87.9361    199.7    175.7    164.1
 7624.0  32.4793   -87.9369    199.9    175.7    162.5
 7625.0  32.4786   -87.9377    200.9    177.3    159.1
 7626.0  32.4778   -87.9385    201.2    177.9    155.6
 7627.0  32.4771   -87.9393    201.5    179.1    158.1
 7628.0  32.4764   -87.9401    202.3    179.7    159.4
 7629.0  32.4757   -87.9409    201.2    178.7    174.2
 7630.0  32.4750   -87.9417    201.2    178.2    172.9
 7631.0  32.4743   -87.9424    201.2    177.6    172.1
 7632.0  32.4735   -87.9432    200.0    178.6    159.3
 7633.0  32.4728   -87.9440    199.9    177.4    158.4
 7634.0  32.4721   -87.9448    198.7    176.8    155.1
 7635.0  32.4714   -87.9456    198.7    176.1    158.2
 7636.0  32.4706   -87.9464    197.9    175.3    163.7
 7637.0  32.4699   -87.9472    197.5    175.0    165.5
 7638.0  32.4692   -87.9480    197.1    175.0    162.3
 7639.0  32.4685   -87.9488    196.3    174.3    161.0
 7640.0  32.4677   -87.9496    196.3    175.0    160.3
 7641.0  32.4670   -87.9504    196.3    174.0    161.0
 7642.0  32.4663   -87.9512    196.3    174.6    160.8
 7643.0  32.4656   -87.9520    196.3    174.3    160.7
 7644.0  32.4648   -87.9528    196.3    173.1    160.2
 7645.0  32.4641   -87.9536    196.3    172.9    159.9
 7646.0  32.4634   -87.9544    196.2    171.3    159.8
 7647.0  32.4627   -87.9552    195.4    171.1    159.0
 7648.0  32.4619   -87.9560    196.3    170.9    158.6
 7649.0  32.4612   -87.9568    197.4    170.4    159.6
 7650.0  32.4605   -87.9576    201.4    174.2    162.9
 7651.0  32.4597   -87.9584    207.5    181.7    169.1
 7652.0  32.4590   -87.9592    214.5    188.5    175.4
 7653.0  32.4583   -87.9600    222.2    195.8    183.3
 7654.0  32.4575   -87.9608    230.3    204.2    193.4
 7655.0  32.4568   -87.9615    238.6    211.7    205.5
 7656.0  32.4560   -87.9623    247.2    220.4    211.2
 7657.0  32.4553   -87.9631    256.3    229.5    221.2
 7658.0  32.4546   -87.9639    264.9    238.0    231.8
 7659.0  32.4538   -87.9647    272.8    245.9    238.2
 7660.0  32.4531   -87.9654    280.1    253.3    248.6
 7661.0  32.4523   -87.9662    287.7    262.0    254.6
 7662.0  32.4516   -87.9670    295.4    267.9    262.4
 7663.0  32.4508   -87.9678    303.1    274.8    272.8
 7664.0  32.4500   -87.9685    310.8    281.5    278.1
 7665.0  32.4493   -87.9693    318.7    289.0    287.5
 7666.0  32.4485   -87.9701    326.8    297.6    292.8
 7667.0  32.4478   -87.9708    334.0    306.3    302.1
 7668.0  32.4470   -87.9716    339.7    314.4    311.3
 7669.0  32.4463   -87.9724    347.2    321.4    320.3
 7670.0  32.4455   -87.9732    354.5    329.4    325.9
 7671.0  32.4448   -87.9739    361.9    336.0    332.3
 7672.0  32.4440   -87.9747    369.9    341.4    344.2
 7673.0  32.4433   -87.9756    376.8    347.1    349.7
 7674.0  32.4426   -87.9764    383.6    353.3    354.4
 7675.0  32.4419   -87.9772    390.6    359.8    364.1
 7676.0  32.4411   -87.9780    397.7    366.4    377.9
 7677.0  32.4404   -87.9789    404.6    372.7    386.2
 7678.0  32.4397   -87.9797    411.8    379.5    384.4
 7679.0  32.4390   -87.9806    419.5    387.6    390.6
 7680.0  32.4384   -87.9815    427.4    395.1    406.1
 7681.0  32.4377   -87.9824    435.4    402.6    415.1
 7682.0  32.4370   -87.9833    443.4    410.6    423.7
 7683.0  32.4364   -87.9842    450.8    418.5    426.7
 7684.0  32.4357   -87.9851    457.7    426.2    430.8
 7685.0  32.4351   -87.9860    463.8    432.2    438.6
 7686.0  32.4345   -87.9869    469.2    437.8    445.6
 7687.0  32.4338   -87.9879    474.1    442.1    455.5
 7688.0  32.4332   -87.9888    478.8    445.0    462.2
 7689.0  32.4326   -87.9898    483.7    449.4    462.0
 7690.0  32.4320   -87.9908    488.7    454.6    473.4
 7691.0  32.4314   -87.9917    493.9    459.6    475.1
 7692.0  32.4308   -87.9927    499.3    464.3    472.8
 7693.0  32.4302   -87.9937    503.8    469.7    477.9
 7694.0  32.4296   -87.9947    507.4    473.0    485.9
 7695.0  32.4290   -87.9957    509.5    475.3    486.3
 7696.0  32.4285   -87.9967    510.6    476.6    490.0
 7697.0  32.4279   -87.9978    510.3    477.0    490.6
 7698.0  32.4273   -87.9988    509.5    476.2    491.1
 7699.0  32.4268   -87.9998    508.4    474.1    489.4
 7700.0  32.4262   -88.0009    507.2    472.9    488.0
 7701.0  32.4257   -88.0019    506.3    471.8    487.4
 7702.0  32.4251   -88.0030    506.0    472.3    483.3
 7703.0  32.4246   -88.0041    506.2    472.2    489.8
 7704.0  32.4241   -88.0052    506.0    472.6    482.9
 7705.0  32.4236   -88.0063    506.0    471.0    486.9
 7706.0  32.4231   -88.0074    506.0    471.6    487.2
 7707.0  32.4226   -88.0085    505.5    473.2    487.1
 7708.0  32.4222   -88.0096    504.7    472.4    486.7
 7709.0  32.4217   -88.0108    504.7    471.4    487.0
 7710.0  32.4213   -88.0119    504.7    470.3    480.7
 7711.0  32.4208   -88.0131    505.7    470.8    488.3
 7712.0  32.4204   -88.0142    506.0    471.3    484.9
 7713.0  32.4200   -88.0154    506.0    472.7    487.9
 7714.0  32.4196   -88.0166    506.1    472.6    482.0
 7715.0  32.4192   -88.0177    507.2    473.1    483.4
 7716.0  32.4188   -88.0189    506.5    472.4    482.3
 7717.0  32.4185   -88.0201    506.0    472.7    485.7
 7718.0  32.4181   -88.0213    506.0    472.9    484.1
 7719.0  32.4177   -88.0224    506.0    472.3    484.8
 7720.0  32.4173   -88.0236    506.0    471.8    484.8
 7721.0  32.4169   -88.0248    506.0    472.8    483.1
 7722.0  32.4166   -88.0260    506.0    472.2    482.5
 7723.0  32.4162   -88.0271    506.0    471.9    486.9
 7724.0  32.4158   -88.0283    506.0    472.3    484.8
 7725.0  32.4154   -88.0295    506.0    472.1    480.5
 7726.0  32.4150   -88.0306    506.0    471.9    486.2
 7727.0  32.4147   -88.0318    506.6    472.5    485.4
 7728.0  32.4143   -88.0330    507.2    473.9    490.6
 7729.0  32.4139   -88.0341    507.2    473.2    487.6
 7730.0  32.4135   -88.0353    507.2    472.4    489.1
 7731.0  32.4132   -88.0365    507.4    472.5    488.8
 7732.0  32.4128   -88.0376    508.4    473.8    484.1
 7733.0  32.4124   -88.0388    508.4    473.9    486.1
 7734.0  32.4120   -88.0399    508.4    473.4    484.6
 7735.0  32.4116   -88.0411    508.4    474.1    489.1
 7736.0  32.4113   -88.0423    508.4    474.1    496.2
 7737.0  32.4109   -88.0434    508.4    473.8    496.2
 7738.0  32.4105   -88.0446    508.4    474.3    482.6
 7739.0  32.4101   -88.0457    508.4    474.7    486.2
 7740.0  32.4097   -88.0469    508.4    473.8    489.8
 7741.0  32.4093   -88.0480    508.4    472.7    485.2
 7742.0  32.4089   -88.0491    508.4    472.1    487.0
 7743.0  32.4085   -88.0503    508.4    472.4    487.4
 7744.0  32.4081   -88.0514    508.4    473.3    488.8
 7745.0  32.4076   -88.0526    508.4    473.1    495.6
 7746.0  32.4072   -88.0537    508.4    471.8    498.8
 7747.0  32.4068   -88.0548    508.4    471.7    490.2
 7748.0  32.4064   -88.0560    508.4    472.3    482.7
 7749.0  32.4060   -88.0571    508.4    474.0    481.7
 7750.0  32.4056   -88.0582    508.4    475.2    484.3
 7751.0  32.4052   -88.0594    508.4    475.3    482.9
 7752.0  32.4047   -88.0605    508.4    475.5    484.4
 7753.0  32.4043   -88.0616    508.4    475.8    480.1
 7754.0  32.4039   -88.0628    508.4    475.0    478.1
 7755.0  32.4035   -88.0639    508.4    474.8    482.2
 7756.0  32.4031   -88.0650    508.4    474.9    483.8
 7757.0  32.4027   -88.0661    508.4    474.5    483.1
 7758.0  32.4023   -88.0673    508.4    473.9    485.8
 7759.0  32.4019   -88.0684    507.7    472.1    481.2
 7760.0  32.4015   -88.0695    507.2    472.9    481.2
 7761.0  32.4011   -88.0707    507.2    473.7    480.4
 7762.0  32.4007   -88.0718    507.2    472.2    481.4
 7763.0  32.4002   -88.0729    507.2    471.4    488.7
 7764.0  32.3998   -88.0740    507.2    472.1    486.0
 7765.0  32.3994   -88.0752    507.2    472.3    484.4
 7766.0  32.3990   -88.0763    507.2    473.5    484.8
 7767.0  32.3986   -88.0774    507.2    472.8    485.6
 7768.0  32.3982   -88.0785    507.2    471.8    482.2
 7769.0  32.3978   -88.0796    507.2    471.6    489.9
 7770.0  32.3974   -88.0807    507.2    471.4    489.0
 7771.0  32.3970   -88.0819    507.0    471.7    486.0
 7772.0  32.3966   -88.0830    507.2    472.4    482.3
 7773.0  32.3962   -88.0841    507.2    472.3    480.8
 7774.0  32.3958   -88.0852    507.2    472.3    486.6
 7775.0  32.3954   -88.0863    507.2    472.5    486.9
 7776.0  32.3950   -88.0874    507.2    472.5    477.2
 7777.0  32.3946   -88.0885    507.2    472.6    484.1
 7778.0  32.3942   -88.0896    507.2    474.0    483.5
 7779.0  32.3938   -88.0908    507.2    473.2    481.5
 7780.0  32.3934   -88.0919    507.2    473.3    482.6
 7781.0  32.3930   -88.0930    507.2    474.1    480.4
 7782.0  32.3926   -88.0941    507.2    473.7    483.5
 7783.0  32.3922   -88.0952    507.2    473.8    486.9
 7784.0  32.3918   -88.0963    507.2    473.1    488.6
 7785.0  32.3914   -88.0974    507.2    472.8    486.2
 7786.0  32.3909   -88.0984    507.2    471.6    481.2
 7787.0  32.3905   -88.0995    507.2    471.3    479.1
 7788.0  32.3901   -88.1006    507.2    472.2    478.0
 7789.0  32.3896   -88.1017    507.2    472.9    480.8
 7790.0  32.3892   -88.1028    507.2    472.5    482.0
 7791.0  32.3887   -88.1038    507.2    471.5    477.2
 7792.0  32.3883   -88.1049    507.2    471.0    481.3
 7793.0  32.3878   -88.1060    507.2    472.0    481.2
 7794.0  32.3874   -88.1070    507.2    471.0    479.0
 7795.0  32.3869   -88.1081    507.2    471.1    482.0
 7796.0  32.3864   -88.1091    507.2    472.1    479.9
 7797.0  32.3859   -88.1102    507.2    473.0    480.8
 7798.0  32.3854   -88.1112    507.2    473.5    475.3
 7799.0  32.3850   -88.1123    506.9    472.9    469.7
 7800.0  32.3845   -88.1133    506.0    473.0    469.8
 7801.0  32.3840   -88.1143    506.0    473.0    472.7
 7802.0  32.3835   -88.1154    506.0    472.3    470.7
 7803.0  32.3830   -88.1164    506.0    473.1    471.6
 7804.0  32.3825   -88.1175    506.0    472.8    468.0
 7805.0  32.3820   -88.1185    506.0    472.5    463.7
 7806.0  32.3815   -88.1195    506.2    472.7    466.6
 7807.0  32.3811   -88.1206    507.2    472.7    467.4
 7808.0  32.3806   -88.1216    507.2    472.3    466.3
 7809.0  32.3801   -88.1227    507.2    472.5    462.2
 7810.0  32.3796   -88.1237    507.2    472.6    459.6
 7811.0  32.3792   -88.1248    507.2    473.2    460.2
 7812.0  32.3787   -88.1258    507.2    473.6    461.1
 7813.0  32.3782   -88.1269    507.2    474.8    460.5
 7814.0  32.3778   -88.1279    507.2    474.3    462.0
 7815.0  32.3773   -88.1290    507.2    473.6    460.8
 7816.0  32.3768   -88.1300    507.2    474.5    461.2
 7817.0  32.3764   -88.1310    507.2    474.3    463.4
 7818.0  32.3759   -88.1321    507.2    473.8    466.9
 7819.0  32.3754   -88.1331    507.2    473.8    453.9
 7820.0  32.3750   -88.1342    507.2    473.6    449.0
 7821.0  32.3745   -88.1352    507.2    472.5    452.4
 7822.0  32.3740   -88.1363    507.2    474.0    455.0
 7823.0  32.3736   -88.1373    507.2    475.1    449.9
 7824.0  32.3731   -88.1384    507.2    473.6    451.1
 7825.0  32.3726   -88.1394    507.2    473.1    453.1
 7826.0  32.3722   -88.1404    507.2    472.3    458.2
 7827.0  32.3717   -88.1415    507.2    472.4    455.6
 7828.0  32.3712   -88.1425    507.2    472.4    454.5
 7829.0  32.3707   -88.1436    507.2    471.5    460.2
 7830.0  32.3703   -88.1446    507.2    473.0    456.2
 7831.0  32.3698   -88.1456    507.2    473.0    454.3
 7832.0  32.3693   -88.1467    507.2    473.2    451.6
 7833.0  32.3689   -88.1477    507.2    472.7    444.8
 7834.0  32.3684   -88.1488    507.2    471.8    448.9
 7835.0  32.3679   -88.1498    507.2    471.9    445.1
 7836.0  32.3674   -88.1509    507.2    472.5    445.4
 7837.0  32.3670   -88.1519    507.6    472.0    447.3
 7838.0  32.3665   -88.1530    508.4    473.3    442.8
 7839.0  32.3660   -88.1540    508.1    473.7    447.5
 7840.0  32.3655   -88.1550    507.2    472.8    453.5
 7841.0  32.3651   -88.1561    507.2    473.1    453.5
 7842.0  32.3646   -88.1571    507.2    472.8    456.7
 7843.0  32.3641   -88.1582    508.3    472.6    455.0
 7844.0  32.3637   -88.1592    508.4    472.3    457.2
 7845.0  32.3632   -88.1603    508.4    472.5    453.3
 7846.0  32.3627   -88.1613    508.4    473.0    449.6
 7847.0  32.3622   -88.1624    508.4    473.1    445.8
 7848.0  32.3618   -88.1634    508.4    473.3    443.1
 7849.0  32.3613   -88.1645    508.4    473.4    448.3
 7850.0  32.3608   -88.1655    508.4    474.0    446.9
 7851.0  32.3604   -88.1666    508.4    474.3    441.6
 7852.0  32.3599   -88.1676    508.4    475.4    437.1
 7853.0  32.3594   -88.1686    508.4    475.4    428.0
 7854.0  32.3590   -88.1697    508.4    475.8    432.1
 7855.0  32.3585   -88.1707    508.4    475.7    426.3
 7856.0  32.3580   -88.1718    508.4    474.4    420.4
 7857.0  32.3575   -88.1728    508.4    474.0    425.1
 7858.0  32.3571   -88.1739    508.4    473.5    430.0
 7859.0  32.3566   -88.1749    509.4    473.9    433.3
 7860.0  32.3561   -88.1760    511.0    476.0    438.9
 7861.0  32.3557   -88.1770    513.3    479.2    441.1
 7862.0  32.3552   -88.1781    515.7    481.8    441.1
 7863.0  32.3547   -88.1791    518.2    483.8    442.7
 7864.0  32.3542   -88.1802    520.3    485.9    447.7
 7865.0  32.3538   -88.1812    522.5    485.9    454.5
 7866.0  32.3533   -88.1823    524.7    488.0    457.1
 7867.0  32.3529   -88.1833    527.4    488.8    464.8
 7868.0  32.3524   -88.1844    530.3    492.9    470.5
 7869.0  32.3519   -88.1854    533.9    497.5    472.3
 7870.0  32.3515   -88.1864    537.7    501.9    479.0
 7871.0  32.3511   -88.1875    541.4    504.2    483.5
 7872.0  32.3506   -88.1885    544.8    509.0    489.9
 7873.0  32.3502   -88.1896    547.5    511.7    491.2
 7874.0  32.3497   -88.1906    549.4    514.0    497.1
 7875.0  32.3493   -88.1917    550.0    513.8    500.5
 7876.0  32.3489   -88.1927    549.9    513.7    500.7
 7877.0  32.3484   -88.1938    548.9    513.7    503.7
 7878.0  32.3480   -88.1948    546.8    510.5    503.6
 7879.0  32.3476   -88.1959    544.5    507.5    501.5
 7880.0  32.3471   -88.1970    543.8    505.5    492.2
 7881.0  32.3467   -88.1981    543.8    507.0    488.8
 7882.0  32.3463   -88.1991    544.2    507.9    492.8
 7883.0  32.3459   -88.2002    545.0    509.0    497.1
 7884.0  32.3454   -88.2013    545.0    507.4    497.4
 7885.0  32.3449   -88.2023    545.0    507.1    499.9
 7886.0  32.3445   -88.2034    545.0    507.8    503.6
 7887.0  32.3439   -88.2044    545.1    508.6    504.8
 7888.0  32.3434   -88.2054    546.2    507.9    507.2
 7889.0  32.3428   -88.2064    546.2    509.3    510.4
 7890.0  32.3422   -88.2073    545.1    508.6    506.2
 7891.0  32.3415   -88.2083    544.2    506.5    502.2
 7892.0  32.3408   -88.2092    543.6    505.5    486.9
 7893.0  32.3401   -88.2101    542.5    504.7    478.2
 7894.0  32.3394   -88.2109    541.7    504.3    480.9
 7895.0  32.3386   -88.2118    541.0    504.1    483.4
 7896.0  32.3378   -88.2125    540.1    503.4    486.6
 7897.0  32.3369   -88.2133    540.1    504.2    490.4
 7898.0  32.3361   -88.2140    539.3    503.7    485.5
