flight/WP3D/AircraftMet_NP3_20130706_RA.ict
43  1001
Ken Aikin
NOAA ESRL Chemical Sciences Division
various aircraft sensors
SENEX 2013
1  1
2013  07  06  2013  07  06
1
AOCTimewave
10
1  1  1  1  1  1  1  1  1  1
-9999  -9999  -9999  -9999  -9999  -9999  -9999  -9999  -9999  -9999
AmbTemp  C
DewPtTemp  C
DewPtTempTDL  C
H2Omr  g/kg
PotTemp  K
RelHumidity  pct
StaticPrs  mbar
VertWindSpd  m/s
WindDir  deg
WindSpd  m/s
1
SPECIAL COMMENTS:PA shale flight.
18
PI_CONTACT_INFO: Address: NOAA ESRL Chemical Sciences Division  Mail Stop R/CSD7  325 Broadway  Boulder  CO 80305
PLATFORM: NOAA WP-3D
LOCATION: The aircraft was stationed in  Smyrna  Tennessee. Aircraft location information in AircraftPosition file.
ASSOCIATED_DATA: N/A
INSTRUMENT_INFO: N/A
DATA_INFO: Units:AmbTemp celcius; DewPtTemp celcius; DewPtTempTDL celcius; H2Omr g/kg; PotTemp kelvin; RelHumidity percent; StaticPrs millibar; VertWindSpd m/s; WindDir degrees; WindSpd m/s
UNCERTAINTY: N/A
ULOD_FLAG: -7777
ULOD_VALUE: N/A
LLOD_FLAG: -8888
LLOD_VALUE: N/A
DM_CONTACT_INFO: Data Manager:Ken Aikin; email:Kenneth.C.Aikin@noaa.gov
PROJECT_INFO: SENEX 2013 Study; June 1 - July 15  2013
STIPULATIONS_ON_USE: Use of these data require prior ok from PI.
OTHER_COMMENTS:       None
REVISION: RA
RA: Preliminary Data.  For in-field use.
AOCTimewave  AmbTemp  DewPtTemp  DewPtTempTDL  H2Omr  PotTemp  RelHumidity  StaticPrs  VertWindSpd  WindDir  WindSpd
[from data line 14020]
65579.0  21.570  17.980  6.840  14.48  303.25  79.54  904.74  2.47  256.02  4.74
65580.0  21.290  18.000  6.890  14.50  302.98  81.04  904.64  1.05  275.30  4.87
65581.0  21.190  18.000  6.750  14.51  302.89  81.58  904.47  0.23  285.34  5.73
65582.0  21.280  18.010  6.650  14.52  302.99  81.21  904.34  0.73  280.75  3.74
65583.0  21.230  18.020  6.320  14.53  302.94  81.49  904.38  0.18  271.33  4.08
65584.0  21.280  18.050  5.810  14.55  303.00  81.36  904.37  0.31  272.71  4.85
65585.0  21.180  18.060  5.600  14.56  302.90  81.93  904.28  1.17  276.93  3.42
65586.0  21.400  18.060  5.470  14.56  303.11  80.82  904.48  0.27  260.57  5.15
65587.0  21.540  18.080  4.530  14.58  303.23  80.23  904.58  -0.18  248.59  6.36
65588.0  21.510  18.060  4.100  14.56  303.20  80.28  904.66  0.43  253.67  5.76
65589.0  21.320  18.050  4.470  14.55  302.99  81.18  904.82  0.49  256.52  6.10
65590.0  21.360  18.070  4.500  14.57  303.03  81.08  904.83  0.25  255.78  5.72
65591.0  21.250  18.060  4.660  14.55  302.90  81.60  905.01  0.26  264.66  4.67
65592.0  21.320  18.020  5.120  14.51  302.96  81.01  905.20  0.26  256.23  5.04
65593.0  21.390  18.020  4.650  14.51  303.02  80.69  905.19  0.11  253.69  6.54
65594.0  21.470  18.060  4.090  14.54  303.08  80.47  905.45  0.17  257.20  7.05
65595.0  21.440  18.030  4.080  14.52  303.04  80.48  905.61  0.14  250.40  6.39
65596.0  21.410  17.970  4.620  14.46  303.00  80.30  905.74  -0.78  249.43  6.70
65597.0  21.190  17.920  4.840  14.42  302.78  81.18  905.62  -0.99  260.27  6.12
65598.0  21.300  17.950  4.480  14.44  302.89  80.74  905.64  -1.19  268.09  5.70
65599.0  21.390  17.940  4.220  14.43  302.97  80.24  905.78  -1.12  271.63  5.86
65600.0  21.430  17.900  4.370  14.39  302.99  79.84  906.02  -0.73  262.54  5.32
65601.0  21.290  17.890  4.930  14.37  302.84  80.48  906.06  -0.49  268.81  5.87
65602.0  21.270  17.900  4.710  14.39  302.84  80.66  905.84  0.21  274.11  3.35
65603.0  21.250  17.890  5.070  14.39  302.84  80.71  905.67  0.81  269.53  2.44
65604.0  21.240  17.920  5.190  14.41  302.82  80.92  905.70  0.03  262.00  3.62
65605.0  21.270  17.990  4.950  14.47  302.85  81.10  905.74  -1.11  261.84  4.96
65606.0  21.270  18.020  4.540  14.50  302.85  81.26  905.75  -0.32  263.35  5.68
65607.0  21.250  18.030  5.050  14.52  302.85  81.43  905.51  1.64  261.14  3.29
65608.0  21.290  18.050  5.470  14.54  302.91  81.36  905.32  1.87  257.32  3.79
65609.0  21.270  18.090  5.640  14.58  302.89  81.68  905.32  0.21  261.92  5.90
65610.0  21.090  18.120  5.440  14.61  302.70  82.77  905.31  1.02  267.30  6.47
65611.0  21.080  18.190  5.430  14.67  302.71  83.13  905.22  0.97  260.25  5.33
65612.0  21.050  18.260  5.410  14.74  302.68  83.72  905.16  0.19  252.89  5.69
65613.0  20.820  18.320  5.380  14.80  302.47  85.26  904.83  0.09  271.42  3.79
65614.0  20.880  18.300  5.290  14.79  302.53  84.85  904.86  -0.27  281.64  4.80
65615.0  20.920  18.320  5.320  14.80  302.56  84.73  904.95  -0.17  267.36  5.42
65616.0  20.890  18.380  5.320  14.85  302.53  85.18  905.03  0.22  264.77  5.58
65617.0  20.850  18.420  5.280  14.90  302.48  85.66  905.10  -0.20  264.09  6.01
65618.0  20.820  18.420  5.210  14.89  302.43  85.84  905.22  0.64  262.10  6.68
65619.0  20.820  18.430  5.130  14.91  302.45  85.90  905.06  0.82  265.81  6.10
65620.0  20.840  18.430  5.020  14.90  302.46  85.75  905.16  0.22  267.69  6.69
65621.0  20.830  18.410  4.920  14.88  302.46  85.68  905.15  0.28  268.63  5.96
65622.0  20.850  18.390  4.930  14.86  302.47  85.46  905.15  0.50  271.13  5.88
65623.0  20.890  18.370  4.800  14.85  302.52  85.20  905.08  0.44  272.60  6.17
65624.0  20.930  18.350  4.870  14.83  302.56  84.88  905.04  0.76  269.35  6.05
65625.0  20.910  18.310  5.060  14.79  302.54  84.73  905.15  0.14  262.63  5.80
65626.0  20.940  18.310  4.650  14.78  302.57  84.51  905.17  0.46  255.13  5.91
65627.0  20.850  18.290  4.730  14.77  302.47  84.91  905.26  0.50  254.02  6.40
65628.0  20.890  18.240  4.600  14.72  302.52  84.45  905.15  0.81  250.48  6.02
65629.0  20.770  18.200  4.450  14.68  302.39  84.88  905.13  0.47  263.55  6.90
65630.0  20.870  18.150  4.290  14.63  302.49  84.04  905.25  0.14  263.99  6.48
65631.0  20.960  18.120  3.960  14.60  302.58  83.41  905.24  0.13  263.80  6.00
65632.0  20.940  18.060  3.740  14.55  302.55  83.21  905.30  -0.27  270.49  5.54
65633.0  20.910  17.990  3.880  14.49  302.53  83.01  905.19  -0.31  275.15  5.13
65634.0  20.890  17.940  4.300  14.44  302.50  82.85  905.28  -0.44  271.23  4.97
65635.0  20.830  17.900  4.320  14.40  302.43  82.94  905.43  -0.17  266.88  4.79
65636.0  20.790  17.880  4.400  14.38  302.40  83.03  905.29  0.13  266.96  5.24
65637.0  20.890  17.860  4.040  14.37  302.50  82.43  905.30  0.09  266.31  5.60
65638.0  20.890  17.840  3.780  14.35  302.51  82.28  905.22  -0.49  266.56  6.24
65639.0  20.980  17.790  3.810  14.30  302.60  81.60  905.25  -0.32  263.52  6.40
65640.0  20.950  17.760  3.790  14.27  302.56  81.54  905.36  -0.57  266.73  6.01
65641.0  20.820  17.720  4.360  14.23  302.43  82.00  905.29  -0.06  266.25  5.03
65642.0  20.750  17.670  5.080  14.19  302.36  82.14  905.22  0.21  257.62  4.74
65643.0  20.610  17.680  5.170  14.20  302.21  82.94  905.27  0.31  266.89  5.25
65644.0  20.680  17.730  4.750  14.24  302.28  82.82  905.30  0.32  272.19  6.06
65645.0  20.840  17.760  3.340  14.27  302.44  82.14  905.45  0.13  272.97  6.45
65646.0  21.000  17.750  3.130  14.26  302.61  81.28  905.31  0.14  271.33  6.85
65647.0  21.100  17.700  3.170  14.21  302.72  80.48  905.30  0.01  269.04  6.19
65648.0  21.130  17.660  3.160  14.18  302.76  80.14  905.18  -0.03  266.49  5.98
65649.0  21.240  17.650  3.050  14.17  302.88  79.54  905.11  -0.37  264.93  6.14
65650.0  21.230  17.620  2.850  14.15  302.86  79.43  905.21  -0.32  263.32  6.10
65651.0  21.310  17.560  2.950  14.09  302.95  78.71  905.14  -0.41  262.82  6.49
65652.0  21.310  17.490  2.840  14.03  302.96  78.36  905.08  -0.38  259.42  6.80
65653.0  21.350  17.420  2.930  13.97  302.99  77.82  905.18  -0.24  258.37  6.61
65654.0  21.300  17.370  2.940  13.92  302.93  77.81  905.28  0.18  256.73  6.41
65655.0  21.270  17.340  3.210  13.89  302.89  77.81  905.31  0.30  257.64  6.72
65656.0  21.290  17.290  3.210  13.85  302.91  77.48  905.28  0.27  256.09  6.87
65657.0  21.240  17.260  3.260  13.82  302.87  77.55  905.25  0.31  257.53  7.40
65658.0  21.230  17.210  3.110  13.77  302.85  77.34  905.23  0.38  260.53  6.60
65659.0  21.290  17.100  3.020  13.68  302.93  76.50  905.15  -0.04  256.89  6.65
65660.0  21.240  16.980  3.290  13.57  302.88  76.15  905.15  0.26  256.69  6.09
65661.0  21.220  16.880  3.600  13.48  302.85  75.73  905.21  0.18  253.88  6.05
65662.0  21.090  16.850  4.050  13.46  302.72  76.22  905.18  -0.32  257.82  5.94
65663.0  21.130  16.890  3.420  13.49  302.75  76.25  905.25  0.09  261.77  6.02
65664.0  21.210  16.920  3.450  13.51  302.83  75.98  905.37  0.19  260.28  5.86
65665.0  21.240  16.910  3.160  13.51  302.86  75.81  905.28  0.20  258.70  5.43
65666.0  21.200  16.900  3.530  13.50  302.82  75.95  905.28  -0.24  264.53  5.92
65667.0  21.120  16.900  3.850  13.50  302.75  76.35  905.18  -0.37  271.47  5.27
65668.0  20.950  16.920  4.840  13.52  302.59  77.25  905.10  -0.42  276.98  4.47
65669.0  20.840  16.980  5.400  13.57  302.46  78.12  905.15  -0.39  281.61  4.54
65670.0  20.800  17.110  5.300  13.68  302.41  78.96  905.24  -0.41  284.82  4.20
65671.0  20.880  17.230  5.250  13.79  302.50  79.18  905.21  0.24  277.72  4.73
65672.0  20.870  17.280  6.080  13.83  302.48  79.46  905.32  0.28  266.26  4.61
65673.0  20.800  17.340  6.130  13.88  302.40  80.10  905.45  -0.47  267.96  4.68
65674.0  20.810  17.450  5.780  13.99  302.42  80.67  905.37  -0.32  265.00  4.64
65675.0  20.840  17.530  5.820  14.06  302.45  80.93  905.34  -0.43  265.71  4.68
65676.0  20.810  17.600  5.970  14.12  302.41  81.47  905.34  -1.00  270.91  4.94
65677.0  20.910  17.680  6.230  14.19  302.52  81.34  905.37  -0.89  262.95  4.88
65678.0  20.820  17.730  6.550  14.24  302.42  82.07  905.40  -1.17  262.49  4.85
65679.0  20.850  17.760  6.580  14.27  302.44  82.07  905.53  -1.33  258.46  4.47
65680.0  20.860  17.810  6.480  14.32  302.47  82.30  905.40  -0.58  259.78  3.89
65681.0  20.880  17.890  6.130  14.39  302.48  82.58  905.41  -0.57  270.58  3.22
65682.0  20.810  17.940  6.540  14.43  302.39  83.26  905.60  -0.20  282.74  3.26
65683.0  20.740  18.020  6.780  14.50  302.32  84.03  905.63  -0.05  281.11  3.30
65684.0  20.770  18.090  6.910  14.57  302.36  84.27  905.54  0.60  284.46  3.29
65685.0  20.830  18.110  7.080  14.60  302.42  84.08  905.46  1.34  281.77  4.10
65686.0  20.980  18.100  7.110  14.59  302.60  83.22  905.21  2.12  261.61  3.60
65687.0  20.990  18.110  7.150  14.60  302.63  83.18  905.01  2.82  256.36  3.24
65688.0  20.990  18.160  7.200  14.65  302.63  83.49  904.96  1.87  253.13  3.62
65689.0  20.870  18.200  6.860  14.69  302.52  84.36  904.85  1.13  250.15  3.22
65690.0  20.760  18.190  6.640  14.68  302.41  84.88  904.78  -0.87  262.80  4.23
65691.0  20.790  18.210  6.290  14.70  302.44  84.84  904.87  -0.50  266.07  4.25
65692.0  20.740  18.230  6.250  14.72  302.36  85.24  905.09  -0.34  271.65  4.78
65693.0  20.770  18.230  6.340  14.71  302.39  85.04  905.11  -0.78  264.70  5.78
65694.0  20.730  18.220  6.310  14.71  302.37  85.22  904.96  -0.67  265.92  5.98
65695.0  20.740  18.230  6.090  14.71  302.38  85.16  905.02  -0.27  262.29  5.44
65696.0  20.750  18.220  5.850  14.70  302.36  85.10  905.28  -0.48  266.45  5.51
65697.0  20.770  18.220  4.870  14.70  302.37  84.98  905.36  -0.53  273.19  7.06
65698.0  20.910  18.220  4.260  14.69  302.51  84.20  905.50  -0.55  274.37  6.90
65699.0  21.010  18.190  3.710  14.67  302.60  83.55  905.52  -0.58  274.88  5.90
65700.0  20.960  18.110  4.250  14.60  302.56  83.39  905.44  -0.39  280.08  4.91
65701.0  20.950  18.040  5.000  14.53  302.57  83.05  905.24  0.03  286.11  4.55
65702.0  21.010  17.980  4.910  14.48  302.64  82.42  905.20  -0.08  267.95  5.38
65703.0  21.000  17.920  5.160  14.42  302.62  82.15  905.22  0.37  267.65  5.34
65704.0  20.930  17.840  4.970  14.34  302.54  82.11  905.25  0.30  265.90  5.45
65705.0  20.970  17.760  4.390  14.27  302.59  81.48  905.16  -0.64  271.67  6.39
65706.0  20.990  17.710  3.920  14.22  302.62  81.08  905.16  -0.77  271.79  6.14
65707.0  21.080  17.650  3.940  14.17  302.72  80.32  905.10  -0.37  271.48  5.50
65708.0  21.040  17.570  4.480  14.10  302.67  80.11  905.18  0.23  273.73  5.69
65709.0  21.080  17.490  4.990  14.03  302.71  79.50  905.22  -0.12  272.27  5.49
65710.0  21.040  17.420  5.320  13.96  302.66  79.38  905.25  0.41  267.50  5.57
65711.0  20.940  17.370  5.400  13.91  302.56  79.57  905.31  -0.52  271.16  5.11
65712.0  20.960  17.320  5.510  13.87  302.58  79.21  905.28  -0.34  273.84  4.70
65713.0  20.940  17.270  5.670  13.82  302.55  79.05  905.34  -0.95  274.82  4.78
65714.0  20.990  17.250  5.470  13.81  302.60  78.71  905.38  -0.79  263.91  4.79
65715.0  20.990  17.280  5.130  13.84  302.59  78.90  905.46  -0.75  266.60  4.65
65716.0  21.040  17.300  5.130  13.85  302.65  78.73  905.43  -0.07  259.67  3.89
65717.0  20.960  17.320  5.030  13.87  302.55  79.24  905.58  0.00  268.40  3.43
65718.0  20.890  17.340  5.310  13.88  302.49  79.66  905.46  0.00  270.82  4.10
65719.0  21.030  17.330  5.490  13.87  302.62  78.92  905.62  0.50  255.51  3.61
65720.0  20.890  17.330  5.570  13.87  302.49  79.63  905.43  1.02  268.66  4.72
65721.0  20.700  17.350  5.440  13.90  302.31  80.70  905.22  0.06  294.62  5.42
65722.0  21.000  17.370  5.640  13.92  302.62  79.33  905.19  0.92  314.33  3.93
65723.0  20.960  17.420  5.830  13.96  302.58  79.75  905.22  0.25  299.08  4.52
65724.0  21.030  17.470  5.640  14.00  302.65  79.63  905.32  0.69  303.26  3.26
65725.0  20.940  17.520  5.640  14.05  302.56  80.38  905.21  0.37  293.02  3.77
65726.0  20.950  17.590  5.000  14.11  302.56  80.65  905.37  -1.04  279.55  3.91
65727.0  20.910  17.600  5.050  14.12  302.52  80.92  905.38  -1.17  283.26  3.96
65728.0  20.890  17.610  5.490  14.13  302.49  81.09  905.49  -0.33  273.19  3.71
65729.0  20.960  17.630  5.480  14.15  302.56  80.81  905.42  -0.40  258.60  3.60
65730.0  20.880  17.630  5.450  14.14  302.47  81.22  905.57  -0.22  259.37  3.70
65731.0  20.830  17.650  5.380  14.16  302.41  81.60  905.58  -0.12  270.39  3.62
65732.0  20.820  17.650  5.180  14.16  302.39  81.64  905.68  -0.39  275.86  3.94
65733.0  20.830  17.630  4.610  14.15  302.42  81.49  905.52  -0.79  279.42  3.87
65734.0  20.870  17.620  4.540  14.13  302.44  81.24  905.75  -1.21  274.36  3.99
65735.0  20.830  17.610  4.590  14.13  302.39  81.40  905.85  -1.33  266.50  3.79
65736.0  20.850  17.600  4.610  14.11  302.41  81.22  905.87  -1.24  282.76  3.86
65737.0  20.830  17.590  4.440  14.11  302.40  81.31  905.74  -1.10  280.12  3.89
65738.0  20.800  17.560  4.290  14.08  302.37  81.31  905.66  -1.30  277.26  4.19
65739.0  20.820  17.550  4.240  14.07  302.40  81.10  905.60  -0.85  285.90  4.63
65740.0  20.850  17.530  4.180  14.06  302.43  80.91  905.61  -0.61  281.71  5.34
65741.0  20.860  17.510  4.050  14.04  302.42  80.74  905.79  -0.50  278.59  5.21
65742.0  20.930  17.470  4.010  14.00  302.51  80.15  905.71  -0.27  282.69  4.88
65743.0  20.990  17.460  4.100  13.99  302.59  79.82  905.36  -0.86  278.70  4.14
65744.0  20.940  17.430  4.010  13.97  302.55  79.90  905.34  -0.52  287.95  3.88
65745.0  20.880  17.420  4.340  13.96  302.49  80.18  905.27  -0.16  286.99  4.37
65746.0  20.790  17.400  4.640  13.95  302.40  80.53  905.28  0.20  285.45  5.28
65747.0  20.960  17.390  4.810  13.93  302.55  79.61  905.47  -0.50  278.91  4.47
65748.0  20.890  17.390  4.580  13.93  302.48  79.96  905.56  -0.98  285.98  4.79
65749.0  20.920  17.390  4.880  13.93  302.51  79.80  905.52  -0.62  296.76  5.09
65750.0  20.880  17.370  5.020  13.92  302.47  79.94  905.50  -0.37  290.79  5.10
65751.0  20.860  17.390  5.210  13.93  302.44  80.11  905.57  0.06  291.08  5.66
65752.0  20.910  17.400  5.630  13.94  302.50  79.93  905.54  0.16  272.70  5.20
65753.0  20.940  17.410  5.700  13.95  302.53  79.83  905.55  -0.06  273.02  4.35
65754.0  20.890  17.440  5.420  13.97  302.48  80.20  905.45  0.23  279.58  4.54
65755.0  20.820  17.440  5.300  13.98  302.43  80.59  905.33  0.13  281.80  4.83
65756.0  20.840  17.440  5.340  13.98  302.45  80.48  905.27  0.10  284.12  5.10
65757.0  20.890  17.450  5.450  13.99  302.50  80.28  905.34  -0.68  282.23  4.15
65758.0  20.820  17.460  5.520  14.00  302.42  80.68  905.37  -0.20  267.39  4.32
65759.0  20.840  17.480  5.690  14.01  302.43  80.70  905.43  -0.26  261.23  4.07
65760.0  20.860  17.510  5.740  14.04  302.46  80.74  905.42  0.35  272.16  3.72
65761.0  20.820  17.510  5.710  14.04  302.43  80.91  905.34  0.40  295.93  3.87
65762.0  20.870  17.520  5.720  14.06  302.48  80.75  905.31  -0.04  293.48  3.71
65763.0  20.820  17.530  5.690  14.06  302.44  81.03  905.26  0.14  271.44  3.66
65764.0  20.890  17.540  5.790  14.07  302.50  80.72  905.25  0.06  269.71  3.36
65765.0  20.860  17.550  5.910  14.07  302.47  80.92  905.33  -0.43  278.30  3.24
65766.0  20.920  17.550  5.890  14.07  302.51  80.64  905.46  -0.34  282.85  2.96
65767.0  20.830  17.550  5.960  14.08  302.43  81.09  905.41  -0.21  293.52  3.27
65768.0  20.840  17.550  5.980  14.08  302.44  81.05  905.37  -0.44  296.38  3.85
65769.0  20.850  17.540  5.920  14.07  302.45  80.96  905.34  -0.36  296.22  4.36
65770.0  20.920  17.520  5.920  14.05  302.52  80.47  905.39  0.23  303.21  4.31
65771.0  20.870  17.510  5.870  14.04  302.46  80.68  905.49  -0.03  298.24  3.97
65772.0  20.910  17.500  5.940  14.03  302.50  80.43  905.50  0.11  296.66  4.07
65773.0  20.930  17.500  5.950  14.03  302.52  80.30  905.55  -0.02  293.13  3.63
