flight/WP3D/AircraftMet_NP3_20130702_RA.ict
43  1001
Ken Aikin
NOAA ESRL Chemical Sciences Division
various aircraft sensors
SENEX 2013
1  1
2013  07  02  2013  07  02
1
AOCTimewave
10
1  1  1  1  1  1  1  1  1  1
-9999  -9999  -9999  -9999  -9999  -9999  -9999  -9999  -9999  -9999
AmbTemp  C
DewPtTemp  C
DewPtTempTDL  C
H2Omr  g/kg
PotTemp  K
RelHumidity  pct
StaticPrs  mbar
VertWindSpd  m/s
WindDir  deg
WindSpd  m/s
1
SPECIAL COMMENTS:Birmingham PP night flight.
18
PI_CONTACT_INFO: Address: NOAA ESRL Chemical Sciences Division  Mail Stop R/CSD7  325 Broadway  Boulder  CO 80305
PLATFORM: NOAA WP-3D
LOCATION: The aircraft was stationed in  Smyrna  Tennessee. Aircraft location information in AircraftPosition file.
ASSOCIATED_DATA: N/A
INSTRUMENT_INFO: N/A
DATA_INFO: Units:AmbTemp celcius; DewPtTemp celcius; DewPtTempTDL celcius; H2Omr g/kg; PotTemp kelvin; RelHumidity percent; StaticPrs millibar; VertWindSpd m/s; WindDir degrees; WindSpd m/s
UNCERTAINTY: N/A
ULOD_FLAG: -7777
ULOD_VALUE: N/A
LLOD_FLAG: -8888
LLOD_VALUE: N/A
DM_CONTACT_INFO: Data Manager:Ken Aikin; email:Kenneth.C.Aikin@noaa.gov
PROJECT_INFO: SENEX 2013 Study; June 1 - July 15  2013
STIPULATIONS_ON_USE: Use of these data require prior ok from PI.
OTHER_COMMENTS:       None
REVISION: RA
RA: Preliminary Data.  For in-field use.
AOCTimewave  AmbTemp  DewPtTemp  DewPtTempTDL  H2Omr  PotTemp  RelHumidity  StaticPrs  VertWindSpd  WindDir  WindSpd
[from data line 10843]
14961.0  21.350  16.130  2.790  12.53  300.91  71.55  927.35  0.61  306.91  4.67
14962.0  21.320  16.130  2.770  12.53  300.88  71.70  927.34  0.41  303.45  4.53
14963.0  21.360  16.140  2.890  12.54  300.92  71.59  927.33  0.23  306.23  4.63
14964.0  21.370  16.160  2.760  12.55  300.92  71.63  927.45  0.31  306.76  4.64
14965.0  21.440  16.160  2.650  12.55  300.98  71.34  927.50  0.31  306.79  4.65
14966.0  21.460  16.160  2.650  12.55  301.02  71.23  927.34  0.31  306.49  4.73
14967.0  21.410  16.160  2.650  12.55  300.97  71.41  927.32  0.39  307.22  4.82
14968.0  21.460  16.150  2.690  12.55  301.02  71.20  927.34  0.40  307.10  4.80
14969.0  21.390  16.180  2.760  12.57  300.97  71.60  927.17  0.36  306.81  4.70
14970.0  21.350  16.200  2.790  12.59  300.92  71.89  927.22  0.34  305.81  4.56
14971.0  21.360  16.230  2.730  12.61  300.93  72.00  927.18  0.50  306.36  4.54
14972.0  21.370  16.260  2.780  12.64  300.96  72.08  927.04  0.46  303.99  4.50
14973.0  21.340  16.270  2.780  12.65  300.92  72.27  927.14  0.47  304.29  4.58
14974.0  21.350  16.260  2.730  12.64  300.92  72.21  927.18  0.27  305.44  4.57
14975.0  21.380  16.250  2.650  12.63  300.94  72.02  927.36  0.18  306.59  4.51
14976.0  21.470  16.240  2.550  12.62  301.02  71.56  927.45  0.42  306.41  4.68
14977.0  21.460  16.210  2.480  12.59  301.00  71.46  927.54  0.49  304.62  4.75
14978.0  21.480  16.200  2.420  12.59  301.04  71.30  927.44  0.54  302.86  4.82
14979.0  21.530  16.190  2.420  12.58  301.08  71.04  927.44  0.58  303.40  4.81
14980.0  21.560  16.180  2.330  12.57  301.12  70.89  927.34  0.56  302.49  4.86
14981.0  21.550  16.170  2.300  12.56  301.10  70.87  927.46  0.87  302.97  4.84
14982.0  21.530  16.140  2.320  12.54  301.10  70.81  927.27  0.87  305.40  4.94
14983.0  21.510  16.130  2.500  12.53  301.09  70.87  927.09  0.91  305.81  4.78
14984.0  21.430  16.140  2.540  12.54  301.00  71.25  927.22  0.85  304.77  4.82
14985.0  21.400  16.120  2.600  12.52  300.96  71.33  927.31  0.79  301.99  4.72
14986.0  21.380  16.100  2.690  12.51  300.94  71.32  927.25  0.61  304.45  4.86
14987.0  21.320  16.100  2.690  12.50  300.88  71.58  927.28  0.60  299.15  4.52
14988.0  21.220  16.100  2.880  12.50  300.79  72.03  927.18  0.56  292.49  4.22
14989.0  21.110  16.100  3.110  12.50  300.69  72.48  927.10  0.69  291.12  3.36
14990.0  21.070  16.120  3.160  12.53  300.64  72.82  927.21  0.41  291.08  3.40
14991.0  21.090  16.140  3.180  12.54  300.66  72.82  927.15  0.51  287.37  3.97
14992.0  21.120  16.170  3.150  12.57  300.69  72.83  927.20  0.33  296.39  3.64
14993.0  21.000  16.230  3.180  12.61  300.57  73.62  927.13  0.16  287.80  3.38
14994.0  21.070  16.260  3.250  12.64  300.62  73.49  927.31  0.11  287.48  4.16
14995.0  21.080  16.290  3.070  12.66  300.63  73.57  927.36  -0.16  289.88  4.07
14996.0  21.140  16.330  3.040  12.69  300.70  73.47  927.32  -0.03  289.81  3.84
14997.0  21.180  16.370  2.860  12.73  300.74  73.47  927.34  -0.12  295.57  4.22
14998.0  21.330  16.420  2.760  12.77  300.89  73.00  927.38  -0.03  299.20  4.47
14999.0  21.370  16.430  2.610  12.77  300.92  72.89  927.43  0.06  298.49  4.53
15000.0  21.370  16.430  2.710  12.77  300.90  72.90  927.59  0.19  296.25  4.53
15001.0  21.280  16.430  2.680  12.77  300.83  73.28  927.49  0.27  290.35  4.36
15002.0  21.280  16.420  2.970  12.77  300.84  73.27  927.35  0.02  293.85  4.38
15003.0  21.170  16.440  3.020  12.79  300.72  73.89  927.30  0.04  295.89  4.16
15004.0  21.120  16.470  3.150  12.81  300.67  74.26  927.36  0.29  291.73  3.94
15005.0  21.130  16.500  3.150  12.84  300.68  74.35  927.36  0.08  289.89  4.56
15006.0  21.200  16.510  2.980  12.84  300.74  74.08  927.49  -0.16  291.94  4.56
15007.0  21.160  16.510  2.940  12.84  300.70  74.23  927.57  -0.13  291.68  4.20
15008.0  21.190  16.490  2.900  12.83  300.73  74.04  927.49  -0.25  290.04  4.34
15009.0  21.170  16.480  2.890  12.82  300.72  74.06  927.36  -0.05  289.12  4.00
15010.0  21.230  16.460  2.870  12.80  300.77  73.69  927.50  -0.03  290.68  4.48
15011.0  21.210  16.440  2.900  12.78  300.76  73.69  927.34  0.07  293.03  4.63
15012.0  21.240  16.440  2.780  12.78  300.79  73.52  927.41  0.17  292.30  4.64
15013.0  21.240  16.420  2.820  12.77  300.80  73.42  927.34  0.22  292.06  4.57
15014.0  21.240  16.400  2.780  12.75  300.79  73.37  927.35  0.22  293.00  4.79
15015.0  21.320  16.390  2.630  12.74  300.88  72.93  927.35  0.09  294.76  4.81
15016.0  21.310  16.380  2.550  12.73  300.86  72.94  927.39  -0.07  295.33  4.83
15017.0  21.360  16.390  2.540  12.74  300.92  72.74  927.40  0.06  296.11  4.91
15018.0  21.330  16.400  2.510  12.75  300.88  72.91  927.42  0.22  294.65  4.85
15019.0  21.320  16.370  2.740  12.73  300.88  72.84  927.33  0.23  295.22  4.96
15020.0  21.310  16.350  2.760  12.71  300.87  72.75  927.33  0.07  298.56  4.89
15021.0  21.350  16.340  2.550  12.70  300.92  72.53  927.24  0.13  300.62  4.90
15022.0  21.350  16.310  2.460  12.68  300.90  72.43  927.40  0.27  299.90  4.84
15023.0  21.290  16.290  2.640  12.66  300.85  72.61  927.30  0.30  295.71  4.65
15024.0  21.260  16.280  2.690  12.65  300.81  72.68  927.37  0.25  295.61  4.53
15025.0  21.190  16.250  2.730  12.62  300.74  72.86  927.42  0.27  291.17  4.05
15026.0  21.170  16.210  3.060  12.60  300.72  72.77  927.46  0.23  295.96  4.05
15027.0  21.190  16.200  3.040  12.59  300.74  72.67  927.38  0.09  294.45  4.15
15028.0  21.150  16.220  2.920  12.60  300.71  72.91  927.32  0.02  296.17  4.24
15029.0  21.190  16.240  2.930  12.62  300.73  72.82  927.47  -0.11  297.11  4.75
15030.0  21.200  16.250  2.790  12.63  300.74  72.83  927.49  -0.23  296.15  4.54
15031.0  21.200  16.250  2.840  12.62  300.75  72.82  927.41  -0.12  298.26  4.39
15032.0  21.280  16.280  2.750  12.65  300.84  72.56  927.36  0.04  298.99  4.96
15033.0  21.240  16.280  2.670  12.65  300.80  72.80  927.33  0.16  299.46  4.87
15034.0  21.220  16.290  2.830  12.66  300.79  72.89  927.25  0.02  296.86  4.48
15035.0  21.220  16.300  2.860  12.67  300.78  72.97  927.31  -0.11  296.22  4.51
15036.0  21.300  16.310  2.850  12.68  300.85  72.69  927.39  -0.05  302.64  4.45
15037.0  21.260  16.310  2.720  12.68  300.82  72.85  927.30  0.25  300.94  4.59
15038.0  21.200  16.310  3.070  12.68  300.76  73.12  927.33  0.20  302.02  4.30
15039.0  21.170  16.330  3.030  12.70  300.73  73.35  927.29  0.29  300.33  4.17
15040.0  21.170  16.350  3.000  12.71  300.74  73.41  927.19  0.19  301.97  4.50
15041.0  21.220  16.360  2.830  12.72  300.78  73.27  927.28  0.25  298.28  4.32
15042.0  21.150  16.380  3.030  12.73  300.69  73.69  927.39  0.32  300.31  3.95
15043.0  21.120  16.390  3.180  12.74  300.65  73.87  927.55  0.00  300.44  3.95
15044.0  21.100  16.400  3.020  12.74  300.63  73.97  927.59  0.14  298.55  3.35
15045.0  21.160  16.380  3.170  12.74  300.70  73.63  927.52  -0.05  301.29  3.92
15046.0  21.170  16.400  2.990  12.75  300.71  73.70  927.45  0.14  297.12  4.37
15047.0  21.180  16.420  2.960  12.76  300.73  73.69  927.46  0.27  305.34  4.13
15048.0  21.190  16.410  2.930  12.76  300.73  73.64  927.45  0.17  298.93  4.30
15049.0  21.150  16.420  2.950  12.76  300.70  73.86  927.34  0.43  298.07  3.91
15050.0  21.160  16.420  3.000  12.77  300.72  73.83  927.20  0.33  299.61  4.39
15051.0  21.200  16.430  2.960  12.78  300.77  73.67  927.19  0.44  302.47  4.27
15052.0  21.140  16.430  2.960  12.78  300.70  73.98  927.20  0.35  301.86  4.27
15053.0  21.210  16.440  2.840  12.79  300.76  73.70  927.30  0.28  302.00  4.16
15054.0  21.170  16.460  2.840  12.80  300.73  73.95  927.23  0.26  302.94  4.16
15055.0  21.200  16.460  2.840  12.81  300.76  73.85  927.24  0.29  302.03  4.41
15056.0  21.240  16.470  2.780  12.81  300.80  73.70  927.30  0.21  302.69  4.56
15057.0  21.240  16.480  2.750  12.81  300.80  73.72  927.32  0.22  302.11  4.62
15058.0  21.250  16.470  2.780  12.80  300.81  73.60  927.33  0.30  304.64  4.23
15059.0  21.150  16.430  3.030  12.77  300.71  73.88  927.28  0.23  301.33  4.04
15060.0  21.180  16.410  2.940  12.76  300.74  73.68  927.31  0.43  302.66  4.14
15061.0  21.240  16.410  2.820  12.76  300.80  73.39  927.33  0.37  305.35  4.13
15062.0  21.180  16.390  2.850  12.74  300.73  73.58  927.39  0.22  302.74  4.41
15063.0  21.160  16.370  2.890  12.73  300.71  73.61  927.35  0.17  298.83  3.71
15064.0  21.140  16.380  3.160  12.73  300.69  73.70  927.35  0.26  304.48  3.57
15065.0  21.150  16.390  3.130  12.74  300.70  73.74  927.38  0.24  306.32  4.47
15066.0  21.200  16.410  2.890  12.76  300.76  73.54  927.38  0.02  305.05  4.38
15067.0  21.200  16.390  2.650  12.74  300.76  73.46  927.32  0.02  304.77  4.26
15068.0  21.260  16.390  2.670  12.74  300.82  73.18  927.32  0.00  307.10  4.26
15069.0  21.280  16.360  2.640  12.72  300.83  73.00  927.38  -0.04  308.69  4.26
15070.0  21.250  16.330  2.550  12.69  300.81  72.94  927.30  -0.13  305.70  4.28
15071.0  21.100  16.300  2.690  12.67  300.65  73.53  927.34  -0.26  306.87  4.62
15072.0  21.250  16.290  2.680  12.66  300.81  72.80  927.30  -0.28  306.17  4.44
15073.0  21.230  16.290  2.740  12.66  300.79  72.90  927.27  -0.46  306.55  4.34
15074.0  21.250  16.290  2.640  12.66  300.80  72.77  927.38  -0.38  304.38  4.34
15075.0  21.240  16.270  2.720  12.64  300.79  72.75  927.42  -0.23  307.79  4.53
15076.0  21.250  16.260  2.570  12.63  300.81  72.63  927.32  -0.11  305.85  4.33
15077.0  21.240  16.250  2.750  12.62  300.80  72.61  927.34  0.00  305.43  4.49
15078.0  21.230  16.220  2.750  12.60  300.78  72.53  927.37  -0.12  307.06  4.41
15079.0  21.220  16.200  2.800  12.59  300.76  72.53  927.42  -0.09  305.63  4.46
15080.0  21.230  16.190  2.710  12.57  300.77  72.39  927.44  -0.04  307.85  4.54
15081.0  21.200  16.160  2.730  12.55  300.74  72.40  927.42  -0.10  307.28  4.35
15082.0  21.180  16.150  2.870  12.54  300.74  72.41  927.35  -0.13  308.07  4.17
15083.0  21.200  16.160  2.850  12.55  300.75  72.39  927.39  -0.28  310.92  4.20
15084.0  21.250  16.150  2.740  12.54  300.82  72.11  927.22  -0.44  308.93  4.47
15085.0  21.250  16.120  2.620  12.53  300.83  71.99  927.07  -0.47  310.97  4.24
15086.0  21.180  16.130  2.690  12.53  300.79  72.33  926.76  -0.39  309.16  3.90
15087.0  21.120  16.130  2.810  12.54  300.74  72.60  926.63  -0.26  306.48  4.00
15088.0  21.160  16.130  2.780  12.53  300.78  72.42  926.65  -0.24  307.83  4.11
15089.0  21.200  16.120  2.670  12.53  300.81  72.22  926.70  -0.27  309.06  4.04
15090.0  21.140  16.140  2.820  12.55  300.76  72.57  926.67  -0.05  309.87  3.85
15091.0  21.190  16.150  2.780  12.56  300.82  72.42  926.52  -0.05  309.14  4.32
15092.0  21.190  16.150  2.590  12.56  300.81  72.40  926.58  0.06  309.58  4.26
15093.0  21.160  16.140  2.750  12.55  300.78  72.50  926.62  0.10  308.36  3.88
15094.0  21.130  16.170  2.790  12.57  300.75  72.79  926.66  0.16  308.92  4.29
15095.0  21.180  16.190  2.750  12.58  300.80  72.61  926.66  0.27  308.41  4.12
15096.0  21.210  16.170  2.680  12.57  300.83  72.40  926.64  0.21  307.35  4.09
15097.0  21.170  16.150  2.760  12.55  300.78  72.48  926.80  0.17  307.24  3.99
15098.0  21.180  16.150  2.820  12.55  300.77  72.43  926.92  0.18  307.24  3.96
15099.0  21.200  16.150  2.750  12.55  300.80  72.35  926.81  0.25  307.42  3.92
15100.0  21.180  16.150  2.790  12.56  300.79  72.45  926.70  0.27  304.73  3.67
15101.0  21.180  16.180  2.900  12.58  300.77  72.59  926.89  0.31  304.97  3.78
15102.0  21.210  16.190  2.740  12.58  300.78  72.51  927.09  0.18  308.02  3.87
15103.0  21.220  16.190  2.740  12.58  300.80  72.41  927.15  0.26  307.47  4.13
15104.0  21.220  16.180  2.720  12.58  300.80  72.40  927.07  0.30  306.12  4.19
15105.0  21.250  16.170  2.710  12.56  300.83  72.20  927.11  0.20  305.43  4.33
15106.0  21.290  16.140  2.580  12.54  300.87  71.91  927.10  0.19  305.56  4.19
15107.0  21.300  16.120  2.570  12.52  300.88  71.73  927.10  0.17  303.85  4.29
15108.0  21.330  16.120  2.520  12.52  300.91  71.61  927.12  0.21  304.60  4.40
15109.0  21.310  16.120  2.510  12.52  300.89  71.67  927.14  0.23  303.73  4.28
15110.0  21.290  16.100  2.550  12.50  300.84  71.71  927.40  0.31  304.67  4.17
15111.0  21.340  16.090  2.550  12.49  300.89  71.44  927.39  0.41  304.10  4.22
15112.0  21.380  16.110  2.560  12.51  300.92  71.33  927.49  0.51  303.65  4.24
15113.0  21.340  16.120  2.630  12.51  300.87  71.54  927.72  0.48  304.72  4.09
15114.0  21.360  16.140  2.700  12.53  300.87  71.56  927.85  0.27  305.45  4.14
15115.0  21.350  16.120  2.630  12.51  300.86  71.52  927.81  0.14  305.11  4.10
15116.0  21.380  16.090  2.640  12.49  300.90  71.27  927.73  0.17  304.41  4.18
15117.0  21.400  16.090  2.540  12.49  300.93  71.13  927.70  0.22  304.49  4.23
15118.0  21.400  16.060  2.580  12.47  300.91  71.05  927.80  0.14  304.62  4.31
15119.0  21.440  16.050  2.510  12.46  300.98  70.83  927.57  0.07  304.00  4.37
15120.0  21.420  16.060  2.470  12.47  300.94  70.95  927.70  0.01  304.14  4.42
15121.0  21.480  16.070  2.520  12.47  301.00  70.69  927.81  -0.05  304.03  4.36
15122.0  21.450  16.070  2.490  12.47  300.98  70.85  927.69  0.05  302.89  4.35
15123.0  21.420  16.070  2.530  12.47  300.95  70.96  927.65  0.22  303.61  4.35
15124.0  21.440  16.050  2.490  12.46  300.97  70.79  927.60  0.39  303.62  4.36
15125.0  21.420  16.030  2.500  12.44  300.97  70.78  927.50  0.44  303.39  4.14
15126.0  21.430  16.020  2.560  12.44  300.97  70.70  927.57  0.33  304.04  4.16
15127.0  21.430  16.020  2.510  12.44  300.99  70.70  927.42  0.33  303.43  4.16
15128.0  21.420  16.020  2.440  12.44  300.98  70.76  927.36  0.41  303.63  4.13
15129.0  21.410  16.030  2.440  12.44  300.97  70.82  927.39  0.32  304.92  4.04
15130.0  21.400  16.020  2.520  12.44  300.96  70.85  927.36  0.39  303.56  3.98
15131.0  21.410  16.010  2.620  12.43  300.98  70.74  927.27  0.39  302.61  3.97
15132.0  21.390  16.010  2.560  12.43  300.94  70.81  927.45  0.39  304.35  3.91
15133.0  21.400  16.000  2.540  12.42  300.96  70.73  927.35  0.32  305.37  3.85
15134.0  21.420  15.990  2.460  12.42  300.99  70.62  927.25  0.29  305.25  3.91
15135.0  21.390  15.980  2.440  12.41  300.96  70.70  927.21  0.44  306.41  3.97
15136.0  21.410  15.970  2.380  12.40  300.97  70.58  927.35  0.46  307.30  4.03
15137.0  21.460  15.970  2.380  12.40  301.00  70.36  927.52  0.47  308.04  4.07
15138.0  21.440  15.970  2.370  12.39  300.98  70.42  927.54  0.49  307.83  4.02
15139.0  21.420  15.970  2.420  12.40  300.98  70.54  927.34  0.50  306.75  4.02
15140.0  21.460  15.970  2.390  12.40  301.02  70.35  927.33  0.62  306.04  3.87
15141.0  21.450  15.970  2.330  12.40  301.01  70.39  927.33  0.52  308.05  3.96
15142.0  21.430  15.960  2.350  12.39  301.00  70.42  927.28  0.41  307.15  3.95
15143.0  21.460  15.940  2.350  12.37  301.01  70.21  927.40  0.20  307.16  3.90
15144.0  21.470  15.930  2.350  12.36  301.02  70.12  927.46  0.16  307.17  3.89
15145.0  21.430  15.910  2.390  12.34  300.96  70.20  927.60  0.12  308.06  3.91
15146.0  21.460  15.910  2.500  12.35  301.01  70.06  927.48  -0.02  307.50  3.96
15147.0  21.430  15.910  2.580  12.36  301.01  70.22  927.15  -0.07  307.15  4.03
15148.0  21.390  15.920  2.440  12.36  300.96  70.41  927.22  -0.09  307.36  4.03
15149.0  21.440  15.920  2.490  12.36  301.01  70.23  927.23  -0.04  307.65  4.11
15150.0  21.370  15.930  2.410  12.37  300.96  70.53  927.07  -0.11  307.89  4.23
15151.0  21.410  15.930  2.420  12.37  300.99  70.36  927.14  -0.21  308.67  4.24
15152.0  21.380  15.920  2.450  12.36  300.96  70.45  927.14  -0.22  308.41  4.17
15153.0  21.360  15.930  2.420  12.37  300.94  70.60  927.15  -0.10  308.48  4.21
15154.0  21.300  15.940  2.510  12.38  300.87  70.92  927.21  -0.11  309.07  4.27
15155.0  21.370  15.950  2.460  12.38  300.95  70.65  927.12  -0.18  308.33  4.27
15156.0  21.340  15.940  2.470  12.38  300.92  70.78  927.00  -0.21  308.34  4.23
