flight/WP3D/AircraftMet_NP3_20130629_RA.ict
43  1001
Ken Aikin
NOAA ESRL Chemical Sciences Division
various aircraft sensors
SENEX 2013
1  1
2013  06  29  2013  06  29
1
AOCTimewave
10
1  1  1  1  1  1  1  1  1  1
-9999  -9999  -9999  -9999  -9999  -9999  -9999  -9999  -9999  -9999
AmbTemp  C
DewPtTemp  C
DewPtTempTDL  C
H2Omr  g/kg
PotTemp  K
RelHumidity  pct
StaticPrs  mbar
VertWindSpd  m/s
WindDir  deg
WindSpd  m/s
1
SPECIAL COMMENTS:Birmingham and C-130 intercomparison.
18
PI_CONTACT_INFO: Address: NOAA ESRL Chemical Sciences Division  Mail Stop R/CSD7  325 Broadway  Boulder  CO 80305
PLATFORM: NOAA WP-3D
LOCATION: The aircraft was stationed in  Smyrna  Tennessee. Aircraft location information in AircraftPosition file.
ASSOCIATED_DATA: N/A
INSTRUMENT_INFO: N/A
DATA_INFO: Units:AmbTemp celcius; DewPtTemp celcius; DewPtTempTDL celcius; H2Omr g/kg; PotTemp kelvin; RelHumidity percent; StaticPrs millibar; VertWindSpd m/s; WindDir degrees; WindSpd m/s
UNCERTAINTY: N/A
ULOD_FLAG: -7777
ULOD_VALUE: N/A
LLOD_FLAG: -8888
LLOD_VALUE: N/A
DM_CONTACT_INFO: Data Manager:Ken Aikin; email:Kenneth.C.Aikin@noaa.gov
PROJECT_INFO: SENEX 2013 Study; June 1 - July 15  2013
STIPULATIONS_ON_USE: Use of these data require prior ok from PI.
OTHER_COMMENTS:       None
REVISION: RA
RA: Preliminary Data.  For in-field use.
AOCTimewave  AmbTemp  DewPtTemp  DewPtTempTDL  H2Omr  PotTemp  RelHumidity  StaticPrs  VertWindSpd  WindDir  WindSpd
[from data line 10536]
66121.0  2.550  -17.850  -24.600  1.50  315.03  20.38  627.00  -0.41  276.48  12.29
66122.0  2.510  -17.700  -24.560  1.52  314.99  20.71  626.96  -0.53  277.07  12.31
66123.0  2.500  -17.580  -24.470  1.53  314.97  20.92  627.06  -0.58  277.26  12.29
66124.0  2.490  -17.540  -24.540  1.54  314.97  21.01  626.97  -0.55  277.54  12.37
66125.0  2.490  -17.520  -24.560  1.54  314.97  21.04  626.96  -0.55  277.87  12.55
66126.0  2.490  -17.530  -23.320  1.54  314.96  21.03  627.02  -0.53  278.01  12.68
66127.0  2.500  -17.560  -24.540  1.54  314.97  20.96  627.05  -0.60  277.93  12.67
66128.0  2.510  -17.590  -24.470  1.53  314.96  20.90  627.23  -0.62  277.40  12.73
66129.0  2.510  -17.600  -24.440  1.53  314.96  20.88  627.18  -0.59  277.09  12.88
66130.0  2.510  -17.560  -24.450  1.54  314.98  20.95  627.00  -0.61  276.84  12.88
66131.0  2.490  -17.490  -24.440  1.55  314.97  21.09  626.98  -0.69  276.55  12.85
66132.0  2.480  -17.380  -24.640  1.56  314.96  21.31  626.96  -0.68  276.17  12.86
66133.0  2.470  -17.210  -24.540  1.58  314.95  21.63  626.93  -0.55  276.12  12.82
66134.0  2.440  -17.040  -24.620  1.61  314.92  21.99  626.94  -0.43  276.36  12.60
66135.0  2.410  -16.840  -24.910  1.63  314.88  22.42  626.93  -0.33  276.49  12.55
66136.0  2.400  -16.610  -24.790  1.67  314.84  22.88  627.09  -0.29  275.87  12.60
66137.0  2.410  -16.390  -24.800  1.70  314.85  23.28  627.11  -0.22  275.19  12.55
66138.0  2.370  -16.180  -24.810  1.73  314.82  23.75  627.06  -0.26  274.98  12.51
66139.0  2.340  -15.990  -24.850  1.76  314.79  24.20  627.01  -0.19  274.76  12.54
66140.0  2.330  -15.840  -24.780  1.78  314.80  24.51  626.87  -0.24  274.79  12.67
66141.0  2.360  -15.730  -24.770  1.79  314.83  24.68  626.89  -0.30  274.62  12.63
66142.0  2.370  -15.660  -24.710  1.80  314.85  24.80  626.88  -0.43  274.94  12.72
66143.0  2.370  -15.650  -24.840  1.80  314.84  24.82  626.89  -0.46  276.18  12.97
66144.0  2.410  -15.700  -24.550  1.80  314.88  24.67  626.94  -0.41  276.80  13.04
66145.0  2.420  -15.790  -24.520  1.78  314.89  24.44  627.00  -0.24  277.58  13.11
66146.0  2.440  -15.940  -24.630  1.76  314.90  24.12  627.02  -0.13  278.07  13.18
66147.0  2.450  -16.140  -24.540  1.73  314.91  23.70  627.08  -0.21  277.97  13.13
66148.0  2.450  -16.360  -24.540  1.70  314.92  23.26  627.05  -0.32  276.85  13.09
66149.0  2.450  -16.590  -24.640  1.67  314.91  22.82  627.04  -0.34  276.28  13.24
66150.0  2.450  -16.810  -24.510  1.64  314.92  22.41  627.00  -0.22  276.14  13.34
66151.0  2.490  -17.020  -24.570  1.61  314.95  21.95  627.07  -0.10  276.41  13.44
66152.0  2.560  -17.230  -24.630  1.58  315.05  21.45  626.98  0.00  275.94  13.35
66153.0  2.590  -17.400  -24.540  1.56  315.08  21.11  626.98  -0.11  275.82  13.69
66154.0  2.640  -17.500  -24.530  1.55  315.14  20.85  626.96  -0.24  276.88  14.18
66155.0  2.700  -17.560  -24.670  1.54  315.20  20.67  627.03  -0.24  277.81  14.13
66156.0  2.740  -17.570  -24.600  1.54  315.24  20.58  627.06  -0.24  277.67  13.91
66157.0  2.720  -17.530  -23.110  1.54  315.24  20.69  626.91  -0.22  277.58  13.70
66158.0  2.690  -17.430  -22.830  1.55  315.21  20.90  626.90  -0.34  277.18  13.50
66159.0  2.610  -17.290  -24.090  1.57  315.11  21.28  626.98  -0.52  276.54  13.20
66160.0  2.550  -17.090  -23.890  1.60  315.03  21.73  627.03  -0.72  275.84  13.16
66161.0  2.510  -16.840  -23.970  1.63  314.98  22.26  627.03  -0.87  274.98  13.20
66162.0  2.500  -16.560  -24.310  1.67  314.97  22.80  627.03  -0.90  274.11  13.32
66163.0  2.480  -16.260  -23.850  1.71  314.94  23.41  627.13  -0.75  273.69  13.33
66164.0  2.480  -15.930  -24.480  1.76  314.93  24.06  627.16  -0.58  273.38  13.25
66165.0  2.460  -15.620  -24.640  1.81  314.91  24.72  627.17  -0.56  273.31  13.12
66166.0  2.420  -15.340  -24.650  1.85  314.85  25.40  627.18  -0.52  273.47  12.82
66167.0  2.400  -15.070  -24.990  1.89  314.84  25.99  627.18  -0.39  273.07  12.56
66168.0  2.400  -14.840  -24.970  1.93  314.84  26.49  627.16  -0.34  272.25  12.71
66169.0  2.400  -14.670  -25.080  1.96  314.83  26.88  627.16  -0.29  272.34  13.04
66170.0  2.410  -14.560  -24.890  1.97  314.84  27.09  627.21  -0.32  272.61  13.26
66171.0  2.430  -14.520  -24.700  1.98  314.85  27.16  627.24  -0.23  272.77  13.36
66172.0  2.430  -14.540  -24.680  1.98  314.87  27.11  627.12  -0.08  273.16  13.57
66173.0  2.440  -14.630  -24.570  1.96  314.89  26.88  627.09  -0.03  273.08  13.72
66174.0  2.420  -14.770  -24.020  1.94  314.88  26.61  626.99  -0.08  273.71  13.70
66175.0  2.410  -14.960  -23.910  1.91  314.86  26.23  627.00  -0.11  274.44  13.83
66176.0  2.450  -15.200  -24.710  1.87  314.93  25.63  626.88  -0.14  274.48  14.08
66177.0  2.470  -15.450  -24.640  1.84  314.98  25.08  626.72  -0.14  275.05  14.39
66178.0  2.550  -15.720  -24.710  1.79  315.07  24.35  626.74  -0.09  275.22  14.45
66179.0  2.620  -16.020  -24.580  1.75  315.14  23.66  626.76  -0.05  275.93  14.65
66180.0  2.670  -16.310  -24.600  1.71  315.21  23.01  626.68  0.04  276.58  14.74
66181.0  2.690  -16.580  -24.710  1.67  315.24  22.45  626.67  0.23  277.37  14.77
66182.0  2.700  -16.840  -24.680  1.63  315.25  21.95  626.67  0.41  277.57  14.88
66183.0  2.680  -17.080  -24.720  1.60  315.23  21.54  626.67  0.45  278.30  14.95
66184.0  2.660  -17.290  -24.590  1.57  315.21  21.20  626.66  0.34  278.09  14.92
66185.0  2.690  -17.460  -24.760  1.55  315.23  20.86  626.72  0.25  277.64  14.87
66186.0  2.720  -17.580  -24.650  1.54  315.28  20.59  626.62  0.17  277.39  14.85
66187.0  2.790  -17.650  -24.660  1.53  315.36  20.38  626.60  0.03  277.61  14.80
66188.0  2.860  -17.670  -24.920  1.52  315.45  20.24  626.50  -0.15  277.66  14.81
66189.0  2.830  -17.650  -24.810  1.53  315.43  20.30  626.52  -0.25  277.24  14.79
66190.0  2.760  -17.590  -24.670  1.53  315.34  20.52  626.51  -0.24  277.18  14.93
66191.0  2.700  -17.510  -24.630  1.55  315.26  20.75  626.63  -0.16  276.90  15.04
66192.0  2.670  -17.420  -24.720  1.56  315.22  20.95  626.68  -0.07  276.91  15.08
66193.0  2.660  -17.330  -24.740  1.57  315.20  21.13  626.71  -0.06  276.89  14.96
66194.0  2.740  -17.240  -24.860  1.58  315.29  21.17  626.73  -0.13  276.96  14.81
66195.0  2.860  -17.140  -24.940  1.59  315.41  21.17  626.77  -0.29  276.72  14.76
66196.0  2.900  -17.070  -24.940  1.60  315.46  21.23  626.79  -0.51  276.56  14.87
66197.0  2.860  -17.030  -24.790  1.61  315.41  21.35  626.87  -0.59  275.57  14.99
66198.0  2.760  -17.030  -24.730  1.61  315.28  21.52  626.93  -0.51  275.22  15.19
66199.0  2.680  -17.030  -24.640  1.61  315.18  21.64  626.96  -0.34  274.66  15.27
66200.0  2.620  -17.070  -24.480  1.60  315.12  21.66  626.92  -0.26  274.29  15.39
66201.0  2.580  -17.160  -24.560  1.59  315.09  21.56  626.85  -0.30  274.28  15.45
66202.0  2.560  -17.250  -24.700  1.58  315.06  21.42  626.92  -0.21  274.24  15.43
66203.0  2.560  -17.380  -24.720  1.56  315.05  21.19  626.94  -0.12  274.26  15.30
66204.0  2.550  -17.490  -24.610  1.55  315.06  21.00  626.87  0.03  274.53  15.31
66205.0  2.570  -17.620  -24.540  1.53  315.09  20.75  626.77  0.16  275.37  15.24
66206.0  2.590  -17.720  -24.710  1.52  315.11  20.55  626.78  0.14  275.66  15.16
66207.0  2.620  -17.790  -24.770  1.51  315.15  20.37  626.79  0.01  275.65  15.08
66208.0  2.650  -17.870  -24.770  1.50  315.17  20.21  626.81  -0.11  275.60  15.06
66209.0  2.650  -17.920  -24.740  1.49  315.18  20.11  626.75  -0.10  275.78  14.98
66210.0  2.670  -17.970  -24.810  1.49  315.21  20.00  626.74  -0.17  275.70  14.97
66211.0  2.640  -17.970  -24.680  1.49  315.17  20.04  626.76  -0.33  275.23  14.96
66212.0  2.620  -17.960  -24.630  1.49  315.14  20.09  626.79  -0.42  274.81  14.94
66213.0  2.620  -17.930  -24.700  1.49  315.15  20.14  626.75  -0.59  274.29  14.95
66214.0  2.620  -17.870  -24.690  1.50  315.14  20.25  626.82  -0.56  274.36  15.03
66215.0  2.630  -17.780  -24.750  1.51  315.16  20.38  626.78  -0.58  274.32  14.99
66216.0  2.640  -17.660  -24.800  1.52  315.17  20.56  626.77  -0.55  274.03  14.94
66217.0  2.660  -17.540  -24.790  1.54  315.18  20.77  626.78  -0.41  274.70  14.78
66218.0  2.680  -17.400  -24.890  1.56  315.20  20.98  626.90  -0.36  275.33  14.68
66219.0  2.720  -17.240  -24.790  1.58  315.24  21.20  626.91  -0.33  276.33  14.62
66220.0  2.750  -17.110  -24.810  1.60  315.28  21.38  626.88  -0.30  276.65  14.49
66221.0  2.760  -17.010  -24.780  1.61  315.28  21.55  626.97  -0.14  276.66  14.39
66222.0  2.790  -16.900  -24.870  1.63  315.32  21.69  626.95  0.06  275.97  14.34
66223.0  2.800  -16.820  -24.750  1.64  315.34  21.84  626.85  0.16  276.16  14.25
66224.0  2.800  -16.790  -24.750  1.64  315.34  21.89  626.86  0.12  276.35  14.19
66225.0  2.820  -16.770  -24.740  1.64  315.37  21.89  626.84  0.16  276.03  14.17
66226.0  2.870  -16.770  -24.770  1.64  315.43  21.81  626.79  0.23  275.60  14.16
66227.0  2.910  -16.810  -24.800  1.64  315.47  21.68  626.82  0.24  275.20  14.15
66228.0  2.940  -16.870  -24.810  1.63  315.49  21.53  626.89  0.24  274.83  14.15
66229.0  2.910  -16.960  -24.950  1.62  315.46  21.41  626.87  0.31  274.47  14.02
66230.0  2.890  -17.070  -24.970  1.60  315.44  21.25  626.87  0.40  274.48  13.91
66231.0  2.870  -17.200  -24.840  1.58  315.43  21.02  626.84  0.41  273.73  13.77
66232.0  2.820  -17.370  -24.770  1.56  315.37  20.80  626.84  0.38  273.13  13.76
66233.0  2.820  -17.560  -24.880  1.54  315.35  20.48  626.92  0.47  272.98  13.72
66234.0  2.870  -17.750  -24.880  1.51  315.43  20.09  626.82  0.59  272.65  13.86
66235.0  2.980  -17.940  -25.040  1.49  315.56  19.61  626.74  0.63  271.96  13.86
66236.0  3.060  -18.150  -25.090  1.46  315.66  19.15  626.69  0.52  271.57  13.72
66237.0  3.100  -18.360  -25.060  1.44  315.70  18.76  626.72  0.52  271.07  13.68
66238.0  3.110  -18.560  -25.100  1.41  315.73  18.43  626.64  0.40  270.77  13.73
66239.0  3.140  -18.780  -25.120  1.39  315.73  18.05  626.82  0.23  270.52  13.69
66240.0  3.110  -18.990  -25.200  1.36  315.71  17.75  626.80  0.01  271.68  13.65
66241.0  3.080  -19.210  -24.970  1.34  315.68  17.47  626.73  -0.03  272.12  13.63
66242.0  3.020  -19.430  -24.950  1.31  315.62  17.21  626.72  0.07  271.79  13.50
66243.0  2.960  -19.660  -25.010  1.29  315.54  16.95  626.78  0.13  271.63  13.36
66244.0  2.930  -19.880  -24.910  1.26  315.50  16.66  626.80  0.17  271.38  13.36
66245.0  2.930  -20.120  -24.980  1.24  315.49  16.33  626.83  0.07  271.51  13.43
66246.0  2.950  -20.330  -25.040  1.21  315.52  16.01  626.82  -0.16  271.66  13.34
66247.0  2.960  -20.540  -25.030  1.19  315.53  15.71  626.82  -0.28  271.67  13.25
66248.0  2.960  -20.760  -25.030  1.17  315.53  15.42  626.81  -0.38  272.06  13.13
66249.0  2.970  -20.960  -25.100  1.15  315.54  15.14  626.84  -0.47  272.47  13.11
66250.0  2.920  -21.140  -25.040  1.13  315.47  14.96  626.88  -0.46  272.15  13.05
66251.0  2.870  -21.330  -24.860  1.11  315.41  14.77  626.94  -0.31  271.52  13.00
66252.0  2.830  -21.500  -24.940  1.10  315.36  14.58  626.93  -0.20  271.50  13.01
66253.0  2.820  -21.650  -24.970  1.08  315.36  14.41  626.91  -0.08  270.80  12.88
66254.0  2.810  -21.780  -24.920  1.07  315.36  14.26  626.80  0.00  270.52  12.95
66255.0  2.800  -21.870  -24.960  1.06  315.34  14.16  626.88  0.14  270.28  12.88
66256.0  2.790  -21.910  -24.990  1.06  315.32  14.11  626.90  0.20  270.10  12.86
66257.0  2.770  -21.930  -24.880  1.06  315.30  14.10  626.94  0.15  269.64  12.75
66258.0  2.770  -21.890  -24.990  1.06  315.31  14.15  626.84  0.19  270.04  12.72
66259.0  2.770  -21.840  -25.000  1.06  315.33  14.23  626.71  0.29  270.59  12.66
66260.0  2.860  -21.750  -25.080  1.07  315.42  14.25  626.76  0.35  270.07  12.85
66261.0  2.980  -21.600  -24.940  1.09  315.56  14.31  626.76  0.35  270.23  12.85
66262.0  3.100  -21.440  -25.100  1.10  315.71  14.39  626.72  0.38  271.37  12.67
66263.0  3.250  -21.270  -25.250  1.12  315.87  14.44  626.78  0.49  272.74  12.69
66264.0  3.330  -21.090  -25.460  1.14  315.97  14.59  626.71  0.50  273.54  12.64
66265.0  3.350  -20.910  -25.290  1.15  316.00  14.80  626.67  0.48  272.98  12.61
66266.0  3.270  -20.740  -25.140  1.17  315.91  15.10  626.69  0.39  272.71  12.63
66267.0  3.190  -20.570  -25.080  1.19  315.81  15.42  626.69  0.22  272.65  12.61
66268.0  3.170  -20.460  -25.240  1.20  315.79  15.60  626.65  0.12  271.65  12.64
66269.0  3.180  -20.380  -25.130  1.21  315.80  15.69  626.68  0.05  270.01  12.69
66270.0  3.170  -20.320  -25.170  1.21  315.79  15.77  626.71  0.15  269.51  12.73
66271.0  3.170  -20.320  -25.150  1.21  315.79  15.77  626.72  0.16  269.84  12.79
66272.0  3.170  -20.360  -25.260  1.21  315.80  15.71  626.63  0.08  270.39  12.80
66273.0  3.130  -20.450  -25.140  1.20  315.76  15.63  626.63  0.04  270.26  12.82
66274.0  3.070  -20.600  -25.100  1.19  315.68  15.50  626.69  0.05  270.19  12.92
66275.0  3.090  -20.810  -25.180  1.16  315.69  15.21  626.73  0.03  270.20  13.05
66276.0  3.130  -21.060  -25.230  1.14  315.74  14.84  626.72  -0.14  270.47  13.08
66277.0  3.190  -21.350  -25.240  1.11  315.79  14.41  626.81  -0.23  270.96  13.09
66278.0  3.260  -21.660  -25.210  1.08  315.88  13.95  626.81  -0.33  271.55  13.11
66279.0  3.370  -22.010  -25.410  1.05  315.99  13.42  626.89  -0.27  271.91  13.19
66280.0  3.430  -22.400  -25.350  1.01  316.08  12.91  626.80  -0.22  272.12  13.17
66281.0  3.420  -22.790  -25.390  0.98  316.07  12.48  626.76  -0.17  271.86  13.01
66282.0  3.370  -23.200  -25.260  0.94  316.00  12.08  626.80  -0.20  272.15  12.93
66283.0  3.290  -23.630  -25.320  0.91  315.92  11.70  626.71  -0.32  272.67  12.86
66284.0  3.260  -24.040  -25.360  0.88  315.88  11.30  626.78  -0.38  273.20  12.82
66285.0  3.180  -24.430  -25.460  0.85  315.79  10.97  626.80  -0.25  273.46  12.88
66286.0  3.120  -24.830  -25.220  0.82  315.72  10.63  626.86  -0.15  274.10  12.94
66287.0  3.080  -25.230  -25.230  0.79  315.67  10.28  626.84  -0.11  273.90  13.09
66288.0  2.990  -25.610  -25.100  0.76  315.57  9.99  626.87  -0.01  273.53  13.17
66289.0  2.870  -25.980  -24.880  0.73  315.44  9.75  626.74  0.14  272.98  13.01
66290.0  2.810  -26.310  -24.850  0.71  315.36  9.50  626.83  0.29  272.12  12.92
66291.0  2.770  -26.570  -24.930  0.70  315.32  9.30  626.78  0.34  272.17  12.94
66292.0  2.820  -26.750  -25.010  0.68  315.38  9.12  626.77  0.26  272.38  12.84
66293.0  2.920  -26.820  -25.310  0.68  315.51  8.99  626.73  0.04  272.99  12.81
66294.0  2.960  -26.780  -25.310  0.68  315.56  9.00  626.68  -0.13  273.34  12.79
66295.0  2.960  -26.650  -25.240  0.69  315.56  9.11  626.67  -0.11  272.85  12.76
66296.0  2.960  -26.470  -25.200  0.70  315.56  9.26  626.66  -0.14  272.88  12.65
66297.0  3.020  -26.210  -25.530  0.72  315.62  9.44  626.75  -0.21  272.86  12.51
66298.0  3.100  -25.910  -25.220  0.74  315.70  9.65  626.80  -0.37  272.58  12.42
66299.0  3.140  -25.560  -25.300  0.76  315.75  9.93  626.74  -0.43  272.67  12.36
66300.0  3.180  -25.190  -25.220  0.79  315.79  10.24  626.81  -0.37  272.27  12.37
66301.0  3.250  -24.780  -25.270  0.82  315.86  10.57  626.86  -0.27  271.21  12.52
66302.0  3.320  -24.350  -25.380  0.85  315.94  10.94  626.85  -0.23  270.38  12.61
66303.0  3.340  -23.930  -25.470  0.88  315.97  11.34  626.81  -0.19  270.21  12.68
66304.0  3.380  -23.500  -25.370  0.92  315.99  11.75  626.95  -0.13  270.22  12.75
66305.0  3.400  -23.080  -25.340  0.95  316.03  12.18  626.91  -0.04  270.60  12.74
66306.0  3.410  -22.670  -25.320  0.99  316.04  12.62  626.85  -0.13  270.67  12.72
66307.0  3.410  -22.330  -25.290  1.02  316.03  13.02  626.89  -0.30  270.66  12.69
66308.0  3.440  -22.070  -25.270  1.04  316.07  13.28  626.92  -0.40  270.67  12.63
66309.0  3.460  -21.940  -25.390  1.05  316.08  13.42  626.94  -0.41  270.51  12.62
66310.0  3.440  -21.920  -25.350  1.06  316.07  13.46  626.94  -0.40  270.19  12.51
