flight/WP3D/AircraftPos_NP3_20130705_RA.ict
38  1001
Ken Aikin
NOAA ESRL Chemical Sciences Division
various aircraft sensors
SENEX 2013
1  1
2013  07  05  2013  07  05
1
AOCTimewave
5
1  1  1  1  1 
-9999  -9999  -9999  -9999  -9999
GpsLat  deg
GpsLon  deg
GpsAlt  m
PAlt  m
RAlt  m
1
SPECIAL COMMENTS:St. Louis  power plants.
18
PI_CONTACT_INFO: Address: NOAA ESRL Chemical Sciences Division  Mail Stop R/CSD7  325 Broadway  Boulder  CO 80305
PLATFORM: NOAA WP-3D
LOCATION: The aircraft was stationed in Smyrna  Tennessee. Aircraft location information in AircraftPosition file.
ASSOCIATED_DATA: N/A
INSTRUMENT_INFO: N/A
DATA_INFO: Units:GpsLat:decimal degrees; GpsLon: decimal degrees; GpsAlt: meters; PAlt:meters; RAlt: meters.
UNCERTAINTY: N/A
ULOD_FLAG: -7777
ULOD_VALUE: N/A
LLOD_FLAG: -8888
LLOD_VALUE: N/A
DM_CONTACT_INFO: Data Manager:Ken Aikin; email:Kenneth.C.Aikin@noaa.gov
PROJECT_INFO: SENEX 2013 Study; June 1 - July 15  2013
STIPULATIONS_ON_USE: Use of these data require prior ok from PI.
OTHER_COMMENTS:       None
REVISION: RA
RA: Preliminary Data.  For in-field use.
AOCTimewave  GpsLat  GpsLon  GpsAlt  PAlt  RAlt
[from data line 13382]
66942.0  39.3341   -91.0485    709.8    624.0    512.4
66943.0  39.3342   -91.0472    708.6    622.1    516.3
66944.0  39.3342   -91.0459    706.6    620.8    512.2
66945.0  39.3343   -91.0446    704.9    619.3    503.6
66946.0  39.3343   -91.0432    703.4    618.5    496.1
66947.0  39.3344   -91.0419    702.0    615.8    496.6
66948.0  39.3344   -91.0406    700.6    615.0    489.3
66949.0  39.3345   -91.0393    699.4    614.5    490.1
66950.0  39.3345   -91.0379    698.6    613.6    490.7
66951.0  39.3346   -91.0366    698.5    612.5    482.5
66952.0  39.3347   -91.0353    697.4    612.9    476.1
66953.0  39.3347   -91.0340    697.5    613.3    484.2
66954.0  39.3348   -91.0326    698.6    612.8    487.2
66955.0  39.3348   -91.0313    698.6    612.1    487.5
66956.0  39.3349   -91.0300    698.6    610.9    495.2
66957.0  39.3349   -91.0287    698.7    611.9    497.1
66958.0  39.3350   -91.0274    699.8    612.1    503.6
66959.0  39.3351   -91.0260    700.7    611.6    514.0
66960.0  39.3351   -91.0247    701.0    612.9    515.7
66961.0  39.3352   -91.0234    701.0    613.2    520.7
66962.0  39.3352   -91.0221    701.0    614.4    522.8
66963.0  39.3353   -91.0208    702.1    617.0    520.0
66964.0  39.3353   -91.0194    702.3    618.0    522.7
66965.0  39.3354   -91.0181    702.3    617.9    526.8
66966.0  39.3354   -91.0168    702.3    617.7    526.3
66967.0  39.3355   -91.0155    703.4    616.9    515.8
66968.0  39.3355   -91.0142    704.5    618.2    519.9
66969.0  39.3356   -91.0129    704.7    621.0    521.8
66970.0  39.3357   -91.0116    705.5    621.1    525.4
66971.0  39.3357   -91.0103    705.9    621.0    528.6
66972.0  39.3358   -91.0089    706.7    621.2    523.8
66973.0  39.3358   -91.0076    707.1    621.8    521.2
66974.0  39.3359   -91.0063    707.9    622.3    519.8
66975.0  39.3359   -91.0050    708.4    622.3    529.2
66976.0  39.3360   -91.0037    708.4    622.6    534.8
66977.0  39.3360   -91.0024    708.4    621.4    529.2
66978.0  39.3361   -91.0011    708.3    621.5    531.9
66979.0  39.3361   -90.9997    707.1    622.7    527.6
66980.0  39.3362   -90.9984    707.1    621.2    526.5
66981.0  39.3362   -90.9971    707.1    621.5    527.8
66982.0  39.3363   -90.9958    707.1    620.3    538.0
66983.0  39.3363   -90.9944    706.5    620.7    540.3
66984.0  39.3364   -90.9931    705.9    620.3    548.9
66985.0  39.3365   -90.9918    705.2    619.3    551.1
66986.0  39.3365   -90.9905    704.7    618.7    546.9
66987.0  39.3366   -90.9891    703.9    619.0    543.9
66988.0  39.3366   -90.9878    703.5    618.1    536.4
66989.0  39.3367   -90.9865    703.4    619.1    538.0
66990.0  39.3367   -90.9851    702.6    618.8    543.0
66991.0  39.3368   -90.9838    702.3    618.4    544.9
66992.0  39.3369   -90.9825    701.4    616.2    544.8
66993.0  39.3369   -90.9811    701.0    614.3    551.8
66994.0  39.3370   -90.9798    701.0    615.8    552.1
66995.0  39.3370   -90.9785    701.0    614.1    552.6
66996.0  39.3371   -90.9771    701.8    615.1    554.6
66997.0  39.3372   -90.9758    702.3    616.4    556.8
66998.0  39.3372   -90.9745    702.9    616.4    559.0
66999.0  39.3373   -90.9731    703.5    618.1    560.9
67000.0  39.3373   -90.9718    702.4    618.0    562.9
67001.0  39.3374   -90.9705    702.3    618.3    561.0
67002.0  39.3374   -90.9691    701.6    617.7    557.0
67003.0  39.3375   -90.9678    701.0    617.9    546.7
67004.0  39.3376   -90.9665    700.6    617.5    533.7
67005.0  39.3376   -90.9651    699.8    615.9    527.0
67006.0  39.3377   -90.9638    699.8    615.7    520.8
67007.0  39.3377   -90.9625    699.8    615.5    526.2
67008.0  39.3378   -90.9611    699.8    615.2    524.6
67009.0  39.3379   -90.9598    699.8    615.1    509.6
67010.0  39.3379   -90.9585    699.8    614.0    503.9
67011.0  39.3380   -90.9571    699.3    614.6    513.8
67012.0  39.3380   -90.9558    698.9    614.4    523.1
67013.0  39.3381   -90.9545    699.9    615.4    533.5
67014.0  39.3381   -90.9532    701.0    613.4    540.0
67015.0  39.3382   -90.9518    701.0    615.5    546.5
67016.0  39.3382   -90.9505    701.6    616.8    548.2
67017.0  39.3383   -90.9492    702.3    616.4    543.6
67018.0  39.3383   -90.9478    702.3    617.9    540.3
67019.0  39.3383   -90.9465    702.3    617.9    540.9
67020.0  39.3384   -90.9452    702.8    617.4    541.1
67021.0  39.3384   -90.9439    703.5    617.8    540.5
67022.0  39.3384   -90.9425    703.5    617.5    529.5
67023.0  39.3384   -90.9412    703.5    619.2    508.1
67024.0  39.3385   -90.9399    703.5    619.9    495.8
67025.0  39.3385   -90.9386    703.5    618.7    488.3
67026.0  39.3385   -90.9372    703.5    618.8    502.3
67027.0  39.3386   -90.9359    703.0    619.1    515.6
67028.0  39.3386   -90.9346    702.3    618.6    518.5
67029.0  39.3386   -90.9333    702.3    617.8    522.2
67030.0  39.3386   -90.9319    702.3    616.4    526.8
67031.0  39.3386   -90.9306    702.3    617.4    528.5
67032.0  39.3387   -90.9293    702.3    617.1    517.4
67033.0  39.3387   -90.9280    702.3    616.6    508.1
67034.0  39.3387   -90.9266    702.3    616.9    515.2
67035.0  39.3387   -90.9253    702.8    618.0    519.1
67036.0  39.3387   -90.9240    703.5    618.2    516.3
67037.0  39.3387   -90.9227    703.8    617.3    526.2
67038.0  39.3387   -90.9213    704.3    617.9    532.4
67039.0  39.3388   -90.9200    704.7    618.2    534.3
67040.0  39.3388   -90.9187    703.5    617.3    540.3
67041.0  39.3388   -90.9174    703.5    617.8    550.9
67042.0  39.3388   -90.9161    703.5    618.4    554.6
67043.0  39.3388   -90.9147    703.5    620.1    558.9
67044.0  39.3388   -90.9134    703.5    619.4    556.6
67045.0  39.3388   -90.9121    703.5    617.2    546.2
67046.0  39.3388   -90.9108    703.5    617.2    533.7
67047.0  39.3388   -90.9095    703.5    617.6    524.7
67048.0  39.3389   -90.9082    703.5    619.4    537.2
67049.0  39.3389   -90.9068    703.5    620.2    553.9
67050.0  39.3389   -90.9055    704.7    619.6    555.1
67051.0  39.3389   -90.9042    704.7    618.2    546.0
67052.0  39.3389   -90.9029    704.7    618.5    559.2
67053.0  39.3389   -90.9016    705.8    618.9    566.7
67054.0  39.3389   -90.9003    705.9    619.5    566.0
67055.0  39.3389   -90.8989    705.8    619.8    562.2
67056.0  39.3389   -90.8976    704.7    618.4    552.9
67057.0  39.3389   -90.8963    704.6    618.4    554.9
67058.0  39.3390   -90.8950    703.5    618.1    554.9
67059.0  39.3390   -90.8937    702.7    617.0    572.2
67060.0  39.3390   -90.8923    702.2    614.9    578.5
67061.0  39.3390   -90.8910    701.0    615.2    581.4
67062.0  39.3390   -90.8897    701.0    615.8    577.0
67063.0  39.3390   -90.8884    701.0    616.3    573.5
67064.0  39.3390   -90.8871    701.0    616.0    576.4
67065.0  39.3390   -90.8857    701.0    616.5    577.5
67066.0  39.3391   -90.8844    701.0    616.7    574.4
67067.0  39.3391   -90.8831    701.0    615.2    570.0
67068.0  39.3391   -90.8818    700.1    613.8    571.6
67069.0  39.3391   -90.8805    701.0    613.9    572.3
67070.0  39.3391   -90.8792    701.0    615.1    571.2
67071.0  39.3391   -90.8778    701.0    615.8    573.6
67072.0  39.3391   -90.8765    701.6    615.1    571.5
67073.0  39.3391   -90.8752    702.3    615.8    573.5
67074.0  39.3391   -90.8739    702.3    616.2    575.0
67075.0  39.3391   -90.8726    702.3    615.7    570.3
67076.0  39.3391   -90.8712    702.3    615.6    571.5
67077.0  39.3391   -90.8699    703.0    616.5    571.4
67078.0  39.3391   -90.8686    703.5    616.5    573.9
67079.0  39.3391   -90.8673    703.5    616.4    571.7
67080.0  39.3391   -90.8660    703.5    617.0    572.7
67081.0  39.3392   -90.8647    703.5    617.7    571.9
67082.0  39.3392   -90.8633    703.5    617.0    571.3
67083.0  39.3392   -90.8620    702.6    617.4    572.0
67084.0  39.3392   -90.8607    702.3    616.5    570.9
67085.0  39.3391   -90.8594    702.3    615.2    571.4
67086.0  39.3391   -90.8581    702.3    616.6    572.0
67087.0  39.3391   -90.8568    702.9    617.6    571.3
67088.0  39.3391   -90.8554    702.7    616.6    571.2
67089.0  39.3391   -90.8541    702.3    615.9    570.6
67090.0  39.3391   -90.8528    702.3    616.7    568.6
67091.0  39.3391   -90.8515    702.3    617.9    569.2
67092.0  39.3391   -90.8502    702.3    616.9    568.8
67093.0  39.3390   -90.8489    702.3    617.5    569.8
67094.0  39.3390   -90.8475    702.3    617.8    571.7
67095.0  39.3390   -90.8462    702.3    616.2    568.9
67096.0  39.3390   -90.8449    702.3    616.0    570.9
67097.0  39.3389   -90.8436    702.3    616.0    572.3
67098.0  39.3389   -90.8423    702.3    616.3    572.8
67099.0  39.3389   -90.8410    702.3    616.0    570.4
67100.0  39.3388   -90.8397    702.3    616.6    572.5
67101.0  39.3388   -90.8383    702.3    616.5    570.0
67102.0  39.3388   -90.8370    702.3    616.5    572.1
67103.0  39.3388   -90.8357    702.3    616.2    572.9
67104.0  39.3387   -90.8344    702.3    616.6    572.8
67105.0  39.3387   -90.8331    702.3    616.6    572.7
67106.0  39.3387   -90.8318    702.3    616.9    569.9
67107.0  39.3386   -90.8305    702.3    617.2    569.1
67108.0  39.3386   -90.8292    702.3    616.0    571.9
67109.0  39.3386   -90.8279    702.3    616.5    574.2
67110.0  39.3385   -90.8265    702.3    615.2    571.2
67111.0  39.3385   -90.8252    703.4    615.3    571.4
67112.0  39.3385   -90.8239    703.5    615.3    570.9
67113.0  39.3384   -90.8226    703.5    617.2    569.5
67114.0  39.3384   -90.8213    704.7    618.7    571.8
67115.0  39.3384   -90.8200    704.6    618.8    571.8
67116.0  39.3383   -90.8187    703.5    618.7    571.4
67117.0  39.3383   -90.8174    703.5    617.9    573.1
67118.0  39.3383   -90.8161    703.5    618.1    576.8
67119.0  39.3383   -90.8148    703.5    617.4    579.1
67120.0  39.3382   -90.8135    703.5    615.8    577.7
67121.0  39.3382   -90.8121    703.5    614.3    582.0
67122.0  39.3382   -90.8108    703.5    614.5    583.2
67123.0  39.3381   -90.8095    703.5    614.7    582.4
67124.0  39.3381   -90.8082    703.5    614.7    585.0
67125.0  39.3381   -90.8069    703.5    616.2    583.2
67126.0  39.3380   -90.8056    703.5    616.9    582.1
67127.0  39.3380   -90.8043    703.5    616.1    580.6
67128.0  39.3380   -90.8030    704.3    615.9    582.2
67129.0  39.3379   -90.8017    704.7    615.7    583.7
67130.0  39.3379   -90.8004    704.7    616.0    581.3
67131.0  39.3379   -90.7990    704.7    617.2    578.1
67132.0  39.3379   -90.7977    704.7    617.6    576.9
67133.0  39.3378   -90.7964    704.7    617.8    578.1
67134.0  39.3378   -90.7951    704.7    618.8    581.6
67135.0  39.3378   -90.7938    705.8    618.5    587.3
67136.0  39.3377   -90.7925    705.9    618.1    586.5
67137.0  39.3377   -90.7912    705.9    618.9    584.5
67138.0  39.3376   -90.7899    704.7    620.4    581.0
67139.0  39.3376   -90.7886    704.7    620.3    581.0
67140.0  39.3376   -90.7872    704.7    620.2    573.2
67141.0  39.3375   -90.7859    704.7    619.7    573.2
67142.0  39.3375   -90.7846    704.7    619.0    573.4
67143.0  39.3374   -90.7833    704.1    618.3    573.5
67144.0  39.3374   -90.7820    703.5    618.6    572.9
67145.0  39.3373   -90.7807    703.5    617.4    571.3
67146.0  39.3373   -90.7794    703.5    617.3    573.5
67147.0  39.3372   -90.7780    703.5    617.6    571.2
67148.0  39.3372   -90.7767    703.5    616.9    572.0
67149.0  39.3372   -90.7754    703.5    617.3    571.5
67150.0  39.3371   -90.7741    703.5    616.9    564.4
67151.0  39.3371   -90.7728    703.4    617.1    543.2
67152.0  39.3370   -90.7715    702.3    618.0    542.1
67153.0  39.3370   -90.7701    702.3    618.0    539.7
67154.0  39.3370   -90.7688    702.3    618.1    538.4
67155.0  39.3369   -90.7675    702.3    617.5    548.2
67156.0  39.3369   -90.7662    702.3    618.2    537.1
67157.0  39.3368   -90.7649    702.3    617.0    525.9
67158.0  39.3368   -90.7634    702.3    617.2    510.6
67159.0  39.3367   -90.7622    702.3    616.8    501.8
67160.0  39.3367   -90.7609    702.3    616.3    494.0
67161.0  39.3367   -90.7596    702.3    616.3    494.1
67162.0  39.3366   -90.7583    702.3    616.6    503.5
67163.0  39.3366   -90.7570    702.3    616.5    508.3
67164.0  39.3365   -90.7556    702.3    617.0    511.7
67165.0  39.3365   -90.7543    702.3    615.6    521.7
67166.0  39.3364   -90.7530    701.6    615.4    519.9
67167.0  39.3364   -90.7517    701.1    616.0    515.2
67168.0  39.3364   -90.7504    702.3    616.8    521.3
67169.0  39.3363   -90.7490    702.3    616.9    520.3
67170.0  39.3363   -90.7477    702.3    616.0    512.0
67171.0  39.3362   -90.7464    702.3    614.4    506.5
67172.0  39.3362   -90.7451    702.3    614.8    498.4
67173.0  39.3361   -90.7438    702.8    615.1    492.8
67174.0  39.3361   -90.7424    704.2    617.8    489.2
67175.0  39.3361   -90.7411    705.5    620.9    495.3
67176.0  39.3360   -90.7398    706.0    621.3    492.5
67177.0  39.3360   -90.7385    707.1    621.3    496.9
67178.0  39.3359   -90.7371    707.1    622.4    514.0
67179.0  39.3359   -90.7358    707.1    622.0    515.5
67180.0  39.3359   -90.7345    707.1    620.6    517.3
67181.0  39.3358   -90.7332    706.4    621.1    509.0
67182.0  39.3358   -90.7318    705.3    619.3    501.6
67183.0  39.3357   -90.7305    704.2    617.3    498.6
67184.0  39.3357   -90.7292    703.1    616.5    490.9
67185.0  39.3356   -90.7278    701.9    614.9    485.3
67186.0  39.3356   -90.7265    700.7    614.4    484.8
67187.0  39.3355   -90.7252    699.8    613.9    491.2
67188.0  39.3355   -90.7239    699.8    614.4    491.2
67189.0  39.3355   -90.7225    698.6    614.3    491.9
67190.0  39.3354   -90.7212    698.6    613.0    503.8
67191.0  39.3354   -90.7199    698.2    612.0    513.0
67192.0  39.3353   -90.7186    697.4    611.6    513.3
67193.0  39.3353   -90.7172    697.4    611.6    502.5
67194.0  39.3352   -90.7159    697.9    612.3    485.9
67195.0  39.3352   -90.7146    699.1    613.2    476.5
67196.0  39.3351   -90.7132    700.9    614.7    484.8
67197.0  39.3351   -90.7119    702.9    616.1    481.9
67198.0  39.3350   -90.7106    704.6    617.6    483.1
67199.0  39.3350   -90.7093    705.7    620.0    483.4
67200.0  39.3349   -90.7079    706.8    621.3    483.4
67201.0  39.3349   -90.7066    707.1    620.3    484.2
67202.0  39.3348   -90.7053    708.0    622.5    488.9
67203.0  39.3348   -90.7039    708.4    622.7    487.9
67204.0  39.3348   -90.7026    707.0    621.4    487.2
67205.0  39.3347   -90.7013    705.9    622.1    483.0
67206.0  39.3347   -90.6999    705.1    620.7    481.2
67207.0  39.3346   -90.6986    704.0    618.9    485.4
67208.0  39.3346   -90.6973    703.5    618.6    473.7
67209.0  39.3345   -90.6959    703.1    617.3    479.6
67210.0  39.3345   -90.6946    703.5    617.1    483.1
67211.0  39.3344   -90.6932    703.9    618.2    484.9
67212.0  39.3344   -90.6919    704.7    619.4    488.0
67213.0  39.3343   -90.6906    704.7    619.1    493.6
67214.0  39.3343   -90.6892    705.3    618.6    496.4
67215.0  39.3342   -90.6879    706.5    620.6    493.0
67216.0  39.3342   -90.6865    707.1    622.0    498.6
67217.0  39.3341   -90.6852    707.1    621.8    499.3
67218.0  39.3341   -90.6838    707.1    621.4    503.5
67219.0  39.3341   -90.6825    706.4    620.2    505.9
67220.0  39.3340   -90.6811    705.1    620.3    505.3
67221.0  39.3340   -90.6798    703.9    619.9    498.6
67222.0  39.3339   -90.6784    703.5    619.0    502.0
67223.0  39.3339   -90.6771    703.5    619.6    505.0
67224.0  39.3338   -90.6757    703.5    619.4    511.7
67225.0  39.3338   -90.6744    704.1    619.8    515.6
67226.0  39.3337   -90.6730    704.7    618.9    517.4
67227.0  39.3337   -90.6717    704.0    618.3    517.2
67228.0  39.3336   -90.6703    702.8    618.3    514.4
67229.0  39.3336   -90.6690    702.3    617.3    516.4
67230.0  39.3335   -90.6676    701.3    616.6    526.1
67231.0  39.3335   -90.6662    701.0    615.7    528.7
