flight/WP3D/AircraftPos_NP3_20130529_RA.ict
38  1001
Ken Aikin
NOAA ESRL Chemical Sciences Division
various aircraft sensors
SENEX 2013
1  1
2013  05  29  2013  05  29
1
AOCTimewave
5
1  1  1  1  1 
-9999  -9999  -9999  -9999  -9999
GpsLat
GpsLon
GpsAlt
PAlt
RAlt
1
SPECIAL COMMENTS:Lots of AOC data system problems. Large gaps in data.
18
PI_CONTACT_INFO: Address: NOAA ESRL Chemical Sciences Division  Mail Stop R/CSD7  325 Broadway  Boulder  CO 80305
PLATFORM: NOAA WP-3D
LOCATION: The aircraft was stationed in Smyrna  Tennessee. Aircraft location information in AircraftPosition file.
ASSOCIATED_DATA: N/A
INSTRUMENT_INFO: N/A
DATA_INFO: Units:GpsLat:decimal degrees; GpsLon: decimal degrees; GpsAlt: meters; PAlt: meters; RAlt: meters.
UNCERTAINTY: N/A
ULOD_FLAG: -7777
ULOD_VALUE: N/A
LLOD_FLAG: -8888
LLOD_VALUE: N/A
DM_CONTACT_INFO: Data Manager:Ken Aikin; email:Kenneth.C.Aikin@noaa.gov
PROJECT_INFO: SENEX 2013 Study; June 1 - July 15  2013
STIPULATIONS_ON_USE: Use of these data require prior ok from PI.
OTHER_COMMENTS:       None
REVISION: RA
RA: Preliminary Data.  For in-field use.
AOCTimewave  GpsLat  GpsLon  GpsAlt  PAlt  RAlt
[from data line 2037]
77556.0  30.0182   -81.8214   2324.0   2142.3   2328.4
77557.0  30.0193   -81.8209   2314.0   2132.0   2323.7
77558.0  30.0203   -81.8203   2303.4   2122.0   2302.7
77559.0  30.0213   -81.8198   2292.7   2111.5   2297.1
77560.0  30.0224   -81.8192   2282.7   2101.8   2291.0
77561.0  30.0234   -81.8187   2273.2   2093.7   2276.4
77562.0  30.0244   -81.8181   2263.8   2084.2   2255.7
77563.0  30.0254   -81.8176   2254.9   2075.8   2247.6
77564.0  30.0265   -81.8170   2246.3   2068.6   2236.1
77565.0  30.0275   -81.8165   2238.1   2059.4   2216.7
77566.0  30.0285   -81.8159   2231.0   2052.6   2200.1
77567.0  30.0295   -81.8154   2224.4   2046.2   2205.5
77568.0  30.0306   -81.8149   2217.7   2040.9   2196.8
77569.0  30.0316   -81.8144   2210.5   2033.5   2197.2
77570.0  30.0326   -81.8139   2203.2   2026.5   2202.0
77571.0  30.0336   -81.8134   2195.9   2019.6   2204.9
77572.0  30.0347   -81.8129   2188.8   2012.9   2194.3
77573.0  30.0357   -81.8125   2181.9   2004.7   2180.6
77574.0  30.0367   -81.8120   2175.3   1998.8   2179.0
77575.0  30.0378   -81.8116   2168.8   1992.7   2155.7
77576.0  30.0388   -81.8111   2162.6   1986.7   2149.0
77577.0  30.0398   -81.8107   2156.4   1980.6   2137.7
77578.0  30.0408   -81.8102   2150.1   1973.8   2147.1
77579.0  30.0419   -81.8098   2143.9   1968.5   2131.1
77580.0  30.0429   -81.8094   2138.3   1964.0   2134.5
77581.0  30.0439   -81.8090   2132.6   1959.1   2128.7
77582.0  30.0449   -81.8086   2126.2   1951.2   2109.2
77583.0  30.0460   -81.8082   2119.4   1944.6   2100.4
77584.0  30.0470   -81.8078   2112.2   1938.0   2083.1
77585.0  30.0480   -81.8075   2104.8   1930.5   2084.6
77586.0  30.0491   -81.8071   2097.5   1925.0   2086.0
77587.0  30.0501   -81.8067   2090.2   1917.6   2075.2
77588.0  30.0511   -81.8064   2082.5   1909.9   2063.2
77589.0  30.0521   -81.8060   2074.1   1902.5   2055.6
77590.0  30.0531   -81.8057   2065.2   1893.5   2058.3
77591.0  30.0542   -81.8053   2056.3   1884.0   2045.9
77592.0  30.0552   -81.8050   2047.3   1876.3   2034.2
77593.0  30.0562   -81.8047   2038.4   1868.5  -9999.0
77594.0  30.0573   -81.8044   2028.8   1858.7   2022.7
77595.0  30.0583   -81.8040   2019.4   1848.3   2017.0
77596.0  30.0593   -81.8037   2010.9   1839.5   2016.5
77597.0  30.0603   -81.8034   2003.8   1832.4   2016.5
77598.0  30.0614   -81.8031   1998.0   1827.0   2009.3
77599.0  30.0624   -81.8027   1993.1   1823.0   2006.4
77600.0  30.0634   -81.8024   1989.1   1819.2   1989.7
77601.0  30.0644   -81.8020   1985.6   1814.8   1987.4
77602.0  30.0654   -81.8017   1983.1   1811.5   1988.6
77603.0  30.0664   -81.8013   1981.3   1811.3   1992.0
77604.0  30.0673   -81.8009   1979.1   1809.4   1989.2
77605.0  30.0683   -81.8005   1976.8   1806.0   1984.3
77606.0  30.0693   -81.8001   1975.2   1804.8   1975.9
77607.0  30.0702   -81.7997   1975.1   1804.5   1968.9
77608.0  30.0712   -81.7993   1975.1   1804.9   1977.5
77609.0  30.0722   -81.7990   1975.1   1805.6   1977.0
77610.0  30.0731   -81.7985   1976.3   1805.3   1982.0
77611.0  30.0741   -81.7981   1976.3   1807.8   1985.9
77612.0  30.0750   -81.7977   1974.9   1806.2   1994.6
77613.0  30.0760   -81.7973   1973.3   1802.8   1983.6
77614.0  30.0769   -81.7969   1972.7   1802.8   1993.2
77615.0  30.0779   -81.7964   1972.4   1804.5   1988.5
77616.0  30.0788   -81.7960   1970.9   1803.8   1990.8
77617.0  30.0797   -81.7956   1968.7   1800.2   1976.2
77618.0  30.0807   -81.7951   1966.2   1796.6   1966.6
77619.0  30.0816   -81.7947   1964.8   1795.6   1972.1
77620.0  30.0825   -81.7942   1964.1   1793.9   1974.5
77621.0  30.0835   -81.7937   1963.3   1793.2   1967.0
77622.0  30.0844   -81.7933   1963.9   1794.0   1958.1
77623.0  30.0853   -81.7928   1964.1   1796.9   1962.7
77624.0  30.0863   -81.7923   1964.4   1795.0   1979.5
77625.0  30.0872   -81.7918   1965.3   1795.4   1988.3
77626.0  30.0881   -81.7913   1966.4   1797.5   1990.0
77627.0  30.0890   -81.7908   1967.3   1798.5   1990.5
77628.0  30.0899   -81.7904   1967.0   1798.6   1970.4
77629.0  30.0908   -81.7899   1965.4   1797.0   1967.3
77630.0  30.0917   -81.7894   1962.9   1793.7   1966.3
77631.0  30.0927   -81.7889   1960.4   1792.8   1955.6
77632.0  30.0936   -81.7884   1957.6   1789.9   1969.2
77633.0  30.0945   -81.7879   1954.5   1786.2   1963.9
77634.0  30.0954   -81.7874   1951.6   1782.8   1959.9
77635.0  30.0964   -81.7868   1949.2   1780.9   1961.9
77636.0  30.0973   -81.7863   1947.4   1778.6   1960.9
77637.0  30.0982   -81.7858   1945.9   1778.1   1951.8
77638.0  30.0991   -81.7853   1944.3   1777.8   1957.2
77639.0  30.1001   -81.7848   1942.7   1773.2   1946.5
77640.0  30.1010   -81.7843   1941.8   1773.9  -9999.0
77641.0  30.1019   -81.7838   1940.0   1771.7   1944.9
77642.0  30.1028   -81.7832   1938.6   1768.5   1939.8
77643.0  30.1037   -81.7827   1937.5   1768.2   1933.1
77644.0  30.1047   -81.7822   1937.4   1767.6   1944.3
77645.0  30.1056   -81.7816   1938.5   1769.4   1947.3
77646.0  30.1065   -81.7811   1938.5   1770.0   1942.0
77647.0  30.1074   -81.7806   1939.4   1770.7   1938.7
77648.0  30.1083   -81.7801   1941.4   1774.3   1952.3
77649.0  30.1092   -81.7795   1942.2   1773.5   1938.1
77650.0  30.1101   -81.7790   1942.2   1774.1   1935.1
77651.0  30.1110   -81.7785   1942.2   1774.1   1943.9
77652.0  30.1119   -81.7780   1940.8   1774.3   1944.2
77653.0  30.1128   -81.7775   1939.2   1772.8   1942.0
77654.0  30.1138   -81.7770   1937.5   1770.7   1938.4
77655.0  30.1147   -81.7764   1935.3   1768.6   1930.8
77656.0  30.1156   -81.7759   1932.3   1765.9   1934.9
77657.0  30.1165   -81.7754   1928.4   1762.4   1918.0
77658.0  30.1175   -81.7749   1923.2   1757.3   1930.8
77659.0  30.1184   -81.7744   1917.3   1752.7   1901.0
77660.0  30.1193   -81.7739   1911.0   1747.5   1903.8
77661.0  30.1202   -81.7734   1904.0   1739.9   1904.2
77662.0  30.1211   -81.7728   1896.1   1732.5   1892.4
77663.0  30.1220   -81.7723   1887.8   1723.5   1876.3
77664.0  30.1230   -81.7718   1879.5   1715.5   1872.8
77665.0  30.1239   -81.7712   1871.4   1708.0   1881.1
77666.0  30.1248   -81.7707   1862.4   1698.9   1877.9
77667.0  30.1257   -81.7701   1852.8   1689.9   1852.8
77668.0  30.1266   -81.7696   1843.6   1680.4   1842.6
77669.0  30.1275   -81.7690   1834.9   1673.1   1829.0
77670.0  30.1284   -81.7684   1825.9   1665.0   1816.8
77671.0  30.1293   -81.7679   1816.2   1654.8   1808.5
77672.0  30.1302   -81.7673   1806.3   1644.2   1799.2
77673.0  30.1311   -81.7668   1796.8   1636.9   1789.7
77674.0  30.1320   -81.7662   1787.0   1627.2   1781.3
77675.0  30.1329   -81.7656   1777.2   1618.2   1772.3
77676.0  30.1338   -81.7651   1766.7   1608.6   1770.5
77677.0  30.1347   -81.7645   1755.8   1596.7   1756.8
77678.0  30.1356   -81.7640   1744.4   1585.9   1756.9
77679.0  30.1365   -81.7634   1733.3   1575.2   1725.6
77680.0  30.1374   -81.7629   1723.1   1566.1   1709.1
77681.0  30.1383   -81.7623   1713.8   1556.9   1711.3
77682.0  30.1392   -81.7618   1704.9   1548.0   1729.6
77683.0  30.1402   -81.7612   1696.2   1538.5   1697.4
77684.0  30.1411   -81.7607   1687.7   1528.1   1672.5
77685.0  30.1420   -81.7601   1679.6   1520.8   1680.3
77686.0  30.1429   -81.7596   1672.5   1514.9   1678.9
77687.0  30.1438   -81.7590   1665.6   1509.0  -9999.0
77688.0  30.1447   -81.7585   1658.4   1502.8   1652.9
77689.0  30.1456   -81.7580   1650.7   1493.2   1657.4
77690.0  30.1465   -81.7574   1643.9   1486.6   1637.7
77691.0  30.1474   -81.7569   1638.1   1481.9   1627.8
77692.0  30.1483   -81.7564   1632.7   1476.2   1615.4
77693.0  30.1492   -81.7558   1628.0   1469.7   1613.9
77694.0  30.1501   -81.7553   1624.5   1466.5   1609.9
77695.0  30.1510   -81.7547   1622.1   1463.0   1623.5
77696.0  30.1518   -81.7541   1621.0   1462.4   1637.5
77697.0  30.1526   -81.7535   1620.0   1463.3   1652.0
77698.0  30.1534   -81.7528   1618.3   1462.0   1665.7
77699.0  30.1542   -81.7521   1615.6   1459.7   1645.9
77700.0  30.1549   -81.7514   1612.4   1454.5   1633.8
77701.0  30.1555   -81.7505   1609.6   1452.2   1628.3
77702.0  30.1561   -81.7497   1606.8   1450.3   1607.7
77703.0  30.1566   -81.7488   1602.8   1448.3   1595.9
77704.0  30.1571   -81.7478   1598.0   1443.0   1596.5
77705.0  30.1576   -81.7468   1592.3   1440.3   1609.4
77706.0  30.1580   -81.7458   1585.7   1432.5   1604.0
77707.0  30.1583   -81.7448   1578.9   1424.8   1605.7
77708.0  30.1586   -81.7437   1572.1   1418.3   1610.7
77709.0  30.1588   -81.7426   1565.1   1412.9   1571.9
77710.0  30.1589   -81.7415   1557.8   1407.1   1566.9
77711.0  30.1590   -81.7403   1550.3   1398.1   1551.6
77712.0  30.1591   -81.7392   1543.1   1390.6   1555.9
77713.0  30.1590   -81.7381   1536.8   1383.7   1560.7
77714.0  30.1590   -81.7369   1531.3   1377.6   1546.2
77715.0  30.1588   -81.7358   1526.8   1375.4   1538.7
77716.0  30.1586   -81.7347   1522.9   1371.7   1526.0
77717.0  30.1584   -81.7336   1520.2   1369.1   1535.8
77718.0  30.1581   -81.7325   1517.5   1367.8   1522.7
77719.0  30.1579   -81.7314   1513.8   1363.7   1539.2
77720.0  30.1575   -81.7304   1509.6   1361.4   1522.6
77721.0  30.1572   -81.7293   1504.3   1354.1   1527.9
77722.0  30.1568   -81.7283   1498.5   1348.4   1523.4
77723.0  30.1563   -81.7273   1492.8   1344.4   1512.2
77724.0  30.1559   -81.7263   1487.4   1339.5   1500.4
77725.0  30.1554   -81.7253   1481.6   1333.4   1495.1
77726.0  30.1548   -81.7244   1474.8   1326.1  -9999.0
77727.0  30.1543   -81.7235   1468.6   1319.7   1495.5
77728.0  30.1536   -81.7226   1462.9   1315.3   1485.6
77729.0  30.1530   -81.7217   1456.5   1308.4   1478.3
77730.0  30.1523   -81.7209   1449.6   1302.1   1459.5
77731.0  30.1516   -81.7201   1443.4   1296.5   1456.0
77732.0  30.1509   -81.7193   1437.1   1288.8   1443.6
77733.0  30.1502   -81.7186   1431.8   1283.8   1439.1
77734.0  30.1494   -81.7179   1426.8   1279.8   1442.6
77735.0  30.1485   -81.7173   1421.4   1275.1   1437.0
77736.0  30.1477   -81.7167   1416.7   1268.6   1423.6
77737.0  30.1468   -81.7162   1413.0   1265.5   1427.1
77738.0  30.1459   -81.7157   1409.1   1264.8   1413.1
77739.0  30.1450   -81.7152   1404.3   1260.0   1411.6
77740.0  30.1441   -81.7148   1399.0   1254.2   1408.0
77741.0  30.1431   -81.7145   1393.6   1249.7   1404.9
77742.0  30.1422   -81.7141   1387.5   1244.4   1397.4
77743.0  30.1412   -81.7139   1380.8   1236.9   1388.5
77744.0  30.1402   -81.7136   1374.2   1231.7   1383.9
77745.0  30.1392   -81.7134   1367.2   1223.5   1376.2
77746.0  30.1383   -81.7133   1360.0   1217.0   1386.1
77747.0  30.1373   -81.7132   1353.1   1212.4   1380.9
77748.0  30.1362   -81.7131   1345.0   1203.3   1362.0
77749.0  30.1352   -81.7130   1336.7   1193.0   1347.2
77750.0  30.1342   -81.7129   1329.8   1189.3   1337.9
77751.0  30.1332   -81.7129   1322.9   1182.4   1333.6
77752.0  30.1322   -81.7128   1315.3   1174.9   1330.8
77753.0  30.1312   -81.7128   1308.4   1170.0   1318.5
77754.0  30.1302   -81.7128   1299.8   1161.9   1316.5
77755.0  30.1291   -81.7128   1290.7   1153.2   1318.0
77756.0  30.1281   -81.7128   1281.7   1144.0   1299.4
77757.0  30.1271   -81.7127   1272.9   1136.4   1284.2
77758.0  30.1261   -81.7127   1262.8   1126.1   1273.9
77759.0  30.1251   -81.7127   1252.3   1114.4   1260.0
77760.0  30.1240   -81.7126   1242.9   1106.0  -9999.0
77761.0  30.1230   -81.7125   1234.2   1096.0   1253.5
77762.0  30.1220   -81.7124   1225.3   1085.9   1248.4
77763.0  30.1210   -81.7123   1219.2   1080.4   1236.1
77764.0  30.1199   -81.7123   1215.2   1078.6   1238.3
77765.0  30.1189   -81.7122   1211.7   1075.9   1225.6
77766.0  30.1179   -81.7121   1206.7   1069.6   1222.0
77767.0  30.1169   -81.7120   1201.7   1063.1   1215.6
77768.0  30.1159   -81.7120   1196.8   1060.1   1204.5
77769.0  30.1149   -81.7120   1191.4   1055.1   1199.0
77770.0  30.1138   -81.7119   1186.1   1048.9   1192.4
77771.0  30.1128   -81.7119   1180.6   1042.9   1191.0
77772.0  30.1118   -81.7119   1175.7   1038.6   1177.0
77773.0  30.1108   -81.7119   1171.6   1034.5   1171.3
77774.0  30.1098   -81.7119   1167.1   1029.2   1168.4
77775.0  30.1088   -81.7120   1163.0   1026.1   1171.4
77776.0  30.1078   -81.7120   1159.2   1022.8   1172.8
77777.0  30.1068   -81.7120   1155.9   1019.3   1175.8
77778.0  30.1058   -81.7121   1152.6   1018.9   1161.8
77779.0  30.1048   -81.7122   1147.6   1013.4   1155.3
77780.0  30.1038   -81.7123   1141.6   1007.5   1141.0
77781.0  30.1028   -81.7124   1135.8   1000.6   1142.7
77782.0  30.1018   -81.7125   1130.3    993.5   1137.3
77783.0  30.1008   -81.7126   1125.7    989.9   1115.4
77784.0  30.0998   -81.7128   1120.9    985.7   1111.7
77785.0  30.0988   -81.7130   1116.4    981.0   1121.1
77786.0  30.0978   -81.7132   1112.0    980.0   1115.0
77787.0  30.0969   -81.7134   1106.4    974.4   1119.6
77788.0  30.0959   -81.7137   1100.2    968.8   1120.4
77789.0  30.0949   -81.7139   1093.4    959.6   1131.6
77790.0  30.0940   -81.7142   1086.6    951.9  -9999.0
77791.0  30.0930   -81.7144   1080.2    946.5   1103.9
77792.0  30.0920   -81.7147   1073.4    940.1   1120.7
77793.0  30.0911   -81.7150   1066.9    933.6   1080.4
77794.0  30.0901   -81.7153   1060.2    928.7   1051.7
77795.0  30.0892   -81.7156   1053.0    920.6   1056.1
77796.0  30.0882   -81.7159   1046.2    912.3   1039.5
77797.0  30.0873   -81.7162   1040.2    907.9   1048.0
77798.0  30.0863   -81.7165   1034.2    901.7   1036.0
77799.0  30.0854   -81.7168   1028.3    896.9   1021.9
77800.0  30.0844   -81.7172   1022.2    891.1   1021.7
77801.0  30.0835   -81.7175   1015.3    884.9   1005.4
77802.0  30.0826   -81.7179   1008.3    877.7   1004.6
77803.0  30.0816   -81.7182   1001.6    869.1    992.2
77804.0  30.0807   -81.7186    995.5    865.1    990.7
77805.0  30.0798   -81.7190    989.5    858.3    991.5
77806.0  30.0788   -81.7193    983.3    853.6    986.3
77807.0  30.0779   -81.7197    977.3    846.7    979.6
77808.0  30.0770   -81.7201    971.8    840.2    973.9
77809.0  30.0761   -81.7205    966.8    834.9    973.8
77810.0  30.0752   -81.7210    961.8    830.7    959.3
77811.0  30.0743   -81.7214    956.6    826.4    958.0
77812.0  30.0734   -81.7219    950.7    821.2    953.1
77813.0  30.0725   -81.7224    944.2    815.7    944.9
77814.0  30.0717   -81.7229    937.4    808.7    939.4
77815.0  30.0708   -81.7235    930.3    801.2    930.7
77816.0  30.0700   -81.7240    923.0    795.3    924.3
77817.0  30.0691   -81.7246    915.9    788.3    919.3
77818.0  30.0683   -81.7252    909.0    781.7    916.5
77819.0  30.0674   -81.7257    902.6    775.1  -9999.0
77820.0  30.0666   -81.7263    897.1    769.8    914.3
77821.0  30.0657   -81.7269    892.0    765.8    899.9
77822.0  30.0649   -81.7275    886.2    761.4    896.4
77823.0  30.0641   -81.7281    879.5    753.4    886.5
77824.0  30.0633   -81.7287    872.6    746.1    873.8
77825.0  30.0624   -81.7293    866.1    739.9    861.8
77826.0  30.0616   -81.7299    860.3    733.8    855.1
77827.0  30.0608   -81.7305    854.6    729.9    851.1
77828.0  30.0600   -81.7311    848.6    722.9    854.0
77829.0  30.0591   -81.7317    843.0    717.0    844.1
77830.0  30.0583   -81.7323    837.8    712.8    842.4
77831.0  30.0575   -81.7329    832.8    708.3    833.9
77832.0  30.0567   -81.7335    827.5    703.0    834.7
77833.0  30.0559   -81.7341    822.4    697.6    836.2
77834.0  30.0550   -81.7347    817.0    694.3    829.4
77835.0  30.0542   -81.7354    810.8    686.8    821.7
77836.0  30.0534   -81.7360    804.1    679.4    818.5
77837.0  30.0526   -81.7366    797.7    673.1    809.0
77838.0  30.0517   -81.7373    792.0    668.2    798.0
77839.0  30.0509   -81.7379    786.6    662.7    790.5
77840.0  30.0501   -81.7385    781.2    658.9    785.5
77841.0  30.0492   -81.7391    775.8    652.1    781.7
77842.0  30.0484   -81.7398    770.0    646.7    767.5
77843.0  30.0476   -81.7404    764.5    641.9    761.3
77844.0  30.0467   -81.7410    759.1    636.4    760.4
77845.0  30.0459   -81.7417    754.1    632.3    764.1
