flight/WP3D/AircraftMet_NP3_20130619_RA.ict
43  1001
Ken Aikin
NOAA ESRL Chemical Sciences Division
various aircraft sensors
SENEX 2013
1  1
2013  06  19  2013  06  20
1
AOCTimewave
10
1  1  1  1  1  1  1  1  1  1
-9999  -9999  -9999  -9999  -9999  -9999  -9999  -9999  -9999  -9999
AmbTemp  C
DewPtTemp  C
DewPtTempTDL  C
H2Omr  g/kg
PotTemp  K
RelHumidity  pct
StaticPrs  mbar
VertWindSpd  m/s
WindDir  deg
WindSpd  m/s
1
SPECIAL COMMENTS:Flight into night over Atlanta.
18
PI_CONTACT_INFO: Address: NOAA ESRL Chemical Sciences Division  Mail Stop R/CSD7  325 Broadway  Boulder  CO 80305
PLATFORM: NOAA WP-3D
LOCATION: The aircraft was stationed in  Smyrna  Tennessee. Aircraft location information in AircraftPosition file.
ASSOCIATED_DATA: N/A
INSTRUMENT_INFO: N/A
DATA_INFO: Units:AmbTemp celcius; DewPtTemp celcius; DewPtTempTDL celcius; H2Omr g/kg; PotTemp kelvin; RelHumidity percent; StaticPrs millibar; VertWindSpd m/s; WindDir degrees; WindSpd m/s
UNCERTAINTY: N/A
ULOD_FLAG: -7777
ULOD_VALUE: N/A
LLOD_FLAG: -8888
LLOD_VALUE: N/A
DM_CONTACT_INFO: Data Manager:Ken Aikin; email:Kenneth.C.Aikin@noaa.gov
PROJECT_INFO: SENEX 2013 Study; June 1 - July 15  2013
STIPULATIONS_ON_USE: Use of these data require prior ok from PI.
OTHER_COMMENTS:       None
REVISION: RA
RA: Preliminary Data.  For in-field use.
AOCTimewave  AmbTemp  DewPtTemp  DewPtTempTDL  H2Omr  PotTemp  RelHumidity  StaticPrs  VertWindSpd  WindDir  WindSpd
[from data line 19343]
100379.0  20.570  16.230  -31.580  12.71  300.78  75.68  920.16  -0.24  95.45  9.35
100380.0  20.490  16.250  -31.580  12.73  300.70  76.14  920.13  -0.23  95.20  9.36
100381.0  20.550  16.280  -31.580  12.76  300.76  76.06  920.12  -0.29  94.70  9.44
100382.0  20.600  16.310  -31.580  12.78  300.82  75.94  920.01  -0.24  95.33  9.28
100383.0  20.630  16.320  -31.580  12.79  300.85  75.83  920.02  -0.32  95.53  9.13
100384.0  20.680  16.330  -31.580  12.80  300.90  75.67  920.03  -0.37  95.21  9.14
100385.0  20.610  16.330  -31.580  12.80  300.83  75.98  920.01  -0.45  95.78  9.18
100386.0  20.540  16.350  -31.580  12.81  300.77  76.40  919.93  -0.53  96.20  9.27
100387.0  20.490  16.380  -31.580  12.84  300.73  76.80  919.84  -0.55  96.34  9.34
100388.0  20.400  16.420  -31.580  12.87  300.61  77.45  920.08  -0.51  96.49  9.45
100389.0  20.400  16.460  -31.580  12.90  300.60  77.64  920.12  -0.60  96.00  9.46
100390.0  20.400  16.480  -31.580  12.92  300.61  77.72  920.13  -0.67  96.39  9.46
100391.0  20.370  16.490  -31.580  12.93  300.57  77.95  920.12  -0.63  96.49  9.44
100392.0  20.360  16.510  -31.580  12.94  300.55  78.12  920.24  -0.64  97.56  9.48
100393.0  20.360  16.540  -31.580  12.97  300.55  78.26  920.28  -0.70  98.61  9.49
100394.0  20.370  16.570  -31.580  12.99  300.55  78.36  920.37  -0.60  98.03  9.45
100395.0  20.350  16.600  -31.580  13.02  300.54  78.60  920.32  -0.45  97.60  9.49
100396.0  20.350  16.630  -31.580  13.04  300.52  78.77  920.44  -0.43  97.32  9.48
100397.0  20.380  16.640  -31.580  13.04  300.54  78.65  920.63  -0.32  97.51  9.50
100398.0  20.370  16.650  -31.580  13.06  300.53  78.78  920.57  -0.08  97.19  9.37
100399.0  20.360  16.680  -31.580  13.08  300.55  78.95  920.33  0.02  97.08  9.29
100400.0  20.370  16.700  -31.580  13.10  300.56  79.01  920.23  -0.24  96.41  9.17
100401.0  20.360  16.740  -31.580  13.14  300.55  79.28  920.18  -0.18  96.64  9.15
100402.0  20.360  16.760  -31.580  13.15  300.55  79.38  920.23  -0.11  96.32  8.95
100403.0  20.380  16.750  -31.580  13.15  300.58  79.25  920.16  -0.23  96.75  8.86
100404.0  20.380  16.750  -31.580  13.15  300.57  79.25  920.26  -0.19  96.27  8.79
100405.0  20.370  16.730  -31.580  13.13  300.57  79.16  920.22  -0.20  96.28  8.86
100406.0  20.360  16.710  -31.580  13.12  300.57  79.13  920.12  -0.13  97.15  8.73
100407.0  20.380  16.700  -31.580  13.11  300.58  78.98  920.13  -0.17  97.54  8.86
100408.0  20.370  16.690  -31.580  13.09  300.57  78.93  920.23  -0.22  97.68  8.89
100409.0  20.390  16.660  -31.580  13.07  300.58  78.74  920.26  -0.08  96.96  8.86
100410.0  20.370  16.650  -31.580  13.06  300.56  78.78  920.24  0.08  96.51  8.72
100411.0  20.360  16.630  -31.580  13.05  300.58  78.71  920.04  -0.12  95.72  8.54
100412.0  20.370  16.640  -31.580  13.05  300.58  78.70  920.13  -0.30  95.93  8.48
100413.0  20.360  16.630  -31.580  13.04  300.58  78.69  920.02  -0.47  96.72  8.38
100414.0  20.390  16.630  -31.580  13.05  300.61  78.55  919.96  -0.49  95.56  8.54
100415.0  20.390  16.630  -31.580  13.04  300.61  78.53  919.99  -0.36  97.58  8.50
100416.0  20.390  16.610  -31.580  13.03  300.59  78.44  920.22  -0.29  97.38  8.51
100417.0  20.400  16.600  -31.580  13.02  300.60  78.40  920.17  -0.45  94.87  8.49
100418.0  20.400  16.600  -31.580  13.02  300.59  78.38  920.22  -0.56  95.01  8.55
100419.0  20.410  16.610  -31.580  13.02  300.61  78.33  920.17  -0.42  93.25  8.53
100420.0  20.430  16.590  -31.580  13.01  300.63  78.19  920.18  -0.35  93.65  8.64
100421.0  20.430  16.580  -31.580  13.00  300.62  78.14  920.27  -0.31  93.93  8.63
100422.0  20.400  16.570  -31.580  12.99  300.59  78.18  920.34  -0.30  93.61  8.59
100423.0  20.400  16.560  -31.580  12.99  300.59  78.15  920.38  -0.35  93.21  8.63
100424.0  20.410  16.550  -31.580  12.97  300.60  78.04  920.36  -0.19  93.41  8.56
100425.0  20.420  16.550  -31.580  12.97  300.60  77.99  920.40  -0.15  95.48  8.56
100426.0  20.440  16.530  -31.580  12.96  300.62  77.82  920.38  -0.14  97.85  8.71
100427.0  20.430  16.520  -31.580  12.95  300.61  77.81  920.40  -0.03  96.15  8.61
100428.0  20.390  16.510  -31.580  12.94  300.59  77.93  920.22  -0.14  96.42  8.25
100429.0  20.420  16.510  -31.580  12.94  300.63  77.78  920.08  -0.16  94.79  8.26
100430.0  20.460  16.490  -31.580  12.93  300.67  77.51  920.07  -0.22  96.38  8.29
100431.0  20.470  16.480  -31.580  12.92  300.68  77.44  920.06  -0.20  98.20  8.32
100432.0  20.480  16.460  -31.580  12.90  300.69  77.27  920.12  -0.04  98.12  8.40
100433.0  20.460  16.440  -31.580  12.89  300.66  77.25  920.18  -0.13  97.09  8.26
100434.0  20.450  16.420  -31.580  12.87  300.65  77.21  920.20  -0.28  97.88  7.98
100435.0  20.440  16.410  -31.580  12.86  300.63  77.21  920.28  -0.18  96.54  7.86
100436.0  20.460  16.410  -31.580  12.86  300.65  77.09  920.30  -0.22  96.80  8.03
100437.0  20.420  16.420  -31.580  12.87  300.62  77.32  920.22  -0.32  97.20  7.81
100438.0  20.450  16.420  -31.580  12.87  300.66  77.20  920.08  -0.20  98.00  7.63
100439.0  20.440  16.440  -31.580  12.89  300.66  77.34  920.02  -0.12  97.87  7.65
100440.0  20.440  16.450  -31.580  12.90  300.65  77.42  920.13  -0.35  99.26  7.90
100441.0  20.480  16.450  -31.580  12.89  300.68  77.21  920.15  -0.45  98.49  8.15
100442.0  20.470  16.440  -31.580  12.89  300.68  77.22  920.15  -0.50  100.65  8.12
100443.0  20.460  16.450  -31.580  12.90  300.66  77.34  920.20  -0.44  99.42  7.97
100444.0  20.420  16.450  -31.580  12.89  300.62  77.50  920.21  -0.33  97.65  7.54
100445.0  20.490  16.440  -31.580  12.89  300.69  77.11  920.27  -0.24  97.65  7.79
100446.0  20.500  16.440  -31.580  12.88  300.70  77.03  920.24  -0.53  96.83  7.88
100447.0  20.470  16.420  -31.580  12.86  300.65  77.09  920.42  -0.27  96.02  7.93
100448.0  20.510  16.410  -31.580  12.86  300.69  76.89  920.40  -0.41  97.55  7.98
100449.0  20.520  16.420  -31.580  12.86  300.71  76.85  920.31  -0.56  100.49  8.23
100450.0  20.500  16.420  -31.580  12.86  300.69  76.94  920.31  -0.35  97.12  8.38
100451.0  20.500  16.400  -31.580  12.85  300.69  76.86  920.29  -0.50  97.88  8.35
100452.0  20.490  16.380  -31.580  12.84  300.70  76.80  920.13  -0.43  97.85  8.31
100453.0  20.470  16.370  -31.580  12.83  300.69  76.85  919.99  -0.37  97.61  8.20
100454.0  20.490  16.370  -31.580  12.83  300.71  76.75  920.02  -0.36  99.58  8.30
100455.0  20.510  16.350  -31.580  12.82  300.74  76.58  919.87  -0.31  99.52  8.26
100456.0  20.450  16.330  -31.580  12.80  300.70  76.75  919.71  -0.19  96.82  7.97
100457.0  20.470  16.310  -31.580  12.78  300.69  76.56  919.96  -0.13  96.59  7.78
100458.0  20.530  16.320  -31.580  12.79  300.74  76.31  920.11  -0.52  98.63  8.01
100459.0  20.520  16.300  -31.580  12.76  300.73  76.24  920.16  -0.55  98.16  8.15
100460.0  20.520  16.290  -31.580  12.76  300.73  76.19  920.16  -0.37  98.75  8.06
100461.0  20.560  16.280  -31.580  12.75  300.74  75.96  920.44  -0.41  100.12  8.13
100462.0  20.560  16.270  -31.580  12.74  300.74  75.96  920.39  -0.44  98.60  8.02
100463.0  20.540  16.270  -31.580  12.75  300.73  76.05  920.36  -0.24  98.74  7.89
100464.0  20.560  16.280  -31.580  12.75  300.74  75.97  920.46  -0.33  100.24  8.00
100465.0  20.540  16.290  -31.580  12.76  300.73  76.13  920.37  -0.29  102.13  8.00
100466.0  20.540  16.310  -31.580  12.78  300.74  76.23  920.15  -0.37  102.83  7.75
100467.0  20.560  16.320  -31.580  12.78  300.75  76.13  920.43  0.00  101.37  7.99
100468.0  20.590  16.320  -31.580  12.78  300.77  76.06  920.36  -0.11  100.55  7.93
100469.0  20.550  16.320  -31.580  12.78  300.74  76.24  920.29  0.10  100.15  7.82
100470.0  20.590  16.300  -31.580  12.77  300.77  75.95  920.39  -0.06  101.32  8.07
100471.0  20.620  16.290  -31.580  12.76  300.80  75.75  920.47  0.24  100.01  8.19
100472.0  20.610  16.290  -31.580  12.76  300.77  75.82  920.57  0.15  102.96  8.23
100473.0  20.630  16.280  -31.580  12.74  300.79  75.65  920.67  0.01  103.17  8.15
100474.0  20.620  16.260  -31.580  12.73  300.78  75.58  920.71  0.19  103.06  8.27
100475.0  20.630  16.250  -31.580  12.72  300.80  75.48  920.62  0.34  100.54  8.31
100476.0  20.650  16.220  -31.580  12.69  300.78  75.27  920.91  0.42  102.20  8.30
100477.0  20.650  16.190  -31.580  12.67  300.80  75.14  920.72  0.17  102.92  8.25
100478.0  20.640  16.160  -31.580  12.64  300.77  75.00  921.04  0.38  103.63  8.30
100479.0  20.710  16.150  -31.580  12.62  300.79  74.61  921.50  0.35  103.73  8.37
100480.0  20.730  16.130  -31.580  12.60  300.75  74.44  922.15  0.53  103.37  8.41
100481.0  20.870  16.110  -31.580  12.57  300.82  73.69  923.05  0.59  102.10  8.31
100482.0  20.960  16.100  -31.580  12.55  300.81  73.23  924.03  0.55  102.60  8.16
100483.0  20.980  16.090  -31.580  12.53  300.76  73.06  924.89  0.41  103.33  8.12
100484.0  21.090  16.080  -31.580  12.50  300.76  72.53  925.97  0.46  102.78  8.23
100485.0  21.190  16.080  -31.580  12.49  300.78  72.06  927.03  0.32  103.55  8.50
100486.0  21.310  16.060  -31.580  12.47  300.80  71.45  928.03  0.32  103.77  8.51
100487.0  21.410  16.060  -31.580  12.45  300.82  70.99  928.96  0.23  104.65  8.74
100488.0  21.480  16.050  -31.580  12.43  300.82  70.61  929.76  0.22  104.40  8.90
100489.0  21.570  16.070  -31.580  12.43  300.85  70.30  930.46  -0.11  105.41  8.96
100490.0  21.610  16.100  -31.580  12.45  300.83  70.24  931.11  0.03  104.67  8.94
100491.0  21.700  16.100  -31.580  12.44  300.84  69.90  931.96  -0.06  105.47  9.05
100492.0  21.760  16.110  -31.580  12.44  300.86  69.66  932.33  -0.33  107.07  8.94
100493.0  21.800  16.120  -31.580  12.45  300.88  69.54  932.65  -0.25  107.05  8.82
100494.0  21.840  16.130  -31.580  12.45  300.85  69.42  933.44  0.07  107.48  8.54
100495.0  21.890  16.110  -31.580  12.42  300.81  69.09  934.44  0.10  107.14  8.43
100496.0  21.930  16.120  -31.580  12.41  300.76  68.95  935.33  0.11  107.87  8.13
100497.0  22.000  16.130  -31.580  12.41  300.77  68.70  936.07  0.03  107.70  8.14
100498.0  22.090  16.130  -31.580  12.40  300.79  68.35  936.79  0.17  106.22  8.20
100499.0  22.150  16.130  -31.580  12.38  300.78  68.03  937.68  0.16  106.71  8.11
100500.0  22.210  16.120  -31.580  12.37  300.75  67.78  938.62  0.14  105.98  8.09
100501.0  22.270  16.110  -31.580  12.35  300.72  67.48  939.57  0.21  105.67  8.13
100502.0  22.350  16.120  -31.580  12.34  300.72  67.18  940.49  -0.03  104.58  8.14
100503.0  22.430  16.130  -31.580  12.34  300.73  66.90  941.25  -0.13  104.04  7.91
100504.0  22.530  16.150  -31.580  12.35  300.76  66.59  942.02  -0.25  105.23  8.18
100505.0  22.600  16.170  -31.580  12.36  300.79  66.36  942.55  -0.33  105.42  8.23
100506.0  22.660  16.190  -31.580  12.36  300.80  66.18  943.13  -0.28  105.69  8.14
100507.0  22.680  16.210  -31.580  12.37  300.77  66.18  943.63  -0.20  106.21  8.17
100508.0  22.730  16.240  -31.580  12.38  300.76  66.12  944.31  -0.19  105.19  8.19
100509.0  22.760  16.260  -31.580  12.40  300.75  66.07  944.77  -0.21  104.82  8.02
100510.0  22.810  16.300  -31.580  12.42  300.74  66.05  945.34  -0.04  104.76  8.04
100511.0  22.860  16.340  -31.580  12.44  300.73  66.00  946.15  -0.04  105.64  8.08
100512.0  22.900  16.390  -31.580  12.47  300.71  66.03  946.78  -0.17  105.88  8.00
100513.0  22.980  16.410  -31.580  12.48  300.72  65.83  947.51  -0.09  106.06  7.85
100514.0  23.090  16.460  -31.580  12.51  300.75  65.58  948.43  -0.30  107.16  8.07
100515.0  23.120  16.490  -31.580  12.52  300.72  65.59  949.12  -0.29  107.15  7.89
100516.0  23.150  16.500  -31.580  12.53  300.71  65.52  949.59  -0.41  107.62  8.03
100517.0  23.180  16.540  -31.580  12.55  300.69  65.55  950.18  -0.37  107.08  7.93
100518.0  23.210  16.570  -31.580  12.57  300.66  65.54  950.82  -0.13  106.44  7.85
100519.0  23.240  16.600  -31.580  12.58  300.61  65.58  951.66  0.02  107.53  7.76
100520.0  23.340  16.630  -31.580  12.59  300.65  65.25  952.47  0.09  107.80  7.78
100521.0  23.380  16.660  -31.580  12.61  300.62  65.25  953.17  -0.21  108.49  7.75
100522.0  -9999.000  -9999.000  -9999.000  -9999.00  -9999.00  -9999.00  -9999.00  -9999.00  -9999.00  -9999.00
100523.0  -9999.000  -9999.000  -9999.000  -9999.00  -9999.00  -9999.00  -9999.00  -9999.00  -9999.00  -9999.00
100524.0  23.510  16.750  -31.580  12.65  300.57  65.09  955.17  0.01  108.49  7.73
100525.0  23.600  16.780  -31.580  12.67  300.58  64.84  956.17  0.11  110.15  7.77
100526.0  23.700  16.800  -31.580  12.68  300.60  64.58  957.01  0.13  111.30  7.69
100527.0  23.720  16.840  -31.580  12.70  300.55  64.64  957.74  -0.03  112.48  7.69
100528.0  23.780  16.870  -31.580  12.71  300.57  64.52  958.32  -0.12  112.22  7.44
100529.0  23.870  16.900  -31.580  12.73  300.58  64.32  959.12  -0.10  112.16  7.36
100530.0  23.890  16.920  -31.580  12.73  300.53  64.29  959.87  -0.09  112.38  7.50
100531.0  23.960  16.950  -31.580  12.74  300.54  64.11  960.63  0.04  113.67  7.41
100532.0  24.010  16.990  -31.580  12.77  300.53  64.11  961.37  -0.13  114.42  7.46
100533.0  24.030  17.030  -31.580  12.80  300.49  64.21  961.98  -0.12  114.80  7.32
100534.0  24.110  17.070  -31.580  12.81  300.48  64.03  962.98  -0.13  115.33  7.41
100535.0  24.150  17.090  -31.580  12.82  300.46  63.95  963.69  -0.14  116.19  7.57
100536.0  24.230  17.140  -31.580  12.85  300.46  63.86  964.54  -0.38  117.34  7.56
100537.0  24.300  17.180  -31.580  12.88  300.48  63.76  965.14  -0.46  117.28  7.39
100538.0  24.330  17.210  -31.580  12.89  300.44  63.75  965.94  -0.48  118.19  7.49
100539.0  24.370  17.230  -31.580  12.90  300.44  63.68  966.40  -0.50  118.62  7.66
100540.0  24.410  17.270  -31.580  12.92  300.43  63.67  967.00  -0.52  119.38  7.82
100541.0  24.380  17.290  -31.580  12.94  300.39  63.86  967.16  -0.55  119.78  7.83
100542.0  24.410  17.320  -31.580  12.96  300.40  63.87  967.30  -0.54  119.37  7.80
100543.0  24.430  17.340  -31.580  12.98  300.42  63.88  967.33  -0.33  118.70  7.82
100544.0  24.400  17.380  -31.580  13.00  300.35  64.17  967.80  -0.12  118.66  8.02
100545.0  24.370  17.410  -31.580  13.03  300.28  64.45  968.14  0.00  118.24  8.19
100546.0  24.390  17.440  -31.580  13.04  300.22  64.49  969.07  0.28  118.25  8.45
100547.0  24.380  17.480  -31.580  13.07  300.16  64.69  969.61  0.14  118.42  8.82
100548.0  24.400  17.520  -31.580  13.09  300.15  64.75  970.07  0.08  117.99  8.99
100549.0  24.460  17.560  -31.580  13.12  300.15  64.68  970.74  0.09  118.51  8.99
100550.0  24.540  17.600  -31.580  13.14  300.17  64.51  971.40  -0.23  118.87  9.05
100551.0  24.530  17.630  -31.580  13.16  300.14  64.69  971.69  -0.41  118.78  9.05
100552.0  24.590  17.660  -31.580  13.19  300.19  64.58  971.80  -0.52  118.68  9.01
100553.0  24.610  17.700  -31.580  13.22  300.18  64.67  972.05  -0.28  118.51  9.04
100554.0  24.640  17.720  -31.580  13.23  300.19  64.64  972.37  -0.30  118.97  9.04
100555.0  24.650  17.750  -31.580  13.25  300.18  64.71  972.63  -0.38  119.06  8.89
100556.0  24.670  17.800  -31.580  13.29  300.18  64.85  972.71  -0.55  118.93  8.59
100557.0  24.640  17.820  -31.580  13.31  300.15  65.06  972.73  -0.24  118.96  8.52
100558.0  24.750  17.820  -31.580  13.31  300.27  64.60  972.72  -0.19  118.98  8.40
100559.0  24.750  17.830  -31.580  13.32  300.25  64.67  972.82  -0.15  118.26  8.39
100560.0  24.770  17.830  -31.580  13.32  300.27  64.60  972.88  -0.04  118.19  8.51
100561.0  24.750  17.850  -31.580  13.33  300.25  64.71  972.92  -0.10  118.80  8.68
100562.0  24.720  17.840  -31.580  13.33  300.21  64.83  972.99  -0.01  117.67  8.72
100563.0  24.710  17.850  -31.580  13.33  300.19  64.91  973.17  0.10  117.56  8.67
100564.0  24.590  17.850  -31.580  13.33  300.04  65.37  973.51  0.15  117.33  8.73
100565.0  24.690  17.850  -31.580  13.33  300.11  65.02  973.74  0.07  117.12  8.77
100566.0  24.720  17.850  -31.580  13.32  300.12  64.86  974.10  0.01  117.22  8.84
