flight/WP3D/AircraftMet_NP3_20130529_RA.ict
43  1001
Ken Aikin
NOAA ESRL Chemical Sciences Division
various aircraft sensors
SENEX 2013
1  1
2013  05  29  2013  05  29
1
AOCTimewave
10
1  1  1  1  1  1  1  1  1  1
-9999  -9999  -9999  -9999  -9999  -9999  -9999  -9999  -9999  -9999
AmbTemp
DewPtTemp
DewPtTempTDL
H2Omr
PotTemp
RelHumidity
StaticPrs
VertWindSpd
WindDir
WindSpd
1
SPECIAL COMMENTS:Lots of AOC data system problems. Large gaps in data. DewPtTempTDL did not work.
18
PI_CONTACT_INFO: Address: NOAA ESRL Chemical Sciences Division  Mail Stop R/CSD7  325 Broadway  Boulder  CO 80305
PLATFORM: NOAA WP-3D
LOCATION: The aircraft was stationed in  Smyrna  Tennessee. Aircraft location information in AircraftPosition file.
ASSOCIATED_DATA: N/A
INSTRUMENT_INFO: N/A
DATA_INFO: Units:AmbTemp celcius; DewPtTemp celcius; DewPtTempTDL celcius; H2Omr g/kg; PotTemp kelvin; RelHumidity percent; StaticPrs millibar; VertWindSpd m/s; WindDir degrees; WindSpd m/s
UNCERTAINTY: N/A
ULOD_FLAG: -7777
ULOD_VALUE: N/A
LLOD_FLAG: -8888
LLOD_VALUE: N/A
DM_CONTACT_INFO: Data Manager:Ken Aikin; email:Kenneth.C.Aikin@noaa.gov
PROJECT_INFO: SENEX 2013 Study; June 1 - July 15  2013
STIPULATIONS_ON_USE: Use of these data require prior ok from PI.
OTHER_COMMENTS:       None
REVISION: RA
RA: Preliminary Data.  For in-field use.
AOCTimewave  AmbTemp  DewPtTemp  DewPtTempTDL  H2Omr  PotTemp  RelHumidity  StaticPrs  VertWindSpd  WindDir  WindSpd
[from data line 1362]
76881.0  6.400  1.650  -29.260  6.18  309.52  71.37  699.94  0.02  122.94  7.70
76882.0  6.390  1.600  -29.260  6.15  309.50  71.18  699.90  0.13  121.32  7.71
76883.0  6.360  1.550  -29.260  6.13  309.48  71.05  699.88  0.00  119.49  7.40
76884.0  6.350  1.480  -29.260  6.10  309.47  70.71  699.91  -0.09  118.17  7.32
76885.0  6.330  1.440  -29.260  6.08  309.45  70.58  699.87  -0.20  117.31  7.29
76886.0  6.380  1.420  -29.260  6.07  309.51  70.27  699.77  -0.29  115.69  7.44
76887.0  6.440  1.450  -29.260  6.09  309.57  70.17  699.83  -0.47  115.62  7.53
76888.0  6.470  1.550  -29.260  6.13  309.60  70.50  699.85  -0.72  115.19  7.49
76889.0  6.440  1.610  -29.260  6.16  309.58  70.92  699.79  -0.72  112.09  7.44
76890.0  6.540  1.590  -29.260  6.15  309.68  70.34  699.84  -0.96  111.89  7.45
76891.0  6.640  1.630  -29.260  6.16  309.78  70.04  699.90  -0.94  111.32  7.23
76892.0  6.740  1.760  -29.260  6.22  309.89  70.22  699.95  -0.77  111.44  7.15
76893.0  6.790  1.900  -29.260  6.29  309.95  70.71  699.93  -0.70  111.50  7.14
76894.0  6.750  2.010  -29.260  6.34  309.91  71.48  699.86  -0.77  111.34  7.47
76895.0  6.800  2.080  -29.260  6.37  309.96  71.60  699.85  -0.78  111.17  7.57
76896.0  6.770  2.130  -29.260  6.39  309.93  71.95  699.88  -0.39  110.46  7.48
76897.0  6.740  2.150  -29.260  6.40  309.89  72.25  699.91  -0.28  111.90  7.77
76898.0  6.680  2.190  -29.260  6.42  309.82  72.78  699.95  -0.53  113.09  7.77
76899.0  6.650  2.230  -29.260  6.44  309.78  73.12  700.01  -0.64  113.10  7.72
76900.0  6.560  2.280  -29.260  6.46  309.70  73.81  699.92  -0.74  108.84  7.54
76901.0  6.560  2.330  -29.260  6.48  309.69  74.07  699.91  -0.65  106.35  7.41
76902.0  6.660  2.330  -29.260  6.49  309.80  73.61  699.90  -0.57  107.10  7.40
76903.0  6.620  2.260  -29.260  6.45  309.78  73.42  699.78  -0.75  106.37  7.18
76904.0  6.600  2.190  -29.260  6.42  309.77  73.13  699.67  -0.64  106.36  7.19
76905.0  6.590  2.150  -29.260  6.40  309.75  72.98  699.76  -0.44  107.37  7.25
76906.0  6.620  2.140  -29.260  6.40  309.78  72.81  699.74  -0.27  106.00  7.17
76907.0  6.670  2.090  -29.260  6.38  309.83  72.29  699.82  -0.31  107.32  7.05
76908.0  6.770  2.020  -29.260  6.34  309.94  71.45  699.79  -0.45  108.97  7.15
76909.0  6.810  1.950  -29.260  6.31  310.00  70.82  699.70  -0.36  110.35  6.99
76910.0  6.890  1.880  -29.260  6.28  310.10  70.07  699.63  -0.24  110.87  6.92
76911.0  6.940  1.800  -29.260  6.24  310.14  69.45  699.74  -0.33  111.07  6.97
76912.0  7.030  1.750  -29.260  6.22  310.23  68.78  699.80  -0.38  111.78  6.91
76913.0  7.030  1.680  -29.260  6.19  310.24  68.41  699.72  -0.24  113.02  6.94
76914.0  6.950  1.620  -29.260  6.16  310.14  68.55  699.77  -0.12  111.36  6.74
76915.0  6.910  1.550  -29.260  6.13  310.11  68.34  699.69  -0.15  109.42  6.46
76916.0  6.870  1.480  -29.260  6.10  310.07  68.21  699.69  -0.14  109.70  6.34
76917.0  6.820  1.430  -29.260  6.08  310.01  68.21  699.72  0.04  112.85  5.90
76918.0  6.770  1.420  -29.260  6.07  309.96  68.35  699.73  -0.08  112.80  5.55
76919.0  6.680  1.440  -29.260  6.08  309.86  68.91  699.68  0.05  111.85  5.48
76920.0  6.710  1.500  -29.260  6.11  309.89  69.06  699.69  0.20  113.76  5.52
76921.0  6.660  1.570  -29.260  6.14  309.84  69.63  699.69  0.00  113.80  5.96
76922.0  6.620  1.610  -29.260  6.16  309.78  70.05  699.75  0.25  112.13  6.30
76923.0  6.600  1.640  -29.260  6.17  309.77  70.31  699.67  0.57  112.29  6.32
76924.0  6.590  1.680  -29.260  6.19  309.76  70.58  699.70  0.81  113.97  6.32
76925.0  6.580  1.710  -29.260  6.20  309.75  70.77  699.69  0.94  114.39  6.36
76926.0  6.610  1.760  -29.260  6.23  309.77  70.90  699.73  0.94  114.36  6.59
76927.0  6.590  1.780  -29.260  6.24  309.75  71.09  699.72  0.76  113.79  6.51
76928.0  6.580  1.780  -29.260  6.24  309.73  71.16  699.75  0.52  114.55  6.64
76929.0  6.570  1.790  -29.260  6.24  309.73  71.18  699.74  0.07  115.05  6.69
76930.0  6.560  1.810  -29.260  6.25  309.71  71.37  699.75  -0.39  115.52  6.90
76931.0  6.540  1.810  -29.260  6.25  309.68  71.45  699.91  -0.66  116.82  6.94
76932.0  6.550  1.810  -29.260  6.24  309.68  71.42  699.92  -0.80  116.91  7.03
76933.0  6.510  1.800  -29.260  6.24  309.66  71.57  699.81  -0.84  115.25  7.30
76934.0  6.480  1.790  -29.260  6.24  309.62  71.69  699.83  -0.81  116.24  7.41
76935.0  6.480  1.750  -29.260  6.22  309.60  71.47  699.90  -0.39  117.43  7.59
76936.0  6.520  1.730  -29.260  6.21  309.65  71.18  699.86  -0.48  117.86  7.58
76937.0  6.580  1.730  -29.260  6.21  309.72  70.90  699.86  -0.37  117.61  7.25
76938.0  6.550  1.710  -29.260  6.20  309.70  70.91  699.79  -0.13  115.46  7.31
76939.0  6.570  1.720  -29.260  6.20  309.73  70.83  699.74  0.29  105.44  6.84
76940.0  6.850  1.750  -29.260  6.22  310.02  69.67  699.84  0.81  109.38  6.85
76941.0  6.530  1.760  -29.260  6.22  309.68  71.23  699.77  0.17  109.36  8.20
76942.0  6.240  1.760  -29.260  6.23  309.35  72.76  699.81  0.81  109.16  7.65
76943.0  6.140  1.820  -29.260  6.25  309.25  73.57  699.76  2.09  111.68  6.95
76944.0  5.960  1.920  -29.260  6.30  309.06  75.06  699.62  2.23  112.96  6.24
76945.0  6.110  2.050  -29.260  6.36  309.24  74.95  699.54  2.96  114.16  6.40
76946.0  6.730  2.200  -29.260  6.43  309.95  72.51  699.40  2.07  124.72  6.51
76947.0  6.710  2.330  -29.260  6.49  309.93  73.35  699.36  1.80  115.77  5.94
76948.0  6.770  2.370  -29.260  6.51  309.99  73.24  699.37  0.78  116.05  5.42
76949.0  6.030  2.340  -29.260  6.49  309.16  76.97  699.49  1.62  110.37  6.05
76950.0  5.610  2.350  -29.260  6.50  308.72  79.29  699.30  -0.77  113.95  8.60
76951.0  5.680  2.380  -29.260  6.51  308.77  79.09  699.50  -0.99  121.62  9.30
76952.0  5.760  2.470  -29.260  6.55  308.85  79.13  699.62  -0.92  121.41  8.57
76953.0  5.500  2.600  -29.260  6.61  308.54  81.35  699.75  -1.17  109.76  8.88
76954.0  5.370  2.770  -29.260  6.70  308.39  83.14  699.83  -0.27  110.13  8.49
76955.0  5.160  2.990  -29.260  6.80  308.15  85.75  699.86  0.31  103.09  6.65
76956.0  5.190  3.230  -29.260  6.92  308.18  87.07  699.86  1.13  112.70  8.48
76957.0  5.160  3.460  -29.260  7.03  308.15  88.68  699.77  0.62  116.16  7.74
76958.0  5.500  3.650  -29.260  7.13  308.53  87.73  699.78  0.53  121.43  6.85
76959.0  5.520  3.740  -29.260  7.17  308.56  88.14  699.73  0.16  117.78  7.59
76960.0  5.700  3.730  -29.260  7.17  308.77  87.01  699.58  -0.66  121.17  9.14
76961.0  5.740  3.680  -29.260  7.15  308.80  86.47  699.73  -0.89  124.01  8.18
76962.0  5.680  3.650  -29.260  7.13  308.73  86.63  699.73  -0.75  124.99  8.41
76963.0  5.700  3.680  -29.260  7.14  308.75  86.64  699.83  -0.40  119.84  8.73
76964.0  5.910  3.780  -29.260  7.19  308.96  86.06  699.93  -0.70  121.09  8.48
76965.0  5.970  3.900  -29.260  7.25  309.04  86.38  699.89  -0.53  122.85  8.44
76966.0  5.970  3.960  -29.260  7.29  309.03  86.80  699.93  -0.56  123.53  8.53
76967.0  5.990  3.990  -29.260  7.30  309.05  86.83  699.95  -0.50  123.70  8.07
76968.0  6.020  4.000  -29.260  7.30  309.07  86.72  700.00  -0.60  127.82  8.04
76969.0  5.950  3.920  -29.260  7.26  309.00  86.64  700.00  0.02  128.65  8.20
76970.0  5.840  3.780  -29.260  7.20  308.89  86.50  699.91  -0.28  131.19  8.14
76971.0  5.730  3.620  -29.260  7.11  308.75  86.15  700.01  0.29  130.67  7.86
76972.0  5.730  3.410  -29.260  7.01  308.77  84.85  699.91  -0.12  132.60  7.86
76973.0  5.810  3.270  -29.260  6.94  308.85  83.57  699.98  -0.32  133.64  8.61
76974.0  5.740  3.160  -29.260  6.88  308.80  83.27  699.83  -0.02  127.22  8.73
76975.0  5.890  3.100  -29.260  6.85  308.96  82.05  699.82  -0.39  124.70  8.46
76976.0  5.940  3.110  -29.260  6.86  309.02  81.81  699.77  -0.15  124.90  8.49
76977.0  6.060  3.150  -29.260  6.88  309.15  81.40  699.74  -0.74  128.21  7.92
76978.0  6.200  3.150  -29.260  6.88  309.31  80.58  699.73  -0.01  133.26  8.16
76979.0  6.200  3.110  -29.260  6.86  309.31  80.38  699.75  0.31  132.63  7.70
76980.0  6.280  3.050  -29.260  6.83  309.40  79.55  699.77  0.35  133.54  7.91
76981.0  6.160  3.030  -29.260  6.82  309.27  80.12  699.73  0.21  129.83  8.17
76982.0  6.030  3.050  -29.260  6.83  309.13  81.02  699.65  -0.01  130.08  7.78
76983.0  5.950  3.080  -29.260  6.84  309.04  81.59  699.71  -0.05  129.67  7.61
76984.0  5.800  3.100  -29.260  6.86  308.89  82.59  699.57  0.47  124.88  8.12
76985.0  5.670  3.130  -29.260  6.87  308.77  83.50  699.48  0.30  117.40  6.88
76986.0  5.690  3.200  -29.260  6.91  308.78  83.84  699.45  -0.13  114.04  7.56
76987.0  5.750  3.220  -29.260  6.92  308.85  83.60  699.46  -0.18  117.95  8.03
76988.0  5.800  3.190  -29.260  6.90  308.90  83.12  699.52  -0.30  122.30  8.14
76989.0  5.690  3.140  -29.260  6.88  308.77  83.50  699.55  -0.20  122.63  7.56
76990.0  5.590  3.130  -29.260  6.87  308.64  84.01  699.72  -0.19  121.41  7.60
76991.0  5.560  3.130  -29.260  6.87  308.61  84.14  699.75  -0.33  122.41  7.51
76992.0  5.580  3.110  -29.260  6.86  308.62  83.91  699.79  -0.52  123.77  7.66
76993.0  5.620  3.130  -29.260  6.87  308.66  83.84  699.80  -0.46  123.96  7.33
76994.0  5.820  3.170  -29.260  6.89  308.88  82.84  699.87  -0.05  125.25  7.32
76995.0  5.870  3.240  -29.260  6.92  308.94  82.96  699.83  0.09  121.09  7.15
76996.0  6.010  3.300  -29.260  6.95  309.11  82.55  699.73  -0.08  120.17  6.91
76997.0  6.040  3.350  -29.260  6.97  309.12  82.64  699.87  0.05  119.29  6.58
76998.0  5.960  3.350  -29.260  6.98  309.04  83.11  699.83  0.14  117.57  6.39
76999.0  5.870  3.370  -29.260  6.98  308.93  83.75  699.91  0.37  115.35  6.40
77000.0  5.860  3.360  -29.260  6.98  308.92  83.76  699.89  0.43  116.37  6.06
77001.0  5.860  3.350  -29.260  6.98  308.92  83.72  699.89  0.35  117.25  5.87
77002.0  5.780  3.310  -29.260  6.96  308.84  83.94  699.85  -0.09  116.64  5.73
77003.0  5.780  3.290  -29.260  6.95  308.82  83.87  699.91  0.10  117.89  5.56
77004.0  5.790  3.330  -29.260  6.96  308.84  83.97  699.90  -0.22  119.35  5.49
77005.0  5.780  3.400  -29.260  7.00  308.83  84.47  699.84  -0.55  117.23  5.25
77006.0  5.810  3.420  -29.260  7.01  308.88  84.44  699.81  -0.82  115.05  5.06
77007.0  5.840  3.470  -29.260  7.03  308.89  84.54  699.88  -0.65  115.78  4.76
77008.0  5.780  3.500  -29.260  7.05  308.82  85.11  700.03  0.12  114.73  4.92
77009.0  5.850  3.480  -29.260  7.04  308.89  84.56  700.04  0.24  117.66  4.38
77010.0  5.920  3.430  -29.260  7.01  308.96  83.84  700.06  -0.10  118.20  4.10
77011.0  6.100  3.360  -29.260  6.98  309.16  82.38  700.07  0.06  124.75  3.84
77012.0  6.260  3.290  -29.260  6.94  309.33  81.04  700.14  0.50  128.33  3.77
77013.0  6.300  3.240  -29.260  6.92  309.36  80.56  700.23  0.49  130.94  4.31
77014.0  6.340  3.210  -29.260  6.90  309.40  80.14  700.29  0.93  133.15  4.67
77015.0  6.150  3.180  -29.260  6.89  309.20  81.09  700.20  -0.06  131.75  5.43
77016.0  6.060  3.140  -29.260  6.87  309.10  81.34  700.21  -0.97  125.36  6.92
77017.0  5.790  3.140  -29.260  6.87  308.79  82.93  700.27  -1.78  130.43  6.44
77018.0  5.800  3.180  -29.260  6.89  308.78  83.05  700.49  -2.53  125.32  8.47
77019.0  5.690  3.260  -29.260  6.92  308.63  84.18  700.63  -1.20  127.15  7.83
77020.0  5.540  3.340  -29.260  6.96  308.46  85.58  700.72  -0.63  124.96  9.26
77021.0  5.490  3.400  -29.260  6.99  308.41  86.21  700.66  -0.93  120.06  11.33
77022.0  5.430  3.490  -29.260  7.04  308.36  87.14  700.59  -3.27  119.19  9.16
77023.0  5.530  3.550  -29.260  7.07  308.45  86.92  700.72  -4.84  123.08  9.58
77024.0  5.550  3.650  -29.260  7.12  308.43  87.45  701.02  -3.26  129.99  9.88
77025.0  5.360  3.750  -29.260  7.17  308.24  89.23  700.82  -3.67  122.39  8.74
77026.0  5.440  3.890  -29.260  7.24  308.30  89.57  701.13  -0.39  126.65  7.99
77027.0  5.380  3.980  -29.260  7.28  308.22  90.59  701.15  -1.46  126.58  5.95
77028.0  5.610  4.020  -29.260  7.30  308.49  89.37  701.05  -2.60  141.53  6.80
77029.0  6.020  4.100  -29.260  7.35  308.95  87.34  700.98  -0.21  145.27  8.24
77030.0  5.850  4.240  -29.260  7.42  308.78  89.27  700.87  0.22  136.16  9.18
77031.0  5.840  4.330  -29.260  7.47  308.78  89.90  700.72  -0.48  128.49  9.01
77032.0  5.790  4.320  -29.260  7.47  308.76  90.11  700.55  -0.18  130.89  9.12
77033.0  5.690  4.260  -29.260  7.44  308.68  90.39  700.25  -0.20  131.51  8.49
77034.0  5.830  4.190  -29.260  7.40  308.86  89.08  700.07  -0.30  128.63  8.55
77035.0  5.970  4.110  -29.260  7.36  309.03  87.70  699.97  -0.43  127.68  8.42
77036.0  6.080  3.980  -29.260  7.29  309.16  86.19  699.93  -0.23  127.40  8.77
77037.0  6.230  3.790  -29.260  7.20  309.32  84.20  699.93  -0.29  127.74  8.86
77038.0  6.350  3.550  -29.260  7.07  309.47  82.03  699.83  -0.45  128.68  8.83
77039.0  6.500  3.280  -29.260  6.94  309.63  79.68  699.81  -0.52  130.33  8.95
77040.0  6.490  3.010  -29.260  6.81  309.63  78.18  699.79  -0.08  129.30  8.79
77041.0  6.430  2.740  -29.260  6.68  309.55  77.03  699.85  0.16  125.02  8.22
77042.0  6.500  2.480  -29.260  6.55  309.64  75.21  699.85  -0.36  125.55  8.10
77043.0  6.530  2.230  -29.260  6.44  309.67  73.74  699.85  -0.13  126.54  8.21
77044.0  6.530  2.020  -29.260  6.34  309.68  72.61  699.76  -0.19  129.34  8.31
77045.0  6.390  1.790  -29.260  6.24  309.52  72.13  699.77  -0.93  126.41  8.73
77046.0  6.350  1.520  -29.260  6.12  309.45  70.94  700.04  -0.90  127.03  8.49
77047.0  6.280  1.320  -29.260  6.03  309.37  70.24  700.03  -0.95  129.50  8.39
77048.0  6.270  1.190  -29.260  5.97  309.36  69.67  700.02  -0.90  130.40  8.87
77049.0  6.240  1.070  -29.260  5.92  309.33  69.17  700.06  -0.79  130.44  8.30
77050.0  6.260  0.930  -29.260  5.86  309.34  68.43  700.07  -0.74  131.75  8.09
77051.0  6.240  0.750  -29.260  5.78  309.32  67.59  700.13  -0.69  132.39  8.05
77052.0  6.240  0.610  -29.260  5.72  309.31  66.93  700.14  -0.78  130.34  7.93
77053.0  6.160  0.550  -29.260  5.70  309.23  66.99  700.08  -0.56  129.86  7.94
77054.0  6.130  0.560  -29.260  5.70  309.20  67.17  700.10  -0.53  129.82  8.03
77055.0  6.120  0.550  -29.260  5.70  309.18  67.17  700.17  -0.40  129.51  8.11
77056.0  6.120  0.530  -29.260  5.69  309.17  67.07  700.25  -0.40  128.94  8.08
77057.0  6.110  0.500  -29.260  5.68  309.16  66.99  700.21  -0.59  128.32  8.07
77058.0  6.110  0.450  -29.260  5.66  309.15  66.76  700.26  -0.50  128.31  8.06
77059.0  6.100  0.400  -29.260  5.63  309.13  66.55  700.33  -0.51  127.87  8.11
77060.0  6.080  0.370  -29.260  5.62  309.12  66.48  700.33  -0.63  127.96  8.22
77061.0  6.090  0.310  -29.260  5.60  309.14  66.15  700.26  -0.56  126.86  8.38
77062.0  6.140  0.250  -29.260  5.57  309.20  65.64  700.19  -0.46  126.64  8.36
77063.0  6.140  0.210  -29.260  5.56  309.21  65.41  700.13  -0.54  126.20  8.28
77064.0  6.120  0.180  -29.260  5.55  309.19  65.40  700.10  -0.62  125.61  8.14
77065.0  6.120  0.180  -29.260  5.55  309.19  65.40  700.05  -0.59  125.25  8.10
77066.0  6.150  0.190  -29.260  5.55  309.22  65.31  700.10  -0.62  126.62  8.00
77067.0  6.110  0.190  -29.260  5.55  309.19  65.47  700.02  -0.78  126.44  7.98
77068.0  6.190  0.170  -29.260  5.54  309.28  65.02  699.99  -1.01  126.75  8.02
77069.0  6.230  0.170  -29.260  5.54  309.32  64.84  700.01  -0.69  128.78  7.82
77070.0  6.180  0.180  -29.260  5.55  309.26  65.09  700.09  -1.01  129.38  8.02
77071.0  6.260  0.210  -29.260  5.56  309.34  64.87  700.14  -1.16  129.43  8.27
77072.0  6.300  0.260  -29.260  5.58  309.39  64.92  700.07  -1.15  129.29  8.24
77073.0  6.370  0.300  -29.260  5.60  309.46  64.84  700.14  -1.10  129.35  8.09
77074.0  6.450  0.360  -29.260  5.62  309.54  64.73  700.15  -0.96  129.25  7.76
77075.0  6.490  0.400  -29.260  5.64  309.60  64.74  700.08  -0.72  128.10  7.46
77076.0  6.570  0.450  -29.260  5.66  309.69  64.62  700.03  -0.48  124.90  7.09
77077.0  6.580  0.510  -29.260  5.68  309.71  64.88  700.04  -0.18  120.25  6.77
