flight/WP3D/AircraftPos_NP3_20130703_RA.ict
39  1001
Ken Aikin
NOAA ESRL Chemical Sciences Division
various aircraft sensors
SENEX 2013
1  1
2013  07  03  2013  07  03
1
AOCTimewave
5
1  1  1  1  1 
-9999  -9999  -9999  -9999  -9999
GpsLat  deg
GpsLon  deg
GpsAlt  m
PAlt  m
RAlt  m
1
SPECIAL COMMENTS:AR  MO power plants  night flight.
19
PI_CONTACT_INFO: Address: NOAA ESRL Chemical Sciences Division  Mail Stop R/CSD7  325 Broadway  Boulder  CO 80305
PLATFORM: NOAA WP-3D
LOCATION: The aircraft was stationed in Smyrna  Tennessee. Aircraft location information in AircraftPosition file.
ASSOCIATED_DATA: N/A
INSTRUMENT_INFO: N/A
DATA_INFO: Units:GpsLat:decimal degrees; GpsLon: decimal degrees; GpsAlt: meters; PAlt:meters; RAlt: meters.
UNCERTAINTY: N/A
ULOD_FLAG: -7777
ULOD_VALUE: N/A
LLOD_FLAG: -8888
LLOD_VALUE: N/A
DM_CONTACT_INFO: Data Manager:Ken Aikin; email:Kenneth.C.Aikin@noaa.gov
PROJECT_INFO: SENEX 2013 Study; June 1 - July 15  2013
STIPULATIONS_ON_USE: Use of these data require prior ok from PI.
OTHER_COMMENTS:       None
REVISION: RA
RB: Correct time. RA was off by one day. No change to data.
RA: Preliminary Data.  For in-field use.
AOCTimewave  GpsLat  GpsLon  GpsAlt  PAlt  RAlt
[from data line 8437]
11836.0  35.9712   -89.0804    697.4    631.7    599.5
11837.0  35.9712   -89.0816    697.4    631.2    600.7
11838.0  35.9711   -89.0829    697.4    630.8    592.8
11839.0  35.9711   -89.0842    697.4    629.7    598.3
11840.0  35.9710   -89.0854    697.4    630.1    595.6
11841.0  35.9710   -89.0867    697.4    630.1    600.0
11842.0  35.9709   -89.0880    697.4    630.2    604.0
11843.0  35.9709   -89.0892    697.4    630.2    601.9
11844.0  35.9708   -89.0905    697.4    630.2    607.2
11845.0  35.9708   -89.0917    697.4    629.9    606.3
11846.0  35.9707   -89.0930    697.4    631.0    605.2
11847.0  35.9707   -89.0943    697.4    632.2    606.9
11848.0  35.9706   -89.0955    697.4    631.8    607.3
11849.0  35.9706   -89.0968    697.4    630.9    597.3
11850.0  35.9705   -89.0981    697.4    630.8    604.1
11851.0  35.9705   -89.0993    697.4    630.9    598.8
11852.0  35.9704   -89.1006    697.4    630.8    601.2
11853.0  35.9704   -89.1019    697.4    631.5    598.1
11854.0  35.9703   -89.1031    697.4    631.1    597.7
11855.0  35.9703   -89.1044    697.4    631.7    597.3
11856.0  35.9702   -89.1057    697.4    632.1    603.6
11857.0  35.9702   -89.1069    697.4    633.6    608.5
11858.0  35.9701   -89.1082    697.4    632.3    611.9
11859.0  35.9701   -89.1095    697.4    631.7    603.7
11860.0  35.9700   -89.1107    697.4    631.5    600.0
11861.0  35.9700   -89.1120    697.4    630.9    610.5
11862.0  35.9699   -89.1133    697.4    630.4    609.7
11863.0  35.9699   -89.1145    697.4    630.6    606.9
11864.0  35.9698   -89.1158    697.4    629.3    616.1
11865.0  35.9698   -89.1171    697.4    630.6    615.7
11866.0  35.9697   -89.1183    697.4    631.9    617.1
11867.0  35.9697   -89.1196    697.4    631.2    616.9
11868.0  35.9696   -89.1209    697.4    632.2    610.7
11869.0  35.9696   -89.1221    697.4    633.5    613.6
11870.0  35.9695   -89.1234    697.4    632.8    614.0
11871.0  35.9694   -89.1247    697.4    632.2    614.2
11872.0  35.9694   -89.1259    697.7    632.2    617.3
11873.0  35.9693   -89.1272    698.6    632.8    616.1
11874.0  35.9693   -89.1285    698.6    633.5    618.9
11875.0  35.9692   -89.1297    698.6    634.5    615.8
11876.0  35.9692   -89.1310    698.6    634.7    617.9
11877.0  35.9691   -89.1323    698.6    633.6    614.6
11878.0  35.9691   -89.1335    698.6    633.0    617.0
11879.0  35.9690   -89.1348    698.6    633.1    627.3
11880.0  35.9690   -89.1361    698.6    633.2    624.9
11881.0  35.9689   -89.1374    698.6    632.8    618.0
11882.0  35.9688   -89.1386    698.5    632.5    614.2
11883.0  35.9688   -89.1399    697.4    632.2    625.2
11884.0  35.9687   -89.1412    697.4    630.9    621.9
11885.0  35.9687   -89.1424    697.4    630.5    620.0
11886.0  35.9686   -89.1437    697.4    629.4    619.0
11887.0  35.9686   -89.1450    697.4    629.9    620.2
11888.0  35.9685   -89.1462    697.4    630.2    624.1
11889.0  35.9685   -89.1475    697.4    631.2    622.4
11890.0  35.9684   -89.1488    697.4    630.8    622.4
11891.0  35.9684   -89.1500    697.4    631.2    627.6
11892.0  35.9683   -89.1513    697.4    632.6    629.4
11893.0  35.9683   -89.1526    697.4    633.0    620.9
11894.0  35.9683   -89.1539    697.4    632.9    614.8
11895.0  35.9682   -89.1551    697.4    631.5    614.1
11896.0  35.9682   -89.1564    697.4    631.9    612.2
11897.0  35.9681   -89.1577    697.4    631.8    617.6
11898.0  35.9681   -89.1589    697.4    631.7    623.1
11899.0  35.9680   -89.1602    697.4    631.0    617.2
11900.0  35.9680   -89.1615    697.4    631.7    620.4
11901.0  35.9679   -89.1627    697.4    633.0    616.9
11902.0  35.9679   -89.1640    697.4    632.6    631.5
11903.0  35.9678   -89.1653    697.4    633.0    623.0
11904.0  35.9678   -89.1665    697.4    631.6    623.9
11905.0  35.9677   -89.1678    697.4    630.5    624.4
11906.0  35.9677   -89.1691    697.4    630.8    619.5
11907.0  35.9676   -89.1704    697.4    632.3    616.4
11908.0  35.9676   -89.1716    697.4    633.2    616.5
11909.0  35.9675   -89.1729    698.6    632.2    620.5
11910.0  35.9675   -89.1742    698.5    632.6    621.2
11911.0  35.9674   -89.1754    697.4    634.0    622.9
11912.0  35.9674   -89.1767    697.4    633.6    620.4
11913.0  35.9673   -89.1780    697.4    633.1    608.2
11914.0  35.9673   -89.1793    697.4    632.8    612.5
11915.0  35.9672   -89.1805    697.4    632.2    606.6
11916.0  35.9672   -89.1818    697.4    633.5    611.1
11917.0  35.9671   -89.1831    697.4    632.2    611.1
11918.0  35.9671   -89.1844    697.4    633.1    616.5
11919.0  35.9670   -89.1856    697.4    632.9    612.8
11920.0  35.9670   -89.1869    697.4    631.2    612.3
11921.0  35.9669   -89.1882    697.4    630.6    605.6
11922.0  35.9669   -89.1894    697.4    631.7    605.4
11923.0  35.9669   -89.1907    697.4    631.3    601.6
11924.0  35.9668   -89.1920    697.4    631.3    606.7
11925.0  35.9668   -89.1932    697.4    631.5    614.5
11926.0  35.9667   -89.1945    697.4    631.3    612.8
11927.0  35.9667   -89.1958    697.4    631.5    610.5
11928.0  35.9666   -89.1971    697.4    632.1    610.7
11929.0  35.9666   -89.1983    697.4    631.0    621.1
11930.0  35.9665   -89.1996    697.3    630.8    619.6
11931.0  35.9665   -89.2009    696.2    630.8    620.6
11932.0  35.9664   -89.2022    696.2    629.7    617.3
11933.0  35.9664   -89.2034    696.2    628.8    622.3
11934.0  35.9664   -89.2047    696.2    630.0    625.4
11935.0  35.9663   -89.2060    696.9    629.6    622.0
11936.0  35.9663   -89.2073    697.4    630.2    622.5
11937.0  35.9663   -89.2085    697.4    630.9    624.1
11938.0  35.9662   -89.2098    697.4    632.2    625.6
11939.0  35.9662   -89.2111    697.4    632.3    620.0
11940.0  35.9662   -89.2123    697.4    631.8    623.6
11941.0  35.9662   -89.2136    697.4    631.6    621.3
11942.0  35.9662   -89.2149    697.4    631.5    624.0
11943.0  35.9661   -89.2162    697.4    631.4    618.0
11944.0  35.9661   -89.2174    697.4    632.5    620.1
11945.0  35.9661   -89.2187    697.4    632.4    618.0
11946.0  35.9661   -89.2200    697.4    632.6    615.2
11947.0  35.9661   -89.2213    697.4    632.8    619.5
11948.0  35.9661   -89.2225    697.4    633.5    613.7
11949.0  35.9660   -89.2238    697.4    633.3    615.8
11950.0  35.9660   -89.2251    697.4    632.1    617.8
11951.0  35.9660   -89.2264    697.4    630.5    620.8
11952.0  35.9660   -89.2276    697.4    631.5    620.1
11953.0  35.9660   -89.2289    697.4    631.4    618.6
11954.0  35.9660   -89.2302    697.4    632.3    615.6
11955.0  35.9660   -89.2315    697.4    632.2    616.8
11956.0  35.9659   -89.2327    697.4    631.8    619.4
11957.0  35.9659   -89.2340    697.4    631.3    615.8
11958.0  35.9659   -89.2353    697.4    632.0    618.7
11959.0  35.9659   -89.2366    697.4    632.3    620.7
11960.0  35.9659   -89.2379    697.4    631.8    617.6
11961.0  35.9659   -89.2391    697.4    632.3    617.6
11962.0  35.9659   -89.2404    697.4    632.1    616.4
11963.0  35.9658   -89.2417    697.4    631.1    623.6
11964.0  35.9658   -89.2430    697.4    632.1    621.2
11965.0  35.9658   -89.2442    697.4    631.3    621.9
11966.0  35.9658   -89.2455    697.4    631.2    616.9
11967.0  35.9658   -89.2468    697.4    632.7    620.3
11968.0  35.9658   -89.2481    697.4    632.3    622.6
11969.0  35.9658   -89.2493    697.4    632.1    622.2
11970.0  35.9657   -89.2506    697.4    632.1    622.7
11971.0  35.9657   -89.2519    697.4    632.1    622.9
11972.0  35.9657   -89.2532    697.4    632.1    624.3
11973.0  35.9657   -89.2544    697.4    631.7    621.6
11974.0  35.9657   -89.2557    697.4    631.0    623.0
11975.0  35.9657   -89.2570    697.4    631.2    617.4
11976.0  35.9657   -89.2583    697.4    631.5    618.9
11977.0  35.9656   -89.2596    697.4    630.8    625.1
11978.0  35.9656   -89.2608    696.9    630.5    622.0
11979.0  35.9656   -89.2621    696.2    630.7    624.7
11980.0  35.9656   -89.2634    696.2    631.2    624.5
11981.0  35.9656   -89.2647    696.2    632.0    613.7
11982.0  35.9656   -89.2659    696.2    630.5    612.4
11983.0  35.9656   -89.2672    696.2    630.7    612.8
11984.0  35.9655   -89.2685    696.2    630.0    614.7
11985.0  35.9655   -89.2697    696.2    629.9    620.2
11986.0  35.9655   -89.2710    696.2    631.2    615.3
11987.0  35.9655   -89.2723    696.2    631.9    618.6
11988.0  35.9655   -89.2736    696.2    632.6    618.1
11989.0  35.9655   -89.2748    696.2    632.7    614.1
11990.0  35.9655   -89.2761    696.2    630.8    623.6
11991.0  35.9654   -89.2774    696.2    630.6    620.0
11992.0  35.9654   -89.2787    696.2    630.8    630.8
11993.0  35.9654   -89.2799    696.2    630.7    631.6
11994.0  35.9654   -89.2812    696.2    632.0    635.7
11995.0  35.9654   -89.2825    696.2    632.0    633.8
11996.0  35.9654   -89.2838    696.2    632.5    635.2
11997.0  35.9653   -89.2850    696.2    632.2    617.6
11998.0  35.9653   -89.2863    696.3    631.8    621.3
11999.0  35.9653   -89.2876    697.4    630.8    622.4
12000.0  35.9653   -89.2888    697.4    631.8    623.4
12001.0  35.9653   -89.2901    697.4    632.4    620.8
12002.0  35.9653   -89.2914    697.4    632.6    618.2
12003.0  35.9652   -89.2927    697.4    632.4    618.3
12004.0  35.9652   -89.2939    697.4    631.3    622.2
12005.0  35.9652   -89.2952    697.4    632.5    622.1
12006.0  35.9652   -89.2965    697.4    631.6    614.8
12007.0  35.9652   -89.2977    697.4    631.5    622.1
12008.0  35.9652   -89.2990    697.4    631.9    619.6
12009.0  35.9652   -89.3003    697.4    631.9    620.7
12010.0  35.9652   -89.3016    697.4    631.1    614.1
12011.0  35.9652   -89.3028    697.4    632.3    615.3
12012.0  35.9652   -89.3041    697.4    632.6    611.5
12013.0  35.9652   -89.3054    697.4    631.8    613.0
12014.0  35.9652   -89.3066    696.6    629.7    620.4
12015.0  35.9652   -89.3079    696.2    629.5    614.4
12016.0  35.9652   -89.3092    696.2    629.1    613.9
12017.0  35.9652   -89.3105    696.2    628.1    618.3
12018.0  35.9652   -89.3117    696.2    628.6    613.3
12019.0  35.9652   -89.3130    696.2    629.5    613.3
12020.0  35.9652   -89.3143    696.2    630.3    616.8
12021.0  35.9652   -89.3156    696.2    628.8    617.6
12022.0  35.9652   -89.3168    696.2    628.7    620.1
12023.0  35.9652   -89.3181    696.2    629.8    618.2
12024.0  35.9652   -89.3194    696.2    631.4    609.0
12025.0  35.9652   -89.3206    696.2    631.0    610.1
12026.0  35.9652   -89.3219    696.2    629.7    608.1
12027.0  35.9652   -89.3232    696.2    629.7    611.8
12028.0  35.9652   -89.3244    696.2    631.1    611.8
12029.0  35.9652   -89.3257    696.2    630.5    608.8
12030.0  35.9652   -89.3270    696.2    630.1    610.2
12031.0  35.9652   -89.3283    696.2    631.3    610.3
12032.0  35.9652   -89.3295    696.2    632.0    602.0
12033.0  35.9652   -89.3308    696.2    631.5    604.4
12034.0  35.9652   -89.3321    696.2    631.3    606.7
12035.0  35.9652   -89.3333    696.2    630.5    605.6
12036.0  35.9652   -89.3346    696.2    630.6    603.5
12037.0  35.9652   -89.3359    696.2    632.1    597.8
12038.0  35.9652   -89.3371    696.2    631.5    595.8
12039.0  35.9652   -89.3384    696.2    630.4    599.8
12040.0  35.9652   -89.3397    696.2    631.1    606.0
12041.0  35.9652   -89.3409    696.4    631.6    611.7
12042.0  35.9652   -89.3422    697.4    631.0    611.0
12043.0  35.9652   -89.3435    697.4    632.0    615.7
12044.0  35.9652   -89.3447    697.4    632.7    609.2
12045.0  35.9652   -89.3460    697.4    632.2    617.2
12046.0  35.9652   -89.3473    697.3    631.7    619.9
12047.0  35.9652   -89.3486    696.2    631.1    612.6
12048.0  35.9652   -89.3498    696.2    631.8    611.1
12049.0  35.9652   -89.3511    696.6    630.8    622.5
12050.0  35.9652   -89.3524    697.4    630.9    627.9
12051.0  35.9652   -89.3536    697.4    631.9    626.2
12052.0  35.9652   -89.3549    697.4    632.2    625.9
12053.0  35.9652   -89.3562    697.4    631.6    627.8
12054.0  35.9652   -89.3574    697.4    632.0    629.0
12055.0  35.9652   -89.3587    697.4    631.1    631.4
12056.0  35.9652   -89.3600    697.4    629.8    631.9
12057.0  35.9652   -89.3613    697.4    629.1    624.7
12058.0  35.9652   -89.3625    697.4    630.2    621.7
12059.0  35.9652   -89.3638    697.4    630.1    622.2
12060.0  35.9652   -89.3651    696.4    630.3    620.6
12061.0  35.9652   -89.3663    696.2    629.9    621.7
12062.0  35.9652   -89.3676    696.2    630.6    623.9
12063.0  35.9652   -89.3689    696.2    631.2    616.9
12064.0  35.9652   -89.3701    696.2    631.1    617.3
12065.0  35.9652   -89.3714    696.2    631.0    610.1
12066.0  35.9652   -89.3727    696.2    630.8    611.4
12067.0  35.9652   -89.3739    696.2    630.4    607.5
12068.0  35.9652   -89.3752    696.2    630.8    609.8
12069.0  35.9652   -89.3765    696.2    631.3    608.0
12070.0  35.9652   -89.3778    696.2    632.5    608.7
12071.0  35.9652   -89.3790    696.2    632.9    611.0
12072.0  35.9652   -89.3803    696.2    631.2    608.5
12073.0  35.9652   -89.3816    696.2    630.6    604.9
12074.0  35.9652   -89.3828    696.2    631.6    604.1
12075.0  35.9652   -89.3841    696.2    633.0    600.3
12076.0  35.9652   -89.3854    696.2    633.7    593.2
12077.0  35.9652   -89.3867    696.2    633.4    599.8
12078.0  35.9652   -89.3879    696.2    633.1    608.4
12079.0  35.9652   -89.3892    696.2    632.1    602.8
12080.0  35.9652   -89.3905    696.2    631.7    607.0
12081.0  35.9652   -89.3917    696.2    631.2    614.8
12082.0  35.9652   -89.3930    696.8    630.6    612.4
12083.0  35.9652   -89.3943    696.2    630.9    614.5
12084.0  35.9652   -89.3956    696.2    630.3    628.2
12085.0  35.9652   -89.3968    696.2    630.1    627.3
12086.0  35.9652   -89.3981    696.2    629.7    621.0
12087.0  35.9652   -89.3994    696.2    629.9    623.6
12088.0  35.9652   -89.4006    696.2    631.9    621.9
12089.0  35.9652   -89.4019    696.2    632.0    621.6
12090.0  35.9652   -89.4032    696.2    630.8    626.4
12091.0  35.9652   -89.4044    696.2    632.2    628.3
12092.0  35.9652   -89.4057    696.2    633.0    624.9
12093.0  35.9652   -89.4070    696.2    632.2    622.2
12094.0  35.9652   -89.4083    696.2    631.6    629.5
12095.0  35.9652   -89.4095    696.2    629.9    626.2
12096.0  35.9652   -89.4108    696.2    630.7    626.7
12097.0  35.9652   -89.4121    696.2    630.5    622.5
12098.0  35.9652   -89.4134    696.2    630.1    624.4
12099.0  35.9652   -89.4146    696.2    630.5    624.8
12100.0  35.9652   -89.4159    696.2    630.1    621.5
12101.0  35.9652   -89.4172    696.2    629.6    622.2
12102.0  35.9652   -89.4184    696.2    628.6    629.0
12103.0  35.9652   -89.4197    696.2    629.9    630.1
12104.0  35.9652   -89.4210    696.2    630.5    625.9
12105.0  35.9652   -89.4223    696.2    630.7    626.0
12106.0  35.9652   -89.4235    696.2    631.3    620.4
12107.0  35.9652   -89.4248    696.2    631.4    619.8
12108.0  35.9652   -89.4261    696.2    631.7    624.2
12109.0  35.9652   -89.4273    696.2    632.4    628.0
12110.0  35.9652   -89.4286    696.2    633.5    618.5
12111.0  35.9652   -89.4299    696.2    632.2    617.2
12112.0  35.9652   -89.4312    696.2    631.1    619.3
12113.0  35.9652   -89.4324    696.2    630.7    619.2
12114.0  35.9652   -89.4337    697.3    629.3    614.8
12115.0  35.9652   -89.4350    696.2    629.7    614.5
12116.0  35.9652   -89.4362    696.2    630.1    607.7
12117.0  35.9652   -89.4375    696.2    631.2    608.1
12118.0  35.9652   -89.4388    696.2    632.7    600.5
12119.0  35.9652   -89.4400    696.2    633.0    617.0
12120.0  35.9652   -89.4413    696.2    634.5    614.2
12121.0  35.9652   -89.4426    696.2    633.5    613.0
12122.0  35.9652   -89.4439    696.2    632.6    613.9
12123.0  35.9652   -89.4451    697.4    632.1    613.5
12124.0  35.9652   -89.4464    697.4    632.0    614.4
12125.0  35.9652   -89.4477    697.4    633.3    619.0
