flight/WP3D/AircraftPos_NP3_20130702_RA.ict
38  1001
Ken Aikin
NOAA ESRL Chemical Sciences Division
various aircraft sensors
SENEX 2013
1  1
2013  07  02  2013  07  02
1
AOCTimewave
5
1  1  1  1  1 
-9999  -9999  -9999  -9999  -9999
GpsLat  deg
GpsLon  deg
GpsAlt  m
PAlt  m
RAlt  m
1
SPECIAL COMMENTS:Birmingham PP night flight.
18
PI_CONTACT_INFO: Address: NOAA ESRL Chemical Sciences Division  Mail Stop R/CSD7  325 Broadway  Boulder  CO 80305
PLATFORM: NOAA WP-3D
LOCATION: The aircraft was stationed in Smyrna  Tennessee. Aircraft location information in AircraftPosition file.
ASSOCIATED_DATA: N/A
INSTRUMENT_INFO: N/A
DATA_INFO: Units:GpsLat:decimal degrees; GpsLon: decimal degrees; GpsAlt: meters; PAlt:meters; RAlt: meters.
UNCERTAINTY: N/A
ULOD_FLAG: -7777
ULOD_VALUE: N/A
LLOD_FLAG: -8888
LLOD_VALUE: N/A
DM_CONTACT_INFO: Data Manager:Ken Aikin; email:Kenneth.C.Aikin@noaa.gov
PROJECT_INFO: SENEX 2013 Study; June 1 - July 15  2013
STIPULATIONS_ON_USE: Use of these data require prior ok from PI.
OTHER_COMMENTS:       None
REVISION: RA
RA: Preliminary Data.  For in-field use.
AOCTimewave  GpsLat  GpsLon  GpsAlt  PAlt  RAlt
[from data line 6400]
10518.0  32.9343   -87.0034    806.1    761.4    656.0
10519.0  32.9342   -87.0022    815.0    771.0    666.3
10520.0  32.9341   -87.0010    823.6    779.4    682.7
10521.0  32.9341   -86.9998    832.4    787.3    692.7
10522.0  32.9340   -86.9985    841.2    796.0    708.0
10523.0  32.9339   -86.9973    849.5    804.3    726.2
10524.0  32.9338   -86.9961    857.6    810.9    729.2
10525.0  32.9338   -86.9949    866.0    819.1    740.8
10526.0  32.9337   -86.9937    874.5    827.3    745.8
10527.0  32.9336   -86.9925    883.3    834.6    752.5
10528.0  32.9335   -86.9913    892.1    843.4    763.4
10529.0  32.9335   -86.9901    901.4    851.4    783.7
10530.0  32.9334   -86.9889    910.5    859.5    782.8
10531.0  32.9333   -86.9877    919.3    868.8    773.3
10532.0  32.9333   -86.9865    927.7    877.6    780.7
10533.0  32.9332   -86.9853    935.7    885.5    796.2
10534.0  32.9332   -86.9841    943.7    892.8    812.2
10535.0  32.9331   -86.9829    951.8    899.5    836.9
10536.0  32.9331   -86.9817    959.8    908.9    852.9
10537.0  32.9330   -86.9805    967.8    916.7    867.9
10538.0  32.9330   -86.9792    975.6    923.7    870.7
10539.0  32.9329   -86.9780    983.7    930.3    871.9
10540.0  32.9329   -86.9768    992.8    937.0    868.3
10541.0  32.9328   -86.9756   1000.1    944.5    884.4
10542.0  32.9327   -86.9744   1006.9    951.9    884.1
10543.0  32.9327   -86.9732   1013.3    958.8    885.1
10544.0  32.9326   -86.9720   1018.7    965.5    888.9
10545.0  32.9325   -86.9708   1025.2    971.8    889.3
10546.0  32.9325   -86.9696   1031.7    977.8    899.5
10547.0  32.9324   -86.9683   1038.2    982.0    904.4
10548.0  32.9324   -86.9671   1044.8    987.9    907.5
10549.0  32.9323   -86.9659   1051.6    993.9    922.4
10550.0  32.9322   -86.9647   1058.7   1001.8    924.3
10551.0  32.9322   -86.9635   1065.9   1010.0    927.1
10552.0  32.9321   -86.9622   1073.3   1017.2    930.0
10553.0  32.9320   -86.9610   1081.4   1023.9    932.1
10554.0  32.9320   -86.9598   1089.6   1031.9    942.5
10555.0  32.9319   -86.9586   1097.9   1038.8    949.5
10556.0  32.9319   -86.9573   1106.1   1046.9    955.0
10557.0  32.9318   -86.9561   1114.3   1056.0    982.0
10558.0  32.9318   -86.9549   1122.3   1064.1    987.2
10559.0  32.9317   -86.9537   1130.2   1070.7    996.9
10560.0  32.9317   -86.9525   1137.8   1078.4   1006.5
10561.0  32.9317   -86.9512   1145.4   1085.9   1011.1
10562.0  32.9316   -86.9500   1153.1   1092.6   1007.7
10563.0  32.9316   -86.9488   1160.7   1099.4   1009.4
10564.0  32.9315   -86.9476   1168.2   1105.9   1019.8
10565.0  32.9315   -86.9463   1175.8   1113.9   1033.4
10566.0  32.9315   -86.9451   1183.7   1122.3   1052.2
10567.0  32.9314   -86.9439   1191.7   1130.1   1067.7
10568.0  32.9314   -86.9427   1199.7   1138.0   1072.6
10569.0  32.9313   -86.9414   1207.7   1145.7   1079.5
10570.0  32.9313   -86.9402   1215.9   1153.2   1088.7
10571.0  32.9312   -86.9390   1223.9   1162.1   1107.9
10572.0  32.9312   -86.9378   1231.6   1169.6   1111.6
10573.0  32.9311   -86.9366   1239.4   1176.9   1117.6
10574.0  32.9311   -86.9353   1247.2   1183.8   1125.0
10575.0  32.9311   -86.9341   1254.8   1191.7   1121.6
10576.0  32.9310   -86.9329   1262.5   1198.5   1137.5
10577.0  32.9310   -86.9317   1270.1   1206.0   1164.6
10578.0  32.9309   -86.9305   1277.6   1211.7   1159.1
10579.0  32.9309   -86.9292   1284.9   1218.4   1154.7
10580.0  32.9309   -86.9280   1292.0   1225.5   1151.1
10581.0  32.9308   -86.9268   1299.0   1232.8   1159.1
10582.0  32.9308   -86.9255   1306.0   1238.4   1167.8
10583.0  32.9308   -86.9243   1313.0   1246.0   1175.9
10584.0  32.9308   -86.9231   1320.1   1253.9   1182.7
10585.0  32.9308   -86.9218   1327.1   1261.2   1189.6
10586.0  32.9308   -86.9206   1333.9   1268.3   1194.0
10587.0  32.9308   -86.9194   1340.6   1273.7   1208.2
10588.0  32.9308   -86.9182   1347.4   1280.2   1214.2
10589.0  32.9308   -86.9169   1354.2   1286.8   1216.4
10590.0  32.9308   -86.9157   1361.2   1293.1   1227.8
10591.0  32.9308   -86.9145   1368.2   1300.2   1248.0
10592.0  32.9308   -86.9132   1375.4   1306.7   1258.6
10593.0  32.9308   -86.9120   1382.7   1312.8   1268.3
10594.0  32.9308   -86.9108   1390.4   1319.3   1279.9
10595.0  32.9308   -86.9095   1398.2   1327.5   1286.2
10596.0  32.9309   -86.9083   1405.9   1335.5   1290.1
10597.0  32.9309   -86.9071   1413.7   1343.8   1290.7
10598.0  32.9309   -86.9058   1421.4   1350.4   1291.7
10599.0  32.9309   -86.9046   1429.1   1357.7   1297.3
10600.0  32.9309   -86.9034   1436.7   1364.8   1311.8
10601.0  32.9309   -86.9021   1444.4   1372.8   1317.0
10602.0  32.9309   -86.9009   1452.1   1379.1   1329.0
10603.0  32.9309   -86.8997   1459.7   1386.6   1342.8
10604.0  32.9309   -86.8984   1467.3   1394.6   1352.0
10605.0  32.9309   -86.8972   1474.7   1401.9   1346.8
10606.0  32.9309   -86.8960   1482.1   1408.8   1361.7
10607.0  32.9309   -86.8947   1489.7   1415.3   1378.8
10608.0  32.9309   -86.8935   1498.0   1422.3   1396.1
10609.0  32.9309   -86.8923   1505.8   1429.8   1390.6
10610.0  32.9309   -86.8911   1513.8   1437.5   1396.7
10611.0  32.9310   -86.8898   1521.7   1445.0   1408.5
10612.0  32.9310   -86.8886   1529.4   1453.5   1408.3
10613.0  32.9310   -86.8874   1537.3   1461.6   1421.7
10614.0  32.9310   -86.8861   1545.0   1469.6   1430.2
10615.0  32.9311   -86.8849   1552.5   1476.8   1443.1
10616.0  32.9311   -86.8837   1560.0   1483.8   1456.4
10617.0  32.9311   -86.8825   1567.6   1492.2   1469.5
10618.0  32.9311   -86.8812   1575.2   1498.5   1461.0
10619.0  32.9312   -86.8800   1582.7   1504.3   1472.5
10620.0  32.9312   -86.8788   1590.5   1511.2   1480.8
10621.0  32.9312   -86.8775   1598.2   1518.8   1493.7
10622.0  32.9312   -86.8763   1605.8   1527.0   1510.7
10623.0  32.9312   -86.8751   1613.2   1533.8   1521.0
10624.0  32.9313   -86.8738   1620.7   1540.7   1521.9
10625.0  32.9313   -86.8726   1628.2   1547.9   1532.4
10626.0  32.9313   -86.8714   1635.9   1555.3   1538.6
10627.0  32.9313   -86.8702   1643.6   1561.6   1538.0
10628.0  32.9312   -86.8689   1651.4   1569.4   1545.3
10629.0  32.9312   -86.8677   1659.3   1578.8   1558.6
10630.0  32.9312   -86.8665   1667.2   1587.4   1554.1
10631.0  32.9312   -86.8652   1675.1   1593.7   1559.9
10632.0  32.9312   -86.8640   1682.7   1601.0   1558.6
10633.0  32.9312   -86.8628   1690.2   1608.4   1558.6
10634.0  32.9311   -86.8616   1697.6   1616.6   1559.4
10635.0  32.9311   -86.8603   1705.2   1623.3   1577.6
10636.0  32.9311   -86.8591   1712.7   1630.9   1610.4
10637.0  32.9311   -86.8579   1719.9   1637.3   1612.1
10638.0  32.9311   -86.8566   1726.7   1644.0   1613.4
10639.0  32.9310   -86.8554   1733.3   1649.8   1622.8
10640.0  32.9310   -86.8542   1739.9   1655.9   1629.6
10641.0  32.9310   -86.8530   1746.7   1661.5   1628.6
10642.0  32.9310   -86.8517   1753.7   1669.8   1636.2
10643.0  32.9309   -86.8505   1760.9   1677.8   1632.5
10644.0  32.9309   -86.8493   1768.2   1683.3   1631.9
10645.0  32.9308   -86.8480   1775.6   1690.0   1650.5
10646.0  32.9308   -86.8468   1783.3   1697.3   1652.6
10647.0  32.9308   -86.8456   1790.8   1705.1   1645.1
10648.0  32.9307   -86.8444   1798.1   1712.7   1650.4
10649.0  32.9306   -86.8431   1805.6   1720.0   1653.9
10650.0  32.9306   -86.8419   1813.2   1727.2   1661.4
10651.0  32.9305   -86.8407   1820.8   1735.3   1678.2
10652.0  32.9305   -86.8394   1828.2   1741.9   1684.1
10653.0  32.9304   -86.8382   1835.7   1748.5   1699.5
10654.0  32.9304   -86.8370   1843.2   1755.5   1692.5
10655.0  32.9303   -86.8358   1850.5   1762.4   1711.3
10656.0  32.9302   -86.8345   1857.7   1769.9   1714.9
10657.0  32.9301   -86.8333   1864.3   1775.8   1713.0
10658.0  32.9301   -86.8321   1870.4   1782.1   1725.2
10659.0  32.9300   -86.8308   1876.1   1784.9   1726.8
10660.0  32.9299   -86.8296   1881.8   1789.6   1733.0
10661.0  32.9298   -86.8284   1887.5   1796.0   1737.3
10662.0  32.9297   -86.8271   1893.2   1802.6   1743.6
10663.0  32.9297   -86.8259   1898.6   1808.6   1738.7
10664.0  32.9296   -86.8247   1903.7   1813.8   1756.1
10665.0  32.9295   -86.8234   1909.1   1818.8   1750.9
10666.0  32.9294   -86.8222   1915.0   1824.5   1757.9
10667.0  32.9293   -86.8209   1921.2   1831.3   1762.0
10668.0  32.9292   -86.8197   1927.2   1836.3   1776.6
10669.0  32.9291   -86.8184   1933.0   1840.7   1782.8
10670.0  32.9290   -86.8172   1939.0   1846.2   1781.1
10671.0  32.9289   -86.8159   1944.9   1852.1   1780.6
10672.0  32.9288   -86.8147   1950.5   1858.5   1777.4
10673.0  32.9287   -86.8135   1955.9   1865.0   1791.1
10674.0  32.9287   -86.8122   1961.2   1869.4   1799.5
10675.0  32.9286   -86.8110   1966.6   1874.2   1803.2
10676.0  32.9285   -86.8097   1972.1   1879.2   1805.9
10677.0  32.9284   -86.8084   1978.0   1885.6   1809.5
10678.0  32.9283   -86.8072   1984.0   1891.7   1805.6
10679.0  32.9282   -86.8059   1990.1   1897.7   1822.2
10680.0  32.9282   -86.8047   1996.2   1903.8   1825.5
10681.0  32.9281   -86.8034   2002.1   1907.6   1841.3
10682.0  32.9280   -86.8022   2008.1   1913.6   1838.9
10683.0  32.9279   -86.8009   2014.2   1919.3   1845.8
10684.0  32.9278   -86.7996   2020.2   1925.6   1862.2
10685.0  32.9278   -86.7984   2026.3   1931.2   1879.0
10686.0  32.9277   -86.7971   2032.4   1936.1   1878.8
10687.0  32.9276   -86.7959   2038.4   1940.6   1876.8
10688.0  32.9276   -86.7946   2044.3   1946.5   1892.3
10689.0  32.9275   -86.7933   2050.3   1952.7   1894.0
10690.0  32.9275   -86.7921   2056.4   1959.8   1890.7
10691.0  32.9274   -86.7908   2062.9   1966.5   1903.4
10692.0  32.9274   -86.7895   2069.7   1973.1   1913.4
10693.0  32.9273   -86.7883   2076.8   1980.2   1921.4
10694.0  32.9273   -86.7870   2083.9   1986.3   1923.8
10695.0  32.9272   -86.7857   2091.1   1992.1   1922.4
10696.0  32.9272   -86.7845   2098.1   1998.9   1933.0
10697.0  32.9272   -86.7832   2105.7   2007.4   1950.1
10698.0  32.9271   -86.7819   2113.4   2013.8   1947.2
10699.0  32.9271   -86.7807   2121.4   2021.2   1962.4
10700.0  32.9271   -86.7794   2129.4   2030.2   1969.8
10701.0  32.9271   -86.7781   2137.2   2037.2   1988.9
10702.0  32.9270   -86.7769   2144.9   2044.3   1996.2
10703.0  32.9270   -86.7756   2152.1   2051.6   2008.3
10704.0  32.9270   -86.7743   2158.3   2059.1   2017.1
10705.0  32.9270   -86.7731   2164.4   2065.5   2035.2
10706.0  32.9269   -86.7718   2170.3   2069.9   2037.8
10707.0  32.9269   -86.7705   2176.1   2075.8   2037.1
10708.0  32.9269   -86.7693   2181.8   2081.7   2025.5
10709.0  32.9269   -86.7680   2187.5   2085.7   2033.2
10710.0  32.9269   -86.7667   2193.3   2090.8   2042.1
10711.0  32.9269   -86.7655   2199.2   2097.5   2043.3
10712.0  32.9269   -86.7642   2205.5   2103.2   2048.3
10713.0  32.9269   -86.7629   2212.0   2109.7   2054.4
10714.0  32.9269   -86.7617   2218.7   2116.7   2071.1
10715.0  32.9269   -86.7604   2225.3   2121.7   2087.7
10716.0  32.9269   -86.7591   2231.8   2128.5   2079.4
10717.0  32.9269   -86.7578   2238.0   2134.0   2079.7
10718.0  32.9269   -86.7566   2244.1   2139.4   2081.1
10719.0  32.9269   -86.7553   2250.0   2145.4   2090.0
10720.0  32.9269   -86.7540   2255.8   2151.2   2114.0
10721.0  32.9269   -86.7527   2261.5   2158.4   2125.4
10722.0  32.9268   -86.7515   2267.1   2165.0   2123.0
10723.0  32.9268   -86.7502   2272.6   2169.9   2121.5
10724.0  32.9268   -86.7489   2278.1   2174.5   2130.4
10725.0  32.9268   -86.7476   2283.6   2179.6   2124.9
10726.0  32.9268   -86.7464   2289.3   2183.1   2112.9
10727.0  32.9267   -86.7451   2295.2   2188.9   2129.5
10728.0  32.9267   -86.7438   2301.0   2193.7   2155.3
10729.0  32.9267   -86.7425   2306.8   2199.5   2158.3
10730.0  32.9266   -86.7412   2312.7   2205.3   2150.0
10731.0  32.9266   -86.7400   2318.5   2210.4   2167.7
10732.0  32.9266   -86.7387   2323.8   2216.2   2171.9
10733.0  32.9265   -86.7374   2329.5   2222.0   2177.9
10734.0  32.9265   -86.7361   2335.3   2227.0   2189.6
10735.0  32.9265   -86.7348   2341.2   2233.0   2192.1
10736.0  32.9264   -86.7336   2347.5   2238.8   2188.6
10737.0  32.9264   -86.7323   2353.4   2245.4   2184.9
10738.0  32.9263   -86.7310   2359.4   2251.5   2174.1
10739.0  32.9263   -86.7297   2365.3   2256.6   2166.4
10740.0  32.9262   -86.7284   2371.1   2261.6   2172.0
10741.0  32.9262   -86.7272   2377.0   2268.0   2187.9
10742.0  32.9262   -86.7259   2383.0   2274.0   2197.1
10743.0  32.9261   -86.7246   2388.9   2278.9   2210.4
10744.0  32.9261   -86.7233   2394.5   2284.2   2221.7
10745.0  32.9260   -86.7220   2400.5   2290.1   2234.9
10746.0  32.9260   -86.7207   2406.6   2296.8   2230.6
10747.0  32.9259   -86.7194   2412.5   2302.2   2230.7
10748.0  32.9259   -86.7182   2418.2   2307.3   2235.1
10749.0  32.9258   -86.7169   2424.2   2313.2   2235.9
10750.0  32.9258   -86.7156   2430.2   2318.7   2242.2
10751.0  32.9257   -86.7143   2436.5   2324.2   2264.4
10752.0  32.9257   -86.7130   2443.1   2330.5   2262.8
10753.0  32.9256   -86.7117   2449.7   2337.2   2268.0
10754.0  32.9256   -86.7104   2456.5   2342.6   2287.9
10755.0  32.9255   -86.7091   2463.2   2349.0   2297.5
10756.0  32.9254   -86.7079   2469.6   2355.2   2310.5
10757.0  32.9254   -86.7066   2475.8   2362.0   2315.2
10758.0  32.9253   -86.7053   2482.1   2367.0   2319.3
10759.0  32.9252   -86.7040   2488.4   2373.7   2311.0
10760.0  32.9251   -86.7027   2494.8   2380.0   2341.6
10761.0  32.9251   -86.7014   2501.1   2387.6   2351.0
10762.0  32.9250   -86.7001   2507.5   2394.1   2350.6
10763.0  32.9249   -86.6988   2513.7   2399.0   2352.1
10764.0  32.9248   -86.6976   2520.0   2404.0   2366.2
10765.0  32.9248   -86.6963   2526.4   2410.7   2380.9
10766.0  32.9247   -86.6950   2532.5   2417.5   2374.5
10767.0  32.9246   -86.6937   2538.2   2423.6   2374.4
10768.0  32.9245   -86.6924   2542.9   2428.4   2386.5
10769.0  32.9244   -86.6911   2546.9   2433.3   2379.9
10770.0  32.9244   -86.6898   2549.8   2435.0   2379.1
10771.0  32.9243   -86.6885   2551.7   2438.1   2388.4
10772.0  32.9242   -86.6872   2551.8   2438.1   2388.4
10773.0  32.9241   -86.6859   2550.7   2436.1   2375.8
10774.0  32.9240   -86.6846   2548.5   2434.6   2379.5
10775.0  32.9239   -86.6833   2545.6   2431.2   2392.2
10776.0  32.9238   -86.6820   2542.3   2427.4   2385.4
10777.0  32.9237   -86.6807   2538.1   2424.0   2383.1
10778.0  32.9236   -86.6793   2533.9   2421.0   2363.9
10779.0  32.9235   -86.6780   2529.4   2417.1   2365.3
10780.0  32.9234   -86.6767   2524.8   2410.9   2352.4
10781.0  32.9233   -86.6753   2519.7   2406.7   2343.4
10782.0  32.9233   -86.6740   2514.6   2403.3   2337.8
10783.0  32.9232   -86.6727   2509.3   2397.8   2328.1
10784.0  32.9231   -86.6714   2504.0   2391.1   2318.2
10785.0  32.9230   -86.6700   2498.2   2386.9   2317.8
10786.0  32.9230   -86.6687   2492.4   2380.5   2313.2
10787.0  32.9229   -86.6674   2486.9   2375.8   2322.8
10788.0  32.9229   -86.6660   2481.4   2369.1   2310.6
10789.0  32.9228   -86.6647   2475.2   2361.9   2310.5
10790.0  32.9227   -86.6633   2468.6   2355.9   2320.2
10791.0  32.9227   -86.6620   2462.2   2350.8   2316.8
10792.0  32.9226   -86.6607   2455.8   2344.2   2295.8
10793.0  32.9226   -86.6593   2449.3   2338.2   2297.4
10794.0  32.9225   -86.6580   2442.8   2331.2   2301.0
10795.0  32.9225   -86.6567   2436.4   2325.6   2288.3
10796.0  32.9224   -86.6553   2430.5   2320.4   2309.0
10797.0  32.9224   -86.6540   2423.8   2314.7   2298.9
10798.0  32.9223   -86.6527   2416.6   2306.9   2294.6
10799.0  32.9223   -86.6514   2409.2   2298.8   2277.5
10800.0  32.9222   -86.6500   2402.0   2290.0   2253.7
10801.0  32.9222   -86.6487   2394.1   2283.9   2247.4
10802.0  32.9222   -86.6474   2386.2   2276.2   2237.3
10803.0  32.9221   -86.6460   2378.3   2269.1   2245.4
10804.0  32.9221   -86.6447   2370.6   2262.2   2237.9
10805.0  32.9221   -86.6434   2362.4   2254.9   2219.8
10806.0  32.9220   -86.6421   2354.2   2246.3   2224.3
10807.0  32.9220   -86.6407   2346.0   2239.9   2208.4
