flight/WP3D/AircraftPos_NP3_20130705_RA.ict
38  1001
Ken Aikin
NOAA ESRL Chemical Sciences Division
various aircraft sensors
SENEX 2013
1  1
2013  07  05  2013  07  05
1
AOCTimewave
5
1  1  1  1  1 
-9999  -9999  -9999  -9999  -9999
GpsLat  deg
GpsLon  deg
GpsAlt  m
PAlt  m
RAlt  m
1
SPECIAL COMMENTS:St. Louis  power plants.
18
PI_CONTACT_INFO: Address: NOAA ESRL Chemical Sciences Division  Mail Stop R/CSD7  325 Broadway  Boulder  CO 80305
PLATFORM: NOAA WP-3D
LOCATION: The aircraft was stationed in Smyrna  Tennessee. Aircraft location information in AircraftPosition file.
ASSOCIATED_DATA: N/A
INSTRUMENT_INFO: N/A
DATA_INFO: Units:GpsLat:decimal degrees; GpsLon: decimal degrees; GpsAlt: meters; PAlt:meters; RAlt: meters.
UNCERTAINTY: N/A
ULOD_FLAG: -7777
ULOD_VALUE: N/A
LLOD_FLAG: -8888
LLOD_VALUE: N/A
DM_CONTACT_INFO: Data Manager:Ken Aikin; email:Kenneth.C.Aikin@noaa.gov
PROJECT_INFO: SENEX 2013 Study; June 1 - July 15  2013
STIPULATIONS_ON_USE: Use of these data require prior ok from PI.
OTHER_COMMENTS:       None
REVISION: RA
RA: Preliminary Data.  For in-field use.
AOCTimewave  GpsLat  GpsLon  GpsAlt  PAlt  RAlt
[from data line 4655]
58215.0  38.0931   -90.9652    878.6    776.1    636.8
58216.0  38.0934   -90.9640    880.4    779.5    644.0
58217.0  38.0938   -90.9628    882.2    782.6    651.4
58218.0  38.0942   -90.9616    883.6    785.2    643.1
58219.0  38.0946   -90.9605    885.2    786.6    631.5
58220.0  38.0949   -90.9593    886.7    787.5    620.9
58221.0  38.0953   -90.9581    888.0    788.7    621.3
58222.0  38.0957   -90.9569    888.8    790.3    628.7
58223.0  38.0961   -90.9557    890.0    790.9    627.5
58224.0  38.0965   -90.9545    890.0    790.9    625.6
58225.0  38.0968   -90.9533    890.0    790.4    635.9
58226.0  38.0972   -90.9522    890.0    789.6    639.4
58227.0  38.0976   -90.9510    889.4    787.8    648.1
58228.0  38.0980   -90.9498    888.8    787.9    663.2
58229.0  38.0984   -90.9486    888.8    788.9    671.6
58230.0  38.0988   -90.9474    889.5    790.0    680.6
58231.0  38.0992   -90.9462    890.2    790.0    682.0
58232.0  38.0996   -90.9450    891.1    792.8    680.0
58233.0  38.1000   -90.9438    889.8    791.5    670.0
58234.0  38.1004   -90.9426    887.7    788.9    674.4
58235.0  38.1008   -90.9414    884.6    785.6    672.9
58236.0  38.1012   -90.9402    881.2    781.4    672.7
58237.0  38.1016   -90.9390    878.1    779.2    671.1
58238.0  38.1021   -90.9378    875.4    777.3    671.5
58239.0  38.1025   -90.9366    873.2    774.9    662.5
58240.0  38.1030   -90.9354    871.7    773.1    661.6
58241.0  38.1034   -90.9342    871.1    771.4    647.6
58242.0  38.1039   -90.9330    871.9    772.0    650.0
58243.0  38.1043   -90.9318    872.9    772.2    655.2
58244.0  38.1048   -90.9306    872.9    772.3    651.5
58245.0  38.1053   -90.9294    872.8    773.2    650.2
58246.0  38.1057   -90.9282    871.7    773.1    653.9
58247.0  38.1062   -90.9270    872.8    771.5    643.1
58248.0  38.1067   -90.9258    872.9    771.8    643.2
58249.0  38.1071   -90.9247    873.4    773.9    633.1
58250.0  38.1076   -90.9235    872.9    774.0    638.8
58251.0  38.1081   -90.9223    872.9    775.0    635.9
58252.0  38.1086   -90.9211    872.9    775.3    631.4
58253.0  38.1091   -90.9199    872.0    774.0    629.2
58254.0  38.1095   -90.9187    871.4    772.6    623.4
58255.0  38.1100   -90.9175    870.5    771.1    629.0
58256.0  38.1105   -90.9163    869.3    768.3    625.3
58257.0  38.1109   -90.9152    869.3    768.1    616.8
58258.0  38.1114   -90.9140    868.9    769.9    614.2
58259.0  38.1119   -90.9128    868.1    769.6    607.2
58260.0  38.1123   -90.9116    867.5    768.7    603.5
58261.0  38.1128   -90.9104    866.9    766.6    599.8
58262.0  38.1132   -90.9091    866.9    765.6    593.6
58263.0  38.1136   -90.9079    866.9    764.8    580.8
58264.0  38.1140   -90.9067    866.9    765.0    574.1
58265.0  38.1144   -90.9055    866.9    767.0    557.9
58266.0  38.1148   -90.9043    867.1    768.8    555.1
58267.0  38.1152   -90.9030    868.1    769.3    555.2
58268.0  38.1156   -90.9018    867.3    768.7    563.7
58269.0  38.1160   -90.9006    868.1    770.5    564.4
58270.0  38.1164   -90.8994    868.1    769.7    558.4
58271.0  38.1168   -90.8981    868.1    770.0    549.7
58272.0  38.1172   -90.8969    868.1    769.2    547.6
58273.0  38.1176   -90.8957    868.9    769.8    543.0
58274.0  38.1180   -90.8944    870.3    771.9    546.5
58275.0  38.1184   -90.8932    871.4    773.8    557.8
58276.0  38.1187   -90.8920    871.7    773.8    562.8
58277.0  38.1191   -90.8907    870.9    771.2    553.7
58278.0  38.1195   -90.8895    870.5    770.0    544.7
58279.0  38.1198   -90.8882    870.1    770.0    550.1
58280.0  38.1202   -90.8870    869.3    769.9    557.6
58281.0  38.1205   -90.8857    869.3    770.0    557.8
58282.0  38.1208   -90.8845    869.3    770.0    558.6
58283.0  38.1212   -90.8832    869.3    769.5    570.3
58284.0  38.1215   -90.8820    869.3    770.1    578.9
58285.0  38.1218   -90.8807    869.3    769.8    574.7
58286.0  38.1221   -90.8794    869.3    770.1    567.9
58287.0  38.1224   -90.8781    869.3    769.8    570.5
58288.0  38.1227   -90.8769    869.3    770.8    582.6
58289.0  38.1230   -90.8756    869.3    770.4    596.3
58290.0  38.1233   -90.8743    869.3    770.2    597.4
58291.0  38.1236   -90.8730    869.3    770.0    590.4
58292.0  38.1238   -90.8717    869.3    769.6    573.0
58293.0  38.1241   -90.8705    869.3    769.5    549.8
58294.0  38.1244   -90.8692    869.3    769.7    554.1
58295.0  38.1247   -90.8679    869.3    770.8    566.3
58296.0  38.1249   -90.8666    869.3    770.0    570.5
58297.0  38.1252   -90.8653    869.3    770.0    585.8
58298.0  38.1255   -90.8641    869.3    770.9    589.1
58299.0  38.1258   -90.8628    869.3    771.6    582.4
58300.0  38.1260   -90.8615    869.3    770.0    572.0
58301.0  38.1263   -90.8602    869.3    768.9    576.8
58302.0  38.1266   -90.8589    869.3    768.9    584.2
58303.0  38.1269   -90.8577    869.3    769.6    592.2
58304.0  38.1272   -90.8564    869.5    769.8    604.6
58305.0  38.1276   -90.8551    870.5    769.5    611.2
58306.0  38.1279   -90.8539    870.5    770.9    619.1
58307.0  38.1282   -90.8526    870.5    770.0    621.2
58308.0  38.1286   -90.8513    870.5    769.7    609.4
58309.0  38.1289   -90.8501    869.9    770.1    604.5
58310.0  38.1293   -90.8488    869.3    769.9    607.0
58311.0  38.1296   -90.8476    869.3    770.5    605.9
58312.0  38.1300   -90.8463    869.3    770.9    600.0
58313.0  38.1304   -90.8451    869.3    770.4    597.0
58314.0  38.1307   -90.8438    869.3    770.7    585.7
58315.0  38.1311   -90.8426    869.3    770.9    582.1
58316.0  38.1315   -90.8413    869.3    770.1    596.3
58317.0  38.1319   -90.8401    869.3    770.4    603.5
58318.0  38.1323   -90.8389    869.3    770.2    608.7
58319.0  38.1326   -90.8376    869.3    770.5    612.1
58320.0  38.1330   -90.8364    869.3    770.6    619.0
58321.0  38.1334   -90.8351    869.3    770.4    621.7
58322.0  38.1338   -90.8339    869.3    770.5    620.7
58323.0  38.1342   -90.8327    869.3    770.6    624.6
58324.0  38.1346   -90.8314    869.3    769.7    627.5
58325.0  38.1350   -90.8302    869.3    769.5    619.4
58326.0  38.1354   -90.8289    869.3    768.9    623.8
58327.0  38.1358   -90.8277    869.3    768.8    626.8
58328.0  38.1362   -90.8265    869.3    769.6    619.0
58329.0  38.1366   -90.8252    869.3    771.1    608.5
58330.0  38.1369   -90.8240    869.3    770.7    612.0
58331.0  38.1373   -90.8228    869.3    768.8    620.1
58332.0  38.1377   -90.8215    869.3    769.1    626.6
58333.0  38.1381   -90.8203    869.3    768.7    634.6
58334.0  38.1384   -90.8190    870.2    771.0    633.8
58335.0  38.1388   -90.8178    870.5    771.2    634.7
58336.0  38.1392   -90.8165    870.7    771.7    634.0
58337.0  38.1395   -90.8153    871.7    772.8    635.3
58338.0  38.1399   -90.8140    871.7    773.2    634.2
58339.0  38.1402   -90.8127    871.0    773.6    625.3
58340.0  38.1406   -90.8115    870.5    772.5    622.7
58341.0  38.1409   -90.8102    869.5    771.8    618.0
58342.0  38.1412   -90.8089    869.3    771.1    616.7
58343.0  38.1416   -90.8077    869.3    771.6    620.5
58344.0  38.1419   -90.8064    869.0    770.4    618.0
58345.0  38.1422   -90.8051    868.1    768.4    614.8
58346.0  38.1425   -90.8039    868.4    767.9    614.8
58347.0  38.1429   -90.8026    869.3    768.4    608.4
58348.0  38.1432   -90.8013    869.3    769.4    603.3
58349.0  38.1435   -90.8000    869.3    770.7    610.5
58350.0  38.1438   -90.7988    868.3    769.6    610.1
58351.0  38.1442   -90.7975    868.1    770.4    613.3
58352.0  38.1445   -90.7962    868.1    769.8    615.0
58353.0  38.1448   -90.7950    868.1    769.7    614.1
58354.0  38.1452   -90.7937    868.1    769.5    615.6
58355.0  38.1455   -90.7924    867.2    769.4    617.4
58356.0  38.1459   -90.7912    866.9    769.3    626.3
58357.0  38.1462   -90.7899    866.9    770.5    628.3
58358.0  38.1465   -90.7886    868.0    771.3    622.4
58359.0  38.1469   -90.7874    868.1    771.1    628.2
58360.0  38.1472   -90.7861    868.1    770.6    638.4
58361.0  38.1476   -90.7848    868.1    769.6    631.2
58362.0  38.1479   -90.7835    868.1    770.3    634.7
58363.0  38.1483   -90.7823    868.1    769.8    644.3
58364.0  38.1486   -90.7810    868.1    769.7    640.8
58365.0  38.1489   -90.7797    868.8    768.8    644.7
58366.0  38.1493   -90.7785    869.3    769.1    645.8
58367.0  38.1496   -90.7772    869.3    768.7    645.6
58368.0  38.1499   -90.7759    869.3    769.8    647.9
58369.0  38.1503   -90.7746    869.3    769.1    651.6
58370.0  38.1506   -90.7734    869.3    770.4    645.9
58371.0  38.1509   -90.7721    869.3    771.4    650.8
58372.0  38.1513   -90.7708    869.3    770.8    651.3
58373.0  38.1516   -90.7695    869.3    771.4    648.7
58374.0  38.1519   -90.7683    870.4    772.7    654.0
58375.0  38.1522   -90.7670    870.5    772.0    669.6
58376.0  38.1526   -90.7657    870.5    770.8    669.1
58377.0  38.1529   -90.7644    870.4    770.2    672.2
58378.0  38.1532   -90.7632    869.3    771.0    672.2
58379.0  38.1535   -90.7619    869.3    771.5    665.3
58380.0  38.1539   -90.7606    869.3    771.4    668.7
58381.0  38.1542   -90.7593    868.1    770.5    670.1
58382.0  38.1545   -90.7580    868.1    769.4    663.8
58383.0  38.1549   -90.7568    868.1    770.4    666.1
58384.0  38.1552   -90.7555    868.1    771.2    661.6
58385.0  38.1555   -90.7542    868.1    771.1    651.7
58386.0  38.1558   -90.7529    868.1    771.3    654.6
58387.0  38.1562   -90.7516    868.1    769.8    652.3
58388.0  38.1565   -90.7504    868.1    768.4    660.2
58389.0  38.1568   -90.7491    867.9    768.7    671.4
58390.0  38.1572   -90.7478    866.9    769.9    678.6
58391.0  38.1575   -90.7465    866.9    769.9    675.8
58392.0  38.1578   -90.7452    866.9    768.7    690.3
58393.0  38.1581   -90.7439    866.9    768.7    689.2
58394.0  38.1585   -90.7427    866.9    768.9    691.8
58395.0  38.1588   -90.7414    866.9    769.6    693.3
58396.0  38.1591   -90.7401    866.9    769.2    691.1
58397.0  38.1594   -90.7388    867.0    770.1    685.3
58398.0  38.1597   -90.7375    868.1    770.5    693.8
58399.0  38.1600   -90.7362    868.1    770.7    703.0
58400.0  38.1604   -90.7349    868.1    770.1    697.4
58401.0  38.1607   -90.7337    867.9    769.1    691.8
58402.0  38.1610   -90.7324    867.3    768.6    684.7
58403.0  38.1613   -90.7311    868.1    768.8    681.9
58404.0  38.1616   -90.7298    868.1    768.4    678.3
58405.0  38.1619   -90.7285    868.1    769.8    672.7
58406.0  38.1623   -90.7272    868.1    770.5    678.5
58407.0  38.1626   -90.7259    868.1    771.2    676.4
58408.0  38.1629   -90.7246    868.1    771.7    669.7
58409.0  38.1632   -90.7234    868.1    771.6    667.8
58410.0  38.1635   -90.7221    868.1    771.8    670.1
58411.0  38.1639   -90.7208    868.1    771.4    677.1
58412.0  38.1642   -90.7195    868.1    771.1    675.6
58413.0  38.1645   -90.7182    868.1    770.8    672.3
58414.0  38.1648   -90.7169    868.1    770.4    679.5
58415.0  38.1651   -90.7156    868.1    769.8    685.9
58416.0  38.1654   -90.7143    868.1    770.7    690.4
58417.0  38.1657   -90.7130    868.1    771.3    700.6
58418.0  38.1661   -90.7117    868.1    770.5    709.5
58419.0  38.1664   -90.7105    868.1    771.2    720.7
58420.0  38.1667   -90.7092    868.1    772.0    720.6
58421.0  38.1670   -90.7079    868.1    771.8    724.5
58422.0  38.1673   -90.7066    868.1    770.7    721.5
58423.0  38.1676   -90.7053    868.1    770.1    715.1
58424.0  38.1679   -90.7040    868.1    769.6    711.9
58425.0  38.1682   -90.7027    868.1    769.4    704.1
58426.0  38.1686   -90.7015    868.1    770.8    704.3
58427.0  38.1689   -90.7002    868.1    770.2    699.1
58428.0  38.1692   -90.6989    868.1    770.6    700.6
58429.0  38.1696   -90.6976    867.2    770.3    698.0
58430.0  38.1699   -90.6963    867.3    770.4    691.4
58431.0  38.1702   -90.6950    866.9    771.0    686.3
58432.0  38.1706   -90.6938    866.9    771.1    682.2
58433.0  38.1709   -90.6925    866.9    770.7    674.9
58434.0  38.1713   -90.6912    866.9    769.5    665.7
58435.0  38.1717   -90.6899    866.9    770.8    653.1
58436.0  38.1720   -90.6887    866.9    770.0    652.5
58437.0  38.1724   -90.6874    866.9    768.8    654.1
58438.0  38.1727   -90.6861    866.9    771.3    664.3
58439.0  38.1731   -90.6848    866.9    771.4    665.5
58440.0  38.1734   -90.6835    867.0    772.1    663.8
58441.0  38.1738   -90.6823    868.1    771.0    669.2
58442.0  38.1741   -90.6810    868.1    769.9    658.5
58443.0  38.1745   -90.6797    868.1    769.9    653.4
58444.0  38.1748   -90.6784    868.1    768.8    655.5
58445.0  38.1752   -90.6772    868.1    768.8    654.9
58446.0  38.1755   -90.6759    868.1    769.8    658.1
58447.0  38.1759   -90.6746    868.1    770.7    662.5
58448.0  38.1762   -90.6733    868.1    769.2    667.8
58449.0  38.1766   -90.6720    868.1    768.3    668.3
58450.0  38.1769   -90.6708    868.1    768.6    673.9
58451.0  38.1773   -90.6695    868.1    769.9    673.8
58452.0  38.1777   -90.6682    867.0    770.3    682.3
58453.0  38.1780   -90.6669    866.9    769.8    681.9
58454.0  38.1784   -90.6656    866.9    769.7    685.9
58455.0  38.1787   -90.6644    866.9    770.5    690.4
58456.0  38.1791   -90.6631    866.9    770.0    693.5
58457.0  38.1794   -90.6618    866.9    771.2    706.0
58458.0  38.1798   -90.6605    868.0    772.1    694.7
58459.0  38.1801   -90.6592    868.1    772.0    688.0
58460.0  38.1805   -90.6579    868.1    771.4    686.0
58461.0  38.1808   -90.6566    868.1    772.0    689.6
58462.0  38.1811   -90.6554    868.1    771.3    693.0
58463.0  38.1815   -90.6541    868.1    770.7    696.6
58464.0  38.1818   -90.6528    868.1    770.0    688.0
58465.0  38.1822   -90.6515    868.1    770.1    683.5
58466.0  38.1825   -90.6502    868.1    770.5    685.3
58467.0  38.1828   -90.6489    868.1    771.1    678.6
58468.0  38.1832   -90.6476    868.1    770.9    678.8
58469.0  38.1835   -90.6464    868.2    770.0    672.9
58470.0  38.1839   -90.6451    870.1    771.0    671.5
58471.0  38.1842   -90.6438    870.5    770.4    664.3
58472.0  38.1845   -90.6425    870.5    770.4    661.8
58473.0  38.1849   -90.6412    870.5    771.3    654.6
58474.0  38.1852   -90.6399    870.5    770.4    659.7
58475.0  38.1855   -90.6386    870.5    770.1    659.8
58476.0  38.1859   -90.6374    870.5    770.9    669.0
58477.0  38.1862   -90.6361    870.5    771.9    658.5
58478.0  38.1865   -90.6348    869.6    771.0    648.7
58479.0  38.1868   -90.6335    869.3    771.4    648.6
58480.0  38.1872   -90.6322    869.3    772.0    647.5
58481.0  38.1875   -90.6309    869.3    772.1    646.5
58482.0  38.1878   -90.6296    868.9    771.2    652.5
58483.0  38.1881   -90.6283    868.1    770.6    650.9
58484.0  38.1884   -90.6270    868.1    770.6    654.3
58485.0  38.1888   -90.6257    868.1    770.1    649.6
58486.0  38.1891   -90.6244    868.1    769.9    651.0
58487.0  38.1894   -90.6231    868.1    769.9    660.5
58488.0  38.1897   -90.6218    868.1    769.1    654.6
58489.0  38.1900   -90.6205    868.1    769.8    646.9
58490.0  38.1904   -90.6193    868.1    769.5    634.8
58491.0  38.1907   -90.6180    868.1    770.2    639.3
58492.0  38.1910   -90.6167    868.1    769.3    642.5
58493.0  38.1913   -90.6154    868.3    768.8    652.7
58494.0  38.1917   -90.6141    870.5    769.1    648.3
58495.0  38.1920   -90.6128    870.5    768.9    664.1
58496.0  38.1923   -90.6115    870.5    769.2    665.4
58497.0  38.1926   -90.6102    870.4    769.3    665.2
58498.0  38.1930   -90.6089    869.3    770.3    676.5
58499.0  38.1933   -90.6077    869.3    769.4    668.1
58500.0  38.1936   -90.6064    869.3    768.1    672.7
58501.0  38.1939   -90.6051    869.2    767.8    668.8
58502.0  38.1943   -90.6038    868.1    768.6    674.6
58503.0  38.1946   -90.6025    868.1    770.7    676.9
58504.0  38.1949   -90.6012    868.1    769.8    680.4
