flight/WP3D/AircraftPos_NP3_20130529_RA.ict
38  1001
Ken Aikin
NOAA ESRL Chemical Sciences Division
various aircraft sensors
SENEX 2013
1  1
2013  05  29  2013  05  29
1
AOCTimewave
5
1  1  1  1  1 
-9999  -9999  -9999  -9999  -9999
GpsLat
GpsLon
GpsAlt
PAlt
RAlt
1
SPECIAL COMMENTS:Lots of AOC data system problems. Large gaps in data.
18
PI_CONTACT_INFO: Address: NOAA ESRL Chemical Sciences Division  Mail Stop R/CSD7  325 Broadway  Boulder  CO 80305
PLATFORM: NOAA WP-3D
LOCATION: The aircraft was stationed in Smyrna  Tennessee. Aircraft location information in AircraftPosition file.
ASSOCIATED_DATA: N/A
INSTRUMENT_INFO: N/A
DATA_INFO: Units:GpsLat:decimal degrees; GpsLon: decimal degrees; GpsAlt: meters; PAlt: meters; RAlt: meters.
UNCERTAINTY: N/A
ULOD_FLAG: -7777
ULOD_VALUE: N/A
LLOD_FLAG: -8888
LLOD_VALUE: N/A
DM_CONTACT_INFO: Data Manager:Ken Aikin; email:Kenneth.C.Aikin@noaa.gov
PROJECT_INFO: SENEX 2013 Study; June 1 - July 15  2013
STIPULATIONS_ON_USE: Use of these data require prior ok from PI.
OTHER_COMMENTS:       None
REVISION: RA
RA: Preliminary Data.  For in-field use.
AOCTimewave  GpsLat  GpsLon  GpsAlt  PAlt  RAlt
[from data line 291]
75810.0  27.9453   -82.2789   1425.9   1290.5   1414.1
75811.0  27.9463   -82.2787   1432.0   1295.9   1413.9
75812.0  27.9474   -82.2785   1438.3   1302.6   1434.6
75813.0  27.9484   -82.2784   1444.9   1310.1   1431.8
75814.0  27.9495   -82.2782   1451.1   1314.9   1445.5
75815.0  27.9505   -82.2781   1457.4   1321.2   1445.1
75816.0  27.9516   -82.2779   1463.9   1328.4   1447.5
75817.0  27.9526   -82.2778   1470.5   1334.1   1458.8
75818.0  27.9537   -82.2776   1476.1   1338.8  -9999.0
75819.0  27.9548   -82.2775   1481.4   1344.5   1465.6
75820.0  27.9558   -82.2773   1486.8   1348.7   1473.2
75821.0  27.9569   -82.2771   1492.3   1354.0   1466.8
75822.0  27.9579   -82.2770   1498.1   1359.9   1476.6
75823.0  27.9590   -82.2768   1504.3   1365.2   1474.8
75824.0  27.9601   -82.2766   1510.9   1372.3   1488.0
75825.0  27.9611   -82.2764   1517.3   1378.0   1499.3
75826.0  27.9622   -82.2763   1523.6   1385.3   1508.3
75827.0  27.9632   -82.2761   1529.7   1390.5   1512.8
75828.0  27.9643   -82.2759   1535.6   1395.7   1509.2
75829.0  27.9654   -82.2757   1541.1   1400.8   1513.5
75830.0  27.9664   -82.2755   1546.6   1406.3   1517.7
75831.0  27.9675   -82.2753   1552.1   1411.0   1533.5
75832.0  27.9685   -82.2751   1557.9   1417.3   1542.2
75833.0  27.9696   -82.2749   1563.5   1424.6   1560.2
75834.0  27.9707   -82.2747   1568.8   1429.5   1554.1
75835.0  27.9717   -82.2744   1573.7   1433.7   1563.3
75836.0  27.9728   -82.2742   1578.7   1437.7   1568.1
75837.0  27.9739   -82.2740   1584.5   1442.9   1572.2
75838.0  27.9749   -82.2738   1590.7   1449.1   1575.3
75839.0  27.9760   -82.2735   1597.2   1456.1   1578.3
75840.0  27.9770   -82.2733   1603.8   1461.4   1588.8
75841.0  27.9781   -82.2731   1610.4   1467.1   1600.1
75842.0  27.9792   -82.2729   1617.0   1473.8   1607.7
75843.0  27.9802   -82.2726   1623.6   1480.8   1606.6
75844.0  27.9813   -82.2724   1630.4   1487.2   1618.7
75845.0  27.9824   -82.2722   1636.9   1492.9   1621.0
75846.0  27.9834   -82.2720   1643.3   1498.3   1642.9
75847.0  27.9845   -82.2718   1649.6   1505.0   1649.8
75848.0  27.9856   -82.2716   1655.9   1510.7   1651.6
75849.0  27.9867   -82.2713   1662.1   1516.8   1653.1
75850.0  27.9877   -82.2711   1668.3   1523.0   1651.8
75851.0  27.9888   -82.2709   1674.6   1529.5   1651.2
75852.0  27.9899   -82.2707   1680.8   1535.9   1667.1
75853.0  27.9910   -82.2705   1686.7   1541.4   1669.7
75854.0  27.9920   -82.2702   1692.5   1548.0   1694.3
75855.0  27.9931   -82.2700   1698.2   1553.4   1694.2
75856.0  27.9942   -82.2698   1703.6   1558.5  -9999.0
75857.0  27.9953   -82.2695   1709.4   1564.1   1696.5
75858.0  27.9963   -82.2693   1715.9   1570.4   1698.9
75859.0  27.9974   -82.2690   1722.9   1576.5   1717.1
75860.0  27.9985   -82.2688   1730.2   1583.3   1730.4
75861.0  27.9995   -82.2686   1737.4   1590.7   1739.3
75862.0  28.0006   -82.2683   1744.6   1597.6   1746.8
75863.0  28.0017   -82.2681   1751.9   1603.5   1735.2
75864.0  28.0028   -82.2679   1759.3   1610.1   1744.7
75865.0  28.0039   -82.2677   1766.7   1616.5   1754.3
75866.0  28.0049   -82.2675   1774.0   1623.9   1765.8
75867.0  28.0060   -82.2673   1781.5   1631.3   1768.2
75868.0  28.0071   -82.2671   1789.0   1640.4   1766.4
75869.0  28.0082   -82.2669   1796.9   1647.0   1776.3
75870.0  28.0093   -82.2668   1804.8   1655.5   1802.0
75871.0  28.0104   -82.2666   1813.0   1662.6   1829.8
75872.0  28.0115   -82.2664   1821.1   1669.7   1844.2
75873.0  28.0125   -82.2663   1829.1   1676.5   1847.6
75874.0  28.0136   -82.2661   1837.1   1684.8   1841.4
75875.0  28.0147   -82.2659   1844.8   1693.3   1839.6
75876.0  28.0158   -82.2658   1852.3   1700.1   1827.5
75877.0  28.0169   -82.2656   1859.6   1707.2   1847.9
75878.0  28.0180   -82.2654   1866.7   1713.5   1846.2
75879.0  28.0191   -82.2653   1873.8   1721.4   1867.1
75880.0  28.0201   -82.2651   1881.1   1728.2   1883.8
75881.0  28.0212   -82.2650   1888.7   1735.3   1885.5
75882.0  28.0223   -82.2648   1896.1   1742.8   1892.3
75883.0  28.0234   -82.2646   1903.5   1748.9   1910.8
75884.0  28.0245   -82.2645   1910.5   1755.6   1897.3
75885.0  28.0256   -82.2643   1917.2   1761.9   1906.0
75886.0  28.0267   -82.2642   1923.7   1768.5   1907.1
75887.0  28.0277   -82.2640   1930.1   1775.7   1917.1
75888.0  28.0288   -82.2638   1936.2   1781.1   1932.8
75889.0  28.0299   -82.2637   1942.0   1786.8   1933.4
75890.0  28.0310   -82.2635   1946.7   1791.6   1935.3
75891.0  28.0321   -82.2633   1950.5   1795.4   1954.0
75892.0  28.0332   -82.2632   1953.7   1798.4   1965.5
75893.0  28.0343   -82.2630   1956.9   1802.6   1942.9
75894.0  28.0354   -82.2628   1960.2   1806.7   1964.3
75895.0  28.0365   -82.2627   1963.9   1808.9   1961.9
75896.0  28.0376   -82.2625   1967.4   1811.7   1966.2
75897.0  28.0387   -82.2623   1970.6   1814.4   1974.2
75898.0  28.0398   -82.2621   1974.0   1817.5   1983.4
75899.0  28.0409   -82.2620   1977.3   1820.3  -9999.0
75900.0  28.0420   -82.2618   1980.9   1822.5   1975.0
75901.0  28.0431   -82.2616   1985.6   1827.9   2002.8
75902.0  28.0442   -82.2615   1990.9   1832.1   2008.6
75903.0  28.0454   -82.2613   1996.8   1839.1   2009.3
75904.0  28.0465   -82.2611   2002.9   1845.6   2007.6
75905.0  28.0476   -82.2610   2008.6   1851.2   2011.4
75906.0  28.0487   -82.2608   2013.7   1856.4   2004.8
75907.0  28.0499   -82.2606   2018.3   1859.9   2016.1
75908.0  28.0510   -82.2605   2022.8   1863.5   2022.4
75909.0  28.0521   -82.2603   2026.8   1868.5   2019.3
75910.0  28.0532   -82.2602   2031.0   1871.7   2009.9
75911.0  28.0544   -82.2600   2035.7   1876.2   2019.5
75912.0  28.0555   -82.2599   2040.7   1881.4   2026.2
75913.0  28.0566   -82.2597   2046.1   1887.8   2034.3
75914.0  28.0578   -82.2596   2051.7   1892.9   2033.1
75915.0  28.0589   -82.2594   2057.4   1898.5   2038.3
75916.0  28.0600   -82.2592   2063.4   1903.7   2049.0
75917.0  28.0612   -82.2591   2069.4   1909.6   2051.3
75918.0  28.0623   -82.2589   2075.2   1915.3   2068.5
75919.0  28.0635   -82.2588   2080.7   1919.6   2084.6
75920.0  28.0646   -82.2587   2086.7   1924.2   2096.0
75921.0  28.0657   -82.2585   2093.5   1930.9   2100.8
75922.0  28.0669   -82.2584   2101.3   1939.3   2112.1
75923.0  28.0680   -82.2582   2110.0   1947.6   2116.1
75924.0  28.0691   -82.2581   2119.1   1955.1   2121.9
75925.0  28.0703   -82.2579   2128.5   1963.6   2148.6
75926.0  28.0714   -82.2578   2138.3   1973.0   2147.9
75927.0  28.0725   -82.2576   2148.6   1982.9   2160.1
75928.0  28.0736   -82.2575   2158.9   1992.5   2161.6
75929.0  28.0747   -82.2573   2169.3   2003.5   2168.7
75930.0  28.0759   -82.2572   2179.7   2015.5   2183.9
75931.0  28.0770   -82.2570   2189.9   2025.4   2168.4
75932.0  28.0781   -82.2569   2199.7   2034.2   2193.1
75933.0  28.0792   -82.2568   2209.3   2044.1   2213.3
75934.0  28.0803   -82.2566   2218.7   2053.5   2213.0
75935.0  28.0814   -82.2565   2227.9   2062.9   2220.9
75936.0  28.0825   -82.2564   2237.2   2070.4   2218.3
75937.0  28.0836   -82.2562   2246.5   2079.0   2244.0
75938.0  28.0847   -82.2561   2255.9   2087.4   2247.9
75939.0  28.0858   -82.2560   2265.1   2095.6   2247.6
75940.0  28.0868   -82.2558   2274.3   2105.5   2256.7
75941.0  28.0879   -82.2557   2283.6   2114.0   2271.2
75942.0  28.0890   -82.2555   2292.7   2122.1   2284.2
75943.0  28.0901   -82.2553   2301.7   2130.7   2298.6
75944.0  28.0912   -82.2552   2310.5   2138.9   2306.6
75945.0  28.0922   -82.2550   2318.9   2147.9   2317.3
75946.0  28.0933   -82.2548   2326.7   2154.2   2325.4
75947.0  28.0944   -82.2547   2334.5   2161.9   2325.7
75948.0  28.0954   -82.2545   2342.3   2168.6   2348.7
75949.0  28.0965   -82.2543   2350.8   2178.0   2349.4
75950.0  28.0976   -82.2542   2359.5   2187.0   2366.2
75951.0  28.0986   -82.2540   2368.4   2196.5   2382.8
75952.0  28.0997   -82.2538   2377.1   2203.7   2385.3
75953.0  28.1007   -82.2537   2385.6   2211.1  -9999.0
75954.0  28.1018   -82.2535   2394.0   2218.5   2393.7
75955.0  28.1028   -82.2533   2402.2   2226.9   2415.6
75956.0  28.1039   -82.2531   2409.9   2234.5   2427.9
75957.0  28.1049   -82.2530   2417.2   2241.8   2436.2
75958.0  28.1060   -82.2528   2424.5   2249.4   2446.9
75959.0  28.1070   -82.2526   2430.9   2254.6   2441.5
75960.0  28.1081   -82.2524   2436.5   2260.5   2439.5
75961.0  28.1091   -82.2522   2441.8   2266.3   2446.1
75962.0  28.1102   -82.2520   2447.4   2272.0   2458.9
75963.0  28.1112   -82.2518   2453.0   2276.7   2463.6
75964.0  28.1123   -82.2516   2458.6   2281.6   2470.5
75965.0  28.1134   -82.2514   2464.0   2287.1   2476.3
75966.0  28.1144   -82.2512   2468.9   2291.6   2494.2
75967.0  28.1155   -82.2510   2473.2   2295.5   2492.3
75968.0  28.1165   -82.2508   2477.7   2299.9   2504.0
75969.0  28.1176   -82.2506   2482.3   2305.2   2500.6
75970.0  28.1186   -82.2504   2486.7   2309.3   2506.5
75971.0  28.1197   -82.2502   2491.4   2312.8   2507.9
75972.0  28.1208   -82.2500   2496.8   2318.2   2516.6
75973.0  28.1218   -82.2498   2502.3   2324.0   2524.6
75974.0  28.1229   -82.2496   2507.7   2329.3   2536.0
75975.0  28.1240   -82.2494   2512.6   2334.0   2536.2
75976.0  28.1250   -82.2492   2517.5   2338.4   2538.6
75977.0  28.1261   -82.2490   2522.5   2344.6   2546.6
75978.0  28.1272   -82.2488   2528.0   2349.2   2561.3
75979.0  28.1282   -82.2486   2533.8   2353.1   2560.4
75980.0  28.1293   -82.2484   2540.0   2358.9   2564.9
75981.0  28.1304   -82.2482   2546.3   2365.3   2568.5
75982.0  28.1314   -82.2480   2552.4   2371.1   2576.8
75983.0  28.1325   -82.2478   2558.3   2376.8   2576.5
75984.0  28.1336   -82.2476   2564.1   2382.3   2592.1
75985.0  28.1347   -82.2474   2569.2   2387.8   2589.8
75986.0  28.1357   -82.2472   2574.2   2392.1   2592.5
75987.0  28.1368   -82.2470   2578.9   2397.0   2592.7
75988.0  28.1379   -82.2468   2583.9   2401.8   2598.1
75989.0  28.1390   -82.2466   2588.6   2406.5   2603.8
75990.0  28.1401   -82.2465   2592.2   2410.0   2610.5
75991.0  28.1412   -82.2463   2595.6   2413.1   2616.5
75992.0  28.1423   -82.2461   2598.6   2416.6   2607.0
75993.0  28.1434   -82.2459   2601.8   2419.8   2618.3
75994.0  28.1445   -82.2458   2605.0   2422.4   2626.9
75995.0  28.1456   -82.2456   2608.2   2423.9   2601.4
75996.0  28.1467   -82.2454   2611.7   2427.5   2602.7
75997.0  28.1478   -82.2453   2615.3   2430.4   2634.8
75998.0  28.1489   -82.2451   2618.8   2434.3   2652.1
75999.0  28.1500   -82.2450   2622.4   2438.0   2651.5
76000.0  28.1511   -82.2449   2626.4   2442.2   2644.9
76001.0  28.1522   -82.2448   2630.8   2447.2   2640.8
76002.0  28.1534   -82.2448   2635.7   2450.8   2641.9
76003.0  28.1545   -82.2447   2640.7   2455.6   2642.8
76004.0  28.1556   -82.2447   2646.0   2459.6   2631.9
76005.0  28.1568   -82.2447   2651.6   2464.5   2637.4
76006.0  28.1579   -82.2447   2657.2   2470.0   2645.8
76007.0  28.1591   -82.2447   2663.0   2475.6   2647.3
76008.0  28.1602   -82.2447   2669.0   2481.6   2666.9
76009.0  28.1614   -82.2448   2675.2   2487.4   2678.1
76010.0  28.1625   -82.2449   2681.5   2495.1   2687.1
76011.0  28.1636   -82.2450   2688.0   2500.6   2678.9
76012.0  28.1648   -82.2451   2694.9   2507.0   2691.6
76013.0  28.1659   -82.2451   2702.0   2513.9   2695.5
76014.0  28.1671   -82.2452   2708.9   2519.7   2703.6
76015.0  28.1682   -82.2453   2715.8   2526.0   2696.6
76016.0  28.1693   -82.2454   2722.6   2533.1   2709.1
76017.0  28.1705   -82.2455   2729.6   2540.1   2706.2
76018.0  28.1716   -82.2455   2736.6   2547.2   2720.1
76019.0  28.1728   -82.2456   2743.0   2553.3   2720.8
76020.0  28.1739   -82.2457   2749.1   2559.7   2728.7
76021.0  28.1750   -82.2457   2755.0   2565.7   2736.7
76022.0  28.1762   -82.2458   2760.0   2570.2   2740.4
76023.0  28.1773   -82.2459   2764.9   2574.0   2745.1
76024.0  28.1785   -82.2459   2770.0   2579.7   2754.5
76025.0  28.1796   -82.2460   2775.8   2585.2   2775.0
76026.0  28.1808   -82.2461   2781.3   2590.3   2774.2
76027.0  28.1819   -82.2461   2787.0   2595.3   2780.0
76028.0  28.1831   -82.2462   2792.7   2600.2   2781.6
76029.0  28.1842   -82.2462   2798.7   2606.8  -9999.0
76030.0  28.1853   -82.2463   2804.9   2611.8   2801.8
76031.0  28.1865   -82.2463   2811.6   2618.3   2809.9
76032.0  28.1876   -82.2464   2818.3   2626.1   2813.0
76033.0  28.1888   -82.2464   2824.6   2633.2   2814.9
76034.0  28.1899   -82.2465   2830.9   2639.3   2834.8
76035.0  28.1910   -82.2465   2837.5   2644.9   2839.1
76036.0  28.1922   -82.2466   2844.7   2650.7   2835.6
76037.0  28.1933   -82.2466   2852.2   2657.0   2850.4
76038.0  28.1945   -82.2466   2860.1   2664.4   2869.8
76039.0  28.1956   -82.2467   2868.1   2672.9   2862.5
76040.0  28.1967   -82.2467   2876.2   2680.2   2874.6
76041.0  28.1979   -82.2467   2883.8   2687.7   2876.2
76042.0  28.1990   -82.2467   2891.5   2695.0   2868.4
76043.0  28.2001   -82.2468   2899.3   2702.8   2883.0
76044.0  28.2013   -82.2468   2907.4   2710.5   2905.2
76045.0  28.2024   -82.2468   2915.5   2718.7   2904.1
76046.0  28.2035   -82.2468   2923.9   2726.1   2908.8
76047.0  28.2046   -82.2469   2931.9   2733.3   2919.2
76048.0  28.2057   -82.2469   2938.9   2740.7   2910.9
76049.0  28.2069   -82.2469   2945.4   2746.2   2917.9
76050.0  28.2080   -82.2469   2951.6   2750.6   2932.8
76051.0  28.2091   -82.2469   2957.5   2756.5   2944.1
76052.0  28.2102   -82.2469   2963.4   2763.4   2938.1
76053.0  28.2114   -82.2470   2969.1   2769.1   2952.4
76054.0  28.2125   -82.2470   2974.6   2775.0   2957.7
76055.0  28.2136   -82.2470   2979.7   2779.2   2976.2
76056.0  28.2147   -82.2470   2984.8   2783.7   2972.1
76057.0  28.2159   -82.2470   2989.9   2789.4   2963.3
76058.0  28.2170   -82.2470   2994.8   2793.9   2963.3
76059.0  28.2181   -82.2470   2999.5   2798.2   2969.7
76060.0  28.2193   -82.2470   3004.2   2803.6   2971.2
76061.0  28.2204   -82.2470   3009.1   2808.7   2977.9
76062.0  28.2215   -82.2470   3014.2   2812.5   2984.6
76063.0  28.2227   -82.2470   3019.3   2817.9   2980.4
76064.0  28.2238   -82.2470   3024.6   2822.6   3007.6
76065.0  28.2249   -82.2470   3030.0   2828.0   3018.2
76066.0  28.2261   -82.2470   3035.1   2831.8   3024.9
76067.0  28.2272   -82.2470   3040.0   2835.3   3023.8
76068.0  28.2283   -82.2469   3044.8   2841.1   3028.5
76069.0  28.2295   -82.2469   3049.3   2846.7   3046.7
76070.0  28.2306   -82.2469   3053.6   2850.7   3053.4
76071.0  28.2318   -82.2469   3058.0   2854.6   3049.2
76072.0  28.2329   -82.2469   3062.1   2858.7   3040.2
76073.0  28.2340   -82.2469   3066.0   2862.5   3044.1
76074.0  28.2352   -82.2469   3070.0   2865.9   3042.6
76075.0  28.2363   -82.2468   3074.0   2869.2   3044.2
76076.0  28.2375   -82.2468   3077.8   2873.4   3061.9
76077.0  28.2386   -82.2468   3081.5   2876.4   3062.3
76078.0  28.2398   -82.2467   3085.1   2879.4   3062.2
76079.0  28.2409   -82.2467   3088.4   2882.9   3058.4
76080.0  28.2421   -82.2466   3091.7   2885.7   3060.2
76081.0  28.2432   -82.2465   3095.2   2888.9   3063.1
76082.0  28.2444   -82.2465   3099.4   2892.3   3072.7
76083.0  28.2455   -82.2464   3104.0   2896.6   3072.7
76084.0  28.2467   -82.2463   3108.9   2901.2   3072.9
76085.0  28.2478   -82.2462   3113.9   2905.3   3073.7
76086.0  28.2490   -82.2461   3119.5   2910.7   3090.7
76087.0  28.2501   -82.2460   3125.8   2916.5   3092.4
76088.0  28.2513   -82.2458   3132.7   2924.7   3107.7
76089.0  28.2524   -82.2457   3139.8   2931.5   3111.7
76090.0  28.2535   -82.2455   3146.5   2937.8   3114.8
76091.0  28.2547   -82.2454   3153.1   2944.5   3115.6
76092.0  28.2558   -82.2452   3159.5   2950.7   3122.7
76093.0  28.2570   -82.2451   3165.8   2956.1   3117.6
76094.0  28.2581   -82.2449   3172.3   2963.2   3131.6
76095.0  28.2592   -82.2448   3178.8   2970.0   3149.7
76096.0  28.2604   -82.2446   3185.3   2975.8   3145.0
76097.0  28.2615   -82.2445   3192.0   2982.3   3145.4
76098.0  28.2626   -82.2443   3198.3   2988.3   3162.7
76099.0  28.2638   -82.2442   3203.6   2993.3   3159.1
