flight/WP3D/AircraftMis_NP3_20130529_RA.ict
41  1001
Ken Aikin
NOAA ESRL Chemical Sciences Division
various aircraft sensors
SENEX 2013
1  1
2013  05  29  2013  05  29
1
AOCTimewave
8
1  1  1  1  1  1  1  1
-9999  -9999  -9999  -9999  -9999  -9999  -9999  -9999
Attack
CabinPrs
GndSpd
Heading
Pitch
Roll
Slip
TrueAirSpd
1
SPECIAL COMMENTS:Lots of AOC data system problems. Large gaps in data.
18
PI_CONTACT_INFO: Address: NOAA ESRL Chemical Sciences Division  Mail Stop R/CSD7  325 Broadway  Boulder  CO 80305
PLATFORM: NOAA WP-3D
LOCATION: The aircraft was stationed in  Smyrna  Tennessee. Aircraft location information in AircraftPosition file.
ASSOCIATED_DATA: N/A
INSTRUMENT_INFO: N/A
DATA_INFO: Units: Attack degrees; CabinPrs millibar; GndSpd m/s; Heading degrees; Pitch degrees; Roll degrees; Slip degrees; TrueAirSpd m/s
UNCERTAINTY: N/A
ULOD_FLAG: -7777
ULOD_VALUE: N/A
LLOD_FLAG: -8888
LLOD_VALUE: N/A
DM_CONTACT_INFO: Data Manager:Ken Aikin; email:Kenneth.C.Aikin@noaa.gov
PROJECT_INFO: SENEX 2013 Study; June 1 - July 15  2013
STIPULATIONS_ON_USE: Use of these data require prior ok from PI.
OTHER_COMMENTS:       None
REVISION: RA
RA: Preliminary Data.  For in-field use.
AOCTimewave  Attack  CabinPrs  GndSpd  Heading  Pitch  Roll  Slip  TrueAirSpd
[from data line 7196]
82715.0  1.4  917.0  -9999.0  -9999.0  -9999.00  -9999.00  -0.76  114.8
82716.0  1.5  915.8  -9999.0  -9999.0  -9999.00  -9999.00  -0.89  114.7
82717.0  1.2  914.9  -9999.0  -9999.0  -9999.00  -9999.00  -1.13  115.0
82718.0  1.0  914.0  -9999.0  -9999.0  -9999.00  -9999.00  -0.83  114.5
82719.0  1.1  913.1  -9999.0  -9999.0  -9999.00  -9999.00  -0.02  114.4
82720.0  1.3  912.3  -9999.0  -9999.0  -9999.00  -9999.00  -0.25  114.8
82721.0  1.3  911.0  -9999.0  -9999.0  -9999.00  -9999.00  -0.79  114.9
82722.0  1.5  910.3  -9999.0  -9999.0  -9999.00  -9999.00  -0.75  116.2
82723.0  1.4  909.7  -9999.0  -9999.0  -9999.00  -9999.00  -1.03  116.6
82724.0  1.1  909.0  -9999.0  -9999.0  -9999.00  -9999.00  -0.75  116.6
82725.0  1.1  907.3  -9999.0  -9999.0  -9999.00  -9999.00  -0.29  116.9
82726.0  1.1  906.8  -9999.0  -9999.0  -9999.00  -9999.00  -0.62  117.5
82727.0  1.2  906.0  -9999.0  -9999.0  -9999.00  -9999.00  -1.05  118.1
82728.0  1.1  905.1  -9999.0  -9999.0  -9999.00  -9999.00  -0.98  118.3
82729.0  1.2  904.1  -9999.0  -9999.0  -9999.00  -9999.00  -0.75  117.5
82730.0  1.3  903.3  -9999.0  -9999.0  -9999.00  -9999.00  -0.45  117.2
82731.0  1.3  902.1  -9999.0  -9999.0  -9999.00  -9999.00  -0.47  117.0
82732.0  1.4  901.4  -9999.0  -9999.0  -9999.00  -9999.00  -0.75  117.1
82733.0  0.9  900.4  -9999.0  -9999.0  -9999.00  -9999.00  -0.59  117.3
82734.0  0.9  899.5  -9999.0  -9999.0  -9999.00  -9999.00  -0.45  117.5
82735.0  1.0  898.2  -9999.0  -9999.0  -9999.00  -9999.00  -0.60  117.8
82736.0  1.1  897.3  -9999.0  -9999.0  -9999.00  -9999.00  -0.66  118.0
82737.0  1.0  896.1  -9999.0  -9999.0  -9999.00  -9999.00  -0.50  118.0
82738.0  1.0  895.0  -9999.0  -9999.0  -9999.00  -9999.00  -0.94  117.9
82739.0  1.0  894.6  -9999.0  -9999.0  -9999.00  -9999.00  -1.15  117.9
82740.0  1.1  893.6  -9999.0  -9999.0  -9999.00  -9999.00  -0.83  117.9
82741.0  1.2  892.6  -9999.0  -9999.0  -9999.00  -9999.00  -0.57  118.1
82742.0  1.3  891.8  -9999.0  -9999.0  -9999.00  -9999.00  -0.47  118.1
82743.0  1.3  890.6  -9999.0  -9999.0  -9999.00  -9999.00  -0.74  118.0
82744.0  1.2  889.8  -9999.0  -9999.0  -9999.00  -9999.00  -0.81  118.2
82745.0  1.2  888.7  -9999.0  -9999.0  -9999.00  -9999.00  -0.90  118.2
82746.0  1.3  888.2  -9999.0  -9999.0  -9999.00  -9999.00  -0.64  118.2
82747.0  1.3  887.1  -9999.0  -9999.0  -9999.00  -9999.00  -0.47  118.3
82748.0  1.2  886.3  -9999.0  -9999.0  -9999.00  -9999.00  -0.69  118.5
82749.0  1.2  885.4  -9999.0  -9999.0  -9999.00  -9999.00  -1.20  118.3
82750.0  1.2  884.2  -9999.0  -9999.0  -9999.00  -9999.00  -1.24  118.2
82751.0  1.1  883.7  -9999.0  -9999.0  -9999.00  -9999.00  -0.78  118.3
82752.0  0.9  882.5  -9999.0  -9999.0  -9999.00  -9999.00  -0.46  118.5
82753.0  0.9  881.2  -9999.0  -9999.0  -9999.00  -9999.00  -0.83  118.9
82754.0  1.2  880.8  -9999.0  -9999.0  -9999.00  -9999.00  -1.08  118.9
82755.0  1.1  879.1  -9999.0  -9999.0  -9999.00  -9999.00  -0.84  118.8
82756.0  1.1  878.6  -9999.0  -9999.0  -9999.00  -9999.00  -0.67  118.8
82757.0  1.2  877.2  -9999.0  -9999.0  -9999.00  -9999.00  -0.74  118.9
82758.0  1.3  876.5  -9999.0  -9999.0  -9999.00  -9999.00  -0.91  118.7
82759.0  1.2  875.1  -9999.0  -9999.0  -9999.00  -9999.00  -0.97  118.6
82760.0  1.3  874.7  -9999.0  -9999.0  -9999.00  -9999.00  -0.89  118.3
82761.0  1.2  873.6  -9999.0  -9999.0  -9999.00  -9999.00  -0.62  118.5
82762.0  1.2  873.1  -9999.0  -9999.0  -9999.00  -9999.00  -0.68  118.3
82763.0  1.3  871.5  -9999.0  -9999.0  -9999.00  -9999.00  -0.96  118.0
82764.0  1.3  870.6  -9999.0  -9999.0  -9999.00  -9999.00  -1.08  117.9
82765.0  1.2  869.9  -9999.0  -9999.0  -9999.00  -9999.00  -0.89  117.6
82766.0  1.2  868.7  -9999.0  -9999.0  -9999.00  -9999.00  -0.76  117.3
82767.0  1.0  867.3  -9999.0  -9999.0  -9999.00  -9999.00  -0.77  117.1
82768.0  0.9  866.6  -9999.0  -9999.0  -9999.00  -9999.00  -0.61  117.0
82769.0  1.3  865.3  -9999.0  -9999.0  -9999.00  -9999.00  -0.71  116.9
82770.0  1.4  864.4  -9999.0  -9999.0  -9999.00  -9999.00  -0.82  116.7
82771.0  1.3  863.5  -9999.0  -9999.0  -9999.00  -9999.00  -0.72  116.7
82772.0  1.4  862.4  -9999.0  -9999.0  -9999.00  -9999.00  -0.63  116.5
82773.0  1.4  861.2  -9999.0  -9999.0  -9999.00  -9999.00  -0.55  116.4
82774.0  1.8  860.5  -9999.0  -9999.0  -9999.00  -9999.00  -0.65  116.2
82775.0  1.7  859.6  -9999.0  -9999.0  -9999.00  -9999.00  -0.65  116.1
82776.0  1.3  858.1  -9999.0  -9999.0  -9999.00  -9999.00  -0.67  116.1
82777.0  1.2  857.6  -9999.0  -9999.0  -9999.00  -9999.00  -0.59  116.4
82778.0  1.2  856.1  -9999.0  -9999.0  -9999.00  -9999.00  -0.48  116.5
82779.0  1.2  855.7  -9999.0  -9999.0  -9999.00  -9999.00  -0.79  116.5
82780.0  1.3  854.2  -9999.0  -9999.0  -9999.00  -9999.00  -0.99  116.5
82781.0  1.3  853.3  -9999.0  -9999.0  -9999.00  -9999.00  -0.65  116.7
82782.0  1.6  852.0  -9999.0  -9999.0  -9999.00  -9999.00  -0.51  116.5
82783.0  1.5  851.0  -9999.0  -9999.0  -9999.00  -9999.00  -1.02  116.4
82784.0  1.4  850.1  -9999.0  -9999.0  -9999.00  -9999.00  -1.17  116.5
82785.0  1.3  849.1  -9999.0  -9999.0  -9999.00  -9999.00  -0.92  116.6
82786.0  1.4  848.0  -9999.0  -9999.0  -9999.00  -9999.00  -0.74  116.9
82787.0  1.4  847.4  -9999.0  -9999.0  -9999.00  -9999.00  -0.81  117.1
82788.0  1.3  846.2  -9999.0  -9999.0  -9999.00  -9999.00  -0.85  117.1
82789.0  1.2  845.2  -9999.0  -9999.0  -9999.00  -9999.00  -0.76  117.3
82790.0  1.3  844.4  -9999.0  -9999.0  -9999.00  -9999.00  -0.73  117.3
82791.0  1.4  843.1  -9999.0  -9999.0  -9999.00  -9999.00  -0.91  117.4
82792.0  1.3  842.2  -9999.0  -9999.0  -9999.00  -9999.00  -0.89  117.4
82793.0  1.4  841.3  -9999.0  -9999.0  -9999.00  -9999.00  -1.00  117.6
82794.0  1.4  840.4  -9999.0  -9999.0  -9999.00  -9999.00  -0.88  117.6
82795.0  1.3  839.4  -9999.0  -9999.0  -9999.00  -9999.00  -0.76  117.4
82796.0  1.3  838.2  -9999.0  -9999.0  -9999.00  -9999.00  -0.77  117.5
82797.0  1.4  837.3  -9999.0  -9999.0  -9999.00  -9999.00  -0.84  117.5
82798.0  1.6  836.5  -9999.0  -9999.0  -9999.00  -9999.00  -0.77  117.7
82799.0  1.2  836.0  -9999.0  -9999.0  -9999.00  -9999.00  -0.60  117.5
82800.0  1.2  834.5  -9999.0  -9999.0  -9999.00  -9999.00  -0.81  117.4
82801.0  1.4  834.1  -9999.0  -9999.0  -9999.00  -9999.00  -1.07  117.2
82802.0  1.4  833.1  -9999.0  -9999.0  -9999.00  -9999.00  -0.98  116.9
82803.0  1.5  831.6  -9999.0  -9999.0  -9999.00  -9999.00  -0.75  116.8
82804.0  1.5  831.0  -9999.0  -9999.0  -9999.00  -9999.00  -0.81  116.4
82805.0  1.6  830.0  -9999.0  -9999.0  -9999.00  -9999.00  -1.03  116.3
82806.0  1.4  829.0  -9999.0  -9999.0  -9999.00  -9999.00  -0.94  116.6
82807.0  1.6  828.6  -9999.0  -9999.0  -9999.00  -9999.00  -0.68  116.7
82808.0  1.5  827.3  -9999.0  -9999.0  -9999.00  -9999.00  -0.69  116.8
82809.0  1.5  826.2  -9999.0  -9999.0  -9999.00  -9999.00  -0.83  116.7
82810.0  1.5  824.5  -9999.0  -9999.0  -9999.00  -9999.00  -0.65  116.7
82811.0  1.3  824.2  -9999.0  -9999.0  -9999.00  -9999.00  -0.67  116.7
82812.0  1.5  822.9  -9999.0  -9999.0  -9999.00  -9999.00  -0.80  116.5
82813.0  1.6  822.1  -9999.0  -9999.0  -9999.00  -9999.00  -0.94  116.2
82814.0  1.7  821.6  -9999.0  -9999.0  -9999.00  -9999.00  -0.98  116.3
82815.0  1.6  819.7  -9999.0  -9999.0  -9999.00  -9999.00  -0.84  116.3
82816.0  1.4  819.4  -9999.0  -9999.0  -9999.00  -9999.00  -0.79  116.3
82817.0  1.1  817.8  -9999.0  -9999.0  -9999.00  -9999.00  -1.00  116.2
82818.0  1.6  817.7  -9999.0  -9999.0  -9999.00  -9999.00  -1.19  116.4
82819.0  1.7  816.1  -9999.0  -9999.0  -9999.00  -9999.00  -1.22  116.4
82820.0  1.6  815.8  -9999.0  -9999.0  -9999.00  -9999.00  -1.13  116.4
82821.0  1.8  814.7  -9999.0  -9999.0  -9999.00  -9999.00  -0.92  116.2
82822.0  1.6  813.5  -9999.0  -9999.0  -9999.00  -9999.00  -0.77  116.2
82823.0  1.4  812.3  -9999.0  -9999.0  -9999.00  -9999.00  -0.59  116.2
82824.0  1.3  811.2  -9999.0  -9999.0  -9999.00  -9999.00  -0.65  116.3
82825.0  1.3  810.7  -9999.0  -9999.0  -9999.00  -9999.00  -0.88  116.2
82826.0  1.3  809.8  -9999.0  -9999.0  -9999.00  -9999.00  -0.86  116.4
82827.0  1.4  808.5  -9999.0  -9999.0  -9999.00  -9999.00  -0.78  116.6
82828.0  1.6  807.5  -9999.0  -9999.0  -9999.00  -9999.00  -1.02  117.0
82829.0  1.6  807.0  -9999.0  -9999.0  -9999.00  -9999.00  -0.92  117.3
82830.0  1.5  805.7  -9999.0  -9999.0  -9999.00  -9999.00  -0.75  117.4
82831.0  1.5  804.7  -9999.0  -9999.0  -9999.00  -9999.00  -0.69  117.5
82832.0  1.5  804.3  -9999.0  -9999.0  -9999.00  -9999.00  -0.80  117.5
82833.0  1.5  803.1  -9999.0  -9999.0  -9999.00  -9999.00  -0.88  117.5
82834.0  1.5  802.5  -9999.0  -9999.0  -9999.00  -9999.00  -1.00  117.5
82835.0  1.3  801.4  -9999.0  -9999.0  -9999.00  -9999.00  -1.02  117.4
82836.0  1.5  800.5  -9999.0  -9999.0  -9999.00  -9999.00  -0.91  117.3
82837.0  1.6  800.1  -9999.0  -9999.0  -9999.00  -9999.00  -0.79  117.3
82838.0  1.3  799.2  -9999.0  -9999.0  -9999.00  -9999.00  -0.75  117.4
82839.0  1.2  798.1  -9999.0  -9999.0  -9999.00  -9999.00  -0.76  117.7
82840.0  1.5  797.7  -9999.0  -9999.0  -9999.00  -9999.00  -0.74  117.9
82841.0  1.6  796.7  -9999.0  -9999.0  -9999.00  -9999.00  -0.74  118.0
82842.0  1.5  795.8  -9999.0  -9999.0  -9999.00  -9999.00  -0.85  118.0
82843.0  1.6  795.0  -9999.0  -9999.0  -9999.00  -9999.00  -0.94  118.1
82844.0  1.8  794.2  -9999.0  -9999.0  -9999.00  -9999.00  -0.87  118.3
82845.0  1.6  793.3  -9999.0  -9999.0  -9999.00  -9999.00  -0.91  118.4
82846.0  1.5  792.9  -9999.0  -9999.0  -9999.00  -9999.00  -0.87  118.1
82847.0  1.4  791.7  -9999.0  -9999.0  -9999.00  -9999.00  -0.89  118.2
82848.0  0.4  791.2  -9999.0  -9999.0  -9999.00  -9999.00  -0.97  118.5
82849.0  0.6  791.0  -9999.0  -9999.0  -9999.00  -9999.00  -0.74  118.9
82850.0  1.1  789.9  -9999.0  -9999.0  -9999.00  -9999.00  -0.51  119.5
82851.0  0.9  789.1  -9999.0  -9999.0  -9999.00  -9999.00  -0.95  120.0
82852.0  1.1  788.2  -9999.0  -9999.0  -9999.00  -9999.00  -1.30  120.6
82853.0  1.2  788.0  -9999.0  -9999.0  -9999.00  -9999.00  -1.16  121.3
82854.0  1.3  787.4  -9999.0  -9999.0  -9999.00  -9999.00  -0.93  122.1
82855.0  1.8  787.1  -9999.0  -9999.0  -9999.00  -9999.00  -0.97  122.5
82856.0  1.8  787.3  -9999.0  -9999.0  -9999.00  -9999.00  -1.13  123.0
82857.0  1.9  787.1  -9999.0  -9999.0  -9999.00  -9999.00  -1.09  123.4
82858.0  2.2  787.6  -9999.0  -9999.0  -9999.00  -9999.00  -0.93  123.5
82859.0  1.9  786.9  -9999.0  -9999.0  -9999.00  -9999.00  -0.79  123.6
82860.0  1.6  787.3  -9999.0  -9999.0  -9999.00  -9999.00  -0.57  123.7
82861.0  1.2  786.7  -9999.0  -9999.0  -9999.00  -9999.00  -0.61  124.0
82862.0  1.4  785.9  -9999.0  -9999.0  -9999.00  -9999.00  -0.81  124.1
82863.0  1.6  785.7  -9999.0  -9999.0  -9999.00  -9999.00  -0.77  123.9
82864.0  1.0  784.7  -9999.0  -9999.0  -9999.00  -9999.00  -0.69  123.8
82865.0  1.3  784.6  -9999.0  -9999.0  -9999.00  -9999.00  -0.76  123.6
82866.0  1.5  783.3  -9999.0  -9999.0  -9999.00  -9999.00  -0.88  123.2
82867.0  1.0  782.4  -9999.0  -9999.0  -9999.00  -9999.00  -0.94  123.0
82868.0  1.4  781.9  -9999.0  -9999.0  -9999.00  -9999.00  -0.53  122.8
82869.0  1.3  780.3  -9999.0  -9999.0  -9999.00  -9999.00  -0.40  122.7
82870.0  1.4  780.0  -9999.0  -9999.0  -9999.00  -9999.00  -0.70  122.6
82871.0  1.4  778.8  -9999.0  -9999.0  -9999.00  -9999.00  -1.00  122.4
82872.0  1.0  777.8  -9999.0  -9999.0  -9999.00  -9999.00  -1.01  122.3
82873.0  1.3  777.0  -9999.0  -9999.0  -9999.00  -9999.00  -0.70  122.1
82874.0  1.6  775.8  -9999.0  -9999.0  -9999.00  -9999.00  -0.45  121.8
82875.0  1.7  774.7  -9999.0  -9999.0  -9999.00  -9999.00  -0.52  121.4
82876.0  1.4  774.0  -9999.0  -9999.0  -9999.00  -9999.00  -0.93  121.1
82877.0  0.8  772.3  -9999.0  -9999.0  -9999.00  -9999.00  -1.12  121.3
82878.0  1.3  771.8  -9999.0  -9999.0  -9999.00  -9999.00  -0.99  121.4
82879.0  1.5  770.5  -9999.0  -9999.0  -9999.00  -9999.00  -0.86  121.5
82880.0  1.4  768.9  -9999.0  -9999.0  -9999.00  -9999.00  -0.70  121.5
82881.0  1.4  768.7  -9999.0  -9999.0  -9999.00  -9999.00  -0.63  121.4
82882.0  1.4  767.0  -9999.0  -9999.0  -9999.00  -9999.00  -0.69  121.4
82883.0  1.6  766.3  -9999.0  -9999.0  -9999.00  -9999.00  -0.80  121.1
82884.0  1.5  765.5  -9999.0  -9999.0  -9999.00  -9999.00  -0.86  121.0
82885.0  1.4  764.0  -9999.0  -9999.0  -9999.00  -9999.00  -0.90  121.0
82886.0  1.4  763.2  -9999.0  -9999.0  -9999.00  -9999.00  -0.89  121.0
82887.0  1.6  762.4  -9999.0  -9999.0  -9999.00  -9999.00  -0.84  120.8
82888.0  1.6  761.2  -9999.0  -9999.0  -9999.00  -9999.00  -0.79  120.6
82889.0  1.6  760.5  -9999.0  -9999.0  -9999.00  -9999.00  -0.78  120.3
82890.0  1.6  759.7  -9999.0  -9999.0  -9999.00  -9999.00  -0.81  120.1
82891.0  1.6  758.9  -9999.0  -9999.0  -9999.00  -9999.00  -0.83  119.9
82892.0  1.6  757.9  -9999.0  -9999.0  -9999.00  -9999.00  -0.95  119.8
82893.0  1.6  756.9  -9999.0  -9999.0  -9999.00  -9999.00  -1.06  119.7
82894.0  1.5  756.0  -9999.0  -9999.0  -9999.00  -9999.00  -1.07  119.5
82895.0  1.5  754.9  -9999.0  -9999.0  -9999.00  -9999.00  -0.97  119.4
82896.0  1.5  754.0  -9999.0  -9999.0  -9999.00  -9999.00  -0.97  119.2
82897.0  1.5  753.2  -9999.0  -9999.0  -9999.00  -9999.00  -1.04  119.0
82898.0  1.5  752.4  -9999.0  -9999.0  -9999.00  -9999.00  -1.02  118.4
82899.0  1.5  751.3  -9999.0  -9999.0  -9999.00  -9999.00  -0.95  118.1
82900.0  1.6  750.0  -9999.0  -9999.0  -9999.00  -9999.00  -1.03  117.9
82901.0  1.7  749.4  -9999.0  -9999.0  -9999.00  -9999.00  -1.23  117.9
82902.0  1.7  748.8  -9999.0  -9999.0  -9999.00  -9999.00  -1.28  117.9
82903.0  1.7  747.3  -9999.0  -9999.0  -9999.00  -9999.00  -1.04  117.9
82904.0  1.6  746.4  -9999.0  -9999.0  -9999.00  -9999.00  -0.96  117.9
82905.0  1.6  745.7  -9999.0  -9999.0  -9999.00  -9999.00  -1.11  118.1
82906.0  1.6  744.2  -9999.0  -9999.0  -9999.00  -9999.00  -1.15  118.2
82907.0  1.6  743.8  -9999.0  -9999.0  -9999.00  -9999.00  -1.07  118.3
82908.0  1.7  742.7  -9999.0  -9999.0  -9999.00  -9999.00  -0.94  118.4
82909.0  2.0  742.1  -9999.0  -9999.0  -9999.00  -9999.00  -1.00  118.4
82910.0  1.5  741.5  -9999.0  -9999.0  -9999.00  -9999.00  -1.10  118.5
82911.0  1.5  740.2  -9999.0  -9999.0  -9999.00  -9999.00  -1.00  118.5
82912.0  2.2  739.8  -9999.0  -9999.0  -9999.00  -9999.00  -0.83  118.5
82913.0  2.3  738.9  -9999.0  -9999.0  -9999.00  -9999.00  -0.89  118.2
82914.0  2.1  737.6  -9999.0  -9999.0  -9999.00  -9999.00  -1.06  117.8
82915.0  2.0  737.5  -9999.0  -9999.0  -9999.00  -9999.00  -1.09  117.5
82916.0  2.1  736.7  -9999.0  -9999.0  -9999.00  -9999.00  -0.95  117.4
82917.0  2.0  735.8  -9999.0  -9999.0  -9999.00  -9999.00  -1.02  117.0
82918.0  1.5  734.9  -9999.0  -9999.0  -9999.00  -9999.00  -1.05  116.7
82919.0  1.7  734.2  -9999.0  -9999.0  -9999.00  -9999.00  -0.99  116.6
82920.0  1.6  733.2  -9999.0  -9999.0  -9999.00  -9999.00  -0.90  116.5
82921.0  1.0  732.2  -9999.0  -9999.0  -9999.00  -9999.00  -0.81  116.6
82922.0  1.7  731.7  -9999.0  -9999.0  -9999.00  -9999.00  -0.87  116.7
82923.0  1.9  730.2  -9999.0  -9999.0  -9999.00  -9999.00  -0.98  116.9
82924.0  1.8  729.7  -9999.0  -9999.0  -9999.00  -9999.00  -0.98  116.8
82925.0  2.1  729.0  -9999.0  -9999.0  -9999.00  -9999.00  -0.88  117.0
82926.0  2.1  727.7  -9999.0  -9999.0  -9999.00  -9999.00  -0.90  116.9
82927.0  1.9  727.5  -9999.0  -9999.0  -9999.00  -9999.00  -0.96  116.9
82928.0  1.8  726.6  -9999.0  -9999.0  -9999.00  -9999.00  -0.91  117.0
82929.0  1.9  725.4  -9999.0  -9999.0  -9999.00  -9999.00  -0.64  117.1
82930.0  2.2  724.9  -9999.0  -9999.0  -9999.00  -9999.00  -0.62  117.1
82931.0  2.1  724.2  -9999.0  -9999.0  -9999.00  -9999.00  -0.98  117.1
82932.0  1.8  723.7  -9999.0  -9999.0  -9999.00  -9999.00  -1.13  116.9
82933.0  1.8  723.3  -9999.0  -9999.0  -9999.00  -9999.00  -0.88  116.8
82934.0  2.0  722.7  -9999.0  -9999.0  -9999.00  -9999.00  -0.70  116.6
82935.0  2.2  721.2  -9999.0  -9999.0  -9999.00  -9999.00  -0.83  116.6
