flight/WP3D/AircraftMet_NP3_20130629_RA.ict
43  1001
Ken Aikin
NOAA ESRL Chemical Sciences Division
various aircraft sensors
SENEX 2013
1  1
2013  06  29  2013  06  29
1
AOCTimewave
10
1  1  1  1  1  1  1  1  1  1
-9999  -9999  -9999  -9999  -9999  -9999  -9999  -9999  -9999  -9999
AmbTemp  C
DewPtTemp  C
DewPtTempTDL  C
H2Omr  g/kg
PotTemp  K
RelHumidity  pct
StaticPrs  mbar
VertWindSpd  m/s
WindDir  deg
WindSpd  m/s
1
SPECIAL COMMENTS:Birmingham and C-130 intercomparison.
18
PI_CONTACT_INFO: Address: NOAA ESRL Chemical Sciences Division  Mail Stop R/CSD7  325 Broadway  Boulder  CO 80305
PLATFORM: NOAA WP-3D
LOCATION: The aircraft was stationed in  Smyrna  Tennessee. Aircraft location information in AircraftPosition file.
ASSOCIATED_DATA: N/A
INSTRUMENT_INFO: N/A
DATA_INFO: Units:AmbTemp celcius; DewPtTemp celcius; DewPtTempTDL celcius; H2Omr g/kg; PotTemp kelvin; RelHumidity percent; StaticPrs millibar; VertWindSpd m/s; WindDir degrees; WindSpd m/s
UNCERTAINTY: N/A
ULOD_FLAG: -7777
ULOD_VALUE: N/A
LLOD_FLAG: -8888
LLOD_VALUE: N/A
DM_CONTACT_INFO: Data Manager:Ken Aikin; email:Kenneth.C.Aikin@noaa.gov
PROJECT_INFO: SENEX 2013 Study; June 1 - July 15  2013
STIPULATIONS_ON_USE: Use of these data require prior ok from PI.
OTHER_COMMENTS:       None
REVISION: RA
RA: Preliminary Data.  For in-field use.
AOCTimewave  AmbTemp  DewPtTemp  DewPtTempTDL  H2Omr  PotTemp  RelHumidity  StaticPrs  VertWindSpd  WindDir  WindSpd
[from data line 22641]
78226.0  20.730  15.180  2.190  12.31  304.04  69.95  887.60  -0.11  309.55  5.96
78227.0  20.740  15.220  2.350  12.34  304.05  70.07  887.66  0.27  310.69  5.55
78228.0  20.700  15.230  2.460  12.35  304.03  70.28  887.49  0.05  307.36  6.18
78229.0  20.640  15.270  2.420  12.39  303.97  70.75  887.40  0.17  318.04  6.55
78230.0  20.720  15.280  2.320  12.40  304.06  70.43  887.33  -0.05  316.86  6.44
78231.0  20.760  15.300  2.260  12.42  304.10  70.37  887.36  -0.10  314.15  6.20
78232.0  20.720  15.280  2.350  12.40  304.06  70.45  887.31  -0.07  313.95  6.35
78233.0  20.690  15.300  2.430  12.42  304.03  70.67  887.31  -0.15  315.86  6.34
78234.0  20.760  15.300  2.410  12.42  304.11  70.38  887.26  -0.31  311.62  6.20
78235.0  20.760  15.300  2.230  12.41  304.09  70.36  887.45  -0.27  316.19  5.54
78236.0  20.740  15.270  2.130  12.39  304.09  70.30  887.33  -0.48  309.05  6.34
78237.0  20.680  15.270  2.180  12.39  304.02  70.57  887.40  -0.54  309.18  7.09
78238.0  20.730  15.260  2.200  12.38  304.06  70.30  887.44  -0.39  311.77  6.83
78239.0  20.730  15.280  1.370  12.40  304.07  70.40  887.38  -0.46  315.19  7.27
78240.0  20.770  15.260  0.320  12.38  304.10  70.10  887.52  -0.01  318.23  7.10
78241.0  20.850  15.210  0.120  12.34  304.18  69.50  887.49  0.23  319.75  7.32
78242.0  20.890  15.080  -0.350  12.23  304.22  68.79  887.52  0.38  318.27  7.27
78243.0  20.930  14.990  -0.720  12.16  304.26  68.18  887.55  0.54  318.80  6.95
78244.0  20.900  14.890  0.940  12.08  304.25  67.88  887.28  0.42  316.29  6.42
78245.0  20.820  14.760  1.610  11.98  304.18  67.64  887.26  -0.20  312.41  6.65
78246.0  20.820  14.720  1.380  11.95  304.16  67.49  887.38  -0.35  310.42  6.70
78247.0  20.830  14.730  1.170  11.96  304.16  67.50  887.47  -0.48  309.82  6.62
78248.0  20.810  14.760  1.500  11.98  304.13  67.70  887.58  -0.26  311.23  6.50
78249.0  20.810  14.730  1.930  11.96  304.14  67.54  887.52  -0.35  311.08  6.40
78250.0  20.850  14.620  1.780  11.87  304.16  66.90  887.67  -0.29  307.40  5.98
78251.0  20.830  14.550  1.910  11.81  304.14  66.70  887.64  -0.16  305.31  5.75
78252.0  20.850  14.560  1.330  11.82  304.16  66.65  887.65  -0.63  300.91  5.98
78253.0  20.860  14.640  0.650  11.89  304.19  66.95  887.55  -0.43  306.61  5.75
78254.0  20.890  14.660  0.260  11.90  304.23  66.86  887.46  -0.17  313.40  5.96
78255.0  21.060  14.610  -3.380  11.86  304.39  65.98  887.51  -0.12  313.08  5.99
78256.0  21.130  14.530  -2.830  11.80  304.47  65.35  887.47  -0.18  311.75  6.14
78257.0  21.190  14.460  -3.950  11.75  304.53  64.82  887.44  -0.21  312.17  6.08
78258.0  21.080  14.400  -0.790  11.70  304.43  64.97  887.37  -0.63  313.22  5.54
78259.0  21.010  14.270  0.040  11.60  304.36  64.71  887.36  -0.37  309.58  5.73
78260.0  21.030  14.120  -0.340  11.49  304.39  63.99  887.35  -0.28  306.52  5.78
78261.0  21.090  13.950  -0.860  11.36  304.44  63.03  887.38  -0.14  304.45  5.58
78262.0  20.990  13.650  -1.770  11.13  304.33  62.15  887.48  0.16  306.09  6.32
78263.0  20.860  13.230  0.640  10.82  304.17  60.99  887.66  0.34  307.16  6.13
78264.0  20.820  12.820  0.800  10.54  304.15  59.50  887.58  0.25  311.08  6.16
78265.0  20.830  12.510  0.100  10.32  304.15  58.26  887.56  0.27  313.06  6.29
78266.0  20.900  12.370  -0.290  10.22  304.24  57.41  887.55  -0.02  308.71  6.37
78267.0  20.920  12.250  -0.590  10.14  304.25  56.91  887.56  -0.11  306.36  6.09
78268.0  20.910  12.140  -1.130  10.07  304.25  56.51  887.44  -0.35  305.76  6.06
78269.0  20.920  12.060  -1.140  10.01  304.26  56.19  887.45  -0.35  306.35  6.18
78270.0  20.940  12.080  -0.890  10.03  304.27  56.21  887.56  -0.32  305.69  6.25
78271.0  20.930  12.170  -0.140  10.09  304.27  56.57  887.43  -0.35  301.37  6.58
78272.0  20.910  12.330  0.310  10.20  304.25  57.25  887.37  -0.85  300.09  6.05
78273.0  20.880  12.490  0.880  10.31  304.23  57.99  887.40  -0.58  299.00  6.16
78274.0  20.870  12.690  1.030  10.44  304.19  58.80  887.58  -0.52  303.43  6.47
78275.0  20.920  12.900  -1.200  10.59  304.24  59.43  887.67  -0.38  305.21  6.53
78276.0  20.970  13.070  -1.720  10.71  304.30  59.91  887.68  -0.33  304.90  6.72
78277.0  21.020  13.240  -2.590  10.83  304.35  60.41  887.58  -0.14  304.80  7.03
78278.0  21.080  13.420  -2.950  10.96  304.42  60.90  887.55  0.05  304.38  6.87
78279.0  21.090  13.620  -2.160  11.11  304.43  61.66  887.56  -0.26  300.07  7.26
78280.0  21.070  13.800  -1.580  11.24  304.39  62.47  887.68  -0.30  298.66  7.52
78281.0  21.020  13.930  -1.580  11.34  304.35  63.23  887.67  -0.55  300.26  7.52
78282.0  21.040  14.020  -1.380  11.41  304.37  63.52  887.64  -0.52  304.47  7.78
78283.0  21.050  14.050  -2.130  11.43  304.40  63.58  887.45  -0.46  306.93  7.55
78284.0  21.090  14.000  -2.050  11.39  304.43  63.25  887.52  -0.22  307.93  7.39
78285.0  21.080  13.850  -1.860  11.29  304.44  62.67  887.28  -0.11  307.29  7.43
78286.0  21.130  13.620  -2.050  11.11  304.48  61.52  887.46  0.57  306.39  5.84
78287.0  21.030  13.380  -0.800  10.94  304.37  60.92  887.51  0.25  299.80  5.33
78288.0  21.080  13.160  -2.390  10.78  304.44  59.83  887.35  0.57  290.41  5.47
78289.0  20.970  13.000  -1.460  10.66  304.32  59.63  887.46  0.52  294.99  4.46
78290.0  20.910  12.890  -1.270  10.59  304.26  59.44  887.40  1.22  296.58  4.49
78291.0  20.800  12.830  -0.920  10.55  304.14  59.63  887.35  0.83  302.23  5.96
78292.0  20.860  12.830  -1.180  10.55  304.21  59.37  887.39  0.10  300.91  5.81
78293.0  20.980  12.890  -2.350  10.59  304.33  59.17  887.39  0.21  293.51  5.48
78294.0  20.900  12.980  -2.120  10.65  304.26  59.84  887.25  0.40  300.35  5.70
78295.0  20.920  13.050  -2.480  10.70  304.29  60.03  887.20  -0.15  302.34  6.97
78296.0  21.050  13.150  -3.470  10.77  304.42  59.93  887.22  -0.47  300.29  7.15
78297.0  21.130  13.200  -3.890  10.81  304.51  59.79  887.19  -0.59  299.80  7.23
78298.0  21.170  13.180  -3.950  10.79  304.53  59.60  887.30  -0.46  299.75  7.22
78299.0  21.210  13.110  -3.810  10.74  304.57  59.17  887.30  -0.29  298.00  6.85
78300.0  21.200  13.040  -3.390  10.69  304.55  58.93  887.43  -0.33  295.14  6.25
78301.0  21.140  13.000  -3.100  10.66  304.49  58.99  887.44  -0.29  290.90  6.64
78302.0  21.150  13.000  -3.610  10.67  304.49  58.98  887.54  -0.40  289.14  7.28
78303.0  21.070  13.020  -3.340  10.67  304.41  59.33  887.52  -0.84  295.25  7.46
78304.0  21.090  13.000  -3.400  10.66  304.41  59.22  887.66  -0.57  301.09  6.84
78305.0  21.020  12.950  -2.210  10.62  304.33  59.27  887.76  -1.58  308.40  6.93
78306.0  21.020  12.890  -1.330  10.58  304.32  59.02  887.86  -1.31  315.77  5.87
78307.0  21.030  12.880  0.040  10.57  304.32  58.94  887.95  0.23  326.04  4.53
78308.0  20.990  12.880  0.370  10.57  304.29  59.10  887.86  0.84  325.82  3.89
78309.0  20.940  12.930  0.280  10.61  304.25  59.46  887.78  2.12  317.94  4.07
78310.0  20.940  13.020  0.450  10.67  304.28  59.80  887.54  1.43  305.08  4.86
78311.0  20.910  13.130  0.290  10.76  304.25  60.41  887.38  1.43  300.20  5.12
78312.0  20.960  13.250  0.350  10.84  304.33  60.67  887.16  0.70  292.32  5.12
78313.0  20.930  13.390  0.380  10.94  304.31  61.33  887.10  1.50  286.02  4.82
78314.0  20.910  13.540  0.270  11.06  304.32  62.01  886.83  1.15  282.11  5.39
78315.0  20.970  13.710  0.090  11.18  304.36  62.49  886.96  1.28  282.49  5.55
78316.0  20.950  13.910  -0.280  11.33  304.34  63.43  886.95  0.86  291.71  5.08
78317.0  20.900  14.090  -1.820  11.47  304.28  64.40  886.99  -0.37  293.40  6.07
78318.0  21.010  14.210  -2.100  11.56  304.38  64.47  887.13  -0.38  286.64  6.15
78319.0  21.000  14.300  -2.170  11.63  304.36  64.89  887.24  -0.45  287.88  5.55
78320.0  20.950  14.370  -2.260  11.68  304.31  65.39  887.27  -0.56  291.05  6.13
78321.0  20.960  14.440  -2.050  11.73  304.30  65.66  887.43  -0.05  292.46  6.23
78322.0  20.980  14.510  -2.250  11.79  304.32  65.86  887.52  0.09  298.88  5.32
78323.0  20.920  14.590  -2.420  11.85  304.26  66.46  887.46  -0.44  308.50  5.33
78324.0  20.930  14.660  -2.060  11.90  304.27  66.73  887.49  0.00  310.01  6.42
78325.0  20.940  14.610  -1.370  11.86  304.28  66.45  887.48  0.02  318.01  6.33
78326.0  21.020  14.460  -1.170  11.74  304.35  65.50  887.57  -0.38  315.11  6.08
78327.0  20.970  14.330  -0.710  11.65  304.29  65.14  887.69  -0.41  315.04  6.64
78328.0  21.010  14.230  -1.070  11.57  304.34  64.54  887.62  -0.97  314.16  7.26
78329.0  21.070  14.160  -0.970  11.51  304.41  63.97  887.55  -0.36  316.76  7.04
78330.0  21.130  14.050  0.010  11.43  304.46  63.29  887.66  -0.24  312.63  6.34
78331.0  21.070  13.990  0.270  11.39  304.41  63.28  887.55  0.69  311.59  7.48
78332.0  21.190  13.990  0.710  11.38  304.52  62.81  887.63  1.01  307.64  5.86
78333.0  21.140  13.950  0.820  11.36  304.49  62.84  887.46  1.24  312.39  5.13
78334.0  21.090  13.950  0.980  11.36  304.45  63.02  887.31  1.13  316.17  4.36
78335.0  21.030  13.940  1.050  11.35  304.38  63.24  887.38  1.92  317.63  4.32
78336.0  20.960  13.990  1.060  11.39  304.33  63.70  887.22  0.71  302.26  6.59
78337.0  21.000  14.000  0.890  11.40  304.36  63.63  887.22  -0.16  305.18  6.67
78338.0  21.010  14.000  0.930  11.39  304.38  63.54  887.19  0.04  305.11  5.51
78339.0  21.040  13.970  0.960  11.37  304.41  63.30  887.19  -0.55  305.44  4.86
78340.0  20.870  13.900  0.570  11.32  304.24  63.69  887.20  -1.28  309.96  5.40
78341.0  20.910  13.860  0.080  11.29  304.25  63.40  887.36  -1.17  308.09  6.12
78342.0  20.880  13.880  0.060  11.31  304.22  63.60  887.33  -1.55  310.37  6.33
78343.0  20.960  13.890  -0.920  11.31  304.30  63.33  887.42  -1.44  308.24  6.49
78344.0  20.990  13.880  -1.080  11.30  304.32  63.14  887.54  -0.74  309.07  6.65
78345.0  21.070  13.850  -1.440  11.28  304.40  62.70  887.67  -0.40  308.14  6.24
78346.0  21.080  13.850  -2.160  11.28  304.40  62.67  887.71  0.19  306.07  6.19
78347.0  21.090  13.810  -2.350  11.25  304.41  62.49  887.65  -0.08  303.12  6.60
78348.0  21.070  13.720  -2.250  11.18  304.40  62.16  887.61  -0.39  299.25  7.20
78349.0  21.110  13.640  -2.320  11.12  304.44  61.68  887.64  -0.50  299.08  6.62
78350.0  21.110  13.550  -2.320  11.06  304.44  61.30  887.61  -0.96  297.00  6.57
78351.0  21.110  13.470  -2.010  11.00  304.44  61.00  887.63  -0.77  297.53  5.99
78352.0  21.030  13.410  -1.450  10.95  304.36  61.03  887.58  0.72  296.50  6.00
78353.0  21.050  13.370  -0.900  10.93  304.40  60.80  887.37  0.93  297.12  5.84
78354.0  21.020  13.350  -0.640  10.92  304.38  60.89  887.19  1.56  293.31  5.98
78355.0  21.020  13.390  -0.850  10.94  304.40  60.99  887.06  1.77  287.25  5.62
78356.0  20.990  13.370  -0.760  10.93  304.38  61.04  886.99  1.22  285.41  6.57
78357.0  20.950  13.380  -0.770  10.94  304.32  61.23  887.17  0.78  287.62  5.98
78358.0  20.920  13.400  -0.620  10.95  304.28  61.44  887.17  0.57  298.53  5.45
78359.0  20.940  13.400  -0.720  10.96  304.31  61.39  887.08  -0.33  294.77  6.12
78360.0  20.980  13.420  -1.030  10.96  304.34  61.26  887.27  -0.09  289.53  6.65
78361.0  20.970  13.430  -1.170  10.97  304.33  61.33  887.35  0.60  286.89  5.86
78362.0  20.960  13.470  -1.030  11.00  304.31  61.58  887.35  -0.39  285.11  5.12
78363.0  20.830  13.520  -0.960  11.04  304.17  62.29  887.38  -0.90  298.50  5.84
78364.0  20.880  13.570  -0.490  11.07  304.22  62.29  887.46  -0.98  301.38  6.05
78365.0  20.900  13.600  0.010  11.10  304.23  62.34  887.54  -0.94  298.61  6.35
78366.0  20.970  13.660  -0.620  11.14  304.31  62.31  887.49  -1.59  297.89  6.08
78367.0  20.950  13.720  -1.290  11.18  304.26  62.64  887.74  -1.44  297.99  6.45
78368.0  20.960  13.740  -0.980  11.19  304.26  62.65  887.91  -1.16  297.19  6.32
78369.0  20.930  13.770  -1.010  11.21  304.22  62.91  887.94  -1.08  300.58  6.42
78370.0  20.970  13.740  -1.200  11.19  304.25  62.64  888.01  -0.77  300.13  6.56
78371.0  20.990  13.700  -1.250  11.17  304.28  62.43  887.95  -1.07  297.29  6.77
78372.0  20.970  13.710  -1.080  11.17  304.26  62.52  887.90  -0.85  297.82  7.28
78373.0  20.980  13.700  -1.110  11.17  304.28  62.44  887.84  -0.78  296.28  6.84
78374.0  20.960  13.670  -0.980  11.14  304.26  62.37  887.84  -0.94  298.63  6.66
78375.0  20.940  13.660  -0.970  11.13  304.23  62.42  887.97  -0.91  301.32  6.57
78376.0  20.980  13.650  -1.340  11.13  304.28  62.23  887.90  -1.04  306.60  6.33
78377.0  21.040  13.650  -1.440  11.13  304.35  61.99  887.82  -0.97  304.44  5.81
78378.0  21.080  13.630  -1.920  11.12  304.40  61.78  887.72  -1.13  299.35  5.81
78379.0  21.130  13.630  -2.410  11.12  304.46  61.57  887.63  -0.87  294.03  5.77
78380.0  20.970  13.550  -2.060  11.06  304.29  61.89  887.68  0.47  306.00  6.07
78381.0  21.000  13.520  -1.410  11.03  304.33  61.58  887.59  1.13  311.83  5.33
78382.0  20.990  13.520  -1.580  11.04  304.35  61.64  887.30  0.91  316.63  5.49
78383.0  20.980  13.470  -1.550  11.01  304.35  61.51  887.18  0.24  316.54  5.35
78384.0  21.050  13.460  -1.760  11.00  304.41  61.20  887.24  0.27  310.27  5.50
78385.0  20.950  13.400  -1.920  10.95  304.33  61.30  887.15  1.30  312.34  5.99
78386.0  20.920  13.370  -1.570  10.93  304.30  61.32  887.08  1.79  313.69  6.64
78387.0  20.970  13.350  -1.570  10.92  304.36  61.04  886.90  1.37  309.38  6.61
78388.0  20.980  13.320  -1.460  10.90  304.37  60.88  887.00  1.22  308.22  5.87
78389.0  20.990  13.280  -1.590  10.87  304.37  60.71  887.00  1.45  307.80  5.49
78390.0  20.850  13.280  -1.680  10.87  304.25  61.20  886.87  0.99  312.40  6.25
78391.0  20.960  13.240  -1.470  10.85  304.36  60.64  886.83  1.94  305.26  6.26
78392.0  20.930  13.220  -1.410  10.83  304.34  60.64  886.74  1.66  298.58  7.09
78393.0  20.900  13.210  -1.330  10.82  304.32  60.75  886.62  0.89  311.33  5.98
78394.0  20.850  13.220  -1.260  10.83  304.27  60.97  886.61  0.92  314.27  6.06
78395.0  20.900  13.190  -1.270  10.81  304.31  60.66  886.77  0.24  310.68  6.15
78396.0  20.950  13.240  -1.090  10.84  304.34  60.69  886.88  0.03  306.62  5.93
78397.0  20.930  13.270  -1.100  10.87  304.32  60.90  886.92  -0.52  305.30  5.77
78398.0  20.940  13.290  -0.970  10.87  304.31  60.92  887.11  -0.70  303.14  5.59
78399.0  20.950  13.340  -1.180  10.91  304.32  61.05  887.22  -0.91  301.39  5.90
78400.0  21.010  13.380  -2.460  10.93  304.35  61.01  887.43  -0.97  303.05  5.94
78401.0  21.060  13.380  -2.270  10.94  304.39  60.82  887.62  -1.12  303.86  5.53
78402.0  21.080  13.360  -2.310  10.92  304.39  60.67  887.75  -0.75  304.47  5.54
78403.0  21.070  13.360  -2.280  10.91  304.38  60.66  887.85  -0.26  305.39  5.73
78404.0  21.090  13.310  -1.760  10.88  304.40  60.42  887.83  -0.38  306.20  5.24
78405.0  21.050  13.310  -1.620  10.88  304.36  60.56  887.79  -0.41  307.05  5.22
78406.0  21.000  13.350  -1.310  10.91  304.29  60.93  887.93  -0.57  312.28  5.90
78407.0  21.050  13.360  -0.830  10.91  304.35  60.77  887.93  -0.66  311.86  5.58
78408.0  21.070  13.390  -1.060  10.94  304.38  60.82  887.79  -0.38  308.91  5.72
78409.0  21.120  13.390  -1.100  10.94  304.43  60.64  887.82  -0.61  304.02  4.91
78410.0  21.050  13.400  -1.060  10.95  304.35  60.95  887.90  -0.79  305.54  5.41
78411.0  20.990  13.420  -1.370  10.96  304.30  61.28  887.69  -0.89  311.01  6.11
78412.0  21.060  13.410  -1.400  10.96  304.39  60.93  887.65  -0.43  307.36  6.37
78413.0  21.070  13.370  -1.460  10.92  304.37  60.72  887.93  -0.39  303.73  6.20
78414.0  21.080  13.350  -1.500  10.90  304.32  60.63  888.46  -0.86  307.87  5.75
78415.0  21.120  13.300  -1.470  10.86  304.32  60.25  889.03  -0.82  305.80  5.98
78416.0  21.210  13.260  -1.070  10.83  304.35  59.80  889.59  -0.13  307.56  5.01
78417.0  21.260  13.300  0.080  10.85  304.35  59.74  890.14  0.92  317.15  4.87
78418.0  21.350  13.410  0.010  10.92  304.41  59.85  890.50  0.51  308.26  4.49
