flight/WP3D/AircraftMis_NP3_20130603_RA.ict
41  1001
Ken Aikin
NOAA ESRL Chemical Sciences Division
various aircraft sensors
SENEX 2013
1  1
2013  06  03  2013  06  04
1
AOCTimewave
8
1  1  1  1  1  1  1  1
-9999  -9999  -9999  -9999  -9999  -9999  -9999  -9999
Attack  deg
CabinPrs  mbar
GndSpd  m/s
Heading  deg
Pitch  deg
Roll  deg
Slip  deg
TrueAirSpd  m/s
1
SPECIAL COMMENTS:Transit from Tampa  FL to Smyrna  TN.
18
PI_CONTACT_INFO: Address: NOAA ESRL Chemical Sciences Division  Mail Stop R/CSD7  325 Broadway  Boulder  CO 80305
PLATFORM: NOAA WP-3D
LOCATION: The aircraft was stationed in  Smyrna  Tennessee. Aircraft location information in AircraftPosition file.
ASSOCIATED_DATA: N/A
INSTRUMENT_INFO: N/A
DATA_INFO: Units: Attack degrees; CabinPrs millibar; GndSpd m/s; Heading degrees; Pitch degrees; Roll degrees; Slip degrees; TrueAirSpd m/s
UNCERTAINTY: N/A
ULOD_FLAG: -7777
ULOD_VALUE: N/A
LLOD_FLAG: -8888
LLOD_VALUE: N/A
DM_CONTACT_INFO: Data Manager:Ken Aikin; email:Kenneth.C.Aikin@noaa.gov
PROJECT_INFO: SENEX 2013 Study; June 1 - July 15  2013
STIPULATIONS_ON_USE: Use of these data require prior ok from PI.
OTHER_COMMENTS:       None
REVISION: RA
RA: Preliminary Data.  For in-field use.
AOCTimewave  Attack  CabinPrs  GndSpd  Heading  Pitch  Roll  Slip  TrueAirSpd
[from data line 14572]
65843.0  1.2  980.4  111.2  3.8  1.34  1.80  -0.10  115.3
65844.0  1.5  980.7  111.1  4.0  1.53  2.52  0.29  114.7
65845.0  1.7  980.7  111.1  4.4  1.47  1.11  -0.18  114.5
65846.0  1.3  980.3  111.2  4.5  1.24  -0.80  -0.50  114.9
65847.0  1.3  980.5  111.2  4.2  1.40  -1.64  -0.27  114.1
65848.0  1.6  980.6  111.2  4.0  1.57  -1.04  -0.11  114.9
65849.0  1.6  980.6  111.2  4.0  1.50  -0.32  -0.41  114.9
65850.0  1.2  980.7  111.2  3.8  1.22  -0.09  -0.45  115.7
65851.0  1.8  980.2  111.2  3.6  1.38  -0.37  0.02  115.5
65852.0  1.4  980.5  111.3  3.6  1.17  -0.64  0.24  115.0
65853.0  1.1  980.4  111.3  3.8  1.08  -0.75  0.25  115.0
65854.0  1.2  980.0  111.3  3.9  1.37  -1.69  -0.31  115.9
65855.0  1.5  980.4  111.3  3.7  1.72  -2.73  -0.38  114.3
65856.0  2.2  980.8  111.3  3.4  1.62  -3.22  -0.51  114.5
65857.0  1.3  979.9  111.3  3.0  1.15  -3.05  -0.62  115.4
65858.0  1.2  980.9  111.4  2.5  1.29  -3.13  0.26  115.9
65859.0  1.1  980.8  111.4  2.4  1.52  -2.34  -0.10  115.1
65860.0  1.6  980.7  111.3  2.2  1.83  -0.97  -0.24  114.9
65861.0  1.5  981.0  111.3  2.1  1.73  -1.14  -0.09  114.9
65862.0  1.5  980.4  111.2  2.1  1.80  -0.52  -0.20  114.7
65863.0  1.8  980.5  111.2  2.1  1.85  0.84  -0.18  114.0
65864.0  1.9  980.7  111.2  2.2  1.70  0.76  0.11  113.9
65865.0  1.8  980.5  111.2  2.4  1.47  0.21  0.00  113.3
65866.0  0.9  980.8  111.2  2.5  1.33  0.61  -0.19  114.0
65867.0  1.7  981.0  111.2  2.6  2.03  0.25  -0.21  114.4
65868.0  2.4  981.0  111.1  2.6  3.38  -0.14  -0.30  114.3
65869.0  2.1  980.6  110.7  2.6  4.00  1.29  -0.26  113.6
65870.0  1.8  980.4  110.3  2.7  4.00  1.75  -0.39  113.7
65871.0  1.7  980.5  109.9  2.7  4.04  1.44  -0.28  113.2
65872.0  1.7  980.3  109.5  2.8  4.01  1.22  -0.13  112.6
65873.0  1.8  980.0  109.1  2.9  4.08  0.84  0.04  112.2
65874.0  2.0  979.9  108.7  3.1  4.45  0.54  -0.02  111.8
65875.0  2.0  980.0  108.2  3.3  4.73  0.55  0.07  111.6
65876.0  1.6  980.3  107.8  3.5  4.46  0.31  -0.39  111.2
65877.0  1.6  980.1  107.4  3.5  4.24  0.13  -0.39  111.0
65878.0  1.5  980.3  107.1  3.4  4.00  -0.28  -0.28  111.0
65879.0  1.9  980.4  106.9  3.2  4.15  -1.03  -0.27  111.4
65880.0  2.0  979.5  106.9  3.1  4.65  -1.26  -0.39  111.3
65881.0  2.2  979.5  106.7  2.9  5.14  -0.84  -0.07  110.9
65882.0  1.8  980.0  106.6  2.8  4.97  -1.41  -0.40  110.5
65883.0  1.9  979.6  106.5  2.5  4.66  -1.31  -0.54  109.8
65884.0  1.8  979.3  106.5  2.1  4.27  -0.46  -0.21  109.9
65885.0  1.4  978.8  106.7  1.9  4.02  -0.39  0.08  109.6
65886.0  1.4  979.4  107.0  1.9  4.08  0.76  0.20  109.9
65887.0  1.8  979.4  107.1  2.1  4.35  1.37  0.20  110.0
65888.0  2.2  979.2  107.2  2.4  5.02  1.29  0.00  110.7
65889.0  2.3  979.3  107.1  2.6  5.28  0.32  -0.47  111.1
65890.0  1.9  979.3  107.1  2.5  4.94  -0.19  -0.38  110.4
65891.0  2.0  978.9  107.1  2.3  4.49  -0.18  -0.77  109.8
65892.0  0.9  978.5  107.3  2.0  3.81  0.02  0.28  109.4
65893.0  1.3  978.8  107.6  2.1  3.77  0.41  0.50  109.0
65894.0  2.4  978.5  107.7  2.5  4.41  -0.04  0.00  110.1
65895.0  1.9  978.5  107.7  2.6  4.24  -1.32  -0.72  110.4
65896.0  1.4  978.9  107.8  2.2  4.10  -2.12  -1.24  111.2
65897.0  2.0  978.3  107.8  1.4  4.51  -2.44  -0.59  111.0
65898.0  2.0  978.8  107.8  0.9  5.07  -1.62  -0.15  109.9
65899.0  2.1  978.1  107.6  0.8  5.19  -0.95  0.25  110.8
65900.0  1.4  978.6  107.5  0.9  4.22  -1.01  -0.34  111.0
65901.0  0.1  978.3  107.8  0.8  2.09  -1.62  0.03  110.4
65902.0  0.3  978.1  108.1  0.6  0.85  -2.95  0.31  110.4
65903.0  1.0  977.9  108.4  0.6  0.46  -2.48  0.59  110.6
65904.0  2.1  978.1  108.8  0.7  0.90  -0.94  0.02  111.3
65905.0  1.7  978.1  109.1  0.8  0.69  -0.88  -0.46  111.6
65906.0  1.9  978.4  109.4  0.9  0.79  -0.74  -0.41  111.6
65907.0  1.7  978.0  109.7  0.9  1.04  -1.47  -0.56  111.9
65908.0  2.2  978.2  109.9  0.8  1.43  -1.90  -0.99  111.8
65909.0  1.8  978.7  110.0  0.3  1.34  -1.32  -0.79  113.4
65910.0  2.1  978.1  110.2  0.0  1.54  -1.38  -0.56  112.0
65911.0  1.8  978.2  110.4  359.7  1.51  -0.72  -0.12  111.9
65912.0  1.9  977.8  110.6  359.8  1.62  0.38  0.42  112.5
65913.0  1.8  977.3  110.7  0.2  1.62  1.55  -0.17  112.6
65914.0  1.4  977.5  110.9  0.5  1.56  2.98  -0.10  112.7
65915.0  1.7  977.4  110.9  0.8  1.83  4.04  -0.02  113.8
65916.0  1.3  977.7  111.0  1.3  1.83  5.13  -0.21  113.8
65917.0  1.6  977.9  111.0  1.8  2.03  5.79  -0.43  113.8
65918.0  1.8  978.2  111.0  2.3  2.15  4.92  -0.30  114.5
65919.0  1.6  977.9  111.0  2.7  1.92  2.60  -0.38  113.7
65920.0  1.5  978.2  111.0  2.8  1.86  1.55  -0.37  113.3
65921.0  1.4  978.1  111.0  2.9  1.99  0.89  -0.02  113.6
65922.0  1.6  978.1  111.0  3.0  2.21  -0.46  -0.05  113.7
65923.0  1.7  977.9  110.9  3.1  2.19  -0.49  -0.22  113.9
65924.0  1.6  978.3  110.9  3.1  2.07  -0.23  -0.23  114.0
65925.0  1.6  978.1  110.9  3.0  2.02  -0.34  -0.12  113.3
65926.0  1.7  978.2  111.0  3.1  2.03  -0.06  -0.38  113.2
65927.0  1.6  978.0  111.0  3.0  2.08  0.64  -0.29  113.6
65928.0  1.8  977.9  110.9  3.0  2.11  0.80  -0.22  114.3
65929.0  1.6  978.2  110.9  3.1  1.95  0.68  -0.26  114.2
65930.0  1.2  977.6  111.0  3.1  1.80  0.76  -0.50  113.4
65931.0  1.6  977.7  111.0  3.1  2.10  0.88  -0.47  113.5
65932.0  1.6  977.7  111.0  3.0  2.20  0.78  -0.58  114.0
65933.0  1.7  977.3  110.9  2.8  2.19  0.65  -0.50  113.8
65934.0  1.8  977.3  110.9  2.6  2.11  0.47  -0.37  114.4
65935.0  1.6  977.3  110.9  2.5  1.91  -0.04  -0.45  114.0
65936.0  1.4  977.8  110.9  2.2  1.86  -0.02  -0.21  114.3
65937.0  1.5  977.5  111.0  2.1  1.94  0.17  0.33  114.3
65938.0  1.9  977.5  111.0  2.4  1.97  0.16  0.20  113.1
65939.0  1.6  977.7  111.0  2.6  1.69  0.52  0.08  113.5
65940.0  1.3  977.6  111.1  2.8  1.48  0.67  0.02  114.4
65941.0  1.8  978.0  111.2  3.0  1.77  0.02  0.18  114.5
65942.0  1.8  978.0  111.2  3.3  1.57  -0.07  0.00  113.7
65943.0  1.4  977.8  111.4  3.4  1.16  -0.57  -0.46  114.1
65944.0  1.2  978.2  111.5  3.3  1.04  -0.37  -0.06  114.8
65945.0  1.2  977.9  111.6  3.4  1.23  0.31  -0.63  113.7
65946.0  1.7  977.8  111.8  3.2  1.30  0.97  -0.37  113.9
65947.0  1.8  977.6  111.9  3.2  1.19  0.27  0.08  113.6
65948.0  1.7  977.5  112.1  3.3  0.76  0.46  -0.87  114.3
65949.0  1.5  980.4  112.3  3.0  0.55  0.38  -0.22  116.7
65950.0  1.3  977.6  112.5  2.9  0.44  -0.65  -0.19  116.3
65951.0  1.1  977.6  112.7  2.8  0.30  -0.96  0.37  115.5
65952.0  0.9  977.3  113.0  2.9  0.35  0.29  0.04  115.3
65953.0  1.8  977.5  113.1  3.1  0.81  1.20  -0.24  116.3
65954.0  1.9  977.8  113.3  3.2  0.57  0.57  -0.46  116.6
65955.0  1.0  977.7  113.6  3.1  -0.06  0.65  -0.35  116.5
65956.0  0.9  977.6  113.8  3.1  0.13  0.57  -0.11  116.7
65957.0  0.9  977.2  114.0  3.1  0.55  0.43  -0.54  116.6
65958.0  1.8  977.4  114.2  2.9  1.01  -0.04  -0.26  116.6
65959.0  1.4  977.4  114.3  2.9  0.80  -0.48  0.09  116.5
65960.0  1.2  977.2  114.5  3.0  0.71  -0.21  -0.37  117.0
65961.0  1.3  977.4  114.6  2.9  1.05  0.29  0.02  116.9
65962.0  1.5  977.8  114.7  3.1  1.21  -0.17  0.04  117.9
65963.0  1.4  977.3  114.7  3.2  1.21  0.05  -0.11  117.8
65964.0  1.3  978.1  114.8  3.2  1.22  -0.26  -1.09  117.8
65965.0  1.3  977.6  114.8  2.7  1.41  -0.55  -0.70  117.9
65966.0  1.5  977.6  114.8  2.4  1.65  -0.22  -0.17  117.9
65967.0  1.3  977.2  114.8  2.4  1.65  0.30  0.47  118.4
65968.0  1.3  977.9  114.7  2.7  1.77  0.65  0.24  117.6
65969.0  1.6  977.5  114.7  3.1  1.81  0.93  -0.30  117.6
65970.0  1.2  977.8  114.6  3.1  1.61  0.58  -0.64  116.7
65971.0  1.7  977.8  114.6  3.1  1.73  0.73  -0.08  117.3
65972.0  1.8  977.6  114.6  3.3  1.62  0.39  -0.78  116.9
65973.0  1.2  977.5  114.6  3.1  1.22  -0.13  -0.24  117.6
65974.0  1.5  977.2  114.6  3.1  1.23  -0.49  0.61  118.2
65975.0  1.0  977.8  114.6  3.5  1.07  -0.02  0.09  117.8
65976.0  1.3  977.5  114.6  3.8  1.10  -0.04  -0.41  116.9
65977.0  1.5  977.1  114.7  3.7  1.06  -0.42  -0.81  116.6
65978.0  1.5  977.4  114.8  3.4  0.86  -0.50  -0.35  116.8
65979.0  1.0  977.2  114.9  3.3  0.51  -0.45  0.30  116.0
65980.0  1.5  977.5  115.0  3.4  0.56  -0.02  -0.08  116.2
65981.0  1.1  979.4  115.1  3.6  0.43  0.67  -0.50  118.2
65982.0  1.3  977.3  115.3  3.5  0.47  0.39  -0.05  118.9
65983.0  0.9  977.6  115.4  3.6  0.31  0.15  -0.45  118.7
65984.0  1.2  977.3  115.5  3.4  0.27  0.19  0.11  118.9
65985.0  1.1  977.5  115.6  3.6  0.18  -0.12  0.48  118.3
65986.0  0.8  977.1  115.8  4.0  0.14  0.36  -0.14  117.7
65987.0  1.6  977.7  116.0  4.2  0.39  -0.16  -0.61  117.8
65988.0  0.9  976.2  116.1  4.0  0.20  -0.57  -0.47  119.7
65989.0  1.2  977.7  116.2  3.9  0.41  -0.69  -0.36  120.4
65990.0  0.9  977.4  116.3  3.7  0.39  0.00  -0.33  119.4
65991.0  1.0  977.4  116.3  3.6  0.54  -0.17  -0.37  119.3
65992.0  1.1  977.6  116.3  3.5  0.78  0.27  -0.11  119.3
65993.0  1.1  977.3  116.2  3.5  0.87  0.47  -0.34  119.6
65994.0  1.5  977.2  116.2  3.5  1.18  0.68  -0.26  119.3
65995.0  1.3  977.3  116.1  3.5  1.13  0.26  -0.29  119.4
65996.0  1.4  977.2  116.0  3.4  1.16  0.22  -0.33  119.1
65997.0  1.3  977.3  116.0  3.2  1.26  0.01  -0.24  117.9
65998.0  1.5  976.9  115.9  3.2  1.35  0.47  0.22  118.6
65999.0  1.8  977.6  115.9  3.4  1.28  0.89  -0.01  118.6
66000.0  1.1  977.9  115.8  3.5  0.99  0.67  -0.16  118.4
66001.0  1.1  977.0  115.9  3.6  1.18  0.38  -0.35  119.7
66002.0  1.3  977.7  115.9  3.6  1.30  0.25  -0.17  119.4
66003.0  1.3  977.5  115.8  3.7  1.28  0.31  -0.24  119.7
66004.0  1.3  977.7  115.8  3.7  1.17  0.42  -0.31  119.9
66005.0  1.3  977.3  115.9  3.8  0.90  -0.08  -0.38  119.5
66006.0  0.7  977.7  116.0  3.7  0.74  -1.63  -0.01  119.7
66007.0  0.7  977.3  116.0  3.6  0.99  -2.58  -0.30  119.0
66008.0  1.4  977.4  116.0  3.4  1.42  -2.19  -0.28  118.4
66009.0  0.9  977.0  116.0  3.3  1.22  -0.56  0.38  119.0
66010.0  1.3  977.5  116.0  3.6  1.30  -0.48  -0.13  118.9
66011.0  1.1  977.3  115.9  3.5  1.29  -1.51  -0.61  119.1
66012.0  1.1  977.3  115.8  3.2  1.46  -2.60  -0.03  119.1
66013.0  1.4  977.1  115.7  3.1  1.57  -3.25  -0.23  118.9
66014.0  1.4  977.0  115.6  2.8  1.50  -3.58  -0.35  118.6
66015.0  1.4  977.0  115.5  2.4  1.47  -3.69  -0.22  118.6
66016.0  1.4  977.4  115.4  2.1  1.47  -3.58  -0.10  118.4
66017.0  1.1  976.8  115.3  1.8  1.40  -3.25  -0.03  118.5
66018.0  1.3  977.2  115.2  1.7  1.52  -2.56  0.00  118.7
66019.0  1.2  977.5  115.1  1.6  1.56  -1.61  -0.18  118.7
66020.0  1.2  977.2  115.0  1.5  1.57  -1.13  -0.32  118.5
66021.0  1.3  977.5  114.9  1.3  1.63  -0.20  -0.24  118.3
66022.0  1.3  977.3  114.7  1.3  1.56  0.36  -0.29  118.0
66023.0  1.2  977.6  114.6  1.3  1.48  0.63  -0.22  117.5
66024.0  1.4  977.5  114.5  1.3  1.60  0.27  -0.16  117.6
66025.0  1.4  977.5  114.4  1.4  1.65  0.26  -0.15  117.8
66026.0  1.4  977.4  114.3  1.4  1.60  0.42  -0.20  117.8
66027.0  1.3  977.5  114.2  1.4  1.49  0.33  -0.36  117.8
66028.0  1.3  977.3  114.1  1.4  1.47  0.02  -0.15  117.6
66029.0  1.3  977.5  114.0  1.4  1.50  -0.06  -0.05  117.6
66030.0  1.4  977.3  113.9  1.5  1.50  0.12  -0.09  117.3
66031.0  1.3  977.1  113.8  1.6  1.46  -0.01  -0.06  117.1
66032.0  1.2  977.4  113.7  1.6  1.34  -1.11  -0.43  117.1
66033.0  1.4  977.1  113.7  1.4  1.47  -1.64  -0.42  117.3
66034.0  1.3  977.3  113.6  1.1  1.40  -1.29  -0.51  117.3
66035.0  1.2  976.9  113.5  0.8  1.37  -1.01  -0.39  117.2
66036.0  1.4  977.1  113.4  0.6  1.48  -0.32  -0.30  117.0
66037.0  1.4  977.0  113.4  0.4  1.42  -0.60  -0.26  117.0
66038.0  1.3  977.1  113.3  0.3  1.35  -0.87  -0.08  117.1
66039.0  1.4  977.3  113.2  0.2  1.45  -1.02  -0.11  117.1
66040.0  1.4  977.2  113.2  0.1  1.39  -1.40  -0.12  117.1
66041.0  1.3  977.4  113.1  0.0  1.37  -1.66  -0.14  117.5
66042.0  1.3  977.3  113.0  359.9  1.49  -1.48  0.07  117.6
66043.0  1.3  977.1  112.9  359.9  1.52  -0.59  0.01  117.5
66044.0  1.3  977.5  112.8  360.0  1.43  -0.63  -0.15  117.9
66045.0  1.3  977.7  112.7  360.0  1.40  -0.75  0.02  117.3
66046.0  1.4  977.4  112.7  0.0  1.48  -0.64  -0.18  117.0
66047.0  1.3  977.5  112.6  0.1  1.35  -0.32  -0.31  117.0
66048.0  1.3  977.5  112.5  360.0  1.42  -0.40  -0.33  116.8
66049.0  1.4  977.1  112.5  359.9  1.52  -0.32  -0.28  116.5
66050.0  1.4  977.3  112.4  359.8  1.57  0.06  0.05  116.3
66051.0  1.3  977.1  112.3  360.0  1.52  0.75  -0.22  116.0
66052.0  1.5  977.1  112.2  0.0  1.66  1.74  -0.18  115.9
66053.0  1.6  976.9  112.2  0.2  1.71  2.13  0.16  115.4
66054.0  1.4  976.8  112.1  0.6  1.58  1.98  -0.17  115.2
66055.0  1.5  976.7  112.0  0.7  1.60  1.12  -0.34  115.1
66056.0  1.4  977.0  112.0  0.8  1.23  -0.09  0.00  114.7
66057.0  1.1  976.8  112.0  0.9  0.60  -0.06  -0.05  114.8
66058.0  1.1  977.4  112.1  1.0  0.34  -0.09  -0.09  115.0
66059.0  1.4  977.0  112.3  1.0  0.46  0.54  -0.23  115.2
66060.0  2.1  977.3  112.3  1.1  1.51  1.96  -0.03  115.3
66061.0  1.5  977.4  112.3  1.4  1.07  1.93  -0.11  115.5
66062.0  1.0  977.3  112.4  1.6  0.26  1.67  -0.15  115.4
66063.0  1.3  977.3  112.5  1.8  0.27  1.40  -0.21  115.7
66064.0  1.8  977.3  112.6  2.0  0.86  0.82  -0.33  115.5
66065.0  1.6  977.5  112.7  2.0  0.95  0.38  -0.37  115.4
66066.0  1.5  977.5  112.8  2.0  0.97  -0.24  -0.18  115.6
66067.0  1.2  977.3  112.8  2.0  0.67  -0.37  -0.13  116.0
66068.0  1.5  977.8  112.8  2.0  1.08  0.07  -0.04  116.2
66069.0  1.8  977.5  112.8  2.1  1.49  0.30  -0.30  116.1
66070.0  1.5  977.1  112.8  2.1  1.42  -0.08  -0.29  115.9
66071.0  1.4  977.4  112.7  2.1  1.52  0.05  -0.26  115.8
66072.0  1.5  977.2  112.7  2.1  1.82  1.12  -0.14  115.4
66073.0  1.6  976.9  112.5  2.2  1.98  0.84  -0.19  115.3
66074.0  1.5  977.5  112.4  2.2  1.95  1.37  -0.07  115.3
66075.0  1.6  977.2  112.3  2.4  1.94  2.23  -0.26  115.9
66076.0  1.6  977.2  112.1  2.6  1.95  2.42  -0.40  115.4
66077.0  1.5  977.2  112.0  2.7  1.97  1.58  -0.34  115.0
66078.0  1.4  977.1  111.9  2.8  1.89  2.23  -0.11  114.8
66079.0  1.6  977.6  111.8  3.0  1.99  2.39  -0.01  114.3
66080.0  1.6  977.2  111.7  3.2  2.00  2.18  -0.26  114.4
66081.0  1.5  977.4  111.6  3.4  1.83  1.68  -0.22  114.0
66082.0  1.6  977.0  111.5  3.5  1.88  1.06  -0.30  113.6
66083.0  1.7  977.6  111.5  3.5  1.84  1.42  -0.37  113.6
66084.0  1.5  977.4  111.4  3.5  1.72  1.06  -0.32  113.8
66085.0  1.4  977.1  111.3  3.5  1.76  0.00  -0.25  113.3
66086.0  1.6  977.5  111.3  3.3  1.85  0.00  -0.33  113.3
66087.0  1.6  977.0  111.2  3.2  1.86  0.74  -0.45  112.8
66088.0  1.6  977.2  111.2  3.1  1.86  0.63  -0.02  113.0
66089.0  1.8  976.8  111.1  3.2  1.93  1.02  -0.01  112.1
66090.0  1.8  976.9  111.1  3.3  1.86  1.01  0.03  112.3
66091.0  1.8  976.7  111.1  3.5  1.84  0.93  0.18  112.2
66092.0  1.8  976.7  111.0  3.7  1.79  0.35  -0.16  112.1
66093.0  1.7  976.6  111.0  3.8  1.83  -0.72  -0.52  112.2
66094.0  1.9  976.8  111.0  3.6  1.87  -0.99  -0.29  112.2
66095.0  1.9  976.6  111.0  3.4  1.80  -0.84  -0.13  112.0
66096.0  1.8  977.2  111.0  3.4  1.74  -0.03  -0.08  111.8
66097.0  1.7  977.0  111.0  3.4  1.70  0.11  -0.18  111.5
66098.0  1.8  977.2  111.0  3.4  1.78  -0.26  -0.20  111.9
66099.0  1.6  977.3  110.9  3.4  1.72  -0.37  -0.18  112.4
66100.0  1.7  977.5  110.9  3.3  1.77  -0.34  -0.28  112.4
66101.0  1.7  977.6  110.9  3.2  1.85  -0.55  -0.40  112.5
66102.0  1.6  977.2  110.8  3.0  1.89  -1.53  -0.59  113.6
66103.0  1.8  977.8  110.7  2.6  1.94  -3.67  -0.67  113.1
66104.0  1.9  977.3  110.7  2.1  1.88  -4.95  -0.36  113.7
66105.0  1.5  977.0  110.6  1.5  1.64  -5.63  -0.44  114.4
66106.0  1.5  977.4  110.6  0.8  1.65  -6.37  -0.34  114.4
66107.0  1.6  977.2  110.5  0.2  1.83  -7.14  0.07  114.5
66108.0  1.5  977.2  110.4  359.7  1.78  -7.09  0.01  114.8
66109.0  1.4  977.0  110.3  359.1  1.65  -6.35  -0.10  114.5
66110.0  1.5  976.9  110.2  358.6  1.75  -5.58  -0.04  114.5
66111.0  1.7  977.5  110.1  358.2  1.77  -5.55  0.02  114.4
66112.0  1.6  977.1  110.1  357.9  1.70  -5.56  -0.22  114.4
66113.0  1.5  977.0  110.0  357.5  1.59  -4.25  0.05  114.2
66114.0  1.6  976.8  110.0  357.3  1.68  -2.97  0.03  113.7
66115.0  1.6  977.0  109.9  357.2  1.66  -2.51  0.06  113.7
