flight/WP3D/AircraftMet_NP3_20130611_RA.ict
43  1001
Ken Aikin
NOAA ESRL Chemical Sciences Division
various aircraft sensors
SENEX 2013
1  1
2013  06  11  2013  06  11
1
AOCTimewave
10
1  1  1  1  1  1  1  1  1  1
-9999  -9999  -9999  -9999  -9999  -9999  -9999  -9999  -9999  -9999
AmbTemp  C
DewPtTemp  C
DewPtTempTDL  C
H2Omr  g/kg
PotTemp  K
RelHumidity  pct
StaticPrs  mbar
VertWindSpd  m/s
WindDir  deg
WindSpd  m/s
1
SPECIAL COMMENTS:Birmingham power plants flight.
18
PI_CONTACT_INFO: Address: NOAA ESRL Chemical Sciences Division  Mail Stop R/CSD7  325 Broadway  Boulder  CO 80305
PLATFORM: NOAA WP-3D
LOCATION: The aircraft was stationed in  Smyrna  Tennessee. Aircraft location information in AircraftPosition file.
ASSOCIATED_DATA: N/A
INSTRUMENT_INFO: N/A
DATA_INFO: Units:AmbTemp celcius; DewPtTemp celcius; DewPtTempTDL celcius; H2Omr g/kg; PotTemp kelvin; RelHumidity percent; StaticPrs millibar; VertWindSpd m/s; WindDir degrees; WindSpd m/s
UNCERTAINTY: N/A
ULOD_FLAG: -7777
ULOD_VALUE: N/A
LLOD_FLAG: -8888
LLOD_VALUE: N/A
DM_CONTACT_INFO: Data Manager:Ken Aikin; email:Kenneth.C.Aikin@noaa.gov
PROJECT_INFO: SENEX 2013 Study; June 1 - July 15  2013
STIPULATIONS_ON_USE: Use of these data require prior ok from PI.
OTHER_COMMENTS:       None
REVISION: RA
RA: Preliminary Data.  For in-field use.
AOCTimewave  AmbTemp  DewPtTemp  DewPtTempTDL  H2Omr  PotTemp  RelHumidity  StaticPrs  VertWindSpd  WindDir  WindSpd
[from data line 15559]
74939.0  11.190  -6.410  -24.640  3.38  314.69  28.14  701.03  0.42  20.98  11.44
74940.0  11.230  -6.410  -24.640  3.38  314.74  28.06  701.04  0.49  20.99  11.39
74941.0  11.200  -6.440  -24.640  3.37  314.70  28.05  701.11  0.64  20.61  11.41
74942.0  11.200  -6.440  -24.640  3.37  314.69  28.05  701.16  0.69  20.40  11.40
74943.0  11.230  -6.480  -24.640  3.36  314.70  27.91  701.38  0.61  20.54  11.42
74944.0  11.200  -6.480  -24.640  3.36  314.68  27.97  701.27  0.48  20.36  11.41
74945.0  11.220  -6.510  -24.640  3.35  314.68  27.88  701.38  0.39  20.53  11.35
74946.0  11.250  -6.510  -24.640  3.35  314.72  27.83  701.38  0.34  20.13  11.39
74947.0  11.210  -6.510  -24.640  3.35  314.69  27.89  701.26  0.24  20.19  11.44
74948.0  11.220  -6.510  -24.640  3.35  314.71  27.86  701.24  0.24  20.41  11.38
74949.0  11.250  -6.490  -24.640  3.36  314.74  27.86  701.25  0.28  20.53  11.40
74950.0  11.250  -6.460  -24.640  3.36  314.75  27.91  701.21  0.30  20.66  11.48
74951.0  11.220  -6.460  -24.640  3.37  314.73  27.97  701.05  0.24  20.86  11.49
74952.0  11.260  -6.460  -24.640  3.37  314.77  27.89  701.13  0.12  20.76  11.54
74953.0  11.290  -6.450  -24.640  3.37  314.78  27.86  701.27  0.06  21.16  11.54
74954.0  11.270  -6.450  -24.640  3.37  314.77  27.89  701.22  0.02  21.36  11.65
74955.0  11.290  -6.480  -24.640  3.36  314.79  27.80  701.25  -0.01  21.26  11.65
74956.0  11.300  -6.530  -24.640  3.35  314.79  27.69  701.26  -0.08  21.28  11.71
74957.0  11.300  -6.580  -24.640  3.33  314.80  27.57  701.23  -0.11  21.31  11.79
74958.0  11.310  -6.630  -24.640  3.32  314.81  27.44  701.17  -0.06  20.90  11.80
74959.0  11.320  -6.680  -24.640  3.31  314.82  27.31  701.23  -0.05  20.44  11.78
74960.0  11.310  -6.730  -24.640  3.29  314.80  27.22  701.34  -0.05  20.31  11.77
74961.0  11.290  -6.760  -24.640  3.29  314.78  27.20  701.28  -0.07  19.92  11.83
74962.0  11.280  -6.800  -24.640  3.28  314.76  27.14  701.36  -0.02  19.92  11.81
74963.0  11.280  -6.820  -24.640  3.27  314.77  27.10  701.24  0.08  19.76  11.75
74964.0  11.280  -6.850  -24.640  3.26  314.76  27.04  701.26  0.07  19.53  11.71
74965.0  11.300  -6.880  -24.640  3.26  314.79  26.93  701.26  0.17  19.11  11.64
74966.0  11.270  -6.890  -24.640  3.26  314.75  26.99  701.29  0.17  19.20  11.63
74967.0  11.240  -6.890  -24.640  3.26  314.73  27.02  701.30  0.11  19.25  11.62
74968.0  11.250  -6.870  -24.640  3.26  314.73  27.05  701.37  0.15  19.73  11.57
74969.0  11.280  -6.840  -24.640  3.27  314.75  27.05  701.37  0.10  20.37  11.57
74970.0  11.290  -6.810  -24.640  3.27  314.79  27.09  701.21  0.10  20.71  11.59
74971.0  11.280  -6.780  -24.640  3.28  314.78  27.18  701.15  0.01  21.50  11.66
74972.0  11.290  -6.760  -24.640  3.29  314.79  27.21  701.21  -0.02  21.94  11.67
74973.0  11.300  -6.730  -24.640  3.30  314.80  27.25  701.15  0.02  22.46  11.88
74974.0  11.320  -6.730  -24.640  3.30  314.82  27.21  701.24  -0.02  22.85  12.02
74975.0  11.340  -6.730  -24.640  3.30  314.83  27.17  701.31  -0.10  22.98  12.13
74976.0  11.400  -6.750  -24.640  3.29  314.91  27.02  701.20  -0.13  22.71  12.16
74977.0  11.440  -6.810  -24.640  3.28  314.95  26.83  701.25  -0.11  22.49  12.21
74978.0  11.450  -6.860  -24.640  3.26  314.97  26.70  701.22  -0.18  22.17  12.31
74979.0  11.470  -6.960  -24.640  3.24  314.98  26.46  701.21  -0.14  22.01  12.33
74980.0  11.470  -7.070  -24.640  3.21  314.99  26.24  701.17  -0.09  21.81  12.38
74981.0  11.470  -7.180  -24.640  3.18  314.98  26.03  701.26  -0.04  21.71  12.40
74982.0  11.490  -7.290  -24.640  3.16  315.00  25.78  701.23  -0.02  21.47  12.39
74983.0  11.490  -7.390  -24.640  3.13  315.01  25.55  701.26  0.03  21.56  12.32
74984.0  11.420  -7.530  -24.640  3.10  314.93  25.41  701.29  0.06  21.59  12.17
74985.0  11.400  -7.620  -24.640  3.08  314.90  25.27  701.25  0.01  21.45  12.16
74986.0  11.410  -7.650  -24.640  3.07  314.91  25.18  701.30  -0.09  21.44  12.09
74987.0  11.390  -7.710  -24.640  3.05  314.91  25.10  701.15  -0.11  21.24  12.10
74988.0  11.360  -7.760  -24.640  3.04  314.87  25.04  701.19  -0.06  20.96  11.97
74989.0  11.360  -7.790  -24.640  3.03  314.86  25.00  701.22  -0.06  20.55  11.98
74990.0  11.360  -7.820  -24.640  3.03  314.86  24.93  701.27  -0.06  20.30  11.97
74991.0  11.360  -7.830  -24.640  3.03  314.86  24.93  701.29  -0.06  20.07  11.94
74992.0  11.330  -7.820  -24.640  3.03  314.81  24.99  701.39  -0.10  20.03  11.92
74993.0  11.340  -7.790  -24.640  3.03  314.82  25.03  701.39  -0.09  19.82  11.92
74994.0  11.360  -7.750  -24.640  3.05  314.86  25.09  701.27  -0.09  19.88  11.94
74995.0  11.350  -7.690  -24.640  3.06  314.84  25.22  701.28  -0.11  19.69  11.89
74996.0  11.320  -7.610  -24.640  3.08  314.82  25.42  701.22  -0.16  20.09  11.94
74997.0  11.330  -7.530  -24.640  3.10  314.83  25.56  701.26  -0.11  20.22  11.91
74998.0  11.360  -7.470  -24.640  3.11  314.87  25.63  701.17  -0.05  20.90  11.95
74999.0  11.340  -7.390  -24.640  3.13  314.86  25.82  701.10  0.00  20.83  11.91
75000.0  11.320  -7.330  -24.640  3.15  314.82  25.98  701.20  0.11  20.84  11.94
75001.0  11.330  -7.320  -24.640  3.15  314.82  25.98  701.27  0.23  21.46  11.90
75002.0  11.360  -7.320  -24.640  3.15  314.86  25.93  701.24  0.31  22.14  11.90
75003.0  11.350  -7.290  -24.640  3.16  314.87  26.00  701.09  0.42  22.14  11.93
75004.0  11.350  -7.290  -24.640  3.16  314.87  26.00  701.10  0.49  22.40  11.88
75005.0  11.350  -7.320  -24.640  3.15  314.87  25.94  701.08  0.43  22.03  11.97
75006.0  11.410  -7.300  -24.640  3.15  314.94  25.89  701.04  0.36  21.92  12.02
75007.0  11.480  -7.290  -24.640  3.16  315.02  25.78  701.03  0.31  22.04  11.91
75008.0  11.530  -7.310  -24.640  3.15  315.08  25.65  700.99  0.27  21.86  11.85
75009.0  11.550  -7.420  -24.640  3.13  315.10  25.40  701.02  0.27  21.72  11.83
75010.0  11.560  -7.530  -24.640  3.10  315.11  25.17  701.02  0.31  21.96  11.80
75011.0  11.580  -7.590  -24.640  3.08  315.14  25.01  700.97  0.36  21.84  11.71
75012.0  11.590  -7.670  -24.640  3.06  315.14  24.84  701.10  0.37  21.97  11.67
75013.0  11.610  -7.750  -24.640  3.04  315.15  24.65  701.18  0.32  21.84  11.57
75014.0  11.590  -7.810  -24.640  3.03  315.12  24.57  701.19  0.15  21.89  11.58
75015.0  11.570  -7.900  -24.640  3.01  315.11  24.45  701.13  0.04  22.03  11.50
75016.0  11.590  -7.960  -24.640  3.00  315.13  24.29  701.14  -0.05  22.18  11.39
75017.0  11.600  -8.040  -24.640  2.98  315.13  24.12  701.20  -0.08  22.23  11.35
75018.0  11.560  -8.130  -24.640  2.96  315.07  24.03  701.33  -0.08  22.34  11.31
75019.0  11.530  -8.180  -24.640  2.94  315.04  23.97  701.31  -0.16  22.35  11.35
75020.0  11.530  -8.230  -24.640  2.93  315.02  23.88  701.43  -0.21  21.98  11.30
75021.0  11.500  -8.310  -24.640  2.91  315.00  23.78  701.39  -0.20  22.24  11.14
75022.0  11.440  -8.340  -24.640  2.91  314.93  23.83  701.37  -0.27  21.99  10.99
75023.0  11.450  -8.340  -24.640  2.91  314.95  23.80  701.37  -0.37  21.70  10.87
75024.0  11.400  -8.310  -24.640  2.91  314.88  23.95  701.42  -0.33  20.89  10.78
75025.0  11.390  -8.230  -24.640  2.93  314.89  24.12  701.23  -0.21  20.74  10.71
75026.0  11.410  -8.120  -24.640  2.96  314.93  24.27  701.16  -0.12  20.76  10.63
75027.0  11.360  -8.030  -24.640  2.98  314.87  24.53  701.18  -0.10  20.88  10.57
75028.0  11.390  -7.940  -24.640  3.00  314.89  24.65  701.26  -0.05  21.04  10.53
75029.0  11.380  -7.870  -24.640  3.02  314.88  24.82  701.22  -0.02  21.25  10.50
75030.0  11.360  -7.820  -24.640  3.03  314.86  24.96  701.25  -0.06  21.60  10.55
75031.0  11.400  -7.740  -24.640  3.05  314.90  25.04  701.26  -0.18  21.55  10.53
75032.0  11.370  -7.650  -24.640  3.07  314.86  25.24  701.40  -0.19  21.65  10.51
75033.0  11.360  -7.580  -24.640  3.09  314.85  25.42  701.36  -0.29  21.97  10.56
75034.0  11.390  -7.530  -24.640  3.10  314.88  25.47  701.30  -0.31  21.89  10.68
75035.0  11.390  -7.470  -24.640  3.11  314.90  25.57  701.18  -0.36  21.66  10.76
75036.0  11.370  -7.410  -24.640  3.13  314.90  25.72  701.05  -0.45  21.45  10.75
75037.0  11.360  -7.330  -24.640  3.15  314.87  25.91  701.13  -0.37  21.27  10.84
75038.0  11.370  -7.330  -24.640  3.15  314.86  25.90  701.29  -0.38  20.91  10.84
75039.0  11.390  -7.300  -24.640  3.15  314.89  25.92  701.30  -0.36  21.13  10.99
75040.0  11.380  -7.300  -24.640  3.15  314.87  25.94  701.27  -0.19  21.25  11.02
75041.0  11.410  -7.300  -24.640  3.15  314.91  25.88  701.24  -0.11  21.05  11.06
75042.0  11.390  -7.330  -24.640  3.15  314.89  25.86  701.27  -0.08  20.92  11.00
75043.0  11.390  -7.360  -24.640  3.14  314.90  25.80  701.24  0.00  20.86  10.99
75044.0  11.410  -7.360  -24.640  3.14  314.93  25.77  701.15  0.08  20.50  11.02
75045.0  11.400  -7.370  -24.640  3.14  314.91  25.76  701.16  0.14  20.61  11.03
75046.0  11.380  -7.380  -24.640  3.14  314.90  25.78  701.16  0.13  20.71  11.06
75047.0  11.380  -7.400  -24.640  3.13  314.89  25.73  701.21  0.16  20.89  11.03
75048.0  11.400  -7.410  -24.640  3.13  314.90  25.69  701.29  0.14  21.13  10.97
75049.0  11.410  -7.420  -24.640  3.12  314.93  25.64  701.10  0.16  21.00  11.02
75050.0  11.410  -7.430  -24.640  3.12  314.94  25.62  701.09  0.25  20.85  10.98
75051.0  11.390  -7.430  -24.640  3.12  314.91  25.65  701.12  0.28  20.98  10.97
75052.0  11.390  -7.430  -24.640  3.12  314.91  25.65  701.10  0.24  21.17  10.97
75053.0  11.390  -7.430  -24.640  3.12  314.90  25.66  701.13  0.19  21.14  10.95
75054.0  11.400  -7.430  -24.640  3.12  314.90  25.64  701.24  0.21  21.29  10.86
75055.0  11.410  -7.430  -24.640  3.12  314.94  25.62  701.06  0.22  20.88  10.99
75056.0  11.440  -7.460  -24.640  3.12  314.99  25.51  700.98  0.29  20.23  11.05
75057.0  11.510  -7.460  -24.640  3.12  315.06  25.40  700.99  0.39  19.40  11.08
75058.0  11.570  -7.510  -24.640  3.10  315.11  25.19  701.10  0.43  18.70  11.01
75059.0  11.600  -7.610  -24.640  3.08  315.15  24.95  701.06  0.38  18.39  10.96
75060.0  11.610  -7.770  -24.640  3.04  315.16  24.62  701.09  0.46  17.93  10.92
75061.0  11.620  -7.880  -24.640  3.02  315.16  24.40  701.12  0.52  17.61  10.91
75062.0  11.630  -8.040  -24.640  2.98  315.17  24.08  701.18  0.51  18.28  10.82
75063.0  11.600  -8.180  -24.640  2.94  315.12  23.85  701.30  0.45  19.21  10.79
75064.0  11.560  -8.320  -24.640  2.91  315.08  23.66  701.23  0.34  19.77  10.73
75065.0  11.510  -8.410  -24.640  2.89  315.03  23.58  701.17  0.30  19.14  10.61
75066.0  11.480  -8.440  -24.640  2.89  315.01  23.58  701.13  0.22  18.06  10.54
75067.0  11.470  -8.470  -24.640  2.88  314.98  23.54  701.24  0.00  18.82  10.40
75068.0  11.430  -8.460  -24.640  2.88  314.95  23.60  701.16  -0.18  19.29  10.33
75069.0  11.470  -8.490  -24.640  2.87  314.99  23.50  701.17  -0.21  19.99  10.26
75070.0  11.500  -8.490  -24.640  2.88  315.04  23.45  701.09  -0.14  20.38  10.23
75071.0  11.480  -8.510  -24.640  2.87  315.00  23.44  701.15  -0.14  20.37  10.17
75072.0  11.480  -8.570  -24.640  2.86  315.00  23.33  701.22  -0.18  20.03  10.07
75073.0  11.500  -8.600  -24.640  2.85  315.02  23.25  701.26  -0.16  19.80  9.98
75074.0  11.440  -8.580  -24.640  2.85  314.95  23.38  701.28  -0.11  19.50  9.90
75075.0  11.440  -8.480  -24.640  2.88  314.95  23.56  701.31  -0.12  19.75  9.84
75076.0  11.480  -8.340  -24.640  2.91  314.98  23.74  701.38  -0.15  19.98  9.74
75077.0  11.430  -8.230  -24.640  2.93  314.92  24.05  701.38  -0.32  19.61  9.70
75078.0  11.450  -8.090  -24.640  2.96  314.95  24.27  701.35  -0.41  19.89  9.64
75079.0  11.490  -7.950  -24.640  3.00  315.00  24.46  701.32  -0.39  20.47  9.63
75080.0  11.460  -7.840  -24.640  3.02  314.98  24.74  701.21  -0.48  21.09  9.59
75081.0  11.490  -7.780  -24.640  3.04  315.01  24.80  701.24  -0.50  21.21  9.60
75082.0  11.500  -7.770  -24.640  3.04  315.02  24.79  701.24  -0.50  20.85  9.59
75083.0  11.470  -7.800  -24.640  3.03  314.97  24.80  701.33  -0.50  20.43  9.50
75084.0  11.470  -7.800  -24.640  3.03  314.98  24.78  701.34  -0.52  20.09  9.46
75085.0  11.480  -7.830  -24.640  3.03  314.99  24.73  701.23  -0.56  19.21  9.53
75086.0  11.430  -7.830  -24.640  3.03  314.93  24.81  701.30  -0.54  18.79  9.59
75087.0  11.400  -7.800  -24.640  3.03  314.88  24.91  701.41  -0.49  17.92  9.66
75088.0  11.380  -7.750  -24.640  3.04  314.87  25.04  701.34  -0.44  16.97  9.75
75089.0  11.360  -7.680  -24.640  3.06  314.86  25.22  701.28  -0.40  16.44  9.80
75090.0  11.360  -7.600  -24.640  3.08  314.84  25.38  701.37  -0.35  15.71  9.74
75091.0  11.340  -7.520  -24.640  3.10  314.83  25.56  701.32  -0.26  15.07  9.80
75092.0  11.320  -7.410  -24.640  3.13  314.82  25.83  701.20  -0.09  14.40  9.89
75093.0  11.290  -7.320  -24.640  3.15  314.79  26.05  701.16  -0.04  13.60  9.92
75094.0  11.270  -7.210  -24.640  3.17  314.76  26.30  701.24  -0.02  12.78  9.99
75095.0  11.250  -7.090  -24.640  3.21  314.75  26.61  701.11  -0.04  12.12  10.03
75096.0  11.210  -6.900  -24.640  3.25  314.71  27.05  701.17  -0.03  11.90  10.01
75097.0  11.200  -6.680  -24.640  3.31  314.69  27.53  701.16  0.03  11.84  10.07
75098.0  11.190  -6.490  -24.640  3.36  314.69  27.96  701.10  0.09  12.04  10.10
75099.0  11.190  -6.270  -24.640  3.41  314.68  28.44  701.15  0.09  12.20  10.17
75100.0  11.210  -6.050  -24.640  3.47  314.71  28.88  701.12  0.08  12.81  10.11
75101.0  11.260  -5.860  -24.640  3.52  314.76  29.23  701.12  0.06  13.57  10.12
75102.0  11.280  -5.660  -24.640  3.58  314.78  29.62  701.14  0.13  14.19  10.09
75103.0  11.280  -5.550  -24.640  3.61  314.78  29.89  701.12  0.34  14.51  10.15
75104.0  11.300  -5.490  -24.640  3.62  314.81  29.96  701.10  0.59  14.68  10.14
75105.0  11.320  -5.460  -24.640  3.63  314.83  29.99  701.07  0.76  15.24  10.13
75106.0  11.330  -5.460  -24.640  3.63  314.84  29.98  701.06  0.69  15.74  10.12
75107.0  11.350  -5.490  -24.640  3.63  314.88  29.87  700.95  0.59  16.01  10.07
75108.0  11.370  -5.540  -24.640  3.61  314.90  29.71  701.02  0.57  16.11  10.00
75109.0  11.380  -5.620  -24.640  3.59  314.90  29.53  701.04  0.58  16.49  10.04
75110.0  11.400  -5.700  -24.640  3.57  314.93  29.30  701.08  0.42  17.42  10.02
75111.0  11.420  -5.830  -24.640  3.53  314.94  28.97  701.12  0.25  18.16  10.00
75112.0  11.420  -6.020  -24.640  3.48  314.94  28.55  701.15  0.21  18.44  10.05
75113.0  11.460  -6.230  -24.640  3.42  314.98  28.02  701.20  0.31  17.97  10.25
75114.0  11.500  -6.450  -24.640  3.37  315.01  27.49  701.26  0.35  15.92  10.44
75115.0  11.540  -6.690  -24.640  3.31  315.06  26.89  701.27  0.30  15.40  10.65
75116.0  11.590  -6.990  -24.640  3.23  315.11  26.19  701.31  0.11  14.74  10.57
75117.0  11.600  -7.290  -24.640  3.16  315.14  25.57  701.16  -0.03  13.71  10.58
75118.0  11.610  -7.590  -24.640  3.08  315.16  24.97  701.11  -0.04  12.65  10.56
75119.0  11.630  -7.820  -24.640  3.03  315.17  24.50  701.11  0.01  12.63  10.56
75120.0  11.630  -7.990  -24.640  2.99  315.17  24.17  701.16  0.14  12.25  10.58
75121.0  11.650  -8.130  -24.640  2.96  315.19  23.89  701.18  0.12  12.61  10.58
75122.0  11.650  -8.260  -24.640  2.93  315.18  23.63  701.27  0.16  12.64  10.53
75123.0  11.660  -8.390  -24.640  2.90  315.19  23.38  701.21  0.04  12.71  10.54
75124.0  11.650  -8.510  -24.640  2.87  315.19  23.19  701.17  -0.09  12.61  10.58
75125.0  11.650  -8.590  -24.640  2.85  315.19  23.03  701.19  -0.05  12.67  10.64
75126.0  11.640  -8.700  -24.640  2.83  315.17  22.86  701.25  -0.01  13.00  10.76
75127.0  11.640  -8.800  -24.640  2.80  315.16  22.66  701.35  0.06  12.62  10.83
75128.0  11.640  -8.870  -24.640  2.79  315.17  22.55  701.27  0.15  12.65  10.93
75129.0  11.640  -8.930  -24.640  2.78  315.17  22.44  701.30  0.18  13.05  10.93
75130.0  11.620  -8.990  -24.640  2.76  315.13  22.37  701.35  0.19  13.51  10.91
75131.0  11.610  -8.990  -24.640  2.76  315.13  22.38  701.26  0.27  13.83  10.92
75132.0  11.610  -8.890  -24.640  2.78  315.14  22.56  701.20  0.35  13.83  10.89
