flight/WP3D/AircraftPos_NP3_20130616_RA.ict
38  1001
Ken Aikin
NOAA ESRL Chemical Sciences Division
various aircraft sensors
SENEX 2013
1  1
2013  06  16  2013  06  16
1
AOCTimewave
5
1  1  1  1  1 
-9999  -9999  -9999  -9999  -9999
GpsLat  deg
GpsLon  deg
GpsAlt  m
PAlt  m
RAlt  m
1
SPECIAL COMMENTS:Atlanta power plants.
18
PI_CONTACT_INFO: Address: NOAA ESRL Chemical Sciences Division  Mail Stop R/CSD7  325 Broadway  Boulder  CO 80305
PLATFORM: NOAA WP-3D
LOCATION: The aircraft was stationed in Smyrna  Tennessee. Aircraft location information in AircraftPosition file.
ASSOCIATED_DATA: N/A
INSTRUMENT_INFO: N/A
DATA_INFO: Units:GpsLat:decimal degrees; GpsLon: decimal degrees; GpsAlt: meters; PAlt:meters; RAlt: meters.
UNCERTAINTY: N/A
ULOD_FLAG: -7777
ULOD_VALUE: N/A
LLOD_FLAG: -8888
LLOD_VALUE: N/A
DM_CONTACT_INFO: Data Manager:Ken Aikin; email:Kenneth.C.Aikin@noaa.gov
PROJECT_INFO: SENEX 2013 Study; June 1 - July 15  2013
STIPULATIONS_ON_USE: Use of these data require prior ok from PI.
OTHER_COMMENTS:       None
REVISION: RA
RA: Preliminary Data.  For in-field use.
AOCTimewave  GpsLat  GpsLon  GpsAlt  PAlt  RAlt
[from data line 15419]
70412.0  33.9605   -83.5796    694.3    600.0    420.4
70413.0  33.9613   -83.5805    692.8    598.4    416.8
70414.0  33.9621   -83.5814    691.4    597.2    420.7
70415.0  33.9629   -83.5823    690.5    598.0    423.5
70416.0  33.9637   -83.5832    689.4    595.6    431.4
70417.0  33.9645   -83.5841    688.8    593.3    431.2
70418.0  33.9653   -83.5849    688.6    594.0    436.3
70419.0  33.9661   -83.5858    687.6    593.8    430.1
70420.0  33.9669   -83.5867    687.6    592.9    429.1
70421.0  33.9676   -83.5876    687.6    594.6    434.9
70422.0  33.9684   -83.5885    687.6    594.5    429.7
70423.0  33.9692   -83.5894    687.6    594.4    427.0
70424.0  33.9700   -83.5902    688.1    594.5    424.0
70425.0  33.9708   -83.5911    688.8    595.1    431.4
70426.0  33.9716   -83.5920    688.8    594.2    433.6
70427.0  33.9723   -83.5929    688.8    594.1    434.3
70428.0  33.9731   -83.5938    688.9    595.1    434.8
70429.0  33.9739   -83.5946    688.8    594.5    433.4
70430.0  33.9747   -83.5955    688.8    594.1    422.9
70431.0  33.9755   -83.5964    688.8    595.3    422.9
70432.0  33.9763   -83.5973    688.9    595.9    421.9
70433.0  33.9770   -83.5981    690.1    596.1    417.7
70434.0  33.9778   -83.5990    689.6    595.1    417.6
70435.0  33.9786   -83.5999    690.1    595.3    418.5
70436.0  33.9794   -83.6008    690.1    597.2    426.6
70437.0  33.9802   -83.6016    690.1    595.8    421.4
70438.0  33.9810   -83.6025    691.3    598.4    416.7
70439.0  33.9817   -83.6034    692.3    599.0    426.5
70440.0  33.9825   -83.6042    693.7    600.5    433.0
70441.0  33.9833   -83.6051    694.7    600.6    433.0
70442.0  33.9841   -83.6060    696.1    603.8    442.4
70443.0  33.9849   -83.6069    697.4    605.5    445.2
70444.0  33.9856   -83.6077    697.5    605.3    445.8
70445.0  33.9864   -83.6086    697.4    604.3    443.4
70446.0  33.9872   -83.6095    696.3    603.3    437.8
70447.0  33.9880   -83.6104    694.9    600.9    426.8
70448.0  33.9888   -83.6112    694.9    600.3    425.8
70449.0  33.9896   -83.6121    694.9    600.7    429.3
70450.0  33.9903   -83.6130    694.9    600.6    440.6
70451.0  33.9911   -83.6139    695.9    600.6    440.7
70452.0  33.9919   -83.6147    696.9    603.3    438.8
70453.0  33.9927   -83.6156    697.4    602.9    442.7
70454.0  33.9935   -83.6165    696.3    601.8    453.7
70455.0  33.9943   -83.6174    696.2    601.1    451.9
70456.0  33.9950   -83.6183    696.2    601.1    449.6
70457.0  33.9958   -83.6191    696.2    599.2    446.3
70458.0  33.9966   -83.6200    694.9    599.9    449.6
70459.0  33.9974   -83.6209    694.7    599.3    448.0
70460.0  33.9982   -83.6218    693.1    598.3    452.6
70461.0  33.9990   -83.6227    692.0    597.9    448.7
70462.0  33.9997   -83.6236    691.3    596.6    445.0
70463.0  34.0005   -83.6245    691.0    596.9    444.3
70464.0  34.0013   -83.6254    690.4    596.4    453.8
70465.0  34.0021   -83.6262    690.3    597.8    460.1
70466.0  34.0029   -83.6271    690.1    597.9    465.1
70467.0  34.0037   -83.6280    690.1    596.4    460.3
70468.0  34.0044   -83.6289    690.1    596.1    460.4
70469.0  34.0052   -83.6298    690.1    596.7    453.2
70470.0  34.0060   -83.6306    690.1    597.8    452.1
70471.0  34.0068   -83.6315    690.1    596.9    452.9
70472.0  34.0076   -83.6324    691.3    597.2    448.7
70473.0  34.0084   -83.6333    691.3    597.4    447.4
70474.0  34.0091   -83.6342    691.3    597.6    439.3
70475.0  34.0099   -83.6351    691.3    597.2    441.0
70476.0  34.0107   -83.6359    691.3    596.2    436.1
70477.0  34.0115   -83.6368    691.3    594.8    441.3
70478.0  34.0122   -83.6377    691.3    595.8    445.4
70479.0  34.0130   -83.6386    691.3    596.0    447.1
70480.0  34.0138   -83.6395    692.1    596.6    442.7
70481.0  34.0145   -83.6404    693.3    598.1    438.9
70482.0  34.0153   -83.6413    694.4    600.5    435.7
70483.0  34.0161   -83.6422    694.9    602.3    432.7
70484.0  34.0169   -83.6431    694.9    600.7    431.4
70485.0  34.0176   -83.6440    696.1    601.9    433.2
70486.0  34.0184   -83.6449    695.7    601.1    441.9
70487.0  34.0192   -83.6458    695.0    600.4    437.2
70488.0  34.0199   -83.6467    696.2    602.1    432.9
70489.0  34.0207   -83.6475    696.2    602.7    436.4
70490.0  34.0215   -83.6484    696.2    600.2    441.6
70491.0  34.0222   -83.6493    695.1    599.1    443.5
70492.0  34.0230   -83.6502    694.9    599.9    447.4
70493.0  34.0238   -83.6511    694.9    600.9    442.3
70494.0  34.0245   -83.6520    694.9    601.4    443.4
70495.0  34.0253   -83.6529    694.9    600.6    454.1
70496.0  34.0261   -83.6538    694.9    600.5    454.6
70497.0  34.0268   -83.6547    694.9    601.5    453.1
70498.0  34.0276   -83.6556    694.9    602.6    452.0
70499.0  34.0284   -83.6565    694.9    601.5    454.8
70500.0  34.0291   -83.6574    694.9    602.8    452.9
70501.0  34.0299   -83.6583    694.9    602.5    444.9
70502.0  34.0306   -83.6592    694.3    601.1    442.6
70503.0  34.0314   -83.6601    693.7    600.6    441.1
70504.0  34.0322   -83.6610    693.3    599.6    441.4
70505.0  34.0329   -83.6619    692.5    599.0    434.8
70506.0  34.0337   -83.6628    691.8    598.7    433.3
70507.0  34.0344   -83.6637    691.3    597.4    439.3
70508.0  34.0352   -83.6646    690.9    596.2    437.7
70509.0  34.0359   -83.6655    690.1    595.5    436.2
70510.0  34.0367   -83.6664    690.1    594.7    442.3
70511.0  34.0375   -83.6674    690.1    595.3    450.9
70512.0  34.0382   -83.6683    689.6    594.4    449.7
70513.0  34.0390   -83.6692    689.7    593.7    441.6
70514.0  34.0397   -83.6701    688.8    595.0    443.1
70515.0  34.0405   -83.6710    688.8    596.1    447.9
70516.0  34.0412   -83.6719    688.8    596.0    449.9
70517.0  34.0420   -83.6728    688.8    596.1    460.0
70518.0  34.0427   -83.6737    688.8    595.7    463.2
70519.0  34.0435   -83.6746    688.9    596.0    456.9
70520.0  34.0442   -83.6755    690.1    596.5    457.7
70521.0  34.0450   -83.6764    690.9    596.4    458.1
70522.0  34.0457   -83.6773    692.3    599.4    457.8
70523.0  34.0465   -83.6782    693.5    600.0    454.7
70524.0  34.0472   -83.6791    694.1    599.9    467.1
70525.0  34.0480   -83.6800    694.9    600.2    474.8
70526.0  34.0487   -83.6810    694.9    601.0    471.2
70527.0  34.0495   -83.6819    694.9    600.9    460.6
70528.0  34.0502   -83.6828    694.9    601.3    462.9
70529.0  34.0510   -83.6837    694.6    600.6    468.7
70530.0  34.0517   -83.6846    693.7    600.9    471.0
70531.0  34.0525   -83.6855    693.4    600.8    472.3
70532.0  34.0532   -83.6864    692.5    599.2    469.3
70533.0  34.0540   -83.6873    692.7    598.3    475.1
70534.0  34.0547   -83.6882    692.5    598.9    472.4
70535.0  34.0555   -83.6891    692.5    597.2    465.4
70536.0  34.0562   -83.6900    692.8    597.6    457.4
70537.0  34.0569   -83.6909    693.7    598.8    454.1
70538.0  34.0577   -83.6918    693.7    598.1    452.6
70539.0  34.0584   -83.6927    693.7    598.7    452.0
70540.0  34.0592   -83.6936    693.7    599.2    445.7
70541.0  34.0599   -83.6945    693.7    598.4    451.0
70542.0  34.0607   -83.6954    693.7    598.9    454.7
70543.0  34.0614   -83.6963    693.7    598.7    450.0
70544.0  34.0622   -83.6972    693.7    599.6    445.0
70545.0  34.0629   -83.6981    693.7    599.7    446.7
70546.0  34.0637   -83.6991    693.7    598.7    434.2
70547.0  34.0644   -83.7000    692.6    597.8    425.9
70548.0  34.0652   -83.7009    692.5    599.5    426.4
70549.0  34.0659   -83.7018    692.2    598.9    429.5
70550.0  34.0666   -83.7027    691.3    598.8    427.2
70551.0  34.0674   -83.7036    691.3    598.8    423.4
70552.0  34.0681   -83.7045    691.3    598.4    417.4
70553.0  34.0689   -83.7054    691.3    598.6    416.8
70554.0  34.0696   -83.7063    691.3    599.1    413.1
70555.0  34.0704   -83.7072    691.3    598.4    416.0
70556.0  34.0711   -83.7081    691.7    597.9    415.7
70557.0  34.0719   -83.7090    692.5    599.4    420.9
70558.0  34.0726   -83.7099    692.5    598.9    419.3
70559.0  34.0733   -83.7108    692.5    598.1    429.6
70560.0  34.0741   -83.7117    692.5    598.5    443.1
70561.0  34.0748   -83.7126    692.5    598.1    439.7
70562.0  34.0756   -83.7135    692.5    599.0    431.6
70563.0  34.0763   -83.7144    692.5    599.2    428.4
70564.0  34.0771   -83.7153    692.5    598.7    434.6
70565.0  34.0778   -83.7162    692.5    599.3    444.3
70566.0  34.0785   -83.7171    692.5    598.6    439.0
70567.0  34.0793   -83.7180    692.5    598.6    435.7
70568.0  34.0800   -83.7189    692.1    598.5    433.7
70569.0  34.0808   -83.7199    691.3    598.8    435.7
70570.0  34.0815   -83.7208    691.3    599.0    434.6
70571.0  34.0822   -83.7217    691.3    597.7    428.2
70572.0  34.0830   -83.7226    691.3    599.7    424.2
70573.0  34.0837   -83.7235    691.3    598.9    416.6
70574.0  34.0845   -83.7244    691.3    599.2    417.5
70575.0  34.0852   -83.7253    691.3    599.2    419.6
70576.0  34.0859   -83.7262    691.3    598.7    422.3
70577.0  34.0867   -83.7271    691.3    597.7    421.6
70578.0  34.0874   -83.7280    691.3    597.9    421.3
70579.0  34.0882   -83.7289    690.7    597.1    432.8
70580.0  34.0889   -83.7298    690.4    596.2    437.6
70581.0  34.0896   -83.7307    691.3    595.5    442.0
70582.0  34.0904   -83.7316    692.2    597.3    444.1
70583.0  34.0911   -83.7325    693.9    599.8    447.8
70584.0  34.0919   -83.7334    694.9    601.5    452.9
70585.0  34.0926   -83.7343    696.0    602.2    445.7
70586.0  34.0933   -83.7353    695.6    602.8    446.3
70587.0  34.0941   -83.7362    694.9    602.6    444.1
70588.0  34.0948   -83.7371    694.4    600.9    435.4
70589.0  34.0956   -83.7380    693.7    600.6    438.1
70590.0  34.0963   -83.7389    692.8    599.6    437.0
70591.0  34.0971   -83.7398    692.5    599.1    436.7
70592.0  34.0978   -83.7407    692.3    600.3    435.7
70593.0  34.0985   -83.7416    691.4    599.2    431.7
70594.0  34.0993   -83.7425    691.3    598.4    429.8
70595.0  34.1000   -83.7434    692.5    599.3    431.6
70596.0  34.1008   -83.7443    693.6    601.0    429.3
70597.0  34.1015   -83.7452    694.2    601.0    426.0
70598.0  34.1023   -83.7461    694.9    600.6    423.0
70599.0  34.1030   -83.7470    694.8    600.6    419.1
70600.0  34.1038   -83.7480    693.7    599.1    420.3
70601.0  34.1045   -83.7489    693.7    601.0    418.3
70602.0  34.1052   -83.7498    692.8    598.1    422.9
70603.0  34.1060   -83.7507    692.5    597.1    417.5
70604.0  34.1067   -83.7516    691.5    597.9    413.1
70605.0  34.1075   -83.7525    691.3    597.4    405.5
70606.0  34.1082   -83.7534    690.4    597.0    407.4
70607.0  34.1090   -83.7543    689.7    595.6    407.2
70608.0  34.1097   -83.7552    688.8    595.5    416.2
70609.0  34.1105   -83.7561    688.8    596.8    414.2
70610.0  34.1112   -83.7570    688.8    596.9    417.1
70611.0  34.1120   -83.7579    689.5    597.4    420.1
70612.0  34.1127   -83.7589    690.4    598.3    414.5
70613.0  34.1135   -83.7598    691.3    598.1    409.8
70614.0  34.1142   -83.7607    691.3    596.6    411.6
70615.0  34.1150   -83.7616    691.8    598.0    411.5
70616.0  34.1157   -83.7625    692.8    599.0    413.9
70617.0  34.1165   -83.7634    693.7    600.4    411.1
70618.0  34.1172   -83.7643    694.5    599.5    416.5
70619.0  34.1180   -83.7652    695.7    601.8    418.1
70620.0  34.1187   -83.7661    696.2    604.0    416.0
70621.0  34.1195   -83.7670    695.1    601.2    419.3
70622.0  34.1202   -83.7679    694.6    600.8    418.2
70623.0  34.1210   -83.7688    693.4    600.2    411.6
70624.0  34.1217   -83.7698    692.5    599.1    401.4
70625.0  34.1225   -83.7707    692.5    597.9    402.0
70626.0  34.1232   -83.7716    691.6    597.7    400.2
70627.0  34.1240   -83.7725    692.5    597.8    406.1
70628.0  34.1247   -83.7734    692.5    600.0    421.0
70629.0  34.1255   -83.7743    692.5    601.2    430.4
70630.0  34.1262   -83.7752    691.5    600.2    431.3
70631.0  34.1270   -83.7761    690.2    598.9    419.2
70632.0  34.1277   -83.7770    689.1    598.0    411.1
70633.0  34.1285   -83.7779    688.8    596.3    406.6
70634.0  34.1292   -83.7788    688.0    596.4    410.0
70635.0  34.1300   -83.7797    687.6    596.4    407.4
70636.0  34.1307   -83.7806    688.7    595.1    405.6
70637.0  34.1315   -83.7815    689.8    594.7    408.7
70638.0  34.1322   -83.7824    690.3    596.1    406.6
70639.0  34.1330   -83.7833    691.3    595.7    398.2
70640.0  34.1337   -83.7842    692.3    597.7    387.9
70641.0  34.1345   -83.7851    693.6    600.8    392.0
70642.0  34.1352   -83.7860    694.1    600.0    393.6
70643.0  34.1360   -83.7869    695.5    601.9    394.3
70644.0  34.1367   -83.7879    696.2    602.7    390.5
70645.0  34.1374   -83.7888    695.2    601.5    387.1
70646.0  34.1382   -83.7897    694.2    601.1    385.1
70647.0  34.1389   -83.7906    693.7    601.4    386.2
70648.0  34.1397   -83.7915    692.9    601.1    389.3
70649.0  34.1404   -83.7924    692.2    599.4    393.8
70650.0  34.1412   -83.7933    691.3    597.0    391.3
70651.0  34.1419   -83.7942    690.6    597.3    383.1
70652.0  34.1427   -83.7951    690.1    598.1    381.3
70653.0  34.1434   -83.7960    690.1    598.2    379.2
70654.0  34.1441   -83.7969    690.1    597.8    380.8
70655.0  34.1449   -83.7979    690.1    596.4    376.9
70656.0  34.1456   -83.7988    690.1    595.2    378.0
70657.0  34.1464   -83.7997    690.1    596.4    385.0
70658.0  34.1471   -83.8006    689.8    594.4    389.4
70659.0  34.1479   -83.8015    690.1    594.8    389.0
70660.0  34.1486   -83.8024    690.1    596.6    376.1
70661.0  34.1493   -83.8033    690.1    597.5    391.7
70662.0  34.1501   -83.8042    690.1    598.5    394.2
70663.0  34.1508   -83.8051    690.1    597.6    392.0
70664.0  34.1516   -83.8060    690.6    598.2    386.8
70665.0  34.1523   -83.8069    691.3    598.7    385.0
70666.0  34.1530   -83.8078    691.3    597.7    387.3
70667.0  34.1538   -83.8087    691.3    598.0    390.6
70668.0  34.1545   -83.8096    691.3    597.4    390.4
70669.0  34.1552   -83.8105    691.3    597.7    384.8
70670.0  34.1560   -83.8114    691.3    597.6    378.7
70671.0  34.1567   -83.8123    691.3    598.4    375.8
70672.0  34.1574   -83.8132    691.6    598.0    370.6
70673.0  34.1582   -83.8141    692.6    598.3    365.9
70674.0  34.1589   -83.8150    693.7    599.9    386.1
70675.0  34.1596   -83.8159    693.7    601.5    383.2
70676.0  34.1604   -83.8169    694.1    602.3    376.2
70677.0  34.1611   -83.8178    694.9    602.2    371.6
70678.0  34.1619   -83.8187    694.3    602.1    384.5
70679.0  34.1626   -83.8196    693.7    600.5    395.2
70680.0  34.1633   -83.8205    693.0    600.8    391.3
70681.0  34.1641   -83.8214    692.0    599.2    382.3
70682.0  34.1648   -83.8223    691.3    598.5    371.8
70683.0  34.1656   -83.8232    690.9    599.8    362.5
70684.0  34.1663   -83.8241    690.1    598.9    358.4
70685.0  34.1671   -83.8250    689.6    597.2    372.4
70686.0  34.1678   -83.8259    688.8    597.8    367.6
70687.0  34.1685   -83.8268    687.9    597.2    369.2
70688.0  34.1693   -83.8277    688.3    597.6    374.0
70689.0  34.1700   -83.8286    688.8    596.7    378.1
70690.0  34.1707   -83.8295    688.8    596.9    358.5
70691.0  34.1715   -83.8305    689.6    596.6    356.5
70692.0  34.1722   -83.8314    690.4    596.6    350.0
70693.0  34.1730   -83.8323    691.3    596.7    345.5
70694.0  34.1737   -83.8332    691.3    598.0    341.1
70695.0  34.1744   -83.8341    691.3    598.5    344.3
70696.0  34.1752   -83.8350    691.3    599.3    347.2
70697.0  34.1759   -83.8359    691.3    599.3    351.3
70698.0  34.1766   -83.8368    691.3    598.2    361.7
70699.0  34.1774   -83.8377    691.4    599.1    375.0
70700.0  34.1781   -83.8386    692.8    600.6    373.0
70701.0  34.1788   -83.8395    693.7    602.3    379.1
