flight/WP3D/AircraftMet_NP3_20130626_RA.ict
43  1001
Ken Aikin
NOAA ESRL Chemical Sciences Division
various aircraft sensors
SENEX 2013
1  1
2013  06  26  2013  06  26
1
AOCTimewave
10
1  1  1  1  1  1  1  1  1  1
-9999  -9999  -9999  -9999  -9999  -9999  -9999  -9999  -9999  -9999
AmbTemp  C
DewPtTemp  C
DewPtTempTDL  C
H2Omr  g/kg
PotTemp  K
RelHumidity  pct
StaticPrs  mbar
VertWindSpd  m/s
WindDir  deg
WindSpd  m/s
1
SPECIAL COMMENTS:Fayetteville shale flight.
18
PI_CONTACT_INFO: Address: NOAA ESRL Chemical Sciences Division  Mail Stop R/CSD7  325 Broadway  Boulder  CO 80305
PLATFORM: NOAA WP-3D
LOCATION: The aircraft was stationed in  Smyrna  Tennessee. Aircraft location information in AircraftPosition file.
ASSOCIATED_DATA: N/A
INSTRUMENT_INFO: N/A
DATA_INFO: Units:AmbTemp celcius; DewPtTemp celcius; DewPtTempTDL celcius; H2Omr g/kg; PotTemp kelvin; RelHumidity percent; StaticPrs millibar; VertWindSpd m/s; WindDir degrees; WindSpd m/s
UNCERTAINTY: N/A
ULOD_FLAG: -7777
ULOD_VALUE: N/A
LLOD_FLAG: -8888
LLOD_VALUE: N/A
DM_CONTACT_INFO: Data Manager:Ken Aikin; email:Kenneth.C.Aikin@noaa.gov
PROJECT_INFO: SENEX 2013 Study; June 1 - July 15  2013
STIPULATIONS_ON_USE: Use of these data require prior ok from PI.
OTHER_COMMENTS:       None
REVISION: RA
RA: Preliminary Data.  For in-field use.
AOCTimewave  AmbTemp  DewPtTemp  DewPtTempTDL  H2Omr  PotTemp  RelHumidity  StaticPrs  VertWindSpd  WindDir  WindSpd
[from data line 17700]
71568.0  1.700  -23.410  -27.050  1.02  322.71  13.36  570.18  -0.31  301.36  23.84
71569.0  1.720  -23.530  -27.010  1.01  322.72  13.20  570.19  -0.31  301.50  24.00
71570.0  1.780  -23.640  -26.980  1.00  322.80  13.01  570.20  -0.20  301.50  24.02
71571.0  1.780  -23.760  -26.920  0.99  322.80  12.87  570.22  -0.27  301.48  24.01
71572.0  1.750  -23.890  -26.980  0.98  322.74  12.75  570.29  -0.35  301.56  24.02
71573.0  1.790  -24.020  -26.940  0.96  322.79  12.56  570.30  -0.38  301.56  24.02
71574.0  1.770  -24.140  -26.890  0.95  322.77  12.44  570.30  -0.35  301.43  23.98
71575.0  1.720  -24.270  -27.010  0.94  322.72  12.35  570.28  -0.36  301.44  23.90
71576.0  1.760  -24.370  -27.010  0.93  322.77  12.21  570.26  -0.31  301.45  23.92
71577.0  1.760  -24.430  -26.870  0.93  322.76  12.14  570.27  -0.24  301.43  23.89
71578.0  1.730  -24.490  -26.960  0.92  322.72  12.11  570.27  -0.20  301.45  23.83
71579.0  1.760  -24.540  -26.950  0.92  322.76  12.02  570.30  -0.20  301.42  23.78
71580.0  1.740  -24.590  -26.920  0.92  322.75  11.98  570.25  -0.17  301.48  23.71
71581.0  1.720  -24.640  -26.850  0.91  322.72  11.95  570.19  -0.12  301.50  23.64
71582.0  1.740  -24.670  -26.850  0.91  322.74  11.90  570.22  -0.19  301.45  23.55
71583.0  1.720  -24.690  -26.840  0.91  322.73  11.89  570.22  -0.35  301.45  23.48
71584.0  1.700  -24.720  -26.930  0.91  322.69  11.88  570.28  -0.39  301.51  23.46
71585.0  1.730  -24.750  -26.940  0.90  322.74  11.82  570.17  -0.22  301.53  23.37
71586.0  1.700  -24.770  -26.940  0.90  322.72  11.83  570.12  -0.07  301.59  23.31
71587.0  1.710  -24.770  -26.920  0.90  322.71  11.82  570.20  -0.05  301.58  23.26
71588.0  1.730  -24.750  -27.030  0.90  322.75  11.82  570.11  -0.06  301.57  23.15
71589.0  1.700  -24.740  -26.990  0.90  322.73  11.86  570.02  -0.07  301.55  23.10
71590.0  1.720  -24.740  -27.060  0.90  322.76  11.84  570.01  -0.11  301.55  23.08
71591.0  1.750  -24.740  -27.100  0.90  322.78  11.82  570.06  -0.18  301.58  23.07
71592.0  1.740  -24.750  -27.140  0.90  322.77  11.81  570.07  -0.17  301.55  23.15
71593.0  1.790  -24.760  -26.990  0.90  322.83  11.76  570.04  -0.20  301.53  23.12
71594.0  1.810  -24.780  -26.990  0.90  322.86  11.72  569.99  -0.20  301.55  23.10
71595.0  1.790  -24.810  -27.080  0.90  322.82  11.70  570.11  -0.19  301.54  23.10
71596.0  1.830  -24.820  -27.120  0.90  322.86  11.66  570.18  -0.28  301.54  23.12
71597.0  1.860  -24.840  -27.110  0.90  322.90  11.62  570.16  -0.28  301.56  23.14
71598.0  1.870  -24.850  -27.060  0.90  322.91  11.60  570.17  -0.26  301.62  23.18
71599.0  1.910  -24.840  -26.970  0.90  322.95  11.57  570.17  -0.32  301.71  23.16
71600.0  1.950  -24.860  -27.080  0.89  323.01  11.52  570.11  -0.27  301.79  23.12
71601.0  1.930  -24.890  -26.870  0.89  322.98  11.50  570.19  -0.09  301.98  23.03
71602.0  1.980  -24.930  -27.140  0.89  323.03  11.42  570.21  0.10  302.18  22.95
71603.0  2.000  -24.960  -27.020  0.89  323.06  11.37  570.19  0.14  302.35  22.87
71604.0  1.970  -25.010  -26.940  0.88  323.04  11.35  570.08  0.23  302.41  22.82
71605.0  2.010  -25.060  -27.010  0.88  323.11  11.26  569.94  0.36  302.39  22.80
71606.0  2.010  -25.120  -27.140  0.87  323.09  11.21  570.02  0.50  302.34  22.82
71607.0  1.970  -25.170  -26.990  0.87  323.04  11.18  570.04  0.84  302.16  22.89
71608.0  1.970  -25.230  -27.040  0.87  323.06  11.13  569.97  1.02  302.14  22.79
71609.0  1.860  -25.260  -27.170  0.86  322.91  11.18  570.08  1.05  302.26  22.64
71610.0  1.820  -25.300  -26.980  0.86  322.87  11.17  570.00  1.01  302.40  22.36
71611.0  1.710  -25.320  -27.060  0.86  322.75  11.25  569.96  1.03  302.35  22.22
71612.0  1.650  -25.320  -27.020  0.86  322.70  11.29  569.90  0.97  302.36  21.95
71613.0  1.580  -25.300  -27.110  0.86  322.60  11.37  569.97  0.81  302.50  21.66
71614.0  1.500  -25.280  -27.080  0.86  322.49  11.46  570.07  0.71  302.66  21.46
71615.0  1.490  -25.230  -27.100  0.86  322.48  11.51  570.05  0.70  302.96  21.26
71616.0  1.410  -25.180  -27.120  0.87  322.40  11.65  569.95  0.76  303.32  21.09
71617.0  1.420  -25.110  -27.140  0.87  322.43  11.70  569.92  0.81  303.33  21.02
71618.0  1.360  -25.030  -27.060  0.88  322.34  11.85  569.94  0.83  303.46  20.82
71619.0  1.340  -24.950  -27.230  0.89  322.33  11.94  569.95  0.79  303.55  20.60
71620.0  1.280  -24.850  -27.310  0.90  322.25  12.10  569.98  0.72  303.90  20.35
71621.0  1.280  -24.740  -27.090  0.90  322.24  12.22  570.02  0.64  304.14  20.17
71622.0  1.220  -24.650  -27.080  0.91  322.18  12.38  569.98  0.40  304.29  19.98
71623.0  1.230  -24.510  -27.040  0.92  322.19  12.53  569.97  0.32  304.46  19.85
71624.0  1.220  -24.360  -26.740  0.94  322.16  12.70  570.07  0.19  304.59  19.79
71625.0  1.200  -24.210  -26.470  0.95  322.13  12.89  570.15  0.02  304.55  19.77
71626.0  1.240  -24.060  -26.400  0.96  322.19  13.03  570.06  -0.20  304.40  19.81
71627.0  1.240  -23.930  -26.860  0.97  322.17  13.18  570.16  -0.38  304.31  19.92
71628.0  1.240  -23.820  -27.220  0.98  322.16  13.31  570.25  -0.49  304.02  19.97
71629.0  1.300  -23.730  -26.600  0.99  322.24  13.36  570.15  -0.58  303.84  20.03
71630.0  1.340  -23.650  -26.940  1.00  322.29  13.41  570.16  -0.64  303.54  20.21
71631.0  1.380  -23.590  -27.170  1.00  322.32  13.45  570.24  -0.65  303.26  20.44
71632.0  1.440  -23.560  -27.260  1.00  322.37  13.43  570.39  -0.85  302.86  20.69
71633.0  1.510  -23.540  -27.170  1.01  322.47  13.38  570.32  -0.97  302.64  20.95
71634.0  1.650  -23.510  -27.250  1.01  322.62  13.28  570.38  -0.96  302.51  21.47
71635.0  1.740  -23.510  -27.280  1.01  322.71  13.20  570.46  -0.92  302.43  21.80
71636.0  1.850  -23.520  -27.100  1.01  322.84  13.08  570.43  -1.02  302.50  21.98
71637.0  1.910  -23.560  -27.110  1.00  322.92  12.98  570.36  -0.92  302.92  21.79
71638.0  2.000  -23.630  -27.070  1.00  323.04  12.81  570.30  -0.67  303.20  21.54
71639.0  2.110  -23.740  -26.960  0.99  323.17  12.59  570.31  -0.48  303.34  21.39
71640.0  2.140  -23.880  -27.190  0.98  323.21  12.42  570.23  -0.22  303.47  21.27
71641.0  2.170  -24.040  -27.240  0.96  323.24  12.20  570.31  -0.05  303.62  21.21
71642.0  2.230  -24.250  -27.020  0.94  323.32  11.92  570.25  -0.01  303.77  21.11
71643.0  2.200  -24.450  -26.960  0.93  323.28  11.74  570.27  0.05  303.84  21.04
71644.0  2.240  -24.610  -26.990  0.91  323.32  11.54  570.31  0.23  303.89  20.96
71645.0  2.250  -24.770  -27.140  0.90  323.35  11.36  570.24  0.53  303.93  20.90
71646.0  2.220  -24.930  -27.030  0.89  323.32  11.23  570.15  0.64  303.84  20.91
71647.0  2.190  -25.070  -27.240  0.88  323.30  11.11  570.05  0.66  303.60  21.10
71648.0  2.180  -25.200  -27.140  0.87  323.31  10.99  569.96  0.72  303.33  21.30
71649.0  2.090  -25.330  -27.080  0.86  323.21  10.93  569.92  1.00  302.86  21.44
71650.0  1.910  -25.460  -27.090  0.85  322.98  10.95  570.01  1.23  303.12  21.03
71651.0  1.690  -25.580  -27.180  0.84  322.72  11.00  569.99  1.25  303.48  20.46
71652.0  1.520  -25.650  -27.160  0.83  322.55  11.07  569.83  1.17  303.88  19.98
71653.0  1.450  -25.670  -27.130  0.83  322.49  11.10  569.74  0.98  304.40  19.48
71654.0  1.330  -25.620  -26.400  0.84  322.34  11.25  569.73  0.77  304.58  19.10
71655.0  1.310  -25.520  -26.250  0.84  322.33  11.36  569.70  0.80  305.15  18.78
71656.0  1.270  -25.380  -26.130  0.85  322.27  11.55  569.74  0.86  305.55  18.58
71657.0  1.270  -25.200  -25.990  0.87  322.26  11.73  569.77  0.76  305.88  18.33
71658.0  1.240  -25.020  -25.790  0.88  322.22  11.95  569.84  0.62  305.95  18.26
71659.0  1.280  -24.830  -25.920  0.90  322.28  12.13  569.77  0.55  305.73  18.19
71660.0  1.270  -24.660  -25.900  0.91  322.26  12.32  569.80  0.35  305.46  18.39
71661.0  1.300  -24.520  -25.980  0.92  322.30  12.45  569.78  0.20  305.48  18.30
71662.0  1.280  -24.370  -25.940  0.94  322.26  12.64  569.89  0.11  305.40  18.27
71663.0  1.310  -24.230  -25.910  0.95  322.29  12.77  569.90  0.09  305.25  18.30
71664.0  1.300  -24.100  -25.830  0.96  322.27  12.92  569.98  0.14  305.31  18.27
71665.0  1.290  -23.950  -25.710  0.97  322.25  13.11  569.99  0.13  305.19  18.15
71666.0  1.260  -23.790  -25.710  0.98  322.23  13.33  569.95  0.14  305.30  17.95
71667.0  1.280  -23.630  -25.770  1.00  322.25  13.50  569.92  0.15  305.19  17.86
71668.0  1.260  -23.490  -25.670  1.01  322.21  13.69  570.03  0.17  305.17  17.68
71669.0  1.250  -23.380  -25.510  1.02  322.20  13.85  570.02  0.11  305.20  17.50
71670.0  1.170  -23.300  -25.580  1.03  322.12  14.02  569.96  0.14  305.10  17.08
71671.0  1.120  -23.270  -24.970  1.03  322.05  14.11  570.01  0.21  304.99  16.93
71672.0  1.070  -23.220  -24.760  1.04  321.99  14.22  569.99  0.22  305.45  16.85
71673.0  1.000  -23.170  -24.290  1.04  321.92  14.36  569.93  0.34  305.83  16.90
71674.0  0.960  -23.080  -24.220  1.05  321.87  14.51  569.96  0.36  306.18  16.96
71675.0  0.920  -22.970  -24.250  1.06  321.84  14.70  569.91  0.33  306.36  16.96
71676.0  0.890  -22.830  -24.130  1.07  321.80  14.91  569.90  0.29  306.52  16.97
71677.0  0.870  -22.720  -24.320  1.08  321.78  15.08  569.91  0.31  306.60  17.02
71678.0  0.850  -22.610  -24.330  1.09  321.75  15.25  569.94  0.16  306.64  17.13
71679.0  0.830  -22.500  -24.330  1.10  321.71  15.42  569.98  0.17  306.29  17.25
71680.0  0.810  -22.400  -24.180  1.11  321.68  15.59  569.99  0.31  306.08  17.33
71681.0  0.750  -22.290  -24.100  1.12  321.62  15.80  570.01  0.31  305.86  17.39
71682.0  0.730  -22.180  -24.000  1.14  321.59  15.98  570.02  0.26  305.68  17.46
71683.0  0.720  -22.070  -24.070  1.15  321.59  16.14  569.98  0.35  305.62  17.56
71684.0  0.700  -21.970  -23.960  1.16  321.55  16.32  570.05  0.41  305.48  17.68
71685.0  0.700  -21.860  -24.170  1.17  321.57  16.47  569.93  0.15  305.57  17.69
71686.0  0.740  -21.760  -24.050  1.18  321.61  16.57  569.97  0.04  305.63  17.66
71687.0  0.800  -21.670  -24.100  1.19  321.68  16.64  569.97  0.05  306.03  17.62
71688.0  0.830  -21.600  -24.260  1.19  321.72  16.69  569.96  0.06  306.11  17.62
71689.0  0.910  -21.570  -24.430  1.20  321.80  16.65  570.06  0.01  305.99  17.64
71690.0  0.920  -21.570  -24.440  1.20  321.80  16.62  570.08  -0.12  305.94  17.78
71691.0  0.890  -21.600  -24.290  1.19  321.77  16.62  570.07  -0.27  305.57  17.88
71692.0  0.860  -21.650  -24.250  1.19  321.73  16.59  570.11  -0.40  304.93  17.92
71693.0  0.860  -21.660  -24.220  1.19  321.72  16.56  570.20  -0.33  305.11  18.04
71694.0  0.870  -21.660  -24.230  1.19  321.73  16.56  570.12  -0.42  304.89  18.02
71695.0  0.870  -21.660  -24.270  1.19  321.74  16.55  570.15  -0.39  304.77  18.11
71696.0  0.880  -21.640  -24.230  1.19  321.74  16.57  570.21  -0.36  304.81  18.09
71697.0  0.890  -21.630  -24.560  1.19  321.76  16.57  570.17  -0.19  304.77  18.08
71698.0  0.910  -21.630  -24.330  1.19  321.79  16.55  570.13  -0.07  304.47  18.08
71699.0  0.910  -21.650  -24.390  1.19  321.77  16.53  570.19  -0.11  304.25  18.14
71700.0  0.920  -21.690  -24.360  1.18  321.78  16.45  570.26  -0.12  304.10  18.12
71701.0  0.920  -21.740  -24.330  1.18  321.78  16.39  570.19  -0.18  303.86  18.09
71702.0  0.930  -21.780  -24.380  1.18  321.81  16.31  570.18  -0.20  303.66  18.16
71703.0  0.910  -21.810  -24.410  1.17  321.79  16.29  570.13  -0.11  303.46  18.16
71704.0  0.900  -21.840  -24.350  1.17  321.77  16.27  570.10  0.01  303.12  18.23
71705.0  0.880  -21.840  -24.110  1.17  321.75  16.28  570.11  -0.04  302.60  18.24
71706.0  0.870  -21.840  -24.040  1.17  321.74  16.29  570.10  -0.04  302.64  18.30
71707.0  0.870  -21.820  -24.160  1.17  321.73  16.33  570.13  -0.24  302.50  18.34
71708.0  0.870  -21.800  -24.270  1.17  321.73  16.36  570.18  -0.40  302.55  18.35
71709.0  0.870  -21.790  -24.290  1.17  321.74  16.37  570.13  -0.28  302.19  18.36
71710.0  0.870  -21.790  -24.160  1.17  321.74  16.37  570.09  -0.22  302.10  18.31
71711.0  0.880  -21.800  -24.220  1.17  321.76  16.35  570.10  -0.14  302.07  18.39
71712.0  0.900  -21.820  -24.380  1.17  321.79  16.30  570.05  -0.18  302.09  18.34
71713.0  0.910  -21.820  -24.440  1.17  321.79  16.28  570.06  -0.32  302.47  18.33
71714.0  0.960  -21.820  -24.720  1.17  321.84  16.21  570.16  -0.39  302.96  18.35
71715.0  0.990  -21.800  -24.670  1.17  321.87  16.21  570.17  -0.36  302.81  18.32
71716.0  1.030  -21.790  -24.790  1.17  321.91  16.18  570.18  -0.51  303.15  18.34
71717.0  1.090  -21.810  -24.860  1.17  321.97  16.09  570.24  -0.67  303.32  18.36
71718.0  1.150  -21.830  -24.950  1.17  322.06  15.99  570.19  -0.78  303.59  18.42
71719.0  1.180  -21.860  -25.110  1.17  322.08  15.92  570.26  -0.67  303.62  18.38
71720.0  1.220  -21.910  -25.090  1.16  322.13  15.80  570.22  -0.53  303.48  18.48
71721.0  1.210  -21.940  -25.120  1.16  322.12  15.76  570.22  -0.41  303.58  18.42
71722.0  1.220  -21.990  -25.090  1.15  322.13  15.68  570.22  -0.36  303.41  18.38
71723.0  1.220  -22.040  -25.210  1.15  322.13  15.61  570.30  -0.32  303.60  18.32
71724.0  1.270  -22.090  -25.240  1.14  322.18  15.48  570.27  -0.29  304.14  18.21
71725.0  1.290  -22.150  -25.340  1.14  322.21  15.39  570.26  0.00  303.74  18.26
71726.0  1.280  -22.200  -25.270  1.13  322.21  15.32  570.21  0.21  303.78  18.28
71727.0  1.270  -22.260  -25.140  1.13  322.19  15.26  570.24  0.26  304.09  18.06
71728.0  1.270  -22.310  -25.220  1.12  322.18  15.19  570.31  0.37  304.09  17.99
71729.0  1.290  -22.360  -25.100  1.12  322.21  15.10  570.23  0.47  303.99  17.81
71730.0  1.330  -22.430  -25.260  1.11  322.27  14.98  570.17  0.60  304.20  17.73
71731.0  1.330  -22.490  -25.420  1.10  322.27  14.89  570.18  0.58  304.00  17.76
71732.0  1.320  -22.520  -25.030  1.10  322.25  14.85  570.26  0.66  303.84  17.92
71733.0  1.310  -22.550  -25.080  1.10  322.25  14.82  570.18  0.87  303.55  18.06
71734.0  1.290  -22.580  -25.060  1.10  322.22  14.82  570.17  1.08  303.49  18.14
71735.0  1.270  -22.570  -25.050  1.10  322.20  14.85  570.17  0.96  303.30  18.14
71736.0  1.250  -22.560  -24.940  1.10  322.18  14.88  570.13  0.89  302.83  18.05
71737.0  1.230  -22.560  -24.850  1.10  322.17  14.90  570.09  1.08  302.57  18.09
71738.0  1.210  -22.550  -24.450  1.10  322.15  14.94  570.09  1.09  302.25  18.05
71739.0  1.200  -22.520  -24.450  1.10  322.12  14.99  570.12  1.02  301.69  18.01
71740.0  1.120  -22.500  -24.310  1.10  322.05  15.10  570.01  0.97  301.30  18.00
71741.0  1.080  -22.470  -24.240  1.11  322.00  15.18  570.00  0.98  301.27  18.03
71742.0  1.050  -22.430  -24.010  1.11  321.98  15.27  569.94  1.07  300.85  18.10
71743.0  1.000  -22.360  -23.870  1.12  321.93  15.42  569.90  1.08  299.75  18.11
71744.0  0.900  -22.280  -23.370  1.13  321.80  15.64  569.98  1.06  298.74  18.11
71745.0  0.640  -22.180  -22.940  1.14  321.50  16.09  569.95  1.05  298.13  17.79
71746.0  0.420  -22.050  -22.310  1.15  321.25  16.53  569.90  0.75  297.31  17.68
71747.0  0.290  -21.900  -21.500  1.16  321.08  16.92  569.93  0.52  296.76  17.79
71748.0  0.200  -21.700  -21.650  1.18  320.97  17.33  569.98  0.68  296.55  17.89
71749.0  0.150  -21.470  -21.630  1.21  320.92  17.74  569.95  0.84  295.79  17.70
71750.0  0.070  -21.240  -21.490  1.23  320.81  18.22  570.06  0.77  295.01  17.49
71751.0  -0.070  -21.000  -20.930  1.26  320.64  18.80  570.06  0.50  293.13  17.16
71752.0  -0.180  -20.770  -20.470  1.28  320.51  19.33  570.07  0.23  292.87  17.09
71753.0  -0.180  -20.550  -20.450  1.31  320.51  19.71  570.04  -0.31  293.87  17.24
71754.0  -0.030  -20.290  -20.970  1.34  320.70  19.92  570.04  -0.63  295.07  17.54
71755.0  0.040  -20.020  -21.340  1.37  320.77  20.28  570.09  -0.82  295.11  17.59
71756.0  0.110  -19.770  -21.450  1.40  320.83  20.62  570.22  -1.06  295.57  17.67
71757.0  0.170  -19.570  -21.520  1.42  320.90  20.90  570.17  -1.03  296.14  17.75
71758.0  0.230  -19.400  -21.640  1.45  320.98  21.11  570.17  -1.07  296.94  17.93
