flight/WP3D/AircraftPos_NP3_20130626_RA.ict
38  1001
Ken Aikin
NOAA ESRL Chemical Sciences Division
various aircraft sensors
SENEX 2013
1  1
2013  06  26  2013  06  26
1
AOCTimewave
5
1  1  1  1  1 
-9999  -9999  -9999  -9999  -9999
GpsLat  deg
GpsLon  deg
GpsAlt  m
PAlt  m
RAlt  m
1
SPECIAL COMMENTS:Fayetteville shale flight.
18
PI_CONTACT_INFO: Address: NOAA ESRL Chemical Sciences Division  Mail Stop R/CSD7  325 Broadway  Boulder  CO 80305
PLATFORM: NOAA WP-3D
LOCATION: The aircraft was stationed in Smyrna  Tennessee. Aircraft location information in AircraftPosition file.
ASSOCIATED_DATA: N/A
INSTRUMENT_INFO: N/A
DATA_INFO: Units:GpsLat:decimal degrees; GpsLon: decimal degrees; GpsAlt: meters; PAlt:meters; RAlt: meters.
UNCERTAINTY: N/A
ULOD_FLAG: -7777
ULOD_VALUE: N/A
LLOD_FLAG: -8888
LLOD_VALUE: N/A
DM_CONTACT_INFO: Data Manager:Ken Aikin; email:Kenneth.C.Aikin@noaa.gov
PROJECT_INFO: SENEX 2013 Study; June 1 - July 15  2013
STIPULATIONS_ON_USE: Use of these data require prior ok from PI.
OTHER_COMMENTS:       None
REVISION: RA
RA: Preliminary Data.  For in-field use.
AOCTimewave  GpsLat  GpsLon  GpsAlt  PAlt  RAlt
[from data line 13673]
67541.0  35.6282   -91.1224    724.2    668.4    667.8
67542.0  35.6289   -91.1212    724.0    668.7    669.2
67543.0  35.6296   -91.1201    723.0    668.0    657.4
67544.0  35.6302   -91.1189    722.6    668.3    668.0
67545.0  35.6309   -91.1178    721.8    667.4    664.7
67546.0  35.6316   -91.1166    721.8    665.8    662.5
67547.0  35.6323   -91.1155    721.8    666.0    668.9
67548.0  35.6330   -91.1143    721.8    665.4    675.8
67549.0  35.6337   -91.1132    721.8    665.7    670.6
67550.0  35.6344   -91.1120    721.8    666.2    653.1
67551.0  35.6351   -91.1109    721.8    666.2    658.9
67552.0  35.6359   -91.1098    721.8    666.3    656.2
67553.0  35.6366   -91.1087    721.8    666.6    660.7
67554.0  35.6374   -91.1076    722.3    666.1    666.5
67555.0  35.6382   -91.1066    723.0    667.1    670.4
67556.0  35.6389   -91.1055    723.8    669.1    661.3
67557.0  35.6397   -91.1045    724.2    669.7    669.0
67558.0  35.6406   -91.1034    724.2    671.3    663.0
67559.0  35.6414   -91.1024    724.2    670.1    664.5
67560.0  35.6422   -91.1014    724.2    670.0    667.8
67561.0  35.6430   -91.1004    724.7    670.0    669.6
67562.0  35.6439   -91.0994    724.2    669.8    662.7
67563.0  35.6447   -91.0985    724.2    669.1    661.6
67564.0  35.6456   -91.0976    724.2    668.0    664.6
67565.0  35.6466   -91.0967    724.9    668.5    668.3
67566.0  35.6475   -91.0959    725.7    669.0    667.5
67567.0  35.6485   -91.0952    726.6    670.5    664.8
67568.0  35.6495   -91.0944    726.6    670.9    668.2
67569.0  35.6505   -91.0938    726.6    670.6    667.4
67570.0  35.6515   -91.0932    727.8    672.4    665.6
67571.0  35.6526   -91.0926    727.0    672.3    670.7
67572.0  35.6536   -91.0920    726.6    670.9    669.7
67573.0  35.6547   -91.0915    725.8    671.8    671.3
67574.0  35.6558   -91.0911    725.3    672.0    663.5
67575.0  35.6569   -91.0907    724.2    671.2    664.4
67576.0  35.6580   -91.0903    724.2    670.4    661.1
67577.0  35.6591   -91.0900    724.2    668.3    658.0
67578.0  35.6602   -91.0897    724.2    669.4    658.7
67579.0  35.6613   -91.0894    725.4    669.1    657.0
67580.0  35.6624   -91.0893    724.7    668.5    664.8
67581.0  35.6635   -91.0891    725.0    668.6    662.9
67582.0  35.6646   -91.0890    725.4    670.4    669.1
67583.0  35.6658   -91.0890    724.3    670.1    662.5
67584.0  35.6669   -91.0890    724.5    667.9    668.5
67585.0  35.6680   -91.0890    725.4    669.1    669.6
67586.0  35.6691   -91.0891    726.4    669.9    666.5
67587.0  35.6702   -91.0893    728.6    671.7    671.6
67588.0  35.6713   -91.0895    730.9    675.3    669.1
67589.0  35.6724   -91.0897    732.5    678.7    675.7
67590.0  35.6734   -91.0900    732.7    678.5    670.6
67591.0  35.6745   -91.0903    732.7    676.4    671.7
67592.0  35.6756   -91.0907    732.7    678.1    669.5
67593.0  35.6766   -91.0911    732.7    676.9    669.5
67594.0  35.6776   -91.0915    731.5    676.6    672.9
67595.0  35.6786   -91.0920    730.3    674.3    671.7
67596.0  35.6796   -91.0926    730.1    673.9    671.1
67597.0  35.6806   -91.0931    729.1    674.9    673.4
67598.0  35.6815   -91.0937    727.6    675.7    668.0
67599.0  35.6825   -91.0944    726.1    673.1    663.5
67600.0  35.6834   -91.0950    724.6    671.7    657.0
67601.0  35.6844   -91.0956    723.1    670.7    659.0
67602.0  35.6853   -91.0963    721.6    668.0    655.3
67603.0  35.6862   -91.0969    720.2    665.8    651.1
67604.0  35.6872   -91.0976    719.3    664.8    650.1
67605.0  35.6881   -91.0983    718.1    663.8    646.0
67606.0  35.6890   -91.0989    718.1    664.0    652.6
67607.0  35.6899   -91.0996    718.1    664.0    662.5
67608.0  35.6909   -91.1003    718.1    664.5    655.4
67609.0  35.6918   -91.1009    718.1    663.7    659.9
67610.0  35.6927   -91.1016    718.1    664.3    659.9
67611.0  35.6936   -91.1023    719.0    664.6    672.8
67612.0  35.6945   -91.1030    719.3    666.0    667.8
67613.0  35.6955   -91.1036    719.3    666.0    665.1
67614.0  35.6964   -91.1043    719.3    665.8    663.0
67615.0  35.6973   -91.1050    720.4    666.2    664.8
67616.0  35.6982   -91.1057    721.3    669.1    664.8
67617.0  35.6991   -91.1063    721.8    668.6    668.4
67618.0  35.7000   -91.1070    722.7    670.6    669.1
67619.0  35.7010   -91.1077    723.0    668.7    670.5
67620.0  35.7019   -91.1084    724.2    670.3    672.8
67621.0  35.7028   -91.1090    725.4    671.4    675.6
67622.0  35.7037   -91.1097    725.4    669.3    666.7
67623.0  35.7046   -91.1104    725.5    670.6    652.5
67624.0  35.7055   -91.1111    726.6    673.3    653.0
67625.0  35.7064   -91.1118    726.6    673.2    654.3
67626.0  35.7073   -91.1125    727.7    672.4    654.6
67627.0  35.7081   -91.1133    729.0    674.7    665.7
67628.0  35.7090   -91.1140    729.6    674.9    665.3
67629.0  35.7099   -91.1148    730.3    677.1    664.4
67630.0  35.7107   -91.1155    729.8    674.5    668.3
67631.0  35.7116   -91.1163    728.1    671.1    663.9
67632.0  35.7124   -91.1171    727.9    672.9    661.4
67633.0  35.7132   -91.1179    727.0    673.2    664.9
67634.0  35.7141   -91.1187    726.6    672.9    665.1
67635.0  35.7149   -91.1195    726.4    672.7    656.9
67636.0  35.7157   -91.1203    725.1    671.3    657.2
67637.0  35.7165   -91.1211    724.2    671.0    667.1
67638.0  35.7173   -91.1220    724.0    671.7    661.8
67639.0  35.7181   -91.1228    723.0    670.0    658.1
67640.0  35.7189   -91.1236    723.0    669.8    666.1
67641.0  35.7197   -91.1245    722.2    669.2    669.8
67642.0  35.7206   -91.1253    721.8    667.3    669.4
67643.0  35.7214   -91.1261    721.8    667.8    658.4
67644.0  35.7222   -91.1270    721.8    667.7    648.0
67645.0  35.7230   -91.1278    720.9    666.9    648.0
67646.0  35.7238   -91.1286    720.5    667.4    647.9
67647.0  35.7246   -91.1295    720.5    666.6    646.1
67648.0  35.7254   -91.1303    720.5    665.8    645.5
67649.0  35.7262   -91.1311    720.7    667.1    655.1
67650.0  35.7269   -91.1320    722.2    667.5    671.4
67651.0  35.7277   -91.1328    723.8    669.9    673.5
67652.0  35.7285   -91.1336    725.3    671.8    668.5
67653.0  35.7293   -91.1345    725.4    672.5    665.0
67654.0  35.7301   -91.1353    725.7    672.5    661.8
67655.0  35.7309   -91.1362    726.6    673.4    663.4
67656.0  35.7317   -91.1370    726.6    674.6    663.5
67657.0  35.7325   -91.1379    726.6    672.9    661.6
67658.0  35.7332   -91.1387    726.6    672.9    657.4
67659.0  35.7340   -91.1396    726.0    674.3    656.9
67660.0  35.7348   -91.1405    725.4    672.7    657.8
67661.0  35.7355   -91.1413    725.3    670.7    660.5
67662.0  35.7363   -91.1422    724.2    669.3    657.8
67663.0  35.7371   -91.1431    724.6    670.1    651.2
67664.0  35.7378   -91.1440    724.4    671.1    657.9
67665.0  35.7386   -91.1449    724.2    670.1    664.8
67666.0  35.7393   -91.1458    724.2    670.2    657.8
67667.0  35.7401   -91.1466    724.2    669.1    654.7
67668.0  35.7408   -91.1475    724.2    668.4    657.0
67669.0  35.7416   -91.1484    724.2    668.6    655.3
67670.0  35.7423   -91.1493    724.2    669.6    657.2
67671.0  35.7431   -91.1502    724.6    670.7    659.9
67672.0  35.7438   -91.1511    724.2    668.9    653.9
67673.0  35.7445   -91.1520    725.1    669.4    660.4
67674.0  35.7453   -91.1529    725.4    670.7    662.1
67675.0  35.7460   -91.1538    724.9    670.9    656.6
67676.0  35.7468   -91.1547    724.2    671.1    658.9
67677.0  35.7475   -91.1556    724.2    671.2    658.9
67678.0  35.7482   -91.1565    724.2    671.7    654.8
67679.0  35.7490   -91.1574    724.2    672.6    650.5
67680.0  35.7497   -91.1584    724.2    671.8    655.9
67681.0  35.7504   -91.1593    724.2    670.8    656.3
67682.0  35.7511   -91.1602    723.5    669.8    647.8
67683.0  35.7518   -91.1611    723.0    669.4    649.5
67684.0  35.7525   -91.1620    723.0    667.4    653.2
67685.0  35.7532   -91.1630    723.0    668.0    649.1
67686.0  35.7539   -91.1639    724.1    669.9    646.1
67687.0  35.7546   -91.1649    724.2    671.0    646.7
67688.0  35.7553   -91.1658    724.2    668.2    648.7
67689.0  35.7560   -91.1668    724.2    668.3    656.9
67690.0  35.7567   -91.1677    724.2    667.6    656.5
67691.0  35.7573   -91.1687    724.2    668.8    651.9
67692.0  35.7580   -91.1696    724.2    669.9    648.6
67693.0  35.7587   -91.1706    724.2    671.0    653.1
67694.0  35.7594   -91.1716    724.2    670.8    656.7
67695.0  35.7600   -91.1725    724.2    671.9    650.6
67696.0  35.7607   -91.1735    724.3    672.4    648.4
67697.0  35.7614   -91.1744    725.4    671.9    648.8
67698.0  35.7621   -91.1754    725.4    671.0    651.0
67699.0  35.7627   -91.1763    726.5    672.8    660.7
67700.0  35.7634   -91.1773    727.1    672.7    664.3
67701.0  35.7641   -91.1783    727.9    673.1    658.9
67702.0  35.7647   -91.1792    727.9    673.4    664.2
67703.0  35.7654   -91.1802    727.9    674.7    667.1
67704.0  35.7661   -91.1811    727.9    675.1    669.3
67705.0  35.7667   -91.1821    727.9    673.9    665.4
67706.0  35.7674   -91.1830    727.4    675.3    656.8
67707.0  35.7681   -91.1840    726.6    674.3    662.5
67708.0  35.7688   -91.1849    726.6    675.8    665.9
67709.0  35.7694   -91.1859    726.6    674.7    659.8
67710.0  35.7701   -91.1869    725.5    671.8    657.5
67711.0  35.7708   -91.1878    725.4    671.8    654.1
67712.0  35.7715   -91.1888    724.7    670.5    653.6
67713.0  35.7721   -91.1897    724.2    670.1    659.3
67714.0  35.7728   -91.1907    723.6    670.3    659.5
67715.0  35.7735   -91.1916    723.0    670.1    656.1
67716.0  35.7742   -91.1926    723.0    670.4    655.6
67717.0  35.7749   -91.1935    722.6    668.5    654.7
67718.0  35.7756   -91.1945    721.8    667.7    655.7
67719.0  35.7762   -91.1954    721.8    668.8    650.8
67720.0  35.7769   -91.1964    721.8    668.0    653.7
67721.0  35.7776   -91.1973    722.8    668.8    650.4
67722.0  35.7783   -91.1983    721.9    668.6    656.7
67723.0  35.7790   -91.1992    721.8    670.0    652.5
67724.0  35.7796   -91.2002    722.1    668.9    655.3
67725.0  35.7803   -91.2011    723.0    668.9    659.4
67726.0  35.7810   -91.2021    722.6    669.0    658.7
67727.0  35.7817   -91.2030    723.0    669.5    660.6
67728.0  35.7823   -91.2040    723.0    668.2    663.9
67729.0  35.7830   -91.2049    723.0    668.8    658.6
67730.0  35.7837   -91.2059    723.2    670.1    654.6
67731.0  35.7843   -91.2069    724.2    670.1    658.8
67732.0  35.7850   -91.2078    725.5    671.0    660.1
67733.0  35.7857   -91.2088    726.9    671.2    662.6
67734.0  35.7863   -91.2097    728.0    674.2    662.1
67735.0  35.7870   -91.2107    728.8    674.6    666.7
67736.0  35.7877   -91.2117    727.9    672.8    660.0
67737.0  35.7884   -91.2126    727.9    672.5    666.9
67738.0  35.7890   -91.2136    726.9    672.8    664.3
67739.0  35.7897   -91.2146    725.7    672.2    662.7
67740.0  35.7904   -91.2155    724.7    671.0    665.7
67741.0  35.7910   -91.2165    724.2    672.0    651.3
67742.0  35.7917   -91.2174    723.2    671.5    651.6
67743.0  35.7924   -91.2184    722.4    667.4    655.7
67744.0  35.7930   -91.2194    723.0    668.6    656.5
67745.0  35.7937   -91.2203    722.4    668.9    651.3
67746.0  35.7944   -91.2213    721.8    669.3    650.4
67747.0  35.7951   -91.2223    722.1    668.9    646.7
67748.0  35.7957   -91.2232    723.0    669.7    651.8
67749.0  35.7964   -91.2242    723.0    670.0    648.5
67750.0  35.7971   -91.2251    723.1    670.1    654.5
67751.0  35.7978   -91.2261    724.3    670.0    651.8
67752.0  35.7985   -91.2270    725.4    672.4    651.8
67753.0  35.7992   -91.2279    726.5    671.7    655.2
67754.0  35.7999   -91.2289    726.5    671.2    656.1
67755.0  35.8006   -91.2298    725.4    671.7    658.7
67756.0  35.8013   -91.2307    725.3    670.5    651.2
67757.0  35.8020   -91.2316    724.2    670.1    652.8
67758.0  35.8028   -91.2325    724.2    670.2    652.3
67759.0  35.8035   -91.2334    724.2    670.0    655.8
67760.0  35.8042   -91.2343    724.2    670.7    655.3
67761.0  35.8050   -91.2352    724.2    670.7    652.3
67762.0  35.8057   -91.2361    724.2    670.8    649.5
67763.0  35.8065   -91.2370    724.2    669.3    657.2
67764.0  35.8072   -91.2379    724.2    670.2    656.1
67765.0  35.8080   -91.2387    723.8    669.8    666.3
67766.0  35.8087   -91.2396    723.0    668.5    664.7
67767.0  35.8095   -91.2405    723.0    667.7    669.3
67768.0  35.8103   -91.2414    723.0    669.7    662.6
67769.0  35.8110   -91.2422    723.0    668.5    659.9
67770.0  35.8118   -91.2431    723.0    668.8    659.6
67771.0  35.8126   -91.2439    723.0    669.9    662.6
67772.0  35.8134   -91.2448    723.0    668.3    656.1
67773.0  35.8141   -91.2457    723.0    669.2    657.5
67774.0  35.8149   -91.2465    723.0    670.1    655.1
67775.0  35.8157   -91.2473    723.0    671.0    667.2
67776.0  35.8165   -91.2482    723.2    670.9    665.4
67777.0  35.8173   -91.2490    724.2    671.4    664.2
67778.0  35.8181   -91.2499    724.2    670.6    665.0
67779.0  35.8189   -91.2507    725.1    671.0    670.0
67780.0  35.8197   -91.2515    725.4    671.4    666.4
67781.0  35.8204   -91.2524    725.3    670.7    668.4
67782.0  35.8212   -91.2532    724.2    669.7    662.8
67783.0  35.8220   -91.2540    724.2    670.6    667.6
67784.0  35.8228   -91.2549    724.2    670.3    670.0
67785.0  35.8236   -91.2557    724.2    671.6    655.0
67786.0  35.8244   -91.2566    724.2    671.8    656.6
67787.0  35.8252   -91.2574    724.2    671.3    653.8
67788.0  35.8260   -91.2582    724.2    671.3    654.8
67789.0  35.8267   -91.2591    724.2    672.0    662.5
67790.0  35.8275   -91.2599    724.2    671.9    668.9
67791.0  35.8283   -91.2608    724.2    671.3    663.5
67792.0  35.8291   -91.2616    724.2    671.7    664.0
67793.0  35.8299   -91.2625    724.2    671.7    667.6
67794.0  35.8307   -91.2633    724.2    670.4    667.4
67795.0  35.8315   -91.2642    724.2    670.6    665.0
67796.0  35.8322   -91.2650    724.2    670.3    660.6
67797.0  35.8330   -91.2659    724.2    669.1    664.8
67798.0  35.8338   -91.2667    724.2    669.4    664.3
67799.0  35.8346   -91.2676    724.2    670.7    665.6
67800.0  35.8354   -91.2685    724.2    670.6    661.7
67801.0  35.8361   -91.2693    723.2    669.4    662.1
67802.0  35.8369   -91.2702    723.0    669.0    666.7
67803.0  35.8377   -91.2710    723.5    669.0    659.6
67804.0  35.8384   -91.2719    724.2    669.6    653.5
67805.0  35.8392   -91.2728    724.2    670.3    653.9
67806.0  35.8400   -91.2736    724.2    670.4    652.2
67807.0  35.8408   -91.2745    724.2    672.1    655.9
67808.0  35.8415   -91.2754    724.2    670.8    656.4
67809.0  35.8423   -91.2762    724.2    671.3    657.8
67810.0  35.8431   -91.2771    724.2    671.6    656.4
67811.0  35.8438   -91.2780    724.2    670.5    658.0
67812.0  35.8446   -91.2788    724.2    669.6    658.8
67813.0  35.8454   -91.2797    724.2    669.5    656.9
67814.0  35.8461   -91.2806    724.2    669.8    655.0
67815.0  35.8469   -91.2814    724.2    669.9    658.6
67816.0  35.8477   -91.2823    724.2    669.6    654.4
67817.0  35.8484   -91.2832    723.0    669.6    651.8
67818.0  35.8492   -91.2840    723.0    669.5    651.1
67819.0  35.8500   -91.2849    722.7    669.2    651.4
67820.0  35.8507   -91.2858    721.8    669.3    650.8
67821.0  35.8515   -91.2866    721.8    668.7    652.3
67822.0  35.8522   -91.2875    721.8    668.3    652.8
67823.0  35.8530   -91.2884    721.8    668.1    653.1
67824.0  35.8538   -91.2893    721.8    669.5    651.4
67825.0  35.8545   -91.2901    721.8    669.8    653.4
67826.0  35.8553   -91.2910    722.9    669.6    657.0
67827.0  35.8560   -91.2919    723.0    668.7    642.1
67828.0  35.8568   -91.2928    723.0    669.2    631.4
67829.0  35.8575   -91.2936    723.0    668.8    640.1
67830.0  35.8583   -91.2945    724.0    668.9    634.3
