flight/WP3D/AircraftMis_NP3_20130616_RA.ict
41  1001
Ken Aikin
NOAA ESRL Chemical Sciences Division
various aircraft sensors
SENEX 2013
1  1
2013  06  16  2013  06  16
1
AOCTimewave
8
1  1  1  1  1  1  1  1
-9999  -9999  -9999  -9999  -9999  -9999  -9999  -9999
Attack  deg
CabinPrs  mbar
GndSpd  m/s
Heading  deg
Pitch  deg
Roll  deg
Slip  deg
TrueAirSpd  m/s
1
SPECIAL COMMENTS:Atlanta power plants.
18
PI_CONTACT_INFO: Address: NOAA ESRL Chemical Sciences Division  Mail Stop R/CSD7  325 Broadway  Boulder  CO 80305
PLATFORM: NOAA WP-3D
LOCATION: The aircraft was stationed in  Smyrna  Tennessee. Aircraft location information in AircraftPosition file.
ASSOCIATED_DATA: N/A
INSTRUMENT_INFO: N/A
DATA_INFO: Units: Attack degrees; CabinPrs millibar; GndSpd m/s; Heading degrees; Pitch degrees; Roll degrees; Slip degrees; TrueAirSpd m/s
UNCERTAINTY: N/A
ULOD_FLAG: -7777
ULOD_VALUE: N/A
LLOD_FLAG: -8888
LLOD_VALUE: N/A
DM_CONTACT_INFO: Data Manager:Ken Aikin; email:Kenneth.C.Aikin@noaa.gov
PROJECT_INFO: SENEX 2013 Study; June 1 - July 15  2013
STIPULATIONS_ON_USE: Use of these data require prior ok from PI.
OTHER_COMMENTS:       None
REVISION: RA
RA: Preliminary Data.  For in-field use.
AOCTimewave  Attack  CabinPrs  GndSpd  Heading  Pitch  Roll  Slip  TrueAirSpd
[from data line 15611]
70604.0  1.4  983.9  118.0  314.5  1.55  -0.54  -0.71  116.1
70605.0  1.8  983.6  118.0  314.6  1.77  -0.90  -1.21  115.8
70606.0  1.5  984.0  118.0  314.2  1.70  -1.02  -0.99  115.7
70607.0  1.8  984.3  118.0  313.8  2.01  -0.79  -0.60  115.3
70608.0  2.1  984.0  117.9  313.8  2.03  -0.10  -0.44  115.6
70609.0  1.6  983.6  117.9  313.9  1.75  0.33  -0.93  115.9
70610.0  2.0  983.8  118.0  313.7  1.77  0.36  -0.31  116.3
70611.0  1.8  984.0  118.0  314.1  1.69  0.12  0.36  115.7
70612.0  1.5  984.2  118.0  314.8  1.55  -0.06  -0.62  116.3
70613.0  1.4  984.2  118.0  315.0  1.59  -0.97  -1.41  116.7
70614.0  1.8  984.1  118.0  314.6  1.80  -1.00  -1.00  116.1
70615.0  1.6  984.2  118.0  314.2  1.66  -1.23  -0.77  116.0
70616.0  1.9  983.9  118.0  314.0  1.63  -1.25  -0.49  117.8
70617.0  1.1  983.9  118.0  314.0  1.25  -0.36  -0.42  117.4
70618.0  2.2  983.9  118.1  314.1  1.48  -0.05  0.03  116.4
70619.0  1.3  984.1  118.1  314.6  1.06  -0.72  -0.27  115.3
70620.0  0.6  984.6  118.2  314.8  0.97  -1.49  -0.77  117.5
70621.0  1.7  983.9  118.2  314.7  1.81  -1.42  -0.78  117.9
70622.0  1.2  983.7  118.2  314.5  1.68  -1.40  -1.27  117.9
70623.0  1.4  984.1  118.1  314.0  1.78  -0.86  -0.97  118.1
70624.0  2.0  983.8  118.1  313.8  1.94  -0.34  -0.84  117.9
70625.0  1.6  984.2  118.1  313.6  1.61  0.45  -0.14  116.6
70626.0  2.0  984.5  118.1  313.9  1.39  0.38  -0.50  117.6
70627.0  1.4  983.9  118.1  314.1  1.21  -0.35  -0.78  116.6
70628.0  1.2  983.8  118.2  314.0  1.23  -1.15  -0.54  117.8
70629.0  0.8  984.0  118.2  314.0  1.57  -1.18  -0.70  117.4
70630.0  1.6  983.9  118.1  313.9  2.10  -0.34  -0.71  116.6
70631.0  1.6  983.6  118.0  313.8  2.17  0.33  -0.70  116.5
70632.0  1.9  984.1  118.0  313.8  2.11  -0.20  -0.56  116.9
70633.0  1.9  983.9  117.9  313.9  2.00  -0.18  -1.06  116.2
70634.0  1.7  983.7  117.9  313.7  1.92  -0.06  -0.02  115.8
70635.0  1.9  984.2  117.8  314.0  2.06  0.06  -0.29  116.5
70636.0  1.6  983.7  117.7  314.4  1.93  -0.36  -0.54  117.7
70637.0  1.5  984.3  117.7  314.6  1.75  -0.73  -0.73  117.5
70638.0  1.6  984.1  117.7  314.6  1.75  -1.08  -0.87  116.6
70639.0  1.8  983.9  117.7  314.4  1.74  -1.29  -0.40  115.4
70640.0  1.6  983.6  117.7  314.6  1.60  -0.83  -0.75  115.7
70641.0  1.5  984.2  117.7  314.5  1.41  -1.25  -0.97  116.1
70642.0  2.1  984.1  117.8  314.2  1.61  -1.23  0.13  116.5
70643.0  1.1  983.9  117.8  314.5  1.16  -1.17  -0.65  116.9
70644.0  0.6  983.6  117.9  314.4  1.17  -1.27  -0.84  116.9
70645.0  1.6  984.1  117.9  314.2  1.89  -1.19  -0.75  117.3
70646.0  1.7  983.7  117.8  314.0  2.03  -0.73  -0.33  117.1
70647.0  1.5  983.6  117.7  314.2  1.73  -0.55  -0.50  117.3
70648.0  1.4  984.0  117.7  314.3  1.68  -0.31  -0.79  118.0
70649.0  1.3  983.9  117.6  314.3  1.76  -0.53  -0.84  117.9
70650.0  1.8  983.6  117.6  314.2  2.02  -0.47  -0.61  117.6
70651.0  1.6  983.8  117.5  314.2  1.85  -0.78  -0.64  117.5
70652.0  1.6  984.0  117.5  314.2  1.76  -0.85  -0.62  116.9
70653.0  1.6  983.5  117.4  314.2  1.80  -0.81  -0.26  117.0
70654.0  1.4  983.8  117.4  314.4  1.88  -0.62  -0.88  117.6
70655.0  1.6  984.1  117.3  314.3  1.95  -0.48  -0.55  117.3
70656.0  1.5  984.2  117.2  314.3  2.14  -0.99  -0.51  117.4
70657.0  1.6  983.8  117.1  314.4  2.05  -0.66  -0.56  117.2
70658.0  1.8  983.9  117.1  314.6  2.04  -0.77  -0.57  116.1
70659.0  1.8  984.1  117.0  314.7  1.98  -1.14  -0.94  115.8
70660.0  1.6  984.3  117.0  314.5  1.87  -0.80  -0.68  115.3
70661.0  1.7  984.1  117.0  314.4  1.89  -0.89  -0.94  115.6
70662.0  1.5  984.0  117.0  314.2  1.89  -0.98  -0.81  115.2
70663.0  1.8  983.9  117.0  314.0  2.10  -0.75  -0.17  115.5
70664.0  1.6  983.8  116.9  314.2  2.04  -0.44  -0.52  115.1
70665.0  1.5  984.2  116.9  314.4  1.94  -0.50  -0.81  115.7
70666.0  1.7  983.8  116.8  314.3  2.03  -0.82  -0.99  116.1
70667.0  1.6  984.1  116.8  314.0  1.98  -0.40  -0.93  115.6
70668.0  1.8  984.1  116.8  313.7  1.95  -0.35  -0.45  115.5
70669.0  1.4  983.7  116.7  313.7  1.93  -0.07  -0.54  116.0
70670.0  1.8  983.9  116.7  313.8  1.99  0.51  -0.21  115.1
70671.0  1.9  984.0  116.7  314.1  1.96  -0.27  -0.34  114.8
70672.0  2.0  983.8  116.7  314.4  1.72  -1.18  -0.21  114.6
70673.0  1.7  984.1  116.8  314.7  1.52  -1.01  -0.61  113.8
70674.0  1.7  983.9  116.9  314.7  1.37  -1.01  -1.64  114.2
70675.0  1.8  983.9  117.0  314.0  1.53  -1.21  -0.36  114.0
70676.0  1.9  983.5  117.0  313.9  1.54  -1.32  -0.63  113.8
70677.0  1.2  983.9  117.1  313.9  1.33  -0.22  -0.66  114.3
70678.0  1.6  983.7  117.2  313.8  1.72  0.24  -0.87  115.0
70679.0  2.0  984.0  117.2  313.6  2.00  -0.08  -0.43  114.9
70680.0  1.5  983.7  117.2  313.8  1.68  0.43  -0.35  114.7
70681.0  1.8  983.4  117.2  314.1  1.84  0.39  -0.28  114.9
70682.0  2.1  984.1  117.2  314.5  1.95  -0.26  -0.85  115.3
70683.0  1.5  984.0  117.2  314.5  1.72  -0.40  -0.86  115.3
70684.0  1.5  983.9  117.2  314.3  1.88  -0.48  -0.57  114.9
70685.0  1.8  983.9  117.2  314.4  2.09  -0.77  -0.33  115.0
70686.0  1.6  984.1  117.1  314.6  2.14  -1.00  -0.28  115.8
70687.0  2.1  984.0  117.0  314.8  2.34  -0.93  -0.53  116.3
70688.0  1.4  984.2  117.0  315.0  1.93  -0.72  -1.38  116.3
70689.0  1.9  984.3  116.9  314.6  2.08  -1.01  -0.83  115.8
70690.0  2.0  983.9  116.9  314.5  2.10  -1.21  -0.64  115.5
70691.0  1.7  984.4  116.9  314.4  1.88  -1.12  -1.33  115.7
70692.0  1.2  983.8  116.8  313.9  1.73  -0.97  -0.54  116.1
70693.0  1.7  984.4  116.8  313.8  2.22  -0.85  -0.40  116.2
70694.0  1.6  984.4  116.7  314.0  2.20  -0.06  -0.27  116.0
70695.0  1.7  984.0  116.6  314.3  2.17  -0.02  -0.49  115.6
70696.0  1.6  984.2  116.6  314.5  2.03  -0.63  -0.90  115.2
70697.0  1.6  983.8  116.5  314.3  2.01  -0.87  -0.86  115.0
70698.0  1.9  983.9  116.5  314.2  2.15  -0.73  -0.72  114.8
70699.0  2.3  984.5  116.5  314.2  2.01  -0.51  -0.65  116.3
70700.0  1.5  983.9  116.5  314.3  1.57  -0.86  -0.03  115.7
70701.0  1.4  983.9  116.5  314.7  1.42  -0.82  -0.55  114.5
70702.0  1.4  984.2  116.6  314.8  1.63  -1.15  -1.30  114.9
70703.0  1.8  983.9  116.6  314.4  1.94  -1.00  -1.25  114.7
70704.0  1.8  983.9  116.6  313.9  1.89  -0.94  -0.84  115.0
70705.0  1.6  984.1  116.6  313.6  1.72  -0.42  -0.45  114.3
70706.0  1.9  983.7  116.6  313.7  1.87  -0.08  -0.50  113.9
70707.0  1.9  983.7  116.6  313.8  1.86  0.01  0.36  114.0
70708.0  1.7  984.0  116.7  314.4  1.77  -0.08  -0.30  114.5
70709.0  1.7  983.7  116.7  314.9  1.80  -0.46  -0.68  114.5
70710.0  1.8  983.9  116.7  315.0  1.88  -1.16  -1.08  114.6
70711.0  1.8  984.0  116.7  314.8  1.87  -1.67  -0.83  114.7
70712.0  1.7  983.8  116.7  314.6  1.90  -1.25  -0.93  114.1
70713.0  1.8  984.3  116.7  314.4  1.99  -0.89  -0.71  114.5
70714.0  1.8  984.0  116.7  314.2  2.07  -0.75  -0.81  114.6
70715.0  2.5  984.1  116.7  314.1  2.09  -0.73  -0.83  115.6
70716.0  2.0  983.8  116.7  314.0  1.69  0.03  -0.25  115.5
70717.0  1.5  984.2  116.8  314.3  1.26  -0.09  -0.16  115.1
70718.0  1.9  984.1  116.9  314.7  1.27  -0.46  -0.36  114.9
70719.0  1.4  984.0  117.0  315.0  1.05  -1.29  -0.67  114.9
70720.0  1.0  983.4  117.1  315.0  1.09  -1.54  -1.22  115.8
70721.0  1.4  984.0  117.1  314.5  1.65  -1.71  -1.35  116.3
70722.0  1.8  984.2  117.1  313.8  1.88  -1.47  -0.85  115.9
70723.0  1.6  983.8  117.1  313.5  1.69  -0.62  -0.70  115.8
70724.0  1.6  984.3  117.1  313.4  1.69  0.14  -0.43  115.6
70725.0  1.6  983.8  117.1  313.5  1.78  0.56  -0.37  115.6
70726.0  1.7  983.5  117.1  313.8  1.90  0.55  -0.48  115.8
70727.0  1.8  983.6  117.0  314.0  1.98  0.16  -0.55  115.8
70728.0  2.0  984.4  117.0  314.2  1.95  -0.46  -0.88  115.3
70729.0  1.8  984.1  117.1  314.1  1.73  -0.52  -0.81  115.4
70730.0  1.3  984.0  117.0  314.0  1.69  -0.50  -0.60  115.3
70731.0  1.9  984.1  117.0  314.0  2.22  -0.31  -0.70  115.4
70732.0  1.9  983.6  116.9  314.1  2.16  -0.02  -0.69  116.4
70733.0  2.0  984.4  116.9  314.1  2.06  -0.10  -0.78  115.4
70734.0  1.3  984.2  116.9  314.1  1.79  -0.23  -0.67  114.5
70735.0  1.6  984.1  116.9  314.1  2.06  -0.44  -0.37  114.5
70736.0  1.9  984.1  116.8  314.3  2.35  -0.42  -0.50  114.1
70737.0  1.8  984.1  116.8  314.5  2.26  -0.71  -0.83  114.8
70738.0  2.0  984.4  116.7  314.4  2.21  -0.99  -0.76  115.2
70739.0  2.6  984.3  116.6  314.4  3.15  -0.71  -0.76  114.4
70740.0  2.5  984.2  116.4  314.5  4.12  -0.71  -0.74  114.1
70741.0  2.6  984.3  116.0  314.6  4.66  -0.81  -1.44  114.1
70742.0  2.4  983.8  115.5  314.2  4.87  -0.66  -1.06  113.5
70743.0  2.4  983.6  115.1  313.9  4.97  -0.41  -0.57  112.3
70744.0  2.1  984.0  114.7  314.0  4.76  -0.43  -0.60  111.7
70745.0  1.1  983.8  114.5  314.0  4.43  -0.02  -0.34  110.9
70746.0  2.1  983.7  114.2  314.1  4.44  -0.60  0.02  112.0
70747.0  2.7  983.8  113.9  314.5  4.36  -0.67  -0.43  111.9
70748.0  1.8  983.5  113.7  314.8  4.08  -0.67  -1.24  112.0
70749.0  1.2  983.7  113.5  314.4  3.95  -1.05  -0.79  112.7
70750.0  1.8  983.3  113.3  314.2  4.44  -1.23  -0.56  112.1
70751.0  2.2  983.2  112.9  314.2  5.11  -1.01  -0.49  111.5
70752.0  2.2  982.8  112.5  314.1  5.14  -0.86  -0.74  111.4
70753.0  2.3  982.7  112.1  314.0  4.87  -0.33  -0.54  111.2
70754.0  1.8  983.3  111.9  314.2  4.28  -0.20  -0.61  110.2
70755.0  1.4  983.2  111.7  314.2  3.97  0.00  -0.43  109.9
70756.0  1.8  982.9  111.6  314.3  4.21  -0.59  0.23  109.8
70757.0  2.7  983.1  111.4  314.9  5.12  -0.94  -0.41  109.7
70758.0  3.0  982.8  111.1  315.1  5.61  -1.32  -1.37  109.2
70759.0  2.6  982.5  110.9  314.7  5.41  -1.07  -1.94  108.8
70760.0  1.9  982.8  110.8  313.6  3.95  -1.06  -1.29  108.8
70761.0  1.6  982.3  110.9  312.7  2.45  -1.16  0.05  108.4
70762.0  1.2  982.4  111.2  312.7  1.39  -0.99  0.39  108.9
70763.0  1.6  982.0  111.7  313.0  1.30  -1.47  -0.17  109.0
70764.0  2.4  982.8  112.1  313.0  1.81  -2.09  -0.43  109.2
70765.0  2.3  982.2  112.4  312.9  1.99  -2.30  -0.36  109.7
70766.0  2.4  982.4  112.7  312.9  2.70  -1.05  -0.25  109.9
70767.0  2.3  982.4  112.9  313.0  3.62  -0.67  -0.98  110.1
70768.0  2.9  982.2  112.8  312.7  4.40  -0.48  -0.73  110.8
70769.0  3.0  982.2  112.7  312.7  4.81  -0.58  0.01  109.7
70770.0  2.5  982.2  112.6  313.0  4.77  -0.77  -0.81  109.2
70771.0  2.6  982.7  112.4  313.0  4.72  -0.66  -0.73  109.0
70772.0  2.0  982.6  112.3  313.0  4.39  -0.47  -0.79  109.4
70773.0  1.9  982.5  112.3  312.9  3.88  -0.52  -0.48  109.6
70774.0  2.1  982.3  112.3  313.0  3.63  -0.47  -0.30  110.2
70775.0  2.0  982.3  112.3  313.2  3.53  -0.46  -0.78  110.2
70776.0  2.4  982.4  112.4  313.2  3.40  -0.36  -1.09  110.4
70777.0  1.6  982.1  112.5  312.9  2.12  -0.23  -0.74  111.1
70778.0  0.5  982.4  112.8  312.9  0.70  0.13  -0.38  112.5
70779.0  1.0  982.2  113.2  313.0  0.22  -0.06  -0.28  112.9
70780.0  1.4  981.9  113.7  313.2  0.13  -0.22  -0.78  113.3
70781.0  1.4  982.7  114.2  313.2  -0.14  -0.30  -0.65  113.6
70782.0  1.8  981.9  114.7  313.2  0.45  -0.81  -0.66  113.8
70783.0  1.8  982.0  115.2  313.3  0.85  -0.73  -0.82  114.6
70784.0  2.1  982.5  115.5  313.2  1.38  -0.56  -0.69  115.1
70785.0  2.3  982.1  115.8  313.3  1.54  -0.97  -0.73  115.3
70786.0  2.0  982.3  116.1  313.3  1.53  -1.06  -0.89  115.9
70787.0  1.7  982.4  116.2  313.2  1.61  -0.71  -1.13  115.6
70788.0  2.3  982.1  116.2  313.0  1.96  -0.71  -0.53  115.2
70789.0  1.4  982.1  116.2  313.1  1.94  -0.69  -1.03  115.4
70790.0  2.0  982.1  116.2  313.0  2.35  -0.27  -0.91  115.3
70791.0  1.9  982.2  116.2  312.8  2.53  -0.46  -0.92  115.5
70792.0  1.8  982.1  116.1  312.7  2.54  -0.07  -0.78  115.5
70793.0  1.8  982.4  116.0  312.6  2.63  0.15  -0.66  115.3
70794.0  1.8  981.8  115.9  312.8  2.61  0.33  -0.78  115.0
70795.0  1.8  981.9  115.9  312.9  2.70  0.11  -0.81  114.8
70796.0  1.8  981.8  115.8  312.9  2.78  -0.15  -0.94  114.9
70797.0  1.7  982.4  115.7  312.8  2.80  -0.13  -0.76  114.7
70798.0  1.7  981.8  115.6  312.8  2.82  -0.40  -0.55  114.3
70799.0  1.9  982.1  115.5  313.0  2.81  -0.27  -0.81  114.2
70800.0  1.8  982.5  115.5  313.0  2.76  -0.20  -0.70  114.1
70801.0  1.8  982.1  115.4  313.1  2.75  -0.44  -0.73  113.9
70802.0  1.9  982.1  115.4  313.1  2.66  -0.62  -0.76  113.5
70803.0  1.7  982.6  115.3  313.0  2.53  -0.91  -0.76  113.7
70804.0  1.9  982.1  115.3  312.9  2.53  -0.84  -0.85  113.4
70805.0  2.0  982.3  115.3  312.8  2.48  -0.35  -0.54  113.7
70806.0  1.8  982.0  115.2  312.9  2.39  -0.10  -0.79  114.0
70807.0  1.9  981.9  115.3  312.8  2.31  -0.23  -0.82  113.9
70808.0  1.9  982.3  115.2  312.7  2.32  -0.56  -0.75  114.1
70809.0  1.8  982.0  115.2  312.7  2.17  -0.44  -0.75  114.1
70810.0  1.9  982.0  115.3  312.6  2.12  0.03  -0.66  114.4
70811.0  1.7  982.2  115.3  312.6  2.05  0.23  -0.59  114.2
70812.0  1.6  981.9  115.4  312.7  1.91  0.20  -0.73  113.9
70813.0  1.9  981.9  115.4  312.7  2.00  -0.01  -0.59  114.4
70814.0  1.8  982.1  115.4  312.8  1.99  -0.16  -0.69  114.4
70815.0  1.8  982.2  115.5  312.8  1.88  -0.07  -0.63  114.5
70816.0  1.8  982.2  115.6  312.9  1.85  -0.20  -0.66  114.6
70817.0  1.8  981.9  115.6  312.9  1.84  -0.28  -0.79  114.6
70818.0  1.7  982.0  115.7  312.9  1.84  -0.22  -0.85  114.6
70819.0  1.8  981.7  115.8  312.8  1.76  -0.38  -0.65  114.6
70820.0  1.7  981.9  115.8  312.8  1.76  -0.44  -0.63  114.7
70821.0  1.8  982.3  115.9  312.9  1.81  -0.10  -0.47  114.9
70822.0  1.7  981.8  116.0  313.1  1.87  0.03  -0.57  114.6
70823.0  1.8  981.8  116.0  313.2  1.90  0.04  -0.95  114.8
70824.0  1.5  982.5  116.1  313.1  1.87  -0.58  -0.43  115.5
70825.0  2.0  982.2  116.1  313.2  2.13  -1.34  -0.15  115.1
70826.0  1.8  982.2  116.1  313.6  1.87  -0.82  -0.82  115.6
70827.0  1.6  982.1  116.2  313.5  1.69  -0.52  -0.68  115.3
70828.0  1.6  982.4  116.2  313.6  1.84  -0.87  -0.52  114.6
70829.0  2.1  982.1  116.3  313.7  1.97  -1.05  -1.15  114.7
70830.0  2.0  981.9  116.4  313.3  1.79  -1.20  -0.65  115.0
70831.0  1.7  981.8  116.5  313.3  1.57  -0.98  -0.34  115.3
70832.0  1.4  982.1  116.5  313.5  1.52  -0.57  -0.56  115.5
70833.0  1.7  981.7  116.6  313.6  1.77  -0.33  -0.38  116.4
70834.0  1.7  982.1  116.6  313.9  1.86  -0.76  -0.18  116.7
70835.0  1.4  982.1  116.6  314.3  1.73  -1.44  -0.95  116.4
70836.0  1.8  981.9  116.7  314.2  1.83  -1.96  -0.87  116.7
70837.0  1.7  981.9  116.7  314.0  1.58  -1.83  -1.42  117.0
70838.0  1.4  982.0  116.8  313.4  1.42  -1.64  -1.04  117.6
70839.0  1.2  982.2  116.8  313.0  1.59  -1.21  -0.85  117.4
70840.0  1.4  982.2  116.8  312.8  1.78  -0.40  -0.96  116.6
70841.0  1.9  981.8  116.9  312.4  1.89  -0.10  -0.32  116.2
70842.0  1.5  981.9  116.9  312.7  1.69  0.52  -0.55  116.4
70843.0  1.4  982.1  116.9  312.8  1.71  0.68  -0.60  116.8
70844.0  1.6  982.0  116.9  313.0  1.88  0.21  -0.81  117.2
70845.0  1.7  982.1  117.0  313.0  1.97  -0.01  -0.87  117.1
70846.0  2.1  981.8  117.0  312.9  1.86  -0.05  -0.71  117.5
70847.0  1.3  981.7  117.0  313.0  1.45  0.10  -0.59  117.5
70848.0  1.3  981.7  117.0  313.1  1.60  -0.29  -0.63  117.0
70849.0  1.8  981.9  117.1  313.1  1.91  -0.52  -0.64  116.8
70850.0  1.6  982.4  117.1  313.2  1.76  -0.43  -0.39  117.3
70851.0  1.4  981.8  117.1  313.4  1.66  -0.68  -0.80  116.9
70852.0  1.7  981.9  117.1  313.4  1.84  -0.73  -0.67  116.8
70853.0  1.5  981.8  117.1  313.3  1.84  -0.76  -0.83  117.1
70854.0  1.6  982.0  117.1  313.3  1.88  -0.69  -0.88  116.6
70855.0  1.5  981.9  117.1  313.1  1.89  -0.54  -0.71  117.0
70856.0  2.0  981.9  117.1  313.1  1.93  -0.47  -0.32  117.0
70857.0  1.5  982.0  117.2  313.4  1.69  -0.45  -0.39  117.3
70858.0  1.5  981.4  117.2  313.5  1.60  -0.63  -0.88  116.5
70859.0  1.5  982.0  117.3  313.4  1.66  -0.71  -0.88  116.1
70860.0  1.6  981.6  117.3  313.3  1.66  -0.83  -0.85  116.8
70861.0  1.5  981.9  117.3  313.1  1.74  -0.90  -0.63  117.0
70862.0  1.6  981.7  117.3  313.2  1.85  -0.34  -0.53  117.0
70863.0  1.5  982.3  117.4  313.3  1.76  0.01  -0.66  117.0
70864.0  1.5  981.7  117.4  313.4  1.82  -0.45  -0.89  117.7
70865.0  1.5  981.9  117.4  313.3  1.96  -0.28  -0.93  117.1
