flight/WP3D/AircraftMis_NP3_20130529_RA.ict
41  1001
Ken Aikin
NOAA ESRL Chemical Sciences Division
various aircraft sensors
SENEX 2013
1  1
2013  05  29  2013  05  29
1
AOCTimewave
8
1  1  1  1  1  1  1  1
-9999  -9999  -9999  -9999  -9999  -9999  -9999  -9999
Attack
CabinPrs
GndSpd
Heading
Pitch
Roll
Slip
TrueAirSpd
1
SPECIAL COMMENTS:Lots of AOC data system problems. Large gaps in data.
18
PI_CONTACT_INFO: Address: NOAA ESRL Chemical Sciences Division  Mail Stop R/CSD7  325 Broadway  Boulder  CO 80305
PLATFORM: NOAA WP-3D
LOCATION: The aircraft was stationed in  Smyrna  Tennessee. Aircraft location information in AircraftPosition file.
ASSOCIATED_DATA: N/A
INSTRUMENT_INFO: N/A
DATA_INFO: Units: Attack degrees; CabinPrs millibar; GndSpd m/s; Heading degrees; Pitch degrees; Roll degrees; Slip degrees; TrueAirSpd m/s
UNCERTAINTY: N/A
ULOD_FLAG: -7777
ULOD_VALUE: N/A
LLOD_FLAG: -8888
LLOD_VALUE: N/A
DM_CONTACT_INFO: Data Manager:Ken Aikin; email:Kenneth.C.Aikin@noaa.gov
PROJECT_INFO: SENEX 2013 Study; June 1 - July 15  2013
STIPULATIONS_ON_USE: Use of these data require prior ok from PI.
OTHER_COMMENTS:       None
REVISION: RA
RA: Preliminary Data.  For in-field use.
AOCTimewave  Attack  CabinPrs  GndSpd  Heading  Pitch  Roll  Slip  TrueAirSpd
[from data line 8751]
84270.0  0.7  915.8  -9999.0  -9999.0  -9999.00  -9999.00  -0.09  123.5
84271.0  0.6  915.5  -9999.0  -9999.0  -9999.00  -9999.00  0.00  123.9
84272.0  0.6  915.5  -9999.0  -9999.0  -9999.00  -9999.00  -0.06  124.2
84273.0  0.6  915.4  -9999.0  -9999.0  -9999.00  -9999.00  -0.05  124.1
84274.0  0.7  915.1  -9999.0  -9999.0  -9999.00  -9999.00  0.00  124.7
84275.0  0.9  915.6  -9999.0  -9999.0  -9999.00  -9999.00  -0.09  124.4
84276.0  0.5  915.4  -9999.0  -9999.0  -9999.00  -9999.00  -0.09  124.7
84277.0  0.6  915.4  -9999.0  -9999.0  -9999.00  -9999.00  0.11  124.6
84278.0  0.6  915.5  -9999.0  -9999.0  -9999.00  -9999.00  -0.06  125.0
84279.0  0.8  915.3  -9999.0  -9999.0  -9999.00  -9999.00  -0.08  124.8
84280.0  0.8  915.3  -9999.0  -9999.0  -9999.00  -9999.00  -0.07  124.5
84281.0  0.9  915.4  -9999.0  -9999.0  -9999.00  -9999.00  0.07  124.6
84282.0  0.9  915.6  -9999.0  -9999.0  -9999.00  -9999.00  -0.11  124.8
84283.0  0.6  915.6  -9999.0  -9999.0  -9999.00  -9999.00  -0.18  125.2
84284.0  0.6  915.6  -9999.0  -9999.0  -9999.00  -9999.00  -0.11  125.4
84285.0  0.6  915.5  -9999.0  -9999.0  -9999.00  -9999.00  -0.01  125.6
84286.0  0.7  915.6  -9999.0  -9999.0  -9999.00  -9999.00  0.03  125.8
84287.0  0.7  915.6  -9999.0  -9999.0  -9999.00  -9999.00  -0.04  125.6
84288.0  0.8  915.8  -9999.0  -9999.0  -9999.00  -9999.00  0.02  125.7
84289.0  0.7  915.9  -9999.0  -9999.0  -9999.00  -9999.00  -0.04  125.6
84290.0  0.6  916.0  -9999.0  -9999.0  -9999.00  -9999.00  0.03  125.7
84291.0  0.7  915.9  -9999.0  -9999.0  -9999.00  -9999.00  -0.06  125.5
84292.0  0.7  915.7  -9999.0  -9999.0  -9999.00  -9999.00  -0.10  125.5
84293.0  0.7  916.2  -9999.0  -9999.0  -9999.00  -9999.00  -0.07  125.4
84294.0  0.7  916.2  -9999.0  -9999.0  -9999.00  -9999.00  -0.02  125.3
84295.0  0.6  916.0  -9999.0  -9999.0  -9999.00  -9999.00  0.01  125.3
84296.0  0.6  915.8  -9999.0  -9999.0  -9999.00  -9999.00  -0.03  125.5
84297.0  0.7  915.8  -9999.0  -9999.0  -9999.00  -9999.00  -0.01  125.5
84298.0  0.7  916.1  -9999.0  -9999.0  -9999.00  -9999.00  0.10  125.4
84299.0  0.6  915.8  -9999.0  -9999.0  -9999.00  -9999.00  0.09  125.5
84300.0  0.8  915.7  -9999.0  -9999.0  -9999.00  -9999.00  0.00  125.6
84301.0  0.7  915.8  -9999.0  -9999.0  -9999.00  -9999.00  -0.03  125.8
84302.0  0.7  916.3  -9999.0  -9999.0  -9999.00  -9999.00  0.04  125.9
84303.0  0.7  916.1  -9999.0  -9999.0  -9999.00  -9999.00  -0.02  125.9
84304.0  0.7  916.0  -9999.0  -9999.0  -9999.00  -9999.00  -0.09  126.0
84305.0  0.7  916.0  -9999.0  -9999.0  -9999.00  -9999.00  -0.10  126.0
84306.0  0.7  916.2  -9999.0  -9999.0  -9999.00  -9999.00  0.00  125.9
84307.0  0.6  916.5  -9999.0  -9999.0  -9999.00  -9999.00  0.04  125.9
84308.0  0.7  916.4  -9999.0  -9999.0  -9999.00  -9999.00  0.08  126.1
84309.0  0.6  916.1  -9999.0  -9999.0  -9999.00  -9999.00  0.03  126.5
84310.0  0.6  916.1  -9999.0  -9999.0  -9999.00  -9999.00  -0.01  126.5
84311.0  0.6  915.9  -9999.0  -9999.0  -9999.00  -9999.00  -0.08  126.5
84312.0  0.6  916.1  -9999.0  -9999.0  -9999.00  -9999.00  -0.08  126.4
84313.0  0.6  916.2  -9999.0  -9999.0  -9999.00  -9999.00  -0.11  126.5
84314.0  0.7  916.5  -9999.0  -9999.0  -9999.00  -9999.00  -0.04  126.7
84315.0  0.6  916.3  -9999.0  -9999.0  -9999.00  -9999.00  0.01  126.8
84316.0  0.6  916.3  -9999.0  -9999.0  -9999.00  -9999.00  0.02  126.9
84317.0  0.6  916.3  -9999.0  -9999.0  -9999.00  -9999.00  0.04  126.9
84318.0  0.6  916.2  -9999.0  -9999.0  -9999.00  -9999.00  0.00  126.9
84319.0  0.6  915.8  -9999.0  -9999.0  -9999.00  -9999.00  -0.04  126.8
84320.0  0.6  916.2  -9999.0  -9999.0  -9999.00  -9999.00  -0.09  126.7
84321.0  0.6  916.3  -9999.0  -9999.0  -9999.00  -9999.00  -0.09  126.9
84322.0  0.6  916.5  -9999.0  -9999.0  -9999.00  -9999.00  -0.12  127.3
84323.0  0.6  916.0  -9999.0  -9999.0  -9999.00  -9999.00  -0.03  127.5
84324.0  0.5  916.2  -9999.0  -9999.0  -9999.00  -9999.00  -0.01  127.6
84325.0  0.6  916.4  -9999.0  -9999.0  -9999.00  -9999.00  -0.03  127.5
84326.0  0.6  916.5  -9999.0  -9999.0  -9999.00  -9999.00  0.02  127.3
84327.0  0.6  916.5  -9999.0  -9999.0  -9999.00  -9999.00  -0.03  127.3
84328.0  0.6  916.9  -9999.0  -9999.0  -9999.00  -9999.00  -0.05  127.3
84329.0  0.6  916.6  -9999.0  -9999.0  -9999.00  -9999.00  -0.04  127.3
84330.0  0.5  916.7  -9999.0  -9999.0  -9999.00  -9999.00  -0.04  127.4
84331.0  0.6  916.5  -9999.0  -9999.0  -9999.00  -9999.00  -0.03  127.3
84332.0  0.6  916.4  -9999.0  -9999.0  -9999.00  -9999.00  0.00  127.3
84333.0  0.6  916.3  -9999.0  -9999.0  -9999.00  -9999.00  -0.02  127.2
84334.0  0.6  916.5  -9999.0  -9999.0  -9999.00  -9999.00  -0.01  127.3
84335.0  0.6  916.6  -9999.0  -9999.0  -9999.00  -9999.00  0.02  127.3
84336.0  0.6  916.6  -9999.0  -9999.0  -9999.00  -9999.00  -0.03  127.2
84337.0  0.6  916.6  -9999.0  -9999.0  -9999.00  -9999.00  -0.04  127.2
84338.0  0.6  916.5  -9999.0  -9999.0  -9999.00  -9999.00  -0.06  127.2
84339.0  0.6  916.6  -9999.0  -9999.0  -9999.00  -9999.00  -0.04  127.3
84340.0  0.6  916.8  -9999.0  -9999.0  -9999.00  -9999.00  0.00  127.2
84341.0  0.6  916.6  -9999.0  -9999.0  -9999.00  -9999.00  -0.02  127.0
84342.0  0.6  916.4  -9999.0  -9999.0  -9999.00  -9999.00  -0.03  127.0
84343.0  0.6  916.5  -9999.0  -9999.0  -9999.00  -9999.00  0.00  126.9
84344.0  0.6  916.6  -9999.0  -9999.0  -9999.00  -9999.00  0.01  126.9
84345.0  0.6  916.7  -9999.0  -9999.0  -9999.00  -9999.00  0.00  127.0
84346.0  0.6  916.5  -9999.0  -9999.0  -9999.00  -9999.00  0.05  127.0
84347.0  0.6  916.2  -9999.0  -9999.0  -9999.00  -9999.00  0.04  127.2
84348.0  0.6  916.6  -9999.0  -9999.0  -9999.00  -9999.00  0.00  127.1
84349.0  0.6  917.0  -9999.0  -9999.0  -9999.00  -9999.00  -0.05  127.0
84350.0  0.6  916.7  -9999.0  -9999.0  -9999.00  -9999.00  0.00  127.0
84351.0  0.6  916.6  -9999.0  -9999.0  -9999.00  -9999.00  0.07  127.1
84352.0  0.7  916.8  -9999.0  -9999.0  -9999.00  -9999.00  0.14  127.0
84353.0  0.6  916.9  -9999.0  -9999.0  -9999.00  -9999.00  -0.08  126.9
84354.0  0.7  916.7  -9999.0  -9999.0  -9999.00  -9999.00  -0.02  126.8
84355.0  0.6  916.7  -9999.0  -9999.0  -9999.00  -9999.00  -0.15  126.7
84356.0  0.6  916.7  -9999.0  -9999.0  -9999.00  -9999.00  -0.17  126.9
84357.0  0.6  916.8  -9999.0  -9999.0  -9999.00  -9999.00  -0.12  126.9
84358.0  0.6  916.7  -9999.0  -9999.0  -9999.00  -9999.00  0.06  126.9
84359.0  0.6  916.6  -9999.0  -9999.0  -9999.00  -9999.00  0.00  126.9
84360.0  0.6  916.3  -9999.0  -9999.0  -9999.00  -9999.00  -0.04  126.8
84361.0  0.7  916.4  -9999.0  -9999.0  -9999.00  -9999.00  -0.02  126.7
84362.0  0.6  916.5  -9999.0  -9999.0  -9999.00  -9999.00  -0.11  126.6
84363.0  0.6  916.2  -9999.0  -9999.0  -9999.00  -9999.00  -0.09  126.4
84364.0  0.6  916.2  -9999.0  -9999.0  -9999.00  -9999.00  -0.06  126.5
84365.0  0.7  916.4  -9999.0  -9999.0  -9999.00  -9999.00  0.13  126.5
84366.0  0.6  916.5  -9999.0  -9999.0  -9999.00  -9999.00  -0.04  126.4
84367.0  0.6  916.6  -9999.0  -9999.0  -9999.00  -9999.00  -0.02  126.5
84368.0  0.6  916.2  -9999.0  -9999.0  -9999.00  -9999.00  -0.10  126.6
84369.0  0.6  916.4  -9999.0  -9999.0  -9999.00  -9999.00  -0.14  126.9
84370.0  0.6  916.3  -9999.0  -9999.0  -9999.00  -9999.00  -0.11  126.9
84371.0  0.6  916.0  -9999.0  -9999.0  -9999.00  -9999.00  0.13  126.5
84372.0  0.6  916.1  -9999.0  -9999.0  -9999.00  -9999.00  0.00  126.6
84373.0  0.6  916.9  -9999.0  -9999.0  -9999.00  -9999.00  0.06  126.8
84374.0  0.6  916.7  -9999.0  -9999.0  -9999.00  -9999.00  0.01  126.8
84375.0  0.6  916.6  -9999.0  -9999.0  -9999.00  -9999.00  -0.11  126.8
84376.0  0.7  916.7  -9999.0  -9999.0  -9999.00  -9999.00  -0.22  126.9
84377.0  0.6  916.3  -9999.0  -9999.0  -9999.00  -9999.00  -0.20  126.7
84378.0  0.6  916.4  -9999.0  -9999.0  -9999.00  -9999.00  -0.17  126.8
84379.0  0.6  916.4  -9999.0  -9999.0  -9999.00  -9999.00  -0.11  126.8
84380.0  0.6  916.5  -9999.0  -9999.0  -9999.00  -9999.00  0.21  126.7
84381.0  0.6  916.4  -9999.0  -9999.0  -9999.00  -9999.00  -0.01  126.6
84382.0  0.6  916.6  -9999.0  -9999.0  -9999.00  -9999.00  -0.21  126.3
84383.0  0.6  916.0  -9999.0  -9999.0  -9999.00  -9999.00  0.01  126.4
84384.0  0.6  916.4  -9999.0  -9999.0  -9999.00  -9999.00  -0.04  126.9
84385.0  0.7  916.0  -9999.0  -9999.0  -9999.00  -9999.00  0.05  126.7
84386.0  0.6  916.3  -9999.0  -9999.0  -9999.00  -9999.00  -0.04  126.6
84387.0  0.6  916.6  -9999.0  -9999.0  -9999.00  -9999.00  -0.02  126.7
84388.0  0.6  916.1  -9999.0  -9999.0  -9999.00  -9999.00  0.38  126.8
84389.0  0.7  916.4  -9999.0  -9999.0  -9999.00  -9999.00  0.10  126.7
84390.0  0.9  915.9  -9999.0  -9999.0  -9999.00  -9999.00  0.15  126.7
84391.0  0.9  916.1  -9999.0  -9999.0  -9999.00  -9999.00  0.06  126.7
84392.0  0.9  916.1  -9999.0  -9999.0  -9999.00  -9999.00  -0.18  126.6
84393.0  0.8  916.1  -9999.0  -9999.0  -9999.00  -9999.00  -0.35  126.3
84394.0  0.6  916.0  -9999.0  -9999.0  -9999.00  -9999.00  -0.47  126.3
84395.0  0.6  916.2  -9999.0  -9999.0  -9999.00  -9999.00  -0.43  126.2
84396.0  0.5  915.9  -9999.0  -9999.0  -9999.00  -9999.00  -0.52  126.0
84397.0  0.6  915.7  -9999.0  -9999.0  -9999.00  -9999.00  -0.08  126.0
84398.0  0.7  916.2  -9999.0  -9999.0  -9999.00  -9999.00  0.03  126.2
84399.0  0.7  916.2  -9999.0  -9999.0  -9999.00  -9999.00  0.28  125.9
84400.0  0.6  916.0  -9999.0  -9999.0  -9999.00  -9999.00  0.17  126.0
84401.0  0.7  916.2  -9999.0  -9999.0  -9999.00  -9999.00  0.13  126.1
84402.0  0.7  916.4  -9999.0  -9999.0  -9999.00  -9999.00  0.03  126.0
84403.0  0.7  916.3  -9999.0  -9999.0  -9999.00  -9999.00  -0.03  125.9
84404.0  0.6  916.3  -9999.0  -9999.0  -9999.00  -9999.00  -0.02  125.9
84405.0  0.7  916.3  -9999.0  -9999.0  -9999.00  -9999.00  0.11  126.0
84406.0  0.6  916.1  -9999.0  -9999.0  -9999.00  -9999.00  -0.12  126.0
84407.0  0.7  916.2  -9999.0  -9999.0  -9999.00  -9999.00  -0.01  126.0
84408.0  0.6  916.3  -9999.0  -9999.0  -9999.00  -9999.00  0.16  126.1
84409.0  0.7  916.2  -9999.0  -9999.0  -9999.00  -9999.00  -0.03  125.9
84410.0  0.6  916.0  -9999.0  -9999.0  -9999.00  -9999.00  -0.07  125.9
84411.0  0.7  916.3  -9999.0  -9999.0  -9999.00  -9999.00  -0.11  126.0
84412.0  0.7  916.4  -9999.0  -9999.0  -9999.00  -9999.00  0.08  125.9
84413.0  0.6  916.4  -9999.0  -9999.0  -9999.00  -9999.00  -0.01  125.8
84414.0  0.7  916.0  -9999.0  -9999.0  -9999.00  -9999.00  0.33  125.8
84415.0  0.7  916.1  -9999.0  -9999.0  -9999.00  -9999.00  0.34  125.8
84416.0  0.9  916.1  -9999.0  -9999.0  -9999.00  -9999.00  0.14  125.5
84417.0  1.0  916.4  -9999.0  -9999.0  -9999.00  -9999.00  0.13  125.6
84418.0  1.2  916.1  -9999.0  -9999.0  -9999.00  -9999.00  -0.15  125.3
84419.0  1.0  916.1  -9999.0  -9999.0  -9999.00  -9999.00  -0.42  125.1
84420.0  0.9  916.5  -9999.0  -9999.0  -9999.00  -9999.00  -0.24  124.9
84421.0  1.0  915.9  -9999.0  -9999.0  -9999.00  -9999.00  -0.13  124.7
84422.0  0.9  916.1  -9999.0  -9999.0  -9999.00  -9999.00  -0.13  124.8
84423.0  0.9  915.9  -9999.0  -9999.0  -9999.00  -9999.00  -0.11  124.7
84424.0  0.9  915.9  -9999.0  -9999.0  -9999.00  -9999.00  -0.07  124.6
84425.0  1.0  916.0  -9999.0  -9999.0  -9999.00  -9999.00  -0.03  124.5
84426.0  1.0  915.5  -9999.0  -9999.0  -9999.00  -9999.00  -0.05  124.5
84427.0  0.9  915.8  -9999.0  -9999.0  -9999.00  -9999.00  0.09  124.8
84428.0  1.1  915.7  -9999.0  -9999.0  -9999.00  -9999.00  -0.14  124.2
84429.0  0.6  915.7  -9999.0  -9999.0  -9999.00  -9999.00  -0.21  123.7
84430.0  0.6  915.9  -9999.0  -9999.0  -9999.00  -9999.00  0.03  123.5
84431.0  0.7  915.6  -9999.0  -9999.0  -9999.00  -9999.00  -0.16  123.5
84432.0  0.5  915.7  -9999.0  -9999.0  -9999.00  -9999.00  -0.06  123.3
84433.0  0.6  915.6  -9999.0  -9999.0  -9999.00  -9999.00  -0.21  123.4
84434.0  0.8  915.8  -9999.0  -9999.0  -9999.00  -9999.00  -0.55  123.3
84435.0  0.9  916.4  -9999.0  -9999.0  -9999.00  -9999.00  -0.42  123.2
84436.0  0.9  916.6  -9999.0  -9999.0  -9999.00  -9999.00  -0.03  122.9
84437.0  0.9  917.6  -9999.0  -9999.0  -9999.00  -9999.00  -0.06  122.5
84438.0  0.8  917.8  -9999.0  -9999.0  -9999.00  -9999.00  -0.23  122.2
84439.0  1.0  918.4  -9999.0  -9999.0  -9999.00  -9999.00  -0.24  121.8
84440.0  1.1  919.2  -9999.0  -9999.0  -9999.00  -9999.00  -0.20  121.6
84441.0  1.0  919.9  -9999.0  -9999.0  -9999.00  -9999.00  -0.22  121.3
84442.0  0.9  920.1  -9999.0  -9999.0  -9999.00  -9999.00  -0.26  121.2
84443.0  1.3  921.2  -9999.0  -9999.0  -9999.00  -9999.00  -0.27  120.9
84444.0  1.2  921.9  -9999.0  -9999.0  -9999.00  -9999.00  -0.27  120.6
84445.0  1.1  923.3  -9999.0  -9999.0  -9999.00  -9999.00  -0.21  120.5
84446.0  0.9  923.7  -9999.0  -9999.0  -9999.00  -9999.00  -0.18  120.4
84447.0  0.9  924.1  -9999.0  -9999.0  -9999.00  -9999.00  -0.17  120.4
84448.0  1.1  925.5  -9999.0  -9999.0  -9999.00  -9999.00  -0.20  120.4
84449.0  1.4  925.9  -9999.0  -9999.0  -9999.00  -9999.00  -0.14  120.3
84450.0  1.5  927.2  -9999.0  -9999.0  -9999.00  -9999.00  -0.17  120.0
84451.0  1.1  927.8  -9999.0  -9999.0  -9999.00  -9999.00  -0.19  119.9
84452.0  0.9  929.3  -9999.0  -9999.0  -9999.00  -9999.00  -0.13  119.9
84453.0  0.9  930.0  -9999.0  -9999.0  -9999.00  -9999.00  0.08  119.8
84454.0  1.5  930.7  -9999.0  -9999.0  -9999.00  -9999.00  -0.14  119.6
84455.0  1.3  931.1  -9999.0  -9999.0  -9999.00  -9999.00  -0.38  119.6
84456.0  1.2  932.9  -9999.0  -9999.0  -9999.00  -9999.00  -0.35  119.7
84457.0  1.1  932.6  -9999.0  -9999.0  -9999.00  -9999.00  -0.19  119.6
84458.0  1.3  934.2  -9999.0  -9999.0  -9999.00  -9999.00  -0.29  119.6
84459.0  1.4  935.4  -9999.0  -9999.0  -9999.00  -9999.00  -0.46  119.4
84460.0  1.2  935.8  -9999.0  -9999.0  -9999.00  -9999.00  -0.40  119.3
84461.0  1.4  937.2  -9999.0  -9999.0  -9999.00  -9999.00  -0.25  119.1
84462.0  1.3  937.9  -9999.0  -9999.0  -9999.00  -9999.00  -0.24  118.9
84463.0  0.8  938.9  -9999.0  -9999.0  -9999.00  -9999.00  -0.28  118.8
84464.0  1.4  939.8  -9999.0  -9999.0  -9999.00  -9999.00  -0.31  118.6
84465.0  1.5  940.6  -9999.0  -9999.0  -9999.00  -9999.00  -0.26  118.3
84466.0  1.2  940.4  -9999.0  -9999.0  -9999.00  -9999.00  -0.20  118.1
84467.0  1.0  942.1  -9999.0  -9999.0  -9999.00  -9999.00  -0.16  118.1
84468.0  1.1  942.5  -9999.0  -9999.0  -9999.00  -9999.00  -0.02  118.1
84469.0  1.2  943.0  -9999.0  -9999.0  -9999.00  -9999.00  -0.04  118.1
84470.0  1.2  943.8  -9999.0  -9999.0  -9999.00  -9999.00  -0.16  118.0
84471.0  1.2  944.5  -9999.0  -9999.0  -9999.00  -9999.00  -0.18  118.1
84472.0  1.5  946.0  -9999.0  -9999.0  -9999.00  -9999.00  -0.02  118.4
84473.0  1.3  946.5  -9999.0  -9999.0  -9999.00  -9999.00  0.12  118.5
84474.0  1.2  947.3  -9999.0  -9999.0  -9999.00  -9999.00  0.06  118.5
84475.0  1.1  947.6  -9999.0  -9999.0  -9999.00  -9999.00  -0.06  118.7
84476.0  1.3  949.1  -9999.0  -9999.0  -9999.00  -9999.00  -0.09  118.7
84477.0  1.3  949.1  -9999.0  -9999.0  -9999.00  -9999.00  -0.13  118.6
84478.0  1.0  950.4  -9999.0  -9999.0  -9999.00  -9999.00  -0.11  118.4
84479.0  1.0  950.8  -9999.0  -9999.0  -9999.00  -9999.00  -0.11  118.3
84480.0  1.0  951.3  -9999.0  -9999.0  -9999.00  -9999.00  -0.12  118.2
84481.0  1.7  952.6  -9999.0  -9999.0  -9999.00  -9999.00  -0.03  117.9
84482.0  1.8  952.8  -9999.0  -9999.0  -9999.00  -9999.00  -0.15  117.7
84483.0  1.2  953.4  -9999.0  -9999.0  -9999.00  -9999.00  -0.25  117.5
84484.0  1.0  954.6  -9999.0  -9999.0  -9999.00  -9999.00  0.00  117.4
84485.0  0.9  955.0  -9999.0  -9999.0  -9999.00  -9999.00  0.12  117.3
84486.0  1.3  955.5  -9999.0  -9999.0  -9999.00  -9999.00  0.11  117.0
84487.0  1.6  955.5  -9999.0  -9999.0  -9999.00  -9999.00  0.05  116.9
84488.0  1.8  956.8  -9999.0  -9999.0  -9999.00  -9999.00  0.10  116.7
84489.0  1.4  957.1  -9999.0  -9999.0  -9999.00  -9999.00  0.20  116.5
84490.0  1.1  957.3  -9999.0  -9999.0  -9999.00  -9999.00  0.17  116.4
84491.0  1.2  958.2  -9999.0  -9999.0  -9999.00  -9999.00  0.03  116.4
