flight/WP3D/AircraftMis_NP3_20130618_RA.ict
41  1001
Ken Aikin
NOAA ESRL Chemical Sciences Division
various aircraft sensors
SENEX 2013
1  1
2013  06  18  2013  06  18
1
AOCTimewave
8
1  1  1  1  1  1  1  1
-9999  -9999  -9999  -9999  -9999  -9999  -9999  -9999
Attack  deg
CabinPrs  mbar
GndSpd  m/s
Heading  deg
Pitch  deg
Roll  deg
Slip  deg
TrueAirSpd  m/s
1
SPECIAL COMMENTS:Aborted St. Louis flight. Flaps light came on.
18
PI_CONTACT_INFO: Address: NOAA ESRL Chemical Sciences Division  Mail Stop R/CSD7  325 Broadway  Boulder  CO 80305
PLATFORM: NOAA WP-3D
LOCATION: The aircraft was stationed in  Smyrna  Tennessee. Aircraft location information in AircraftPosition file.
ASSOCIATED_DATA: N/A
INSTRUMENT_INFO: N/A
DATA_INFO: Units: Attack degrees; CabinPrs millibar; GndSpd m/s; Heading degrees; Pitch degrees; Roll degrees; Slip degrees; TrueAirSpd m/s
UNCERTAINTY: N/A
ULOD_FLAG: -7777
ULOD_VALUE: N/A
LLOD_FLAG: -8888
LLOD_VALUE: N/A
DM_CONTACT_INFO: Data Manager:Ken Aikin; email:Kenneth.C.Aikin@noaa.gov
PROJECT_INFO: SENEX 2013 Study; June 1 - July 15  2013
STIPULATIONS_ON_USE: Use of these data require prior ok from PI.
OTHER_COMMENTS:       None
REVISION: RA
RA: Preliminary Data.  For in-field use.
AOCTimewave  Attack  CabinPrs  GndSpd  Heading  Pitch  Roll  Slip  TrueAirSpd
[from data line 6228]
85024.0  1.4  943.7  97.4  93.7  0.79  -0.68  -1.27  99.1
85025.0  1.5  943.8  97.4  93.7  0.81  -0.70  -1.29  99.1
85026.0  1.4  943.8  97.4  93.5  0.78  -0.68  -1.44  99.2
85027.0  1.3  943.7  97.4  93.3  0.74  -0.60  -1.27  99.2
85028.0  1.4  943.7  97.4  93.2  0.71  -0.32  -1.11  99.4
85029.0  1.2  943.7  97.4  93.2  0.76  0.76  -1.20  99.8
85030.0  1.3  943.9  97.4  93.2  0.71  2.76  -0.98  99.3
85031.0  1.4  943.9  97.4  93.5  0.84  4.05  -1.07  99.3
85032.0  1.3  943.6  97.4  93.9  0.79  4.89  -0.89  99.3
85033.0  1.5  943.9  97.5  94.4  0.78  5.69  -0.69  98.9
85034.0  1.4  943.8  97.5  95.2  0.82  6.17  -1.06  98.8
85035.0  1.4  943.7  97.5  95.9  0.75  5.82  -1.26  99.0
85036.0  1.5  943.8  97.5  96.4  0.76  3.57  -1.30  99.2
85037.0  1.4  943.7  97.6  96.8  0.76  2.08  -1.45  99.3
85038.0  1.2  943.5  97.6  96.9  0.57  1.50  -1.34  99.4
85039.0  1.3  943.3  97.6  96.9  0.62  0.08  -1.19  99.5
85040.0  1.5  943.8  97.6  97.0  0.84  -1.04  -1.32  99.4
85041.0  1.3  943.4  97.6  96.9  0.81  -1.21  -1.36  99.3
85042.0  1.3  943.9  97.6  96.7  0.71  -0.96  -1.28  99.2
85043.0  1.4  943.8  97.5  96.6  0.75  -0.84  -1.07  99.0
85044.0  1.5  943.7  97.5  96.6  0.89  -0.68  -1.20  98.9
85045.0  1.4  943.6  97.5  96.6  0.81  -0.33  -1.21  99.2
85046.0  1.4  943.7  97.5  96.6  0.79  -0.37  -1.29  99.0
85047.0  1.2  943.7  97.5  96.5  0.76  -0.49  -1.37  99.4
85048.0  1.4  943.6  97.5  96.4  0.70  -0.39  -1.24  99.2
85049.0  1.5  943.4  97.5  96.3  0.80  -0.27  -1.18  99.1
85050.0  1.4  943.5  97.5  96.3  0.81  -0.12  -1.28  99.1
85051.0  1.3  943.9  97.5  96.3  0.72  -0.06  -1.24  99.5
85052.0  1.3  943.7  97.5  96.2  0.72  -0.15  -1.27  99.6
85053.0  1.3  943.6  97.5  96.1  0.70  -0.06  -1.15  99.4
85054.0  1.3  943.8  97.5  96.1  0.70  0.03  -1.23  99.4
85055.0  1.4  943.6  97.5  96.1  0.75  0.09  -1.28  99.5
85056.0  1.4  943.6  97.5  96.0  0.80  0.16  -1.34  99.6
85057.0  1.2  943.8  97.4  95.9  0.72  0.13  -1.11  99.6
85058.0  1.2  943.9  97.4  95.9  0.66  0.13  -1.01  99.7
85059.0  1.3  943.8  97.4  96.0  0.77  0.22  -1.15  100.0
85060.0  1.3  944.0  97.4  96.1  0.75  0.32  -1.27  100.2
85061.0  1.2  943.5  97.3  96.1  0.69  0.23  -1.26  100.2
85062.0  1.3  943.5  97.3  96.1  0.67  -0.05  -1.16  100.0
85063.0  1.3  943.7  97.3  96.1  0.75  -0.23  -1.22  100.3
85064.0  1.2  943.8  97.3  96.1  0.71  -0.15  -1.17  100.0
85065.0  1.2  943.8  97.3  96.1  0.70  -0.03  -1.13  100.0
85066.0  1.4  943.8  97.2  96.2  0.79  0.04  -1.22  99.9
85067.0  1.4  943.7  97.2  96.2  0.81  -0.05  -1.29  99.8
85068.0  1.2  944.0  97.2  96.2  0.67  -0.30  -1.16  99.7
85069.0  1.2  943.9  97.2  96.2  0.59  -0.84  -1.15  99.5
85070.0  1.4  943.7  97.2  96.2  0.69  -2.29  -1.09  99.3
85071.0  1.5  944.0  97.2  96.2  0.82  -3.81  -1.35  99.3
85072.0  1.3  944.0  97.1  95.9  0.80  -4.86  -1.46  99.4
85073.0  1.3  943.7  97.1  95.4  0.69  -5.86  -1.55  99.4
85074.0  1.4  943.9  97.0  94.8  0.71  -6.96  -1.42  99.7
85075.0  1.3  943.7  97.0  94.0  0.81  -7.16  -1.47  99.6
85076.0  1.4  943.3  96.9  93.3  0.82  -5.35  -1.43  99.9
85077.0  1.3  943.4  96.9  92.6  0.78  -2.35  -1.03  99.6
85078.0  1.4  944.0  96.8  92.3  0.83  -0.35  -0.97  99.4
85079.0  1.4  943.6  96.8  92.3  0.85  0.47  -0.98  99.5
85080.0  1.4  943.3  96.7  92.5  0.80  0.43  -0.98  99.4
85081.0  1.3  943.1  96.7  92.7  0.71  -0.13  -1.14  99.2
85082.0  1.3  944.0  96.7  92.8  0.67  -0.82  -1.28  99.3
85083.0  1.4  943.5  96.8  92.8  0.70  -1.18  -1.27  99.2
85084.0  1.4  943.6  96.7  92.7  0.77  -1.13  -1.11  99.3
85085.0  1.5  943.8  96.7  92.7  0.79  -0.78  -1.21  99.4
85086.0  1.4  943.9  96.7  92.6  0.72  -0.61  -1.28  98.9
85087.0  1.3  943.7  96.7  92.5  0.60  -0.84  -1.34  98.8
85088.0  1.2  943.7  96.8  92.3  0.59  -0.86  -1.09  99.0
85089.0  1.5  943.8  96.7  92.3  0.70  -0.56  -1.10  99.3
85090.0  1.4  943.8  96.7  92.3  0.75  -0.33  -1.36  99.2
85091.0  1.3  943.6  96.8  92.2  0.63  0.66  -1.20  99.4
85092.0  1.4  943.5  96.8  92.2  0.65  1.10  -1.03  99.6
85093.0  1.3  943.8  96.8  92.4  0.67  0.63  -1.08  99.4
85094.0  1.2  943.7  96.8  92.5  0.61  -0.16  -1.15  99.3
85095.0  1.3  943.7  96.8  92.6  0.62  -0.65  -1.23  99.3
85096.0  1.4  943.7  96.8  92.5  0.73  -0.74  -1.22  99.2
85097.0  1.3  943.8  96.8  92.5  0.64  -0.72  -1.21  99.3
85098.0  1.3  943.7  96.8  92.4  0.62  -0.70  -1.24  99.3
85099.0  1.4  943.8  96.8  92.3  0.67  -0.60  -1.12  99.3
85100.0  1.5  943.4  96.8  92.3  0.76  -0.43  -1.23  99.4
85101.0  1.3  943.6  96.8  92.3  0.67  -0.27  -1.18  99.4
85102.0  1.4  944.0  96.8  92.2  0.70  -0.38  -1.03  99.3
85103.0  1.4  943.6  96.8  92.3  0.76  -0.52  -1.23  99.5
85104.0  1.3  943.7  96.8  92.3  0.65  -0.49  -1.23  99.8
85105.0  1.2  943.7  96.8  92.3  0.60  -0.35  -1.06  100.1
85106.0  1.3  943.5  96.8  92.3  0.61  -0.39  -1.11  100.0
85107.0  1.2  943.5  96.8  92.4  0.57  -0.44  -1.19  99.8
85108.0  1.2  944.1  96.8  92.4  0.58  -0.67  -1.15  99.8
85109.0  1.3  943.7  96.8  92.4  0.69  -0.80  -1.20  99.9
85110.0  1.2  943.6  96.8  92.4  0.63  -0.67  -1.25  99.9
85111.0  1.2  943.7  96.8  92.3  0.61  -0.66  -1.12  100.1
85112.0  1.3  943.9  96.7  92.3  0.78  -0.78  -1.14  100.5
85113.0  1.2  943.6  96.7  92.3  0.80  -0.63  -1.34  100.7
85114.0  1.2  943.8  96.6  92.1  0.69  -0.45  -1.25  100.6
85115.0  1.2  943.9  96.6  92.0  0.71  -0.40  -1.16  100.5
85116.0  1.2  943.7  96.5  92.0  0.76  -0.36  -1.16  100.5
85117.0  1.3  943.6  96.5  92.0  0.81  -0.27  -1.13  100.3
85118.0  1.3  943.8  96.4  92.0  0.83  -0.19  -1.09  100.2
85119.0  1.3  943.9  96.4  92.1  0.80  -0.26  -0.98  99.9
85120.0  1.3  943.8  96.3  92.2  0.79  -0.54  -1.04  99.8
85121.0  1.3  943.6  96.3  92.3  0.83  -0.96  -1.28  99.9
85122.0  1.2  944.1  96.2  92.3  0.75  -0.96  -1.26  99.8
85123.0  1.3  943.7  96.2  92.2  0.78  -1.48  -1.29  99.9
85124.0  1.3  943.5  96.2  92.0  0.79  -1.59  -1.26  99.9
85125.0  1.4  944.1  96.1  91.8  0.84  -1.36  -1.15  99.7
85126.0  1.4  943.8  96.1  91.7  0.91  -1.19  -1.15  99.7
85127.0  1.3  943.7  96.0  91.6  0.81  -0.31  -1.14  99.9
85128.0  1.3  943.9  96.0  91.5  0.75  0.39  -0.98  99.7
85129.0  1.3  944.0  96.0  91.7  0.74  0.66  -1.04  99.9
85130.0  1.3  943.8  96.0  91.9  0.73  0.86  -1.25  99.8
85131.0  1.2  943.7  96.0  92.0  0.61  1.91  -1.04  99.8
85132.0  1.2  943.6  96.0  92.2  0.62  2.78  -0.96  99.5
85133.0  1.4  943.8  96.0  92.5  0.74  4.30  -0.87  99.4
85134.0  1.4  943.8  96.0  93.1  0.73  7.74  -0.75  98.9
85135.0  1.5  943.5  96.1  93.9  0.79  12.84  -0.52  98.8
85136.0  1.6  943.9  96.2  95.3  0.89  18.54  -0.22  98.6
85137.0  1.8  943.6  96.4  97.4  1.06  22.59  -0.17  98.6
85138.0  2.0  944.0  96.6  100.1  1.21  24.16  -0.44  98.6
85139.0  2.0  943.5  96.8  102.9  1.14  24.96  -0.65  98.4
85140.0  2.0  943.7  97.0  105.6  1.14  25.52  -0.82  98.8
85141.0  2.0  943.7  97.1  108.3  1.16  25.19  -0.83  98.5
85142.0  2.0  943.8  97.3  110.8  1.09  24.80  -0.87  98.9
85143.0  2.0  943.6  97.5  113.4  1.09  24.69  -0.90  98.8
85144.0  1.9  943.7  97.8  115.8  1.04  24.81  -0.68  98.5
85145.0  2.1  943.6  98.0  118.4  1.00  24.86  -0.79  99.0
85146.0  1.9  943.7  98.2  120.9  0.90  24.72  -0.96  98.9
85147.0  1.9  943.9  98.5  123.4  0.95  24.44  -0.73  98.9
85148.0  2.0  943.7  98.7  125.9  0.91  24.20  -0.66  98.9
85149.0  1.9  944.0  99.0  128.4  0.78  24.40  -0.69  98.9
85150.0  2.0  943.8  99.2  131.0  0.82  24.54  -0.76  98.9
85151.0  2.0  943.8  99.5  133.6  0.82  24.38  -0.79  98.7
85152.0  2.0  944.2  99.8  136.1  0.84  24.26  -0.78  98.7
85153.0  2.0  943.8  100.0  138.6  0.80  24.32  -0.74  98.7
85154.0  2.0  943.7  100.3  141.2  0.85  24.32  -0.76  98.7
85155.0  2.0  943.8  100.5  143.7  0.82  24.29  -0.70  98.8
85156.0  2.0  943.6  100.8  146.3  0.78  24.20  -0.74  98.4
85157.0  2.1  943.8  101.1  148.9  0.79  24.19  -0.80  98.3
85158.0  2.0  943.4  101.3  151.4  0.77  24.31  -0.81  98.2
85159.0  2.0  943.6  101.6  153.9  0.79  24.35  -0.76  98.2
85160.0  2.0  943.5  101.8  156.5  0.85  24.16  -0.80  98.1
85161.0  2.1  943.7  102.1  159.1  0.91  24.04  -0.89  97.9
85162.0  2.0  943.5  102.3  161.6  0.95  24.15  -0.85  97.9
85163.0  2.1  944.0  102.5  164.1  0.97  24.29  -0.77  98.0
85164.0  2.2  943.7  102.7  166.6  0.92  24.44  -0.90  98.1
85165.0  2.1  944.0  102.9  169.1  0.96  24.32  -0.80  98.0
85166.0  2.0  943.6  103.1  171.6  0.96  24.02  -0.77  97.7
85167.0  2.1  944.1  103.3  174.2  1.05  23.99  -0.73  97.7
85168.0  2.1  943.7  103.4  176.8  1.01  24.14  -0.76  97.5
85169.0  2.2  943.9  103.6  179.4  1.05  24.22  -0.74  97.5
85170.0  2.2  943.7  103.7  182.0  1.05  24.09  -0.75  97.4
85171.0  2.1  943.7  103.8  184.6  1.02  23.95  -0.69  97.8
85172.0  2.1  943.6  103.9  187.2  1.01  23.95  -0.80  97.7
85173.0  2.1  943.4  104.0  189.8  1.08  24.08  -0.80  98.0
85174.0  2.1  943.4  104.0  192.4  1.10  24.18  -0.90  98.0
85175.0  2.2  943.9  104.0  194.9  1.14  24.18  -0.86  97.8
85176.0  2.0  943.3  104.1  197.4  1.05  24.06  -0.88  97.8
85177.0  2.1  943.3  104.1  199.9  1.08  24.08  -0.93  97.9
85178.0  2.0  943.4  104.1  202.4  1.09  24.18  -0.88  98.0
85179.0  2.1  943.5  104.1  204.9  1.14  24.11  -0.85  97.8
85180.0  2.1  943.5  104.0  207.5  1.18  24.02  -0.88  97.8
85181.0  2.1  943.5  104.0  210.0  1.14  24.10  -0.83  97.8
85182.0  2.1  943.4  104.0  212.5  1.20  24.12  -0.82  97.7
85183.0  2.1  944.0  103.9  215.1  1.15  24.06  -0.88  97.6
85184.0  2.1  943.4  103.8  217.6  1.13  24.05  -0.85  97.5
85185.0  2.1  944.0  103.8  220.1  1.16  24.06  -0.79  97.5
85186.0  2.1  943.6  103.7  222.7  1.17  24.07  -0.83  97.5
85187.0  2.2  943.9  103.6  225.3  1.16  24.09  -0.92  97.3
85188.0  2.1  943.6  103.5  227.8  1.15  24.19  -0.89  97.3
85189.0  2.2  944.0  103.4  230.3  1.17  24.16  -0.83  97.2
85190.0  2.2  943.5  103.3  232.8  1.20  24.07  -0.82  97.2
85191.0  2.2  943.7  103.1  235.4  1.17  24.03  -0.82  97.1
85192.0  2.2  943.7  103.0  238.0  1.24  24.04  -0.89  97.2
85193.0  2.2  943.8  102.8  240.5  1.27  24.11  -0.89  97.1
85194.0  2.2  943.3  102.7  243.0  1.26  24.21  -0.86  96.9
85195.0  2.3  943.7  102.5  245.6  1.28  24.13  -0.86  96.8
85196.0  2.2  943.3  102.3  248.2  1.26  24.04  -0.91  96.7
85197.0  2.3  943.9  102.1  250.7  1.35  24.03  -0.84  96.7
85198.0  2.2  943.3  101.9  253.3  1.33  23.99  -0.86  96.6
85199.0  2.3  943.7  101.7  255.8  1.39  24.04  -0.87  96.4
85200.0  2.3  943.4  101.5  258.4  1.40  24.18  -0.88  96.4
85201.0  2.3  943.8  101.2  261.0  1.39  24.29  -0.87  96.3
85202.0  2.3  943.3  101.0  263.6  1.44  24.31  -0.90  96.3
85203.0  2.3  943.6  100.7  266.2  1.49  23.97  -0.87  96.3
85204.0  2.4  943.1  100.4  268.8  1.57  22.68  -0.96  96.4
85205.0  2.3  943.6  100.1  271.2  1.47  22.59  -1.01  96.2
85206.0  2.3  943.4  99.9  273.6  1.51  23.28  -0.88  96.1
85207.0  2.4  943.3  99.6  276.1  1.61  23.00  -0.92  96.0
85208.0  2.3  943.7  99.3  278.5  1.48  19.12  -1.28  96.0
85209.0  2.0  943.4  99.1  280.4  1.27  12.15  -1.83  95.8
85210.0  1.8  943.2  99.0  281.6  1.16  4.39  -2.24  95.8
85211.0  1.6  943.5  99.0  281.9  1.10  -0.69  -2.22  95.8
85212.0  1.7  943.2  99.1  281.5  1.13  -1.71  -1.88  95.7
85213.0  1.9  943.8  99.1  281.1  1.27  -1.42  -1.53  95.7
85214.0  1.8  943.3  99.2  280.8  1.26  -1.04  -1.29  95.7
85215.0  1.9  943.7  99.2  280.7  1.34  -0.25  -1.16  95.9
85216.0  1.8  943.6  99.2  280.8  1.33  -0.21  -1.32  96.1
85217.0  1.8  943.4  99.2  281.0  1.38  -0.75  -1.53  96.1
85218.0  1.8  943.6  99.3  280.9  1.44  -1.26  -1.56  96.2
85219.0  1.8  943.7  99.3  280.8  1.39  -1.40  -1.42  96.0
85220.0  1.8  943.3  99.3  280.6  1.40  -1.11  -1.44  96.0
85221.0  1.7  943.8  99.3  280.5  1.36  -0.71  -1.42  96.0
85222.0  1.8  943.3  99.3  280.5  1.46  -0.57  -1.42  96.0
85223.0  1.8  943.6  99.3  280.4  1.43  -0.49  -1.36  96.0
85224.0  1.7  943.5  99.3  280.5  1.35  -0.36  -1.38  96.0
85225.0  1.8  943.3  99.3  280.5  1.40  -0.23  -1.38  95.9
85226.0  1.8  943.9  99.3  280.5  1.45  -0.24  -1.40  95.8
85227.0  1.7  943.3  99.3  280.4  1.41  -0.35  -1.43  96.1
85228.0  1.7  943.9  99.4  280.4  1.29  -0.40  -1.40  96.1
85229.0  1.8  943.5  99.4  280.4  1.33  -0.43  -1.33  96.2
85230.0  1.8  943.4  99.4  280.4  1.33  -0.22  -1.35  96.1
85231.0  1.7  943.5  99.4  280.4  1.25  0.02  -1.28  95.8
85232.0  1.7  943.3  99.4  280.5  1.24  -0.03  -1.43  95.9
85233.0  1.8  943.3  99.5  280.6  1.30  -0.34  -1.45  96.1
85234.0  1.8  943.4  99.5  280.5  1.25  -0.52  -1.47  95.9
85235.0  1.8  943.4  99.5  280.4  1.19  -0.52  -1.46  96.1
85236.0  1.7  943.8  99.6  280.4  1.11  -0.49  -1.40  96.1
85237.0  1.8  943.3  99.6  280.3  1.16  -0.32  -1.36  96.0
85238.0  1.7  943.7  99.7  280.3  1.09  -0.10  -1.23  95.8
85239.0  1.7  943.3  99.7  280.4  1.09  -0.79  -1.33  95.7
85240.0  1.7  943.4  99.8  280.4  1.12  -1.84  -1.43  95.9
85241.0  1.7  943.8  99.9  280.4  1.04  -1.88  -1.47  95.9
85242.0  1.8  943.4  100.0  280.2  1.03  -1.00  -1.35  96.0
85243.0  1.8  943.3  100.1  280.1  1.13  -0.35  -1.31  96.0
85244.0  1.8  943.7  100.1  280.1  1.04  -0.02  -1.27  95.9
85245.0  1.8  943.4  100.2  280.2  1.06  0.02  -1.46  96.4
85246.0  1.6  943.5  100.2  280.2  0.95  -0.05  -1.43  96.2
85247.0  1.7  943.6  100.3  280.2  1.11  -0.30  -1.25  96.1
85248.0  1.7  943.3  100.3  280.2  1.12  -0.57  -1.32  96.4
85249.0  1.6  943.5  100.4  280.3  1.07  -0.56  -1.39  96.5
85250.0  1.7  943.7  100.4  280.2  1.17  -0.48  -1.26  96.6
85251.0  1.8  943.7  100.4  280.2  1.12  -0.62  -1.35  96.8
85252.0  1.6  943.7  100.5  280.2  1.01  -0.65  -1.36  96.6
85253.0  1.7  943.6  100.5  280.2  1.12  -0.55  -1.32  96.8
85254.0  1.7  943.7  100.6  280.2  1.07  -0.57  -1.36  97.0
85255.0  1.7  943.6  100.6  280.2  1.04  -0.56  -1.38  97.0
85256.0  1.7  943.8  100.6  280.1  1.06  -0.55  -1.31  97.1
85257.0  1.7  943.7  100.6  280.2  1.10  -0.53  -1.31  97.2
85258.0  1.5  943.6  100.6  280.2  1.03  -0.40  -1.26  97.3
85259.0  1.6  943.5  100.7  280.2  1.05  -0.47  -1.19  97.2
85260.0  1.6  943.6  100.7  280.2  1.08  -0.73  -1.28  97.3
85261.0  1.6  943.6  100.7  280.3  0.97  -1.77  -1.42  97.3
85262.0  1.5  943.5  100.8  280.2  0.92  -2.85  -1.47  97.3
85263.0  1.6  943.7  100.8  280.0  0.89  -2.22  -1.37  97.3
85264.0  1.6  943.8  100.9  279.8  0.97  -0.45  -1.14  97.2
85265.0  1.6  943.7  100.9  279.8  1.03  1.20  -1.08  97.3
85266.0  1.6  943.4  100.9  280.0  0.97  1.41  -1.17  97.1
85267.0  1.6  943.8  100.9  280.3  0.94  1.00  -1.26  97.0
85268.0  1.6  943.6  100.9  280.5  0.96  0.42  -1.40  97.0
85269.0  1.6  943.6  101.0  280.6  0.98  -0.46  -1.46  97.1
85270.0  1.6  943.6  101.0  280.5  0.97  -0.79  -1.37  97.1
85271.0  1.7  944.2  101.1  280.4  0.98  -0.63  -1.19  97.1
85272.0  1.6  943.7  101.1  280.4  0.98  -0.42  -1.18  97.1
85273.0  1.6  943.7  101.1  280.5  1.02  -0.05  -1.24  96.9
85274.0  1.7  943.8  101.2  280.6  1.05  0.07  -1.35  97.0
85275.0  1.7  943.6  101.2  280.6  1.01  -0.17  -1.40  96.9
85276.0  1.7  943.6  101.2  280.5  1.05  -0.45  -1.36  97.0
85277.0  1.7  943.6  101.3  280.5  0.99  -0.50  -1.28  97.1
85278.0  1.7  943.8  101.3  280.5  1.05  -0.35  -1.22  97.1
85279.0  1.5  943.8  101.3  280.5  0.94  -0.18  -1.27  97.2
85280.0  1.5  943.8  101.3  280.6  0.94  -0.19  -1.36  97.4
85281.0  1.6  943.8  101.4  280.5  1.04  -0.25  -1.32  97.5
85282.0  1.6  943.8  101.4  280.5  1.10  -0.37  -1.22  97.5
85283.0  1.6  943.6  101.4  280.5  1.10  -0.43  -1.28  97.4
85284.0  1.5  943.8  101.4  280.5  0.93  -0.36  -1.36  97.2
85285.0  1.6  943.8  101.4  280.4  0.95  -0.25  -1.36  97.3
85286.0  1.6  943.8  101.4  280.3  1.04  -0.20  -1.22  97.3
85287.0  1.5  943.9  101.4  280.3  1.02  -0.20  -1.28  97.2
85288.0  1.6  943.7  101.5  280.3  1.04  -0.10  -1.23  97.3
85289.0  1.6  943.6  101.5  280.3  1.03  -0.07  -1.19  97.3
85290.0  1.6  943.8  101.5  280.4  1.04  -0.08  -1.40  97.6
85291.0  1.5  943.9  101.5  280.3  0.98  0.00  -1.30  97.7
85292.0  1.6  943.9  101.5  280.3  1.08  -0.15  -1.14  97.8
85293.0  1.5  943.7  101.5  280.3  1.08  -0.38  -1.31  97.9
85294.0  1.5  943.5  101.5  280.3  1.01  -0.22  -1.17  97.8
