flight/WP3D/AircraftPos_NP3_20130706_RA.ict
38  1001
Ken Aikin
NOAA ESRL Chemical Sciences Division
various aircraft sensors
SENEX 2013
1  1
2013  07  06  2013  07  06
1
AOCTimewave
5
1  1  1  1  1 
-9999  -9999  -9999  -9999  -9999
GpsLat  deg
GpsLon  deg
GpsAlt  m
PAlt  m
RAlt  m
1
SPECIAL COMMENTS:PA shale flight.
18
PI_CONTACT_INFO: Address: NOAA ESRL Chemical Sciences Division  Mail Stop R/CSD7  325 Broadway  Boulder  CO 80305
PLATFORM: NOAA WP-3D
LOCATION: The aircraft was stationed in Smyrna  Tennessee. Aircraft location information in AircraftPosition file.
ASSOCIATED_DATA: N/A
INSTRUMENT_INFO: N/A
DATA_INFO: Units:GpsLat:decimal degrees; GpsLon: decimal degrees; GpsAlt: meters; PAlt:meters; RAlt: meters.
UNCERTAINTY: N/A
ULOD_FLAG: -7777
ULOD_VALUE: N/A
LLOD_FLAG: -8888
LLOD_VALUE: N/A
DM_CONTACT_INFO: Data Manager:Ken Aikin; email:Kenneth.C.Aikin@noaa.gov
PROJECT_INFO: SENEX 2013 Study; June 1 - July 15  2013
STIPULATIONS_ON_USE: Use of these data require prior ok from PI.
OTHER_COMMENTS:       None
REVISION: RA
RA: Preliminary Data.  For in-field use.
AOCTimewave  GpsLat  GpsLon  GpsAlt  PAlt  RAlt
[from data line 24146]
75705.0  36.6611   -85.7096   4463.5   4215.9   4237.2
75706.0  36.6602   -85.7108   4463.5   4215.9   4258.0
75707.0  36.6594   -85.7119   4462.4   4215.6   4258.6
75708.0  36.6586   -85.7130   4460.9   4214.4   4240.2
75709.0  36.6577   -85.7141   4458.6   4212.2   4235.7
75710.0  36.6569   -85.7152   4455.1   4209.0   4248.5
75711.0  36.6561   -85.7163   4450.7   4205.1   4253.2
75712.0  36.6552   -85.7174   4446.4   4201.0   4239.6
75713.0  36.6544   -85.7185   4441.6   4197.2   4244.7
75714.0  36.6535   -85.7196   4436.4   4191.9   4243.0
75715.0  36.6527   -85.7207   4431.3   4186.4   4226.6
75716.0  36.6519   -85.7217   4425.8   4180.9   4238.4
75717.0  36.6510   -85.7228   4420.3   4176.1   4242.2
75718.0  36.6502   -85.7239   4414.5   4170.4   4245.3
75719.0  36.6494   -85.7250   4408.6   4166.2   4235.5
75720.0  36.6485   -85.7261   4403.2   4161.1   4224.2
75721.0  36.6477   -85.7271   4397.8   4156.1   4193.0
75722.0  36.6469   -85.7282   4392.5   4151.2   4180.0
75723.0  36.6460   -85.7293   4387.2   4144.9   4193.9
75724.0  36.6452   -85.7303   4381.6   4139.0   4175.5
75725.0  36.6444   -85.7314   4375.8   4134.0   4157.5
75726.0  36.6436   -85.7325   4369.9   4128.0   4165.2
75727.0  36.6427   -85.7335   4364.1   4122.8   4166.0
75728.0  36.6419   -85.7346   4358.0   4117.4   4145.1
75729.0  36.6411   -85.7356   4351.8   4112.1   4138.1
75730.0  36.6403   -85.7366   4345.5   4106.2   4130.2
75731.0  36.6395   -85.7377   4339.3   4098.6   4138.0
75732.0  36.6386   -85.7387   4332.7   4091.8   4131.7
75733.0  36.6378   -85.7398   4325.9   4085.8   4124.4
75734.0  36.6370   -85.7408   4319.2   4079.3   4110.7
75735.0  36.6362   -85.7418   4313.2   4072.5   4095.1
75736.0  36.6354   -85.7429   4306.6   4066.6   4097.9
75737.0  36.6346   -85.7439   4299.6   4059.4   4073.4
75738.0  36.6338   -85.7449   4292.3   4053.5   4080.4
75739.0  36.6330   -85.7460   4285.0   4044.8   4085.7
75740.0  36.6322   -85.7470   4277.4   4038.5   4090.0
75741.0  36.6313   -85.7480   4269.6   4030.2   4084.4
75742.0  36.6305   -85.7491   4261.6   4024.2   4077.7
75743.0  36.6297   -85.7501   4253.6   4017.2   4051.1
75744.0  36.6289   -85.7511   4245.4   4009.0   4047.1
75745.0  36.6281   -85.7521   4237.4   4000.5   4030.1
75746.0  36.6273   -85.7531   4229.3   3992.8   4028.7
75747.0  36.6265   -85.7541   4221.0   3985.6   4024.4
75748.0  36.6256   -85.7551   4212.0   3976.9   4017.0
75749.0  36.6248   -85.7561   4202.7   3967.9   4024.9
75750.0  36.6240   -85.7571   4193.2   3957.9   3996.3
75751.0  36.6231   -85.7581   4183.9   3949.2   3992.4
75752.0  36.6223   -85.7591   4174.3   3941.4   3978.6
75753.0  36.6215   -85.7601   4164.7   3931.7   3966.4
75754.0  36.6206   -85.7611   4155.3   3922.4   3962.9
75755.0  36.6198   -85.7620   4145.9   3913.5   3934.8
75756.0  36.6189   -85.7630   4135.5   3904.2   3925.6
75757.0  36.6181   -85.7640   4124.5   3893.4   3913.2
75758.0  36.6172   -85.7649   4113.4   3881.7   3908.7
75759.0  36.6164   -85.7659   4102.3   3871.9   3913.4
75760.0  36.6155   -85.7669   4090.2   3861.4   3900.2
75761.0  36.6147   -85.7679   4077.4   3846.9   3877.2
75762.0  36.6138   -85.7688   4064.6   3835.0   3863.2
75763.0  36.6129   -85.7698   4052.1   3823.9   3848.7
75764.0  36.6121   -85.7708   4039.0   3810.9   3831.2
75765.0  36.6112   -85.7717   4026.0   3798.5   3829.3
75766.0  36.6103   -85.7727   4013.4   3785.7   3813.2
75767.0  36.6095   -85.7737   4001.5   3772.9   3810.3
75768.0  36.6086   -85.7747   3989.6   3761.5   3804.2
75769.0  36.6077   -85.7757   3978.6   3751.9   3795.5
75770.0  36.6069   -85.7766   3968.5   3741.3   3794.6
75771.0  36.6060   -85.7776   3959.1   3732.3   3780.5
75772.0  36.6051   -85.7786   3949.6   3723.5   3779.4
75773.0  36.6043   -85.7796   3940.4   3716.5   3753.4
75774.0  36.6034   -85.7806   3931.1   3706.9   3743.0
75775.0  36.6025   -85.7816   3921.7   3697.8   3748.0
75776.0  36.6017   -85.7826   3912.3   3688.1   3736.3
75777.0  36.6008   -85.7835   3902.6   3679.8   3731.3
75778.0  36.5999   -85.7845   3892.8   3670.4   3727.6
75779.0  36.5991   -85.7855   3883.4   3660.6   3711.9
75780.0  36.5982   -85.7865   3873.7   3651.3   3706.1
75781.0  36.5973   -85.7875   3863.9   3641.5   3699.4
75782.0  36.5965   -85.7884   3854.1   3633.7   3676.0
75783.0  36.5956   -85.7894   3844.1   3624.3   3653.1
75784.0  36.5947   -85.7904   3833.6   3614.1  -9999.0
75785.0  36.5939   -85.7914   3822.6   3603.2   3632.0
75786.0  36.5930   -85.7923   3811.1   3591.7   3602.4
75787.0  36.5921   -85.7933   3800.1   3581.8   3593.7
75788.0  36.5912   -85.7943   3789.3   3571.5   3589.2
75789.0  36.5904   -85.7953   3778.7   3562.7   3583.6
75790.0  36.5895   -85.7962   3768.3   3553.0   3567.6
75791.0  36.5886   -85.7972   3758.0   3544.5   3559.6
75792.0  36.5878   -85.7982   3747.6   3533.5   3546.5
75793.0  36.5869   -85.7992   3736.9   3522.9   3541.6
75794.0  36.5860   -85.8001   3726.3   3512.2   3542.2
75795.0  36.5851   -85.8011   3715.8   3502.5   3537.5
75796.0  36.5843   -85.8021   3705.1   3492.6   3492.1
75797.0  36.5834   -85.8031   3694.3   3482.0   3460.7
75798.0  36.5825   -85.8040   3683.8   3470.7   3466.8
75799.0  36.5816   -85.8050   3673.3   3460.9   3458.6
75800.0  36.5807   -85.8060   3662.5   3450.6   3440.3
75801.0  36.5799   -85.8070   3651.4   3439.9   3428.3
75802.0  36.5790   -85.8080   3640.2   3429.7   3407.8
75803.0  36.5781   -85.8089   3629.0   3419.4   3420.7
75804.0  36.5772   -85.8099   3617.0   3408.3   3403.3
75805.0  36.5764   -85.8109   3605.0   3396.2   3392.8
75806.0  36.5755   -85.8119   3593.2   3384.7   3398.1
75807.0  36.5746   -85.8129   3581.7   3374.0   3372.1
75808.0  36.5737   -85.8139   3570.2   3363.5   3377.0
75809.0  36.5729   -85.8149   3558.8   3351.3   3369.5
75810.0  36.5720   -85.8159   3547.8   3340.4   3348.7
75811.0  36.5711   -85.8169   3536.9   3330.0   3326.5
75812.0  36.5702   -85.8179   3525.9   3319.7   3321.5
75813.0  36.5694   -85.8189   3515.0   3310.2   3318.5
75814.0  36.5685   -85.8199   3504.2   3298.7   3303.0
75815.0  36.5676   -85.8209   3493.7   3288.0   3292.6
75816.0  36.5668   -85.8220   3482.8   3278.9   3284.7
75817.0  36.5659   -85.8230   3471.9   3268.9   3266.8
75818.0  36.5650   -85.8240   3461.3   3257.5   3260.2
75819.0  36.5642   -85.8250   3451.2   3247.3   3253.6
75820.0  36.5633   -85.8261   3441.0   3238.0   3235.3
75821.0  36.5624   -85.8271   3430.8   3229.9   3241.9
75822.0  36.5616   -85.8282   3420.8   3219.9   3227.2
75823.0  36.5607   -85.8292   3411.0   3209.7   3224.5
75824.0  36.5599   -85.8303   3401.4   3199.5   3214.4
75825.0  36.5590   -85.8313   3391.8   3189.3   3187.2
75826.0  36.5582   -85.8324   3382.2   3180.0   3168.2
75827.0  36.5573   -85.8335   3372.7   3170.8   3156.1
75828.0  36.5565   -85.8346   3363.0   3162.9   3135.7
75829.0  36.5557   -85.8356   3353.2   3154.1   3093.7
75830.0  36.5548   -85.8367   3343.1   3145.6   3107.1
75831.0  36.5540   -85.8378   3333.1   3135.8   3110.4
75832.0  36.5532   -85.8389   3322.6   3125.1   3099.7
75833.0  36.5523   -85.8400   3312.1   3113.9   3081.4
75834.0  36.5515   -85.8411   3301.5   3105.1   3055.4
75835.0  36.5507   -85.8422   3290.7   3095.3   3029.3
75836.0  36.5498   -85.8433   3280.0   3085.5   3054.1
75837.0  36.5490   -85.8444   3269.0   3074.3   3051.8
75838.0  36.5482   -85.8455   3257.5   3063.3   3036.0
75839.0  36.5473   -85.8466   3246.2   3051.6   3025.3
75840.0  36.5465   -85.8477   3234.5   3041.1   3027.7
75841.0  36.5456   -85.8488   3222.6   3028.3   3035.3
75842.0  36.5448   -85.8499   3210.8   3018.0   3022.2
75843.0  36.5439   -85.8510   3199.4   3005.9   3003.0
75844.0  36.5431   -85.8521   3187.9   2994.5   2989.0
75845.0  36.5423   -85.8532   3176.7   2982.6   2958.0
75846.0  36.5414   -85.8543   3165.8   2973.4   2956.3
75847.0  36.5405   -85.8554   3155.5   2964.3   2953.0
75848.0  36.5397   -85.8565   3145.3   2956.0   2937.1
75849.0  36.5388   -85.8576   3135.0   2945.0   2922.5
75850.0  36.5380   -85.8587   3124.4   2934.4   2905.5
75851.0  36.5371   -85.8598   3113.4   2925.3   2867.0
75852.0  36.5363   -85.8609   3102.6   2914.4  -9999.0
75853.0  36.5354   -85.8619   3091.5   2904.3   2859.7
75854.0  36.5345   -85.8630   3080.0   2892.2   2840.2
75855.0  36.5337   -85.8641   3068.6   2881.1   2818.2
75856.0  36.5328   -85.8652   3057.2   2872.1   2803.6
75857.0  36.5320   -85.8663   3045.8   2860.1   2811.5
75858.0  36.5311   -85.8674   3034.2   2849.4   2789.7
75859.0  36.5302   -85.8685   3022.6   2837.1   2785.0
75860.0  36.5294   -85.8696   3011.3   2827.1   2787.7
75861.0  36.5285   -85.8707   3000.2   2817.3   2774.9
75862.0  36.5277   -85.8718   2989.0   2806.4   2772.5
75863.0  36.5268   -85.8729   2978.2   2795.1   2751.9
75864.0  36.5259   -85.8740   2967.0   2785.5   2735.0
75865.0  36.5251   -85.8751   2955.8   2775.2   2723.3
75866.0  36.5242   -85.8762   2944.2   2762.6   2707.5
75867.0  36.5234   -85.8773   2932.5   2751.2   2686.1
75868.0  36.5225   -85.8784   2920.9   2740.2   2670.8
75869.0  36.5216   -85.8795   2909.5   2729.0   2672.0
75870.0  36.5208   -85.8806   2897.8   2718.6   2682.4
75871.0  36.5199   -85.8817   2886.0   2706.3   2669.0
75872.0  36.5191   -85.8829   2874.3   2694.4   2659.4
75873.0  36.5182   -85.8840   2862.7   2683.0   2647.1
75874.0  36.5174   -85.8851   2851.1   2673.2   2632.3
75875.0  36.5165   -85.8862   2839.8   2662.7   2608.3
75876.0  36.5156   -85.8873   2828.6   2652.7   2600.0
75877.0  36.5148   -85.8884   2817.5   2642.4   2591.5
75878.0  36.5139   -85.8895   2806.6   2631.6   2574.4
75879.0  36.5131   -85.8906   2796.2   2619.9   2557.9
75880.0  36.5122   -85.8917   2785.9   2610.7   2547.7
75881.0  36.5114   -85.8929   2775.8   2600.9   2552.5
75882.0  36.5105   -85.8940   2765.9   2592.3   2535.8
75883.0  36.5097   -85.8951   2755.7   2583.2   2520.9
75884.0  36.5088   -85.8962   2745.9   2572.4   2507.3
75885.0  36.5079   -85.8973   2735.9   2564.2   2501.0
75886.0  36.5071   -85.8984   2725.6   2553.8   2469.8
75887.0  36.5062   -85.8995   2715.2   2543.3   2439.6
75888.0  36.5054   -85.9006   2704.6   2534.4   2423.7
75889.0  36.5045   -85.9017   2694.3   2524.1   2426.4
75890.0  36.5037   -85.9028   2683.8   2513.1   2407.7
75891.0  36.5028   -85.9040   2673.4   2501.5   2404.1
75892.0  36.5020   -85.9051   2663.2   2493.5   2378.5
75893.0  36.5011   -85.9062   2653.1   2485.2   2353.8
75894.0  36.5003   -85.9073   2643.3   2476.0   2359.6
75895.0  36.4994   -85.9084   2633.7   2466.3   2356.0
75896.0  36.4986   -85.9095   2624.4   2457.8   2344.8
75897.0  36.4978   -85.9106   2615.8   2449.4   2351.0
75898.0  36.4969   -85.9117   2607.5   2441.7   2341.8
75899.0  36.4961   -85.9128   2599.8   2433.4   2337.1
75900.0  36.4952   -85.9139   2592.6   2425.7   2318.0
75901.0  36.4944   -85.9151   2586.2   2419.9   2304.5
75902.0  36.4935   -85.9162   2580.2   2413.0   2288.8
75903.0  36.4927   -85.9173   2574.8   2408.0   2287.6
75904.0  36.4919   -85.9184   2570.2   2402.6   2282.8
75905.0  36.4911   -85.9195   2566.5   2399.3   2282.3
75906.0  36.4902   -85.9206   2563.3   2397.4   2301.5
75907.0  36.4894   -85.9216   2560.6   2395.0   2309.0
75908.0  36.4886   -85.9227   2559.1   2393.6   2309.2
75909.0  36.4877   -85.9238   2559.1   2393.2   2297.8
75910.0  36.4869   -85.9249   2557.9   2392.8   2298.0
75911.0  36.4861   -85.9260   2557.9   2392.7   2299.7
75912.0  36.4853   -85.9271   2557.1   2392.1   2310.2
75913.0  36.4844   -85.9281   2556.7   2391.9   2294.2
75914.0  36.4836   -85.9292   2556.7   2392.1   2298.3
75915.0  36.4828   -85.9303   2556.6   2392.3   2306.3
75916.0  36.4820   -85.9313   2555.4   2391.6   2305.4
75917.0  36.4812   -85.9324   2555.4   2390.5   2303.3
75918.0  36.4803   -85.9334   2556.6   2391.1   2316.3
75919.0  36.4795   -85.9345   2557.0   2391.2   2318.0
75920.0  36.4787   -85.9355   2557.9   2392.1   2324.9
75921.0  36.4779   -85.9366   2558.9   2393.1   2324.8
75922.0  36.4771   -85.9376   2558.9   2394.3   2317.4
75923.0  36.4762   -85.9387   2557.9   2394.2   2313.6
75924.0  36.4754   -85.9397   2557.9   2393.5   2309.6
75925.0  36.4746   -85.9408   2557.2   2393.0   2309.5
75926.0  36.4738   -85.9418   2556.4   2392.6   2301.0
75927.0  36.4730   -85.9429   2555.0   2392.2   2289.7
75928.0  36.4721   -85.9439   2554.2   2391.9   2288.5
75929.0  36.4713   -85.9449   2554.9   2391.0   2298.6
75930.0  36.4705   -85.9460   2555.5   2391.7   2303.2
75931.0  36.4696   -85.9470   2556.8   2392.0   2295.4
75932.0  36.4688   -85.9481   2558.0   2392.6   2302.8
75933.0  36.4680   -85.9491   2559.1   2393.1   2299.2
75934.0  36.4671   -85.9501   2560.0   2393.6   2298.6
75935.0  36.4663   -85.9511   2560.3   2395.0   2300.0
75936.0  36.4654   -85.9522   2561.3   2395.3   2316.7
75937.0  36.4646   -85.9532   2561.5   2396.2   2322.0
75938.0  36.4638   -85.9542   2561.5   2397.0   2325.6
75939.0  36.4629   -85.9553   2561.5   2397.6  -9999.0
75940.0  36.4621   -85.9563   2561.5   2398.1   2323.9
75941.0  36.4612   -85.9573   2560.5   2395.3   2325.6
75942.0  36.4604   -85.9583   2560.3   2396.6   2330.5
75943.0  36.4595   -85.9594   2560.3   2395.6   2340.8
75944.0  36.4587   -85.9604   2560.3   2397.3   2350.6
75945.0  36.4578   -85.9614   2560.3   2396.1   2335.0
75946.0  36.4569   -85.9625   2560.3   2394.3   2344.2
75947.0  36.4561   -85.9635   2560.3   2393.1   2340.8
75948.0  36.4552   -85.9645   2559.4   2393.1   2346.1
75949.0  36.4544   -85.9656   2559.1   2393.8   2330.7
75950.0  36.4535   -85.9666   2558.3   2392.6   2344.3
75951.0  36.4526   -85.9676   2556.3   2391.6   2340.1
75952.0  36.4518   -85.9687   2554.5   2390.9   2326.9
75953.0  36.4509   -85.9697   2552.3   2387.6   2317.9
75954.0  36.4500   -85.9707   2550.0   2385.9   2306.9
75955.0  36.4491   -85.9718   2547.6   2383.4   2310.3
75956.0  36.4483   -85.9728   2546.0   2381.6   2310.0
75957.0  36.4474   -85.9739   2544.9   2380.5   2316.5
75958.0  36.4465   -85.9749   2544.5   2380.4   2319.4
75959.0  36.4456   -85.9760   2544.5   2380.3   2313.2
75960.0  36.4447   -85.9770   2544.5   2380.6   2307.0
75961.0  36.4438   -85.9781   2544.5   2379.5   2305.9
75962.0  36.4430   -85.9791   2543.5   2377.4   2320.4
75963.0  36.4421   -85.9802   2543.3   2377.2   2333.9
75964.0  36.4412   -85.9812   2542.1   2376.2   2331.4
75965.0  36.4403   -85.9823   2542.0   2378.1   2334.7
75966.0  36.4394   -85.9833   2542.0   2378.7   2327.2
75967.0  36.4385   -85.9844   2542.0   2378.9   2331.2
75968.0  36.4376   -85.9854   2542.0   2379.0   2350.7
75969.0  36.4367   -85.9865   2541.7   2378.0   2357.0
75970.0  36.4358   -85.9875   2540.8   2376.0   2349.5
75971.0  36.4349   -85.9886   2539.6   2375.6   2343.8
75972.0  36.4340   -85.9896   2539.6   2374.5   2351.5
75973.0  36.4331   -85.9907   2539.6   2374.7   2362.1
75974.0  36.4322   -85.9917   2539.6   2374.4   2357.8
75975.0  36.4313   -85.9928   2539.6   2375.7   2353.0
75976.0  36.4304   -85.9939   2539.6   2376.1   2361.1
75977.0  36.4295   -85.9949   2539.8   2375.3   2365.0
75978.0  36.4285   -85.9960   2540.8   2375.9   2361.3
75979.0  36.4276   -85.9970   2540.8   2376.2   2363.1
75980.0  36.4267   -85.9981   2540.8   2376.3   2363.6
75981.0  36.4258   -85.9991   2540.9   2376.3   2362.3
75982.0  36.4249   -86.0002   2541.7   2376.7   2365.8
75983.0  36.4240   -86.0013   2540.8   2376.1   2367.6
75984.0  36.4231   -86.0023   2540.8   2376.0   2374.7
75985.0  36.4222   -86.0034   2540.8   2375.5   2366.0
75986.0  36.4213   -86.0045   2540.8   2376.5   2368.4
75987.0  36.4204   -86.0055   2540.8   2375.8   2366.7
75988.0  36.4195   -86.0066   2540.8   2375.7   2367.6
75989.0  36.4186   -86.0077   2540.8   2376.4   2366.9
75990.0  36.4177   -86.0087   2540.5   2375.7   2364.1
75991.0  36.4168   -86.0098   2539.6   2376.0   2359.9
75992.0  36.4159   -86.0109   2539.6   2377.4   2366.4
75993.0  36.4150   -86.0120   2539.6   2378.6   2366.1
75994.0  36.4141   -86.0130   2539.6   2376.8   2371.2
