flight/WP3D/AircraftMis_NP3_20130603_RA.ict
41  1001
Ken Aikin
NOAA ESRL Chemical Sciences Division
various aircraft sensors
SENEX 2013
1  1
2013  06  03  2013  06  04
1
AOCTimewave
8
1  1  1  1  1  1  1  1
-9999  -9999  -9999  -9999  -9999  -9999  -9999  -9999
Attack  deg
CabinPrs  mbar
GndSpd  m/s
Heading  deg
Pitch  deg
Roll  deg
Slip  deg
TrueAirSpd  m/s
1
SPECIAL COMMENTS:Transit from Tampa  FL to Smyrna  TN.
18
PI_CONTACT_INFO: Address: NOAA ESRL Chemical Sciences Division  Mail Stop R/CSD7  325 Broadway  Boulder  CO 80305
PLATFORM: NOAA WP-3D
LOCATION: The aircraft was stationed in  Smyrna  Tennessee. Aircraft location information in AircraftPosition file.
ASSOCIATED_DATA: N/A
INSTRUMENT_INFO: N/A
DATA_INFO: Units: Attack degrees; CabinPrs millibar; GndSpd m/s; Heading degrees; Pitch degrees; Roll degrees; Slip degrees; TrueAirSpd m/s
UNCERTAINTY: N/A
ULOD_FLAG: -7777
ULOD_VALUE: N/A
LLOD_FLAG: -8888
LLOD_VALUE: N/A
DM_CONTACT_INFO: Data Manager:Ken Aikin; email:Kenneth.C.Aikin@noaa.gov
PROJECT_INFO: SENEX 2013 Study; June 1 - July 15  2013
STIPULATIONS_ON_USE: Use of these data require prior ok from PI.
OTHER_COMMENTS:       None
REVISION: RA
RA: Preliminary Data.  For in-field use.
AOCTimewave  Attack  CabinPrs  GndSpd  Heading  Pitch  Roll  Slip  TrueAirSpd
[from data line 6852]
58123.0  1.4  971.2  117.5  180.2  1.20  -0.54  -0.25  115.5
58124.0  1.0  971.6  117.6  180.1  1.32  -1.08  0.40  115.1
58125.0  1.7  971.2  117.6  180.3  2.12  -1.23  -0.02  114.5
58126.0  2.5  971.3  117.6  180.3  2.45  -0.40  -0.98  113.8
58127.0  1.6  971.6  117.5  180.0  2.09  0.13  0.35  113.2
58128.0  2.5  971.3  117.5  180.3  2.47  -0.17  -0.24  112.9
58129.0  2.2  971.3  117.5  180.3  2.39  -0.39  -0.33  113.5
58130.0  2.2  971.6  117.5  180.3  2.42  -0.54  -0.21  113.2
58131.0  2.2  971.6  117.5  180.3  2.51  -0.74  -0.03  113.2
58132.0  2.4  971.3  117.4  180.4  2.58  -0.83  -0.57  112.5
58133.0  2.4  972.1  117.4  180.2  2.54  -0.35  -0.77  112.7
58134.0  2.4  971.6  117.4  179.8  2.60  -0.10  -1.19  112.8
58135.0  2.1  971.5  117.3  179.3  2.45  0.34  -0.35  113.0
58136.0  2.2  971.2  117.3  179.2  2.58  0.41  -0.03  112.9
58137.0  2.3  971.7  117.2  179.2  2.69  0.75  0.05  113.6
58138.0  2.2  971.5  117.1  179.3  2.50  0.64  0.08  113.6
58139.0  1.9  971.2  117.1  179.4  2.35  0.50  0.20  113.6
58140.0  2.0  971.6  117.1  179.6  2.42  0.45  0.27  113.6
58141.0  2.0  971.9  117.0  179.9  2.42  0.17  -0.04  113.1
58142.0  2.1  971.9  117.0  180.0  2.36  0.05  -0.13  112.6
58143.0  2.2  971.7  117.0  180.1  2.39  -0.27  0.01  112.8
58144.0  2.0  971.4  117.0  180.2  2.32  -0.30  -0.07  113.5
58145.0  2.2  972.0  116.9  180.3  2.37  -0.31  -0.55  113.7
58146.0  2.0  971.4  116.9  180.1  2.18  -0.64  -0.60  112.9
58147.0  2.1  971.5  117.0  179.9  2.19  -0.33  -0.22  112.8
58148.0  2.3  971.5  117.0  179.9  2.30  -0.14  -0.21  112.9
58149.0  2.3  971.3  117.0  179.9  2.20  0.26  -0.41  112.6
58150.0  2.5  971.5  117.0  179.8  2.00  0.40  -0.26  112.4
58151.0  2.2  971.3  117.1  179.8  1.75  0.56  -0.31  112.5
58152.0  2.0  971.5  117.2  179.8  1.73  0.50  -0.16  113.2
58153.0  2.3  971.3  117.3  179.8  1.78  0.43  -0.55  113.1
58154.0  2.1  971.5  117.4  179.7  1.52  0.43  -0.23  114.1
58155.0  1.6  971.1  117.5  179.7  1.34  0.06  -0.03  114.1
58156.0  1.7  971.1  117.6  179.7  1.63  0.35  0.01  113.8
58157.0  2.1  971.2  117.6  179.8  1.99  0.07  0.66  114.3
58158.0  2.2  971.6  117.6  180.2  2.13  -0.65  0.57  114.3
58159.0  2.1  971.5  117.6  180.6  1.85  -0.52  -0.06  113.8
58160.0  1.9  971.7  117.7  180.7  1.66  -1.10  0.23  114.0
58161.0  2.1  971.3  117.8  180.9  1.84  -1.48  -0.60  113.4
58162.0  2.3  971.4  117.8  180.8  1.93  -0.91  -0.70  113.0
58163.0  2.3  971.6  117.9  180.5  1.81  -0.99  -0.95  113.0
58164.0  2.0  971.2  118.0  180.1  1.67  -0.63  -0.59  113.1
58165.0  2.0  971.8  118.1  179.9  1.90  -0.29  -0.15  113.8
58166.0  2.2  971.3  118.1  179.8  2.13  -0.21  -0.21  113.1
58167.0  2.3  971.3  118.1  179.7  2.16  0.04  -0.15  112.9
58168.0  2.1  971.4  118.1  179.7  2.16  0.04  0.17  113.3
58169.0  2.0  971.8  118.1  179.9  2.25  0.23  0.32  113.0
58170.0  2.3  971.6  118.1  180.2  2.47  0.36  -0.14  112.1
58171.0  2.2  971.5  118.1  180.4  2.51  -0.18  -0.37  111.8
58172.0  2.8  971.7  118.1  180.3  2.62  -0.56  -0.61  111.2
58173.0  2.2  971.7  118.1  180.1  2.42  -0.64  -0.94  112.2
58174.0  2.4  971.3  118.1  179.7  2.45  -0.59  -0.50  112.5
58175.0  2.5  971.7  118.1  179.4  2.62  -0.10  0.00  112.5
58176.0  2.2  971.5  118.0  179.4  2.54  0.34  0.26  113.3
58177.0  1.9  971.7  118.0  179.6  2.43  0.26  0.43  112.5
58178.0  1.7  971.8  118.0  179.9  2.51  0.16  0.82  112.0
58179.0  2.6  971.4  117.9  180.4  3.01  0.32  -0.32  112.0
58180.0  2.7  971.7  117.8  180.6  2.84  -0.32  -0.66  111.6
58181.0  2.3  972.0  117.8  180.4  2.59  -1.23  -0.85  112.9
58182.0  2.4  971.6  117.7  180.0  2.55  -0.50  -0.54  112.9
58183.0  2.0  971.4  117.7  179.9  2.37  -0.11  0.35  112.2
58184.0  2.2  971.2  117.7  180.0  2.44  -0.67  0.01  111.3
58185.0  2.0  971.5  117.7  180.1  2.41  -0.52  -0.11  112.5
58186.0  2.5  970.9  117.6  180.2  2.63  -0.66  -0.58  114.9
58187.0  1.9  971.2  117.6  180.0  2.27  -0.03  -0.59  114.4
58188.0  1.9  971.5  117.6  179.8  2.15  0.47  -0.43  113.9
58189.0  2.1  971.6  117.5  179.8  2.31  0.37  -0.36  113.1
58190.0  2.2  971.1  117.6  179.7  2.19  -0.07  -0.69  112.9
58191.0  2.1  971.4  117.6  179.4  2.00  0.08  0.19  112.4
58192.0  1.9  971.3  117.6  179.5  2.05  0.26  0.08  112.8
58193.0  2.4  970.9  117.6  179.6  2.30  -0.16  -0.57  113.4
58194.0  2.1  971.1  117.6  179.3  2.06  0.13  -1.12  114.4
58195.0  1.9  971.1  117.6  178.8  1.97  0.83  -0.03  114.2
58196.0  2.0  971.1  117.7  178.8  2.05  1.02  0.46  113.7
58197.0  2.0  971.4  117.7  179.2  2.09  1.59  0.10  113.9
58198.0  2.2  971.2  117.7  179.4  2.20  1.38  -0.06  113.9
58199.0  2.1  971.4  117.7  179.6  2.07  0.64  -0.21  114.5
58200.0  2.2  971.3  117.7  179.6  1.92  0.47  -0.55  114.8
58201.0  1.6  971.3  117.7  179.5  1.73  0.99  -0.13  115.3
58202.0  2.1  971.1  117.7  179.6  2.09  0.70  0.03  115.3
58203.0  1.9  971.2  117.7  179.7  2.06  0.41  -0.10  114.7
58204.0  2.0  971.0  117.7  179.7  2.01  0.26  -0.48  114.4
58205.0  2.1  971.4  117.7  179.6  2.06  0.24  -0.58  115.0
58206.0  2.3  971.3  117.7  179.4  2.01  0.64  0.03  114.7
58207.0  2.1  971.4  117.7  179.5  1.83  0.67  0.05  114.4
58208.0  1.8  971.4  117.8  179.7  1.74  0.45  -0.40  114.3
58209.0  2.2  971.1  117.8  179.5  1.81  0.26  -0.67  114.1
58210.0  2.3  971.3  117.9  179.2  1.85  0.62  -0.21  114.7
58211.0  2.2  971.1  118.0  179.3  1.52  0.68  0.51  114.4
58212.0  1.8  971.3  118.1  179.6  1.26  0.95  0.10  114.1
58213.0  2.0  971.4  118.2  179.8  1.31  0.58  -0.10  114.1
58214.0  1.6  971.3  118.3  179.9  1.31  0.32  -0.27  114.5
58215.0  1.4  971.2  118.4  179.9  1.48  0.28  0.44  114.8
58216.0  2.2  971.1  118.5  180.3  2.07  -0.03  0.23  114.5
58217.0  2.4  971.5  118.5  180.5  1.96  -0.02  -1.04  116.1
58218.0  1.7  971.0  118.5  180.2  1.50  -0.41  -0.97  116.3
58219.0  1.6  971.3  118.6  179.7  1.48  -0.76  -0.12  115.6
58220.0  1.9  971.3  118.6  179.6  1.86  -0.38  0.42  115.9
58221.0  1.8  971.7  118.6  179.8  2.06  -0.33  0.58  115.5
58222.0  2.2  971.7  118.5  180.2  2.12  0.06  -0.43  115.3
58223.0  2.4  971.8  118.6  180.1  1.98  0.13  -0.82  114.6
58224.0  2.1  971.4  118.6  179.8  1.72  -0.05  -0.18  114.3
58225.0  1.8  971.7  118.7  179.7  1.72  -0.32  -0.06  114.1
58226.0  1.9  971.4  118.7  179.7  1.96  -0.27  0.07  114.3
58227.0  2.2  971.6  118.7  179.8  2.18  -0.12  0.25  115.1
58228.0  2.0  971.3  118.7  180.0  2.23  -0.02  -0.07  115.4
58229.0  1.8  971.2  118.6  180.1  2.14  0.11  0.08  114.8
58230.0  1.9  971.5  118.6  180.3  2.29  -0.44  -0.47  115.8
58231.0  2.3  971.4  118.5  180.1  2.37  -0.64  -0.62  115.6
58232.0  3.3  971.4  118.5  179.9  2.40  -0.62  -0.38  115.7
58233.0  1.4  971.3  118.5  179.7  1.39  -0.13  -0.82  116.0
58234.0  1.2  971.3  118.6  179.3  1.20  0.59  -0.38  116.2
58235.0  1.9  971.0  118.6  179.2  1.81  1.16  -0.22  115.9
58236.0  1.7  971.2  118.6  179.2  1.71  1.35  0.06  115.0
58237.0  1.7  971.7  118.7  179.3  1.74  1.13  -0.05  114.5
58238.0  1.8  971.3  118.7  179.5  1.96  0.89  0.11  115.2
58239.0  2.1  970.8  118.6  179.6  2.11  0.45  0.34  117.3
58240.0  1.6  971.4  118.6  179.9  1.90  0.31  0.86  116.7
58241.0  2.5  971.7  118.6  180.5  1.88  0.22  -0.85  116.7
58242.0  2.2  971.5  118.7  180.3  1.41  -0.85  -0.47  116.7
58243.0  1.3  971.4  118.8  180.1  0.98  -0.89  -0.41  116.5
58244.0  1.9  971.5  118.9  179.9  1.27  -0.32  -0.62  116.6
58245.0  1.5  971.4  118.9  179.6  1.27  -0.09  0.34  116.7
58246.0  1.4  971.4  119.0  179.9  1.41  0.39  0.10  116.2
58247.0  1.8  971.2  119.0  180.0  1.76  0.12  0.46  115.2
58248.0  2.1  971.3  119.0  180.4  1.87  -0.56  1.06  115.6
58249.0  1.8  971.3  119.0  181.1  1.78  -0.93  0.17  116.8
58250.0  1.8  971.2  119.1  181.3  1.67  -1.24  -0.38  116.5
58251.0  2.2  971.6  119.1  181.2  1.76  -1.83  -0.72  116.8
58252.0  1.7  971.2  119.1  180.9  1.63  -2.17  -0.96  116.7
58253.0  1.6  972.1  119.1  180.3  1.63  -2.13  -0.74  116.0
58254.0  1.9  972.9  119.1  179.7  1.95  -1.17  -0.16  117.0
58255.0  2.4  971.3  119.1  179.6  2.09  -0.16  -0.18  116.5
58256.0  2.0  971.1  119.0  179.5  1.79  0.58  -0.23  116.0
58257.0  1.6  971.7  119.1  179.5  1.53  0.88  -0.39  116.5
58258.0  1.5  971.2  119.1  179.4  1.69  0.97  0.16  115.7
58259.0  2.0  971.6  119.1  179.6  2.12  0.39  1.11  115.4
58260.0  1.8  972.0  119.0  180.3  2.22  0.00  0.33  116.1
58261.0  1.8  971.4  118.9  180.6  2.12  -0.09  -0.59  117.7
58262.0  1.7  971.4  118.9  180.5  2.12  -0.68  -0.33  116.4
58263.0  2.0  971.2  118.8  180.4  2.35  -1.16  0.01  116.2
58264.0  2.3  972.2  118.7  180.5  2.30  -1.05  -0.43  116.9
58265.0  2.2  971.3  118.6  180.3  2.03  -0.70  -0.86  116.6
58266.0  1.7  971.8  118.6  179.9  1.71  -0.41  -0.41  116.6
58267.0  1.9  971.4  118.6  179.7  1.83  -0.24  -0.54  116.5
58268.0  1.9  971.4  118.6  179.4  1.78  0.30  -0.55  116.8
58269.0  1.7  971.7  118.6  179.1  1.61  0.58  -0.48  115.8
58270.0  1.5  971.5  118.6  179.0  1.69  1.30  -0.18  115.8
58271.0  2.0  971.6  118.6  178.9  1.91  1.26  0.47  115.6
58272.0  1.7  971.6  118.6  179.3  1.91  0.82  0.91  115.9
58273.0  2.2  971.6  118.6  179.8  1.97  0.68  -0.72  115.8
58274.0  1.8  971.5  118.6  179.6  1.68  0.16  -0.25  115.9
58275.0  1.6  971.3  118.6  179.5  1.67  0.35  -0.10  115.7
58276.0  1.8  971.4  118.6  179.6  1.96  0.75  0.29  115.3
58277.0  2.2  971.3  118.5  179.9  2.11  0.09  0.64  115.3
58278.0  1.9  971.6  118.5  180.3  1.86  -0.34  -0.11  115.4
58279.0  1.8  971.1  118.5  180.3  1.82  -0.32  -0.51  115.8
58280.0  2.0  971.9  118.5  180.2  1.96  -0.82  -0.57  116.3
58281.0  1.7  971.2  118.5  179.9  1.92  -0.86  -0.05  116.1
58282.0  2.0  971.5  118.4  179.9  2.10  -0.25  0.13  115.9
58283.0  2.0  971.3  118.4  180.0  2.07  0.27  -0.75  115.4
58284.0  2.2  971.5  118.4  179.7  2.13  0.47  -0.87  114.9
58285.0  1.8  971.4  118.4  179.4  1.92  0.14  -0.24  115.0
58286.0  1.8  971.5  118.3  179.3  2.17  0.47  -0.01  115.1
58287.0  2.0  971.3  118.3  179.3  2.36  1.03  0.25  114.5
58288.0  2.1  971.5  118.2  179.5  2.45  0.27  0.61  114.7
58289.0  2.1  970.8  118.1  179.9  2.56  -0.01  0.30  115.3
58290.0  1.9  971.7  118.0  180.2  2.48  0.11  -0.51  116.0
58291.0  1.9  971.5  117.9  180.0  2.36  -0.15  -0.85  115.5
58292.0  2.0  971.3  117.8  179.7  2.48  -0.20  -0.44  114.7
58293.0  2.1  971.4  117.7  179.5  2.44  -0.47  0.13  113.6
58294.0  2.0  971.6  117.7  179.6  2.44  0.34  0.49  112.8
58295.0  2.2  971.1  117.6  180.0  2.55  0.30  0.62  113.4
58296.0  2.2  971.7  117.5  180.4  2.62  -0.12  -0.12  114.1
58297.0  2.1  971.7  117.5  180.6  2.52  -0.55  -0.09  113.5
58298.0  1.7  971.5  117.4  180.6  2.47  -1.03  0.09  112.9
58299.0  2.4  971.9  117.3  180.7  2.76  -1.11  -1.16  113.9
58300.0  2.3  971.1  117.2  180.2  2.68  -1.03  -1.07  115.6
58301.0  1.7  971.5  117.1  179.6  2.34  -0.46  -0.25  115.2
58302.0  2.3  971.7  117.0  179.5  2.35  0.35  -0.47  115.3
58303.0  1.8  971.1  117.0  179.3  2.14  0.86  0.05  114.5
58304.0  1.8  971.8  116.9  179.4  2.10  0.87  0.31  114.3
58305.0  1.9  971.6  116.9  179.7  2.39  0.45  0.60  113.6
58306.0  2.0  971.2  116.8  180.1  2.40  0.41  0.75  113.5
58307.0  2.2  971.6  116.8  180.6  2.48  -0.45  0.33  113.2
58308.0  2.4  971.5  116.8  181.0  2.33  -0.99  -0.37  112.5
58309.0  1.8  971.5  116.8  180.9  1.98  -1.63  -0.62  111.7
58310.0  2.3  971.5  116.9  180.5  2.21  -2.30  -0.68  111.7
58311.0  2.2  971.0  116.9  180.1  2.29  -1.49  -0.88  113.9
58312.0  2.3  971.6  116.9  179.5  2.18  -1.17  -0.22  114.0
58313.0  2.3  971.4  116.9  179.3  1.95  -0.46  -0.19  112.8
58314.0  2.1  971.3  116.9  179.2  1.80  1.07  -0.43  112.7
58315.0  1.9  971.3  117.0  179.1  1.84  1.72  -0.18  112.6
58316.0  2.4  971.4  117.0  179.2  2.12  1.25  0.71  113.3
58317.0  2.4  970.8  117.0  179.7  2.05  0.91  -0.14  113.9
58318.0  1.8  971.1  117.1  179.8  1.66  0.68  -0.37  114.1
58319.0  2.0  971.2  117.1  179.7  1.72  0.23  -0.66  114.0
58320.0  2.0  971.4  117.1  179.5  1.76  0.24  -0.29  115.2
58321.0  1.8  971.3  117.2  179.4  1.78  0.43  -0.27  115.1
58322.0  1.6  971.7  117.2  179.3  1.85  0.29  0.54  115.2
58323.0  2.2  971.1  117.1  179.5  2.16  0.29  -0.20  114.7
58324.0  2.3  971.3  117.1  179.5  2.07  0.96  -0.47  114.8
58325.0  1.9  971.6  117.2  179.4  1.62  0.99  -0.21  114.0
58326.0  2.2  971.4  117.2  179.5  1.67  0.56  -0.17  114.9
58327.0  2.2  971.0  117.2  179.7  2.21  0.07  -0.61  115.6
58328.0  2.5  971.3  117.2  179.7  2.90  -0.77  -0.58  115.1
58329.0  2.2  971.3  117.0  179.5  2.87  -1.60  -0.10  115.0
58330.0  2.0  970.8  116.9  179.8  2.49  -1.02  -0.99  115.3
58331.0  1.7  971.1  116.8  179.3  2.28  -1.01  -0.43  114.1
58332.0  1.6  971.1  116.7  178.9  2.28  -1.48  0.55  113.7
58333.0  2.3  971.4  116.7  179.3  2.45  -2.69  -0.14  113.5
58334.0  2.2  971.2  116.7  179.7  2.37  -2.35  -0.28  113.7
58335.0  1.6  971.2  116.7  179.9  2.01  -2.02  0.34  112.6
58336.0  1.9  971.1  116.7  180.4  1.89  -1.83  0.40  110.1
58337.0  2.4  970.3  116.8  181.2  1.97  -0.35  -1.37  111.9
58338.0  2.4  970.9  116.9  181.0  1.65  1.30  -1.94  112.5
58339.0  2.0  971.0  117.0  179.6  1.46  1.66  -0.36  113.2
58340.0  2.0  971.1  117.1  178.5  1.70  -0.02  0.66  113.6
58341.0  2.0  971.4  117.1  178.8  2.07  -1.39  0.39  114.0
58342.0  2.5  971.4  117.1  179.7  2.75  -1.27  -0.43  114.4
58343.0  2.0  971.0  116.9  180.2  2.80  -0.31  -1.04  115.1
58344.0  2.0  971.5  116.8  179.7  2.63  0.99  -0.86  115.5
58345.0  2.4  971.3  116.7  179.1  2.68  2.27  -0.18  113.8
58346.0  2.2  971.2  116.6  178.8  2.71  2.45  0.57  114.2
58347.0  2.2  971.1  116.5  179.3  2.52  0.88  -0.02  114.5
58348.0  2.2  971.4  116.4  180.1  2.76  0.67  -0.77  114.0
58349.0  1.6  971.4  116.3  180.3  2.63  1.96  -0.56  113.3
58350.0  2.2  971.2  116.2  180.2  2.83  1.76  -0.01  113.8
58351.0  2.5  971.1  116.0  180.4  3.00  0.52  -0.69  115.6
58352.0  2.1  971.0  115.8  180.4  2.83  0.06  -0.87  114.1
58353.0  2.2  970.7  115.7  180.0  2.73  0.68  -0.36  114.2
58354.0  1.7  971.0  115.6  179.8  2.52  1.46  0.03  113.3
58355.0  1.9  971.0  115.5  179.9  2.57  1.77  0.80  113.6
58356.0  2.1  971.1  115.4  180.7  2.79  0.76  0.05  113.0
58357.0  2.2  971.0  115.4  181.6  2.83  -0.19  -1.06  111.2
58358.0  2.4  971.0  115.3  181.5  2.57  0.90  -0.87  110.2
58359.0  1.9  970.7  115.3  180.8  1.75  1.65  -0.29  111.3
58360.0  1.4  970.8  115.4  180.4  1.20  1.66  0.18  112.3
58361.0  2.3  970.3  115.6  180.7  1.70  1.87  0.16  112.7
58362.0  2.6  970.9  115.6  181.3  2.19  2.28  -0.67  112.5
58363.0  2.2  970.9  115.7  181.4  1.99  1.61  -0.70  112.4
58364.0  2.1  970.9  115.7  181.3  1.80  0.54  -0.26  112.7
58365.0  2.1  970.6  115.8  181.3  1.94  -0.11  0.20  113.4
58366.0  2.2  971.0  115.8  181.7  2.04  0.08  -0.80  113.3
58367.0  2.2  970.6  115.8  181.8  1.99  1.66  -0.66  112.9
58368.0  2.0  970.8  115.9  181.4  1.79  2.34  0.07  113.0
58369.0  2.3  971.2  115.9  181.6  1.83  1.22  -0.10  113.7
58370.0  2.2  970.9  116.0  182.0  1.83  0.36  -0.22  113.3
58371.0  1.9  970.9  116.0  182.4  1.73  0.32  -0.50  113.4
58372.0  2.0  971.0  116.1  182.4  1.54  0.15  -0.10  113.0
58373.0  2.3  971.1  116.2  182.5  1.65  -0.70  -0.41  113.6
58374.0  2.6  971.3  116.3  182.5  2.04  -0.80  -0.31  113.2
58375.0  2.2  971.3  116.3  182.6  1.89  0.25  -0.20  113.3
58376.0  1.8  971.0  116.4  182.6  1.41  1.39  0.18  113.4
58377.0  2.0  971.1  116.5  182.9  1.50  1.72  -0.09  114.1
58378.0  2.1  971.1  116.6  183.4  1.69  1.29  -0.49  114.6
58379.0  2.3  971.4  116.6  183.6  2.20  0.72  -0.66  114.3
58380.0  2.3  970.8  116.5  183.4  2.52  -0.15  -0.53  113.9
58381.0  2.1  971.5  116.5  183.2  2.33  -1.07  -0.27  113.6
58382.0  1.9  971.2  116.5  183.1  1.89  -1.74  -0.27  113.4
58383.0  2.1  971.1  116.5  183.0  1.87  -1.78  -0.25  113.2
58384.0  2.2  971.5  116.6  183.0  2.03  -1.16  -0.26  113.4
58385.0  2.3  971.2  116.6  182.9  2.11  -0.61  -0.21  113.2
58386.0  2.3  971.1  116.6  182.9  2.19  -0.78  -0.15  113.4
58387.0  2.3  971.5  116.6  183.0  2.30  -0.26  -0.14  113.1
