flight/WP3D/AircraftMet_NP3_20130616_RA.ict
43  1001
Ken Aikin
NOAA ESRL Chemical Sciences Division
various aircraft sensors
SENEX 2013
1  1
2013  06  16  2013  06  16
1
AOCTimewave
10
1  1  1  1  1  1  1  1  1  1
-9999  -9999  -9999  -9999  -9999  -9999  -9999  -9999  -9999  -9999
AmbTemp  C
DewPtTemp  C
DewPtTempTDL  C
H2Omr  g/kg
PotTemp  K
RelHumidity  pct
StaticPrs  mbar
VertWindSpd  m/s
WindDir  deg
WindSpd  m/s
1
SPECIAL COMMENTS:Atlanta power plants.
18
PI_CONTACT_INFO: Address: NOAA ESRL Chemical Sciences Division  Mail Stop R/CSD7  325 Broadway  Boulder  CO 80305
PLATFORM: NOAA WP-3D
LOCATION: The aircraft was stationed in  Smyrna  Tennessee. Aircraft location information in AircraftPosition file.
ASSOCIATED_DATA: N/A
INSTRUMENT_INFO: N/A
DATA_INFO: Units:AmbTemp celcius; DewPtTemp celcius; DewPtTempTDL celcius; H2Omr g/kg; PotTemp kelvin; RelHumidity percent; StaticPrs millibar; VertWindSpd m/s; WindDir degrees; WindSpd m/s
UNCERTAINTY: N/A
ULOD_FLAG: -7777
ULOD_VALUE: N/A
LLOD_FLAG: -8888
LLOD_VALUE: N/A
DM_CONTACT_INFO: Data Manager:Ken Aikin; email:Kenneth.C.Aikin@noaa.gov
PROJECT_INFO: SENEX 2013 Study; June 1 - July 15  2013
STIPULATIONS_ON_USE: Use of these data require prior ok from PI.
OTHER_COMMENTS:       None
REVISION: RA
RA: Preliminary Data.  For in-field use.
AOCTimewave  AmbTemp  DewPtTemp  DewPtTempTDL  H2Omr  PotTemp  RelHumidity  StaticPrs  VertWindSpd  WindDir  WindSpd
[from data line 5758]
60751.0  22.160  19.060  -30.720  14.96  300.78  82.13  937.73  -0.56  185.31  4.26
60752.0  22.140  19.060  -30.720  14.96  300.76  82.27  937.71  -0.78  178.56  4.17
60753.0  22.030  19.050  -30.720  14.95  300.66  82.77  937.58  -0.74  192.70  3.92
60754.0  22.070  19.070  -30.720  14.97  300.68  82.68  937.78  -0.48  190.70  3.93
60755.0  22.070  19.050  -30.720  14.96  300.69  82.63  937.63  -0.16  195.52  3.79
60756.0  22.160  19.060  -30.720  14.97  300.78  82.19  937.61  -0.19  193.08  4.15
60757.0  22.220  19.050  -30.720  14.96  300.85  81.79  937.62  -0.80  182.64  3.73
60758.0  22.210  19.090  -30.720  14.99  300.84  82.07  937.61  -0.88  181.80  3.86
60759.0  22.260  19.130  -30.720  15.03  300.89  82.01  937.70  -0.76  182.55  4.23
60760.0  22.200  19.130  -30.720  15.03  300.82  82.34  937.73  -1.11  175.74  4.35
60761.0  22.200  19.150  -30.720  15.05  300.81  82.47  937.76  -0.82  172.83  4.16
60762.0  22.200  19.150  -30.720  15.05  300.81  82.45  937.77  -0.89  184.20  3.88
60763.0  22.270  19.190  -30.720  15.09  300.89  82.32  937.73  -0.67  180.26  3.62
60764.0  22.280  19.170  -30.720  15.07  300.91  82.13  937.60  -0.72  185.39  3.51
60765.0  22.280  19.150  -30.720  15.05  300.90  82.02  937.71  -0.93  192.52  3.54
60766.0  22.270  19.160  -30.720  15.06  300.87  82.16  937.87  -1.16  193.59  3.62
60767.0  22.350  19.150  -30.720  15.05  300.96  81.70  937.78  -1.56  187.17  3.49
60768.0  22.310  19.120  -30.720  15.02  300.93  81.69  937.75  -1.26  184.75  3.90
60769.0  22.320  19.080  -30.720  14.98  300.93  81.45  937.84  -1.34  188.04  4.08
60770.0  22.270  19.030  -30.720  14.93  300.86  81.45  937.99  -1.18  193.57  4.09
60771.0  22.310  19.020  -30.720  14.92  300.92  81.18  937.86  -1.39  194.78  3.79
60772.0  22.360  19.000  -30.720  14.90  300.96  80.84  937.91  -1.33  190.42  3.55
60773.0  22.390  18.970  -30.720  14.88  301.01  80.52  937.73  -1.08  196.35  3.46
60774.0  22.390  18.920  -30.720  14.83  301.01  80.28  937.81  -1.04  191.88  3.67
60775.0  22.360  18.920  -30.720  14.83  300.97  80.44  937.83  -0.22  197.92  3.47
60776.0  22.410  18.930  -30.720  14.83  301.02  80.23  937.82  -0.09  176.68  3.59
60777.0  22.290  18.940  -30.720  14.85  300.92  80.91  937.60  -0.62  195.09  3.06
60778.0  22.540  18.960  -30.720  14.87  301.16  79.70  937.79  2.05  184.47  4.98
60779.0  22.270  18.970  -30.720  14.88  300.90  81.15  937.65  -1.10  203.43  3.78
60780.0  22.280  19.020  -30.720  14.93  300.93  81.36  937.47  -1.87  208.17  4.08
60781.0  22.250  19.050  -30.720  14.95  300.87  81.63  937.75  -0.93  194.33  3.19
60782.0  22.310  19.060  -30.720  14.96  300.93  81.39  937.70  -0.83  191.12  3.95
60783.0  22.270  19.120  -30.720  15.02  300.91  81.94  937.48  -0.37  182.76  3.46
60784.0  22.300  19.180  -30.720  15.08  300.93  82.09  937.55  0.02  186.67  3.84
60785.0  22.210  19.250  -30.720  15.15  300.85  82.90  937.44  -0.37  191.05  3.25
60786.0  22.290  19.310  -30.720  15.21  300.93  82.84  937.50  -0.40  179.52  4.13
60787.0  22.230  19.360  -30.720  15.25  300.86  83.36  937.65  -0.44  168.68  3.53
60788.0  22.280  19.410  -30.720  15.30  300.91  83.36  937.61  -0.48  172.48  4.34
60789.0  22.190  19.470  -30.720  15.36  300.82  84.22  937.50  -1.14  189.46  3.33
60790.0  22.280  19.540  -30.720  15.43  300.89  84.12  937.78  -0.17  195.83  4.14
60791.0  22.300  19.560  -30.720  15.45  300.92  84.13  937.70  -1.31  193.49  3.41
60792.0  22.390  19.600  -30.720  15.49  301.00  83.85  937.84  -0.86  186.96  4.14
60793.0  22.320  19.570  -30.720  15.46  300.91  84.05  938.05  -1.20  196.99  4.04
60794.0  22.380  19.580  -30.720  15.47  300.98  83.80  937.89  -1.66  197.74  4.76
60795.0  22.390  19.540  -30.720  15.42  300.97  83.51  938.15  -0.42  192.62  4.73
60796.0  22.300  19.510  -30.720  15.40  300.89  83.84  938.01  -0.08  195.13  4.18
60797.0  22.330  19.520  -30.720  15.41  300.95  83.72  937.72  -0.07  197.41  4.93
60798.0  22.310  19.520  -30.720  15.40  300.93  83.79  937.79  0.79  195.26  4.79
60799.0  22.310  19.500  -30.720  15.39  300.93  83.69  937.73  0.92  182.39  5.37
60800.0  22.270  19.480  -30.720  15.37  300.91  83.82  937.48  0.84  185.52  4.89
60801.0  22.230  19.480  -30.720  15.37  300.89  84.00  937.28  0.39  205.57  5.00
60802.0  22.290  19.490  -30.720  15.39  300.94  83.81  937.32  -0.17  205.34  4.21
60803.0  22.440  19.470  -30.720  15.37  301.11  82.86  937.24  -0.38  163.40  3.23
60804.0  22.440  19.480  -30.720  15.38  301.12  82.95  937.14  -0.69  188.10  4.57
60805.0  22.430  19.470  -30.720  15.36  301.09  82.90  937.37  -0.90  188.78  5.83
60806.0  22.330  19.450  -30.720  15.34  300.96  83.37  937.57  -0.99  188.07  4.96
60807.0  22.330  19.460  -30.720  15.36  300.96  83.42  937.63  -1.22  188.66  4.22
60808.0  22.320  19.410  -30.720  15.30  300.94  83.19  937.72  -0.76  194.56  4.27
60809.0  22.400  19.390  -30.720  15.28  301.01  82.69  937.78  -0.71  201.98  4.95
60810.0  22.430  19.370  -30.720  15.26  301.03  82.42  937.92  -0.53  193.11  5.06
60811.0  22.400  19.340  -30.720  15.23  301.00  82.46  937.93  -0.88  190.55  5.10
60812.0  22.440  19.300  -30.720  15.19  301.04  82.02  937.97  -1.26  188.74  4.79
60813.0  22.500  19.250  -30.720  15.14  301.09  81.39  938.10  -0.84  186.99  5.38
60814.0  22.450  19.230  -30.720  15.12  301.04  81.58  937.98  -0.91  192.32  5.34
60815.0  22.390  19.150  -30.720  15.05  301.00  81.51  937.85  -0.66  193.83  4.64
60816.0  22.360  19.100  -30.720  15.00  300.97  81.38  937.84  -0.19  196.09  4.36
60817.0  22.460  19.100  -30.720  15.00  301.08  80.84  937.69  0.16  188.91  4.14
60818.0  22.330  19.050  -30.720  14.96  300.95  81.26  937.74  -0.46  200.42  3.43
60819.0  22.460  19.010  -30.720  14.92  301.09  80.40  937.58  -0.48  199.67  3.77
60820.0  22.430  18.970  -30.720  14.88  301.07  80.31  937.54  0.16  190.33  3.97
60821.0  22.490  18.950  -30.720  14.86  301.14  79.95  937.45  -0.24  182.17  4.80
60822.0  22.420  18.920  -30.720  14.83  301.06  80.15  937.50  -0.37  180.79  4.07
60823.0  22.460  18.890  -30.720  14.80  301.08  79.75  937.77  1.85  177.35  3.93
60824.0  22.660  18.950  -30.720  14.87  301.31  79.09  937.50  2.36  170.32  4.91
60825.0  22.530  18.990  -30.720  14.90  301.22  79.89  937.09  1.14  170.71  4.03
60826.0  22.420  19.040  -30.720  14.95  301.09  80.73  937.18  0.81  202.22  3.29
60827.0  22.540  19.090  -30.720  15.00  301.22  80.39  937.19  0.23  194.92  3.88
60828.0  22.590  19.140  -30.720  15.05  301.27  80.40  937.10  1.18  192.23  4.80
60829.0  22.620  19.210  -30.720  15.12  301.30  80.61  937.05  0.62  189.01  4.90
60830.0  22.480  19.280  -30.720  15.18  301.17  81.65  937.08  1.06  202.59  4.13
60831.0  22.460  19.340  -30.720  15.24  301.14  82.06  937.11  0.01  205.24  3.57
60832.0  22.520  19.390  -30.720  15.30  301.20  82.07  937.14  -0.70  200.98  4.56
60833.0  22.430  19.370  -30.720  15.27  301.09  82.39  937.38  -0.35  192.70  4.40
60834.0  22.580  19.390  -30.720  15.28  301.20  81.74  937.76  1.29  171.59  4.75
60835.0  22.640  19.400  -30.720  15.30  301.31  81.46  937.30  0.89  175.62  6.22
60836.0  22.500  19.430  -30.720  15.33  301.16  82.34  937.33  0.59  182.81  5.84
60837.0  22.550  19.500  -30.720  15.39  301.19  82.47  937.51  -0.12  172.66  5.39
60838.0  22.510  19.530  -30.720  15.42  301.15  82.85  937.50  -1.30  176.82  4.84
60839.0  22.530  19.530  -30.720  15.42  301.15  82.74  937.76  -0.96  178.41  4.61
60840.0  22.390  19.470  -30.720  15.36  301.00  83.16  937.82  -1.29  190.88  3.58
60841.0  22.330  19.430  -30.720  15.31  300.92  83.22  938.05  -0.84  195.26  3.06
60842.0  22.400  19.420  -30.720  15.31  300.99  82.83  938.01  0.48  200.86  3.37
60843.0  22.490  19.400  -30.720  15.29  301.09  82.25  938.01  0.03  187.76  4.33
60844.0  22.460  19.390  -30.720  15.28  301.06  82.39  937.97  -0.82  186.11  4.20
60845.0  22.400  19.390  -30.720  15.28  301.00  82.69  937.96  0.17  192.25  4.18
60846.0  22.400  19.380  -30.720  15.27  300.99  82.61  938.09  0.52  189.74  3.41
60847.0  22.470  19.390  -30.720  15.28  301.08  82.28  937.88  -0.66  194.37  3.54
60848.0  22.600  19.380  -30.720  15.27  301.20  81.63  937.92  -0.90  192.65  4.11
60849.0  22.650  19.370  -30.720  15.26  301.25  81.31  937.90  -1.24  185.83  4.43
60850.0  22.640  19.300  -30.720  15.19  301.24  80.98  938.04  -0.03  148.90  4.41
60851.0  22.450  19.260  -30.720  15.15  301.05  81.72  937.93  -1.06  163.16  3.52
60852.0  22.420  19.230  -30.720  15.13  301.03  81.74  937.86  -1.29  173.33  3.67
60853.0  22.380  19.230  -30.720  15.13  300.98  81.98  937.89  -0.74  190.20  4.87
60854.0  22.480  19.260  -30.720  15.15  301.08  81.59  937.97  0.24  198.17  5.87
60855.0  22.550  19.260  -30.720  15.15  301.16  81.19  937.88  0.99  180.11  5.30
60856.0  22.420  19.270  -30.720  15.16  301.05  81.94  937.63  -0.07  180.98  4.73
60857.0  22.350  19.340  -30.720  15.24  300.98  82.66  937.61  -0.25  187.58  4.58
60858.0  22.330  19.350  -30.720  15.24  300.96  82.84  937.60  -0.24  193.14  4.59
60859.0  22.400  19.350  -30.720  15.24  301.04  82.47  937.52  0.19  192.36  5.16
60860.0  22.450  19.360  -30.720  15.25  301.06  82.27  937.86  1.59  194.57  3.58
60861.0  22.570  19.370  -30.720  15.27  301.22  81.71  937.48  2.11  204.94  3.87
60862.0  22.760  19.390  -30.720  15.29  301.43  80.81  937.26  1.14  189.95  4.15
60863.0  22.710  19.390  -30.720  15.29  301.39  81.08  937.21  2.26  167.73  3.11
60864.0  22.710  19.410  -30.720  15.31  301.41  81.16  936.99  0.22  174.27  3.82
60865.0  22.530  19.440  -30.720  15.35  301.22  82.26  937.00  0.17  181.75  4.46
60866.0  22.470  19.530  -30.720  15.43  301.15  83.04  937.08  -0.09  183.18  4.35
60867.0  22.480  19.590  -30.720  15.49  301.17  83.31  936.95  -0.14  187.76  4.77
60868.0  22.430  19.560  -30.720  15.45  301.10  83.37  937.25  0.07  190.49  5.13
60869.0  22.400  19.500  -30.720  15.40  301.07  83.27  937.23  -0.23  191.54  5.52
60870.0  22.480  19.460  -30.720  15.35  301.13  82.63  937.32  -0.59  183.17  5.12
60871.0  22.470  19.470  -30.720  15.36  301.10  82.71  937.67  -0.20  180.17  4.97
60872.0  22.500  19.480  -30.720  15.38  301.13  82.67  937.56  -0.47  187.63  5.31
60873.0  22.590  19.430  -30.720  15.33  301.23  81.89  937.61  -0.94  185.07  5.30
60874.0  22.520  19.360  -30.720  15.25  301.13  81.90  937.92  -1.26  179.34  4.35
60875.0  22.480  19.330  -30.720  15.22  301.07  81.93  938.14  0.88  198.00  5.90
60876.0  22.500  19.280  -30.720  15.17  301.11  81.56  937.94  -0.50  194.79  4.10
60877.0  22.500  19.290  -30.720  15.18  301.10  81.64  937.96  0.58  184.28  3.88
60878.0  22.560  19.270  -30.720  15.16  301.17  81.23  937.86  -0.07  180.44  3.81
60879.0  22.470  19.270  -30.720  15.17  301.10  81.71  937.62  -0.56  186.05  3.93
60880.0  22.460  19.250  -30.720  15.15  301.09  81.63  937.66  0.04  197.62  4.59
60881.0  22.510  19.250  -30.720  15.15  301.13  81.39  937.75  -0.41  192.15  4.74
60882.0  22.550  19.250  -30.720  15.14  301.16  81.18  937.84  -0.65  185.87  4.25
60883.0  22.530  19.260  -30.720  15.15  301.13  81.35  937.93  -0.79  192.89  4.82
60884.0  22.690  19.280  -30.720  15.18  301.30  80.63  937.87  -1.01  199.71  4.77
60885.0  22.740  19.240  -30.720  15.13  301.35  80.18  937.92  -0.90  197.61  4.74
60886.0  22.700  19.170  -30.720  15.07  301.31  80.05  937.84  -0.32  198.17  5.10
60887.0  22.690  19.100  -30.720  15.00  301.30  79.68  937.95  -0.35  194.62  5.07
60888.0  22.620  19.070  -30.720  14.97  301.23  79.88  937.88  -0.05  196.66  4.90
60889.0  22.510  19.050  -30.720  14.95  301.12  80.37  937.87  1.09  207.23  3.78
60890.0  22.700  19.100  -30.720  15.00  301.32  79.64  937.85  2.33  196.94  5.32
60891.0  22.590  19.190  -30.720  15.09  301.24  80.64  937.46  1.89  195.84  4.52
60892.0  22.600  19.210  -30.720  15.11  301.24  80.69  937.51  0.74  184.47  3.43
60893.0  22.590  19.170  -30.720  15.08  301.25  80.58  937.30  0.50  179.87  4.28
60894.0  22.530  19.160  -30.720  15.06  301.19  80.81  937.30  0.03  181.46  4.49
60895.0  22.460  19.140  -30.720  15.04  301.11  81.04  937.41  -0.11  183.83  4.61
60896.0  22.510  19.160  -30.720  15.06  301.16  80.88  937.43  -0.38  189.21  4.31
60897.0  22.580  19.150  -30.720  15.06  301.22  80.52  937.54  -0.65  203.20  3.96
60898.0  22.680  19.130  -30.720  15.04  301.33  79.90  937.44  -0.82  193.02  4.03
60899.0  22.660  19.050  -30.720  14.95  301.31  79.56  937.55  -0.60  191.72  3.78
60900.0  22.700  18.990  -30.720  14.90  301.34  79.08  937.60  -0.58  191.51  4.25
60901.0  22.620  18.980  -30.720  14.89  301.25  79.46  937.59  -0.58  192.54  4.34
60902.0  22.620  19.030  -30.720  14.94  301.25  79.68  937.74  -0.11  203.01  5.13
60903.0  22.580  19.070  -30.720  14.98  301.20  80.13  937.78  -0.98  202.06  4.58
60904.0  22.580  19.100  -30.720  15.00  301.20  80.26  937.81  -0.87  189.92  4.06
60905.0  22.620  19.160  -30.720  15.05  301.23  80.32  937.96  -0.47  181.31  4.63
60906.0  22.640  19.120  -30.720  15.02  301.24  80.05  938.02  -0.48  165.54  4.53
60907.0  22.620  19.100  -30.720  15.00  301.24  80.02  937.80  -0.23  161.19  5.38
60908.0  22.600  19.100  -30.720  15.00  301.23  80.12  937.74  -0.11  162.87  5.17
60909.0  22.550  19.110  -30.720  15.01  301.16  80.45  937.95  0.21  168.16  4.94
60910.0  22.520  19.100  -30.720  15.00  301.13  80.56  937.92  -0.15  164.59  5.15
60911.0  22.480  19.120  -30.720  15.01  301.08  80.84  937.98  0.24  169.56  4.68
60912.0  22.440  19.080  -30.720  14.98  301.05  80.84  937.88  0.59  175.74  4.78
60913.0  22.610  19.050  -30.720  14.96  301.25  79.83  937.63  1.34  192.65  4.65
60914.0  22.780  19.090  -30.720  14.99  301.43  79.17  937.57  0.88  169.64  3.84
60915.0  22.800  19.190  -30.720  15.09  301.44  79.60  937.58  1.21  159.34  3.27
60916.0  22.770  19.280  -30.720  15.19  301.43  80.23  937.43  0.59  171.32  4.36
60917.0  22.730  19.320  -30.720  15.22  301.39  80.63  937.34  0.51  192.95  5.03
60918.0  22.630  19.380  -30.720  15.28  301.30  81.43  937.26  -0.68  185.91  4.26
60919.0  22.580  19.410  -30.720  15.31  301.24  81.85  937.36  -0.28  187.11  4.54
60920.0  22.660  19.420  -30.720  15.32  301.32  81.47  937.43  -0.05  186.22  4.69
60921.0  22.680  19.380  -30.720  15.28  301.34  81.19  937.39  -0.56  183.97  4.41
60922.0  22.750  19.320  -30.720  15.21  301.39  80.50  937.56  -0.01  173.66  4.80
60923.0  22.630  19.250  -30.720  15.15  301.27  80.75  937.57  -0.16  187.06  4.90
60924.0  22.560  19.270  -30.720  15.17  301.21  81.23  937.41  -0.06  197.38  4.68
60925.0  22.680  19.280  -30.720  15.17  301.31  80.63  937.69  0.63  200.80  5.19
60926.0  22.760  19.250  -30.720  15.15  301.41  80.12  937.47  0.49  191.97  5.00
60927.0  22.760  19.250  -30.720  15.15  301.42  80.10  937.36  -0.22  189.52  5.54
60928.0  22.650  19.240  -30.720  15.14  301.29  80.64  937.57  0.35  198.68  5.37
60929.0  22.710  19.230  -30.720  15.13  301.35  80.22  937.64  2.19  193.98  3.91
60930.0  22.800  19.220  -30.720  15.12  301.46  79.76  937.39  1.59  165.06  2.68
60931.0  22.740  19.180  -30.720  15.09  301.41  79.85  937.29  -0.06  194.25  2.30
60932.0  22.710  19.170  -30.720  15.07  301.37  79.94  937.40  0.42  157.39  1.95
60933.0  22.810  19.150  -30.720  15.06  301.48  79.38  937.29  1.49  159.06  3.18
60934.0  22.670  19.130  -30.720  15.04  301.34  79.96  937.18  0.77  197.83  3.42
60935.0  22.650  19.140  -30.720  15.05  301.31  80.12  937.36  0.26  194.78  3.02
60936.0  22.740  19.140  -30.720  15.05  301.41  79.65  937.26  0.77  190.09  3.86
60937.0  22.680  19.160  -30.720  15.06  301.35  80.03  937.27  0.49  187.38  3.45
60938.0  22.630  19.240  -30.720  15.14  301.29  80.70  937.31  -0.05  203.26  2.98
60939.0  22.710  19.280  -30.720  15.18  301.36  80.53  937.39  -0.98  193.92  2.83
60940.0  22.670  19.290  -30.720  15.19  301.31  80.78  937.58  -0.66  194.49  2.41
