flight/WP3D/AircraftMis_NP3_20130706_RA.ict
41  1001
Ken Aikin
NOAA ESRL Chemical Sciences Division
various aircraft sensors
SENEX 2013
1  1
2013  07  06  2013  07  06
1
AOCTimewave
8
1  1  1  1  1  1  1  1
-9999  -9999  -9999  -9999  -9999  -9999  -9999  -9999
Attack  deg
CabinPrs  mbar
GndSpd  m/s
Heading  deg
Pitch  deg
Roll  deg
Slip  deg
TrueAirSpd  m/s
1
SPECIAL COMMENTS:PA shale flight.
18
PI_CONTACT_INFO: Address: NOAA ESRL Chemical Sciences Division  Mail Stop R/CSD7  325 Broadway  Boulder  CO 80305
PLATFORM: NOAA WP-3D
LOCATION: The aircraft was stationed in  Smyrna  Tennessee. Aircraft location information in AircraftPosition file.
ASSOCIATED_DATA: N/A
INSTRUMENT_INFO: N/A
DATA_INFO: Units: Attack degrees; CabinPrs millibar; GndSpd m/s; Heading degrees; Pitch degrees; Roll degrees; Slip degrees; TrueAirSpd m/s
UNCERTAINTY: N/A
ULOD_FLAG: -7777
ULOD_VALUE: N/A
LLOD_FLAG: -8888
LLOD_VALUE: N/A
DM_CONTACT_INFO: Data Manager:Ken Aikin; email:Kenneth.C.Aikin@noaa.gov
PROJECT_INFO: SENEX 2013 Study; June 1 - July 15  2013
STIPULATIONS_ON_USE: Use of these data require prior ok from PI.
OTHER_COMMENTS:       None
REVISION: RA
RA: Preliminary Data.  For in-field use.
AOCTimewave  Attack  CabinPrs  GndSpd  Heading  Pitch  Roll  Slip  TrueAirSpd
[from data line 3472]
55031.0  1.1  950.9  172.4  61.3  1.14  -1.39  -0.84  156.4
55032.0  1.1  950.8  172.4  61.3  1.13  -1.35  -0.86  156.2
55033.0  1.2  950.6  172.4  61.2  1.23  -1.25  -0.77  156.0
55034.0  1.2  951.1  172.4  61.2  1.34  -1.22  -0.77  155.9
55035.0  1.1  950.8  172.4  61.2  1.14  -1.18  -0.79  155.8
55036.0  1.1  950.6  172.5  61.2  1.15  -1.18  -0.76  155.8
55037.0  1.2  950.8  172.5  61.2  1.17  -1.17  -0.80  155.7
55038.0  1.2  950.7  172.5  61.2  1.16  -1.12  -0.78  155.5
55039.0  1.1  951.2  172.5  61.2  1.11  -1.07  -0.80  155.4
55040.0  1.2  951.1  172.5  61.2  1.20  -1.10  -0.81  155.3
55041.0  1.2  950.8  172.5  61.2  1.15  -1.11  -0.84  155.4
55042.0  1.2  950.9  172.6  61.1  1.14  -1.12  -0.78  155.5
55043.0  1.2  950.8  172.6  61.1  1.22  -1.18  -0.85  155.6
55044.0  1.2  951.1  172.6  61.1  1.21  -1.10  -0.80  155.6
55045.0  1.1  950.8  172.6  61.1  1.13  -0.94  -0.76  155.4
55046.0  1.2  950.8  172.6  61.1  1.25  -0.88  -0.79  155.7
55047.0  1.1  951.0  172.6  61.1  1.15  -0.93  -0.84  155.6
55048.0  1.2  950.7  172.6  61.1  1.27  -1.07  -0.79  155.7
55049.0  1.2  950.7  172.6  61.1  1.28  -1.07  -0.77  155.8
55050.0  1.1  951.1  172.6  61.1  1.10  -0.98  -0.77  156.1
55051.0  1.2  950.9  172.6  61.1  1.24  -0.94  -0.74  156.2
55052.0  1.1  951.1  172.6  61.1  1.22  -0.97  -0.73  156.2
55053.0  1.1  950.8  172.6  61.2  1.19  -1.08  -0.71  156.4
55054.0  1.1  950.7  172.6  61.3  1.14  -1.24  -0.75  156.5
55055.0  1.1  950.6  172.6  61.3  1.20  -1.32  -0.82  156.6
55056.0  1.1  951.1  172.6  61.3  1.17  -1.21  -0.95  156.6
55057.0  1.1  951.0  172.6  61.2  1.15  -1.10  -0.92  156.5
55058.0  1.1  951.0  172.6  61.1  1.22  -1.18  -0.74  156.5
55059.0  1.1  950.6  172.6  61.1  1.20  -1.04  -0.82  156.4
55060.0  1.1  951.1  172.6  61.1  1.19  -0.85  -0.83  156.3
55061.0  1.1  951.0  172.6  61.0  1.13  -0.94  -0.81  156.2
55062.0  1.2  951.0  172.6  61.0  1.17  -1.00  -0.78  156.3
55063.0  1.1  951.1  172.6  61.0  1.17  -0.89  -0.79  156.3
55064.0  1.1  951.0  172.6  61.0  1.11  -0.85  -0.80  156.3
55065.0  1.1  951.0  172.6  61.0  1.15  -1.00  -0.79  156.5
55066.0  1.1  950.9  172.6  61.0  1.23  -1.11  -0.83  156.6
55067.0  1.1  951.0  172.6  61.0  1.13  -1.03  -0.78  156.3
55068.0  1.1  951.1  172.6  61.0  1.13  -0.94  -0.81  156.2
55069.0  1.1  951.1  172.6  61.0  1.14  -0.87  -0.81  156.1
55070.0  1.1  951.1  172.6  60.9  1.13  -0.85  -0.82  156.0
55071.0  1.2  950.9  172.6  60.9  1.26  -0.80  -0.83  155.9
55072.0  1.1  950.9  172.6  60.9  1.25  -0.80  -0.79  155.9
55073.0  1.1  951.1  172.6  60.9  1.24  -0.86  -0.86  156.0
55074.0  1.1  951.0  172.6  60.8  1.25  -0.75  -0.93  156.1
55075.0  1.2  951.0  172.6  60.7  1.35  -0.62  -0.92  156.4
55076.0  1.1  951.0  172.5  60.6  1.26  -0.58  -0.84  156.5
55077.0  1.1  951.0  172.5  60.5  1.27  -0.56  -0.68  156.5
55078.0  1.2  951.2  172.5  60.6  1.36  -0.38  -0.73  156.3
55079.0  1.1  950.9  172.5  60.6  1.24  -0.25  -0.76  156.3
55080.0  1.1  950.9  172.4  60.7  1.30  -0.45  -0.78  156.4
55081.0  1.1  950.9  172.4  60.7  1.31  -0.61  -0.79  156.4
55082.0  1.1  951.0  172.4  60.7  1.35  -0.64  -0.74  156.4
55083.0  1.1  950.9  172.4  60.8  1.32  -0.62  -0.73  156.3
55084.0  1.1  951.2  172.3  60.8  1.32  -0.60  -0.76  156.3
55085.0  1.1  951.0  172.3  60.9  1.32  -0.67  -0.79  156.2
55086.0  1.1  951.2  172.3  60.9  1.28  -0.80  -0.81  156.1
55087.0  1.1  951.0  172.3  60.9  1.29  -0.91  -0.77  156.1
55088.0  1.1  950.9  172.2  60.9  1.32  -0.88  -0.78  156.2
55089.0  1.1  951.1  172.2  60.9  1.26  -0.73  -0.76  156.3
55090.0  1.1  951.1  172.2  60.9  1.20  -0.77  -0.75  156.3
55091.0  1.1  951.0  172.2  60.9  1.25  -0.91  -0.79  156.3
55092.0  1.2  951.1  172.2  60.9  1.28  -0.97  -0.76  156.1
55093.0  1.1  951.1  172.2  61.0  1.22  -0.93  -0.79  156.2
55094.0  1.1  951.2  172.2  61.0  1.21  -0.86  -0.78  156.1
55095.0  1.2  951.5  172.2  61.0  1.30  -0.86  -0.77  156.1
55096.0  1.1  951.1  172.2  61.0  1.25  -0.91  -0.79  156.0
55097.0  1.2  951.0  172.1  61.0  1.30  -1.00  -0.78  155.9
55098.0  1.1  951.3  172.1  61.0  1.15  -0.97  -0.79  155.8
55099.0  1.1  951.5  172.1  61.0  1.19  -0.92  -0.78  155.7
55100.0  1.2  951.0  172.1  61.0  1.27  -0.92  -0.77  155.6
55101.0  1.1  951.1  172.1  61.0  1.17  -0.92  -0.80  155.6
55102.0  1.2  951.7  172.2  61.0  1.18  -0.95  -0.77  155.5
55103.0  1.2  951.1  172.2  61.0  1.24  -1.02  -0.77  155.6
55104.0  1.1  951.2  172.2  61.0  1.11  -1.02  -0.75  155.6
55105.0  1.2  951.4  172.2  61.0  1.25  -1.00  -0.77  155.4
55106.0  1.1  951.4  172.2  61.0  1.17  -0.95  -0.80  155.5
55107.0  1.1  951.1  172.2  61.0  1.20  -0.93  -0.77  155.5
55108.0  1.2  951.0  172.2  61.0  1.22  -0.96  -0.76  155.8
55109.0  1.2  951.1  172.2  61.0  1.23  -1.08  -0.74  155.8
55110.0  1.1  951.1  172.2  61.0  1.17  -1.09  -0.77  155.8
55111.0  1.2  951.0  172.2  61.0  1.22  -0.98  -0.77  155.7
55112.0  1.2  951.5  172.2  61.0  1.24  -0.99  -0.78  155.6
55113.0  1.2  951.1  172.2  61.0  1.29  -1.07  -0.79  155.5
55114.0  1.1  950.9  172.2  61.0  1.18  -1.07  -0.79  155.5
55115.0  1.2  951.3  172.2  61.0  1.31  -1.08  -0.76  155.4
55116.0  1.2  951.0  172.2  61.0  1.36  -1.02  -0.79  155.2
55117.0  1.2  951.2  172.2  61.0  1.28  -0.91  -0.81  155.2
55118.0  1.1  951.2  172.2  61.0  1.21  -0.97  -0.79  155.2
55119.0  1.2  951.3  172.2  61.0  1.32  -1.08  -0.78  155.1
55120.0  1.2  951.1  172.2  61.0  1.26  -1.02  -0.77  155.0
55121.0  1.2  951.2  172.2  61.0  1.29  -0.95  -0.77  155.0
55122.0  1.2  951.5  172.2  60.9  1.28  -0.93  -0.76  154.9
55123.0  1.2  951.1  172.2  60.9  1.35  -0.94  -0.77  155.0
55124.0  1.1  951.2  172.2  61.0  1.24  -0.97  -0.79  155.0
55125.0  1.2  950.9  172.2  60.9  1.33  -1.05  -0.81  154.9
55126.0  1.2  951.2  172.2  60.9  1.36  -1.04  -0.83  154.9
55127.0  1.2  951.1  172.2  60.8  1.40  -0.92  -0.77  154.9
55128.0  1.2  951.1  172.2  60.8  1.30  -0.85  -0.78  154.9
55129.0  1.2  951.4  172.2  60.8  1.34  -0.85  -0.77  155.0
55130.0  1.3  951.3  172.2  60.8  1.39  -0.88  -0.77  155.0
55131.0  1.2  951.4  172.2  60.9  1.39  -0.85  -0.76  155.1
55132.0  1.2  951.3  172.2  60.9  1.31  -0.81  -0.76  155.2
55133.0  1.2  951.4  172.2  60.9  1.27  -0.85  -0.76  155.3
55134.0  1.3  951.4  172.2  61.0  1.35  -0.92  -0.81  155.2
55135.0  1.2  951.1  172.2  60.9  1.30  -0.99  -0.83  155.0
55136.0  1.2  951.1  172.2  60.9  1.25  -1.05  -0.79  155.2
55137.0  1.2  951.4  172.2  60.9  1.25  -1.04  -0.79  155.3
55138.0  1.2  951.1  172.2  60.9  1.26  -0.96  -0.77  155.3
55139.0  1.1  951.3  172.2  60.8  1.20  -0.95  -0.69  155.2
55140.0  1.2  951.2  172.2  60.9  1.34  -0.90  -0.76  155.1
55141.0  1.2  951.4  172.2  60.9  1.32  -0.77  -0.86  155.1
55142.0  1.3  951.0  172.2  60.9  1.47  -0.90  -0.79  155.0
55143.0  1.2  951.2  172.2  60.9  1.31  -1.06  -0.74  155.0
55144.0  1.2  951.6  172.2  60.9  1.32  -1.06  -0.72  154.9
55145.0  1.3  951.3  172.2  61.0  1.40  -0.98  -0.75  154.9
55146.0  1.2  951.5  172.2  61.0  1.35  -0.97  -0.79  155.0
55147.0  1.3  951.3  172.2  61.0  1.40  -1.03  -0.83  155.1
55148.0  1.1  951.5  172.2  61.0  1.20  -1.09  -0.83  155.1
55149.0  1.3  951.2  172.2  60.9  1.33  -1.12  -0.80  155.2
55150.0  1.2  951.2  172.2  60.9  1.25  -1.07  -0.81  155.3
55151.0  1.2  951.1  172.2  60.8  1.25  -0.95  -0.81  155.3
55152.0  1.2  951.2  172.2  60.7  1.30  -0.89  -0.76  155.2
55153.0  1.2  951.3  172.1  60.7  1.29  -0.85  -0.72  155.2
55154.0  1.2  951.1  172.1  60.8  1.30  -0.77  -0.68  155.2
55155.0  1.2  951.3  172.1  60.8  1.33  -0.70  -0.74  155.1
55156.0  1.3  951.2  172.1  60.9  1.42  -0.70  -0.80  155.1
55157.0  1.2  951.2  172.1  60.9  1.33  -0.83  -0.83  155.1
55158.0  1.1  951.0  172.1  60.9  1.24  -1.01  -0.79  155.1
55159.0  1.2  951.3  172.1  60.8  1.34  -1.00  -0.74  155.1
55160.0  1.1  951.0  172.1  60.8  1.24  -0.87  -0.73  155.1
55161.0  1.2  951.2  172.1  60.9  1.30  -0.78  -0.79  155.0
55162.0  1.2  951.2  172.1  60.9  1.32  -0.78  -0.84  154.8
55163.0  1.2  951.1  172.1  60.9  1.31  -0.89  -0.80  154.7
55164.0  1.3  951.6  172.1  60.9  1.33  -1.08  -0.74  154.7
55165.0  1.2  951.3  172.1  60.9  1.27  -1.10  -0.77  154.7
55166.0  1.2  951.2  172.1  60.9  1.24  -0.96  -0.76  154.7
55167.0  1.2  951.3  172.1  60.9  1.19  -0.89  -0.75  154.8
55168.0  1.3  951.4  172.2  60.9  1.26  -0.97  -0.77  154.8
55169.0  1.2  951.5  172.2  60.9  1.23  -1.10  -0.82  154.8
55170.0  1.3  951.5  172.2  60.9  1.29  -1.15  -0.79  154.8
55171.0  1.2  951.6  172.2  60.9  1.21  -1.09  -0.78  154.8
55172.0  1.2  951.4  172.2  60.8  1.22  -0.98  -0.79  154.8
55173.0  1.2  951.4  172.2  60.8  1.27  -0.89  -0.75  154.7
55174.0  1.2  951.2  172.3  60.9  1.21  -0.91  -0.74  154.7
55175.0  1.2  951.2  172.3  60.9  1.19  -0.99  -0.77  154.7
55176.0  1.2  951.3  172.3  60.9  1.20  -1.08  -0.78  154.7
55177.0  1.2  951.2  172.3  60.9  1.26  -1.05  -0.78  154.7
55178.0  1.2  951.1  172.3  60.9  1.24  -0.97  -0.75  154.7
55179.0  1.2  951.1  172.3  60.9  1.21  -0.96  -0.71  154.8
55180.0  1.2  951.4  172.4  60.9  1.20  -1.05  -0.72  154.9
55181.0  1.2  951.3  172.4  61.0  1.28  -1.12  -0.76  155.0
55182.0  1.3  951.1  172.4  61.0  1.36  -1.09  -0.79  154.8
55183.0  1.2  951.4  172.4  61.0  1.34  -1.06  -0.80  154.9
55184.0  1.1  951.0  172.4  61.0  1.24  -1.13  -0.81  154.9
55185.0  1.2  951.4  172.4  61.0  1.26  -1.25  -0.81  154.8
55186.0  1.2  951.3  172.4  60.9  1.35  -1.25  -0.78  154.7
55187.0  1.2  951.1  172.4  60.9  1.37  -1.11  -0.79  154.8
55188.0  1.3  951.4  172.4  60.9  1.41  -1.00  -0.80  154.7
55189.0  1.2  951.3  172.4  60.9  1.32  -1.08  -0.79  154.6
55190.0  1.2  951.0  172.4  60.9  1.31  -1.21  -0.82  154.6
55191.0  1.3  951.4  172.4  60.9  1.37  -1.19  -0.81  154.5
55192.0  1.4  951.1  172.4  60.8  1.51  -1.02  -0.79  154.6
55193.0  1.1  951.6  172.4  60.8  1.29  -0.89  -0.79  154.6
55194.0  1.2  951.3  172.4  60.8  1.35  -0.96  -0.82  154.7
55195.0  1.3  951.1  172.4  60.8  1.43  -1.04  -0.78  154.8
55196.0  1.2  951.0  172.4  60.8  1.32  -1.02  -0.79  154.8
55197.0  1.2  951.5  172.4  60.8  1.41  -0.97  -0.80  154.8
55198.0  1.2  951.4  172.4  60.8  1.42  -0.90  -0.80  154.7
55199.0  1.3  951.2  172.4  60.8  1.47  -0.88  -0.79  154.7
55200.0  1.2  951.5  172.4  60.8  1.33  -0.92  -0.79  154.7
55201.0  1.2  951.1  172.4  60.8  1.32  -1.01  -0.81  154.7
55202.0  1.3  951.2  172.4  60.8  1.37  -1.03  -0.80  154.6
55203.0  1.2  951.7  172.4  60.7  1.36  -0.92  -0.78  154.6
55204.0  1.2  951.4  172.4  60.7  1.30  -1.69  -0.82  154.6
55205.0  1.2  951.4  172.4  60.7  1.32  -2.45  -0.85  154.7
55206.0  1.3  951.8  172.4  60.5  1.36  -2.34  -0.81  154.6
55207.0  1.2  951.2  172.4  60.4  1.31  -1.99  -0.75  154.5
55208.0  1.2  951.4  172.4  60.4  1.32  -1.84  -0.68  154.5
55209.0  1.2  951.2  172.5  60.4  1.36  -1.80  -0.74  154.5
55210.0  1.2  951.4  172.5  60.4  1.35  -1.76  -0.76  154.5
55211.0  1.2  951.3  172.5  60.3  1.32  -1.72  -0.78  154.4
55212.0  1.2  951.5  172.5  60.3  1.36  -1.72  -0.78  154.4
55213.0  1.3  951.2  172.5  60.3  1.39  -1.71  -0.77  154.4
55214.0  1.3  951.7  172.5  60.2  1.39  -1.63  -0.80  154.4
55215.0  1.2  951.6  172.5  60.2  1.25  -1.53  -0.80  154.5
55216.0  1.3  951.5  172.6  60.1  1.31  -1.51  -0.79  154.5
55217.0  1.3  951.3  172.6  60.1  1.34  -1.47  -0.79  154.5
55218.0  1.2  951.8  172.6  60.1  1.23  -1.43  -0.78  154.5
55219.0  1.3  951.4  172.6  60.0  1.30  -1.39  -0.79  154.6
55220.0  1.2  951.2  172.6  60.0  1.22  -1.34  -0.78  154.6
55221.0  1.2  951.2  172.7  60.0  1.20  -1.30  -0.80  154.7
55222.0  1.3  951.1  172.7  60.0  1.27  -1.24  -0.80  154.7
55223.0  1.2  950.9  172.7  60.0  1.20  -1.21  -0.81  154.8
55224.0  1.2  951.2  172.7  60.0  1.17  -1.25  -0.86  154.9
55225.0  1.1  951.6  172.8  59.9  1.11  -1.28  -0.81  154.9
55226.0  1.2  951.5  172.8  59.8  1.20  -1.21  -0.76  154.8
55227.0  1.2  951.4  172.8  59.8  1.21  -1.04  -0.76  154.8
55228.0  1.2  951.4  172.8  59.8  1.16  -0.90  -0.80  154.8
55229.0  1.3  951.6  172.9  59.8  1.20  -0.90  -0.80  154.8
55230.0  1.2  951.4  172.9  59.8  1.14  -1.00  -0.80  154.8
55231.0  1.2  951.4  172.9  59.8  1.14  -1.14  -0.78  154.8
55232.0  1.2  951.3  173.0  59.8  1.13  -1.07  -0.80  154.9
55233.0  1.2  951.5  173.0  59.8  1.08  -0.85  -0.87  154.9
55234.0  1.2  951.4  173.0  59.8  1.07  -0.78  -0.84  155.2
55235.0  1.2  951.6  173.1  59.7  1.17  -1.11  -0.79  155.0
55236.0  1.1  951.4  173.1  59.7  1.14  -1.15  -0.82  155.0
55237.0  1.2  951.6  173.1  59.7  1.22  -0.82  -0.77  155.0
55238.0  1.4  951.5  173.1  59.7  1.36  -0.59  -0.75  155.0
55239.0  1.2  951.8  173.1  59.7  1.20  -0.63  -0.80  155.2
55240.0  1.1  951.8  173.1  59.7  1.16  -0.89  -0.83  155.3
55241.0  1.2  951.5  173.1  59.7  1.28  -0.96  -0.82  155.3
55242.0  1.1  951.7  173.1  59.7  1.22  -0.90  -0.88  155.5
55243.0  1.1  951.4  173.1  59.6  1.20  -0.74  -0.87  155.5
55244.0  1.2  951.6  173.1  59.6  1.29  -0.72  -0.73  155.5
55245.0  1.2  951.4  173.1  59.6  1.28  -0.70  -0.77  155.5
55246.0  1.1  951.5  173.1  59.6  1.23  -0.66  -0.75  155.3
55247.0  1.2  951.6  173.1  59.7  1.30  -0.80  -0.77  155.2
55248.0  1.2  951.5  173.1  59.7  1.26  -0.88  -0.81  155.1
55249.0  1.2  951.2  173.1  59.6  1.33  -0.85  -0.82  155.1
55250.0  1.2  951.5  173.1  59.6  1.27  -0.79  -0.75  155.2
55251.0  1.2  951.6  173.1  59.7  1.33  -0.78  -0.79  155.2
55252.0  1.3  951.7  173.1  59.7  1.35  -0.75  -0.80  155.2
55253.0  1.2  951.3  173.1  59.7  1.29  -0.75  -0.77  155.2
55254.0  1.1  951.4  173.1  59.7  1.19  -0.88  -0.76  155.2
55255.0  1.2  951.3  173.1  59.8  1.28  -0.98  -0.77  155.2
55256.0  1.2  951.9  173.1  59.8  1.24  -0.93  -0.78  155.0
55257.0  1.2  951.5  173.1  59.8  1.28  -0.93  -0.86  155.1
55258.0  1.1  951.5  173.1  59.8  1.22  -0.90  -0.82  155.1
55259.0  1.2  951.5  173.2  59.8  1.26  -0.97  -0.84  155.3
55260.0  1.2  951.5  173.2  59.7  1.22  -1.00  -0.83  155.3
55261.0  1.2  951.5  173.2  59.7  1.30  -0.97  -0.88  155.1
55262.0  1.2  951.6  173.2  59.6  1.29  -0.90  -0.80  155.1
55263.0  1.2  951.3  173.2  59.6  1.26  -0.83  -0.76  155.2
55264.0  1.2  951.3  173.2  59.7  1.29  -0.73  -0.78  155.2
55265.0  1.2  951.6  173.2  59.7  1.31  -0.73  -0.76  155.2
55266.0  1.2  951.3  173.2  59.7  1.26  -0.94  -0.72  155.1
55267.0  1.2  951.4  173.2  59.8  1.23  -1.08  -0.76  155.0
55268.0  1.2  951.8  173.2  59.8  1.26  -1.07  -0.80  154.9
55269.0  1.3  951.4  173.2  59.8  1.33  -0.99  -0.80  154.9
55270.0  1.2  951.4  173.2  59.8  1.28  -0.99  -0.80  154.8
55271.0  1.2  951.6  173.2  59.8  1.27  -1.11  -0.80  154.9
55272.0  1.2  951.6  173.2  59.8  1.17  -1.13  -0.82  154.8
55273.0  1.2  951.5  173.3  59.7  1.22  -1.00  -0.79  154.8
55274.0  1.3  951.6  173.3  59.7  1.27  -0.93  -0.78  154.8
55275.0  1.2  951.7  173.3  59.8  1.22  -0.94  -0.79  154.8
55276.0  1.2  951.5  173.3  59.8  1.17  -1.03  -0.77  154.7
55277.0  1.3  951.3  173.3  59.7  1.28  -1.13  -0.77  154.7
55278.0  1.2  951.5  173.4  59.8  1.18  -1.08  -0.79  154.8
55279.0  1.2  951.3  173.4  59.8  1.13  -0.99  -0.78  154.6
55280.0  1.3  951.6  173.4  59.8  1.23  -0.98  -0.78  154.8
55281.0  1.2  951.6  173.4  59.8  1.18  -1.00  -0.82  155.0
55282.0  1.2  951.5  173.5  59.7  1.15  -1.02  -0.79  154.9
55283.0  1.2  951.5  173.5  59.7  1.21  -1.07  -0.79  155.0
55284.0  1.2  951.5  173.5  59.7  1.17  -1.01  -0.78  154.9
55285.0  1.2  951.7  173.5  59.7  1.16  -0.95  -0.77  154.9
55286.0  1.2  951.5  173.6  59.7  1.18  -0.92  -0.79  155.1
55287.0  1.2  951.2  173.6  59.6  1.20  -0.91  -0.78  155.1
55288.0  1.2  951.4  173.6  59.6  1.21  -0.97  -0.74  155.2
55289.0  1.2  951.3  173.6  59.6  1.29  -0.96  -0.77  155.2
55290.0  1.1  951.4  173.6  59.6  1.09  -0.85  -0.77  155.2
55291.0  1.3  951.3  173.6  59.6  1.30  -0.85  -0.76  155.1
55292.0  1.2  951.7  173.6  59.6  1.28  -0.90  -0.77  155.1
55293.0  1.1  951.7  173.6  59.6  1.17  -0.95  -0.76  155.2
55294.0  1.2  951.5  173.6  59.7  1.27  -1.02  -0.76  155.2
55295.0  1.2  951.3  173.6  59.7  1.27  -0.99  -0.77  155.1
