flight/WP3D/AircraftPos_NP3_20130702_RA.ict
38  1001
Ken Aikin
NOAA ESRL Chemical Sciences Division
various aircraft sensors
SENEX 2013
1  1
2013  07  02  2013  07  02
1
AOCTimewave
5
1  1  1  1  1 
-9999  -9999  -9999  -9999  -9999
GpsLat  deg
GpsLon  deg
GpsAlt  m
PAlt  m
RAlt  m
1
SPECIAL COMMENTS:Birmingham PP night flight.
18
PI_CONTACT_INFO: Address: NOAA ESRL Chemical Sciences Division  Mail Stop R/CSD7  325 Broadway  Boulder  CO 80305
PLATFORM: NOAA WP-3D
LOCATION: The aircraft was stationed in Smyrna  Tennessee. Aircraft location information in AircraftPosition file.
ASSOCIATED_DATA: N/A
INSTRUMENT_INFO: N/A
DATA_INFO: Units:GpsLat:decimal degrees; GpsLon: decimal degrees; GpsAlt: meters; PAlt:meters; RAlt: meters.
UNCERTAINTY: N/A
ULOD_FLAG: -7777
ULOD_VALUE: N/A
LLOD_FLAG: -8888
LLOD_VALUE: N/A
DM_CONTACT_INFO: Data Manager:Ken Aikin; email:Kenneth.C.Aikin@noaa.gov
PROJECT_INFO: SENEX 2013 Study; June 1 - July 15  2013
STIPULATIONS_ON_USE: Use of these data require prior ok from PI.
OTHER_COMMENTS:       None
REVISION: RA
RA: Preliminary Data.  For in-field use.
AOCTimewave  GpsLat  GpsLon  GpsAlt  PAlt  RAlt
[from data line 4364]
 8482.0  32.3853   -87.5996    541.3    505.2    488.4
 8483.0  32.3863   -87.5996    541.3    506.1    485.1
 8484.0  32.3874   -87.5995    541.3    507.2    483.7
 8485.0  32.3884   -87.5995    541.3    507.1    481.3
 8486.0  32.3894   -87.5995    541.7    509.4    482.9
 8487.0  32.3904   -87.5995    542.5    509.6    483.9
 8488.0  32.3914   -87.5995    542.5    509.5    483.2
 8489.0  32.3925   -87.5995    542.5    508.6    485.5
 8490.0  32.3935   -87.5994    542.5    508.9    484.9
 8491.0  32.3945   -87.5994    542.5    508.4    486.8
 8492.0  32.3955   -87.5994    542.5    508.6    483.5
 8493.0  32.3965   -87.5994    542.5    507.5    484.4
 8494.0  32.3976   -87.5993    542.5    507.8    483.8
 8495.0  32.3986   -87.5993    542.3    508.6    484.5
 8496.0  32.3996   -87.5993    541.3    508.5    481.4
 8497.0  32.4006   -87.5993    541.3    507.8    485.4
 8498.0  32.4016   -87.5993    541.3    507.8    483.4
 8499.0  32.4027   -87.5992    540.9    508.2    482.5
 8500.0  32.4037   -87.5992    540.1    506.9    480.9
 8501.0  32.4047   -87.5992    540.1    507.0    479.4
 8502.0  32.4057   -87.5992    540.1    507.1    478.4
 8503.0  32.4067   -87.5991    540.1    506.8    478.4
 8504.0  32.4078   -87.5991    540.1    506.8    479.8
 8505.0  32.4088   -87.5991    540.1    506.5    482.7
 8506.0  32.4098   -87.5991    540.1    505.8    486.1
 8507.0  32.4108   -87.5991    540.1    505.9    479.3
 8508.0  32.4118   -87.5990    540.1    504.6    480.3
 8509.0  32.4129   -87.5990    540.1    505.2    474.7
 8510.0  32.4139   -87.5990    540.5    506.0    478.3
 8511.0  32.4149   -87.5990    541.1    506.3    474.2
 8512.0  32.4159   -87.5990    540.1    505.4    477.3
 8513.0  32.4170   -87.5990    540.8    506.2    474.8
 8514.0  32.4180   -87.5989    541.3    507.3    480.6
 8515.0  32.4190   -87.5989    541.1    506.2    472.6
 8516.0  32.4200   -87.5989    540.1    505.0    472.7
 8517.0  32.4210   -87.5989    540.1    504.7    474.7
 8518.0  32.4221   -87.5989    540.5    505.3    472.7
 8519.0  32.4231   -87.5990    541.3    505.8    473.4
 8520.0  32.4241   -87.5990    541.3    506.2    472.4
 8521.0  32.4251   -87.5990    541.3    506.3    473.9
 8522.0  32.4262   -87.5991    541.3    505.9    471.1
 8523.0  32.4272   -87.5991    541.3    505.8    468.4
 8524.0  32.4282   -87.5991    541.3    506.2    469.8
 8525.0  32.4292   -87.5992    541.3    507.1    464.0
 8526.0  32.4302   -87.5992    541.3    507.3    464.1
 8527.0  32.4313   -87.5993    541.3    507.6    461.3
 8528.0  32.4323   -87.5994    541.3    507.5    462.8
 8529.0  32.4333   -87.5994    541.3    507.7    465.8
 8530.0  32.4343   -87.5995    541.3    507.2    456.1
 8531.0  32.4354   -87.5995    541.3    507.6    454.9
 8532.0  32.4364   -87.5996    541.3    507.1    455.9
 8533.0  32.4374   -87.5996    541.3    506.9    455.5
 8534.0  32.4384   -87.5997    541.3    506.8    456.9
 8535.0  32.4394   -87.5997    541.3    506.6    460.1
 8536.0  32.4405   -87.5998    541.3    507.4    461.4
 8537.0  32.4415   -87.5998    541.3    507.6    464.7
 8538.0  32.4425   -87.5999    541.3    507.8    466.1
 8539.0  32.4435   -87.5999    541.3    507.2    470.1
 8540.0  32.4446   -87.6000    541.3    507.3    475.7
 8541.0  32.4456   -87.6000    541.3    508.7    474.8
 8542.0  32.4466   -87.6001    541.3    508.6    471.6
 8543.0  32.4476   -87.6001    542.2    508.4    476.5
 8544.0  32.4486   -87.6001    542.5    507.3    479.3
 8545.0  32.4497   -87.6002    542.5    507.7    481.8
 8546.0  32.4507   -87.6002    542.5    508.0    481.4
 8547.0  32.4517   -87.6002    542.5    508.1    479.1
 8548.0  32.4527   -87.6002    542.5    508.1    479.6
 8549.0  32.4538   -87.6002    542.5    507.9    482.2
 8550.0  32.4548   -87.6003    542.5    507.5    481.5
 8551.0  32.4558   -87.6003    542.5    507.4    478.6
 8552.0  32.4568   -87.6003    542.5    506.9    478.0
 8553.0  32.4579   -87.6003    542.5    508.2    477.0
 8554.0  32.4589   -87.6003    542.5    508.5    477.3
 8555.0  32.4599   -87.6003    541.7    508.1    476.7
 8556.0  32.4609   -87.6003    542.5    507.9    479.1
 8557.0  32.4620   -87.6003    542.5    507.3    478.1
 8558.0  32.4630   -87.6003    542.5    506.3    479.8
 8559.0  32.4640   -87.6003    541.7    506.5    480.7
 8560.0  32.4650   -87.6003    541.3    506.1    484.8
 8561.0  32.4661   -87.6003    541.3    505.7    485.3
 8562.0  32.4671   -87.6004    541.3    505.5    490.9
 8563.0  32.4681   -87.6004    541.3    506.2    493.7
 8564.0  32.4691   -87.6004    541.3    506.0    495.8
 8565.0  32.4702   -87.6004    541.3    506.8    495.8
 8566.0  32.4712   -87.6004    541.3    507.4    495.8
 8567.0  32.4722   -87.6004    541.3    508.3    504.2
 8568.0  32.4732   -87.6004    541.3    508.0    503.0
 8569.0  32.4743   -87.6004    541.3    507.2    503.9
 8570.0  32.4753   -87.6004    541.3    507.6    506.9
 8571.0  32.4763   -87.6004    541.3    508.0    505.8
 8572.0  32.4773   -87.6004    541.3    508.2    508.1
 8573.0  32.4784   -87.6004    541.3    508.1    508.5
 8574.0  32.4794   -87.6004    541.3    506.9    507.9
 8575.0  32.4804   -87.6004    541.3    506.8    507.6
 8576.0  32.4815   -87.6004    541.3    507.5    505.9
 8577.0  32.4825   -87.6004    541.3    507.2    500.3
 8578.0  32.4835   -87.6004    541.3    508.1    500.1
 8579.0  32.4845   -87.6004    541.3    508.2    499.9
 8580.0  32.4856   -87.6004    541.3    507.2    500.4
 8581.0  32.4866   -87.6004    541.3    506.2    500.8
 8582.0  32.4876   -87.6004    541.3    506.5    500.4
 8583.0  32.4887   -87.6004    541.3    507.1    506.8
 8584.0  32.4897   -87.6004    541.3    507.1    507.8
 8585.0  32.4907   -87.6003    541.3    506.2    500.0
 8586.0  32.4917   -87.6003    541.3    506.4    498.6
 8587.0  32.4928   -87.6003    541.3    506.9    497.4
 8588.0  32.4938   -87.6003    541.3    505.8    497.3
 8589.0  32.4948   -87.6003    541.3    506.2    498.5
 8590.0  32.4958   -87.6003    541.3    507.1    500.0
 8591.0  32.4969   -87.6003    541.3    505.6    502.4
 8592.0  32.4979   -87.6003    541.3    505.7    497.4
 8593.0  32.4989   -87.6003    541.3    506.9    502.6
 8594.0  32.5000   -87.6003    541.3    506.9    495.8
 8595.0  32.5010   -87.6002    541.3    507.5    496.9
 8596.0  32.5020   -87.6002    541.3    507.2    498.1
 8597.0  32.5031   -87.6002    541.3    507.8    495.5
 8598.0  32.5041   -87.6002    541.3    506.4    501.1
 8599.0  32.5051   -87.6002    541.3    506.7    498.7
 8600.0  32.5061   -87.6002    541.3    508.2    489.6
 8601.0  32.5072   -87.6002    541.3    508.7    490.1
 8602.0  32.5082   -87.6001    541.3    507.9    492.0
 8603.0  32.5093   -87.6001    541.3    507.2    494.8
 8604.0  32.5103   -87.6001    541.3    506.9    494.8
 8605.0  32.5113   -87.6001    541.3    506.3    493.2
 8606.0  32.5123   -87.6001    541.3    507.9    494.5
 8607.0  32.5134   -87.6001    541.6    509.7    496.0
 8608.0  32.5144   -87.6001    542.5    509.5    495.4
 8609.0  32.5154   -87.6001    542.5    507.4    492.7
 8610.0  32.5165   -87.6001    542.5    507.2    491.4
 8611.0  32.5175   -87.6001    542.5    506.5    496.6
 8612.0  32.5185   -87.6001    542.5    506.7    500.4
 8613.0  32.5195   -87.6001    542.5    505.6    501.9
 8614.0  32.5206   -87.6001    542.5    505.7    496.5
 8615.0  32.5216   -87.6001    542.5    506.2    493.5
 8616.0  32.5226   -87.6001    542.5    505.8    497.9
 8617.0  32.5237   -87.6001    542.5    506.3    494.6
 8618.0  32.5247   -87.6001    542.5    507.0    493.4
 8619.0  32.5257   -87.6001    542.5    507.3    497.6
 8620.0  32.5268   -87.6001    542.5    506.6    496.6
 8621.0  32.5278   -87.6001    542.5    505.3    506.2
 8622.0  32.5288   -87.6001    542.5    507.1    505.5
 8623.0  32.5299   -87.6001    542.5    507.4    502.5
 8624.0  32.5309   -87.6001    542.5    507.0    499.1
 8625.0  32.5319   -87.6001    542.5    505.5    499.9
 8626.0  32.5330   -87.6001    542.5    505.6    501.3
 8627.0  32.5340   -87.6001    542.5    507.0    507.7
 8628.0  32.5350   -87.6001    542.5    508.0    507.7
 8629.0  32.5361   -87.6000    542.5    508.0    513.2
 8630.0  32.5371   -87.6000    542.5    508.9    507.8
 8631.0  32.5381   -87.6000    542.3    509.4    511.0
 8632.0  32.5392   -87.6000    541.3    508.6    511.9
 8633.0  32.5402   -87.6000    541.3    507.6    511.7
 8634.0  32.5412   -87.6000    541.3    507.2    508.7
 8635.0  32.5423   -87.6000    541.3    507.9    509.5
 8636.0  32.5433   -87.6000    542.2    507.0    510.4
 8637.0  32.5443   -87.6000    542.5    506.1    508.2
 8638.0  32.5454   -87.5999    542.5    505.9    509.5
 8639.0  32.5464   -87.5999    541.6    506.6    503.8
 8640.0  32.5474   -87.5999    541.3    508.6    503.1
 8641.0  32.5485   -87.5999    541.3    508.0    503.7
 8642.0  32.5495   -87.5999    541.3    507.0    504.0
 8643.0  32.5505   -87.5999    541.6    507.2    503.3
 8644.0  32.5515   -87.5999    542.5    507.7    503.4
 8645.0  32.5526   -87.5999    541.8    507.1    504.0
 8646.0  32.5536   -87.5998    541.3    507.7    510.4
 8647.0  32.5546   -87.5998    541.3    508.0    509.3
 8648.0  32.5557   -87.5998    541.3    507.8    509.4
 8649.0  32.5567   -87.5998    541.3    507.5    509.3
 8650.0  32.5577   -87.5998    541.3    506.6    508.2
 8651.0  32.5588   -87.5998    541.3    507.4    504.6
 8652.0  32.5598   -87.5998    541.8    508.6    497.3
 8653.0  32.5608   -87.5997    542.5    509.2    496.6
 8654.0  32.5619   -87.5997    542.5    509.2    497.5
 8655.0  32.5629   -87.5997    542.3    509.5    503.4
 8656.0  32.5639   -87.5997    541.3    508.0    499.5
 8657.0  32.5650   -87.5997    541.3    505.7    498.5
 8658.0  32.5660   -87.5997    542.0    506.8    492.3
 8659.0  32.5670   -87.5997    542.5    506.7    494.1
 8660.0  32.5681   -87.5997    542.5    507.3    496.6
 8661.0  32.5691   -87.5997    542.5    507.3    498.6
 8662.0  32.5701   -87.5997    542.5    507.6    498.1
 8663.0  32.5711   -87.5997    542.5    508.0    496.6
 8664.0  32.5722   -87.5997    542.5    507.3    496.3
 8665.0  32.5732   -87.5996    542.5    507.5    496.4
 8666.0  32.5742   -87.5996    542.5    507.8    496.3
 8667.0  32.5753   -87.5996    542.5    507.8    499.0
 8668.0  32.5763   -87.5996    542.5    506.8    497.1
 8669.0  32.5773   -87.5996    542.5    506.5    499.0
 8670.0  32.5784   -87.5996    542.5    505.6    495.5
 8671.0  32.5794   -87.5996    542.5    507.5    499.3
 8672.0  32.5804   -87.5996    542.5    506.6    498.4
 8673.0  32.5814   -87.5996    542.5    505.2    494.8
 8674.0  32.5825   -87.5996    542.5    506.3    495.1
 8675.0  32.5835   -87.5996    542.5    506.2    496.5
 8676.0  32.5845   -87.5996    542.5    507.4    496.7
 8677.0  32.5856   -87.5996    542.5    508.4    496.9
 8678.0  32.5866   -87.5996    542.5    507.2    498.3
 8679.0  32.5876   -87.5996    542.5    506.5    498.0
 8680.0  32.5887   -87.5996    542.5    506.4    502.4
 8681.0  32.5897   -87.5996    542.5    506.8    500.1
 8682.0  32.5907   -87.5996    542.5    508.7    498.1
 8683.0  32.5917   -87.5996    542.5    508.9    494.4
 8684.0  32.5928   -87.5997    542.3    509.1    494.4
 8685.0  32.5938   -87.5997    541.3    507.9    494.5
 8686.0  32.5948   -87.5997    541.3    508.9    500.5
 8687.0  32.5958   -87.5997    541.6    508.6    500.1
 8688.0  32.5969   -87.5997    541.6    507.4    500.5
 8689.0  32.5979   -87.5998    541.3    507.6    500.0
 8690.0  32.5989   -87.5998    541.3    508.2    498.3
 8691.0  32.6000   -87.5998    542.3    508.6    496.3
 8692.0  32.6010   -87.5998    542.5    509.4    501.8
 8693.0  32.6020   -87.5998    542.5    508.7    491.0
 8694.0  32.6031   -87.5999    541.7    507.5    491.7
 8695.0  32.6041   -87.5999    541.3    507.6    490.9
 8696.0  32.6051   -87.5999    541.3    506.7    492.8
 8697.0  32.6061   -87.5999    541.3    505.6    490.7
 8698.0  32.6072   -87.5999    541.3    506.0    488.4
 8699.0  32.6082   -87.6000    541.9    506.4    492.8
 8700.0  32.6092   -87.6000    543.8    506.9    495.8
 8701.0  32.6103   -87.6000    544.8    508.1    495.5
 8702.0  32.6113   -87.6000    545.0    506.3    492.7
 8703.0  32.6123   -87.6000    544.4    507.2    492.4
 8704.0  32.6133   -87.6001    542.5    507.2    493.2
 8705.0  32.6144   -87.6001    542.5    506.5    496.5
 8706.0  32.6154   -87.6001    542.5    507.0    496.3
 8707.0  32.6164   -87.6001    542.5    507.2    490.1
 8708.0  32.6175   -87.6001    542.5    506.9    490.6
 8709.0  32.6185   -87.6001    542.5    506.3    485.9
 8710.0  32.6195   -87.6002    542.5    506.0    493.4
 8711.0  32.6205   -87.6002    542.5    507.4    486.5
 8712.0  32.6216   -87.6002    542.5    508.9    485.4
 8713.0  32.6226   -87.6002    542.5    507.9    485.2
 8714.0  32.6236   -87.6002    542.5    506.6    489.8
 8715.0  32.6246   -87.6002    542.5    505.6    497.6
 8716.0  32.6257   -87.6002    542.5    505.8    494.9
 8717.0  32.6267   -87.6002    542.5    507.9    491.3
 8718.0  32.6277   -87.6003    542.5    506.4    489.2
 8719.0  32.6288   -87.6003    542.5    503.7    489.4
 8720.0  32.6298   -87.6003    542.5    504.2    489.8
 8721.0  32.6308   -87.6003    542.5    505.5    485.1
 8722.0  32.6318   -87.6003    542.5    507.0    485.4
 8723.0  32.6329   -87.6003    542.5    507.2    487.7
 8724.0  32.6339   -87.6003    542.5    508.4    491.0
 8725.0  32.6349   -87.6003    542.5    508.1    495.4
 8726.0  32.6360   -87.6003    542.5    507.0    497.1
 8727.0  32.6370   -87.6003    542.5    507.9    497.6
 8728.0  32.6380   -87.6003    542.5    506.9    501.8
 8729.0  32.6390   -87.6003    542.5    507.1    503.3
 8730.0  32.6401   -87.6004    542.5    507.5    504.1
 8731.0  32.6411   -87.6004    542.5    507.2    498.3
 8732.0  32.6421   -87.6004    542.5    508.2    500.2
 8733.0  32.6431   -87.6004    542.5    508.1    504.1
 8734.0  32.6442   -87.6004    542.5    508.0    500.4
 8735.0  32.6452   -87.6004    542.5    506.9    502.9
 8736.0  32.6462   -87.6004    542.5    506.9    492.7
 8737.0  32.6473   -87.6004    542.5    506.1    491.8
 8738.0  32.6483   -87.6004    542.5    505.3    491.3
 8739.0  32.6493   -87.6004    542.5    503.9    489.6
 8740.0  32.6503   -87.6004    542.5    503.5    490.1
 8741.0  32.6514   -87.6004    542.5    504.7    490.5
 8742.0  32.6524   -87.6005    542.5    505.0    492.5
 8743.0  32.6534   -87.6005    542.5    506.4    496.9
 8744.0  32.6544   -87.6005    542.5    506.9    494.6
 8745.0  32.6555   -87.6005    542.5    505.9    489.9
 8746.0  32.6565   -87.6005    542.5    505.9    491.6
 8747.0  32.6575   -87.6005    542.5    506.2    490.3
 8748.0  32.6585   -87.6005    542.5    506.6    492.0
 8749.0  32.6596   -87.6005    542.5    507.9    496.5
 8750.0  32.6606   -87.6005    542.5    508.3    495.5
 8751.0  32.6616   -87.6005    542.8    506.9    499.7
 8752.0  32.6626   -87.6006    543.8    506.1    493.7
 8753.0  32.6637   -87.6006    543.8    506.3    493.2
 8754.0  32.6647   -87.6006    543.8    506.7    494.0
 8755.0  32.6657   -87.6006    543.8    507.3    494.4
 8756.0  32.6668   -87.6006    543.8    507.3    487.1
 8757.0  32.6678   -87.6006    543.8    506.8    489.6
 8758.0  32.6688   -87.6006    543.8    507.1    485.5
 8759.0  32.6698   -87.6006    543.1    506.9    484.1
 8760.0  32.6709   -87.6006    543.8    506.7    481.1
 8761.0  32.6719   -87.6006    543.8    508.1    480.5
 8762.0  32.6729   -87.6006    543.8    507.4    478.0
 8763.0  32.6739   -87.6006    543.7    507.6    483.7
 8764.0  32.6750   -87.6006    543.8    507.5    483.3
 8765.0  32.6760   -87.6006    543.8    507.5    490.1
 8766.0  32.6770   -87.6006    543.8    507.1    486.2
 8767.0  32.6780   -87.6006    543.8    506.8    481.2
 8768.0  32.6791   -87.6006    543.8    506.4    488.2
 8769.0  32.6801   -87.6007    543.8    505.5    487.1
 8770.0  32.6811   -87.6008    543.8    504.5    483.8
 8771.0  32.6821   -87.6009    543.8    503.9    482.1
