flight/WP3D/AircraftPos_NP3_20130612_RA.ict
38  1001
Ken Aikin
NOAA ESRL Chemical Sciences Division
various aircraft sensors
SENEX 2013
1  1
2013  06  12  2013  06  12
1
AOCTimewave
5
1  1  1  1  1 
-9999  -9999  -9999  -9999  -9999
GpsLat  deg
GpsLon  deg
GpsAlt  m
PAlt  m
RAlt  m
1
SPECIAL COMMENTS:Atlanta flight.
18
PI_CONTACT_INFO: Address: NOAA ESRL Chemical Sciences Division  Mail Stop R/CSD7  325 Broadway  Boulder  CO 80305
PLATFORM: NOAA WP-3D
LOCATION: The aircraft was stationed in Smyrna  Tennessee. Aircraft location information in AircraftPosition file.
ASSOCIATED_DATA: N/A
INSTRUMENT_INFO: N/A
DATA_INFO: Units:GpsLat:decimal degrees; GpsLon: decimal degrees; GpsAlt: meters; PAlt:meters; RAlt: meters.
UNCERTAINTY: N/A
ULOD_FLAG: -7777
ULOD_VALUE: N/A
LLOD_FLAG: -8888
LLOD_VALUE: N/A
DM_CONTACT_INFO: Data Manager:Ken Aikin; email:Kenneth.C.Aikin@noaa.gov
PROJECT_INFO: SENEX 2013 Study; June 1 - July 15  2013
STIPULATIONS_ON_USE: Use of these data require prior ok from PI.
OTHER_COMMENTS:       None
REVISION: RA
RA: Preliminary Data.  For in-field use.
AOCTimewave  GpsLat  GpsLon  GpsAlt  PAlt  RAlt
[from data line 7564]
60862.0  33.2823   -84.1008    851.0    752.0    665.7
60863.0  33.2833   -84.1007    851.0    753.2    660.0
60864.0  33.2843   -84.1007    851.0    753.7    660.7
60865.0  33.2853   -84.1007    851.0    752.9    662.4
60866.0  33.2863   -84.1007    850.0    752.7    657.1
60867.0  33.2873   -84.1007    849.8    751.7    653.8
60868.0  33.2882   -84.1007    849.1    750.9    645.2
60869.0  33.2893   -84.1006    848.6    751.0    642.0
60870.0  33.2903   -84.1006    848.6    751.0    647.5
60871.0  33.2913   -84.1006    848.6    751.2    655.6
60872.0  33.2923   -84.1006    848.6    751.6    661.3
60873.0  33.2933   -84.1006    848.6    750.4    663.8
60874.0  33.2943   -84.1006    848.6    749.5    665.8
60875.0  33.2953   -84.1006    849.8    750.9    668.1
60876.0  33.2963   -84.1005    850.3    752.1    672.1
60877.0  33.2973   -84.1005    850.8    752.3    672.8
60878.0  33.2983   -84.1005    850.1    750.8    673.4
60879.0  33.2993   -84.1005    850.1    752.2    675.7
60880.0  33.3003   -84.1005    849.8    751.5    671.4
60881.0  33.3013   -84.1005    849.8    751.5    666.8
60882.0  33.3023   -84.1005    849.8    751.8    661.6
60883.0  33.3033   -84.1005    849.8    749.2    655.7
60884.0  33.3043   -84.1004    849.8    751.3    648.4
60885.0  33.3053   -84.1004    849.8    751.2    648.7
60886.0  33.3063   -84.1004    849.8    752.0    653.6
60887.0  33.3073   -84.1004    849.5    751.7    651.8
60888.0  33.3084   -84.1003    848.6    751.4    656.3
60889.0  33.3094   -84.1003    848.6    751.0    655.9
60890.0  33.3104   -84.1003    848.6    750.8    660.9
60891.0  33.3114   -84.1003    848.3    750.7    660.9
60892.0  33.3124   -84.1002    848.2    750.9    662.5
60893.0  33.3134   -84.1002    848.6    751.4    663.9
60894.0  33.3144   -84.1002    848.6    751.2    666.6
60895.0  33.3155   -84.1002    848.6    750.7    666.9
60896.0  33.3165   -84.1001    849.8    751.1    652.7
60897.0  33.3175   -84.1001    849.8    752.2    656.5
60898.0  33.3185   -84.1001    849.8    751.4    657.6
60899.0  33.3195   -84.1000    850.2    750.8    641.8
60900.0  33.3206   -84.1000    851.0    752.5    639.6
60901.0  33.3216   -84.1000    851.0    751.7    640.9
60902.0  33.3226   -84.1000    851.0    753.2    651.3
60903.0  33.3236   -84.0999    851.0    752.7    657.4
60904.0  33.3246   -84.0999    850.1    753.5    650.7
60905.0  33.3257   -84.0999    849.8    753.3    648.9
60906.0  33.3267   -84.0999    848.7    751.8    647.7
60907.0  33.3277   -84.0999    848.4    750.9    641.4
60908.0  33.3287   -84.0999    847.3    749.2    645.2
60909.0  33.3297   -84.0998    847.3    749.6    640.8
60910.0  33.3308   -84.0998    846.8    748.9    640.3
60911.0  33.3318   -84.0998    846.1    748.8    626.4
60912.0  33.3328   -84.0998    846.1    749.9    624.2
60913.0  33.3338   -84.0998    846.1    750.2    619.5
60914.0  33.3349   -84.0998    846.1    749.4    623.1
60915.0  33.3359   -84.0998    846.1    747.9    617.5
60916.0  33.3369   -84.0998    846.1    748.6    621.9
60917.0  33.3379   -84.0998    846.1    746.7    620.7
60918.0  33.3389   -84.0998    846.8    746.6    613.4
60919.0  33.3400   -84.0998    847.3    748.1    609.8
60920.0  33.3410   -84.0998    848.5    748.5    611.3
60921.0  33.3420   -84.0998    848.6    749.4    614.2
60922.0  33.3430   -84.0998    849.1    750.7    613.2
60923.0  33.3440   -84.0998    849.8    751.9    614.9
60924.0  33.3451   -84.0998    849.8    752.2    618.4
60925.0  33.3461   -84.0998    850.2    752.8    625.6
60926.0  33.3471   -84.0997    851.0    752.9    631.5
60927.0  33.3481   -84.0997    851.0    751.9    630.5
60928.0  33.3492   -84.0997    851.0    752.8    619.4
60929.0  33.3502   -84.0997    851.0    753.9    623.0
60930.0  33.3512   -84.0997    851.0    753.2    615.8
60931.0  33.3522   -84.0997    851.0    753.6    610.0
60932.0  33.3533   -84.0997    851.0    754.5    609.5
60933.0  33.3543   -84.0997    851.0    753.9    614.0
60934.0  33.3553   -84.0997    851.0    753.9    616.0
60935.0  33.3563   -84.0997    850.6    753.4    617.3
60936.0  33.3574   -84.0997    849.8    753.7    622.1
60937.0  33.3584   -84.0997    849.8    753.2    626.3
60938.0  33.3594   -84.0997    849.8    752.7    625.6
60939.0  33.3605   -84.0997    849.8    751.7    633.3
60940.0  33.3615   -84.0997    849.8    750.6    622.1
60941.0  33.3625   -84.0997    849.8    750.2    623.0
60942.0  33.3636   -84.0997    849.9    750.5    623.1
60943.0  33.3646   -84.0997    851.0    753.1    620.7
60944.0  33.3656   -84.0997    850.6    751.9    624.0
60945.0  33.3667   -84.0997    849.8    752.3    628.6
60946.0  33.3677   -84.0996    849.8    753.1    627.2
60947.0  33.3688   -84.0996    849.9    753.0    623.7
60948.0  33.3698   -84.0996    849.8    752.1    620.8
60949.0  33.3708   -84.0996    848.6    750.9    615.9
60950.0  33.3719   -84.0996    848.3    749.8    610.3
60951.0  33.3729   -84.0996    847.3    749.2    601.4
60952.0  33.3740   -84.0996    847.3    749.4    600.8
60953.0  33.3750   -84.0996    847.3    750.2    600.0
60954.0  33.3760   -84.0996    847.3    750.7    599.7
60955.0  33.3771   -84.0996    847.1    749.2    595.8
60956.0  33.3781   -84.0996    846.1    749.9    604.1
60957.0  33.3792   -84.0996    846.1    748.1    613.4
60958.0  33.3802   -84.0996    846.1    747.6    612.7
60959.0  33.3813   -84.0996    846.1    747.5    616.5
60960.0  33.3823   -84.0996    845.1    747.6    619.6
60961.0  33.3833   -84.0996    846.1    746.9    624.3
60962.0  33.3844   -84.0996    846.1    748.3    617.7
60963.0  33.3854   -84.0996    846.1    749.6    624.7
60964.0  33.3865   -84.0996    846.1    748.8    634.3
60965.0  33.3875   -84.0996    845.9    747.7    630.1
60966.0  33.3886   -84.0996    846.1    749.3    628.7
60967.0  33.3896   -84.0996    847.1    750.2    618.5
60968.0  33.3906   -84.0996    847.3    749.5    621.2
60969.0  33.3917   -84.0996    847.3    750.1    616.9
60970.0  33.3927   -84.0996    847.3    749.3    613.0
60971.0  33.3938   -84.0996    847.3    750.9    614.5
60972.0  33.3948   -84.0996    848.0    749.7    611.2
60973.0  33.3959   -84.0996    847.8    750.4    615.7
60974.0  33.3969   -84.0996    847.3    751.7    619.5
60975.0  33.3979   -84.0996    847.6    750.0    630.9
60976.0  33.3990   -84.0996    848.5    748.0    634.5
60977.0  33.4000   -84.0996    848.6    748.5    639.9
60978.0  33.4011   -84.0996    848.6    749.7    647.7
60979.0  33.4021   -84.0996    847.7    750.1    651.0
60980.0  33.4031   -84.0996    847.4    749.9    650.5
60981.0  33.4042   -84.0996    848.6    749.9    650.6
60982.0  33.4052   -84.0996    848.6    749.3    647.3
60983.0  33.4063   -84.0997    847.7    748.4    642.5
60984.0  33.4073   -84.0997    847.3    748.9    644.2
60985.0  33.4083   -84.0997    847.5    749.3    644.6
60986.0  33.4094   -84.0997    848.6    749.9    641.7
60987.0  33.4104   -84.0997    849.3    750.8    632.4
60988.0  33.4115   -84.0997    849.8    752.5    624.9
60989.0  33.4125   -84.0997    850.3    753.1    623.1
60990.0  33.4135   -84.0997    851.5    752.9    626.4
60991.0  33.4146   -84.0997    852.4    755.2    631.4
60992.0  33.4156   -84.0997    853.4    757.3    631.9
60993.0  33.4167   -84.0997    852.4    755.2    623.4
60994.0  33.4177   -84.0997    852.2    756.3    627.3
60995.0  33.4188   -84.0997    851.3    756.1    628.2
60996.0  33.4198   -84.0998    850.5    754.9    614.2
60997.0  33.4209   -84.0998    849.7    753.4    620.9
60998.0  33.4219   -84.0998    848.6    752.2    615.0
60999.0  33.4230   -84.0998    848.3    750.9    621.3
61000.0  33.4240   -84.0998    847.9    750.4    615.9
61001.0  33.4251   -84.0998    848.7    752.3    612.3
61002.0  33.4261   -84.0998    849.8    752.6    608.6
61003.0  33.4272   -84.0998    850.6    753.5    611.6
61004.0  33.4282   -84.0998    851.0    752.6    607.6
61005.0  33.4293   -84.0998    852.1    754.7    605.8
61006.0  33.4303   -84.0998    852.2    754.2    603.5
61007.0  33.4314   -84.0999    851.0    754.4    607.9
61008.0  33.4324   -84.0999    852.2    754.3    620.0
61009.0  33.4335   -84.0999    851.3    753.5    620.7
61010.0  33.4346   -84.0999    850.4    752.5    612.8
61011.0  33.4356   -84.0999    849.2    751.5    614.8
61012.0  33.4367   -84.0999    848.0    751.3    611.7
61013.0  33.4377   -84.0999    846.9    749.5    620.4
61014.0  33.4388   -84.0999    846.1    748.3    616.8
61015.0  33.4398   -84.0999    846.1    747.1    617.0
61016.0  33.4409   -84.0999    845.1    747.0    615.1
61017.0  33.4420   -84.0999    844.9    746.3    607.6
61018.0  33.4430   -84.0999    844.9    746.5    603.8
61019.0  33.4441   -84.0999    844.9    747.1    607.0
61020.0  33.4451   -84.0999    844.9    747.0    610.1
61021.0  33.4462   -84.1000    844.9    747.1    623.2
61022.0  33.4472   -84.1000    844.9    748.1    614.2
61023.0  33.4483   -84.1000    845.8    749.5    617.8
61024.0  33.4493   -84.1000    845.6    746.8    609.7
61025.0  33.4503   -84.1000    846.0    747.4    611.8
61026.0  33.4514   -84.1000    846.1    746.7    611.2
61027.0  33.4524   -84.1000    846.1    747.0    612.1
61028.0  33.4535   -84.1000    846.1    748.5    606.9
61029.0  33.4545   -84.1000    846.1    749.6    605.0
61030.0  33.4555   -84.1000    846.1    749.2    607.3
61031.0  33.4566   -84.1000    846.5    749.4    609.2
61032.0  33.4576   -84.1000    847.3    750.4    610.1
61033.0  33.4587   -84.1000    848.4    750.8    614.7
61034.0  33.4597   -84.1000    848.6    750.7    615.4
61035.0  33.4608   -84.1000    849.5    751.1    620.2
61036.0  33.4618   -84.1000    849.8    752.4    622.2
61037.0  33.4628   -84.1000    850.5    754.1    615.9
61038.0  33.4639   -84.1000    851.0    754.2    617.0
61039.0  33.4649   -84.1000    851.9    753.1    612.1
61040.0  33.4659   -84.1000    852.2    751.6    613.3
61041.0  33.4670   -84.1000    852.2    751.7    620.3
61042.0  33.4680   -84.1000    852.2    751.3    617.1
61043.0  33.4691   -84.1000    851.3    751.1    620.6
61044.0  33.4701   -84.1000    851.8    750.8    628.2
61045.0  33.4711   -84.1000    852.2    752.1    630.3
61046.0  33.4722   -84.1001    852.2    751.6    620.7
61047.0  33.4732   -84.1001    851.3    753.2    632.9
61048.0  33.4742   -84.1001    850.1    753.1    644.5
61049.0  33.4753   -84.1001    849.1    749.3    651.1
61050.0  33.4763   -84.1001    849.3    749.4    646.0
61051.0  33.4774   -84.1001    849.8    750.9    643.3
61052.0  33.4784   -84.1001    849.8    751.2    636.5
61053.0  33.4794   -84.1001    849.8    752.0    631.6
61054.0  33.4805   -84.1001    849.6    751.5    632.4
61055.0  33.4815   -84.1001    848.6    752.0    634.7
61056.0  33.4826   -84.1001    848.6    752.2    630.6
61057.0  33.4836   -84.1001    848.3    750.8    644.2
61058.0  33.4846   -84.1001    847.3    748.9    656.9
61059.0  33.4857   -84.1001    847.3    748.6    649.8
61060.0  33.4867   -84.1001    847.0    749.3    657.3
61061.0  33.4878   -84.1001    846.1    748.8    649.5
61062.0  33.4888   -84.1001    846.1    747.4    638.7
61063.0  33.4898   -84.1001    846.1    747.1    638.2
61064.0  33.4909   -84.1001    844.9    746.6    633.6
61065.0  33.4919   -84.1001    844.9    747.1    636.5
61066.0  33.4929   -84.1001    844.9    746.2    634.3
61067.0  33.4940   -84.1001    845.6    746.3    627.7
61068.0  33.4950   -84.1001    846.1    747.4    626.2
61069.0  33.4961   -84.1001    846.5    746.2    628.0
61070.0  33.4971   -84.1001    847.7    746.9    630.9
61071.0  33.4981   -84.1001    849.1    749.2    625.2
61072.0  33.4992   -84.1001    850.0    750.0    628.5
61073.0  33.5002   -84.1001    851.0    752.6    626.3
61074.0  33.5012   -84.1001    851.0    752.3    620.1
61075.0  33.5023   -84.1001    851.0    752.8    618.8
61076.0  33.5033   -84.1001    850.9    752.4    627.1
61077.0  33.5043   -84.1002    849.8    751.7    627.4
61078.0  33.5054   -84.1002    849.8    750.3    623.6
61079.0  33.5064   -84.1002    848.6    750.8    623.2
61080.0  33.5075   -84.1002    848.6    750.7    627.6
61081.0  33.5085   -84.1002    848.5    749.4    629.1
61082.0  33.5095   -84.1002    847.3    748.1    636.0
61083.0  33.5106   -84.1002    847.3    748.3    643.7
61084.0  33.5116   -84.1002    847.3    748.3    631.8
61085.0  33.5126   -84.1002    847.1    748.0    625.0
61086.0  33.5136   -84.1002    846.1    749.4    626.4
61087.0  33.5147   -84.1002    846.1    748.4    623.6
61088.0  33.5157   -84.1002    846.1    748.0    620.4
61089.0  33.5167   -84.1002    846.1    748.6    622.1
61090.0  33.5178   -84.1002    846.8    748.3    623.5
61091.0  33.5188   -84.1003    848.2    749.5    624.6
61092.0  33.5198   -84.1003    849.2    749.7    636.2
61093.0  33.5208   -84.1003    850.0    751.4    639.9
61094.0  33.5219   -84.1003    851.0    753.2    644.7
61095.0  33.5229   -84.1003    851.0    752.8    656.7
61096.0  33.5239   -84.1003    851.0    751.9    662.2
61097.0  33.5250   -84.1004    851.1    751.7    659.5
61098.0  33.5260   -84.1004    852.2    753.3    654.1
61099.0  33.5270   -84.1004    851.8    754.4    654.2
61100.0  33.5280   -84.1004    850.3    751.1    648.6
61101.0  33.5291   -84.1004    849.5    751.0    651.6
61102.0  33.5301   -84.1004    848.6    750.6    646.9
61103.0  33.5311   -84.1005    848.4    752.2    633.3
61104.0  33.5322   -84.1005    847.3    751.5    635.7
61105.0  33.5332   -84.1005    846.5    749.6    628.6
61106.0  33.5342   -84.1005    846.1    747.4    631.2
61107.0  33.5353   -84.1005    846.1    747.3    632.3
61108.0  33.5363   -84.1005    846.1    744.9    632.9
61109.0  33.5373   -84.1005    846.5    745.7    627.7
61110.0  33.5383   -84.1006    847.8    747.7    624.6
61111.0  33.5394   -84.1006    849.5    749.4    621.8
61112.0  33.5404   -84.1006    849.8    750.5    622.7
61113.0  33.5414   -84.1006    848.8    750.8    616.1
61114.0  33.5425   -84.1006    848.6    751.5    616.4
61115.0  33.5435   -84.1006    848.6    750.8    610.0
61116.0  33.5445   -84.1006    848.6    751.6    611.9
61117.0  33.5455   -84.1006    848.4    750.9    618.9
61118.0  33.5466   -84.1006    847.3    750.2    614.7
61119.0  33.5476   -84.1006    847.3    750.6    619.4
61120.0  33.5486   -84.1007    847.3    749.7    625.9
61121.0  33.5496   -84.1007    847.3    749.8    620.3
61122.0  33.5507   -84.1007    847.3    748.5    627.7
61123.0  33.5517   -84.1007    846.1    747.9    621.1
61124.0  33.5527   -84.1007    846.1    747.8    616.2
61125.0  33.5537   -84.1007    846.1    747.2    615.9
61126.0  33.5547   -84.1007    845.2    747.6    618.5
61127.0  33.5558   -84.1007    844.9    748.0    623.2
61128.0  33.5568   -84.1007    844.9    746.9    632.8
61129.0  33.5578   -84.1007    844.9    746.7    639.4
61130.0  33.5588   -84.1007    844.0    747.1    639.8
61131.0  33.5598   -84.1007    844.6    746.7    632.0
61132.0  33.5608   -84.1007    843.8    746.1    627.5
61133.0  33.5618   -84.1007    843.7    745.2    640.8
61134.0  33.5629   -84.1007    843.7    745.7    642.3
61135.0  33.5639   -84.1007    844.0    744.8    642.1
61136.0  33.5649   -84.1007    844.9    745.5    636.5
61137.0  33.5659   -84.1007    846.0    746.7    628.1
61138.0  33.5669   -84.1007    846.8    747.0    626.9
61139.0  33.5679   -84.1007    848.1    748.5    626.0
61140.0  33.5689   -84.1007    849.3    749.8    627.0
61141.0  33.5699   -84.1008    850.1    750.6    631.0
61142.0  33.5709   -84.1008    851.0    751.1    631.8
61143.0  33.5719   -84.1008    851.4    751.6    630.0
61144.0  33.5729   -84.1008    852.6    752.9    630.8
61145.0  33.5739   -84.1008    853.4    752.9    635.4
61146.0  33.5749   -84.1008    854.1    754.1    635.5
61147.0  33.5759   -84.1008    854.7    754.8    642.8
61148.0  33.5769   -84.1008    854.7    754.3    631.4
61149.0  33.5779   -84.1008    854.7    755.6    632.0
61150.0  33.5790   -84.1008    854.7    755.3    629.7
61151.0  33.5800   -84.1008    853.5    753.9    619.3
