flight/WP3D/AircraftMet_NP3_20130610_RA.ict
43  1001
Ken Aikin
NOAA ESRL Chemical Sciences Division
various aircraft sensors
SENEX 2013
1  1
2013  06  10  2013  06  10
1
AOCTimewave
10
1  1  1  1  1  1  1  1  1  1
-9999  -9999  -9999  -9999  -9999  -9999  -9999  -9999  -9999  -9999
AmbTemp  C
DewPtTemp  C
DewPtTempTDL  C
H2Omr  g/kg
PotTemp  K
RelHumidity  pct
StaticPrs  mbar
VertWindSpd  m/s
WindDir  deg
WindSpd  m/s
1
SPECIAL COMMENTS:Haynesville shale.
18
PI_CONTACT_INFO: Address: NOAA ESRL Chemical Sciences Division  Mail Stop R/CSD7  325 Broadway  Boulder  CO 80305
PLATFORM: NOAA WP-3D
LOCATION: The aircraft was stationed in  Smyrna  Tennessee. Aircraft location information in AircraftPosition file.
ASSOCIATED_DATA: N/A
INSTRUMENT_INFO: N/A
DATA_INFO: Units:AmbTemp celcius; DewPtTemp celcius; DewPtTempTDL celcius; H2Omr g/kg; PotTemp kelvin; RelHumidity percent; StaticPrs millibar; VertWindSpd m/s; WindDir degrees; WindSpd m/s
UNCERTAINTY: N/A
ULOD_FLAG: -7777
ULOD_VALUE: N/A
LLOD_FLAG: -8888
LLOD_VALUE: N/A
DM_CONTACT_INFO: Data Manager:Ken Aikin; email:Kenneth.C.Aikin@noaa.gov
PROJECT_INFO: SENEX 2013 Study; June 1 - July 15  2013
STIPULATIONS_ON_USE: Use of these data require prior ok from PI.
OTHER_COMMENTS:       None
REVISION: RA
RA: Preliminary Data.  For in-field use.
AOCTimewave  AmbTemp  DewPtTemp  DewPtTempTDL  H2Omr  PotTemp  RelHumidity  StaticPrs  VertWindSpd  WindDir  WindSpd
[from data line 9393]
63119.0  26.090  19.560  -29.480  15.20  303.38  66.52  952.94  1.45  257.05  3.29
63120.0  26.100  19.620  -29.480  15.26  303.41  66.69  952.84  1.62  264.75  3.33
63121.0  25.980  19.680  -29.480  15.32  303.30  67.47  952.65  1.15  290.74  2.70
63122.0  25.990  19.740  -29.480  15.37  303.29  67.68  952.81  1.76  285.34  1.60
63123.0  25.990  19.810  -29.480  15.45  303.32  67.96  952.57  1.09  268.67  1.31
63124.0  26.050  19.870  -29.480  15.50  303.39  67.97  952.47  1.67  299.15  2.30
63125.0  26.130  19.920  -29.480  15.55  303.46  67.87  952.53  0.68  290.77  3.31
63126.0  26.070  19.960  -29.480  15.59  303.39  68.27  952.68  0.63  267.48  3.41
63127.0  26.020  19.960  -29.480  15.59  303.34  68.48  952.74  0.84  270.30  4.17
63128.0  26.010  19.980  -29.480  15.61  303.32  68.64  952.73  1.41  256.93  3.90
63129.0  25.960  19.990  -29.480  15.62  303.28  68.86  952.67  1.44  261.08  3.28
63130.0  26.110  20.010  -29.480  15.64  303.42  68.33  952.79  1.89  244.11  3.95
63131.0  26.110  20.020  -29.480  15.65  303.42  68.36  952.80  1.19  251.63  3.62
63132.0  26.110  20.030  -29.480  15.66  303.41  68.44  952.84  0.60  260.14  3.82
63133.0  26.060  20.050  -29.480  15.68  303.35  68.72  952.99  0.21  255.62  3.75
63134.0  26.050  20.060  -29.480  15.68  303.33  68.80  953.14  -0.22  268.17  3.38
63135.0  25.970  20.020  -29.480  15.64  303.23  68.96  953.33  0.05  271.13  3.61
63136.0  25.950  20.000  -29.480  15.62  303.21  68.98  953.24  0.27  279.83  3.58
63137.0  25.950  20.000  -29.480  15.62  303.21  68.93  953.40  0.21  272.42  3.54
63138.0  25.970  19.980  -29.480  15.60  303.22  68.76  953.47  -0.56  279.08  3.48
63139.0  26.030  19.950  -29.480  15.57  303.26  68.42  953.68  -0.71  272.02  3.58
63140.0  26.030  19.930  -29.480  15.54  303.25  68.31  953.80  -0.64  262.65  3.79
63141.0  25.980  19.900  -29.480  15.52  303.18  68.43  953.98  -0.88  274.70  3.57
63142.0  26.010  19.890  -29.480  15.50  303.20  68.22  954.10  -1.07  268.41  3.04
63143.0  25.990  19.880  -29.480  15.49  303.17  68.26  954.21  -0.87  269.90  2.70
63144.0  26.030  19.850  -29.480  15.46  303.21  67.98  954.23  -0.90  265.98  3.02
63145.0  26.100  19.820  -29.480  15.43  303.29  67.58  954.10  -0.38  265.03  3.03
63146.0  26.130  19.780  -29.480  15.39  303.32  67.26  954.10  -0.26  268.46  3.58
63147.0  26.140  19.720  -29.480  15.33  303.33  66.97  954.14  -0.18  275.99  3.94
63148.0  26.130  19.680  -29.480  15.29  303.31  66.83  954.18  1.80  276.92  4.00
63149.0  26.070  19.660  -29.480  15.28  303.26  67.03  954.00  0.78  273.14  4.71
63150.0  26.050  19.690  -29.480  15.30  303.27  67.19  953.79  0.93  260.60  4.41
63151.0  25.980  19.730  -29.480  15.35  303.19  67.68  953.83  0.66  242.77  3.36
63152.0  25.970  19.740  -29.480  15.37  303.22  67.76  953.48  0.60  277.73  2.81
63153.0  26.000  19.750  -29.480  15.37  303.24  67.66  953.59  -1.22  296.78  3.47
63154.0  25.970  19.790  -29.480  15.41  303.22  67.93  953.51  -1.98  274.39  2.64
63155.0  26.060  19.820  -29.480  15.44  303.29  67.70  953.68  -1.14  262.62  2.99
63156.0  26.060  19.820  -29.480  15.44  303.29  67.75  953.62  -2.03  263.73  3.20
63157.0  26.080  19.820  -29.480  15.44  303.32  67.64  953.61  -1.29  273.08  3.62
63158.0  26.010  19.840  -29.480  15.46  303.25  68.02  953.54  -1.83  268.06  2.90
63159.0  26.070  19.880  -29.480  15.50  303.30  67.96  953.63  -2.30  230.79  2.76
63160.0  26.050  19.900  -29.480  15.52  303.27  68.11  953.79  -0.22  251.61  1.89
63161.0  26.070  19.900  -29.480  15.52  303.28  68.06  953.84  1.06  302.26  2.50
63162.0  26.100  19.920  -29.480  15.54  303.34  67.98  953.63  0.93  291.97  2.94
63163.0  26.100  19.980  -29.480  15.59  303.32  68.25  953.72  1.58  245.89  2.79
63164.0  26.050  20.030  -29.480  15.65  303.31  68.68  953.34  1.29  243.37  1.93
63165.0  26.120  20.060  -29.480  15.68  303.39  68.54  953.18  1.30  293.16  2.44
63166.0  26.120  20.090  -29.480  15.71  303.39  68.62  953.29  1.11  264.41  4.29
63167.0  25.990  20.080  -29.480  15.70  303.26  69.15  953.11  1.29  273.73  4.06
63168.0  25.850  20.100  -29.480  15.73  303.13  69.85  953.09  0.27  251.96  2.80
63169.0  25.870  20.120  -29.480  15.75  303.15  69.85  953.06  -0.28  271.30  2.20
63170.0  25.860  20.130  -29.480  15.75  303.14  69.93  953.03  -0.57  262.39  1.91
63171.0  25.910  20.130  -29.480  15.76  303.18  69.73  953.12  -1.26  271.69  2.18
63172.0  25.880  20.160  -29.480  15.78  303.14  69.99  953.24  -1.27  283.19  2.75
63173.0  25.880  20.200  -29.480  15.82  303.14  70.15  953.37  -0.75  244.99  2.27
63174.0  25.810  20.220  -29.480  15.84  303.08  70.53  953.22  -1.07  277.99  2.55
63175.0  25.850  20.220  -29.480  15.84  303.10  70.38  953.42  -1.44  286.41  2.41
63176.0  25.870  20.250  -29.480  15.86  303.10  70.40  953.67  -1.47  282.35  2.65
63177.0  26.010  20.290  -29.480  15.90  303.22  69.99  953.83  -1.35  274.60  2.99
63178.0  26.140  20.280  -29.480  15.89  303.34  69.37  953.99  -0.83  288.12  3.62
63179.0  26.290  20.210  -29.480  15.82  303.49  68.44  954.04  -0.59  268.38  4.25
63180.0  26.320  20.110  -29.480  15.72  303.52  67.89  954.06  -0.55  262.04  4.54
63181.0  26.300  20.030  -29.480  15.64  303.51  67.59  953.96  0.12  263.61  4.39
63182.0  26.250  19.930  -29.480  15.55  303.47  67.41  953.84  -0.47  271.17  3.29
63183.0  26.160  19.810  -29.480  15.42  303.38  67.23  953.82  -0.64  274.03  2.96
63184.0  26.140  19.720  -29.480  15.34  303.35  66.97  953.86  -0.71  268.48  2.92
63185.0  26.120  19.690  -29.480  15.31  303.34  66.91  953.77  -1.22  262.82  2.86
63186.0  26.090  19.690  -29.480  15.31  303.31  67.03  953.72  -1.06  267.41  3.15
63187.0  26.080  19.660  -29.480  15.28  303.29  66.93  953.90  -1.19  257.68  3.61
63188.0  26.070  19.620  -29.480  15.24  303.28  66.84  953.85  -0.82  259.54  4.10
63189.0  26.080  19.570  -29.480  15.19  303.30  66.56  953.80  -1.02  268.30  3.99
63190.0  26.060  19.510  -29.480  15.13  303.27  66.40  953.81  -0.66  268.66  3.61
63191.0  26.070  19.440  -29.480  15.07  303.29  66.05  953.82  0.15  260.46  4.25
63192.0  26.060  19.400  -29.480  15.02  303.28  65.93  953.80  0.08  258.15  4.70
63193.0  26.010  19.370  -29.480  15.01  303.24  66.02  953.61  -0.60  262.18  2.73
63194.0  25.980  19.350  -29.480  14.98  303.22  66.04  953.57  -0.36  260.84  2.91
63195.0  26.060  19.340  -29.480  14.98  303.30  65.72  953.49  -0.22  279.87  3.83
63196.0  26.030  19.380  -29.480  15.02  303.28  65.98  953.47  0.27  277.51  4.08
63197.0  26.020  19.410  -29.480  15.05  303.28  66.14  953.41  -0.34  275.83  4.48
63198.0  25.890  19.450  -29.480  15.08  303.15  66.82  953.33  -0.82  274.73  3.42
63199.0  26.000  19.550  -29.480  15.17  303.22  66.83  953.68  -0.78  281.00  3.71
63200.0  25.990  19.560  -29.480  15.19  303.22  66.90  953.69  -0.71  277.24  4.11
63201.0  25.940  19.530  -29.480  15.16  303.17  67.01  953.59  -0.72  277.78  3.57
63202.0  25.990  19.500  -29.480  15.12  303.23  66.63  953.61  -1.01  258.00  3.55
63203.0  26.040  19.480  -29.480  15.11  303.29  66.35  953.48  -0.93  264.01  3.51
63204.0  26.040  19.490  -29.480  15.12  303.27  66.40  953.71  -0.76  273.42  3.47
63205.0  26.040  19.510  -29.480  15.14  303.27  66.48  953.64  -0.97  263.44  3.24
63206.0  25.950  19.530  -29.480  15.16  303.18  66.94  953.68  -0.50  267.92  2.93
63207.0  25.960  19.570  -29.480  15.19  303.21  67.04  953.53  -0.84  272.07  2.93
63208.0  25.930  19.600  -29.480  15.22  303.16  67.30  953.61  -0.47  280.55  2.19
63209.0  25.980  19.600  -29.480  15.22  303.19  67.12  953.83  -0.12  278.07  2.09
63210.0  26.050  19.650  -29.480  15.27  303.30  67.02  953.53  0.60  289.73  3.60
63211.0  25.890  19.690  -29.480  15.32  303.14  67.89  953.42  0.70  297.13  2.59
63212.0  25.970  19.710  -29.480  15.34  303.24  67.66  953.19  -0.79  296.97  1.94
63213.0  26.060  19.730  -29.480  15.36  303.34  67.34  953.09  -0.65  286.21  2.69
63214.0  26.010  19.740  -29.480  15.36  303.28  67.56  953.28  0.32  301.18  1.96
63215.0  26.060  19.740  -29.480  15.37  303.34  67.38  953.06  -1.09  286.50  2.34
63216.0  25.970  19.760  -29.480  15.38  303.24  67.84  953.16  0.03  306.91  2.68
63217.0  25.950  19.780  -29.480  15.41  303.21  68.03  953.26  1.13  286.65  1.80
63218.0  26.000  19.810  -29.480  15.44  303.27  67.93  953.17  3.25  293.05  2.34
63219.0  26.070  19.860  -29.480  15.49  303.37  67.88  952.87  3.27  290.90  2.84
63220.0  26.030  19.910  -29.480  15.54  303.34  68.23  952.70  3.49  252.08  3.74
63221.0  25.900  19.930  -29.480  15.56  303.24  68.85  952.48  2.85  258.73  3.36
63222.0  25.800  19.940  -29.480  15.58  303.14  69.36  952.39  1.87  281.92  1.85
63223.0  25.870  19.950  -29.480  15.58  303.19  69.09  952.66  1.58  248.74  2.29
63224.0  25.830  19.960  -29.480  15.59  303.15  69.30  952.59  0.87  254.94  2.08
63225.0  25.880  19.960  -29.480  15.59  303.19  69.09  952.66  0.41  271.10  3.00
63226.0  25.870  19.960  -29.480  15.59  303.19  69.11  952.64  0.48  288.26  2.68
63227.0  25.780  19.970  -29.480  15.60  303.08  69.57  952.79  -0.04  258.58  1.94
63228.0  25.830  20.000  -29.480  15.63  303.12  69.49  952.99  -0.64  272.05  2.10
63229.0  25.790  20.010  -29.480  15.63  303.07  69.67  953.09  -1.09  274.37  2.75
63230.0  25.780  20.030  -29.480  15.64  303.02  69.80  953.56  -1.04  266.19  3.15
63231.0  25.730  20.050  -29.480  15.66  302.94  70.11  953.82  -1.35  279.19  3.46
63232.0  25.770  20.080  -29.480  15.69  302.95  70.10  954.14  -1.20  260.59  3.29
63233.0  25.800  20.090  -29.480  15.70  303.00  69.99  954.00  -1.35  273.56  2.72
63234.0  25.890  20.070  -29.480  15.68  303.07  69.56  954.17  -1.63  282.51  2.75
63235.0  25.930  20.060  -29.480  15.66  303.10  69.32  954.22  -0.43  269.60  3.00
63236.0  26.020  20.000  -29.480  15.60  303.17  68.66  954.55  1.13  254.89  3.59
63237.0  26.110  19.950  -29.480  15.55  303.29  68.05  954.28  0.78  250.21  4.47
63238.0  26.030  19.950  -29.480  15.56  303.23  68.38  954.09  -0.01  252.54  3.80
63239.0  25.910  19.950  -29.480  15.56  303.11  68.91  954.03  0.03  264.62  2.51
63240.0  26.030  19.940  -29.480  15.55  303.22  68.36  954.11  0.89  273.57  3.46
63241.0  25.940  19.940  -29.480  15.56  303.15  68.78  953.86  -0.21  259.92  3.56
63242.0  25.880  19.980  -29.480  15.59  303.09  69.17  953.82  -0.57  241.13  3.19
63243.0  25.850  19.990  -29.480  15.60  303.06  69.32  953.85  -1.13  227.41  3.23
63244.0  25.910  20.010  -29.480  15.63  303.14  69.20  953.64  -0.57  244.40  3.39
63245.0  25.810  20.040  -29.480  15.66  303.07  69.71  953.36  -1.94  251.07  3.14
63246.0  25.930  20.060  -29.480  15.67  303.15  69.32  953.71  -0.83  245.29  4.12
63247.0  25.790  20.080  -29.480  15.69  303.00  70.01  953.84  -0.22  244.53  3.22
63248.0  25.940  20.100  -29.480  15.72  303.19  69.46  953.45  -0.74  267.19  4.18
63249.0  25.750  20.150  -29.480  15.77  302.98  70.51  953.54  -0.64  278.77  2.67
63250.0  25.810  20.230  -29.480  15.84  303.03  70.57  953.78  -0.61  279.51  2.59
63251.0  25.790  20.250  -29.480  15.86  303.01  70.76  953.70  -0.09  281.01  2.67
63252.0  25.820  20.270  -29.480  15.88  303.05  70.71  953.66  0.04  290.95  3.38
63253.0  25.780  20.280  -29.480  15.89  303.01  70.92  953.58  0.29  299.70  3.17
63254.0  25.860  20.300  -29.480  15.92  303.11  70.70  953.32  0.57  309.23  3.09
63255.0  25.970  20.290  -29.480  15.92  303.23  70.18  953.30  1.12  300.68  3.69
63256.0  25.890  20.320  -29.480  15.94  303.16  70.61  953.19  -0.19  289.67  3.42
63257.0  25.850  20.330  -29.480  15.96  303.10  70.88  953.36  0.37  268.04  3.21
63258.0  25.770  20.320  -29.480  15.94  303.04  71.14  953.18  -0.91  278.74  2.85
63259.0  25.750  20.300  -29.480  15.92  303.01  71.17  953.21  -1.15  266.97  2.84
63260.0  25.750  20.250  -29.480  15.87  303.00  70.93  953.39  -1.21  255.22  3.34
63261.0  25.810  20.200  -29.480  15.82  303.07  70.48  953.31  -1.05  266.60  2.61
63262.0  25.890  20.140  -29.480  15.76  303.15  69.84  953.35  -0.19  281.26  2.52
63263.0  25.860  20.060  -29.480  15.67  303.10  69.60  953.51  0.09  279.52  2.38
63264.0  25.840  19.990  -29.480  15.61  303.09  69.38  953.44  1.91  272.62  2.41
63265.0  25.950  19.940  -29.480  15.56  303.22  68.71  953.12  1.81  283.98  3.56
63266.0  25.960  19.900  -29.480  15.53  303.23  68.51  953.16  1.16  269.02  3.72
63267.0  25.830  19.900  -29.480  15.53  303.11  69.08  952.99  -0.37  286.81  3.49
63268.0  25.770  19.920  -29.480  15.54  303.04  69.37  953.10  -0.10  300.70  3.23
63269.0  25.790  19.880  -29.480  15.51  303.07  69.11  953.08  -0.54  287.18  3.62
63270.0  25.800  19.850  -29.480  15.47  303.06  68.94  953.27  -0.83  286.81  3.43
63271.0  25.770  19.830  -29.480  15.46  303.02  69.00  953.37  -0.88  280.21  3.75
63272.0  25.790  19.800  -29.480  15.42  303.03  68.77  953.53  -0.60  267.85  3.49
63273.0  25.760  19.790  -29.480  15.40  302.99  68.84  953.64  -1.01  274.66  2.46
63274.0  25.970  19.740  -29.480  15.36  303.19  67.76  953.67  -0.18  287.61  3.12
63275.0  25.880  19.690  -29.480  15.31  303.10  67.91  953.75  -0.42  286.23  2.64
63276.0  25.920  19.660  -29.480  15.28  303.14  67.61  953.76  0.46  288.49  3.19
63277.0  25.920  19.660  -29.480  15.28  303.14  67.61  953.75  1.30  276.41  2.76
63278.0  25.920  19.690  -29.480  15.32  303.16  67.75  953.58  -0.49  261.23  2.74
63279.0  25.880  19.770  -29.480  15.39  303.11  68.27  953.60  1.89  294.76  2.22
63280.0  25.900  19.840  -29.480  15.46  303.14  68.50  953.47  1.12  274.03  0.87
63281.0  25.880  19.890  -29.480  15.51  303.16  68.75  953.12  -0.06  289.79  1.49
63282.0  25.940  19.910  -29.480  15.53  303.21  68.61  953.18  1.76  290.92  2.13
63283.0  25.900  19.900  -29.480  15.53  303.17  68.74  953.24  3.03  248.22  2.17
63284.0  25.870  19.910  -29.480  15.54  303.18  68.90  952.74  1.58  245.96  1.75
63285.0  25.810  19.940  -29.480  15.58  303.12  69.31  952.70  1.10  221.23  2.51
63286.0  25.790  20.000  -29.480  15.63  303.09  69.64  952.85  -0.48  234.83  2.80
63287.0  25.730  20.050  -29.480  15.68  303.03  70.14  952.82  -0.94  276.94  2.18
63288.0  25.740  20.080  -29.480  15.71  303.02  70.25  953.04  -1.63  291.10  2.99
63289.0  25.720  20.110  -29.480  15.73  302.98  70.46  953.28  -1.21  279.49  2.74
63290.0  25.770  20.170  -29.480  15.79  303.02  70.50  953.40  0.00  279.59  2.72
63291.0  25.780  20.230  -29.480  15.85  303.02  70.73  953.47  1.53  276.14  2.34
63292.0  25.750  20.240  -29.480  15.86  303.01  70.91  953.25  1.80  271.77  1.73
63293.0  25.850  20.240  -29.480  15.86  303.11  70.44  953.34  1.59  240.10  1.87
63294.0  25.850  20.260  -29.480  15.88  303.10  70.53  953.42  0.61  232.98  1.92
63295.0  25.840  20.270  -29.480  15.89  303.09  70.63  953.44  1.15  291.99  2.05
63296.0  25.760  20.210  -29.480  15.83  303.00  70.75  953.44  0.44  302.86  1.94
63297.0  25.860  20.190  -29.480  15.81  303.12  70.20  953.30  1.28  285.23  3.05
63298.0  25.810  20.190  -29.480  15.81  303.07  70.39  953.29  0.25  275.17  3.09
63299.0  25.720  20.180  -29.480  15.80  302.97  70.77  953.29  0.07  252.46  2.47
63300.0  25.750  20.170  -29.480  15.79  303.00  70.59  953.32  -0.68  264.89  1.07
63301.0  25.800  20.170  -29.480  15.79  303.05  70.36  953.48  -1.16  214.94  2.22
63302.0  25.810  20.190  -29.480  15.80  303.03  70.41  953.70  -0.47  208.77  2.70
63303.0  25.770  20.200  -29.480  15.81  302.98  70.62  953.87  0.41  192.25  2.39
63304.0  25.740  20.230  -29.480  15.84  302.96  70.88  953.82  0.05  228.06  1.09
63305.0  25.770  20.250  -29.480  15.86  302.98  70.87  953.79  0.67  225.35  1.27
63306.0  25.770  20.260  -29.480  15.87  302.99  70.89  953.73  1.02  251.09  1.12
63307.0  25.780  20.260  -29.480  15.88  303.02  70.86  953.50  0.16  273.15  1.61
63308.0  25.760  20.300  -29.480  15.91  303.00  71.10  953.53  1.38  286.55  2.38
