flight/WP3D/AircraftPos_NP3_20130629_RA.ict
38  1001
Ken Aikin
NOAA ESRL Chemical Sciences Division
various aircraft sensors
SENEX 2013
1  1
2013  06  29  2013  06  29
1
AOCTimewave
5
1  1  1  1  1 
-9999  -9999  -9999  -9999  -9999
GpsLat  deg
GpsLon  deg
GpsAlt  m
PAlt  m
RAlt  m
1
SPECIAL COMMENTS:Birmingham and C-130 intercomparison.
18
PI_CONTACT_INFO: Address: NOAA ESRL Chemical Sciences Division  Mail Stop R/CSD7  325 Broadway  Boulder  CO 80305
PLATFORM: NOAA WP-3D
LOCATION: The aircraft was stationed in Smyrna  Tennessee. Aircraft location information in AircraftPosition file.
ASSOCIATED_DATA: N/A
INSTRUMENT_INFO: N/A
DATA_INFO: Units:GpsLat:decimal degrees; GpsLon: decimal degrees; GpsAlt: meters; PAlt:meters; RAlt: meters.
UNCERTAINTY: N/A
ULOD_FLAG: -7777
ULOD_VALUE: N/A
LLOD_FLAG: -8888
LLOD_VALUE: N/A
DM_CONTACT_INFO: Data Manager:Ken Aikin; email:Kenneth.C.Aikin@noaa.gov
PROJECT_INFO: SENEX 2013 Study; June 1 - July 15  2013
STIPULATIONS_ON_USE: Use of these data require prior ok from PI.
OTHER_COMMENTS:       None
REVISION: RA
RA: Preliminary Data.  For in-field use.
AOCTimewave  GpsLat  GpsLon  GpsAlt  PAlt  RAlt
[from data line 13964]
69549.0  34.2124   -87.0017    727.9    733.0    469.4
69550.0  34.2122   -87.0004    727.9    733.5    474.8
69551.0  34.2119   -86.9992    727.9    734.0    467.8
69552.0  34.2116   -86.9979    727.9    733.8    463.3
69553.0  34.2114   -86.9966    727.9    734.8    480.7
69554.0  34.2111   -86.9954    728.1    734.4    466.6
69555.0  34.2108   -86.9941    729.5    735.7    468.1
69556.0  34.2106   -86.9928    731.2    738.2    478.3
69557.0  34.2103   -86.9916    732.7    740.0    497.8
69558.0  34.2100   -86.9903    732.7    738.8    496.0
69559.0  34.2097   -86.9890    732.7    739.1    491.4
69560.0  34.2095   -86.9878    732.7    739.3    488.4
69561.0  34.2092   -86.9865    732.7    740.4    478.4
69562.0  34.2089   -86.9853    732.7    739.4    476.0
69563.0  34.2087   -86.9840    732.7    739.6    473.9
69564.0  34.2084   -86.9827    732.7    738.5    476.2
69565.0  34.2081   -86.9815    732.7    737.8    472.3
69566.0  34.2079   -86.9802    731.8    738.1    472.2
69567.0  34.2076   -86.9789    731.5    737.8    471.3
69568.0  34.2074   -86.9776    731.1    736.5    467.6
69569.0  34.2071   -86.9764    730.3    737.2    459.5
69570.0  34.2069   -86.9751    730.3    738.0    458.6
69571.0  34.2067   -86.9738    730.3    737.7    456.0
69572.0  34.2065   -86.9725    729.9    736.0    455.6
69573.0  34.2063   -86.9712    729.9    736.0    459.2
69574.0  34.2062   -86.9699    730.3    736.7    459.3
69575.0  34.2060   -86.9686    730.5    737.6    461.9
69576.0  34.2059   -86.9673    731.5    736.5    464.9
69577.0  34.2057   -86.9660    731.5    736.9    467.6
69578.0  34.2056   -86.9647    731.0    737.6    465.2
69579.0  34.2055   -86.9634    731.5    739.2    455.6
69580.0  34.2053   -86.9622    731.5    738.9    446.3
69581.0  34.2052   -86.9609    731.5    738.3    436.3
69582.0  34.2051   -86.9596    732.3    737.2    432.6
69583.0  34.2050   -86.9583    733.7    739.0    431.5
69584.0  34.2048   -86.9570    734.0    739.7    437.0
69585.0  34.2047   -86.9557    734.0    739.5    436.0
69586.0  34.2046   -86.9544    733.3    739.1    435.5
69587.0  34.2045   -86.9531    732.7    738.9    432.6
69588.0  34.2043   -86.9518    732.7    737.2    432.5
69589.0  34.2042   -86.9505    732.1    737.3    435.5
69590.0  34.2041   -86.9492    731.5    737.3    445.0
69591.0  34.2039   -86.9479    731.5    738.5    441.6
69592.0  34.2038   -86.9466    731.6    737.8    435.1
69593.0  34.2037   -86.9453    732.7    739.1    441.3
69594.0  34.2035   -86.9440    732.7    740.0    445.4
69595.0  34.2034   -86.9427    732.7    741.1    445.8
69596.0  34.2033   -86.9414    732.2    740.8    440.8
69597.0  34.2031   -86.9401    731.5    739.9    446.0
69598.0  34.2030   -86.9388    731.0    740.0    444.7
69599.0  34.2029   -86.9375    730.3    737.6    440.3
69600.0  34.2027   -86.9362    729.8    736.5    441.7
69601.0  34.2026   -86.9349    730.3    736.6    455.7
69602.0  34.2024   -86.9336    729.4    737.1    465.0
69603.0  34.2023   -86.9323    729.1    735.3    450.3
69604.0  34.2021   -86.9310    729.6    736.9    441.0
69605.0  34.2020   -86.9297    730.3    737.6    442.4
69606.0  34.2019   -86.9284    729.6    736.1    442.4
69607.0  34.2017   -86.9271    729.7    736.0    442.5
69608.0  34.2016   -86.9258    729.2    736.9    449.3
69609.0  34.2014   -86.9246    729.1    735.8    442.8
69610.0  34.2013   -86.9233    729.3    735.4    437.5
69611.0  34.2011   -86.9220    730.3    737.2    440.7
69612.0  34.2010   -86.9207    730.3    735.6    446.3
69613.0  34.2008   -86.9194    731.1    736.7    447.9
69614.0  34.2007   -86.9181    731.5    736.5    454.7
69615.0  34.2005   -86.9168    731.5    736.5    460.0
69616.0  34.2004   -86.9156    731.5    736.3    463.2
69617.0  34.2002   -86.9143    730.6    736.4    456.9
69618.0  34.2001   -86.9130    730.3    735.7    452.2
69619.0  34.2000   -86.9117    730.3    735.9    454.3
69620.0  34.1998   -86.9104    730.3    736.0    472.9
69621.0  34.1997   -86.9091    730.9    736.7    483.4
69622.0  34.1995   -86.9079    730.3    736.5    479.4
69623.0  34.1994   -86.9066    730.3    734.8    482.1
69624.0  34.1992   -86.9053    731.0    736.0    484.7
69625.0  34.1991   -86.9040    731.5    736.2    487.6
69626.0  34.1990   -86.9027    731.5    736.7    496.2
69627.0  34.1988   -86.9015    732.8    737.6    495.4
69628.0  34.1987   -86.9002    734.0    740.6    489.8
69629.0  34.1985   -86.8989    734.0    740.4    479.4
69630.0  34.1984   -86.8976    734.4    740.8    468.1
69631.0  34.1983   -86.8963    735.8    742.4    465.7
69632.0  34.1981   -86.8951    736.4    741.3    472.2
69633.0  34.1980   -86.8938    736.5    742.0    479.6
69634.0  34.1978   -86.8925    737.6    743.0    499.0
69635.0  34.1976   -86.8912    737.6    744.5    498.1
69636.0  34.1974   -86.8899    737.7    744.8    477.1
69637.0  34.1972   -86.8887    738.8    745.7    469.8
69638.0  34.1970   -86.8874    738.9    745.5    459.2
69639.0  34.1967   -86.8861    740.1    746.4    460.9
69640.0  34.1964   -86.8849    740.1    747.3    453.2
69641.0  34.1961   -86.8836    740.1    744.5    453.0
69642.0  34.1958   -86.8824    740.7    746.1    458.8
69643.0  34.1954   -86.8812    742.0    747.6    460.3
69644.0  34.1949   -86.8800    743.9    749.7    467.8
69645.0  34.1944   -86.8788    744.9    750.2    467.0
69646.0  34.1939   -86.8777    744.9    749.2    473.8
69647.0  34.1934   -86.8765    744.0    748.3    462.0
69648.0  34.1928   -86.8754    743.7    747.8    465.2
69649.0  34.1922   -86.8743    743.1    748.6    463.5
69650.0  34.1915   -86.8732    742.1    748.3    456.3
69651.0  34.1909   -86.8722    741.5    747.8    456.1
69652.0  34.1902   -86.8712    741.3    748.3    464.1
69653.0  34.1894   -86.8702    740.2    747.8    464.7
69654.0  34.1887   -86.8693    738.3    745.6    466.5
69655.0  34.1879   -86.8683    736.1    742.9    471.6
69656.0  34.1871   -86.8674    733.8    741.5    474.6
69657.0  34.1863   -86.8665    731.4    738.8    464.5
69658.0  34.1854   -86.8657    729.4    736.9    457.1
69659.0  34.1845   -86.8648    727.9    734.8    459.0
69660.0  34.1837   -86.8640    726.1    733.4    462.9
69661.0  34.1828   -86.8633    725.4    732.3    466.0
69662.0  34.1818   -86.8625    724.2    731.6    465.8
69663.0  34.1809   -86.8618    723.4    730.3    466.2
69664.0  34.1800   -86.8611    723.0    729.5    476.6
69665.0  34.1790   -86.8604    722.0    729.0    473.0
69666.0  34.1781   -86.8598    721.8    728.9    478.3
69667.0  34.1771   -86.8591    721.8    727.5    478.6
69668.0  34.1761   -86.8585    721.8    727.3    481.6
69669.0  34.1751   -86.8580    722.9    725.9    482.6
69670.0  34.1741   -86.8574    723.0    727.3    482.6
69671.0  34.1731   -86.8569    723.5    729.1    477.5
69672.0  34.1721   -86.8563    724.2    730.5    479.6
69673.0  34.1711   -86.8559    725.0    732.6    482.4
69674.0  34.1701   -86.8554    725.4    733.2    480.8
69675.0  34.1691   -86.8549    725.4    733.1    480.3
69676.0  34.1681   -86.8545    726.6    732.1    480.4
69677.0  34.1670   -86.8541    727.4    733.7    486.0
69678.0  34.1660   -86.8538    728.6    734.8    488.5
69679.0  34.1650   -86.8535    729.9    735.8    490.3
69680.0  34.1639   -86.8532    730.5    735.4    491.3
69681.0  34.1629   -86.8530    731.5    736.6    495.8
69682.0  34.1618   -86.8528    732.2    736.6    494.1
69683.0  34.1607   -86.8526    732.9    737.6    498.4
69684.0  34.1597   -86.8525    734.8    739.2    498.0
69685.0  34.1586   -86.8524    736.4    741.9    505.3
69686.0  34.1576   -86.8523    736.4    741.7    513.8
69687.0  34.1565   -86.8522    735.5    742.8    512.1
69688.0  34.1554   -86.8521    735.2    741.3    510.4
69689.0  34.1544   -86.8521    734.2    740.3    505.3
69690.0  34.1533   -86.8521    733.3    739.4    508.7
69691.0  34.1522   -86.8520    732.7    739.9    510.9
69692.0  34.1512   -86.8520    731.6    738.2    508.5
69693.0  34.1501   -86.8520    731.5    737.7    506.6
69694.0  34.1490   -86.8520    730.6    737.7    512.5
69695.0  34.1480   -86.8520    730.3    736.5    511.7
69696.0  34.1469   -86.8520    730.3    734.7    509.4
69697.0  34.1458   -86.8520    730.3    735.8    516.6
69698.0  34.1448   -86.8520    730.3    736.1    511.8
69699.0  34.1437   -86.8520    730.3    736.1    510.1
69700.0  34.1426   -86.8521    730.3    735.1    514.9
69701.0  34.1416   -86.8521    730.2    736.2    515.9
69702.0  34.1405   -86.8522    730.3    735.5    517.0
69703.0  34.1395   -86.8522    730.3    735.4    517.0
69704.0  34.1384   -86.8523    730.7    736.6    521.8
69705.0  34.1373   -86.8524    731.5    737.1    523.0
69706.0  34.1363   -86.8524    731.5    737.6    519.8
69707.0  34.1352   -86.8525    732.1    737.9    515.2
69708.0  34.1342   -86.8526    732.7    739.5    513.4
69709.0  34.1331   -86.8527    732.7    740.4    511.9
69710.0  34.1320   -86.8528    733.6    740.5    515.0
69711.0  34.1310   -86.8529    734.9    742.2    526.5
69712.0  34.1299   -86.8530    736.2    742.7    528.0
69713.0  34.1289   -86.8531    737.3    742.9    524.8
69714.0  34.1278   -86.8533    737.5    742.7    509.0
69715.0  34.1268   -86.8534    736.4    742.9    515.4
69716.0  34.1257   -86.8535    736.4    741.3    510.1
69717.0  34.1247   -86.8536    736.4    741.8    514.5
69718.0  34.1236   -86.8537    736.4    741.2    513.5
69719.0  34.1225   -86.8538    736.4    742.1    509.5
69720.0  34.1215   -86.8539    735.6    740.8    509.1
69721.0  34.1204   -86.8540    734.7    740.0    505.9
69722.0  34.1193   -86.8541    733.5    739.9    498.7
69723.0  34.1183   -86.8543    732.5    738.6    503.2
69724.0  34.1172   -86.8544    731.5    738.6    501.3
69725.0  34.1161   -86.8545    731.5    738.3    505.4
69726.0  34.1151   -86.8546    730.9    736.9    508.7
69727.0  34.1140   -86.8547    730.3    735.9    514.9
69728.0  34.1129   -86.8548    729.3    734.9    517.0
69729.0  34.1119   -86.8549    729.1    736.6    514.0
69730.0  34.1108   -86.8550    729.0    736.8    518.0
69731.0  34.1097   -86.8551    727.9    736.2    530.3
69732.0  34.1087   -86.8552    727.9    735.5    526.3
69733.0  34.1076   -86.8553    728.6    735.8    520.5
69734.0  34.1065   -86.8554    730.1    736.8    507.6
69735.0  34.1055   -86.8555    732.1    735.5    510.4
69736.0  34.1044   -86.8556    734.5    737.7    533.9
69737.0  34.1033   -86.8557    736.4    740.6    539.6
69738.0  34.1023   -86.8557    736.4    740.7    542.7
69739.0  34.1012   -86.8558    736.9    741.8    538.2
69740.0  34.1001   -86.8559    737.1    742.9    535.6
69741.0  34.0990   -86.8559    736.4    742.9    522.2
69742.0  34.0980   -86.8560    736.3    742.6    516.9
69743.0  34.0969   -86.8560    735.2    742.0    517.5
69744.0  34.0958   -86.8561    734.8    742.4    524.7
69745.0  34.0947   -86.8561    733.7    741.0    531.8
69746.0  34.0937   -86.8562    732.4    740.1    536.1
69747.0  34.0926   -86.8562    731.1    738.7    541.4
69748.0  34.0915   -86.8562    730.3    737.7    543.8
69749.0  34.0904   -86.8563    731.4    739.0    547.1
69750.0  34.0893   -86.8563    730.3    737.3    546.0
69751.0  34.0882   -86.8563    730.7    735.4    547.5
69752.0  34.0872   -86.8563    731.5    736.5    540.8
69753.0  34.0861   -86.8563    731.5    738.0    534.9
69754.0  34.0850   -86.8563    731.5    738.3    525.0
69755.0  34.0839   -86.8563    731.5    738.5    528.9
69756.0  34.0828   -86.8564    731.5    737.0    534.6
69757.0  34.0818   -86.8564    731.5    738.4    538.6
69758.0  34.0807   -86.8564    730.6    737.8    536.1
69759.0  34.0796   -86.8564    730.3    738.1    526.6
69760.0  34.0785   -86.8564    730.3    737.2    509.0
69761.0  34.0774   -86.8564    730.3    737.3    506.4
69762.0  34.0763   -86.8564    730.3    736.4    506.2
69763.0  34.0753   -86.8564    730.3    736.9    514.1
69764.0  34.0742   -86.8564    731.1    737.8    509.7
69765.0  34.0731   -86.8565    730.9    738.0    509.1
69766.0  34.0720   -86.8565    730.3    738.0    509.6
69767.0  34.0709   -86.8565    730.7    739.1    514.2
69768.0  34.0698   -86.8565    731.5    740.1    512.6
69769.0  34.0688   -86.8566    731.5    738.6    509.0
69770.0  34.0677   -86.8566    731.5    738.2    515.1
69771.0  34.0666   -86.8566    732.3    739.3    516.3
69772.0  34.0655   -86.8566    732.7    739.7    512.0
69773.0  34.0644   -86.8567    732.7    737.9    517.5
69774.0  34.0633   -86.8567    732.9    738.2    517.8
69775.0  34.0623   -86.8568    734.0    738.8    515.7
69776.0  34.0612   -86.8568    734.0    739.1    519.7
69777.0  34.0601   -86.8569    734.0    740.6    520.1
69778.0  34.0590   -86.8569    734.0    739.6    523.8
69779.0  34.0579   -86.8570    734.0    739.8    528.2
69780.0  34.0568   -86.8570    734.0    739.4    530.2
69781.0  34.0557   -86.8571    734.0    738.6    533.6
69782.0  34.0547   -86.8571    734.0    740.5    533.1
69783.0  34.0536   -86.8572    734.0    742.1    539.6
69784.0  34.0525   -86.8573    734.7    742.3    547.5
69785.0  34.0514   -86.8573    735.2    741.2    552.4
69786.0  34.0503   -86.8574    734.0    740.6    558.0
69787.0  34.0492   -86.8575    734.0    738.1    553.4
69788.0  34.0481   -86.8575    733.5    738.9    559.9
69789.0  34.0471   -86.8576    732.7    738.7    561.0
69790.0  34.0460   -86.8577    731.8    737.8    573.4
69791.0  34.0449   -86.8577    730.6    736.5    578.5
69792.0  34.0438   -86.8578    729.7    737.2    558.8
69793.0  34.0427   -86.8579    729.1    735.4    508.3
69794.0  34.0416   -86.8580    729.1    735.2    476.1
69795.0  34.0405   -86.8581    730.0    736.2    469.3
69796.0  34.0395   -86.8582    730.6    738.1    477.0
69797.0  34.0384   -86.8583    732.1    738.4    480.0
69798.0  34.0373   -86.8584    734.0    742.0    486.7
69799.0  34.0362   -86.8585    735.2    743.7    487.2
69800.0  34.0351   -86.8586    735.3    744.4    486.9
69801.0  34.0340   -86.8587    735.7    743.7    487.4
69802.0  34.0329   -86.8588    735.2    741.9    483.8
69803.0  34.0318   -86.8590    734.8    741.5    487.0
69804.0  34.0308   -86.8591    733.9    740.1    491.2
69805.0  34.0297   -86.8592    732.7    739.4    491.3
69806.0  34.0286   -86.8593    732.7    740.6    485.4
69807.0  34.0275   -86.8595    732.7    740.8    496.9
69808.0  34.0264   -86.8596    732.1    741.0    494.0
69809.0  34.0253   -86.8597    731.2    739.0    489.6
69810.0  34.0242   -86.8598    730.3    737.7    485.3
69811.0  34.0231   -86.8599    729.3    736.9    491.7
69812.0  34.0220   -86.8600    728.0    735.9    492.6
69813.0  34.0210   -86.8601    727.2    736.9    501.9
69814.0  34.0199   -86.8602    726.2    735.1    497.5
69815.0  34.0188   -86.8603    725.4    734.4    484.9
69816.0  34.0177   -86.8604    726.1    734.7    481.1
69817.0  34.0166   -86.8605    726.8    734.8    475.7
69818.0  34.0155   -86.8605    727.9    735.3    477.7
69819.0  34.0144   -86.8606    728.1    736.6    487.6
69820.0  34.0133   -86.8607    729.1    738.3    491.6
69821.0  34.0122   -86.8607    729.1    737.0    499.8
69822.0  34.0111   -86.8608    729.5    737.8    516.8
69823.0  34.0101   -86.8608    730.6    739.3    543.3
69824.0  34.0090   -86.8609    732.1    738.3    572.4
69825.0  34.0079   -86.8609    733.7    741.4    586.5
69826.0  34.0068   -86.8609    734.3    742.7    589.2
69827.0  34.0057   -86.8610    735.2    743.6    596.9
69828.0  34.0046   -86.8610    735.2    742.7    602.6
69829.0  34.0035   -86.8610    734.5    742.8    605.1
69830.0  34.0024   -86.8610    733.5    740.1    609.4
69831.0  34.0013   -86.8610    732.6    740.6    611.3
69832.0  34.0002   -86.8611    731.5    740.2    610.4
69833.0  33.9992   -86.8611    731.5    740.0    611.1
69834.0  33.9981   -86.8611    730.7    739.8    611.6
69835.0  33.9970   -86.8611    730.3    737.0    609.3
69836.0  33.9959   -86.8612    729.1    736.8    608.7
69837.0  33.9948   -86.8612    729.3    736.4    601.0
69838.0  33.9937   -86.8612    731.0    738.2    599.7
