flight/WP3D/AircraftPos_NP3_20130706_RA.ict
38  1001
Ken Aikin
NOAA ESRL Chemical Sciences Division
various aircraft sensors
SENEX 2013
1  1
2013  07  06  2013  07  06
1
AOCTimewave
5
1  1  1  1  1 
-9999  -9999  -9999  -9999  -9999
GpsLat  deg
GpsLon  deg
GpsAlt  m
PAlt  m
RAlt  m
1
SPECIAL COMMENTS:PA shale flight.
18
PI_CONTACT_INFO: Address: NOAA ESRL Chemical Sciences Division  Mail Stop R/CSD7  325 Broadway  Boulder  CO 80305
PLATFORM: NOAA WP-3D
LOCATION: The aircraft was stationed in Smyrna  Tennessee. Aircraft location information in AircraftPosition file.
ASSOCIATED_DATA: N/A
INSTRUMENT_INFO: N/A
DATA_INFO: Units:GpsLat:decimal degrees; GpsLon: decimal degrees; GpsAlt: meters; PAlt:meters; RAlt: meters.
UNCERTAINTY: N/A
ULOD_FLAG: -7777
ULOD_VALUE: N/A
LLOD_FLAG: -8888
LLOD_VALUE: N/A
DM_CONTACT_INFO: Data Manager:Ken Aikin; email:Kenneth.C.Aikin@noaa.gov
PROJECT_INFO: SENEX 2013 Study; June 1 - July 15  2013
STIPULATIONS_ON_USE: Use of these data require prior ok from PI.
OTHER_COMMENTS:       None
REVISION: RA
RA: Preliminary Data.  For in-field use.
AOCTimewave  GpsLat  GpsLon  GpsAlt  PAlt  RAlt
[from data line 15709]
67268.0  41.5838   -77.6124   1054.6    939.9    435.7
67269.0  41.5831   -77.6135   1054.2    940.3    448.7
67270.0  41.5824   -77.6145   1053.6    939.1  -9999.0
67271.0  41.5818   -77.6156   1054.6    938.5    398.5
67272.0  41.5811   -77.6167   1054.6    940.2    398.9
67273.0  41.5804   -77.6178   1054.6    940.9    423.3
67274.0  41.5798   -77.6189   1054.6    941.3    459.4
67275.0  41.5791   -77.6199   1054.6    940.2    454.2
67276.0  41.5784   -77.6210   1054.6    940.1  -9999.0
67277.0  41.5778   -77.6221   1055.0    939.0    409.6
67278.0  41.5771   -77.6232   1055.8    940.2    406.8
67279.0  41.5764   -77.6242   1055.8    939.1    412.3
67280.0  41.5758   -77.6253   1055.8    940.3    400.5
67281.0  41.5751   -77.6264   1055.0    939.0    379.1
67282.0  41.5744   -77.6275   1055.5    940.1    366.9
67283.0  41.5737   -77.6286   1055.8    941.5    370.0
67284.0  41.5731   -77.6296   1055.7    941.7  -9999.0
67285.0  41.5724   -77.6307   1054.2    941.5    383.3
67286.0  41.5717   -77.6318   1053.3    940.9    403.1
67287.0  41.5710   -77.6329   1052.2    940.7    427.2
67288.0  41.5704   -77.6339   1052.2    938.1    444.0
67289.0  41.5697   -77.6350   1052.2    938.2    430.2
67290.0  41.5690   -77.6361   1052.2    939.1    422.1
67291.0  41.5683   -77.6372   1052.4    937.6    410.2
67292.0  41.5677   -77.6383   1053.4    936.7    401.6
67293.0  41.5670   -77.6393   1053.4    937.6    396.7
67294.0  41.5663   -77.6404   1053.4    937.4    380.3
67295.0  41.5656   -77.6415   1053.4    937.1    377.2
67296.0  41.5650   -77.6426   1053.4    938.3    388.7
67297.0  41.5643   -77.6437   1053.4    938.4    402.5
67298.0  41.5636   -77.6448   1053.0    938.6    414.3
67299.0  41.5629   -77.6458   1052.4    938.7    429.8
67300.0  41.5623   -77.6469   1053.5    939.3  -9999.0
67301.0  41.5616   -77.6480   1054.6    937.7    441.9
67302.0  41.5609   -77.6491   1054.3    939.6    421.2
67303.0  41.5602   -77.6502   1053.4    939.8    400.0
67304.0  41.5596   -77.6513   1053.4    939.5    392.8
67305.0  41.5589   -77.6524   1052.8    939.0  -9999.0
67306.0  41.5582   -77.6535   1052.4    939.2    399.3
67307.0  41.5575   -77.6545   1053.4    938.1    418.1
67308.0  41.5569   -77.6556   1052.9    937.7    447.2
67309.0  41.5562   -77.6567   1052.2    938.7    473.9
67310.0  41.5555   -77.6578   1052.2    938.3    473.7
67311.0  41.5548   -77.6589   1051.7    934.9    495.4
67312.0  41.5542   -77.6600   1051.0    935.4    517.2
67313.0  41.5535   -77.6611   1051.0    934.8  -9999.0
67314.0  41.5528   -77.6622   1051.0    935.4    505.9
67315.0  41.5521   -77.6633   1050.0    936.0    491.7
67316.0  41.5515   -77.6644   1049.7    935.7    503.0
67317.0  41.5508   -77.6654   1049.7    935.1    526.5
67318.0  41.5501   -77.6665   1048.7    933.4    537.7
67319.0  41.5494   -77.6676   1049.7    934.5    511.1
67320.0  41.5488   -77.6687   1049.7    933.7    504.4
67321.0  41.5481   -77.6698   1049.7    934.4    495.5
67322.0  41.5474   -77.6709   1049.7    935.6    470.6
67323.0  41.5467   -77.6720   1050.5    936.2    434.4
67324.0  41.5461   -77.6730   1051.3    936.8    404.5
67325.0  41.5454   -77.6741   1052.2    938.2    396.2
67326.0  41.5447   -77.6752   1052.3    938.9    415.6
67327.0  41.5441   -77.6763   1053.4    939.5    446.3
67328.0  41.5434   -77.6773   1053.4    939.6    485.2
67329.0  41.5427   -77.6784   1052.3    937.7  -9999.0
67330.0  41.5421   -77.6795   1052.2    937.0    530.1
67331.0  41.5414   -77.6806   1052.2    936.5    551.2
67332.0  41.5407   -77.6817   1052.2    936.5    574.3
67333.0  41.5401   -77.6827   1051.8    936.8    568.1
67334.0  41.5394   -77.6838   1051.0    937.9    543.0
67335.0  41.5387   -77.6849   1051.0    937.4  -9999.0
67336.0  41.5381   -77.6860   1051.0    938.5    482.0
67337.0  41.5374   -77.6870   1051.0    937.9    465.1
67338.0  41.5367   -77.6881   1051.0    937.4    436.7
67339.0  41.5360   -77.6892   1051.0    937.8    423.7
67340.0  41.5354   -77.6903   1051.0    937.9    429.6
67341.0  41.5347   -77.6913   1051.0    937.0    443.9
67342.0  41.5341   -77.6924   1051.3    936.2  -9999.0
67343.0  41.5334   -77.6935   1052.2    936.4    487.1
67344.0  41.5327   -77.6946   1052.2    936.0    523.6
67345.0  41.5321   -77.6956   1052.2    935.3    543.4
67346.0  41.5314   -77.6967   1052.2    938.0    539.0
67347.0  41.5307   -77.6978   1052.2    938.3    547.1
67348.0  41.5301   -77.6988   1051.9    936.4    571.2
67349.0  41.5294   -77.6999   1051.0    936.3    588.6
67350.0  41.5288   -77.7010   1052.0    936.0    585.1
67351.0  41.5281   -77.7020   1052.8    936.4    562.9
67352.0  41.5274   -77.7031   1054.0    939.5    557.0
67353.0  41.5268   -77.7042   1054.6    939.4    580.7
67354.0  41.5261   -77.7052   1054.6    938.5    629.9
67355.0  41.5254   -77.7063   1054.6    940.9    620.6
67356.0  41.5248   -77.7074   1054.6    939.0    606.9
67357.0  41.5241   -77.7084   1054.6    940.0    592.3
67358.0  41.5234   -77.7095   1054.6    941.1    572.2
67359.0  41.5228   -77.7106   1054.6    940.6  -9999.0
67360.0  41.5221   -77.7116   1054.6    941.2    523.4
67361.0  41.5215   -77.7127   1054.6    940.2    519.3
67362.0  41.5208   -77.7138   1054.6    940.2    525.7
67363.0  41.5201   -77.7149   1054.6    940.0    518.3
67364.0  41.5195   -77.7159   1054.6    939.4  -9999.0
67365.0  41.5188   -77.7170   1054.6    940.1    520.4
67366.0  41.5181   -77.7181   1054.6    941.7    542.6
67367.0  41.5175   -77.7191   1054.6    941.3    579.0
67368.0  41.5168   -77.7202   1054.6    939.4    581.6
67369.0  41.5161   -77.7213   1053.9    939.2    544.2
67370.0  41.5155   -77.7224   1053.4    940.3    524.6
67371.0  41.5148   -77.7234   1053.4    938.6    492.2
67372.0  41.5141   -77.7245   1053.4    937.5  -9999.0
67373.0  41.5135   -77.7256   1054.5    938.2    471.1
67374.0  41.5128   -77.7267   1054.6    938.8    468.0
67375.0  41.5121   -77.7278   1055.1    940.9    475.4
67376.0  41.5115   -77.7289   1055.8    940.6    477.8
67377.0  41.5108   -77.7299   1055.8    940.8    469.2
67378.0  41.5101   -77.7310   1055.8    941.2    454.4
67379.0  41.5094   -77.7320   1055.8    940.7    444.1
67380.0  41.5086   -77.7330   1056.9    940.4    458.1
67381.0  41.5078   -77.7339   1057.0    941.0    481.2
67382.0  41.5070   -77.7348   1057.1    940.8    513.1
67383.0  41.5062   -77.7357   1058.5    941.6    548.7
67384.0  41.5054   -77.7365   1059.5    942.1    561.7
67385.0  41.5045   -77.7373   1059.5    941.2    532.5
67386.0  41.5036   -77.7381   1058.8    940.7    510.2
67387.0  41.5027   -77.7388   1057.2    941.6    492.3
67388.0  41.5018   -77.7395   1056.5    941.5  -9999.0
67389.0  41.5009   -77.7401   1055.6    940.3    456.0
67390.0  41.4999   -77.7407   1054.3    939.6    444.1
67391.0  41.4989   -77.7413   1053.4    938.5    444.8
67392.0  41.4980   -77.7418   1052.2    937.7    453.8
67393.0  41.4970   -77.7422   1051.7    937.4    474.6
67394.0  41.4960   -77.7426   1051.0    936.1    495.9
67395.0  41.4949   -77.7430   1050.1    935.0    501.7
67396.0  41.4939   -77.7433   1049.7    935.5    500.5
67397.0  41.4929   -77.7436   1049.7    934.5    515.9
67398.0  41.4918   -77.7439   1049.7    935.5    529.7
67399.0  41.4908   -77.7440   1049.7    936.3    545.1
67400.0  41.4897   -77.7442   1049.7    934.4    533.9
67401.0  41.4887   -77.7443   1049.7    935.3  -9999.0
67402.0  41.4876   -77.7444   1049.7    934.7    511.5
67403.0  41.4866   -77.7444   1049.3    934.6    510.3
67404.0  41.4855   -77.7445   1048.5    934.8    528.2
67405.0  41.4845   -77.7445   1048.5    935.3    540.1
67406.0  41.4834   -77.7446   1048.5    933.8    534.0
67407.0  41.4824   -77.7446   1048.5    931.7    513.2
67408.0  41.4813   -77.7447   1048.5    931.4    500.2
67409.0  41.4803   -77.7448   1048.5    932.4    511.0
67410.0  41.4792   -77.7448   1048.5    934.5    523.9
67411.0  41.4782   -77.7449   1049.5    936.0    534.2
67412.0  41.4771   -77.7449   1050.4    935.8    541.7
67413.0  41.4761   -77.7450   1051.5    937.0    544.5
67414.0  41.4750   -77.7451   1052.9    937.3    554.0
67415.0  41.4740   -77.7451   1054.1    938.9    561.2
67416.0  41.4729   -77.7452   1055.0    939.9    568.7
67417.0  41.4719   -77.7453   1055.8    941.0  -9999.0
67418.0  41.4708   -77.7453   1055.8    940.1    571.3
67419.0  41.4698   -77.7454   1055.8    939.2    562.7
67420.0  41.4688   -77.7454   1055.8    940.1    568.1
67421.0  41.4677   -77.7455   1055.5    939.3    568.9
67422.0  41.4667   -77.7456   1054.6    937.8    564.9
67423.0  41.4656   -77.7456   1054.6    937.2  -9999.0
67424.0  41.4646   -77.7457   1054.2    938.2    569.0
67425.0  41.4635   -77.7457   1053.4    938.8    577.8
67426.0  41.4625   -77.7458   1053.4    938.9    568.7
67427.0  41.4614   -77.7458   1052.2    938.6    556.6
67428.0  41.4604   -77.7459   1052.2    936.6    541.1
67429.0  41.4593   -77.7460   1052.2    935.9    519.8
67430.0  41.4583   -77.7460   1051.1    937.2    492.2
67431.0  41.4572   -77.7461   1051.0    937.4  -9999.0
67432.0  41.4562   -77.7461   1051.0    938.0    455.6
67433.0  41.4551   -77.7462   1051.0    936.8    448.6
67434.0  41.4541   -77.7463   1051.0    935.0    447.9
67435.0  41.4530   -77.7463   1051.0    935.0    456.8
67436.0  41.4520   -77.7464   1051.0    936.3    464.3
67437.0  41.4509   -77.7464   1051.0    936.3    474.4
67438.0  41.4499   -77.7465   1051.3    936.6    481.7
67439.0  41.4489   -77.7465   1052.2    935.8    490.8
67440.0  41.4478   -77.7466   1052.2    936.2    503.4
67441.0  41.4468   -77.7466   1052.2    936.6    525.2
67442.0  41.4457   -77.7467   1052.2    937.6    549.4
67443.0  41.4447   -77.7467   1052.2    937.7    584.8
67444.0  41.4436   -77.7468   1052.2    936.7    620.4
67445.0  41.4426   -77.7468   1052.2    936.5    616.0
67446.0  41.4415   -77.7469   1052.2    935.6    598.7
67447.0  41.4405   -77.7469   1052.2    936.6  -9999.0
67448.0  41.4394   -77.7470   1052.5    938.3    511.1
67449.0  41.4384   -77.7470   1053.4    937.1    482.3
67450.0  41.4374   -77.7471   1053.4    936.2    448.1
67451.0  41.4363   -77.7471   1053.4    937.7    436.7
67452.0  41.4353   -77.7472   1053.4    938.3    440.2
67453.0  41.4342   -77.7472   1053.4    938.1  -9999.0
67454.0  41.4332   -77.7472   1053.4    938.2    460.1
67455.0  41.4322   -77.7473   1052.4    935.0    481.5
67456.0  41.4311   -77.7473   1052.9    935.7    502.1
67457.0  41.4301   -77.7474   1052.5    935.1    490.8
67458.0  41.4290   -77.7474   1052.2    935.8    483.4
67459.0  41.4280   -77.7474   1053.0    936.3    480.3
67460.0  41.4270   -77.7475   1053.4    935.7  -9999.0
67461.0  41.4259   -77.7475   1053.4    936.9    475.4
67462.0  41.4249   -77.7476   1054.2    938.1    483.7
67463.0  41.4238   -77.7476   1054.6    938.4    488.9
67464.0  41.4228   -77.7476   1054.6    939.5    490.5
67465.0  41.4217   -77.7477   1054.6    939.9    497.2
67466.0  41.4207   -77.7477   1054.6    939.5    497.5
67467.0  41.4197   -77.7477   1054.6    938.4    507.2
67468.0  41.4186   -77.7478   1054.1    938.1    504.6
67469.0  41.4176   -77.7478   1053.4    938.1    504.3
67470.0  41.4165   -77.7478   1052.2    937.4    508.4
67471.0  41.4155   -77.7479   1051.3    935.9    512.5
67472.0  41.4145   -77.7479   1051.3    935.3    513.6
67473.0  41.4134   -77.7480   1051.4    934.7    509.8
67474.0  41.4124   -77.7480   1050.6    936.2    501.4
67475.0  41.4113   -77.7480   1049.7    936.3    507.2
67476.0  41.4103   -77.7481   1049.7    935.7  -9999.0
67477.0  41.4093   -77.7481   1049.7    935.3    507.6
67478.0  41.4082   -77.7481   1050.1    935.0    513.4
67479.0  41.4072   -77.7482   1051.0    935.0    514.7
67480.0  41.4062   -77.7482   1051.0    935.1    527.4
67481.0  41.4051   -77.7482   1051.0    935.3    531.1
67482.0  41.4041   -77.7483   1051.3    934.5  -9999.0
67483.0  41.4030   -77.7483   1052.2    935.5    535.3
67484.0  41.4020   -77.7483   1052.2    936.7    541.6
67485.0  41.4010   -77.7484   1052.2    936.3    550.6
67486.0  41.3999   -77.7484   1052.2    936.7    559.6
67487.0  41.3989   -77.7485   1052.5    936.2    564.7
67488.0  41.3979   -77.7485   1053.4    936.8    559.1
67489.0  41.3968   -77.7485   1053.4    935.5    556.1
67490.0  41.3958   -77.7486   1053.4    936.8    555.5
67491.0  41.3948   -77.7486   1053.4    937.1    556.7
67492.0  41.3937   -77.7486   1053.4    936.7    553.2
67493.0  41.3927   -77.7487   1053.4    937.4    553.0
67494.0  41.3917   -77.7487   1053.4    935.9    556.6
67495.0  41.3906   -77.7487   1052.2    936.2    556.6
67496.0  41.3896   -77.7487   1052.2    937.2    557.2
67497.0  41.3886   -77.7488   1052.2    935.9    569.9
67498.0  41.3875   -77.7488   1052.5    936.8    567.8
67499.0  41.3865   -77.7488   1053.4    938.2    572.0
67500.0  41.3855   -77.7489   1053.4    938.6    573.1
67501.0  41.3844   -77.7489   1053.4    939.1    575.2
67502.0  41.3834   -77.7489   1054.6    940.3    569.9
67503.0  41.3824   -77.7490   1054.6    939.4    572.5
67504.0  41.3813   -77.7490   1055.4    939.2    576.2
67505.0  41.3803   -77.7490   1055.8    940.3    588.7
67506.0  41.3793   -77.7491   1055.8    940.2  -9999.0
67507.0  41.3782   -77.7491   1055.8    940.6    603.8
67508.0  41.3772   -77.7491   1055.8    939.7    598.8
67509.0  41.3762   -77.7491   1055.2    939.6    587.6
67510.0  41.3751   -77.7492   1054.6    938.9    582.2
67511.0  41.3741   -77.7492   1054.6    938.0    578.1
67512.0  41.3731   -77.7492   1054.1    937.9  -9999.0
67513.0  41.3720   -77.7493   1053.4    937.4    582.5
67514.0  41.3710   -77.7493   1053.4    937.5    580.1
67515.0  41.3700   -77.7493   1053.4    938.5    585.6
67516.0  41.3689   -77.7494   1053.4    938.1    589.0
67517.0  41.3679   -77.7494   1053.4    937.8    601.4
67518.0  41.3668   -77.7494   1053.4    938.0    618.6
67519.0  41.3658   -77.7494   1053.4    938.2  -9999.0
67520.0  41.3648   -77.7495   1052.7    937.6    666.9
67521.0  41.3637   -77.7495   1052.2    938.3    681.8
67522.0  41.3627   -77.7495   1052.2    938.4    711.6
67523.0  41.3617   -77.7495   1052.2    937.1    740.5
67524.0  41.3606   -77.7496   1052.2    936.9    764.4
67525.0  41.3596   -77.7496   1052.6    936.6    767.2
67526.0  41.3586   -77.7496   1053.3    938.0    759.7
67527.0  41.3575   -77.7496   1052.2    937.6  -9999.0
67528.0  41.3565   -77.7496   1052.6    938.2    749.8
67529.0  41.3555   -77.7497   1053.4    937.9    744.9
67530.0  41.3544   -77.7497   1053.4    936.9    747.0
67531.0  41.3534   -77.7497   1053.4    936.9    744.5
67532.0  41.3524   -77.7497   1053.4    938.5    725.5
67533.0  41.3513   -77.7498   1053.4    938.9    669.2
67534.0  41.3503   -77.7498   1053.4    938.4    641.9
67535.0  41.3493   -77.7498   1053.4    939.5  -9999.0
67536.0  41.3482   -77.7498   1053.4    938.9    638.7
67537.0  41.3472   -77.7498   1053.4    938.0    637.6
67538.0  41.3462   -77.7499   1053.4    937.2    647.2
67539.0  41.3451   -77.7499   1053.4    937.8    625.0
67540.0  41.3441   -77.7499   1053.4    939.0    593.1
67541.0  41.3431   -77.7499   1053.4    936.8  -9999.0
67542.0  41.3420   -77.7500   1052.5    935.9    592.8
67543.0  41.3410   -77.7500   1052.2    936.5    577.4
67544.0  41.3400   -77.7500   1052.2    936.8    574.1
67545.0  41.3389   -77.7501   1052.2    937.5    572.3
67546.0  41.3379   -77.7501   1052.2    937.3    571.5
67547.0  41.3369   -77.7501   1052.6    936.6    578.1
67548.0  41.3358   -77.7501   1053.4    936.9    592.9
67549.0  41.3348   -77.7502   1053.4    937.0  -9999.0
67550.0  41.3338   -77.7502   1053.4    937.5    599.2
67551.0  41.3327   -77.7502   1053.4    938.8    617.2
67552.0  41.3317   -77.7502   1053.4    938.4    632.0
67553.0  41.3307   -77.7503   1053.4    937.2    672.8
67554.0  41.3296   -77.7503   1053.4    937.4    723.4
67555.0  41.3286   -77.7503   1053.4    937.4    845.0
67556.0  41.3276   -77.7503   1053.4    936.9    868.7
67557.0  41.3265   -77.7504   1052.4    936.7    872.9
