flight/WP3D/AircraftMet_NP3_20130703_RB.ict
44  1001
Ken Aikin
NOAA ESRL Chemical Sciences Division
various aircraft sensors
SENEX 2013
1  1
2013  07  03  2013  07  03
1
AOCTimewave
10
1  1  1  1  1  1  1  1  1  1
-9999  -9999  -9999  -9999  -9999  -9999  -9999  -9999  -9999  -9999
AmbTemp  C
DewPtTemp  C
DewPtTempTDL  C
H2Omr  g/kg
PotTemp  K
RelHumidity  pct
StaticPrs  mbar
VertWindSpd  m/s
WindDir  deg
WindSpd  m/s
1
SPECIAL COMMENTS:AR  MO power plants  night flight.
19
PI_CONTACT_INFO: Address: NOAA ESRL Chemical Sciences Division  Mail Stop R/CSD7  325 Broadway  Boulder  CO 80305
PLATFORM: NOAA WP-3D
LOCATION: The aircraft was stationed in  Smyrna  Tennessee. Aircraft location information in AircraftPosition file.
ASSOCIATED_DATA: N/A
INSTRUMENT_INFO: N/A
DATA_INFO: Units:AmbTemp celcius; DewPtTemp celcius; DewPtTempTDL celcius; H2Omr g/kg; PotTemp kelvin; RelHumidity percent; StaticPrs millibar; VertWindSpd m/s; WindDir degrees; WindSpd m/s
UNCERTAINTY: N/A
ULOD_FLAG: -7777
ULOD_VALUE: N/A
LLOD_FLAG: -8888
LLOD_VALUE: N/A
DM_CONTACT_INFO: Data Manager:Ken Aikin; email:Kenneth.C.Aikin@noaa.gov
PROJECT_INFO: SENEX 2013 Study; June 1 - July 15  2013
STIPULATIONS_ON_USE: Use of these data require prior ok from PI.
OTHER_COMMENTS:       None
REVISION: RB
RB: Correct time. RA was off by one day. No change to data.
RA: Preliminary Data.  For in-field use.
AOCTimewave  AmbTemp  DewPtTemp  DewPtTempTDL  H2Omr  PotTemp  RelHumidity  StaticPrs  VertWindSpd  WindDir  WindSpd
[from data line 15358]
18757.0  19.180  13.750  -1.560  10.52  297.16  70.30  944.18  -0.43  37.99  5.13
18758.0  19.160  13.700  -1.700  10.49  297.15  70.14  944.12  -0.30  37.52  5.22
18759.0  19.210  13.650  -1.640  10.45  297.19  69.68  944.25  -0.23  37.00  5.28
18760.0  19.210  13.610  -1.790  10.42  297.18  69.51  944.34  -0.11  37.15  5.26
18761.0  19.180  13.580  -1.770  10.41  297.15  69.49  944.41  -0.05  36.81  5.30
18762.0  19.230  13.560  -1.790  10.39  297.20  69.20  944.37  -0.12  36.53  5.34
18763.0  19.210  13.550  -1.820  10.38  297.17  69.25  944.40  -0.23  36.30  5.43
18764.0  19.210  13.530  -1.740  10.37  297.17  69.15  944.41  -0.34  36.34  5.47
18765.0  19.240  13.530  -1.720  10.37  297.21  69.01  944.37  -0.53  36.01  5.48
18766.0  19.230  13.510  -1.690  10.36  297.22  68.94  944.23  -0.56  36.16  5.53
18767.0  19.220  13.490  -1.760  10.35  297.21  68.90  944.12  -0.46  36.31  5.50
18768.0  19.250  13.480  -1.780  10.34  297.25  68.76  943.99  -0.45  35.72  5.53
18769.0  19.240  13.460  -1.810  10.32  297.24  68.66  944.10  -0.54  36.15  5.57
18770.0  19.210  13.430  -1.750  10.30  297.19  68.67  944.23  -0.58  35.89  5.53
18771.0  19.270  13.430  -1.730  10.30  297.25  68.40  944.24  -0.56  35.92  5.51
18772.0  19.240  13.400  -1.680  10.28  297.22  68.44  944.18  -0.54  36.17  5.55
18773.0  19.250  13.400  -1.620  10.28  297.24  68.36  944.20  -0.42  36.29  5.49
18774.0  19.270  13.410  -1.650  10.28  297.24  68.30  944.37  -0.33  35.62  5.49
18775.0  19.240  13.400  -1.730  10.28  297.21  68.41  944.32  -0.26  36.10  5.50
18776.0  19.280  13.430  -1.760  10.30  297.25  68.36  944.37  -0.27  36.44  5.49
18777.0  19.250  13.440  -1.590  10.31  297.23  68.53  944.31  -0.34  37.20  5.54
18778.0  19.250  13.440  -1.670  10.31  297.23  68.54  944.24  -0.31  37.29  5.58
18779.0  19.260  13.460  -1.740  10.32  297.24  68.61  944.20  -0.28  37.62  5.56
18780.0  19.250  13.460  -1.840  10.32  297.23  68.66  944.17  -0.38  38.12  5.63
18781.0  19.220  13.460  -1.820  10.32  297.22  68.75  944.08  -0.47  38.15  5.65
18782.0  19.250  13.470  -1.780  10.33  297.26  68.66  943.98  -0.48  38.35  5.63
18783.0  19.210  13.480  -1.710  10.34  297.22  68.87  943.91  -0.43  38.79  5.61
18784.0  19.230  13.500  -1.760  10.35  297.23  68.92  944.07  -0.39  39.25  5.69
18785.0  19.220  13.500  -1.800  10.35  297.22  68.96  944.02  -0.42  39.29  5.71
18786.0  19.200  13.500  -1.770  10.35  297.21  69.01  943.98  -0.36  39.32  5.75
18787.0  19.170  13.490  -1.770  10.34  297.17  69.11  944.08  -0.43  39.22  5.76
18788.0  19.220  13.490  -1.750  10.34  297.20  68.90  944.19  -0.46  38.91  5.75
18789.0  19.180  13.510  -1.790  10.36  297.16  69.18  944.22  -0.41  38.95  5.77
18790.0  19.220  13.520  -1.690  10.36  297.20  69.05  944.26  -0.40  38.70  5.81
18791.0  19.210  13.520  -1.770  10.36  297.20  69.06  944.16  -0.43  38.36  5.78
18792.0  19.190  13.520  -1.700  10.36  297.18  69.14  944.20  -0.37  38.13  5.79
18793.0  19.190  13.520  -1.670  10.36  297.19  69.14  944.09  -0.38  38.16  5.82
18794.0  19.210  13.510  -1.760  10.36  297.20  69.05  944.18  -0.39  38.22  5.84
18795.0  19.180  13.490  -1.670  10.35  297.17  69.09  944.19  -0.39  38.61  5.93
18796.0  19.190  13.520  -1.740  10.36  297.16  69.15  944.32  -0.45  38.37  5.93
18797.0  19.210  13.510  -1.730  10.36  297.19  69.07  944.24  -0.49  38.35  5.91
18798.0  19.200  13.510  -1.720  10.36  297.19  69.12  944.13  -0.39  37.74  5.90
18799.0  19.190  13.510  -1.700  10.36  297.18  69.10  944.20  -0.26  37.79  5.89
18800.0  19.240  13.510  -1.760  10.36  297.22  68.94  944.24  -0.30  37.60  5.87
18801.0  19.190  13.520  -1.710  10.36  297.18  69.14  944.22  -0.33  37.58  5.84
18802.0  19.220  13.520  -1.640  10.36  297.21  69.04  944.11  -0.30  37.09  5.78
18803.0  19.240  13.520  -1.630  10.37  297.22  68.95  944.30  -0.31  36.67  5.81
18804.0  19.200  13.540  -1.560  10.38  297.18  69.19  944.28  -0.31  36.52  5.80
18805.0  19.240  13.530  -1.610  10.37  297.21  69.02  944.31  -0.25  37.08  5.89
18806.0  19.250  13.530  -1.570  10.37  297.23  68.95  944.25  -0.24  36.92  5.88
18807.0  19.220  13.560  -1.670  10.39  297.21  69.22  944.18  -0.27  37.08  5.86
18808.0  19.220  13.560  -1.590  10.39  297.20  69.25  944.16  -0.20  37.47  5.86
18809.0  19.240  13.570  -1.640  10.39  297.22  69.16  944.21  -0.05  37.61  5.90
18810.0  19.250  13.590  -1.600  10.41  297.21  69.25  944.42  0.00  37.88  5.92
18811.0  19.200  13.590  -1.560  10.41  297.16  69.46  944.38  0.04  37.41  5.86
18812.0  19.220  13.590  -1.450  10.41  297.21  69.33  944.22  0.16  37.70  5.86
18813.0  19.250  13.590  -1.520  10.41  297.24  69.23  944.06  0.25  38.37  5.95
18814.0  19.200  13.610  -1.690  10.43  297.20  69.56  944.02  0.19  39.20  6.03
18815.0  19.170  13.610  -1.670  10.43  297.17  69.68  944.10  0.11  39.26  6.11
18816.0  19.180  13.620  -1.620  10.43  297.17  69.69  944.07  0.11  39.06  6.05
18817.0  19.180  13.620  -1.680  10.43  297.19  69.65  943.92  0.08  39.07  6.02
18818.0  19.140  13.620  -1.560  10.43  297.15  69.84  943.92  0.03  39.68  6.07
18819.0  19.140  13.610  -1.560  10.42  297.13  69.80  944.13  -0.10  39.45  6.09
18820.0  19.160  13.610  -1.560  10.42  297.15  69.70  944.10  -0.13  39.31  6.09
18821.0  19.130  13.600  -1.560  10.42  297.12  69.83  944.09  -0.08  39.60  6.10
18822.0  19.150  13.600  -1.520  10.42  297.14  69.76  944.11  0.05  38.83  6.12
18823.0  19.160  13.600  -1.620  10.42  297.14  69.69  944.19  -0.02  38.81  6.12
18824.0  19.120  13.610  -1.520  10.43  297.10  69.90  944.22  0.16  38.92  6.17
18825.0  19.150  13.620  -1.540  10.43  297.14  69.80  944.16  0.19  39.26  6.16
18826.0  19.150  13.640  -1.630  10.45  297.13  69.92  944.20  0.19  39.31  6.18
18827.0  19.110  13.640  -1.600  10.45  297.08  70.08  944.37  0.24  39.90  6.19
18828.0  19.120  13.640  -1.640  10.44  297.08  70.05  944.41  0.23  39.80  6.22
18829.0  19.130  13.630  -1.520  10.44  297.09  69.96  944.45  0.28  39.38  6.28
18830.0  19.090  13.640  -1.510  10.44  297.06  70.14  944.33  0.27  39.05  6.29
18831.0  19.150  13.640  -1.530  10.45  297.14  69.88  944.16  0.22  38.60  6.28
18832.0  19.140  13.640  -1.640  10.44  297.12  69.94  944.28  0.19  38.59  6.31
18833.0  19.140  13.640  -1.600  10.45  297.11  69.96  944.37  0.26  38.32  6.27
18834.0  19.180  13.660  -1.540  10.46  297.16  69.86  944.22  0.22  38.33  6.37
18835.0  19.150  13.660  -1.590  10.46  297.13  70.00  944.16  0.16  37.85  6.34
18836.0  19.180  13.660  -1.550  10.46  297.16  69.82  944.26  0.24  37.65  6.36
18837.0  19.170  13.660  -1.620  10.46  297.16  69.91  944.11  0.33  37.51  6.30
18838.0  19.150  13.660  -1.630  10.46  297.14  69.98  944.19  0.33  37.89  6.29
18839.0  19.180  13.670  -1.620  10.47  297.16  69.88  944.27  0.39  37.97  6.32
18840.0  19.130  13.690  -1.610  10.48  297.12  70.19  944.13  0.37  37.63  6.28
18841.0  19.200  13.690  -1.590  10.48  297.19  69.90  944.07  0.26  37.54  6.31
18842.0  19.140  13.680  -1.600  10.48  297.14  70.12  944.04  0.15  37.43  6.33
18843.0  19.190  13.680  -1.460  10.47  297.18  69.89  944.17  0.15  36.47  6.23
18844.0  19.160  13.680  -1.390  10.48  297.14  70.06  944.16  0.12  35.87  6.26
18845.0  19.210  13.710  -1.290  10.49  297.19  69.94  944.22  0.07  35.64  6.21
18846.0  19.170  13.710  -1.260  10.49  297.15  70.14  944.20  0.12  35.56  6.20
18847.0  19.220  13.710  -1.300  10.50  297.20  69.93  944.24  0.12  35.22  6.18
18848.0  19.180  13.740  -1.200  10.51  297.16  70.24  944.21  0.04  34.95  6.16
18849.0  19.230  13.760  -1.190  10.53  297.21  70.11  944.23  0.02  34.68  6.18
18850.0  19.200  13.760  -1.200  10.53  297.18  70.26  944.26  -0.03  34.60  6.23
18851.0  19.230  13.790  -1.100  10.55  297.23  70.21  944.12  -0.13  34.47  6.17
18852.0  19.210  13.790  -1.140  10.55  297.20  70.32  944.14  -0.26  34.53  6.17
18853.0  19.240  13.810  -1.160  10.57  297.23  70.29  944.11  -0.25  34.17  6.09
18854.0  19.260  13.840  -1.190  10.58  297.26  70.31  944.03  -0.19  33.85  6.13
18855.0  19.240  13.850  -1.200  10.60  297.24  70.49  944.07  -0.15  33.26  6.07
18856.0  19.300  13.850  -1.190  10.60  297.28  70.24  944.18  -0.17  32.97  6.10
18857.0  19.250  13.870  -1.200  10.61  297.24  70.51  944.21  -0.17  32.64  6.07
18858.0  19.300  13.870  -0.950  10.61  297.28  70.30  944.25  -0.11  32.18  6.02
18859.0  19.290  13.900  -0.880  10.63  297.28  70.49  944.11  0.00  31.88  5.98
18860.0  19.300  13.920  -0.770  10.64  297.29  70.53  944.18  0.03  31.52  5.94
18861.0  19.330  13.950  -0.750  10.66  297.32  70.50  944.19  0.05  31.42  5.92
18862.0  19.300  13.970  -0.750  10.68  297.29  70.73  944.24  0.12  31.82  5.94
18863.0  19.340  14.000  -0.680  10.69  297.32  70.71  944.21  0.14  31.90  5.95
18864.0  19.300  14.030  -0.680  10.72  297.30  71.01  944.05  0.13  31.87  5.93
18865.0  19.350  14.060  -0.720  10.74  297.34  70.95  944.13  0.11  31.51  5.92
18866.0  19.320  14.090  -0.900  10.76  297.31  71.23  944.09  0.07  31.69  5.90
18867.0  19.360  14.110  -0.850  10.78  297.36  71.12  944.08  0.16  31.62  5.91
18868.0  19.310  14.100  -0.760  10.77  297.32  71.32  943.94  0.15  31.99  5.91
18869.0  19.320  14.130  -0.650  10.79  297.33  71.38  943.93  0.09  31.69  5.89
18870.0  19.340  14.150  -0.840  10.81  297.34  71.42  944.02  0.08  31.08  5.90
18871.0  19.360  14.170  -1.220  10.82  297.37  71.40  943.98  0.09  31.22  5.85
18872.0  19.420  14.170  -1.480  10.82  297.43  71.15  943.91  0.03  31.85  5.81
18873.0  19.400  14.160  -1.650  10.82  297.41  71.22  943.97  0.05  30.97  5.81
18874.0  19.440  14.140  -1.880  10.80  297.45  70.92  943.91  0.09  30.16  5.79
18875.0  19.510  14.100  -2.080  10.77  297.52  70.41  943.97  0.22  29.02  5.59
18876.0  19.540  14.050  -1.520  10.74  297.55  70.06  943.93  0.22  28.54  5.43
18877.0  19.570  14.030  -1.350  10.72  297.58  69.84  943.90  0.26  28.69  5.24
18878.0  19.630  14.000  -1.160  10.70  297.65  69.44  943.91  0.31  28.71  5.23
18879.0  19.640  13.970  -1.210  10.68  297.65  69.25  944.02  0.26  28.92  5.26
18880.0  19.610  13.950  -1.140  10.66  297.62  69.28  944.00  0.14  29.13  5.08
18881.0  19.710  13.920  -1.240  10.64  297.71  68.72  944.02  0.09  29.43  4.86
18882.0  19.790  13.890  -1.260  10.62  297.81  68.21  943.94  0.07  29.35  4.78
18883.0  19.790  13.870  -1.280  10.61  297.81  68.15  943.84  0.07  29.87  4.77
18884.0  19.750  13.850  -1.220  10.60  297.79  68.19  943.76  -0.07  30.34  4.88
18885.0  19.800  13.830  -1.280  10.58  297.82  67.88  943.90  -0.12  31.19  4.72
18886.0  19.840  13.780  -1.860  10.55  297.86  67.54  943.91  -0.19  30.79  4.54
18887.0  19.910  13.750  -2.190  10.53  297.93  67.09  943.95  -0.22  30.65  4.52
18888.0  19.990  13.700  -2.300  10.49  298.01  66.50  943.97  -0.22  30.53  4.50
18889.0  19.940  13.650  -2.160  10.46  297.95  66.51  944.01  -0.09  30.48  4.53
18890.0  20.000  13.630  -2.300  10.45  298.03  66.17  943.91  0.15  29.66  4.37
18891.0  20.090  13.630  -3.070  10.44  298.10  65.82  944.02  0.17  28.53  4.35
18892.0  20.110  13.600  -3.620  10.42  298.14  65.57  943.86  0.07  29.21  4.32
18893.0  20.210  13.510  -3.840  10.36  298.23  64.80  943.91  0.03  29.65  4.31
18894.0  20.170  13.400  -3.900  10.28  298.21  64.45  943.82  0.01  29.83  4.26
18895.0  20.250  13.270  -3.760  10.20  298.27  63.63  943.92  -0.10  29.53  4.27
18896.0  20.210  13.170  -3.840  10.13  298.25  63.32  943.81  -0.13  30.18  4.15
18897.0  20.290  13.050  -3.740  10.05  298.34  62.53  943.71  -0.16  31.12  4.18
18898.0  20.230  12.960  -3.830  9.99  298.26  62.41  943.79  -0.22  31.46  4.17
18899.0  20.270  12.890  -3.820  9.94  298.30  61.91  943.94  -0.19  33.26  4.00
18900.0  20.220  12.780  -3.440  9.87  298.25  61.68  943.89  -0.16  32.05  3.92
18901.0  20.240  12.680  -3.050  9.81  298.27  61.20  943.92  -0.08  30.63  3.88
18902.0  20.280  12.610  -3.220  9.76  298.29  60.76  944.03  -0.02  31.20  4.06
18903.0  20.230  12.550  -3.460  9.72  298.27  60.68  943.81  -0.03  31.86  4.14
18904.0  20.240  12.500  -3.720  9.69  298.27  60.46  943.87  -0.03  31.08  4.12
18905.0  20.220  12.450  -3.580  9.66  298.24  60.34  943.98  -0.11  30.91  4.01
18906.0  20.250  12.400  -3.630  9.62  298.28  60.01  943.94  -0.07  32.61  3.81
18907.0  20.280  12.340  -2.790  9.58  298.29  59.69  944.11  -0.12  32.29  3.76
18908.0  20.250  12.340  -2.430  9.58  298.26  59.79  944.11  -0.25  33.80  3.81
18909.0  20.290  12.380  -2.550  9.61  298.31  59.80  943.99  -0.16  33.30  3.76
18910.0  20.260  12.450  -2.580  9.65  298.26  60.20  944.18  -0.18  33.92  3.83
18911.0  20.280  12.520  -2.590  9.69  298.28  60.38  944.19  -0.34  34.52  3.80
18912.0  20.280  12.540  -2.550  9.71  298.27  60.46  944.33  -0.41  34.48  3.70
18913.0  20.260  12.580  -2.550  9.73  298.25  60.69  944.31  -0.44  33.59  3.70
18914.0  20.310  12.610  -2.610  9.75  298.29  60.64  944.40  -0.51  35.22  3.72
18915.0  20.260  12.660  -2.610  9.78  298.24  61.01  944.48  -0.51  35.07  3.58
18916.0  20.320  12.680  -2.330  9.80  298.30  60.88  944.49  -0.45  34.69  3.57
18917.0  20.280  12.730  -2.340  9.83  298.27  61.26  944.35  -0.38  34.35  3.59
18918.0  20.320  12.760  -2.350  9.85  298.32  61.20  944.21  -0.29  35.11  3.55
18919.0  20.270  12.780  -2.070  9.87  298.27  61.50  944.16  -0.25  34.88  3.44
18920.0  20.330  12.830  -2.090  9.90  298.33  61.46  944.22  -0.30  36.05  3.44
18921.0  20.280  12.880  -2.140  9.93  298.28  61.84  944.17  -0.33  36.05  3.42
18922.0  20.310  12.950  -1.990  9.97  298.30  62.02  944.34  -0.29  36.64  3.42
18923.0  20.310  12.990  -2.000  10.00  298.28  62.20  944.57  -0.17  36.10  3.42
18924.0  20.300  13.030  -2.090  10.03  298.25  62.42  944.71  -0.16  34.99  3.48
18925.0  20.330  13.040  -1.990  10.03  298.27  62.31  944.85  -0.10  33.73  3.46
18926.0  20.360  13.030  -2.090  10.02  298.28  62.17  945.16  -0.09  34.04  3.49
18927.0  20.360  13.060  -2.260  10.04  298.25  62.27  945.48  -0.16  36.10  3.57
18928.0  20.370  13.110  -2.190  10.07  298.25  62.43  945.66  -0.23  36.86  3.60
18929.0  20.400  13.120  -2.230  10.08  298.27  62.36  945.74  -0.24  37.54  3.64
18930.0  20.400  13.150  -2.440  10.09  298.25  62.49  945.89  -0.15  37.21  3.72
18931.0  20.460  13.170  -2.630  10.10  298.27  62.36  946.32  -0.12  36.90  3.76
18932.0  20.440  13.170  -2.860  10.10  298.22  62.41  946.70  -0.12  36.79  3.84
18933.0  20.500  13.140  -3.240  10.08  298.25  62.07  947.03  -0.12  36.22  3.92
18934.0  20.510  13.120  -3.380  10.06  298.24  61.94  947.18  -0.19  36.05  3.89
18935.0  20.500  13.070  -3.420  10.02  298.21  61.77  947.45  -0.25  36.67  3.97
18936.0  20.550  13.040  -3.520  10.00  298.27  61.44  947.47  -0.30  36.96  4.09
18937.0  20.550  12.990  -3.450  9.97  298.24  61.26  947.68  -0.27  36.05  4.15
18938.0  20.530  12.940  -3.470  9.93  298.22  61.13  947.71  -0.23  36.40  4.22
18939.0  20.560  12.870  -3.570  9.89  298.24  60.74  947.75  -0.19  35.88  4.30
18940.0  20.560  12.830  -3.750  9.86  298.25  60.54  947.78  -0.13  36.52  4.39
18941.0  20.540  12.770  -3.810  9.83  298.22  60.42  947.77  -0.12  36.25  4.51
18942.0  20.520  12.700  -3.930  9.77  298.19  60.17  948.02  -0.16  36.63  4.55
18943.0  20.530  12.630  -3.870  9.73  298.20  59.85  948.01  -0.13  37.80  4.53
18944.0  20.530  12.580  -3.830  9.69  298.17  59.65  948.25  -0.15  39.28  4.61
18945.0  20.450  12.530  -3.250  9.66  298.08  59.79  948.34  -0.18  40.21  4.62
18946.0  20.430  12.480  -2.950  9.63  298.06  59.67  948.39  -0.20  39.36  4.69
18947.0  20.450  12.480  -3.230  9.62  298.08  59.56  948.44  -0.26  39.81  4.82
18948.0  20.420  12.480  -2.600  9.63  298.05  59.71  948.33  -0.37  40.71  4.95
18949.0  20.350  12.500  -2.370  9.64  297.97  60.06  948.43  -0.32  41.11  5.10
18950.0  20.290  12.530  -1.790  9.66  297.91  60.37  948.54  -0.26  40.90  5.09
18951.0  20.350  12.600  -2.360  9.71  297.96  60.45  948.53  -0.20  41.46  5.04
18952.0  20.330  12.700  -2.210  9.77  297.94  60.91  948.55  -0.23  41.09  5.12
