flight/WP3D/AircraftMis_NP3_20130611_RA.ict
41  1001
Ken Aikin
NOAA ESRL Chemical Sciences Division
various aircraft sensors
SENEX 2013
1  1
2013  06  11  2013  06  11
1
AOCTimewave
8
1  1  1  1  1  1  1  1
-9999  -9999  -9999  -9999  -9999  -9999  -9999  -9999
Attack  deg
CabinPrs  mbar
GndSpd  m/s
Heading  deg
Pitch  deg
Roll  deg
Slip  deg
TrueAirSpd  m/s
1
SPECIAL COMMENTS:Birmingham power plants flight.
18
PI_CONTACT_INFO: Address: NOAA ESRL Chemical Sciences Division  Mail Stop R/CSD7  325 Broadway  Boulder  CO 80305
PLATFORM: NOAA WP-3D
LOCATION: The aircraft was stationed in  Smyrna  Tennessee. Aircraft location information in AircraftPosition file.
ASSOCIATED_DATA: N/A
INSTRUMENT_INFO: N/A
DATA_INFO: Units: Attack degrees; CabinPrs millibar; GndSpd m/s; Heading degrees; Pitch degrees; Roll degrees; Slip degrees; TrueAirSpd m/s
UNCERTAINTY: N/A
ULOD_FLAG: -7777
ULOD_VALUE: N/A
LLOD_FLAG: -8888
LLOD_VALUE: N/A
DM_CONTACT_INFO: Data Manager:Ken Aikin; email:Kenneth.C.Aikin@noaa.gov
PROJECT_INFO: SENEX 2013 Study; June 1 - July 15  2013
STIPULATIONS_ON_USE: Use of these data require prior ok from PI.
OTHER_COMMENTS:       None
REVISION: RA
RA: Preliminary Data.  For in-field use.
AOCTimewave  Attack  CabinPrs  GndSpd  Heading  Pitch  Roll  Slip  TrueAirSpd
[from data line 22607]
81987.0  0.6  923.8  129.9  334.8  1.39  -3.52  -0.42  136.8
81988.0  0.6  923.6  129.8  334.6  1.43  -4.13  -0.40  136.6
81989.0  0.6  924.3  129.6  334.4  1.45  -4.31  -0.43  136.6
81990.0  0.6  923.9  129.5  334.1  1.55  -4.08  -0.37  136.6
81991.0  0.7  923.6  129.3  333.8  1.76  -3.51  -0.28  136.5
81992.0  0.6  924.6  129.1  333.6  1.84  -2.86  -0.24  136.4
81993.0  0.6  923.9  128.9  333.5  1.79  -2.11  -0.29  136.3
81994.0  0.5  924.2  128.7  333.4  1.62  -1.25  -0.28  136.2
81995.0  0.4  924.6  128.5  333.3  1.38  -0.73  -0.29  136.1
81996.0  0.2  924.3  128.4  333.3  0.83  -0.98  -0.31  136.1
81997.0  0.4  924.3  128.4  333.2  0.72  -1.20  -0.30  136.2
81998.0  0.6  925.1  128.4  333.1  0.73  -1.08  -0.30  136.2
81999.0  0.6  924.7  128.4  333.1  0.63  -0.52  -0.29  136.1
82000.0  0.5  925.3  128.4  333.0  0.38  -0.37  -0.24  136.1
82001.0  0.6  924.9  128.5  333.1  0.49  0.01  -0.27  135.9
82002.0  0.6  925.0  128.5  333.1  0.48  0.84  -0.33  135.9
82003.0  0.5  925.6  128.5  333.3  0.28  1.43  -0.38  135.8
82004.0  0.6  925.7  128.6  333.5  0.28  1.56  -0.54  135.8
82005.0  0.5  925.5  128.7  333.8  0.06  1.77  -0.66  135.8
82006.0  0.6  925.9  128.8  333.8  0.23  2.15  -0.50  135.9
82007.0  0.6  925.9  128.9  333.8  0.22  1.70  -0.39  135.9
82008.0  0.8  925.9  128.9  334.1  0.52  1.29  -0.53  135.8
82009.0  0.6  926.4  129.0  334.3  0.33  1.34  -0.62  135.8
82010.0  0.7  926.9  129.0  334.2  0.49  0.97  -0.51  135.7
82011.0  0.7  926.4  129.1  334.3  0.60  0.63  -0.46  135.6
82012.0  0.7  927.0  129.1  334.4  0.69  0.21  -0.54  135.6
82013.0  0.7  926.5  129.1  334.5  0.84  -0.57  -0.63  135.6
82014.0  0.7  926.2  129.1  334.4  0.88  -0.96  -0.62  135.5
82015.0  0.7  926.8  129.1  334.3  0.93  -1.25  -0.55  135.4
82016.0  0.6  926.6  129.0  334.2  0.92  -2.06  -0.56  135.2
82017.0  0.6  927.0  129.0  334.2  0.95  -2.42  -0.62  135.2
82018.0  0.6  927.2  129.0  334.0  0.88  -2.45  -0.56  135.3
82019.0  0.7  927.2  128.9  333.8  0.99  -2.52  -0.49  135.4
82020.0  0.7  927.0  128.9  333.8  1.09  -2.59  -0.53  135.3
82021.0  0.6  926.9  128.8  333.7  1.03  -2.59  -0.59  135.4
82022.0  0.7  926.9  128.7  333.6  1.16  -2.52  -0.62  135.4
82023.0  0.6  927.0  128.7  333.4  1.01  -2.48  -0.55  135.4
82024.0  0.5  927.3  128.6  333.2  0.83  -2.53  -0.52  135.4
82025.0  0.5  927.1  128.6  333.1  0.69  -2.60  -0.50  135.4
82026.0  0.5  927.2  128.6  333.0  0.52  -2.58  -0.55  135.5
82027.0  0.5  927.2  128.7  332.8  0.26  -2.27  -0.54  135.5
82028.0  0.4  927.5  128.7  332.6  0.01  -1.49  -0.43  135.6
82029.0  0.5  927.6  128.9  332.5  -0.08  -0.59  -0.36  135.7
82030.0  0.6  927.6  129.0  332.6  0.02  0.24  -0.37  135.9
82031.0  0.6  927.5  129.1  332.7  -0.08  0.21  -0.48  136.1
82032.0  0.7  927.3  129.2  332.8  0.17  -0.72  -0.61  136.1
82033.0  0.6  927.6  129.3  332.8  0.13  -1.30  -0.62  136.1
82034.0  0.6  927.7  129.4  332.7  0.15  -1.43  -0.53  136.2
82035.0  0.6  927.6  129.5  332.6  0.16  -1.44  -0.49  136.2
82036.0  0.7  927.7  129.5  332.5  0.37  -1.29  -0.48  136.3
82037.0  0.8  928.1  129.6  332.5  0.76  -1.04  -0.55  136.1
82038.0  0.8  927.4  129.5  332.5  0.93  -0.85  -0.58  136.0
82039.0  0.8  927.6  129.5  332.5  1.21  -1.03  -0.53  135.7
82040.0  0.6  928.2  129.4  332.4  1.16  -1.19  -0.51  135.5
82041.0  0.5  928.0  129.4  332.3  0.86  -1.23  -0.48  135.2
82042.0  0.5  928.4  129.3  332.3  0.71  -1.32  -0.48  135.3
82043.0  0.6  928.5  129.3  332.3  0.70  -1.33  -0.52  135.2
82044.0  0.6  928.5  129.3  332.2  0.68  -1.21  -0.52  135.3
82045.0  0.4  928.6  129.4  332.1  0.39  -1.05  -0.46  135.1
82046.0  0.6  928.9  129.4  332.1  0.45  -0.98  -0.45  135.1
82047.0  0.9  928.6  129.4  332.2  0.85  -0.93  -0.50  135.0
82048.0  0.7  929.1  129.4  332.3  0.80  -0.81  -0.60  135.0
82049.0  0.4  929.3  129.5  332.2  0.34  -0.74  -0.55  135.1
82050.0  0.7  928.9  129.5  332.1  0.58  -1.01  -0.44  135.2
82051.0  0.7  929.2  129.5  332.1  0.73  -1.42  -0.53  135.4
82052.0  0.4  929.2  129.6  331.9  0.25  -1.78  -0.47  135.5
82053.0  0.6  929.3  129.6  331.7  0.32  -2.11  -0.38  135.7
82054.0  0.9  929.2  129.6  331.6  0.77  -1.96  -0.37  135.8
82055.0  0.5  929.7  129.6  331.5  0.43  -1.55  -0.44  135.8
82056.0  0.7  930.0  129.7  331.4  0.63  -1.04  -0.39  135.9
82057.0  0.6  930.0  129.7  331.4  0.64  -0.31  -0.36  136.1
82058.0  0.6  929.8  129.7  331.4  0.60  0.79  -0.35  136.2
82059.0  0.6  930.1  129.7  331.5  0.60  1.75  -0.27  136.0
82060.0  0.6  930.0  129.7  331.6  0.62  2.53  -0.23  135.9
82061.0  0.6  930.2  129.7  331.9  0.60  2.20  -0.38  136.0
82062.0  0.7  930.0  129.7  332.1  0.72  1.20  -0.49  135.9
82063.0  0.6  930.6  129.7  332.2  0.77  0.79  -0.47  135.8
82064.0  0.4  930.4  129.7  332.2  0.41  1.21  -0.32  135.7
82065.0  0.8  930.2  129.8  332.2  0.86  1.08  -0.24  135.6
82066.0  0.8  930.5  129.7  332.5  1.13  0.51  -0.47  135.6
82067.0  0.7  930.7  129.6  332.7  1.16  0.13  -0.58  135.6
82068.0  0.3  930.5  129.6  332.6  0.61  -0.24  -0.48  135.7
82069.0  0.7  930.2  129.6  332.4  0.95  -0.39  -0.25  135.5
82070.0  0.6  930.2  129.5  332.5  0.90  -0.12  -0.30  135.5
82071.0  0.6  930.5  129.5  332.5  0.90  0.40  -0.35  135.6
82072.0  0.8  931.1  129.4  332.5  1.31  0.90  -0.29  135.6
82073.0  0.8  930.6  129.3  332.7  1.51  1.27  -0.34  135.5
82074.0  0.7  930.6  129.2  332.8  1.62  1.64  -0.35  135.3
82075.0  0.3  930.9  129.1  332.8  1.02  1.86  -0.27  135.4
82076.0  0.5  931.3  129.0  332.8  0.89  1.71  -0.22  135.3
82077.0  0.6  930.8  129.0  333.0  0.94  1.45  -0.27  135.3
82078.0  0.5  930.7  129.0  333.1  0.74  1.31  -0.36  135.3
82079.0  0.6  931.1  129.0  333.2  0.78  1.12  -0.30  135.4
82080.0  0.7  931.2  129.0  333.2  0.88  0.42  -0.27  135.5
82081.0  0.6  931.1  129.0  333.3  0.74  -0.40  -0.36  135.5
82082.0  0.7  931.1  129.0  333.3  0.93  -0.87  -0.39  135.5
82083.0  0.4  931.1  128.9  333.2  0.44  -1.16  -0.34  135.6
82084.0  0.3  931.4  129.0  333.0  0.03  -1.52  -0.27  135.6
82085.0  0.4  931.4  129.1  332.8  -0.23  -1.95  -0.25  135.7
82086.0  0.4  931.3  129.2  332.7  -0.52  -2.34  -0.28  136.0
82087.0  0.4  931.6  129.3  332.5  -0.87  -2.98  -0.24  136.0
82088.0  0.3  931.4  129.1  332.4  -1.34  -4.23  -0.35  135.9
82089.0  0.4  931.7  128.7  332.5  -1.71  -5.38  -0.69  135.6
82090.0  0.4  932.0  128.2  332.4  -2.22  -6.10  -0.84  135.3
82091.0  0.4  931.9  127.8  332.0  -2.81  -6.64  -0.72  135.0
82092.0  0.5  932.3  127.5  331.7  -3.18  -6.23  -0.57  134.7
82093.0  0.7  932.2  127.2  331.4  -3.33  -4.67  -0.54  134.3
82094.0  0.8  932.1  127.0  331.0  -3.32  -3.48  -0.30  134.0
82095.0  1.0  932.4  126.8  330.7  -3.15  -2.32  -0.03  133.6
82096.0  0.9  932.6  126.5  330.8  -3.27  -1.22  -0.25  133.3
82097.0  0.9  932.8  126.3  331.1  -3.22  0.17  -0.46  133.1
82098.0  0.8  932.7  126.1  331.2  -3.48  0.93  -0.35  132.8
82099.0  0.8  933.0  125.9  331.3  -3.52  0.45  -0.25  132.6
82100.0  1.0  932.9  125.7  331.6  -3.46  -0.18  -0.40  132.3
82101.0  0.8  933.1  125.5  331.8  -3.70  -0.11  -0.49  132.2
82102.0  1.0  933.2  125.3  331.8  -3.57  -0.27  -0.31  131.9
82103.0  1.0  933.2  125.1  331.6  -3.57  -0.71  -0.07  131.7
82104.0  1.1  932.9  125.0  331.3  -3.47  -0.91  0.23  131.3
82105.0  1.0  933.6  124.8  331.7  -3.44  -0.75  -0.15  131.1
82106.0  1.1  933.5  124.6  332.1  -3.37  -0.33  -0.63  130.9
82107.0  1.0  933.5  124.4  332.1  -3.37  0.36  -0.43  130.3
82108.0  1.1  933.5  124.2  332.1  -3.21  0.40  -0.25  130.1
82109.0  1.1  933.7  124.0  332.3  -3.19  -0.09  -0.36  129.8
82110.0  1.0  933.1  123.8  332.5  -3.24  -0.12  -0.62  130.1
82111.0  1.2  934.3  123.6  332.5  -3.03  0.51  -0.60  130.3
82112.0  1.1  933.3  123.3  332.4  -3.07  0.12  -0.42  130.5
82113.0  1.1  933.4  123.1  332.2  -2.91  -0.19  -0.26  130.4
82114.0  0.9  934.3  122.8  332.1  -3.10  0.13  -0.02  130.1
82115.0  1.1  934.1  122.5  332.1  -3.00  -0.45  0.01  130.2
82116.0  1.2  933.5  122.3  332.4  -2.61  -0.69  -0.25  130.1
82117.0  1.1  934.1  122.0  332.5  -2.66  0.20  -0.30  130.1
82118.0  1.0  933.9  121.6  332.4  -2.82  1.63  -0.08  129.9
82119.0  1.0  933.9  121.3  332.5  -2.86  1.98  -0.28  129.7
82120.0  1.4  933.3  121.1  332.6  -2.17  0.90  -0.23  129.7
82121.0  1.0  934.4  120.7  332.7  -2.29  -1.19  -0.22  129.4
82122.0  1.0  933.9  120.3  332.8  -2.48  -1.48  -0.55  129.2
82123.0  0.9  934.0  120.0  332.6  -2.64  -0.78  -0.46  129.1
82124.0  1.1  934.0  119.6  332.2  -2.61  -1.34  0.11  129.2
82125.0  1.2  934.4  119.3  332.0  -2.59  -2.59  0.28  128.9
82126.0  1.3  934.2  119.0  332.0  -2.41  -2.92  0.11  128.8
82127.0  1.4  934.2  118.7  332.0  -2.15  -2.59  -0.11  128.5
82128.0  1.2  934.0  118.3  332.1  -2.24  -2.11  -0.31  128.1
82129.0  1.1  934.2  118.0  332.2  -2.44  -1.81  -0.37  127.7
82130.0  1.0  933.8  117.7  332.1  -2.83  -1.48  -0.29  127.3
82131.0  0.8  934.4  117.4  332.1  -3.50  -1.36  -0.21  127.0
82132.0  1.0  934.2  117.2  332.1  -3.45  -0.76  -0.24  126.8
82133.0  1.1  934.8  117.0  332.1  -3.64  0.05  -0.33  126.4
82134.0  0.9  934.3  116.9  332.1  -4.08  0.40  -0.13  126.4
82135.0  1.0  935.1  116.8  332.2  -4.13  0.07  -0.16  126.2
82136.0  1.1  934.6  116.7  332.4  -4.04  -0.24  -0.43  126.1
82137.0  1.2  935.0  116.6  332.5  -3.91  0.22  -0.46  126.0
82138.0  1.2  934.8  116.6  332.4  -3.76  0.29  -0.29  125.8
82139.0  1.0  935.3  116.5  332.4  -3.99  -0.23  -0.23  125.6
82140.0  1.2  935.3  116.4  332.5  -3.94  -0.36  -0.30  125.6
82141.0  0.9  935.2  116.3  332.4  -4.28  0.03  -0.22  125.8
82142.0  0.9  935.8  116.2  332.5  -4.60  0.01  -0.06  125.7
82143.0  1.2  935.8  116.2  332.7  -4.37  -0.57  -0.18  125.7
82144.0  1.0  935.6  116.2  332.9  -4.77  -1.11  -0.44  125.7
82145.0  1.3  935.3  116.2  332.9  -4.38  -1.39  -0.42  125.7
82146.0  1.3  936.1  116.3  332.7  -4.26  -1.47  -0.21  125.9
82147.0  1.1  935.4  116.3  332.3  -4.48  -0.90  0.02  125.4
82148.0  1.3  935.9  116.3  332.1  -4.44  -0.55  0.04  125.2
82149.0  1.4  935.3  116.4  332.1  -4.25  -0.66  -0.10  124.7
82150.0  1.5  936.2  116.4  332.0  -3.92  -1.10  -0.45  123.8
82151.0  1.3  936.4  116.5  331.6  -4.19  -1.28  -0.38  122.8
82152.0  1.5  936.1  116.5  331.1  -4.11  -1.04  0.18  122.2
82153.0  1.5  936.3  116.5  331.0  -4.07  -0.54  0.16  122.1
82154.0  1.2  935.6  116.5  331.2  -4.43  0.17  -0.15  122.1
82155.0  1.1  937.0  116.6  331.2  -4.87  0.74  0.09  122.3
82156.0  1.2  936.3  116.7  331.3  -5.07  0.67  0.07  122.5
82157.0  1.4  936.3  116.9  331.5  -4.82  0.63  -0.19  122.5
82158.0  1.4  936.3  117.1  331.5  -4.76  0.73  -0.20  122.6
82159.0  1.4  936.5  117.3  331.3  -4.66  0.48  0.10  122.5
82160.0  1.0  936.8  117.4  331.3  -5.10  -0.02  -0.01  122.8
82161.0  1.3  935.9  117.5  331.4  -4.86  -0.43  -0.18  122.9
82162.0  1.1  936.3  117.7  331.2  -5.09  -0.64  -0.23  122.9
82163.0  1.1  936.2  117.8  330.9  -5.31  -0.85  0.18  123.1
82164.0  1.5  936.8  118.0  330.9  -4.77  -0.85  0.30  122.9
82165.0  1.3  936.5  118.2  331.2  -4.93  -0.70  -0.05  122.7
82166.0  1.0  936.3  118.4  331.2  -5.50  -0.41  -0.16  122.8
82167.0  1.3  936.8  118.6  331.0  -5.37  0.37  0.22  122.9
82168.0  1.6  936.1  118.9  331.1  -4.61  2.92  0.44  122.9
82169.0  1.2  936.7  119.0  331.4  -4.93  3.34  0.48  123.4
82170.0  1.2  937.2  119.2  332.1  -4.94  2.18  -0.13  123.6
82171.0  1.2  936.2  119.3  332.5  -4.78  0.88  -0.28  124.0
82172.0  1.4  936.8  119.5  332.4  -4.17  0.67  0.03  124.3
82173.0  1.3  937.1  119.5  332.4  -4.05  0.71  0.10  124.3
82174.0  1.2  936.6  119.5  332.6  -4.08  0.68  -0.07  124.2
82175.0  1.2  936.3  119.6  332.7  -4.03  -0.46  -0.43  123.4
82176.0  1.5  936.7  119.6  332.3  -3.52  -1.10  -0.27  123.4
82177.0  1.2  936.5  119.5  331.9  -3.54  -1.26  0.15  123.4
82178.0  1.1  936.7  119.4  331.8  -3.64  -1.88  0.34  123.6
82179.0  1.3  937.1  119.3  332.1  -3.29  -2.48  -0.26  123.5
82180.0  1.3  937.2  119.1  332.0  -3.17  -2.55  -0.48  123.5
82181.0  1.3  937.0  119.0  331.4  -3.15  -3.31  -0.06  123.3
82182.0  1.4  936.7  118.8  331.0  -2.92  -4.09  0.40  123.0
82183.0  1.2  937.2  118.6  331.1  -2.86  -3.93  -0.09  122.4
82184.0  1.3  937.5  118.4  331.1  -2.42  -3.70  -0.37  122.1
82185.0  1.6  937.3  118.1  330.6  -1.99  -3.92  -0.14  122.2
82186.0  1.8  937.3  117.8  330.2  -1.36  -4.11  0.01  121.8
82187.0  1.3  937.0  117.4  330.2  -1.64  -4.13  0.15  120.8
82188.0  1.5  937.7  117.0  330.4  -1.38  -3.27  -0.08  121.2
82189.0  1.3  937.2  116.6  330.6  -1.40  -2.14  -0.37  120.9
82190.0  1.5  937.6  116.2  330.5  -1.14  -1.88  -0.94  120.5
82191.0  1.6  937.5  115.8  329.7  -1.13  -1.29  -0.24  119.6
82192.0  1.3  937.5  115.3  329.3  -1.47  -0.95  0.32  118.8
82193.0  0.7  937.7  114.9  329.5  -2.46  -0.86  -0.09  118.5
82194.0  1.1  937.9  114.6  329.8  -2.67  -0.99  -0.58  118.4
82195.0  1.4  938.0  114.5  329.7  -2.74  -1.36  -0.40  118.2
82196.0  1.1  937.9  114.3  329.4  -3.24  -1.91  -0.41  118.2
82197.0  1.7  938.4  114.2  329.2  -2.81  -1.59  -0.28  117.7
82198.0  1.6  938.0  114.1  329.0  -2.78  -1.45  -0.22  117.6
82199.0  1.4  938.5  113.9  328.9  -3.03  -1.37  -0.19  117.8
82200.0  1.5  937.6  113.8  329.0  -2.83  -1.87  -0.28  117.8
82201.0  1.4  937.7  113.7  329.0  -2.98  -2.49  -0.27  118.0
82202.0  1.7  938.6  113.5  329.0  -2.62  -2.83  -0.43  118.0
82203.0  1.6  937.9  113.4  328.9  -2.52  -2.62  -0.56  118.1
82204.0  1.6  938.4  113.2  328.5  -2.44  -0.72  -0.21  118.1
82205.0  1.1  938.2  113.0  328.4  -3.12  0.31  0.14  117.7
82206.0  1.4  938.4  112.9  328.8  -3.10  0.82  -0.28  117.3
82207.0  1.5  937.9  112.8  329.2  -3.15  0.66  -0.43  117.3
82208.0  1.5  938.5  112.8  329.4  -3.37  0.10  -0.52  116.7
82209.0  1.3  938.5  112.8  329.3  -3.67  -0.65  -0.52  117.0
82210.0  1.1  938.8  112.7  329.2  -4.30  -1.37  -0.41  117.7
82211.0  1.2  938.4  112.8  329.0  -4.57  -2.24  -0.33  117.8
82212.0  1.6  938.4  112.9  329.0  -4.00  -3.11  -0.61  117.9
82213.0  1.5  938.0  112.9  328.8  -3.88  -3.44  -0.85  117.9
82214.0  1.3  938.8  113.0  328.2  -4.12  -3.86  -0.50  117.9
82215.0  1.8  938.1  113.0  327.7  -3.46  -4.09  -0.15  117.7
82216.0  1.7  938.5  113.0  327.7  -3.04  -3.35  -0.23  117.3
82217.0  1.3  938.1  113.0  327.9  -3.64  -2.31  -0.49  117.4
82218.0  1.7  938.6  112.9  327.7  -3.12  0.44  -0.54  117.3
82219.0  1.9  938.6  112.9  327.5  -2.46  4.30  0.37  117.4
82220.0  1.6  938.0  112.8  328.0  -2.26  5.74  0.69  117.2
82221.0  1.9  938.4  112.7  329.4  -2.02  6.75  -0.57  117.0
82222.0  1.5  938.5  112.5  330.2  -2.28  6.51  -0.77  116.8
82223.0  1.4  938.7  112.3  330.4  -2.05  4.28  -0.33  116.6
82224.0  1.4  938.9  112.1  330.8  -2.16  2.61  -0.41  116.4
82225.0  1.2  938.8  111.9  331.1  -2.72  2.06  -0.24  116.2
82226.0  1.6  938.6  111.7  331.4  -2.50  0.28  -0.52  115.9
82227.0  1.5  939.0  111.6  331.7  -2.57  -0.44  -0.66  115.4
82228.0  1.4  939.0  111.4  331.6  -2.97  -0.62  -0.44  115.2
82229.0  1.7  938.9  111.3  331.4  -2.75  -1.52  -0.20  115.0
82230.0  1.5  938.8  111.2  331.6  -2.83  -1.58  -0.06  115.3
82231.0  1.4  939.9  111.1  332.0  -3.19  -0.71  -0.60  114.9
82232.0  1.8  939.8  111.1  332.0  -3.68  0.21  -0.53  115.4
82233.0  1.3  939.3  111.3  331.6  -3.62  0.05  0.33  115.6
82234.0  1.8  939.7  111.3  331.8  -2.96  0.07  -0.13  116.0
82235.0  1.7  940.0  111.4  332.1  -2.92  0.82  -0.45  115.9
82236.0  1.6  940.0  111.5  332.0  -3.14  1.26  -0.15  115.8
82237.0  1.5  940.1  111.5  331.9  -3.21  1.34  0.52  116.4
82238.0  1.6  940.1  111.6  332.5  -3.21  1.49  -0.17  116.0
82239.0  1.0  940.4  111.7  333.0  -3.52  1.96  -0.77  116.0
82240.0  1.9  939.8  111.8  332.8  -2.87  1.02  -0.58  115.8
82241.0  1.7  940.5  111.9  332.4  -2.71  -0.30  -0.01  115.7
82242.0  1.5  940.8  111.9  332.4  -2.23  -0.21  -0.25  115.6
82243.0  2.0  940.6  111.8  332.3  -1.34  0.33  -0.02  115.5
82244.0  1.8  940.8  111.6  332.4  -1.30  0.41  -0.13  115.4
82245.0  1.9  940.7  111.4  332.5  -0.98  0.71  0.09  114.9
82246.0  1.5  941.1  111.2  332.7  -1.20  0.95  -0.10  114.6
82247.0  1.6  941.0  111.0  332.8  -1.07  0.76  -0.31  114.0
