flight/WP3D/AircraftPos_NP3_20130529_RA.ict
38  1001
Ken Aikin
NOAA ESRL Chemical Sciences Division
various aircraft sensors
SENEX 2013
1  1
2013  05  29  2013  05  29
1
AOCTimewave
5
1  1  1  1  1 
-9999  -9999  -9999  -9999  -9999
GpsLat
GpsLon
GpsAlt
PAlt
RAlt
1
SPECIAL COMMENTS:Lots of AOC data system problems. Large gaps in data.
18
PI_CONTACT_INFO: Address: NOAA ESRL Chemical Sciences Division  Mail Stop R/CSD7  325 Broadway  Boulder  CO 80305
PLATFORM: NOAA WP-3D
LOCATION: The aircraft was stationed in Smyrna  Tennessee. Aircraft location information in AircraftPosition file.
ASSOCIATED_DATA: N/A
INSTRUMENT_INFO: N/A
DATA_INFO: Units:GpsLat:decimal degrees; GpsLon: decimal degrees; GpsAlt: meters; PAlt: meters; RAlt: meters.
UNCERTAINTY: N/A
ULOD_FLAG: -7777
ULOD_VALUE: N/A
LLOD_FLAG: -8888
LLOD_VALUE: N/A
DM_CONTACT_INFO: Data Manager:Ken Aikin; email:Kenneth.C.Aikin@noaa.gov
PROJECT_INFO: SENEX 2013 Study; June 1 - July 15  2013
STIPULATIONS_ON_USE: Use of these data require prior ok from PI.
OTHER_COMMENTS:       None
REVISION: RA
RA: Preliminary Data.  For in-field use.
AOCTimewave  GpsLat  GpsLon  GpsAlt  PAlt  RAlt
[from data line 2619]
78138.0  30.1399   -81.7576    493.4    380.7    472.5
78139.0  30.1408   -81.7571    495.0    382.4    475.1
78140.0  30.1416   -81.7567    496.8    384.8    472.0
78141.0  30.1425   -81.7562    498.4    387.3    474.1
78142.0  30.1433   -81.7557    498.7    387.4    478.9
78143.0  30.1442   -81.7552    498.7    385.5    477.4
78144.0  30.1452   -81.7548    498.7    385.7    476.8
78145.0  30.1460   -81.7543    498.7    386.3    480.8
78146.0  30.1469   -81.7539    497.7    384.8    484.8
78147.0  30.1478   -81.7535    496.7    384.8    476.4
78148.0  30.1487   -81.7531    495.3    382.9    480.5
78149.0  30.1496   -81.7527    494.1    381.5    479.9
78150.0  30.1505   -81.7523    492.8    380.1    477.4
78151.0  30.1514   -81.7519    491.3    378.5    471.0
78152.0  30.1523   -81.7516    491.3    377.7    472.9
78153.0  30.1532   -81.7512    491.6    377.7    474.6
78154.0  30.1542   -81.7509    492.8    379.6    470.2
78155.0  30.1551   -81.7505    494.2    381.1    480.2
78156.0  30.1560   -81.7502    495.9    382.7    483.3
78157.0  30.1569   -81.7499    498.5    384.4    480.5
78158.0  30.1578   -81.7496    502.0    388.8    479.0
78159.0  30.1587   -81.7492    504.9    391.1    482.4
78160.0  30.1597   -81.7489    506.6    392.2    488.9
78161.0  30.1606   -81.7486    507.7    393.5    481.3
78162.0  30.1615   -81.7483    509.0    395.0    484.3
78163.0  30.1624   -81.7479    510.4    396.8    483.5
78164.0  30.1633   -81.7476    511.8    399.9    488.6
78165.0  30.1642   -81.7473    510.9    397.5    487.2
78166.0  30.1651   -81.7470    509.0    395.0    486.3
78167.0  30.1660   -81.7467    508.4    393.5    479.2
78168.0  30.1669   -81.7463    508.4    394.3    488.6
78169.0  30.1678   -81.7460    508.4    394.3    488.8
78170.0  30.1687   -81.7457    509.8    393.8    480.7
78171.0  30.1696   -81.7454    511.8    398.0    493.3
78172.0  30.1705   -81.7450    513.5    399.6    492.9
78173.0  30.1714   -81.7447    514.5    400.4    493.1
78174.0  30.1723   -81.7443    514.9    400.3    490.8
78175.0  30.1732   -81.7440    515.7    400.6    493.7
78176.0  30.1742   -81.7437    516.6    400.7    495.3
78177.0  30.1751   -81.7433    517.6    401.8    493.2
78178.0  30.1760   -81.7429    519.5    403.7    493.3
78179.0  30.1768   -81.7425    522.3    407.3    494.0
78180.0  30.1777   -81.7422    524.7    409.0    495.6
78181.0  30.1786   -81.7418    526.9    409.8    499.1
78182.0  30.1795   -81.7414    530.4    413.6    503.0
78183.0  30.1804   -81.7409    533.3    416.2    504.1
78184.0  30.1813   -81.7405    536.0    419.1    510.1
78185.0  30.1822   -81.7401    538.8    422.0    510.8
78186.0  30.1831   -81.7397    542.2    426.2    515.6
78187.0  30.1839   -81.7393    545.6    430.4    524.6
78188.0  30.1848   -81.7388    549.2    433.5    532.2
78189.0  30.1857   -81.7384    553.1    436.5    537.6
78190.0  30.1866   -81.7379    557.1    440.2    544.2
78191.0  30.1874   -81.7375    559.9    444.0    544.7
78192.0  30.1883   -81.7370    559.8    445.4    546.6
78193.0  30.1892   -81.7366    558.0    443.3    538.9
78194.0  30.1901   -81.7361    555.0    439.9    545.3
78195.0  30.1910   -81.7357    552.4    438.3    546.5
78196.0  30.1919   -81.7352    550.2    435.2    548.4
78197.0  30.1928   -81.7347    548.1    433.5    541.6
78198.0  30.1937   -81.7342    545.3    431.3    537.0
78199.0  30.1946   -81.7338    542.3    428.9    534.7
78200.0  30.1955   -81.7333    539.1    426.1    532.3
78201.0  30.1964   -81.7328    536.4    422.4    526.2
78202.0  30.1973   -81.7324    533.6    419.3    529.3
78203.0  30.1983   -81.7319    531.6    416.8    525.7
78204.0  30.1992   -81.7315    531.6    417.1    523.2
78205.0  30.2001   -81.7311    530.6    415.9    522.9
78206.0  30.2011   -81.7306    530.3    416.5    522.2
78207.0  30.2020   -81.7302    529.1    415.5    520.7
78208.0  30.2029   -81.7298    528.5    414.3    521.4
78209.0  30.2039   -81.7294    527.9    413.0    524.1
78210.0  30.2048   -81.7289    527.1    411.4    521.1
78211.0  30.2058   -81.7285    525.6    408.6    518.9
78212.0  30.2067   -81.7281    524.8    409.2    518.4
78213.0  30.2077   -81.7277    523.7    409.1    517.8
78214.0  30.2087   -81.7273    521.3    407.0    513.8
78215.0  30.2096   -81.7269    519.6    405.9    512.1
78216.0  30.2106   -81.7266    517.9    404.6    512.3
78217.0  30.2116   -81.7262    515.9    401.3    512.1
78218.0  30.2125   -81.7258    513.9    399.3    509.3
78219.0  30.2135   -81.7254    512.5    398.6    502.7
78220.0  30.2145   -81.7251    512.1    397.7    507.1
78221.0  30.2154   -81.7247    511.2    396.8    508.8
78222.0  30.2164   -81.7243    510.8    394.8    502.0
78223.0  30.2174   -81.7240    511.6    396.6    502.5
78224.0  30.2184   -81.7237    512.2    398.9    505.0
78225.0  30.2193   -81.7233    512.1    400.4    507.2
78226.0  30.2203   -81.7230    512.7    398.7    501.5
78227.0  30.2213   -81.7226    513.6    399.8    505.3
78228.0  30.2222   -81.7223    514.5    399.5    510.1
78229.0  30.2232   -81.7220    514.5    400.2    504.6
78230.0  30.2241   -81.7216    514.5    401.0    505.1
78231.0  30.2251   -81.7213    514.5    400.5    509.3
78232.0  30.2260   -81.7209    514.5    400.2    504.6
78233.0  30.2270   -81.7206    515.0    399.6    505.9
78234.0  30.2279   -81.7202    516.4    401.4    507.5
78235.0  30.2289   -81.7199    518.6    404.3    511.6
78236.0  30.2298   -81.7195    521.1    405.8    514.7
78237.0  30.2307   -81.7192    523.7    407.7    514.1
78238.0  30.2317   -81.7188    525.9    408.5    517.5
78239.0  30.2326   -81.7185    528.3    412.0    516.4
78240.0  30.2336   -81.7182    529.1    413.1    518.8
78241.0  30.2345   -81.7178    529.1    411.9    519.1
78242.0  30.2354   -81.7175    529.1    412.9    515.5
78243.0  30.2364   -81.7171    529.1    413.4    518.7
78244.0  30.2373   -81.7168    527.6    411.8    517.6
78245.0  30.2383   -81.7165    525.5    409.2    515.7
78246.0  30.2392   -81.7161    523.5    407.7    510.9
78247.0  30.2402   -81.7158    521.9    407.8    510.4
78248.0  30.2411   -81.7154    519.9    405.9    509.9
78249.0  30.2421   -81.7151    517.9    402.9    508.3
78250.0  30.2431   -81.7148    516.4    399.9    504.4
78251.0  30.2440   -81.7145    515.7    400.2    515.4
78252.0  30.2450   -81.7142    515.7    401.1    509.6
78253.0  30.2460   -81.7140    515.7    400.4    506.3
78254.0  30.2470   -81.7138    517.1    401.2    505.3
78255.0  30.2480   -81.7137    518.8    403.6    505.6
78256.0  30.2490   -81.7135    520.5    406.4    510.5
78257.0  30.2501   -81.7135    520.6    406.6    513.5
78258.0  30.2511   -81.7134    519.5    405.6    511.7
78259.0  30.2521   -81.7134    517.5    403.8    511.6
78260.0  30.2531   -81.7134    515.0    399.4    503.3
78261.0  30.2542   -81.7134    513.6    398.0    505.2
78262.0  30.2552   -81.7134    513.1    399.6    501.8
78263.0  30.2562   -81.7134    511.5    398.1    503.8
78264.0  30.2572   -81.7135    509.4    395.3    501.1
78265.0  30.2582   -81.7135    507.6    391.7    499.0
78266.0  30.2593   -81.7135    506.1    389.9    496.7
78267.0  30.2603   -81.7136    505.9    390.8    496.6
78268.0  30.2613   -81.7136    504.7    389.2    494.5
78269.0  30.2623   -81.7136    504.7    387.7    497.3
78270.0  30.2634   -81.7137    505.0    389.1    495.2
78271.0  30.2644   -81.7137    506.3    390.5    495.4
78272.0  30.2654   -81.7137    508.4    392.5    495.6
78273.0  30.2664   -81.7137    511.8    394.3    497.7
78274.0  30.2674   -81.7137    516.5    399.4    506.0
78275.0  30.2684   -81.7137    521.2    403.8    506.5
78276.0  30.2694   -81.7137    525.6    409.1    510.8
78277.0  30.2704   -81.7137    529.8    414.7    513.5
78278.0  30.2713   -81.7137    533.1    416.9    520.7
78279.0  30.2723   -81.7137    535.4    418.6    526.7
78280.0  30.2733   -81.7137    537.5    420.7    528.8
78281.0  30.2743   -81.7136    539.7    424.2    531.2
78282.0  30.2752   -81.7136    541.4    427.6    533.0
78283.0  30.2762   -81.7136    541.7    428.1    537.8
78284.0  30.2772   -81.7135    540.6    424.9    533.1
78285.0  30.2782   -81.7135    539.2    423.4    531.3
78286.0  30.2792   -81.7135    537.5    419.8    531.1
78287.0  30.2801   -81.7134    536.4    421.0    530.2
78288.0  30.2811   -81.7134    536.2    420.9    526.9
78289.0  30.2821   -81.7133    535.5    420.5    526.4
78290.0  30.2831   -81.7133    535.2    419.1    525.9
78291.0  30.2841   -81.7132    534.2    418.1    527.7
78292.0  30.2851   -81.7132    534.0    418.5    528.5
78293.0  30.2861   -81.7131    534.9    418.3    533.0
78294.0  30.2871   -81.7131    535.2    418.8    526.9
78295.0  30.2881   -81.7130    536.0    419.9    529.0
78296.0  30.2891   -81.7129    536.4    420.4    529.0
78297.0  30.2901   -81.7129    535.3    419.1    523.4
78298.0  30.2911   -81.7128    535.2    419.6    521.7
78299.0  30.2922   -81.7127    535.2    419.8    530.4
78300.0  30.2932   -81.7126    535.1    418.8    523.9
78301.0  30.2942   -81.7126    535.2    418.6    525.0
78302.0  30.2952   -81.7125    535.2    418.9    527.0
78303.0  30.2963   -81.7124    535.2    418.2    524.5
78304.0  30.2973   -81.7123    535.3    416.3    526.4
78305.0  30.2983   -81.7123    537.0    419.4    526.8
78306.0  30.2993   -81.7122    538.8    423.5    528.3
78307.0  30.3004   -81.7122    538.8    422.9    529.1
78308.0  30.3014   -81.7121    537.5    421.4    528.2
78309.0  30.3024   -81.7121    536.2    420.3    522.9
78310.0  30.3035   -81.7120    534.8    418.6    521.1
78311.0  30.3045   -81.7119    533.3    416.5    522.3
78312.0  30.3055   -81.7119    533.1    415.8    520.0
78313.0  30.3066   -81.7118    534.0    419.0    518.8
78314.0  30.3076   -81.7117    534.0    419.8    524.2
78315.0  30.3086   -81.7116    534.0    418.6    519.5
78316.0  30.3097   -81.7115    534.0    418.4    519.0
78317.0  30.3107   -81.7115    534.4    419.8    524.4
78318.0  30.3117   -81.7114    535.2    420.5    524.7
78319.0  30.3128   -81.7113    536.0    421.8    523.7
78320.0  30.3138   -81.7111    536.4    421.6    526.5
78321.0  30.3148   -81.7110    535.3    421.1    524.9
78322.0  30.3158   -81.7109    534.4    420.4    519.9
78323.0  30.3168   -81.7108    533.9    420.2    520.3
78324.0  30.3179   -81.7107    532.4    419.4    520.0
78325.0  30.3189   -81.7106    530.5    415.3    517.8
78326.0  30.3199   -81.7105    527.5    412.1    511.9
78327.0  30.3209   -81.7104    524.4    409.4    509.4
78328.0  30.3220   -81.7103    521.5    407.5    502.9
78329.0  30.3230   -81.7102    518.5    403.7    508.2
78330.0  30.3240   -81.7101    515.6    399.8    503.3
78331.0  30.3250   -81.7100    513.4    396.9    500.9
78332.0  30.3261   -81.7100    511.3    396.0    496.9
78333.0  30.3271   -81.7099    508.3    392.0    492.7
78334.0  30.3281   -81.7098    506.2    390.2    493.7
78335.0  30.3292   -81.7098    505.0    390.2    495.0
78336.0  30.3302   -81.7097    505.8    390.1    488.1
78337.0  30.3312   -81.7096    506.0    389.9    494.5
78338.0  30.3322   -81.7096    507.1    389.9    490.1
78339.0  30.3332   -81.7095    507.8    393.3    494.8
78340.0  30.3343   -81.7095    508.5    394.2    494.3
78341.0  30.3353   -81.7094    509.5    395.1    497.2
78342.0  30.3363   -81.7094    509.6    395.3    499.1
78343.0  30.3373   -81.7093    509.6    395.0    493.2
78344.0  30.3383   -81.7093    509.4    394.2    494.0
78345.0  30.3393   -81.7093    508.4    393.1    494.4
78346.0  30.3403   -81.7093    508.4    392.8    491.6
78347.0  30.3413   -81.7092    507.5    392.0    495.2
78348.0  30.3423   -81.7092    506.0    390.7    499.4
78349.0  30.3433   -81.7092    506.9    392.8    502.0
78350.0  30.3444   -81.7092    508.8    394.2    486.2
78351.0  30.3454   -81.7092    510.3    396.2    483.8
78352.0  30.3464   -81.7091    509.7    394.9    485.6
78353.0  30.3474   -81.7091    509.6    392.5    494.4
78354.0  30.3484   -81.7091    510.2    393.5    493.8
78355.0  30.3493   -81.7091    512.1    396.6    495.2
78356.0  30.3503   -81.7091    513.3    400.3    500.4
78357.0  30.3513   -81.7091    513.3    399.5    497.2
78358.0  30.3523   -81.7090    512.5    396.3    494.0
78359.0  30.3533   -81.7090    511.6    396.5    502.5
78360.0  30.3543   -81.7090    510.8    394.6    499.0
78361.0  30.3553   -81.7090    510.8    396.2    498.6
78362.0  30.3563   -81.7090    510.8    396.5    499.0
78363.0  30.3573   -81.7090    510.8    395.4    498.6
78364.0  30.3582   -81.7090    510.8    394.0    495.3
78365.0  30.3592   -81.7090    511.6    395.9    496.8
78366.0  30.3602   -81.7091    513.7    398.6    503.6
78367.0  30.3612   -81.7091    515.4    400.4    505.0
78368.0  30.3622   -81.7091    515.9    402.0    506.7
78369.0  30.3632   -81.7091    517.1    400.9    500.5
78370.0  30.3641   -81.7091    519.0    402.8    504.6
78371.0  30.3651   -81.7091    521.8    407.0    513.1
78372.0  30.3661   -81.7091    523.7    408.8    514.9
78373.0  30.3671   -81.7091    524.3    408.9    512.5
78374.0  30.3681   -81.7091    524.3    409.2    516.5
78375.0  30.3691   -81.7092    525.2    409.9    513.2
78376.0  30.3701   -81.7092    525.5    411.1    512.2
78377.0  30.3711   -81.7092    526.7    411.3    512.0
78378.0  30.3721   -81.7092    527.7    411.7    519.9
78379.0  30.3731   -81.7092    528.6    411.8    518.8
78380.0  30.3741   -81.7092    529.1    413.0    515.5
78381.0  30.3751   -81.7092    529.1    414.3    515.6
78382.0  30.3761   -81.7092    528.3    412.3    516.5
78383.0  30.3771   -81.7092    526.5    411.8    512.0
78384.0  30.3781   -81.7092    524.7    409.8    509.6
78385.0  30.3791   -81.7092    522.8    409.7    511.9
78386.0  30.3801   -81.7092    521.1    408.2    510.3
78387.0  30.3811   -81.7092    518.9    406.7    507.8
78388.0  30.3821   -81.7092    516.7    403.6    499.2
78389.0  30.3832   -81.7092    514.8    400.5    501.9
78390.0  30.3842   -81.7092    512.5    399.5    498.7
78391.0  30.3852   -81.7092    510.2    397.6    495.4
78392.0  30.3862   -81.7092    508.3    394.9    495.4
78393.0  30.3873   -81.7092    507.2    393.4    494.2
78394.0  30.3883   -81.7092    506.1    392.5    493.5
78395.0  30.3894   -81.7092    506.9    393.6    494.6
78396.0  30.3904   -81.7093    506.7    391.7    488.0
78397.0  30.3915   -81.7093    507.3    392.2    493.0
78398.0  30.3925   -81.7093    508.9    393.5    495.9
78399.0  30.3936   -81.7093    510.9    395.2    493.7
78400.0  30.3946   -81.7093    513.4    398.4    504.4
78401.0  30.3956   -81.7093    516.2    401.0    506.9
78402.0  30.3967   -81.7094    519.5    404.2    509.9
78403.0  30.3977   -81.7094    523.0    408.6    514.2
78404.0  30.3987   -81.7094    525.1    410.0    520.0
78405.0  30.3998   -81.7094    526.9    412.7    518.5
78406.0  30.4008   -81.7094    529.0    414.8    519.0
78407.0  30.4018   -81.7094    530.4    417.9    524.0
78408.0  30.4029   -81.7095    530.3    416.9    525.9
78409.0  30.4039   -81.7095    528.7    415.3    514.9
78410.0  30.4050   -81.7095    526.4    413.4    520.4
78411.0  30.4060   -81.7095    523.4    409.4    509.8
78412.0  30.4071   -81.7096    521.1    406.5    509.7
78413.0  30.4081   -81.7096    519.2    405.4    501.8
78414.0  30.4092   -81.7096    516.8    402.5    505.8
78415.0  30.4102   -81.7097    514.6    400.7    498.8
78416.0  30.4113   -81.7097    513.1    398.6    503.7
78417.0  30.4123   -81.7097    512.0    397.7    502.0
78418.0  30.4134   -81.7098    510.8    395.0    501.1
78419.0  -9999.0000  -9999.0000  -9999.0  -9999.0  -9999.0
78420.0  -9999.0000  -9999.0000  -9999.0  -9999.0  -9999.0
78421.0  -9999.0000  -9999.0000  -9999.0  -9999.0  -9999.0
78422.0  -9999.0000  -9999.0000  -9999.0  -9999.0  -9999.0
78423.0  -9999.0000  -9999.0000  -9999.0  -9999.0  -9999.0
78424.0  -9999.0000  -9999.0000  -9999.0  -9999.0  -9999.0
78425.0  -9999.0000  -9999.0000  -9999.0  -9999.0  -9999.0
78426.0  -9999.0000  -9999.0000  -9999.0  -9999.0  -9999.0
