flight/WP3D/AircraftMet_NP3_20130616_RA.ict
43  1001
Ken Aikin
NOAA ESRL Chemical Sciences Division
various aircraft sensors
SENEX 2013
1  1
2013  06  16  2013  06  16
1
AOCTimewave
10
1  1  1  1  1  1  1  1  1  1
-9999  -9999  -9999  -9999  -9999  -9999  -9999  -9999  -9999  -9999
AmbTemp  C
DewPtTemp  C
DewPtTempTDL  C
H2Omr  g/kg
PotTemp  K
RelHumidity  pct
StaticPrs  mbar
VertWindSpd  m/s
WindDir  deg
WindSpd  m/s
1
SPECIAL COMMENTS:Atlanta power plants.
18
PI_CONTACT_INFO: Address: NOAA ESRL Chemical Sciences Division  Mail Stop R/CSD7  325 Broadway  Boulder  CO 80305
PLATFORM: NOAA WP-3D
LOCATION: The aircraft was stationed in  Smyrna  Tennessee. Aircraft location information in AircraftPosition file.
ASSOCIATED_DATA: N/A
INSTRUMENT_INFO: N/A
DATA_INFO: Units:AmbTemp celcius; DewPtTemp celcius; DewPtTempTDL celcius; H2Omr g/kg; PotTemp kelvin; RelHumidity percent; StaticPrs millibar; VertWindSpd m/s; WindDir degrees; WindSpd m/s
UNCERTAINTY: N/A
ULOD_FLAG: -7777
ULOD_VALUE: N/A
LLOD_FLAG: -8888
LLOD_VALUE: N/A
DM_CONTACT_INFO: Data Manager:Ken Aikin; email:Kenneth.C.Aikin@noaa.gov
PROJECT_INFO: SENEX 2013 Study; June 1 - July 15  2013
STIPULATIONS_ON_USE: Use of these data require prior ok from PI.
OTHER_COMMENTS:       None
REVISION: RA
RA: Preliminary Data.  For in-field use.
AOCTimewave  AmbTemp  DewPtTemp  DewPtTempTDL  H2Omr  PotTemp  RelHumidity  StaticPrs  VertWindSpd  WindDir  WindSpd
[from data line 13428]
68421.0  23.150  17.250  -30.720  13.33  301.87  68.76  936.84  -0.50  196.22  3.29
68422.0  23.060  17.210  -30.730  13.30  301.76  68.99  936.98  1.58  189.04  3.34
68423.0  23.160  17.260  -30.720  13.34  301.87  68.75  936.96  2.25  204.44  2.62
68424.0  23.080  17.330  -30.720  13.40  301.81  69.38  936.71  1.35  211.66  3.93
68425.0  23.070  17.400  -30.720  13.46  301.79  69.76  936.78  0.37  218.44  4.02
68426.0  22.970  17.500  -30.720  13.55  301.69  70.67  936.78  0.05  204.65  5.34
68427.0  23.020  17.610  -30.720  13.65  301.74  70.94  936.79  0.04  205.95  5.36
68428.0  23.100  17.650  -30.720  13.68  301.82  70.76  936.78  0.04  215.29  5.31
68429.0  23.090  17.610  -30.720  13.65  301.81  70.62  936.87  0.17  215.35  4.60
68430.0  23.010  17.540  -30.720  13.59  301.71  70.71  936.94  1.05  216.68  4.52
68431.0  22.970  17.560  -30.720  13.60  301.68  70.93  936.86  0.45  222.32  4.96
68432.0  22.920  17.620  -30.720  13.66  301.62  71.47  936.98  0.86  219.85  5.06
68433.0  22.930  17.630  -30.720  13.66  301.65  71.45  936.77  0.86  219.74  4.55
68434.0  22.850  17.640  -30.720  13.67  301.57  71.83  936.75  1.02  210.23  4.52
68435.0  22.910  17.740  -30.720  13.76  301.63  72.03  936.72  0.01  207.27  4.74
68436.0  22.860  17.810  -30.720  13.82  301.57  72.57  936.91  -0.42  198.64  4.33
68437.0  22.950  17.900  -30.720  13.90  301.64  72.63  937.03  -0.12  189.01  4.50
68438.0  23.010  17.970  -30.720  13.97  301.72  72.67  936.95  -0.43  190.08  4.27
68439.0  23.050  17.990  -30.720  13.98  301.75  72.58  937.04  -0.77  190.52  4.18
68440.0  23.070  17.930  -30.720  13.93  301.76  72.18  937.17  -1.00  192.50  4.13
68441.0  23.080  17.840  -30.720  13.84  301.77  71.72  937.10  -0.86  189.15  4.25
68442.0  23.020  17.720  -30.720  13.74  301.72  71.43  937.06  -1.26  190.09  4.52
68443.0  23.080  17.600  -30.720  13.63  301.76  70.63  937.20  -1.59  201.56  4.19
68444.0  23.080  17.560  -30.720  13.60  301.75  70.45  937.36  -1.44  206.24  4.33
68445.0  23.080  17.570  -30.720  13.60  301.75  70.50  937.34  -1.51  202.48  4.03
68446.0  23.070  17.560  -30.720  13.59  301.74  70.48  937.36  -1.41  205.29  4.28
68447.0  23.120  17.450  -30.720  13.49  301.77  69.78  937.56  -1.03  209.57  4.47
68448.0  23.050  17.350  -30.720  13.41  301.71  69.63  937.43  -0.45  207.43  4.70
68449.0  23.050  17.280  -30.720  13.35  301.73  69.32  937.26  -0.56  201.38  4.37
68450.0  23.050  17.240  -30.720  13.32  301.72  69.14  937.29  -0.79  209.85  5.10
68451.0  23.010  17.150  -30.720  13.24  301.69  68.90  937.26  -0.42  205.68  5.43
68452.0  22.960  17.100  -30.720  13.20  301.64  68.92  937.23  -0.51  212.05  5.58
68453.0  23.010  17.120  -30.720  13.22  301.69  68.76  937.28  -0.05  216.04  4.31
68454.0  23.010  17.170  -30.720  13.26  301.69  69.01  937.24  -0.10  203.74  4.29
68455.0  23.020  17.200  -30.720  13.29  301.71  69.10  937.12  -0.56  203.74  3.73
68456.0  23.030  17.170  -30.720  13.26  301.72  68.92  937.13  -0.54  206.67  3.86
68457.0  22.990  17.090  -30.720  13.19  301.66  68.75  937.37  -0.74  211.31  4.84
68458.0  22.950  17.040  -30.720  13.15  301.63  68.70  937.23  -0.49  216.76  4.89
68459.0  23.010  17.110  -30.720  13.21  301.70  68.73  937.16  -0.20  214.74  3.96
68460.0  23.030  17.200  -30.720  13.28  301.71  69.04  937.23  -0.36  219.29  3.83
68461.0  22.940  17.270  -30.720  13.34  301.63  69.76  937.06  -0.80  222.17  4.12
68462.0  22.920  17.300  -30.720  13.37  301.60  70.00  937.17  -1.02  213.12  5.36
68463.0  22.880  17.320  -30.720  13.39  301.57  70.23  937.07  0.45  196.88  4.34
68464.0  23.010  17.330  -30.720  13.40  301.70  69.73  937.12  2.56  212.07  4.51
68465.0  23.020  17.420  -30.720  13.48  301.72  70.11  936.94  0.84  214.59  2.01
68466.0  22.900  17.570  -30.720  13.61  301.60  71.27  937.01  1.24  206.16  2.60
68467.0  22.950  17.710  -30.720  13.73  301.66  71.71  936.92  -0.10  223.10  4.45
68468.0  22.850  17.810  -30.720  13.82  301.54  72.64  937.03  -0.19  215.33  4.75
68469.0  22.930  17.810  -30.720  13.82  301.63  72.29  937.01  0.28  217.83  4.09
68470.0  22.960  17.710  -30.720  13.74  301.67  71.70  936.85  -0.11  216.27  3.15
68471.0  22.950  17.680  -30.720  13.71  301.65  71.56  937.02  0.02  214.64  3.24
68472.0  22.990  17.750  -30.720  13.77  301.69  71.74  936.95  0.14  215.13  3.63
68473.0  23.050  17.810  -30.720  13.82  301.76  71.71  936.93  -0.57  221.15  4.08
68474.0  22.970  17.840  -30.720  13.84  301.65  72.23  937.13  -0.53  210.96  3.46
68475.0  22.980  17.770  -30.720  13.79  301.67  71.86  937.16  0.62  216.46  3.91
68476.0  23.000  17.730  -30.720  13.75  301.70  71.57  937.09  0.72  217.31  4.88
68477.0  22.990  17.750  -30.720  13.77  301.69  71.74  936.98  1.38  216.53  4.70
68478.0  22.980  17.800  -30.720  13.81  301.69  72.00  936.88  2.00  207.48  3.40
68479.0  22.920  17.830  -30.720  13.84  301.64  72.40  936.76  2.32  189.99  3.14
68480.0  22.770  17.840  -30.720  13.85  301.49  73.15  936.69  2.11  172.82  3.55
68481.0  22.860  17.840  -30.720  13.85  301.60  72.72  936.54  2.21  195.79  3.56
68482.0  22.900  17.840  -30.720  13.86  301.65  72.56  936.42  0.25  221.97  3.88
68483.0  22.860  17.840  -30.720  13.86  301.61  72.72  936.47  0.54  224.00  4.34
68484.0  22.830  17.840  -30.720  13.86  301.58  72.85  936.49  0.60  220.10  4.25
68485.0  22.740  17.850  -30.720  13.87  301.48  73.35  936.54  0.63  211.69  4.47
68486.0  22.760  17.950  -30.720  13.95  301.50  73.68  936.53  0.19  206.92  4.75
68487.0  22.800  18.030  -30.720  14.03  301.54  73.92  936.54  -0.41  201.15  4.57
68488.0  22.890  18.060  -30.720  14.05  301.62  73.61  936.69  -0.57  209.04  4.16
68489.0  22.840  18.070  -30.720  14.06  301.56  73.93  936.77  0.59  209.23  4.60
68490.0  22.880  18.130  -30.720  14.11  301.58  73.99  937.00  0.95  216.31  4.43
68491.0  22.870  18.170  -30.720  14.14  301.58  74.23  936.91  0.23  210.31  3.51
68492.0  22.830  18.170  -30.720  14.15  301.53  74.46  936.95  -0.63  216.63  4.63
68493.0  22.780  18.130  -30.720  14.11  301.47  74.46  937.16  -0.46  207.57  4.64
68494.0  22.820  18.130  -30.720  14.10  301.51  74.25  937.15  -0.71  207.49  4.53
68495.0  22.970  18.160  -30.720  14.13  301.64  73.70  937.31  -0.87  211.21  4.84
68496.0  23.030  18.170  -30.720  14.14  301.70  73.51  937.37  -1.05  213.25  4.75
68497.0  23.050  18.090  -30.720  14.06  301.71  73.01  937.46  -1.01  210.88  4.46
68498.0  23.030  17.920  -30.720  13.91  301.69  72.32  937.52  -0.71  207.91  4.03
68499.0  22.970  17.810  -30.720  13.81  301.62  72.08  937.54  -0.44  207.68  4.21
68500.0  23.020  17.770  -30.720  13.78  301.68  71.66  937.48  -0.51  211.79  3.62
68501.0  23.080  17.730  -30.720  13.75  301.74  71.25  937.42  -0.60  217.92  3.04
68502.0  23.120  17.650  -30.720  13.67  301.78  70.69  937.46  -0.87  223.60  3.35
68503.0  23.030  17.540  -30.720  13.57  301.70  70.55  937.36  -0.92  215.80  3.23
68504.0  23.060  17.490  -30.720  13.54  301.73  70.24  937.35  -0.50  212.20  3.16
68505.0  23.050  17.480  -30.720  13.52  301.71  70.22  937.37  -0.64  217.22  4.19
68506.0  23.040  17.390  -30.720  13.44  301.70  69.85  937.49  -0.19  206.97  3.27
68507.0  23.110  17.360  -30.720  13.42  301.77  69.40  937.43  0.33  221.75  3.40
68508.0  23.100  17.310  -30.730  13.38  301.76  69.27  937.40  0.82  249.76  3.22
68509.0  23.070  17.280  -30.720  13.35  301.74  69.25  937.32  -0.21  210.32  3.04
68510.0  22.970  17.270  -30.720  13.34  301.64  69.61  937.41  0.47  220.66  4.52
68511.0  23.020  17.240  -30.720  13.32  301.69  69.30  937.35  0.16  214.20  3.43
68512.0  22.960  17.220  -30.720  13.31  301.65  69.45  937.18  -1.09  214.50  3.46
68513.0  22.990  17.240  -30.720  13.32  301.67  69.39  937.24  -1.33  218.10  4.38
68514.0  23.050  17.240  -30.720  13.32  301.74  69.15  937.14  -0.99  220.60  3.86
68515.0  23.040  17.220  -30.720  13.31  301.74  69.11  936.99  -1.58  224.95  3.37
68516.0  22.960  17.190  -30.730  13.28  301.65  69.34  937.09  -1.81  209.24  3.65
68517.0  23.090  17.190  -30.720  13.27  301.79  68.72  937.09  -1.49  213.91  4.27
68518.0  23.150  17.140  -30.730  13.23  301.84  68.28  937.09  -1.14  224.90  4.51
68519.0  23.110  17.120  -30.720  13.22  301.80  68.35  937.20  -0.99  226.08  4.90
68520.0  23.130  17.070  -30.720  13.17  301.82  68.04  937.16  -0.90  225.93  4.63
68521.0  23.070  17.060  -30.720  13.17  301.75  68.30  937.15  -0.82  211.89  3.94
68522.0  23.070  17.060  -30.720  13.16  301.75  68.26  937.22  -0.25  209.65  4.11
68523.0  23.040  17.010  -30.720  13.13  301.73  68.17  937.15  -0.54  209.03  4.20
68524.0  22.960  17.030  -30.720  13.14  301.66  68.59  937.01  0.41  204.92  4.24
68525.0  23.070  17.030  -30.720  13.14  301.77  68.14  937.04  -0.40  218.85  4.02
68526.0  23.000  17.020  -30.720  13.14  301.70  68.40  937.02  -1.08  221.27  4.36
68527.0  22.970  17.030  -30.720  13.14  301.66  68.56  937.10  -1.18  225.29  4.37
68528.0  23.000  17.050  -30.720  13.16  301.69  68.48  937.14  -1.26  227.77  3.88
68529.0  23.010  17.070  -30.720  13.18  301.70  68.54  937.12  -1.27  210.57  3.64
68530.0  22.970  17.080  -30.720  13.18  301.66  68.76  937.15  0.72  193.96  2.73
68531.0  23.010  17.050  -30.720  13.16  301.71  68.47  937.04  1.29  194.91  2.05
68532.0  22.880  17.030  -30.720  13.15  301.59  68.97  936.81  0.66  205.06  4.36
68533.0  22.900  17.120  -30.720  13.22  301.61  69.26  936.92  -0.27  203.92  3.77
68534.0  22.920  17.280  -30.720  13.36  301.63  69.90  936.96  -0.73  210.44  2.16
68535.0  22.880  17.390  -30.720  13.45  301.59  70.57  936.81  -0.24  191.29  1.64
68536.0  22.820  17.440  -30.720  13.50  301.54  71.03  936.80  -0.53  188.36  2.12
68537.0  22.880  17.510  -30.720  13.55  301.58  71.09  936.99  -0.84  194.93  2.83
68538.0  22.870  17.620  -30.720  13.65  301.56  71.65  937.14  -1.11  200.21  3.70
68539.0  22.910  17.670  -30.720  13.70  301.61  71.71  937.07  -0.85  205.01  3.34
68540.0  22.890  17.660  -30.720  13.69  301.58  71.74  937.14  -0.15  215.44  3.60
68541.0  22.880  17.690  -30.720  13.71  301.57  71.94  937.06  -0.47  219.97  3.25
68542.0  22.850  17.720  -30.720  13.74  301.53  72.25  937.13  -0.37  231.71  3.18
68543.0  22.750  17.760  -30.720  13.78  301.43  72.89  937.11  -0.55  217.15  2.79
68544.0  22.590  17.780  -30.720  13.80  301.28  73.69  937.01  -1.26  191.14  3.16
68545.0  22.690  17.830  -30.720  13.84  301.37  73.47  937.11  -0.86  199.62  4.17
68546.0  22.780  17.900  -30.720  13.90  301.46  73.37  937.21  -0.98  202.49  4.66
68547.0  22.810  17.990  -30.720  13.98  301.46  73.69  937.43  -0.93  209.18  4.86
68548.0  22.860  18.050  -30.720  14.03  301.52  73.72  937.39  -0.43  217.66  4.67
68549.0  22.820  18.010  -30.720  14.00  301.48  73.75  937.35  0.12  217.79  4.30
68550.0  22.790  17.940  -30.720  13.93  301.47  73.51  937.23  0.00  215.86  4.63
68551.0  22.840  17.930  -30.720  13.93  301.52  73.26  937.21  -0.13  222.50  4.32
68552.0  22.750  17.980  -30.720  13.98  301.45  73.91  936.94  -1.00  214.72  3.28
68553.0  22.830  18.020  -30.720  14.01  301.52  73.71  937.09  -0.96  212.69  3.42
68554.0  22.850  18.030  -30.720  14.01  301.53  73.66  937.21  -0.86  215.54  3.98
68555.0  22.820  18.020  -30.720  14.01  301.49  73.77  937.30  -0.82  211.57  4.44
68556.0  22.840  18.030  -30.720  14.01  301.51  73.71  937.33  -0.52  214.63  4.62
68557.0  22.870  18.000  -30.720  13.99  301.55  73.40  937.23  0.09  212.46  4.73
68558.0  22.850  17.960  -30.720  13.95  301.52  73.37  937.29  -0.22  213.57  4.99
68559.0  22.800  17.950  -30.720  13.94  301.47  73.50  937.25  0.04  211.10  4.81
68560.0  22.840  17.950  -30.720  13.95  301.53  73.37  937.08  -0.61  214.85  4.62
68561.0  22.800  17.920  -30.720  13.92  301.50  73.37  936.91  -0.72  210.76  4.20
68562.0  22.730  17.910  -30.720  13.91  301.43  73.66  936.88  -0.59  204.42  4.27
68563.0  22.710  17.900  -30.720  13.90  301.42  73.69  936.83  -0.72  195.36  4.03
68564.0  22.700  17.910  -30.720  13.92  301.42  73.82  936.70  -0.62  193.22  3.36
68565.0  22.730  17.890  -30.720  13.90  301.46  73.56  936.68  -0.37  196.38  3.56
68566.0  22.740  17.880  -30.720  13.89  301.45  73.47  936.88  -0.66  205.36  3.50
68567.0  22.750  17.840  -30.720  13.85  301.46  73.26  936.84  -1.07  208.01  3.56
68568.0  22.680  17.860  -30.720  13.87  301.37  73.67  937.05  -1.14  196.39  4.68
68569.0  22.770  17.810  -30.720  13.82  301.47  73.00  937.04  -1.32  193.09  4.78
68570.0  22.790  17.750  -30.720  13.77  301.49  72.66  936.93  -0.86  190.43  4.78
68571.0  22.810  17.770  -30.720  13.79  301.50  72.65  936.99  -0.96  192.78  4.33
68572.0  22.760  17.770  -30.720  13.79  301.46  72.84  936.99  -0.80  198.40  4.71
68573.0  22.730  17.810  -30.720  13.82  301.43  73.14  936.97  -1.24  195.79  4.87
68574.0  22.710  17.840  -30.720  13.84  301.39  73.42  937.07  -1.05  194.15  4.50
68575.0  22.810  17.850  -30.720  13.86  301.50  73.03  937.08  -1.12  196.18  3.50
68576.0  22.760  17.850  -30.720  13.86  301.46  73.21  937.04  -1.36  200.37  4.20
68577.0  22.790  17.840  -30.720  13.85  301.47  73.06  937.12  -1.81  206.02  4.91
68578.0  22.720  17.850  -30.720  13.85  301.40  73.41  937.19  -1.28  204.67  4.33
68579.0  22.710  17.850  -30.720  13.86  301.37  73.50  937.31  -0.18  199.42  4.94
68580.0  22.750  17.820  -30.720  13.83  301.44  73.14  937.06  -0.50  197.33  4.84
68581.0  22.840  17.840  -30.720  13.84  301.53  72.83  937.03  -0.85  205.03  4.13
68582.0  22.790  17.860  -30.720  13.86  301.47  73.16  937.08  -0.35  196.92  3.48
68583.0  22.730  17.880  -30.720  13.88  301.42  73.50  937.12  -1.03  198.82  3.70
68584.0  22.750  17.870  -30.720  13.87  301.43  73.36  937.22  -1.10  202.25  3.95
68585.0  22.700  17.900  -30.720  13.90  301.40  73.71  937.04  -0.89  202.58  4.68
68586.0  22.800  17.930  -30.720  13.93  301.49  73.43  937.05  -0.50  208.52  4.36
68587.0  22.770  17.950  -30.720  13.95  301.47  73.69  936.87  0.15  205.15  3.38
68588.0  22.710  17.980  -30.720  13.97  301.43  74.04  936.79  -0.58  203.11  4.03
68589.0  22.790  17.980  -30.720  13.98  301.51  73.71  936.79  -0.65  202.53  3.13
68590.0  22.680  17.970  -30.720  13.96  301.39  74.14  936.90  0.14  191.62  3.74
68591.0  22.660  17.970  -30.720  13.97  301.36  74.30  936.92  -0.14  191.22  4.41
68592.0  22.730  17.980  -30.720  13.97  301.44  73.96  936.84  0.00  193.60  3.39
68593.0  22.730  17.990  -30.720  13.99  301.44  74.06  936.83  -0.57  194.01  3.04
68594.0  22.700  17.990  -30.720  13.99  301.41  74.18  936.81  -0.21  187.88  3.01
68595.0  22.720  17.980  -30.720  13.97  301.41  74.04  937.04  -0.64  204.82  3.35
68596.0  22.740  18.010  -30.720  14.00  301.42  74.10  937.12  -0.87  209.52  3.02
68597.0  22.760  18.010  -30.720  14.00  301.46  73.98  936.96  -0.44  215.75  3.17
68598.0  22.710  18.030  -30.720  14.02  301.41  74.35  936.94  -0.45  223.07  3.33
68599.0  22.700  18.040  -30.720  14.03  301.40  74.39  936.99  -0.88  219.54  3.64
68600.0  22.590  18.060  -30.720  14.05  301.28  75.01  937.04  -0.80  210.98  4.88
68601.0  22.650  18.050  -30.720  14.04  301.34  74.71  937.02  -1.14  205.49  5.31
68602.0  22.620  18.070  -30.720  14.05  301.31  74.93  936.97  -1.56  200.81  4.58
68603.0  22.700  18.080  -30.720  14.06  301.37  74.62  937.21  -1.35  198.91  3.87
68604.0  22.690  18.090  -30.720  14.07  301.37  74.70  937.17  -0.45  197.12  3.54
68605.0  22.740  18.070  -30.720  14.06  301.43  74.37  937.07  -1.01  200.68  3.09
68606.0  22.720  18.090  -30.720  14.08  301.41  74.58  937.02  -1.23  204.74  3.47
68607.0  22.740  18.100  -30.720  14.08  301.41  74.51  937.27  -1.02  213.05  3.47
68608.0  22.710  18.110  -30.720  14.08  301.38  74.70  937.28  -0.77  208.56  3.73
68609.0  22.700  18.090  -30.720  14.07  301.38  74.65  937.19  -1.20  207.35  4.63
68610.0  22.760  18.080  -30.720  14.06  301.42  74.31  937.43  -0.63  206.67  4.23
