flight/WP3D/AircraftMet_NP3_20130531_RA.ict
43  1001
Ken Aikin
NOAA ESRL Chemical Sciences Division
various aircraft sensors
SENEX 2013
1  1
2013  05  31  2013  05  31
1
AOCTimewave
10
1  1  1  1  1  1  1  1  1  1
-9999  -9999  -9999  -9999  -9999  -9999  -9999  -9999  -9999  -9999
AmbTemp  C
DewPtTemp  C
DewPtTempTDL  C
H2Omr  g/kg
PotTemp  K
RelHumidity  pct
StaticPrs  mbar
VertWindSpd  m/s
WindDir  deg
WindSpd  m/s
1
SPECIAL COMMENTS:2nd test flight from Tampa.
18
PI_CONTACT_INFO: Address: NOAA ESRL Chemical Sciences Division  Mail Stop R/CSD7  325 Broadway  Boulder  CO 80305
PLATFORM: NOAA WP-3D
LOCATION: The aircraft was stationed in  Smyrna  Tennessee. Aircraft location information in AircraftPosition file.
ASSOCIATED_DATA: N/A
INSTRUMENT_INFO: N/A
DATA_INFO: Units:AmbTemp celcius; DewPtTemp celcius; DewPtTempTDL celcius; H2Omr g/kg; PotTemp kelvin; RelHumidity percent; StaticPrs millibar; VertWindSpd m/s; WindDir degrees; WindSpd m/s
UNCERTAINTY: N/A
ULOD_FLAG: -7777
ULOD_VALUE: N/A
LLOD_FLAG: -8888
LLOD_VALUE: N/A
DM_CONTACT_INFO: Data Manager:Ken Aikin; email:Kenneth.C.Aikin@noaa.gov
PROJECT_INFO: SENEX 2013 Study; June 1 - July 15  2013
STIPULATIONS_ON_USE: Use of these data require prior ok from PI.
OTHER_COMMENTS:       None
REVISION: RA
RA: Preliminary Data.  For in-field use.
AOCTimewave  AmbTemp  DewPtTemp  DewPtTempTDL  H2Omr  PotTemp  RelHumidity  StaticPrs  VertWindSpd  WindDir  WindSpd
[from data line 2139]
53211.0  21.990  18.020  11.210  13.56  297.97  77.70  967.14  -0.32  118.18  8.39
53212.0  22.120  18.010  11.310  13.55  298.09  77.02  967.32  -0.09  126.72  8.25
53213.0  22.040  17.970  11.710  13.52  298.01  77.24  967.27  0.06  123.81  9.09
53214.0  22.130  17.950  12.070  13.50  298.09  76.69  967.39  0.07  129.81  8.81
53215.0  22.130  17.930  12.330  13.48  298.10  76.59  967.29  -0.61  130.19  9.30
53216.0  22.120  17.900  12.880  13.46  298.09  76.50  967.25  -0.61  129.31  9.43
53217.0  22.040  17.850  13.490  13.41  298.01  76.62  967.36  -0.91  127.08  9.49
53218.0  22.120  17.810  13.690  13.37  298.07  76.05  967.49  -0.66  127.83  9.27
53219.0  22.080  17.770  13.810  13.34  298.02  76.08  967.58  -0.30  125.01  9.40
53220.0  22.080  17.750  13.840  13.33  298.03  75.93  967.54  0.09  122.07  9.15
53221.0  22.130  17.740  13.590  13.32  298.07  75.69  967.56  0.06  126.73  9.06
53222.0  22.210  17.700  13.210  13.28  298.17  75.08  967.39  -0.11  129.25  9.58
53223.0  22.130  17.680  12.760  13.27  298.09  75.37  967.35  0.26  127.12  9.77
53224.0  21.960  17.650  12.580  13.24  297.93  76.03  967.25  0.17  125.63  9.31
53225.0  21.990  17.620  12.620  13.21  297.96  75.72  967.32  -0.13  127.42  9.03
53226.0  22.000  17.640  12.500  13.24  297.98  75.80  967.19  -0.61  127.64  9.55
53227.0  22.050  17.660  12.370  13.26  298.03  75.68  967.22  -0.85  128.81  9.35
53228.0  21.980  17.690  11.970  13.28  297.95  76.16  967.25  -0.06  124.93  9.85
53229.0  21.970  17.710  11.510  13.29  297.95  76.25  967.18  0.09  122.16  9.38
53230.0  22.020  17.680  11.050  13.26  297.99  75.87  967.26  -0.06  128.54  8.41
53231.0  22.080  17.650  11.370  13.24  298.05  75.48  967.22  -0.31  128.57  9.36
53232.0  22.000  17.630  12.230  13.23  297.99  75.72  967.12  -0.61  126.61  8.69
53233.0  22.050  17.630  12.520  13.23  298.03  75.50  967.21  -0.73  126.47  8.81
53234.0  22.150  17.640  12.760  13.23  298.13  75.08  967.15  -0.64  130.61  9.04
53235.0  22.210  17.640  12.100  13.23  298.19  74.80  967.11  -0.25  129.42  9.09
53236.0  22.210  17.630  12.320  13.23  298.20  74.75  967.07  -0.17  131.20  9.13
53237.0  22.220  17.600  13.150  13.20  298.20  74.59  967.16  0.02  132.35  9.68
53238.0  22.170  17.550  13.330  13.16  298.15  74.57  967.18  -0.12  131.23  10.07
53239.0  22.190  17.540  13.270  13.15  298.18  74.39  967.16  0.00  128.66  10.75
53240.0  22.150  17.530  12.700  13.14  298.15  74.54  967.03  -0.46  128.07  10.57
53241.0  22.150  17.490  12.200  13.11  298.13  74.37  967.11  -0.64  124.99  10.00
53242.0  22.160  17.400  11.780  13.03  298.13  73.88  967.36  -0.74  126.92  9.92
53243.0  22.160  17.290  11.750  12.94  298.13  73.36  967.29  -0.38  128.17  9.75
53244.0  22.150  17.230  10.630  12.89  298.13  73.12  967.24  -0.68  129.26  9.33
53245.0  22.120  17.200  10.370  12.87  298.10  73.12  967.25  -0.75  126.43  9.25
53246.0  22.160  17.190  10.300  12.86  298.13  72.91  967.23  -0.95  127.10  8.82
53247.0  22.110  17.190  10.020  12.85  298.08  73.14  967.29  -0.50  126.28  8.34
53248.0  22.090  17.190  9.300  12.86  298.06  73.22  967.25  -0.44  126.86  8.47
53249.0  22.090  17.220  8.060  12.88  298.07  73.33  967.20  -0.03  130.08  8.82
53250.0  22.070  17.260  6.960  12.92  298.06  73.66  967.07  0.05  129.27  9.17
53251.0  22.020  17.320  6.640  12.96  298.02  74.12  966.95  0.48  129.69  9.13
53252.0  22.030  17.380  7.050  13.01  298.02  74.39  966.97  1.31  134.36  8.69
53253.0  22.010  17.450  7.730  13.07  298.02  74.79  966.91  1.48  131.11  9.50
53254.0  21.930  17.520  8.200  13.14  297.94  75.56  966.75  2.11  123.78  9.20
53255.0  21.990  17.610  8.200  13.21  298.01  75.67  966.68  1.06  123.33  9.02
53256.0  22.110  17.660  8.070  13.26  298.14  75.38  966.64  0.45  128.10  9.94
53257.0  22.070  17.740  8.070  13.33  298.10  75.95  966.65  0.34  129.19  10.05
53258.0  21.980  17.840  8.080  13.41  298.00  76.85  966.73  0.69  124.38  8.80
53259.0  22.040  17.910  9.130  13.47  298.05  76.94  966.84  0.48  125.48  8.04
53260.0  22.100  17.980  10.370  13.53  298.11  77.00  966.85  0.06  126.04  8.88
53261.0  22.020  18.030  11.450  13.58  298.05  77.61  966.63  -0.05  123.50  8.99
53262.0  22.130  18.060  11.970  13.60  298.14  77.21  966.79  0.17  124.36  8.87
53263.0  22.070  18.080  12.360  13.61  298.07  77.60  966.96  -0.11  124.55  9.35
53264.0  22.110  18.090  12.980  13.62  298.10  77.45  967.09  0.22  128.12  8.99
53265.0  22.060  18.060  13.260  13.60  298.05  77.55  967.12  -0.31  127.97  9.57
53266.0  22.080  18.020  13.260  13.57  298.07  77.29  967.13  -0.55  124.67  8.90
53267.0  22.100  17.970  13.380  13.52  298.08  76.96  967.09  -1.01  125.73  8.57
53268.0  22.110  17.920  13.430  13.48  298.10  76.65  967.03  -0.89  125.05  8.22
53269.0  22.210  17.880  12.790  13.45  298.20  75.99  966.99  -0.27  123.29  9.31
53270.0  22.210  17.820  12.640  13.39  298.19  75.68  967.20  -0.27  120.87  9.52
53271.0  22.270  17.750  12.230  13.33  298.24  75.07  967.32  -0.47  121.09  9.56
53272.0  22.220  17.670  12.230  13.26  298.18  74.89  967.42  -0.96  120.45  9.57
53273.0  22.210  17.580  12.530  13.18  298.17  74.49  967.52  -0.79  121.40  9.70
53274.0  22.200  17.510  12.060  13.12  298.15  74.23  967.46  -0.37  126.62  8.51
53275.0  22.240  17.460  11.270  13.08  298.19  73.78  967.54  -0.81  131.09  8.07
53276.0  22.140  17.420  10.660  13.05  298.09  74.08  967.54  -0.98  125.29  8.19
53277.0  22.130  17.400  11.350  13.03  298.10  73.98  967.39  -0.82  121.92  8.57
53278.0  22.090  17.360  12.010  12.99  298.06  74.01  967.31  -0.84  122.82  8.97
53279.0  22.060  17.360  12.450  12.99  298.02  74.15  967.38  -0.72  122.68  8.70
53280.0  22.090  17.390  13.130  13.02  298.05  74.17  967.38  -0.56  121.80  8.97
53281.0  22.090  17.430  13.490  13.05  298.06  74.34  967.33  -0.80  123.40  8.60
53282.0  22.100  17.470  13.490  13.09  298.07  74.50  967.25  -0.59  122.80  8.78
53283.0  22.040  17.490  13.220  13.11  298.01  74.89  967.27  -0.66  123.51  8.22
53284.0  22.050  17.520  12.600  13.13  298.03  74.96  967.15  -0.61  125.35  8.21
53285.0  21.930  17.550  12.020  13.16  297.91  75.67  967.11  -0.17  120.13  7.88
53286.0  22.080  17.600  11.980  13.20  298.06  75.18  967.25  -0.28  118.41  8.25
53287.0  22.120  17.650  11.850  13.25  298.11  75.27  967.07  0.58  120.87  9.43
53288.0  22.130  17.720  11.640  13.31  298.13  75.57  966.97  2.09  116.34  8.22
53289.0  22.340  17.790  11.500  13.37  298.33  74.91  967.06  2.45  113.57  7.74
53290.0  22.450  17.840  11.350  13.41  298.46  74.66  966.88  1.78  128.21  7.79
53291.0  22.400  17.910  11.140  13.47  298.43  75.21  966.55  1.53  131.55  8.49
53292.0  22.250  17.960  10.950  13.52  298.29  76.12  966.55  0.70  131.20  7.21
53293.0  22.200  18.020  10.820  13.58  298.24  76.73  966.52  -0.66  133.84  7.55
53294.0  22.070  18.070  10.900  13.61  298.11  77.53  966.56  -0.80  132.40  7.99
53295.0  22.000  18.090  10.630  13.63  298.04  77.99  966.50  -0.47  130.43  8.26
53296.0  22.010  18.090  10.590  13.63  298.03  77.93  966.74  -0.49  130.27  8.19
53297.0  22.130  18.080  10.200  13.62  298.14  77.33  966.86  -0.52  133.33  8.11
53298.0  22.150  18.060  10.360  13.60  298.15  77.13  967.04  -0.08  134.12  8.01
53299.0  22.050  18.040  10.590  13.58  298.04  77.51  967.05  -0.05  130.16  8.11
53300.0  22.170  18.020  10.530  13.56  298.17  76.83  966.95  -0.09  126.54  9.44
53301.0  22.210  18.010  10.140  13.56  298.20  76.63  967.08  -1.26  123.14  9.74
53302.0  22.230  18.000  9.140  13.55  298.20  76.49  967.28  -0.99  124.54  8.53
53303.0  22.210  17.960  9.300  13.50  298.16  76.34  967.57  -1.59  128.94  7.98
53304.0  22.230  17.900  9.470  13.46  298.18  75.96  967.57  -1.25  129.93  8.36
53305.0  22.170  17.860  9.590  13.42  298.12  76.07  967.50  -0.20  130.86  8.38
53306.0  22.140  17.840  9.280  13.40  298.09  76.11  967.44  0.98  129.07  8.64
53307.0  22.120  17.820  8.890  13.38  298.07  76.05  967.61  0.79  133.32  8.05
53308.0  22.110  17.810  9.160  13.37  298.06  76.08  967.49  -0.21  130.03  8.26
53309.0  22.020  17.800  9.770  13.37  297.99  76.47  967.25  2.15  124.43  8.08
53310.0  22.420  17.810  10.290  13.38  298.40  74.66  967.13  2.95  133.13  9.42
53311.0  22.280  17.830  11.020  13.40  298.28  75.38  966.98  1.02  128.19  10.30
53312.0  22.030  17.840  11.540  13.41  298.03  76.60  966.98  0.43  125.12  9.54
53313.0  21.940  17.860  11.640  13.43  297.93  77.17  967.01  -0.09  118.69  8.71
53314.0  22.110  17.880  11.100  13.44  298.10  76.43  967.08  -1.27  119.47  7.61
53315.0  22.230  17.900  10.730  13.45  298.20  75.95  967.30  -1.11  129.86  7.27
53316.0  22.050  17.920  10.820  13.48  298.03  76.95  967.15  -0.07  122.27  7.18
53317.0  22.340  17.930  11.250  13.49  298.34  75.60  966.97  -0.22  122.66  9.56
53318.0  22.290  17.930  11.970  13.49  298.28  75.84  967.11  -0.94  127.58  8.89
53319.0  22.210  17.980  12.320  13.53  298.19  76.47  967.17  -0.49  130.20  8.60
53320.0  22.070  18.020  12.400  13.56  298.04  77.35  967.27  -0.30  125.21  8.47
53321.0  22.110  18.040  11.750  13.58  298.10  77.21  967.11  -0.59  117.20  8.64
53322.0  22.220  18.000  11.350  13.54  298.21  76.46  967.10  -0.58  117.00  9.16
53323.0  22.250  17.910  11.620  13.47  298.24  75.91  967.15  -0.61  120.66  9.53
53324.0  22.120  17.810  12.580  13.38  298.10  76.06  967.20  -0.75  116.71  9.62
53325.0  22.150  17.710  13.180  13.30  298.14  75.41  967.16  -0.86  121.45  9.49
53326.0  22.100  17.630  13.130  13.22  298.08  75.23  967.19  -0.69  123.25  9.54
53327.0  22.090  17.590  12.940  13.19  298.06  75.09  967.33  -0.92  123.60  9.54
53328.0  22.080  17.570  12.690  13.17  298.04  75.08  967.35  -0.92  122.20  9.96
53329.0  22.050  17.550  12.310  13.15  298.01  75.07  967.46  -1.06  117.97  9.40
53330.0  22.050  17.530  11.810  13.13  297.99  75.02  967.60  -0.98  117.16  8.48
53331.0  22.290  17.500  10.660  13.11  298.25  73.76  967.40  -1.10  119.50  9.35
53332.0  22.390  17.470  9.180  13.09  298.35  73.18  967.41  -1.04  122.86  8.61
53333.0  22.320  17.420  9.010  13.05  298.28  73.24  967.49  -1.44  122.53  8.59
53334.0  22.220  17.390  10.090  13.02  298.18  73.52  967.41  -1.38  123.26  8.71
53335.0  22.220  17.360  10.910  13.00  298.18  73.43  967.43  -0.68  125.43  9.43
53336.0  22.170  17.360  11.520  13.00  298.15  73.65  967.20  -0.08  124.38  9.56
53337.0  22.140  17.400  11.600  13.03  298.11  74.00  967.27  -0.17  125.98  9.04
53338.0  22.090  17.500  11.400  13.11  298.05  74.69  967.33  -0.30  127.22  8.42
53339.0  22.000  17.580  11.130  13.18  297.99  75.49  967.07  1.82  113.77  8.48
53340.0  22.300  17.680  10.940  13.28  298.30  74.61  966.91  2.21  115.13  8.74
53341.0  22.420  17.780  10.850  13.36  298.42  74.50  967.03  2.02  124.00  8.27
53342.0  22.300  17.870  10.510  13.44  298.32  75.50  966.74  2.33  119.33  9.82
53343.0  22.300  17.920  9.870  13.48  298.34  75.73  966.57  2.99  130.48  8.41
53344.0  22.200  17.940  9.690  13.50  298.23  76.30  966.64  1.63  142.95  7.45
53345.0  22.130  17.960  9.050  13.52  298.19  76.70  966.34  1.34  127.99  10.35
53346.0  22.090  17.980  8.700  13.54  298.15  77.03  966.22  -0.75  123.39  9.68
53347.0  21.980  17.990  8.080  13.55  298.03  77.65  966.38  -0.73  120.57  9.02
53348.0  22.020  18.020  7.490  13.57  298.05  77.55  966.64  -0.77  119.69  9.13
53349.0  22.080  18.050  6.940  13.59  298.09  77.41  966.83  -1.15  121.28  9.04
53350.0  22.110  18.090  6.810  13.63  298.11  77.49  966.87  -1.12  117.89  9.83
53351.0  22.170  18.080  7.040  13.62  298.16  77.17  967.01  -0.63  122.03  10.73
53352.0  22.090  18.090  7.570  13.62  298.07  77.56  967.12  0.87  119.12  9.68
53353.0  22.270  18.090  8.190  13.62  298.24  76.73  967.28  2.16  127.55  8.40
53354.0  22.200  18.080  8.870  13.62  298.19  76.99  967.03  2.75  124.11  7.00
53355.0  22.310  18.090  9.150  13.63  298.30  76.53  967.07  3.21  127.96  7.39
53356.0  22.340  18.120  9.200  13.65  298.36  76.50  966.80  1.58  122.20  10.39
53357.0  22.100  18.140  9.010  13.67  298.10  77.75  966.98  0.74  120.01  10.61
53358.0  22.070  18.140  9.140  13.67  298.07  77.93  966.90  0.37  122.57  10.57
53359.0  22.040  18.140  9.510  13.67  298.04  78.05  966.98  -0.78  125.13  10.14
53360.0  22.170  18.140  9.370  13.66  298.15  77.43  967.18  -1.54  124.48  9.14
53361.0  22.210  18.140  9.120  13.66  298.18  77.23  967.33  -1.11  124.60  8.76
53362.0  22.230  18.110  9.210  13.64  298.20  76.98  967.29  -0.86  124.90  9.20
53363.0  22.180  18.090  9.570  13.62  298.15  77.10  967.39  -1.35  127.43  9.45
53364.0  22.160  18.060  9.860  13.60  298.11  77.10  967.51  -1.46  126.70  9.06
53365.0  22.160  18.050  10.350  13.58  298.11  77.01  967.52  -1.21  129.16  8.56
53366.0  22.130  18.070  10.530  13.60  298.09  77.28  967.39  -0.62  121.64  8.82
53367.0  22.190  18.090  10.860  13.62  298.15  77.11  967.45  -0.73  124.10  9.50
53368.0  22.130  18.110  11.480  13.64  298.08  77.50  967.50  -1.39  123.19  9.96
53369.0  22.150  18.080  11.820  13.61  298.09  77.25  967.58  -1.32  128.36  10.26
53370.0  22.130  18.030  11.940  13.56  298.04  77.10  967.91  -0.87  132.43  9.11
53371.0  22.160  17.970  12.110  13.51  298.07  76.65  967.98  -1.14  129.35  9.43
53372.0  22.120  17.910  12.020  13.46  298.04  76.55  967.90  -1.55  127.32  9.85
53373.0  22.160  17.890  11.740  13.44  298.10  76.27  967.64  -0.25  124.74  9.27
53374.0  22.060  17.870  11.500  13.43  298.01  76.64  967.48  -0.95  120.00  9.69
53375.0  22.110  17.840  10.460  13.40  298.07  76.25  967.46  -1.78  118.10  9.75
53376.0  22.140  17.810  9.960  13.38  298.10  75.99  967.36  -1.22  117.86  10.33
53377.0  22.160  17.770  9.640  13.34  298.12  75.66  967.40  -1.08  119.35  10.35
53378.0  22.130  17.730  9.810  13.31  298.09  75.62  967.33  -1.20  118.67  10.44
53379.0  22.110  17.720  10.420  13.30  298.08  75.66  967.34  -1.45  121.23  10.11
53380.0  22.050  17.700  10.400  13.28  298.00  75.85  967.51  -1.64  119.54  9.80
53381.0  22.080  17.670  10.710  13.26  298.02  75.60  967.56  -1.33  122.63  9.87
53382.0  22.030  17.660  11.230  13.25  297.99  75.78  967.34  -1.03  124.77  9.87
53383.0  21.970  17.670  11.340  13.25  297.93  76.06  967.34  -1.59  124.93  9.25
53384.0  21.960  17.690  10.740  13.27  297.92  76.21  967.37  -1.80  123.27  8.33
53385.0  22.010  17.710  10.610  13.29  297.97  76.10  967.29  -1.45  117.89  8.85
53386.0  22.000  17.730  10.640  13.31  297.96  76.22  967.34  -1.25  120.02  8.85
53387.0  22.030  17.750  10.740  13.33  298.00  76.20  967.35  -0.87  119.79  8.18
53388.0  22.140  17.800  10.950  13.37  298.10  75.89  967.37  -0.96  128.24  8.26
53389.0  22.030  17.830  10.690  13.40  298.01  76.56  967.21  -0.88  119.39  8.50
53390.0  22.140  17.860  9.940  13.42  298.12  76.20  967.24  0.61  124.09  7.52
53391.0  22.170  17.890  9.390  13.45  298.15  76.21  967.16  -0.34  131.18  8.86
53392.0  22.160  17.950  8.650  13.50  298.14  76.54  967.13  -0.80  125.27  10.51
53393.0  22.130  18.000  7.620  13.55  298.12  76.98  966.98  -1.18  125.57  10.84
53394.0  22.070  18.060  6.880  13.60  298.06  77.54  967.06  -0.99  126.23  9.80
53395.0  22.110  18.120  6.760  13.65  298.09  77.66  967.13  0.09  125.44  10.11
53396.0  22.150  18.150  7.490  13.68  298.13  77.60  967.20  0.77  130.24  9.11
53397.0  22.210  18.180  8.250  13.70  298.18  77.45  967.30  -1.37  139.25  9.15
53398.0  22.060  18.190  8.860  13.72  298.05  78.22  967.10  1.04  136.28  8.74
53399.0  22.150  18.180  9.730  13.71  298.15  77.74  966.99  0.55  129.74  7.60
53400.0  22.170  18.150  9.210  13.68  298.16  77.47  967.12  -0.37  129.06  7.63
53401.0  22.150  18.150  8.400  13.68  298.16  77.55  966.85  -0.76  129.39  8.74
53402.0  22.100  18.160  8.330  13.69  298.11  77.85  966.94  -1.92  122.33  9.94
53403.0  22.070  18.130  8.960  13.66  298.06  77.88  967.07  -1.11  119.28  9.77
