flight/WP3D/AircraftMis_NP3_20130610_RA.ict
41  1001
Ken Aikin
NOAA ESRL Chemical Sciences Division
various aircraft sensors
SENEX 2013
1  1
2013  06  10  2013  06  10
1
AOCTimewave
8
1  1  1  1  1  1  1  1
-9999  -9999  -9999  -9999  -9999  -9999  -9999  -9999
Attack  deg
CabinPrs  mbar
GndSpd  m/s
Heading  deg
Pitch  deg
Roll  deg
Slip  deg
TrueAirSpd  m/s
1
SPECIAL COMMENTS:Haynesville shale.
18
PI_CONTACT_INFO: Address: NOAA ESRL Chemical Sciences Division  Mail Stop R/CSD7  325 Broadway  Boulder  CO 80305
PLATFORM: NOAA WP-3D
LOCATION: The aircraft was stationed in  Smyrna  Tennessee. Aircraft location information in AircraftPosition file.
ASSOCIATED_DATA: N/A
INSTRUMENT_INFO: N/A
DATA_INFO: Units: Attack degrees; CabinPrs millibar; GndSpd m/s; Heading degrees; Pitch degrees; Roll degrees; Slip degrees; TrueAirSpd m/s
UNCERTAINTY: N/A
ULOD_FLAG: -7777
ULOD_VALUE: N/A
LLOD_FLAG: -8888
LLOD_VALUE: N/A
DM_CONTACT_INFO: Data Manager:Ken Aikin; email:Kenneth.C.Aikin@noaa.gov
PROJECT_INFO: SENEX 2013 Study; June 1 - July 15  2013
STIPULATIONS_ON_USE: Use of these data require prior ok from PI.
OTHER_COMMENTS:       None
REVISION: RA
RA: Preliminary Data.  For in-field use.
AOCTimewave  Attack  CabinPrs  GndSpd  Heading  Pitch  Roll  Slip  TrueAirSpd
[from data line 22605]
76331.0  1.0  942.3  142.9  38.3  0.62  -0.53  -0.48  147.1
76332.0  0.9  942.1  142.7  38.3  0.47  -0.54  -0.50  146.9
76333.0  1.0  942.0  142.5  38.3  0.51  -0.50  -0.50  146.8
76334.0  1.0  941.9  142.4  38.3  0.51  -0.50  -0.55  146.9
76335.0  1.0  942.5  142.2  38.3  0.61  -0.60  -0.51  146.7
76336.0  1.0  942.3  142.0  38.3  0.57  -0.99  -0.57  146.4
76337.0  0.9  942.6  141.9  38.4  0.40  -1.46  -0.68  146.1
76338.0  0.8  942.6  141.7  38.3  0.24  -1.88  -0.67  146.0
76339.0  0.9  942.4  141.6  38.1  0.09  -2.35  -0.59  145.7
76340.0  0.9  942.8  141.5  38.0  -0.04  -2.92  -0.59  145.4
76341.0  0.8  942.6  141.3  37.9  -0.29  -3.40  -0.68  145.2
76342.0  0.8  942.7  141.3  37.8  -0.52  -3.44  -0.68  145.2
76343.0  0.9  942.4  141.2  37.5  -0.74  -3.31  -0.57  145.4
76344.0  0.9  942.6  141.2  37.3  -0.99  -3.20  -0.55  145.6
76345.0  0.9  942.7  141.3  37.3  -1.22  -2.72  -0.61  145.9
76346.0  0.8  942.9  141.3  37.2  -1.50  -2.61  -0.62  146.0
76347.0  0.7  943.0  141.5  37.0  -1.87  -2.88  -0.54  145.9
76348.0  0.8  943.2  141.6  36.9  -2.02  -3.26  -0.60  146.3
76349.0  1.0  943.1  141.8  36.8  -1.79  -3.48  -0.64  146.6
76350.0  0.9  943.0  141.9  36.7  -1.87  -3.80  -0.69  146.7
76351.0  0.8  943.0  142.0  36.6  -1.99  -4.18  -0.67  146.8
76352.0  1.0  943.4  142.2  36.3  -1.87  -4.17  -0.63  146.8
76353.0  0.9  943.7  142.3  36.1  -1.94  -3.85  -0.58  146.8
76354.0  0.7  943.4  142.5  35.9  -2.33  -3.39  -0.59  147.0
76355.0  0.7  943.8  142.7  35.8  -2.65  -2.81  -0.59  147.3
76356.0  0.6  944.0  142.9  35.6  -2.88  -2.79  -0.58  147.7
76357.0  0.7  944.2  143.2  35.5  -3.03  -3.16  -0.57  148.2
76358.0  0.7  944.3  143.5  35.4  -3.06  -3.42  -0.62  148.6
76359.0  0.8  944.4  143.8  35.2  -3.10  -3.68  -0.68  149.1
76360.0  0.8  944.4  144.1  35.0  -3.13  -3.42  -0.64  149.6
76361.0  0.8  944.4  144.4  34.8  -3.07  -3.29  -0.55  150.2
76362.0  0.9  944.3  144.5  34.8  -2.99  -3.19  -0.66  150.7
76363.0  0.7  944.5  144.5  35.0  -3.30  -2.93  -0.94  150.7
76364.0  0.6  944.7  144.5  34.8  -3.65  -2.89  -0.74  150.7
76365.0  0.8  944.7  144.6  34.6  -3.48  -3.55  -0.66  150.7
76366.0  0.9  944.6  144.6  34.7  -3.42  -4.06  -0.85  150.7
76367.0  0.8  944.5  144.6  34.7  -3.59  -4.37  -1.05  150.6
76368.0  0.6  944.9  144.6  34.4  -3.82  -4.63  -0.89  150.5
76369.0  0.8  944.9  144.6  34.0  -3.80  -3.87  -0.63  150.3
76370.0  0.8  944.9  144.6  33.8  -3.79  -3.87  -0.64  150.2
76371.0  0.8  945.1  144.7  33.9  -3.94  -4.53  -0.87  150.5
76372.0  0.8  945.2  144.7  33.8  -3.93  -4.81  -0.92  150.6
76373.0  1.0  945.3  144.8  33.5  -3.53  -4.46  -0.84  150.9
76374.0  0.8  945.3  144.7  33.3  -3.54  -4.90  -0.82  150.9
76375.0  0.8  945.0  144.7  33.2  -3.54  -5.26  -0.81  150.9
76376.0  0.9  945.2  144.7  33.0  -3.39  -4.79  -0.88  151.0
76377.0  0.8  945.2  144.6  32.8  -3.39  -5.01  -0.92  150.8
76378.0  0.8  945.2  144.6  32.5  -3.43  -5.75  -0.82  150.9
76379.0  0.8  945.7  144.5  32.2  -3.45  -6.62  -0.85  150.5
76380.0  0.9  945.7  144.4  31.8  -3.43  -6.74  -0.60  150.1
76381.0  0.8  945.7  144.3  31.5  -3.43  -6.51  -0.62  150.0
76382.0  0.8  945.7  144.2  31.3  -3.41  -6.88  -0.90  150.0
76383.0  0.8  945.6  144.1  30.9  -3.43  -6.67  -0.91  150.1
76384.0  0.9  945.7  144.0  30.3  -3.44  -3.82  -0.42  150.0
76385.0  0.8  945.9  144.0  30.0  -3.43  -2.94  -0.10  150.3
76386.0  0.8  946.0  143.9  30.4  -3.34  -3.02  -0.65  150.5
76387.0  0.9  945.8  143.9  30.7  -3.04  -2.43  -1.07  151.0
76388.0  0.6  945.8  143.9  30.3  -3.47  -1.87  -0.78  151.2
76389.0  0.4  945.8  143.8  29.8  -3.91  -1.92  -0.31  151.9
76390.0  0.8  946.3  143.7  30.0  -3.56  -0.92  -0.55  152.1
76391.0  0.8  946.3  143.8  30.3  -3.35  2.27  -0.69  151.8
76392.0  0.6  945.9  143.9  30.3  -3.47  3.55  -0.49  151.9
76393.0  0.6  946.3  143.9  30.6  -3.50  2.08  -0.55  151.6
76394.0  0.7  945.9  144.0  31.0  -3.44  1.16  -0.78  151.6
76395.0  0.7  946.2  144.0  31.2  -3.37  1.05  -0.75  151.4
76396.0  0.7  946.3  144.1  31.2  -3.31  0.74  -0.60  151.2
76397.0  0.8  946.3  144.0  31.3  -3.25  0.17  -0.58  151.1
76398.0  0.6  946.5  144.0  31.5  -3.45  -0.44  -0.70  151.0
76399.0  0.6  946.6  144.0  31.6  -3.63  -0.95  -0.74  151.0
76400.0  0.6  946.6  144.0  31.5  -3.69  -1.48  -0.70  151.0
76401.0  0.6  946.4  144.0  31.5  -3.73  -1.56  -0.67  151.1
76402.0  0.6  946.6  144.0  31.5  -3.78  -1.03  -0.65  151.1
76403.0  0.6  946.4  144.0  31.4  -3.83  -0.68  -0.62  151.2
76404.0  0.6  946.3  144.1  31.5  -3.87  -0.93  -0.60  151.3
76405.0  0.6  946.3  144.1  31.6  -3.88  -1.42  -0.69  151.3
76406.0  0.6  946.5  144.1  31.6  -3.88  -1.89  -0.71  151.3
76407.0  0.6  946.6  144.1  31.5  -3.89  -2.36  -0.69  151.5
76408.0  0.6  947.0  144.1  31.5  -3.87  -2.89  -0.71  151.8
76409.0  0.6  946.7  144.1  31.4  -3.82  -3.47  -0.67  151.7
76410.0  0.8  946.5  144.1  31.3  -3.74  -3.97  -0.65  150.9
76411.0  0.8  946.9  144.0  31.2  -3.68  -3.74  -0.74  150.3
76412.0  0.8  946.6  144.0  31.0  -3.63  -3.61  -0.64  149.8
76413.0  0.9  946.4  144.0  30.9  -3.56  -4.04  -0.53  148.9
76414.0  0.8  946.5  144.0  31.0  -3.49  -4.60  -0.82  148.6
76415.0  0.8  946.6  143.9  31.0  -3.47  -3.85  -0.85  148.6
76416.0  0.8  946.9  143.9  30.6  -3.52  -3.18  -0.64  148.4
76417.0  0.8  947.2  143.9  30.5  -3.52  -3.30  -0.61  148.2
76418.0  0.7  946.9  143.8  30.5  -3.49  -3.62  -0.67  147.9
76419.0  0.8  946.7  143.8  30.5  -3.43  -3.92  -0.73  147.6
76420.0  0.7  947.1  143.7  30.4  -3.39  -4.15  -0.72  147.6
76421.0  0.8  947.1  143.6  30.2  -3.31  -4.46  -0.72  147.9
76422.0  0.8  947.2  143.6  30.1  -3.25  -4.21  -0.71  148.0
76423.0  0.8  946.9  143.5  30.0  -3.15  -3.15  -0.50  148.1
76424.0  0.8  946.8  143.4  30.1  -3.04  -3.28  -0.59  148.2
76425.0  0.8  946.9  143.3  30.3  -2.96  -3.43  -0.82  148.1
76426.0  0.7  947.0  143.2  30.2  -2.91  -3.43  -0.77  148.0
76427.0  0.7  947.4  143.0  29.9  -2.81  -3.66  -0.66  147.7
76428.0  0.7  947.0  142.7  29.7  -2.69  -4.10  -0.51  147.3
76429.0  0.6  947.1  142.5  29.8  -2.85  -4.53  -0.63  147.1
76430.0  0.6  947.3  142.3  29.8  -3.20  -4.53  -0.56  147.5
76431.0  0.7  947.5  142.1  29.7  -3.13  -4.02  -0.58  147.3
76432.0  0.7  947.4  142.0  29.6  -2.94  -2.41  -0.48  147.2
76433.0  0.9  947.4  141.8  29.6  -2.76  -2.14  -0.47  147.3
76434.0  0.9  947.6  141.7  29.7  -2.66  -2.44  -0.75  147.0
76435.0  0.9  947.2  141.5  29.6  -2.64  -2.56  -0.73  146.7
76436.0  0.7  947.3  141.4  29.4  -2.71  -0.78  -0.47  146.1
76437.0  0.7  947.5  141.2  29.3  -2.86  1.09  -0.42  146.1
76438.0  0.6  947.8  141.1  29.5  -3.04  1.53  -0.51  146.1
76439.0  0.7  947.8  141.1  29.7  -3.06  2.90  -0.68  146.3
76440.0  0.7  947.7  141.1  29.8  -3.10  4.03  -0.49  146.3
76441.0  0.7  947.3  141.1  30.0  -3.09  4.04  -0.40  146.1
76442.0  0.7  947.3  141.1  30.4  -3.10  4.15  -0.59  145.7
76443.0  0.7  947.2  141.2  30.8  -3.11  4.89  -0.52  144.8
76444.0  0.7  947.6  141.2  31.2  -3.24  5.55  -0.58  144.9
76445.0  0.6  947.4  141.3  31.4  -3.41  5.39  -0.49  144.3
76446.0  0.9  947.6  141.4  31.8  -3.52  5.38  -0.50  143.7
76447.0  0.6  947.8  141.6  32.2  -4.08  5.96  -0.61  144.3
76448.0  0.4  947.1  141.8  32.5  -4.39  6.50  -0.39  145.0
76449.0  1.0  947.3  142.1  33.0  -3.92  8.93  -0.19  145.1
76450.0  0.9  947.4  142.4  33.7  -3.86  10.73  0.19  145.2
76451.0  0.7  948.1  142.7  35.1  -4.30  10.84  -0.58  144.8
76452.0  0.8  948.0  143.1  36.0  -4.45  11.29  -0.67  145.2
76453.0  0.9  948.0  143.6  36.5  -4.20  11.26  -0.49  145.0
76454.0  0.8  947.9  143.9  37.1  -3.99  10.57  -0.22  144.7
76455.0  0.8  947.9  144.3  38.1  -4.03  10.52  -0.33  144.2
76456.0  0.6  947.7  144.6  39.0  -4.24  11.92  -0.54  144.2
76457.0  0.5  947.5  144.9  39.7  -4.41  12.06  0.36  145.1
76458.0  1.1  947.9  145.3  41.1  -4.54  10.37  -0.46  144.5
76459.0  0.4  948.0  145.8  42.3  -4.93  9.95  -1.07  145.0
76460.0  0.9  948.0  146.1  42.4  -4.72  9.04  -0.56  145.3
76461.0  1.2  948.0  146.5  42.9  -4.19  5.92  -0.51  144.9
76462.0  0.9  947.9  146.9  43.6  -4.18  4.28  -0.63  145.3
76463.0  0.8  947.4  147.1  44.1  -4.25  3.45  -0.94  145.5
76464.0  0.8  948.1  147.4  44.0  -4.17  4.77  -0.63  145.7
76465.0  0.6  947.7  147.6  43.9  -4.17  6.92  0.16  146.2
76466.0  0.6  947.9  147.8  44.7  -4.20  6.77  0.21  145.7
76467.0  0.7  948.3  148.0  46.1  -4.27  6.29  -0.87  145.0
76468.0  0.8  948.3  148.4  46.7  -4.29  6.83  -1.02  145.3
76469.0  0.5  947.9  148.6  46.5  -4.30  6.80  -0.21  144.8
76470.0  0.8  948.3  148.8  46.9  -4.10  5.85  -0.08  144.3
76471.0  0.8  948.1  149.1  47.9  -4.16  4.26  -0.63  144.8
76472.0  0.7  948.1  149.3  48.5  -4.18  4.21  -0.64  144.9
76473.0  0.9  948.1  149.6  48.7  -4.13  6.59  -0.69  144.5
76474.0  0.4  948.0  149.8  48.7  -4.54  8.45  -0.23  144.4
76475.0  0.5  947.9  150.1  49.2  -4.59  8.46  -0.32  144.0
76476.0  0.7  948.2  150.4  50.0  -4.52  8.15  -0.46  144.2
76477.0  0.7  947.9  150.8  50.7  -4.55  7.83  -0.68  144.4
76478.0  0.6  948.2  151.1  51.1  -4.49  7.37  -0.38  144.6
76479.0  0.8  948.2  151.4  51.7  -4.13  7.12  -0.04  144.9
76480.0  0.8  948.2  151.7  52.7  -3.97  5.38  -0.70  144.6
76481.0  0.8  948.0  151.9  53.3  -3.76  4.50  -0.98  144.5
76482.0  0.8  948.1  152.1  53.3  -3.57  3.81  -0.46  144.2
76483.0  0.8  948.1  152.2  53.5  -3.38  1.05  -0.57  144.0
76484.0  0.7  947.9  152.2  53.8  -3.18  -0.19  -0.90  143.7
76485.0  0.8  948.2  152.2  53.6  -2.99  -1.17  -0.63  143.8
76486.0  0.9  948.1  152.1  53.5  -2.81  -1.75  -0.72  143.7
76487.0  0.7  948.1  152.0  53.4  -2.93  -0.46  -0.74  143.5
76488.0  0.5  948.1  152.0  53.1  -3.28  0.03  -0.49  143.2
76489.0  0.6  948.1  151.9  53.0  -3.31  -1.36  -0.34  142.9
76490.0  0.8  948.1  151.8  53.3  -3.02  -2.57  -0.52  142.9
76491.0  0.9  948.2  151.7  53.6  -2.85  -2.34  -0.54  142.0
76492.0  0.8  948.2  151.7  53.7  -2.77  -1.58  -0.94  141.9
76493.0  0.8  948.5  151.6  53.4  -2.89  -1.20  -0.04  141.2
76494.0  0.5  947.4  151.5  53.7  -3.22  -2.06  -0.60  140.9
76495.0  0.8  948.6  151.6  53.9  -3.06  -2.17  -0.49  140.8
76496.0  0.5  948.3  151.6  54.0  -2.97  -2.11  -0.17  141.7
76497.0  0.7  948.7  151.6  54.4  -2.81  -2.58  -0.71  141.5
76498.0  0.8  948.4  151.6  54.4  -2.70  -2.23  -0.81  141.9
76499.0  0.8  948.3  151.6  54.2  -2.65  -1.54  -0.47  142.3
76500.0  0.8  948.4  151.6  54.1  -2.57  -1.92  -0.43  142.7
76501.0  0.7  948.0  151.6  54.3  -2.50  -2.30  -0.84  143.2
76502.0  0.8  948.6  151.5  54.1  -2.41  -2.67  -0.27  143.3
76503.0  0.8  948.3  151.4  54.1  -2.23  -3.33  -0.76  143.0
76504.0  0.8  948.4  151.3  53.9  -2.07  -3.19  -0.75  143.0
76505.0  0.8  948.5  151.2  53.6  -1.92  -3.30  -0.38  142.6
76506.0  0.8  948.4  151.0  53.5  -1.73  -3.74  -0.55  142.3
76507.0  0.8  948.3  150.8  53.6  -1.56  -3.31  -0.73  142.3
76508.0  0.8  948.3  150.6  53.4  -1.43  -2.88  -0.61  141.9
76509.0  0.8  948.2  150.4  53.1  -1.29  -3.17  -0.40  141.6
76510.0  0.8  948.6  150.1  53.2  -1.12  -3.71  -0.75  140.8
76511.0  0.8  948.1  149.9  53.0  -1.08  -3.63  -0.92  140.7
76512.0  0.7  948.2  149.6  52.5  -1.11  -3.35  -0.48  140.3
76513.0  0.9  948.2  149.3  52.1  -0.94  -2.80  -0.16  140.0
76514.0  0.8  948.5  149.0  52.4  -0.91  -2.68  -0.31  139.6
76515.0  0.8  948.7  148.7  52.8  -0.99  -2.42  -0.78  138.9
76516.0  0.7  948.7  148.5  52.8  -1.20  -1.68  -0.74  139.1
76517.0  0.5  948.8  148.3  52.5  -1.80  -1.36  -0.46  138.7
76518.0  0.4  948.7  148.2  52.4  -2.34  -1.64  -0.19  138.9
76519.0  0.5  948.6  148.1  52.7  -2.52  -2.12  -0.56  138.7
76520.0  0.5  948.6  148.1  52.8  -2.69  -2.32  -0.94  138.5
76521.0  0.8  948.7  148.1  52.3  -2.61  -1.88  -0.55  138.3
76522.0  0.9  948.7  148.1  52.1  -2.42  -1.44  -0.32  138.3
76523.0  0.8  948.5  148.1  52.2  -2.45  -1.23  -0.57  138.2
76524.0  0.9  948.9  148.2  52.3  -2.50  -0.96  -0.67  137.6
76525.0  0.8  948.4  148.2  52.3  -2.65  -1.01  -0.64  137.6
76526.0  0.7  948.5  148.3  52.3  -2.89  -0.90  -0.62  137.7
76527.0  0.8  948.3  148.4  52.1  -3.06  -1.08  -0.47  137.4
76528.0  0.8  948.5  148.5  52.2  -3.05  -1.02  -0.48  137.3
76529.0  0.9  948.8  148.6  52.4  -2.94  -0.23  -0.46  137.6
76530.0  0.8  948.8  148.8  52.5  -2.95  0.58  -0.53  137.5
76531.0  0.8  948.8  148.9  52.7  -3.00  1.28  -0.25  137.8
76532.0  0.9  948.4  149.0  53.0  -2.90  2.15  -0.31  138.2
76533.0  0.7  948.8  149.2  53.5  -3.02  1.89  -0.64  137.8
76534.0  0.9  948.7  149.3  53.7  -2.88  0.66  -0.80  137.8
76535.0  0.9  948.8  149.5  53.7  -2.93  -0.98  -0.65  138.1
76536.0  0.6  948.6  149.5  53.6  -3.14  -2.85  -0.32  138.6
76537.0  0.8  948.8  149.6  53.8  -3.02  -3.89  -0.95  138.7
76538.0  0.8  948.6  149.7  53.5  -2.94  -3.68  -0.96  137.8
76539.0  0.7  948.6  149.8  52.8  -3.05  -3.85  -0.09  138.1
76540.0  0.8  948.5  149.8  52.8  -3.10  -4.78  -0.42  138.2
76541.0  0.7  948.8  149.9  53.0  -3.09  -4.36  -1.03  138.1
76542.0  0.8  948.7  150.0  52.5  -3.15  -2.96  -0.63  138.2
76543.0  0.8  948.5  150.1  52.0  -3.25  -2.90  -0.36  138.4
76544.0  0.6  948.8  150.1  51.9  -3.36  -3.12  -0.51  138.8
76545.0  0.7  948.7  150.3  51.9  -3.27  -2.17  -0.55  139.0
76546.0  0.9  948.8  150.4  51.9  -3.14  -0.54  -0.52  139.1
76547.0  0.8  949.1  150.5  52.0  -3.26  -0.65  -0.55  139.1
76548.0  0.7  948.6  150.7  52.1  -3.36  -2.24  -0.58  139.2
76549.0  0.6  948.6  150.8  52.2  -3.46  -3.58  -0.98  139.4
76550.0  0.7  948.8  150.9  51.7  -3.55  -2.58  -0.82  139.7
76551.0  0.7  948.8  151.1  51.1  -3.65  -1.98  -0.38  139.7
76552.0  0.7  948.4  151.2  51.0  -3.70  -2.70  -0.46  140.1
76553.0  0.6  949.0  151.4  51.2  -3.74  -3.30  -0.80  140.1
76554.0  0.5  948.3  151.5  51.0  -3.79  -2.97  -0.77  140.5
76555.0  0.6  948.5  151.7  50.6  -3.74  -1.83  -0.37  140.7
76556.0  0.5  948.9  151.8  50.4  -3.64  -1.59  -0.38  140.9
76557.0  0.5  948.2  151.9  50.6  -3.55  -1.23  -0.79  141.1
76558.0  0.5  948.8  152.0  50.4  -3.47  -0.24  -0.59  141.4
76559.0  0.5  948.5  152.2  50.2  -3.32  0.43  -0.30  141.4
76560.0  0.6  948.2  152.2  50.2  -3.10  0.12  -0.38  141.6
76561.0  0.7  948.6  152.3  50.5  -2.90  -0.54  -0.64  141.4
76562.0  0.6  948.5  152.3  50.4  -2.77  -1.30  -0.52  141.3
76563.0  0.6  948.5  152.3  50.4  -2.64  -2.20  -0.66  141.4
76564.0  0.6  948.4  152.3  50.3  -2.50  -2.66  -0.65  141.8
76565.0  0.6  948.4  152.2  50.0  -2.50  -1.64  -0.32  141.6
76566.0  0.5  948.5  152.1  49.9  -2.60  -0.74  -0.18  141.5
76567.0  0.5  948.5  152.1  50.2  -2.54  -0.28  -0.43  141.6
76568.0  0.6  948.6  152.1  50.5  -2.41  0.28  -0.70  141.3
76569.0  0.7  948.5  152.1  50.4  -2.29  0.67  -0.62  141.3
76570.0  0.5  948.6  152.0  50.2  -2.32  0.49  -0.20  140.8
76571.0  0.5  948.6  151.9  50.5  -2.48  0.12  -0.41  140.5
76572.0  0.6  948.4  151.9  50.8  -2.57  0.59  -0.68  140.3
76573.0  0.7  948.5  151.9  50.7  -2.56  1.26  -0.49  140.2
76574.0  0.6  948.6  152.0  50.7  -2.57  1.46  -0.25  140.2
76575.0  0.6  948.6  152.0  51.0  -2.57  1.39  -0.47  140.2
76576.0  0.6  948.4  152.0  51.3  -2.56  1.39  -0.38  140.6
76577.0  0.6  948.4  152.0  51.6  -2.50  1.29  -0.37  140.9
76578.0  0.5  948.6  152.0  51.8  -2.54  1.11  -0.60  140.7
76579.0  0.5  948.7  152.0  51.9  -2.53  1.03  -0.45  140.9
76580.0  0.6  949.0  151.9  51.9  -2.39  0.89  -0.45  141.3
76581.0  0.6  948.4  151.9  52.0  -2.22  0.85  -0.47  141.6
76582.0  0.5  948.9  151.8  52.1  -2.05  0.70  -0.49  141.8
76583.0  0.7  948.4  151.7  52.2  -1.76  0.64  -0.63  141.5
76584.0  0.8  948.4  151.6  52.2  -1.49  0.73  -0.56  141.4
76585.0  0.6  948.4  151.4  52.1  -1.29  0.98  -0.57  141.0
76586.0  0.7  948.3  151.2  52.1  -1.06  0.89  -0.45  140.6
76587.0  0.8  948.3  150.9  52.2  -0.85  0.52  -0.44  140.3
76588.0  0.7  948.4  150.7  52.4  -0.69  0.38  -0.53  140.2
76589.0  0.6  948.3  150.3  52.5  -0.51  0.26  -0.58  140.2
76590.0  0.7  948.1  150.0  52.5  -0.25  0.05  -0.50  139.5
76591.0  0.7  948.5  149.6  52.4  0.05  0.91  -0.38  139.2
76592.0  0.8  948.0  149.2  52.5  0.22  2.25  -0.37  138.5
