flight/WP3D/AircraftMet_NP3_20130612_RA.ict
43  1001
Ken Aikin
NOAA ESRL Chemical Sciences Division
various aircraft sensors
SENEX 2013
1  1
2013  06  12  2013  06  12
1
AOCTimewave
10
1  1  1  1  1  1  1  1  1  1
-9999  -9999  -9999  -9999  -9999  -9999  -9999  -9999  -9999  -9999
AmbTemp  C
DewPtTemp  C
DewPtTempTDL  C
H2Omr  g/kg
PotTemp  K
RelHumidity  pct
StaticPrs  mbar
VertWindSpd  m/s
WindDir  deg
WindSpd  m/s
1
SPECIAL COMMENTS:Atlanta flight.
18
PI_CONTACT_INFO: Address: NOAA ESRL Chemical Sciences Division  Mail Stop R/CSD7  325 Broadway  Boulder  CO 80305
PLATFORM: NOAA WP-3D
LOCATION: The aircraft was stationed in  Smyrna  Tennessee. Aircraft location information in AircraftPosition file.
ASSOCIATED_DATA: N/A
INSTRUMENT_INFO: N/A
DATA_INFO: Units:AmbTemp celcius; DewPtTemp celcius; DewPtTempTDL celcius; H2Omr g/kg; PotTemp kelvin; RelHumidity percent; StaticPrs millibar; VertWindSpd m/s; WindDir degrees; WindSpd m/s
UNCERTAINTY: N/A
ULOD_FLAG: -7777
ULOD_VALUE: N/A
LLOD_FLAG: -8888
LLOD_VALUE: N/A
DM_CONTACT_INFO: Data Manager:Ken Aikin; email:Kenneth.C.Aikin@noaa.gov
PROJECT_INFO: SENEX 2013 Study; June 1 - July 15  2013
STIPULATIONS_ON_USE: Use of these data require prior ok from PI.
OTHER_COMMENTS:       None
REVISION: RA
RA: Preliminary Data.  For in-field use.
AOCTimewave  AmbTemp  DewPtTemp  DewPtTempTDL  H2Omr  PotTemp  RelHumidity  StaticPrs  VertWindSpd  WindDir  WindSpd
[from data line 11731]
65029.0  26.910  20.990  -40.800  17.02  306.13  69.21  932.13  -0.60  328.44  5.17
65030.0  26.940  20.970  -40.800  17.00  306.16  69.01  932.15  -0.38  325.96  4.84
65031.0  26.940  20.950  -40.800  16.97  306.15  68.91  932.28  -0.37  323.95  5.04
65032.0  26.950  20.920  -40.800  16.94  306.16  68.73  932.28  -0.83  327.72  4.99
65033.0  26.910  20.900  -40.800  16.92  306.12  68.80  932.29  -1.25  330.18  4.78
65034.0  26.990  20.860  -40.800  16.88  306.20  68.31  932.33  -1.02  315.11  4.71
65035.0  26.890  20.840  -40.800  16.85  306.09  68.65  932.37  -0.79  314.12  5.15
65036.0  26.870  20.820  -40.800  16.83  306.06  68.64  932.51  -1.16  314.99  5.41
65037.0  26.950  20.790  -40.800  16.79  306.13  68.15  932.65  -0.58  304.58  5.44
65038.0  26.920  20.780  -40.800  16.79  306.11  68.27  932.55  0.19  301.96  5.35
65039.0  26.990  20.780  -40.800  16.79  306.18  67.97  932.48  -0.85  309.37  4.14
65040.0  26.930  20.760  -40.800  16.76  306.11  68.11  932.61  -0.09  302.25  4.81
65041.0  26.960  20.760  -40.800  16.76  306.13  67.99  932.69  1.04  295.98  4.84
65042.0  26.920  20.770  -40.800  16.78  306.11  68.21  932.50  0.46  297.35  4.34
65043.0  26.880  20.790  -40.800  16.80  306.06  68.47  932.55  -0.14  311.79  3.24
65044.0  26.940  20.840  -40.800  16.85  306.13  68.44  932.48  -0.31  303.72  3.09
65045.0  26.930  20.880  -40.800  16.90  306.11  68.66  932.57  1.32  302.61  3.92
65046.0  26.960  20.920  -40.800  16.94  306.16  68.71  932.37  1.84  322.21  3.01
65047.0  26.970  20.960  -40.800  16.99  306.18  68.85  932.30  1.99  309.29  3.50
65048.0  27.020  21.060  -40.800  17.09  306.24  69.06  932.16  2.10  292.39  3.41
65049.0  27.040  21.110  -40.800  17.15  306.27  69.21  932.07  2.35  293.51  2.73
65050.0  26.950  21.140  -40.800  17.19  306.19  69.72  931.93  2.15  306.82  3.16
65051.0  26.980  21.150  -40.800  17.20  306.24  69.63  931.76  1.55  325.64  3.43
65052.0  27.050  21.140  -40.800  17.19  306.31  69.28  931.80  2.47  333.22  4.03
65053.0  27.280  21.080  -40.800  17.13  306.56  68.06  931.69  1.84  323.56  3.57
65054.0  27.170  21.000  -40.800  17.04  306.45  68.16  931.55  0.71  325.96  5.08
65055.0  27.160  20.930  -40.800  16.97  306.44  67.93  931.59  -0.13  324.91  4.49
65056.0  27.250  20.840  -40.800  16.87  306.52  67.16  931.70  -0.61  327.37  4.24
65057.0  27.280  20.710  -40.800  16.73  306.55  66.51  931.64  -0.59  324.96  3.82
65058.0  27.200  20.550  -40.800  16.56  306.47  66.12  931.73  -0.53  332.62  3.38
65059.0  27.200  20.400  -40.800  16.40  306.46  65.48  931.81  -0.71  330.21  3.60
65060.0  27.080  20.280  -40.800  16.28  306.31  65.50  932.14  -1.31  317.95  4.19
65061.0  26.990  20.160  -40.800  16.14  306.19  65.34  932.39  -1.42  316.84  3.84
65062.0  26.990  20.120  -40.800  16.11  306.19  65.20  932.45  -1.29  311.60  3.87
65063.0  27.110  20.100  -40.800  16.08  306.28  64.64  932.71  -1.02  314.48  2.61
65064.0  27.020  20.100  -40.800  16.08  306.18  65.01  932.84  -1.32  315.80  3.41
65065.0  26.980  20.100  -40.800  16.08  306.12  65.18  933.00  -0.68  317.11  4.12
65066.0  26.840  20.070  -40.800  16.04  305.98  65.57  932.97  -1.13  328.16  5.25
65067.0  26.970  20.020  -40.800  15.99  306.13  64.83  932.81  -0.77  320.54  6.04
65068.0  26.960  20.010  -40.800  15.99  306.12  64.86  932.85  -0.75  320.79  5.86
65069.0  27.030  20.060  -40.800  16.04  306.19  64.81  932.81  -0.93  324.64  5.54
65070.0  27.110  20.110  -40.800  16.08  306.27  64.65  932.86  -0.35  319.24  4.55
65071.0  27.080  20.170  -40.800  16.14  306.24  65.00  932.90  -0.20  308.08  4.36
65072.0  27.020  20.250  -40.800  16.23  306.18  65.60  932.78  -0.30  312.11  4.49
65073.0  27.050  20.350  -40.800  16.34  306.24  65.89  932.56  0.48  312.97  4.38
65074.0  27.100  20.500  -40.800  16.49  306.28  66.35  932.62  -0.40  317.14  3.24
65075.0  27.050  20.580  -40.800  16.58  306.23  66.87  932.60  -0.05  324.14  2.66
65076.0  27.080  20.620  -40.800  16.62  306.26  66.93  932.65  0.09  307.16  3.26
65077.0  27.090  20.680  -40.800  16.68  306.27  67.14  932.63  0.50  303.08  3.40
65078.0  26.990  20.680  -40.800  16.69  306.19  67.57  932.43  0.39  317.05  3.42
65079.0  27.050  20.640  -40.800  16.65  306.26  67.12  932.33  0.86  328.26  3.18
65080.0  27.060  20.580  -40.800  16.59  306.28  66.85  932.22  1.08  325.91  2.74
65081.0  27.080  20.550  -40.800  16.56  306.31  66.66  932.00  1.13  307.70  2.77
65082.0  27.040  20.570  -40.800  16.58  306.29  66.87  931.95  1.43  304.68  2.73
65083.0  26.960  20.630  -40.800  16.64  306.20  67.46  931.88  1.02  315.37  2.96
65084.0  26.990  20.610  -40.800  16.62  306.23  67.24  931.97  1.51  320.81  3.62
65085.0  27.020  20.620  -40.800  16.63  306.27  67.18  931.81  2.40  314.65  3.08
65086.0  27.100  20.650  -40.800  16.66  306.37  66.95  931.69  2.09  294.43  4.33
65087.0  26.980  20.680  -40.800  16.70  306.26  67.59  931.49  1.85  309.84  4.53
65088.0  27.010  20.720  -40.800  16.74  306.29  67.59  931.58  1.00  305.90  4.52
65089.0  27.080  20.700  -40.800  16.72  306.35  67.27  931.69  0.37  299.98  4.97
65090.0  27.110  20.700  -40.800  16.72  306.35  67.16  931.94  1.14  287.15  5.00
65091.0  27.040  20.740  -40.800  16.76  306.29  67.62  931.88  0.31  299.18  4.71
65092.0  27.020  20.780  -40.800  16.80  306.27  67.84  931.85  0.63  310.85  4.59
65093.0  27.110  20.810  -40.800  16.84  306.36  67.61  931.97  -0.15  305.92  3.55
65094.0  27.120  20.820  -40.800  16.84  306.34  67.60  932.16  -0.77  304.04  3.06
65095.0  27.150  20.810  -40.800  16.83  306.36  67.46  932.36  -1.18  295.31  2.86
65096.0  27.080  20.760  -40.800  16.76  306.25  67.52  932.67  -0.80  288.12  3.29
65097.0  27.040  20.690  -40.800  16.69  306.20  67.39  932.84  -0.89  292.39  3.17
65098.0  27.060  20.650  -40.800  16.64  306.22  67.11  932.85  -0.47  281.65  3.45
65099.0  26.970  20.610  -40.800  16.61  306.12  67.33  932.97  0.03  289.72  3.73
65100.0  26.890  20.580  -40.800  16.56  306.03  67.51  933.03  0.45  295.00  3.13
65101.0  26.880  20.550  -40.800  16.54  306.03  67.43  932.95  0.38  297.90  3.91
65102.0  26.900  20.550  -40.800  16.53  306.04  67.36  933.01  0.36  308.74  3.23
65103.0  26.850  20.520  -40.800  16.51  306.00  67.44  932.88  0.08  313.23  3.49
65104.0  26.900  20.520  -40.800  16.51  306.07  67.24  932.71  -0.75  312.63  4.02
65105.0  27.010  20.520  -40.800  16.51  306.17  66.81  932.78  -0.77  311.44  3.61
65106.0  26.970  20.480  -40.800  16.47  306.12  66.78  932.86  -1.02  311.16  3.35
65107.0  27.000  20.420  -40.800  16.41  306.17  66.42  932.74  -0.89  313.03  3.69
65108.0  26.930  20.390  -40.800  16.37  306.10  66.52  932.77  -0.90  323.30  3.08
65109.0  26.970  20.360  -40.800  16.35  306.15  66.27  932.62  -0.82  320.38  3.22
65110.0  26.870  20.370  -40.800  16.35  306.06  66.69  932.55  -0.41  314.93  3.42
65111.0  26.880  20.390  -40.800  16.38  306.06  66.77  932.62  -0.06  319.54  3.35
65112.0  26.880  20.420  -40.800  16.41  306.06  66.89  932.52  0.20  322.36  3.85
65113.0  26.910  20.460  -40.800  16.45  306.09  66.92  932.57  0.34  316.50  3.61
65114.0  26.970  20.480  -40.800  16.48  306.18  66.76  932.36  0.28  313.57  3.65
65115.0  26.920  20.490  -40.800  16.48  306.12  66.99  932.38  -0.19  313.27  3.12
65116.0  26.880  20.500  -40.800  16.49  306.08  67.21  932.35  -0.51  312.07  3.75
65117.0  26.850  20.470  -40.800  16.47  306.06  67.23  932.24  -0.99  322.71  3.98
65118.0  26.910  20.440  -40.800  16.43  306.12  66.83  932.26  -0.58  310.20  4.77
65119.0  27.010  20.400  -40.800  16.39  306.21  66.30  932.35  -0.39  303.97  4.81
65120.0  26.930  20.370  -40.800  16.36  306.13  66.48  932.35  -0.56  306.28  4.69
65121.0  26.900  20.310  -40.800  16.30  306.11  66.34  932.36  -1.03  311.54  5.28
65122.0  26.910  20.320  -40.800  16.31  306.12  66.32  932.33  -0.72  307.73  5.27
65123.0  26.960  20.350  -40.800  16.34  306.16  66.27  932.35  -1.22  305.40  4.90
65124.0  27.000  20.340  -40.800  16.33  306.20  66.04  932.42  -1.45  296.33  4.23
65125.0  26.950  20.320  -40.800  16.31  306.14  66.19  932.50  -0.65  287.65  4.30
65126.0  26.930  20.310  -40.800  16.29  306.12  66.21  932.48  -1.04  286.98  4.44
65127.0  26.870  20.290  -40.800  16.27  306.05  66.36  932.56  -1.61  297.64  3.81
65128.0  26.820  20.290  -40.800  16.27  305.98  66.58  932.71  -1.20  300.95  3.82
65129.0  26.790  20.250  -40.800  16.23  305.96  66.55  932.67  -1.44  312.04  3.90
65130.0  26.820  20.270  -40.800  16.25  305.99  66.48  932.73  -1.74  312.51  3.36
65131.0  26.840  20.290  -40.800  16.27  306.01  66.48  932.75  -1.41  303.29  3.42
65132.0  26.870  20.310  -40.800  16.29  306.03  66.49  932.81  -1.30  298.67  4.29
65133.0  26.860  20.370  -40.800  16.35  306.03  66.72  932.74  -1.24  295.02  4.16
65134.0  26.790  20.390  -40.800  16.38  305.96  67.13  932.74  -1.29  302.42  4.51
65135.0  26.840  20.420  -40.800  16.41  306.00  67.08  932.79  -1.08  302.68  4.42
65136.0  26.820  20.470  -40.800  16.46  305.98  67.38  932.76  -1.17  304.04  4.11
65137.0  26.890  20.510  -40.800  16.50  306.05  67.24  932.75  -1.43  299.51  4.35
65138.0  26.860  20.530  -40.800  16.52  306.02  67.43  932.78  -1.54  294.98  4.25
65139.0  26.910  20.550  -40.800  16.54  306.08  67.29  932.76  -1.40  290.28  3.81
65140.0  26.860  20.600  -40.800  16.60  306.02  67.76  932.77  -1.19  294.17  3.62
65141.0  26.860  20.650  -40.800  16.65  306.03  67.95  932.72  -0.81  295.35  3.15
65142.0  26.760  20.680  -40.800  16.68  305.91  68.52  932.79  -1.18  304.55  3.36
65143.0  26.750  20.730  -40.800  16.74  305.92  68.76  932.69  -1.22  301.27  3.01
65144.0  26.790  20.780  -40.800  16.79  305.96  68.80  932.66  -1.01  294.48  3.68
65145.0  26.730  20.850  -40.800  16.85  305.89  69.35  932.79  0.17  294.15  3.31
65146.0  26.780  20.870  -40.800  16.88  305.96  69.22  932.54  -0.07  289.05  3.27
65147.0  26.740  20.900  -40.800  16.92  305.93  69.57  932.42  0.00  290.43  3.05
65148.0  26.670  20.930  -40.800  16.95  305.87  69.97  932.38  0.83  296.44  3.14
65149.0  26.660  20.940  -40.800  16.97  305.86  70.10  932.27  0.79  293.23  3.51
65150.0  26.710  20.990  -40.800  17.02  305.92  70.10  932.15  0.35  286.71  3.23
65151.0  26.650  21.010  -40.800  17.05  305.87  70.46  932.09  0.50  280.57  3.36
65152.0  26.660  21.060  -40.800  17.09  305.90  70.57  931.93  -0.77  298.91  3.04
65153.0  26.720  21.100  -40.800  17.15  305.96  70.52  931.96  -0.56  300.52  2.35
65154.0  26.810  21.120  -40.800  17.17  306.04  70.22  932.02  -0.18  286.77  2.98
65155.0  26.720  21.120  -40.800  17.17  305.95  70.63  931.97  -0.59  291.84  3.76
65156.0  26.810  21.130  -40.800  17.18  306.04  70.28  932.01  -0.76  285.21  3.85
65157.0  26.730  21.120  -40.800  17.17  305.94  70.60  932.15  -0.46  288.80  4.03
65158.0  26.830  21.130  -40.800  17.18  306.05  70.22  932.08  -0.82  293.48  3.32
65159.0  26.770  21.110  -40.800  17.15  305.98  70.34  932.29  0.14  288.52  3.80
65160.0  26.710  21.100  -40.800  17.13  305.91  70.53  932.32  0.02  291.51  4.65
65161.0  26.730  21.070  -40.800  17.11  305.94  70.37  932.25  0.19  294.01  3.93
65162.0  26.720  21.080  -40.800  17.12  305.92  70.44  932.33  0.59  298.17  4.25
65163.0  26.760  21.090  -40.800  17.12  305.97  70.28  932.21  -0.19  293.27  3.60
65164.0  26.800  21.110  -40.800  17.15  306.01  70.24  932.16  0.07  288.89  3.56
65165.0  26.670  21.120  -40.800  17.16  305.88  70.83  932.23  -0.34  304.44  3.80
65166.0  26.720  21.120  -40.800  17.17  305.95  70.61  932.08  0.13  308.84  4.03
65167.0  26.750  21.110  -40.800  17.15  305.97  70.46  932.11  0.35  305.88  4.11
65168.0  26.780  21.070  -40.800  17.11  306.00  70.11  932.15  0.17  306.07  3.88
65169.0  26.790  21.030  -40.800  17.06  306.01  69.90  932.20  0.54  297.13  3.43
65170.0  26.810  21.020  -40.800  17.05  306.02  69.78  932.19  0.78  293.04  2.82
65171.0  26.720  21.030  -40.800  17.06  305.93  70.18  932.28  0.78  291.28  3.37
65172.0  26.650  21.040  -40.800  17.08  305.87  70.57  932.11  0.54  297.13  3.29
65173.0  26.660  21.070  -40.800  17.10  305.87  70.65  932.17  -0.13  308.53  2.77
65174.0  26.720  21.070  -40.800  17.11  305.92  70.41  932.29  -0.06  299.30  2.31
65175.0  26.670  21.110  -40.800  17.14  305.87  70.76  932.31  -0.31  292.62  2.65
65176.0  26.730  21.140  -40.800  17.17  305.92  70.64  932.45  0.12  292.28  2.81
65177.0  26.770  21.170  -40.800  17.21  305.96  70.60  932.49  0.86  286.38  3.80
65178.0  26.720  21.130  -40.800  17.17  305.92  70.66  932.33  0.52  278.30  3.86
65179.0  26.710  21.140  -40.800  17.18  305.92  70.73  932.23  0.79  280.70  3.68
65180.0  26.780  21.150  -40.800  17.19  305.98  70.50  932.26  -0.17  268.78  2.30
65181.0  26.680  21.150  -40.800  17.19  305.89  70.90  932.26  -0.23  271.15  2.64
65182.0  26.750  21.170  -40.800  17.22  305.96  70.69  932.25  0.14  271.88  2.59
65183.0  26.670  21.170  -40.800  17.21  305.88  71.01  932.28  0.36  285.87  2.99
65184.0  26.660  21.170  -40.800  17.21  305.87  71.09  932.24  0.63  299.96  3.48
65185.0  26.630  21.180  -40.800  17.23  305.84  71.28  932.15  0.43  305.92  3.91
65186.0  26.670  21.200  -40.800  17.25  305.88  71.17  932.24  0.13  327.79  3.49
65187.0  26.860  21.220  -40.800  17.26  306.06  70.43  932.36  0.03  323.33  2.42
65188.0  26.910  21.180  -40.800  17.23  306.11  70.08  932.32  0.63  322.43  1.73
65189.0  26.850  21.170  -40.800  17.21  306.05  70.30  932.35  1.36  317.01  1.89
65190.0  26.900  21.140  -40.800  17.18  306.12  69.92  932.15  2.08  305.13  2.41
65191.0  26.870  21.110  -40.800  17.15  306.09  69.93  932.09  2.79  310.11  3.14
65192.0  26.980  21.100  -40.800  17.14  306.22  69.39  932.05  3.19  302.79  2.31
65193.0  26.820  21.090  -40.800  17.13  306.06  70.04  931.94  1.88  311.54  3.70
65194.0  26.770  21.110  -40.800  17.16  306.02  70.33  931.88  0.54  310.13  4.17
65195.0  26.760  21.090  -40.800  17.13  306.00  70.27  931.93  0.39  322.43  3.67
65196.0  26.680  21.060  -40.800  17.10  305.94  70.50  931.75  0.33  333.17  3.87
65197.0  26.820  21.040  -40.800  17.08  306.07  69.79  931.84  0.42  340.66  2.93
65198.0  26.710  21.010  -40.800  17.05  305.95  70.16  931.94  -0.35  309.49  5.75
65199.0  26.680  21.000  -40.800  17.03  305.89  70.27  932.24  -0.96  319.57  4.73
65200.0  26.770  21.020  -40.800  17.06  305.98  69.97  932.26  -0.93  310.73  4.63
65201.0  26.750  21.020  -40.800  17.05  305.94  70.05  932.48  -0.58  329.96  3.23
65202.0  26.830  21.020  -40.800  17.04  306.01  69.68  932.59  -0.39  328.74  2.48
65203.0  26.730  21.030  -40.800  17.05  305.91  70.15  932.61  0.93  323.34  3.11
65204.0  26.780  21.060  -40.800  17.09  305.97  70.07  932.50  1.22  300.14  3.00
65205.0  26.780  21.090  -40.800  17.12  305.97  70.18  932.52  0.98  292.99  2.65
65206.0  26.720  21.110  -40.800  17.15  305.90  70.57  932.56  0.65  310.73  2.43
65207.0  26.760  21.140  -40.800  17.17  305.93  70.53  932.60  0.74  306.91  2.74
65208.0  26.840  21.140  -40.800  17.17  306.02  70.15  932.58  0.37  282.96  3.85
65209.0  26.760  21.130  -40.800  17.16  305.92  70.45  932.79  0.96  286.31  4.25
65210.0  26.860  21.140  -40.800  17.17  306.03  70.08  932.76  0.73  275.62  4.49
65211.0  26.770  21.140  -40.800  17.18  305.95  70.48  932.65  0.39  280.15  3.33
65212.0  26.760  21.160  -40.800  17.19  305.93  70.63  932.67  0.27  302.14  2.17
65213.0  26.870  21.180  -40.800  17.22  306.05  70.22  932.68  0.77  278.42  2.23
65214.0  26.870  21.160  -40.800  17.20  306.05  70.16  932.57  -0.12  272.37  3.67
65215.0  26.800  21.160  -40.800  17.19  305.97  70.41  932.70  1.01  272.18  3.56
65216.0  26.780  21.130  -40.800  17.16  305.93  70.37  932.89  0.88  279.31  2.89
65217.0  26.670  21.140  -40.800  17.17  305.85  70.90  932.52  0.11  293.53  3.92
65218.0  26.760  21.150  -40.800  17.18  305.94  70.55  932.57  0.80  295.36  3.23
65219.0  26.800  21.140  -40.800  17.18  305.98  70.36  932.55  0.30  304.06  2.35
