flight/WP3D/AircraftMet_NP3_20130702_RA.ict
43  1001
Ken Aikin
NOAA ESRL Chemical Sciences Division
various aircraft sensors
SENEX 2013
1  1
2013  07  02  2013  07  02
1
AOCTimewave
10
1  1  1  1  1  1  1  1  1  1
-9999  -9999  -9999  -9999  -9999  -9999  -9999  -9999  -9999  -9999
AmbTemp  C
DewPtTemp  C
DewPtTempTDL  C
H2Omr  g/kg
PotTemp  K
RelHumidity  pct
StaticPrs  mbar
VertWindSpd  m/s
WindDir  deg
WindSpd  m/s
1
SPECIAL COMMENTS:Birmingham PP night flight.
18
PI_CONTACT_INFO: Address: NOAA ESRL Chemical Sciences Division  Mail Stop R/CSD7  325 Broadway  Boulder  CO 80305
PLATFORM: NOAA WP-3D
LOCATION: The aircraft was stationed in  Smyrna  Tennessee. Aircraft location information in AircraftPosition file.
ASSOCIATED_DATA: N/A
INSTRUMENT_INFO: N/A
DATA_INFO: Units:AmbTemp celcius; DewPtTemp celcius; DewPtTempTDL celcius; H2Omr g/kg; PotTemp kelvin; RelHumidity percent; StaticPrs millibar; VertWindSpd m/s; WindDir degrees; WindSpd m/s
UNCERTAINTY: N/A
ULOD_FLAG: -7777
ULOD_VALUE: N/A
LLOD_FLAG: -8888
LLOD_VALUE: N/A
DM_CONTACT_INFO: Data Manager:Ken Aikin; email:Kenneth.C.Aikin@noaa.gov
PROJECT_INFO: SENEX 2013 Study; June 1 - July 15  2013
STIPULATIONS_ON_USE: Use of these data require prior ok from PI.
OTHER_COMMENTS:       None
REVISION: RA
RA: Preliminary Data.  For in-field use.
AOCTimewave  AmbTemp  DewPtTemp  DewPtTempTDL  H2Omr  PotTemp  RelHumidity  StaticPrs  VertWindSpd  WindDir  WindSpd
[from data line 24043]
28161.0  19.710  16.170  3.270  12.09  296.03  79.64  963.03  0.69  235.56  1.56
28162.0  19.700  16.250  3.430  12.14  295.96  80.07  963.77  0.68  241.75  1.51
28163.0  19.750  16.320  3.510  12.19  295.96  80.19  964.32  0.74  251.85  1.46
28164.0  19.650  16.410  3.530  12.25  295.80  81.22  964.93  0.80  267.12  1.45
28165.0  19.620  16.530  3.680  12.34  295.71  81.97  965.66  0.93  272.40  1.19
28166.0  19.550  16.630  3.680  12.41  295.59  82.91  966.21  1.09  283.84  1.16
28167.0  19.550  16.760  3.650  12.51  295.54  83.60  966.75  1.15  282.40  1.06
28168.0  19.530  16.870  3.750  12.59  295.47  84.30  967.36  1.17  275.63  0.89
28169.0  19.490  16.960  3.580  12.66  295.38  85.01  967.97  1.10  268.42  0.90
28170.0  19.540  17.030  3.610  12.71  295.38  85.16  968.43  1.10  252.91  0.89
28171.0  19.480  17.100  3.450  12.75  295.28  85.82  968.96  1.03  243.58  0.74
28172.0  19.490  17.130  3.470  12.78  295.25  85.99  969.37  1.01  239.97  0.70
28173.0  19.520  17.170  3.470  12.80  295.25  85.98  969.84  1.00  231.66  0.58
28174.0  19.570  17.200  3.460  12.83  295.27  85.94  970.06  0.93  216.63  0.44
28175.0  19.530  17.230  3.450  12.84  295.20  86.27  970.49  0.89  198.94  0.35
28176.0  19.570  17.250  3.410  12.86  295.20  86.20  970.89  0.78  167.29  0.31
28177.0  19.570  17.290  3.420  12.88  295.17  86.35  971.29  0.64  178.44  0.34
28178.0  19.620  17.310  3.440  12.90  295.18  86.24  971.76  0.67  188.10  0.45
28179.0  19.570  17.350  3.450  12.92  295.09  86.76  972.22  0.61  189.86  0.46
28180.0  19.590  17.380  3.520  12.94  295.08  86.79  972.57  0.57  176.43  0.49
28181.0  19.600  17.390  3.490  12.95  295.07  86.80  972.79  0.59  185.50  0.41
28182.0  19.600  17.380  3.480  12.93  295.03  86.75  973.16  0.62  189.94  0.49
28183.0  19.600  17.370  3.450  12.92  294.99  86.70  973.67  0.67  204.75  0.39
28184.0  19.600  17.370  3.450  12.91  294.96  86.66  974.06  0.78  205.62  0.38
28185.0  19.640  17.360  3.450  12.90  294.95  86.45  974.62  0.94  186.98  0.42
28186.0  19.640  17.360  3.440  12.89  294.92  86.43  975.05  0.98  -9999.00  -9999.00
28187.0  19.630  17.370  3.430  12.89  294.86  86.51  975.53  1.10  190.95  0.52
28188.0  19.590  17.360  3.430  12.88  294.76  86.70  976.16  -9999.00  -9999.00  -9999.00
28189.0  19.540  17.370  3.440  12.87  294.65  87.02  976.97  12.05  195.16  1.19
28190.0  19.540  17.370  3.360  12.87  294.60  87.02  977.61  32.44  188.78  1.15
28191.0  19.520  17.370  3.370  12.86  294.53  87.16  978.11  32.36  187.19  1.24
28192.0  19.490  17.380  3.400  12.86  294.45  87.36  978.62  32.29  183.51  1.24
28193.0  19.490  17.390  3.480  12.86  294.42  87.42  979.01  32.15  178.50  1.37
28194.0  19.400  17.420  3.440  12.88  294.30  88.04  979.44  31.93  174.65  1.59
28195.0  19.310  17.440  3.540  12.89  294.17  88.71  979.81  31.79  174.10  1.80
28196.0  19.240  17.460  3.460  12.91  294.08  89.23  980.06  31.76  169.87  1.76
28197.0  19.240  17.490  3.470  12.93  294.05  89.39  980.40  31.72  164.98  1.81
28198.0  19.180  17.500  3.510  12.93  293.96  89.82  980.81  31.58  162.32  2.11
28199.0  19.170  17.530  3.520  12.95  293.92  90.02  981.22  31.12  161.54  2.19
28200.0  19.140  17.560  3.500  12.97  293.85  90.35  981.64  30.56  162.26  2.08
28201.0  19.200  17.570  3.400  12.97  293.86  90.08  982.16  30.23  162.96  2.00
28202.0  19.230  17.590  3.460  12.99  293.87  90.01  982.48  30.23  164.60  1.92
28203.0  19.230  17.620  3.410  13.01  293.84  90.20  982.77  30.01  164.15  2.10
28204.0  19.230  17.660  3.340  13.03  293.82  90.39  983.06  29.70  158.34  2.15
28205.0  19.220  17.690  3.350  13.06  293.79  90.68  983.26  29.44  159.37  2.10
28206.0  19.190  17.710  3.360  13.07  293.74  90.96  983.48  29.18  161.13  2.05
28207.0  19.210  17.750  3.200  13.10  293.75  91.05  983.56  28.85  155.66  2.18
28208.0  19.080  17.770  3.180  13.12  293.59  91.97  983.99  27.97  152.74  2.27
28209.0  19.150  17.810  3.260  13.14  293.64  91.76  984.27  27.38  154.02  2.20
28210.0  19.200  17.840  3.210  13.17  293.68  91.67  984.23  27.04  152.06  2.84
28211.0  19.100  17.850  3.280  13.18  293.59  92.30  984.12  26.87  159.77  1.73
28212.0  19.050  17.860  3.160  13.18  293.53  92.61  984.37  26.54  165.92  1.51
28213.0  19.080  17.860  3.120  13.17  293.49  92.48  985.11  26.11  157.38  2.25
28214.0  19.030  17.870  3.120  13.17  293.39  92.82  985.79  25.69  157.25  2.32
28215.0  19.020  17.870  3.100  13.17  293.32  92.95  986.36  25.33  161.87  2.46
28216.0  19.030  17.870  3.020  13.15  293.27  92.84  987.12  24.70  159.34  2.63
28217.0  18.990  17.870  3.110  13.15  293.16  93.08  988.02  24.30  160.20  2.64
28218.0  18.910  17.870  3.080  13.14  293.03  93.57  988.54  23.84  155.07  2.01
28219.0  18.940  17.870  2.910  13.13  293.00  93.40  989.21  23.55  152.02  1.76
28220.0  18.900  17.860  2.950  13.11  292.89  93.56  989.98  23.38  149.94  1.65
28221.0  18.890  17.850  3.010  13.09  292.85  93.52  990.45  23.13  145.43  1.58
28222.0  18.820  17.840  3.050  13.08  292.74  93.92  990.96  22.72  139.14  1.37
28223.0  18.730  17.820  2.960  13.05  292.59  94.31  991.67  22.21  116.78  1.36
28224.0  18.680  17.830  3.000  13.05  292.51  94.70  991.96  21.66  120.25  1.07
28225.0  18.650  17.840  2.900  13.06  292.45  94.93  992.42  21.25  141.57  1.17
28226.0  18.670  17.840  2.900  13.06  292.43  94.84  992.80  20.63  144.14  1.27
28227.0  18.690  17.850  2.820  13.06  292.42  94.75  993.18  20.13  139.16  1.41
28228.0  18.680  17.830  2.700  13.03  292.38  94.68  993.57  19.68  136.84  1.68
28229.0  18.800  17.830  2.770  13.03  292.47  94.00  993.90  19.32  136.35  2.15
28230.0  18.800  17.830  2.710  13.03  292.43  93.99  994.34  18.89  134.04  2.31
28231.0  18.930  17.830  2.850  13.02  292.51  93.19  994.94  18.66  134.66  2.73
28232.0  18.920  17.850  2.750  13.03  292.46  93.35  995.43  18.16  139.45  3.08
28233.0  18.930  17.850  2.810  13.02  292.44  93.31  995.75  17.74  141.80  3.39
28234.0  18.920  17.870  2.780  13.04  292.41  93.51  996.01  17.50  137.80  3.57
28235.0  18.950  17.900  2.750  13.06  292.42  93.53  996.27  17.39  142.54  3.94
28236.0  18.930  17.900  2.750  13.06  292.39  93.61  996.41  17.05  144.55  3.92
28237.0  18.980  17.920  2.740  13.06  292.41  93.43  996.77  16.63  141.73  4.26
28238.0  18.990  17.930  2.640  13.07  292.41  93.45  996.87  16.23  141.73  4.38
28239.0  18.970  17.950  2.610  13.09  292.40  93.70  996.72  15.69  141.86  4.29
28240.0  19.050  17.970  2.600  13.11  292.45  93.31  997.13  15.20  141.31  4.68
28241.0  19.030  17.960  2.660  13.11  292.47  93.39  996.70  14.93  141.12  4.25
28242.0  19.000  17.980  2.530  13.13  292.51  93.67  995.84  15.17  144.03  3.00
28243.0  19.010  17.990  2.350  13.15  292.56  93.70  995.31  14.90  152.33  2.15
28244.0  19.060  17.980  2.340  13.14  292.64  93.31  995.04  14.85  142.83  1.65
