flight/WP3D/AircraftMis_NP3_20130626_RA.ict
41  1001
Ken Aikin
NOAA ESRL Chemical Sciences Division
various aircraft sensors
SENEX 2013
1  1
2013  06  26  2013  06  26
1
AOCTimewave
8
1  1  1  1  1  1  1  1
-9999  -9999  -9999  -9999  -9999  -9999  -9999  -9999
Attack  deg
CabinPrs  mbar
GndSpd  m/s
Heading  deg
Pitch  deg
Roll  deg
Slip  deg
TrueAirSpd  m/s
1
SPECIAL COMMENTS:Fayetteville shale flight.
18
PI_CONTACT_INFO: Address: NOAA ESRL Chemical Sciences Division  Mail Stop R/CSD7  325 Broadway  Boulder  CO 80305
PLATFORM: NOAA WP-3D
LOCATION: The aircraft was stationed in  Smyrna  Tennessee. Aircraft location information in AircraftPosition file.
ASSOCIATED_DATA: N/A
INSTRUMENT_INFO: N/A
DATA_INFO: Units: Attack degrees; CabinPrs millibar; GndSpd m/s; Heading degrees; Pitch degrees; Roll degrees; Slip degrees; TrueAirSpd m/s
UNCERTAINTY: N/A
ULOD_FLAG: -7777
ULOD_VALUE: N/A
LLOD_FLAG: -8888
LLOD_VALUE: N/A
DM_CONTACT_INFO: Data Manager:Ken Aikin; email:Kenneth.C.Aikin@noaa.gov
PROJECT_INFO: SENEX 2013 Study; June 1 - July 15  2013
STIPULATIONS_ON_USE: Use of these data require prior ok from PI.
OTHER_COMMENTS:       None
REVISION: RA
RA: Preliminary Data.  For in-field use.
AOCTimewave  Attack  CabinPrs  GndSpd  Heading  Pitch  Roll  Slip  TrueAirSpd
[from data line 11605]
65473.0  1.7  938.0  123.7  49.2  6.11  -0.58  -1.09  117.6
65474.0  2.1  938.1  123.4  48.9  6.54  -0.92  -0.78  118.0
65475.0  1.6  937.5  123.1  49.2  6.64  -1.47  -1.22  117.6
65476.0  1.6  936.9  123.0  49.4  6.19  -1.67  -1.08  117.8
65477.0  0.8  937.1  122.9  49.4  4.98  -1.43  -1.02  119.2
65478.0  0.8  937.6  123.1  49.4  4.89  -1.74  -0.97  118.6
65479.0  2.3  936.9  123.0  49.5  5.76  -1.92  -1.79  118.2
65480.0  1.6  937.2  122.9  49.1  5.13  -1.99  -1.27  118.1
65481.0  1.3  937.0  123.0  48.4  4.80  -1.69  -0.22  117.6
65482.0  1.8  936.5  123.1  48.6  5.09  -1.42  -0.41  116.6
65483.0  1.7  936.8  123.1  49.3  5.07  -1.67  -1.53  116.4
65484.0  1.2  936.8  123.3  49.3  4.74  -2.93  -0.92  117.3
65485.0  2.4  936.2  123.3  48.9  5.41  -4.57  -0.77  117.9
65486.0  1.9  935.8  123.2  48.7  5.44  -6.48  -0.99  118.8
65487.0  2.0  936.3  123.2  48.6  5.76  -8.62  -1.56  117.9
65488.0  1.9  936.0  123.1  48.0  5.90  -8.93  -1.29  118.7
65489.0  1.0  935.7  123.0  46.9  5.77  -10.73  -1.13  117.6
65490.0  1.4  935.4  123.0  45.8  6.51  -12.58  -1.73  117.1
65491.0  2.3  935.6  122.7  44.3  7.17  -10.15  -1.08  117.9
65492.0  1.7  935.2  122.4  43.3  6.56  -8.01  -0.42  117.3
65493.0  1.7  935.3  122.3  43.0  6.46  -7.67  -0.75  116.9
65494.0  2.1  934.8  122.1  42.9  6.74  -7.60  -1.42  115.2
65495.0  2.5  935.0  121.8  42.4  7.12  -6.37  -1.35  115.1
65496.0  1.9  934.5  121.5  41.7  6.57  -4.90  -0.40  115.2
65497.0  0.5  934.2  121.6  41.5  5.66  -3.36  -0.28  115.8
65498.0  1.7  934.5  121.5  41.6  7.09  -2.96  -1.36  114.7
65499.0  2.3  934.1  121.3  41.3  7.81  -3.11  -1.88  113.9
65500.0  2.2  934.0  120.8  40.4  8.13  -2.83  -2.08  113.6
65501.0  2.2  933.9  120.5  38.9  8.01  -0.26  -1.25  113.0
65502.0  1.9  933.4  120.1  37.3  7.76  1.27  0.99  112.8
65503.0  1.9  933.7  119.8  37.6  8.21  0.94  0.45  112.1
65504.0  2.6  933.1  119.3  39.1  8.78  -0.06  0.31  113.1
65505.0  2.7  933.2  118.8  40.9  8.71  -0.06  -1.24  111.6
65506.0  1.9  932.7  118.4  41.7  7.84  0.75  -2.08  111.3
65507.0  1.5  932.9  118.3  40.9  6.92  0.54  -1.21  111.0
65508.0  1.7  933.0  118.3  39.8  6.58  -1.10  -0.08  111.6
65509.0  2.4  932.6  118.2  39.8  7.40  -1.70  -0.89  111.1
65510.0  2.4  933.2  117.9  39.9  7.40  -0.66  -0.71  110.6
65511.0  1.8  932.3  117.8  39.9  6.62  -0.66  -0.68  110.5
65512.0  1.9  932.6  117.9  39.8  6.26  -0.54  -1.18  110.2
65513.0  2.3  933.0  117.9  39.6  6.60  1.18  -1.33  109.6
65514.0  2.1  932.2  118.0  39.0  6.04  1.91  -0.70  110.3
65515.0  2.1  932.0  118.0  38.7  6.14  1.84  -0.29  110.3
65516.0  2.0  932.5  118.1  38.9  5.60  1.40  -0.55  110.6
65517.0  2.2  932.2  118.3  39.2  5.20  1.26  -0.43  110.4
65518.0  2.1  932.1  118.5  39.8  5.01  1.47  -0.79  112.1
65519.0  1.8  932.4  118.8  40.1  4.49  1.69  -1.08  111.8
65520.0  2.0  932.2  119.1  40.1  4.39  1.00  -1.30  112.0
65521.0  2.3  932.2  119.4  39.7  4.47  0.22  -1.31  111.7
65522.0  2.4  932.2  119.7  39.1  4.60  -0.26  -0.82  111.3
65523.0  1.8  932.8  120.0  38.7  4.13  -0.88  -0.62  112.6
65524.0  2.2  932.3  120.3  38.6  4.18  -1.03  -0.27  112.1
65525.0  2.1  932.4  120.6  39.0  4.34  -1.38  -1.36  112.0
65526.0  1.9  931.9  121.0  38.9  3.98  -1.09  -1.21  112.4
65527.0  2.2  932.1  121.2  38.5  4.61  -0.75  -1.13  113.7
65528.0  2.2  932.5  121.4  38.1  4.66  -0.17  0.02  114.3
65529.0  2.1  932.0  121.6  38.2  4.86  0.91  0.20  115.4
65530.0  2.5  931.9  121.6  39.0  5.38  1.64  -0.61  116.2
65531.0  1.6  931.5  121.8  39.7  4.28  0.16  -0.79  113.8
65532.0  1.6  932.1  122.1  40.0  3.88  -0.20  -1.28  114.2
65533.0  1.7  931.6  122.4  39.8  3.82  -0.23  -1.30  115.8
65534.0  1.7  931.3  122.7  39.4  3.73  -1.07  -0.40  116.4
65535.0  2.5  931.9  122.9  39.6  4.61  -2.06  -1.73  116.1
65536.0  2.1  931.2  123.1  39.4  4.62  -3.75  -1.44  117.2
65537.0  1.9  932.0  123.2  38.7  4.66  -6.54  -1.12  117.4
65538.0  1.8  931.5  123.3  38.1  4.75  -8.52  -1.43  115.7
65539.0  2.2  931.3  123.4  37.1  5.00  -10.31  -2.11  114.2
65540.0  2.2  930.9  123.5  35.4  5.06  -9.84  -1.66  113.6
65541.0  1.7  931.3  123.6  33.8  4.37  -9.01  -1.17  113.2
65542.0  2.0  931.3  123.7  32.3  4.29  -8.42  -0.75  113.4
65543.0  2.0  931.3  123.9  31.4  4.37  -7.97  -0.63  113.5
65544.0  1.8  931.2  124.0  31.1  4.22  -7.02  -0.86  114.3
65545.0  1.9  931.3  124.2  30.8  4.14  -6.02  -0.86  114.9
65546.0  2.3  931.1  124.4  30.6  4.55  -4.40  -1.00  114.7
65547.0  2.4  931.4  124.5  30.3  4.92  -1.60  -0.90  114.8
65548.0  2.1  931.0  124.6  30.1  4.91  0.78  -0.58  114.9
65549.0  2.1  930.8  124.7  30.1  4.89  1.78  -0.57  115.3
65550.0  2.0  931.2  124.8  30.5  4.87  2.44  -0.77  115.3
65551.0  2.0  931.0  125.0  30.9  4.75  3.30  -0.87  115.7
65552.0  1.5  931.0  125.2  31.0  3.90  4.03  -0.75  115.7
65553.0  1.8  930.6  125.6  31.2  3.67  4.28  -0.64  116.2
65554.0  2.0  931.4  125.9  31.6  4.14  3.78  -0.65  116.5
65555.0  1.7  930.9  126.2  32.2  3.94  3.02  -1.08  116.5
65556.0  1.8  931.4  126.5  32.5  3.98  1.52  -1.39  116.7
65557.0  2.0  930.8  126.7  32.4  4.36  0.29  -1.01  117.0
65558.0  2.0  930.9  126.9  32.2  4.75  -1.10  -1.10  117.1
65559.0  2.1  931.0  126.9  32.2  4.97  -2.31  -1.40  117.8
65560.0  1.8  931.1  126.9  31.8  4.81  -3.00  -1.20  118.3
65561.0  1.8  930.3  126.9  31.4  4.75  -2.83  -0.77  118.9
65562.0  1.9  931.1  126.9  31.3  4.82  -2.33  -0.62  119.3
65563.0  1.9  930.3  126.9  31.5  4.94  -2.26  -0.85  119.3
65564.0  1.8  930.5  126.9  31.7  5.07  -3.19  -1.25  119.4
65565.0  1.7  930.4  126.8  31.6  5.06  -3.94  -1.32  120.1
65566.0  1.7  930.6  126.7  31.2  5.07  -4.31  -1.14  120.4
65567.0  1.6  930.2  126.7  30.6  5.09  -4.08  -0.88  120.2
65568.0  1.6  930.7  126.6  30.4  5.08  -2.88  -0.79  120.2
65569.0  1.8  930.7  126.5  30.4  5.25  -1.42  -0.79  120.5
65570.0  1.8  930.2  126.4  30.5  5.59  0.29  -0.99  120.5
65571.0  1.9  930.8  126.2  30.6  6.04  1.78  -0.83  120.5
65572.0  2.1  930.4  125.9  30.8  6.53  1.81  -0.82  121.0
65573.0  2.0  930.8  125.6  31.2  6.79  1.49  -1.06  120.8
65574.0  1.9  930.4  125.2  31.5  6.97  1.36  -1.21  120.1
65575.0  1.9  930.5  124.9  31.5  7.10  1.20  -0.99  119.6
65576.0  1.5  930.7  124.5  31.5  6.74  0.61  -0.63  119.3
65577.0  1.4  930.2  124.3  31.8  6.16  -0.27  -0.84  119.4
65578.0  1.6  930.1  124.2  32.2  6.13  -0.91  -1.23  119.2
65579.0  2.0  930.5  123.9  32.2  6.61  -1.10  -1.20  118.6
65580.0  2.0  930.4  123.6  32.0  6.79  -1.56  -0.94  118.3
65581.0  2.2  930.8  123.3  32.0  7.13  -2.55  -1.02  118.1
65582.0  2.3  930.4  122.8  32.1  7.68  -3.38  -1.24  117.9
65583.0  1.9  930.5  122.3  32.0  7.51  -3.91  -1.32  118.1
65584.0  1.9  930.4  121.9  31.6  7.37  -4.65  -1.30  117.7
65585.0  2.2  930.1  121.4  31.1  7.70  -5.71  -1.38  117.6
65586.0  2.1  930.1  120.9  30.4  7.73  -6.09  -1.13  117.6
65587.0  1.9  930.1  120.4  29.8  7.58  -5.27  -0.70  117.1
65588.0  2.0  930.6  120.0  29.4  7.59  -4.12  -0.66  116.5
65589.0  2.1  930.1  119.5  29.3  7.71  -3.33  -0.77  116.2
65590.0  2.0  929.9  119.1  29.3  7.58  -3.18  -0.87  116.3
65591.0  2.0  930.2  118.7  29.3  7.43  -3.52  -0.98  116.1
65592.0  2.2  930.4  118.3  29.1  7.60  -3.68  -1.11  115.8
65593.0  2.1  930.2  117.9  28.8  7.50  -3.66  -0.98  115.6
65594.0  2.0  930.5  117.6  28.4  7.24  -3.04  -0.75  115.4
65595.0  2.0  930.5  117.3  28.1  7.06  -1.87  -0.64  115.4
65596.0  1.8  930.2  117.1  28.0  6.70  -0.45  -0.57  115.3
65597.0  1.9  930.7  116.9  28.0  6.35  0.04  -0.69  115.2
65598.0  2.0  930.8  116.8  28.1  6.25  1.25  -0.60  115.5
65599.0  1.9  930.9  116.7  28.3  5.91  4.31  -0.31  115.8
65600.0  2.0  930.5  116.7  28.8  5.75  4.68  -0.31  116.0
65601.0  2.2  930.6  116.7  29.6  5.80  3.22  -0.85  116.2
65602.0  2.2  930.7  116.6  30.4  5.82  1.59  -1.35  116.4
65603.0  2.0  930.8  116.6  30.5  5.60  1.45  -1.28  116.3
65604.0  2.2  930.3  116.6  30.1  5.72  1.44  -0.77  116.5
65605.0  2.2  930.8  116.5  30.0  5.76  1.04  -0.57  116.5
65606.0  2.1  930.7  116.4  30.3  5.62  0.61  -0.79  116.5
65607.0  2.1  930.5  116.4  30.6  5.64  0.75  -0.98  116.5
65608.0  2.2  930.3  116.3  30.7  5.83  2.21  -0.84  116.6
65609.0  2.5  930.8  116.2  30.8  6.26  3.01  -0.66  116.5
65610.0  2.3  930.6  116.0  31.1  6.37  2.73  -0.74  116.4
65611.0  2.2  930.6  115.9  31.6  6.35  2.42  -0.90  116.4
65612.0  2.2  930.4  115.7  31.9  6.31  2.23  -0.98  116.3
65613.0  2.3  930.4  115.6  32.1  6.60  2.09  -0.97  116.2
65614.0  2.4  930.4  115.3  32.3  6.81  2.09  -0.91  115.9
65615.0  2.3  930.4  115.1  32.4  6.80  2.91  -0.74  115.7
65616.0  2.2  930.4  114.9  32.6  6.73  4.04  -0.58  115.5
65617.0  2.3  930.6  114.7  32.9  6.68  4.30  -0.60  115.4
65618.0  2.4  930.9  114.6  33.5  6.83  3.78  -0.85  115.1
65619.0  2.4  930.7  114.3  34.0  6.93  3.02  -1.04  115.0
65620.0  2.3  930.6  114.1  34.3  6.86  2.27  -1.08  114.8
65621.0  2.2  930.6  113.9  34.3  6.68  1.03  -0.98  114.8
65622.0  2.2  930.7  113.8  34.3  6.58  -0.32  -0.91  114.7
65623.0  2.3  930.9  113.6  34.3  6.51  -1.41  -0.98  114.5
65624.0  2.2  931.0  113.5  34.2  6.32  -2.31  -1.03  114.5
65625.0  2.2  931.0  113.4  34.0  6.16  -2.63  -1.01  114.3
65626.0  2.3  930.9  113.3  33.7  6.17  -2.59  -0.91  114.4
65627.0  2.3  931.0  113.1  33.4  6.06  -2.43  -0.84  114.4
65628.0  2.2  930.9  113.1  33.3  5.84  -2.15  -0.84  114.5
65629.0  2.4  930.8  113.0  33.2  5.80  -1.77  -0.85  114.5
65630.0  2.5  930.9  113.0  33.1  5.96  -2.11  -0.95  114.6
65631.0  2.4  931.1  112.9  33.0  5.94  -2.18  -1.03  114.7
65632.0  2.0  931.1  112.9  32.8  5.21  -2.07  -0.99  114.8
65633.0  2.1  930.8  112.9  32.5  4.97  -2.49  -0.86  114.8
65634.0  2.3  930.8  113.0  32.3  5.11  -2.72  -0.82  114.9
65635.0  2.5  931.2  113.0  32.1  5.28  -2.55  -0.87  115.0
65636.0  2.5  931.0  113.1  32.1  5.33  -2.56  -0.87  114.8
65637.0  2.4  930.8  113.1  32.0  5.26  -2.97  -0.84  114.8
65638.0  2.4  931.0  113.1  32.0  5.32  -2.95  -0.90  114.8
65639.0  2.3  931.1  113.1  31.9  5.03  -2.48  -0.87  114.8
65640.0  2.2  930.6  113.3  31.8  4.77  -1.92  -0.90  115.1
65641.0  2.3  931.0  113.4  31.6  4.82  -1.44  -0.75  115.2
65642.0  2.2  931.0  113.5  31.6  4.58  -1.07  -0.71  115.2
65643.0  2.5  931.0  113.6  31.6  4.67  -0.55  -0.67  115.2
65644.0  2.4  930.7  113.8  31.8  4.60  0.38  -0.80  115.4
65645.0  2.2  931.1  114.0  31.9  4.17  1.39  -0.82  115.8
65646.0  2.2  930.8  114.2  32.0  4.04  2.00  -0.74  116.1
65647.0  2.1  931.0  114.5  32.1  3.87  2.55  -0.70  116.3
65648.0  2.4  931.2  114.7  32.4  4.05  3.61  -0.62  116.4
65649.0  2.2  930.9  115.0  32.7  3.89  5.22  -0.54  116.5
65650.0  2.1  931.5  115.3  33.2  3.55  6.93  -0.46  116.7
65651.0  2.2  930.9  115.6  33.8  3.47  7.49  -0.58  116.9
65652.0  2.1  931.5  116.0  34.5  3.25  7.05  -0.72  117.2
65653.0  2.3  931.1  116.4  35.2  3.38  6.31  -0.95  117.5
65654.0  2.3  931.4  116.7  35.7  3.51  5.28  -0.93  117.7
65655.0  2.1  931.3  117.1  36.0  3.22  4.29  -0.93  118.2
65656.0  2.2  931.6  117.4  36.3  3.34  3.46  -0.84  118.4
65657.0  2.3  931.1  117.7  36.5  3.54  3.08  -0.81  118.7
65658.0  2.1  931.8  118.0  36.8  3.41  2.85  -0.77  118.9
65659.0  2.0  931.2  118.3  37.0  3.23  2.67  -0.80  119.2
65660.0  1.9  931.3  118.6  37.3  3.09  2.53  -0.83  119.4
65661.0  2.0  931.2  119.0  37.5  3.01  2.25  -0.82  119.6
65662.0  2.0  931.6  119.3  37.7  3.12  1.06  -0.91  119.8
65663.0  2.1  931.6  119.6  37.8  3.19  -0.35  -1.03  120.1
65664.0  2.2  931.1  119.9  37.9  3.49  -2.12  -1.18  120.4
65665.0  2.2  931.6  120.1  37.7  3.61  -3.91  -1.25  120.5
65666.0  2.0  931.0  120.3  37.3  3.51  -5.41  -1.18  120.8
65667.0  1.8  931.3  120.5  36.7  3.17  -6.42  -0.99  121.0
65668.0  1.9  931.0  120.7  36.2  3.12  -6.76  -0.88  121.3
65669.0  2.1  931.1  120.9  35.7  3.36  -6.50  -0.94  121.5
65670.0  2.0  931.3  121.1  35.3  3.41  -5.81  -0.99  121.7
65671.0  1.7  930.9  121.3  35.0  2.91  -5.17  -0.95  122.0
65672.0  1.7  931.8  121.6  34.5  2.74  -5.01  -0.85  122.3
65673.0  1.8  931.1  121.8  34.2  2.74  -5.12  -0.86  122.6
65674.0  1.4  930.9  122.2  33.9  2.11  -5.21  -0.94  123.0
65675.0  1.5  931.6  122.5  33.6  1.80  -5.27  -0.92  123.1
65676.0  1.9  931.1  122.9  33.2  2.22  -5.10  -0.84  123.5
65677.0  2.2  932.0  123.2  32.9  2.97  -3.89  -0.88  123.5
65678.0  2.4  931.7  123.4  32.7  3.67  -3.29  -0.95  123.6
65679.0  2.4  931.2  123.4  32.5  4.34  -3.97  -1.06  124.0
65680.0  2.3  931.5  123.4  32.4  4.89  -4.63  -1.12  123.7
65681.0  1.7  930.7  123.2  32.1  4.48  -4.74  -1.22  123.6
65682.0  1.4  931.2  123.3  31.6  3.87  -4.52  -0.90  123.9
65683.0  1.7  930.8  123.3  31.0  3.96  -4.05  -0.58  123.8
65684.0  1.5  931.7  123.4  30.8  3.56  -3.61  -0.59  123.9
65685.0  1.3  931.1  123.6  30.9  2.95  -2.94  -0.82  124.1
65686.0  1.6  931.9  123.8  30.8  3.06  -2.12  -0.84  124.5
65687.0  1.4  931.3  124.0  30.7  2.59  -2.06  -0.84  124.7
65688.0  1.6  931.4  124.2  30.5  2.60  -2.44  -0.78  124.8
65689.0  1.8  931.1  124.3  30.6  2.72  -2.19  -0.93  124.7
65690.0  2.1  931.5  124.4  30.8  3.19  -1.52  -1.12  124.5
65691.0  2.1  931.7  124.3  30.7  3.49  -1.12  -1.11  124.5
65692.0  1.6  931.8  124.3  30.5  2.99  -1.29  -0.95  124.5
65693.0  1.1  931.2  124.4  30.4  2.11  -1.92  -0.86  124.7
65694.0  0.8  931.9  124.7  30.3  0.89  -2.26  -0.81  125.0
65695.0  1.5  931.7  125.0  30.3  1.01  -1.78  -0.81  125.3
65696.0  1.7  931.6  125.3  30.3  1.20  -0.85  -0.83  125.5
65697.0  1.7  932.4  125.6  30.4  1.13  0.20  -0.90  125.8
65698.0  1.8  931.7  125.8  30.5  1.23  0.49  -0.97  126.1
65699.0  1.9  931.8  126.1  30.6  1.55  -0.05  -0.97  126.3
65700.0  1.8  931.8  126.3  30.7  1.67  -1.35  -1.14  126.6
65701.0  1.8  931.2  126.5  30.6  1.92  -1.57  -1.13  126.7
65702.0  1.7  931.9  126.6  30.4  1.98  -0.79  -0.95  126.9
65703.0  1.7  931.2  126.7  30.3  1.98  -0.14  -0.72  126.9
65704.0  1.7  931.9  126.8  30.5  2.11  0.43  -0.84  127.1
65705.0  1.8  931.2  126.9  30.7  2.26  1.17  -0.94  127.1
65706.0  1.6  931.9  127.0  30.9  2.21  1.64  -0.93  127.2
65707.0  1.8  931.7  127.0  31.1  2.53  3.10  -0.80  127.1
65708.0  1.5  931.3  127.1  31.3  2.38  4.91  -0.69  127.1
65709.0  1.3  931.9  127.2  31.6  1.73  6.35  -0.60  127.2
65710.0  1.6  931.6  127.4  32.3  1.94  8.70  -0.54  127.0
65711.0  1.2  931.8  127.6  33.0  1.25  11.01  -0.44  127.2
65712.0  1.4  931.6  127.9  33.9  0.92  12.05  -0.56  127.4
65713.0  1.6  932.3  128.2  35.1  0.99  9.54  -0.91  127.6
65714.0  1.6  931.5  128.5  36.4  0.90  8.86  -1.35  127.8
65715.0  1.7  932.3  128.8  37.2  1.06  8.50  -1.32  127.8
65716.0  1.8  931.7  129.1  37.7  1.28  6.59  -1.14  128.0
65717.0  1.9  932.4  129.3  38.2  1.69  4.57  -1.17  128.1
65718.0  2.0  931.5  129.4  38.7  2.23  3.87  -1.27  128.0
65719.0  1.8  931.9  129.5  39.1  2.29  2.49  -1.35  128.1
65720.0  1.6  931.4  129.6  39.2  2.35  0.24  -1.37  128.3
65721.0  2.0  931.8  129.6  39.2  2.86  -1.37  -1.34  128.4
65722.0  2.0  931.5  129.5  39.2  3.31  -2.32  -1.39  128.3
65723.0  1.4  932.2  129.3  39.0  2.97  -3.04  -1.35  128.2
65724.0  1.1  931.7  129.3  38.7  2.28  -3.30  -1.13  128.2
65725.0  1.5  931.7  129.3  38.4  2.59  -3.38  -1.18  128.6
65726.0  1.8  931.2  129.2  38.2  3.09  -3.31  -1.33  128.7
65727.0  2.1  931.3  129.0  37.9  3.97  -3.15  -1.30  128.9
65728.0  2.0  931.9  128.8  37.6  4.60  -2.98  -1.24  128.5
65729.0  1.7  931.5  128.5  37.3  4.78  -2.90  -1.04  128.4
65730.0  1.4  931.3  128.2  37.1  4.46  -3.12  -0.90  128.0
65731.0  1.8  931.6  127.9  37.0  5.05  -3.52  -0.98  127.2
65732.0  1.7  931.6  127.6  36.9  5.18  -4.85  -0.93  126.6
65733.0  1.8  931.9  127.3  36.7  5.39  -5.87  -0.84  126.0
65734.0  1.9  931.7  127.0  36.6  5.58  -6.50  -1.10  125.5
65735.0  1.9  931.9  126.6  36.3  5.72  -6.93  -1.20  125.3
65736.0  1.8  931.7  126.3  35.7  5.82  -7.34  -1.08  124.9
65737.0  1.9  931.5  125.9  35.1  5.91  -7.92  -1.13  124.3
65738.0  1.7  931.5  125.5  34.6  5.69  -8.35  -1.05  123.9
65739.0  1.1  931.5  125.3  34.2  4.50  -8.07  -0.96  123.5
