flight/WP3D/AircraftPos_NP3_20130625_RA.ict
39  1001
Ken Aikin
NOAA ESRL Chemical Sciences Division
various aircraft sensors
SENEX 2013
1  1
2013  06  25  2013  06  25
1
AOCTimewave  sec
5
1  1  1  1  1 
-9999  -9999  -9999  -9999  -9999
GpsLat  deg
GpsLon  deg
GpsAlt  m
PAlt  m
RAlt  m
1
Haynesville flight. Default DewPtTemp was bad from 19:39:53-19:47:27. Also affected H2Omr  RelHumidity  PotTemp.
19
PI_CONTACT_INFO: Address: NOAA ESRL Chemical Sciences Division  Mail Stop R/CSD7  325 Broadway  Boulder  CO 80305
PLATFORM: NOAA WP-3D
LOCATION: The aircraft was stationed in Smyrna  Tennessee. Aircraft location information in AircraftPosition file.
ASSOCIATED_DATA: N/A
INSTRUMENT_INFO: N/A
DATA_INFO: Units:GpsLat:decimal degrees; GpsLon: decimal degrees; GpsAlt: meters; PAlt:meters; RAlt: meters.
UNCERTAINTY: N/A
ULOD_FLAG: -7777
ULOD_VALUE: N/A
LLOD_FLAG: -8888
LLOD_VALUE: N/A
DM_CONTACT_INFO: Data Manager:Ken Aikin; email:Kenneth.C.Aikin@noaa.gov
PROJECT_INFO: SENEX 2013 Study; June 1 - July 15  2013
STIPULATIONS_ON_USE: Use of these data require prior ok from PI.
OTHER_COMMENTS:       None
REVISION: RB
RB: Fixed change in units for PAlt and RAlt.
RA: Preliminary Data.  For in-field use.
AOCTimewave  GpsLat  GpsLon  GpsAlt  PAlt  RAlt
[from data line 5818]
60916.0  32.3666   -93.1707    580.3    489.4    537.1
60917.0  32.3656   -93.1707    580.0    489.9    540.1
60918.0  32.3646   -93.1707    579.1    489.7    535.7
60919.0  32.3636   -93.1706    578.5    487.9    540.2
60920.0  32.3626   -93.1706    577.9    487.8    538.8
60921.0  32.3616   -93.1706    577.9    488.0    536.5
60922.0  32.3606   -93.1706    577.9    486.5    534.2
60923.0  32.3596   -93.1705    577.0    487.0    539.3
60924.0  32.3586   -93.1705    576.7    485.8    539.3
60925.0  32.3576   -93.1705    576.2    485.0    536.4
60926.0  32.3566   -93.1705    575.5    483.9    532.9
60927.0  32.3556   -93.1704    575.5    483.2    532.7
60928.0  32.3546   -93.1704    575.6    484.1    531.6
60929.0  32.3536   -93.1704    576.8    485.8    532.7
60930.0  32.3526   -93.1703    577.9    486.2    539.6
60931.0  32.3516   -93.1703    577.9    486.4    540.4
60932.0  32.3506   -93.1703    577.9    485.6    537.5
60933.0  32.3496   -93.1703    577.9    485.3    537.1
60934.0  32.3486   -93.1702    577.9    486.4    539.8
60935.0  32.3476   -93.1702    577.9    487.5    539.8
60936.0  32.3466   -93.1702    577.9    486.7    540.9
60937.0  32.3456   -93.1701    577.9    485.5    539.0
60938.0  32.3445   -93.1701    577.0    485.7    540.2
60939.0  32.3435   -93.1701    576.7    484.1    542.1
60940.0  32.3425   -93.1700    576.3    484.2    538.6
60941.0  32.3415   -93.1700    575.5    483.1    537.8
60942.0  32.3405   -93.1700    575.5    483.6    535.7
60943.0  32.3395   -93.1700    574.7    483.3    533.2
60944.0  32.3385   -93.1699    575.0    482.4    534.4
60945.0  32.3375   -93.1699    575.5    484.3    533.0
60946.0  32.3365   -93.1699    575.1    482.8    533.5
60947.0  32.3355   -93.1698    574.2    482.4    538.4
60948.0  32.3345   -93.1698    574.2    482.4    532.9
60949.0  32.3335   -93.1698    574.2    483.9    534.8
60950.0  32.3325   -93.1698    573.1    483.2    535.0
60951.0  32.3314   -93.1697    574.1    482.8    533.4
60952.0  32.3304   -93.1697    574.2    482.8    533.1
60953.0  32.3294   -93.1697    574.7    483.9    532.3
60954.0  32.3284   -93.1696    575.5    484.8    532.2
60955.0  32.3274   -93.1696    575.5    486.1    536.5
60956.0  32.3264   -93.1696    575.5    486.0    533.1
60957.0  32.3254   -93.1696    575.5    485.2    535.3
60958.0  32.3244   -93.1695    575.5    485.9    537.6
60959.0  32.3234   -93.1695    575.5    486.4    536.0
60960.0  32.3224   -93.1695    576.5    486.2    536.6
60961.0  32.3214   -93.1695    576.7    487.1    539.9
60962.0  32.3204   -93.1694    577.9    486.3    541.6
60963.0  32.3194   -93.1694    579.1    487.5    541.1
60964.0  32.3184   -93.1694    579.1    487.9    539.2
60965.0  32.3174   -93.1694    579.1    487.6    544.7
60966.0  32.3164   -93.1693    579.1    486.7    542.3
60967.0  32.3154   -93.1693    579.1    487.8    538.9
60968.0  32.3144   -93.1693    579.8    487.5    543.2
60969.0  32.3134   -93.1693    580.3    489.7    544.7
60970.0  32.3123   -93.1693    580.3    489.1    542.4
60971.0  32.3113   -93.1692    580.8    489.3    543.5
60972.0  32.3103   -93.1692    581.6    492.4    543.2
60973.0  32.3093   -93.1692    581.6    491.9    544.5
60974.0  32.3083   -93.1692    580.5    491.4    545.5
60975.0  32.3073   -93.1691    580.0    489.4    542.6
60976.0  32.3063   -93.1691    579.1    489.6    540.8
60977.0  32.3053   -93.1691    578.6    489.7    539.4
60978.0  32.3043   -93.1691    577.9    489.2    541.8
60979.0  32.3033   -93.1690    577.1    486.2    542.5
60980.0  32.3022   -93.1690    576.7    484.9    542.3
60981.0  32.3012   -93.1690    576.7    487.1    533.0
60982.0  32.3002   -93.1689    575.7    487.5    532.2
60983.0  32.2992   -93.1689    574.9    486.7    527.0
60984.0  32.2982   -93.1689    574.2    485.3    527.3
60985.0  32.2972   -93.1689    573.6    484.3    523.6
60986.0  32.2962   -93.1688    573.9    484.5    521.1
60987.0  32.2952   -93.1688    574.2    482.4    524.1
60988.0  32.2942   -93.1688    575.4    484.5    520.0
60989.0  32.2931   -93.1688    575.7    485.2    520.6
60990.0  32.2921   -93.1687    576.7    484.2    526.8
60991.0  32.2911   -93.1687    576.7    487.8    529.4
60992.0  32.2901   -93.1687    576.7    487.2    529.5
60993.0  32.2891   -93.1687    576.7    486.9    523.1
60994.0  32.2881   -93.1686    576.7    486.4    519.5
60995.0  32.2871   -93.1686    576.7    488.0    521.6
60996.0  32.2861   -93.1686    576.7    487.8    517.7
60997.0  32.2851   -93.1685    576.7    485.7    517.7
60998.0  32.2840   -93.1685    577.5    488.2    518.3
60999.0  32.2830   -93.1685    577.9    487.5    525.5
61000.0  32.2820   -93.1684    577.5    486.1    518.3
61001.0  32.2810   -93.1684    576.7    486.2    514.6
61002.0  32.2800   -93.1684    576.7    487.7    517.4
61003.0  32.2790   -93.1683    576.7    486.2    512.8
61004.0  32.2780   -93.1683    575.9    487.3    514.3
61005.0  32.2770   -93.1683    575.5    486.7    513.4
61006.0  32.2759   -93.1682    574.7    484.3    519.7
61007.0  32.2749   -93.1682    574.2    484.3    522.9
61008.0  32.2739   -93.1682    575.1    485.7    524.3
61009.0  32.2729   -93.1681    575.0    485.0    525.8
61010.0  32.2719   -93.1681    575.1    484.4    523.6
61011.0  32.2709   -93.1681    575.5    484.6    526.6
61012.0  32.2699   -93.1680    575.5    484.9    523.6
61013.0  32.2689   -93.1680    575.5    485.4    525.0
61014.0  32.2678   -93.1680    575.5    485.9    524.9
61015.0  32.2668   -93.1679    575.5    485.7    527.7
61016.0  32.2658   -93.1679    575.5    484.5    528.4
61017.0  32.2648   -93.1679    576.5    485.9    531.5
61018.0  32.2638   -93.1678    576.5    485.4    529.6
61019.0  32.2628   -93.1678    576.7    484.2    532.0
61020.0  32.2618   -93.1678    575.9    484.3    533.1
61021.0  32.2608   -93.1677    575.5    483.2    524.8
61022.0  32.2598   -93.1677    575.5    484.2    531.7
61023.0  32.2587   -93.1677    574.3    483.1    533.8
61024.0  32.2577   -93.1677    574.2    483.7    531.5
61025.0  32.2567   -93.1676    574.2    483.5    530.6
61026.0  32.2557   -93.1676    574.2    483.6    533.0
61027.0  32.2547   -93.1676    574.2    482.7    529.2
61028.0  32.2537   -93.1676    574.2    481.8    528.5
61029.0  32.2527   -93.1675    574.4    482.9    530.3
61030.0  32.2517   -93.1675    575.5    483.5    535.9
61031.0  32.2507   -93.1675    575.5    484.1    533.1
61032.0  32.2497   -93.1675    576.1    484.8    533.1
61033.0  32.2486   -93.1674    576.7    487.2    533.4
61034.0  32.2476   -93.1674    576.7    486.7    539.2
61035.0  32.2466   -93.1674    575.5    484.6    544.7
61036.0  32.2456   -93.1674    575.5    485.9    538.6
61037.0  32.2446   -93.1674    575.5    485.6    539.8
61038.0  32.2436   -93.1674    575.5    485.1    536.7
61039.0  32.2426   -93.1673    575.5    486.0    536.8
61040.0  32.2416   -93.1673    575.5    484.4    532.6
61041.0  32.2406   -93.1673    576.6    486.3    537.3
61042.0  32.2396   -93.1673    576.7    486.0    541.1
61043.0  32.2386   -93.1673    577.7    487.4    544.7
61044.0  32.2375   -93.1672    577.9    487.4    543.6
61045.0  32.2365   -93.1672    577.9    487.7    545.7
61046.0  32.2355   -93.1672    577.9    488.0    537.0
61047.0  32.2345   -93.1672    576.8    487.5    526.4
61048.0  32.2335   -93.1672    576.7    486.2    528.7
61049.0  32.2325   -93.1672    576.0    484.8    536.2
61050.0  32.2315   -93.1672    575.5    484.4    537.1
61051.0  32.2305   -93.1672    575.5    484.6    533.6
61052.0  32.2295   -93.1672    574.5    484.5    538.7
61053.0  32.2285   -93.1672    574.2    484.1    533.5
61054.0  32.2274   -93.1672    574.2    484.5    529.7
61055.0  32.2264   -93.1672    574.2    484.4    537.5
61056.0  32.2254   -93.1672    575.4    484.9    535.5
61057.0  32.2244   -93.1673    575.5    485.9    531.1
61058.0  32.2234   -93.1673    575.5    485.2    531.5
61059.0  32.2224   -93.1673    576.2    485.6    533.2
61060.0  32.2214   -93.1673    577.2    487.6    535.5
61061.0  32.2204   -93.1673    577.9    487.6    536.4
61062.0  32.2194   -93.1673    577.9    488.4    533.0
61063.0  32.2183   -93.1673    577.8    486.1    526.7
61064.0  32.2173   -93.1674    576.7    486.4    519.7
61065.0  32.2163   -93.1674    576.7    486.6    527.4
61066.0  32.2153   -93.1674    575.9    486.8    532.5
61067.0  32.2143   -93.1674    575.5    485.4    535.1
61068.0  32.2133   -93.1674    574.8    485.2    537.0
61069.0  32.2123   -93.1675    574.2    485.5    537.3
61070.0  32.2113   -93.1675    574.2    483.4    541.5
61071.0  32.2102   -93.1675    574.0    484.6    533.4
61072.0  32.2092   -93.1675    573.0    483.5    529.1
61073.0  32.2082   -93.1675    573.0    483.2    524.7
61074.0  32.2072   -93.1675    573.0    483.2    522.4
61075.0  32.2062   -93.1676    573.0    483.3    523.2
61076.0  32.2052   -93.1676    573.0    483.0    523.7
61077.0  32.2042   -93.1676    573.0    482.9    522.7
61078.0  32.2032   -93.1676    574.2    482.9    516.8
61079.0  32.2022   -93.1676    574.2    483.2    516.3
61080.0  32.2012   -93.1676    574.2    483.8    515.8
61081.0  32.2001   -93.1676    573.9    483.9    516.2
61082.0  32.1991   -93.1676    573.3    483.2    517.4
61083.0  32.1981   -93.1676    574.2    484.5    513.7
61084.0  32.1971   -93.1677    574.2    484.8    512.6
61085.0  32.1961   -93.1677    574.6    484.5    510.8
61086.0  32.1951   -93.1677    575.5    485.8    513.8
61087.0  32.1941   -93.1677    576.6    485.7    520.6
61088.0  32.1931   -93.1677    577.6    486.8    518.7
61089.0  32.1921   -93.1677    577.9    486.8    517.7
61090.0  32.1911   -93.1677    577.9    487.1    516.7
61091.0  32.1901   -93.1677    579.0    488.8    527.1
61092.0  32.1891   -93.1677    579.1    488.5    530.5
61093.0  32.1881   -93.1677    580.0    489.2    528.6
61094.0  32.1871   -93.1677    580.3    490.9    530.0
61095.0  32.1861   -93.1677    580.3    490.3    532.4
61096.0  32.1851   -93.1677    580.3    490.7    531.2
61097.0  32.1841   -93.1677    580.1    491.3    536.5
61098.0  32.1830   -93.1677    579.1    489.0    527.0
61099.0  32.1820   -93.1677    578.0    487.3    532.5
61100.0  32.1810   -93.1677    577.9    487.0    531.7
61101.0  32.1800   -93.1677    577.0    485.9    534.7
61102.0  32.1790   -93.1677    576.7    484.7    533.8
61103.0  32.1780   -93.1677    576.5    484.9    537.6
61104.0  32.1770   -93.1677    575.5    485.6    529.4
61105.0  32.1760   -93.1677    574.5    484.1    537.3
61106.0  32.1749   -93.1677    574.2    483.9    533.7
61107.0  32.1739   -93.1677    574.2    485.7    533.9
61108.0  32.1729   -93.1677    575.2    486.3    534.5
61109.0  32.1719   -93.1677    575.5    486.4    536.0
61110.0  32.1709   -93.1677    574.7    485.3    538.7
61111.0  32.1699   -93.1677    574.7    486.4    536.8
61112.0  32.1689   -93.1677    575.5    487.2    537.0
61113.0  32.1679   -93.1677    575.5    486.7    537.1
61114.0  32.1668   -93.1677    576.3    486.4    543.5
61115.0  32.1658   -93.1676    576.7    487.4    546.3
61116.0  32.1648   -93.1676    576.7    486.4    542.7
61117.0  32.1638   -93.1676    576.7    488.5    548.7
61118.0  32.1628   -93.1676    576.6    487.5    550.7
61119.0  32.1617   -93.1676    575.3    484.8    548.3
61120.0  32.1607   -93.1676    574.2    484.3    544.4
61121.0  32.1597   -93.1676    573.5    483.2    545.0
61122.0  32.1587   -93.1676    572.9    481.5    543.0
61123.0  32.1577   -93.1676    571.8    481.0    544.9
61124.0  32.1567   -93.1675    571.8    482.7    547.7
61125.0  32.1556   -93.1675    571.8    481.3    541.6
61126.0  32.1546   -93.1675    571.8    483.9    539.1
61127.0  32.1536   -93.1675    571.8    482.7    538.5
61128.0  32.1526   -93.1675    571.8    479.6    542.9
61129.0  32.1516   -93.1675    572.5    482.3    540.5
61130.0  32.1506   -93.1675    573.4    483.7    542.1
61131.0  32.1496   -93.1675    574.2    484.4    540.8
61132.0  32.1486   -93.1675    574.2    484.9    542.3
61133.0  32.1476   -93.1675    574.4    485.6    541.7
61134.0  32.1465   -93.1676    575.5    487.5    545.8
61135.0  32.1455   -93.1676    575.5    486.0    543.4
61136.0  32.1445   -93.1676    575.5    485.5    541.6
61137.0  32.1435   -93.1676    575.5    484.9    549.1
61138.0  32.1425   -93.1676    575.5    485.3    548.6
61139.0  32.1415   -93.1676    575.5    485.1    549.5
61140.0  32.1405   -93.1676    575.9    484.7    547.8
61141.0  32.1395   -93.1676    576.7    486.2    547.6
61142.0  32.1385   -93.1676    576.7    486.4    547.2
61143.0  32.1375   -93.1676    576.1    484.9    549.9
61144.0  32.1365   -93.1676    575.5    485.0    550.2
61145.0  32.1355   -93.1676    575.5    485.9    547.7
61146.0  32.1344   -93.1676    575.1    485.3    541.2
61147.0  32.1334   -93.1676    574.2    483.5    545.5
61148.0  32.1324   -93.1676    573.6    483.9    543.8
61149.0  32.1314   -93.1676    573.0    483.4    544.6
61150.0  32.1304   -93.1675    573.0    484.1    547.2
61151.0  32.1294   -93.1675    573.0    484.7    540.7
61152.0  32.1284   -93.1675    573.0    486.1    541.3
61153.0  32.1274   -93.1675    574.0    484.7    546.8
61154.0  32.1264   -93.1674    574.2    483.3    547.4
61155.0  32.1254   -93.1674    574.2    483.5    542.3
61156.0  32.1244   -93.1674    573.2    484.1    543.7
61157.0  32.1234   -93.1674    574.2    483.8    542.7
61158.0  32.1224   -93.1673    574.2    484.6    544.9
61159.0  32.1214   -93.1673    573.3    484.1    543.9
61160.0  32.1204   -93.1673    573.0    483.3    543.3
61161.0  32.1194   -93.1673    573.0    482.9    546.6
61162.0  32.1185   -93.1672    573.3    482.0    551.6
61163.0  32.1175   -93.1672    574.2    482.1    552.4
61164.0  32.1165   -93.1672    575.4    483.2    550.8
61165.0  32.1155   -93.1672    576.2    483.9    557.3
61166.0  32.1145   -93.1672    577.9    487.4    559.3
61167.0  32.1135   -93.1672    579.4    490.1    553.4
61168.0  32.1125   -93.1672    580.3    490.3    553.1
61169.0  32.1115   -93.1672    580.3    490.6    552.0
61170.0  32.1105   -93.1672    580.3    489.2    553.4
61171.0  32.1095   -93.1672    581.2    489.9    552.5
61172.0  32.1085   -93.1672    581.6    492.3    553.6
61173.0  32.1075   -93.1672    581.6    492.8    555.7
61174.0  32.1065   -93.1671    581.5    491.1    556.6
61175.0  32.1055   -93.1671    580.3    488.9    557.4
61176.0  32.1045   -93.1671    580.3    491.0    558.0
61177.0  32.1035   -93.1671    579.5    489.1    556.3
61178.0  32.1025   -93.1671    578.2    489.5    561.8
61179.0  32.1015   -93.1671    576.9    487.1    561.4
61180.0  32.1005   -93.1671    575.7    485.3    557.4
61181.0  32.0995   -93.1671    574.7    483.1    546.0
61182.0  32.0985   -93.1671    574.2    483.8    547.3
61183.0  32.0975   -93.1671    574.2    485.3    544.6
61184.0  32.0965   -93.1671    573.7    484.0    547.6
61185.0  32.0955   -93.1671    573.0    482.8    548.0
61186.0  32.0945   -93.1671    573.9    483.9    547.9
61187.0  32.0935   -93.1671    573.7    483.9    546.0
61188.0  32.0925   -93.1670    573.5    482.9    544.9
61189.0  32.0915   -93.1670    574.2    484.7    544.0
61190.0  32.0905   -93.1670    574.0    484.3    547.3
61191.0  32.0895   -93.1670    573.0    481.9    547.8
61192.0  32.0885   -93.1670    573.0    480.7    546.3
61193.0  32.0875   -93.1670    573.0    482.6    548.0
61194.0  32.0865   -93.1670    573.0    482.5    548.4
61195.0  32.0856   -93.1670    572.1    480.7    545.1
61196.0  32.0846   -93.1670    572.2    482.5    543.5
61197.0  32.0836   -93.1670    573.0    482.8    552.3
61198.0  32.0826   -93.1670    573.9    483.6    545.2
61199.0  32.0816   -93.1669    574.2    482.8    553.9
61200.0  32.0806   -93.1670    574.2    482.4    554.0
61201.0  32.0796   -93.1670    575.3    483.6    560.5
61202.0  32.0786   -93.1670    575.6    483.7    554.9
61203.0  32.0776   -93.1670    576.7    483.1    549.4
61204.0  32.0766   -93.1670    577.4    484.9    554.0
61205.0  32.0756   -93.1670    578.6    486.1    551.4
