flight/WP3D/AircraftPos_NP3_20130710_RA.ict
38  1001
Ken Aikin
NOAA ESRL Chemical Sciences Division
various aircraft sensors
SENEX 2013
1  1
2013  07  10  2013  07  12
1
AOCTimewave
5
1  1  1  1  1 
-9999  -9999  -9999  -9999  -9999
GpsLat  deg
GpsLon  deg
GpsAlt  m
PAlt  m
RAlt  m
1
SPECIAL COMMENTS:NC hog farms  and transit to Tampa.
18
PI_CONTACT_INFO: Address: NOAA ESRL Chemical Sciences Division  Mail Stop R/CSD7  325 Broadway  Boulder  CO 80305
PLATFORM: NOAA WP-3D
LOCATION: The aircraft was stationed in Smyrna  Tennessee. Aircraft location information in AircraftPosition file.
ASSOCIATED_DATA: N/A
INSTRUMENT_INFO: N/A
DATA_INFO: Units:GpsLat:decimal degrees; GpsLon: decimal degrees; GpsAlt: meters; PAlt:meters; RAlt: meters.
UNCERTAINTY: N/A
ULOD_FLAG: -7777
ULOD_VALUE: N/A
LLOD_FLAG: -8888
LLOD_VALUE: N/A
DM_CONTACT_INFO: Data Manager:Ken Aikin; email:Kenneth.C.Aikin@noaa.gov
PROJECT_INFO: SENEX 2013 Study; June 1 - July 15  2013
STIPULATIONS_ON_USE: Use of these data require prior ok from PI.
OTHER_COMMENTS:       None
REVISION: RA
RA: Preliminary Data.  For in-field use.
AOCTimewave  GpsLat  GpsLon  GpsAlt  PAlt  RAlt
[from data line 17746]
67781.0  32.2821   -81.1220   5826.3   5481.5   5908.4
67782.0  32.2808   -81.1228   5826.6   5482.5   5910.5
67783.0  32.2795   -81.1236   5826.6   5483.5   5912.5
67784.0  32.2782   -81.1244   5826.6   5484.2   5896.0
67785.0  32.2769   -81.1251   5826.6   5483.9   5863.6
67786.0  32.2755   -81.1259   5826.6   5483.7   5878.8
67787.0  32.2742   -81.1267   5826.6   5483.9   5864.1
67788.0  32.2729   -81.1274   5826.6   5483.2   5893.6
67789.0  32.2716   -81.1282   5826.6   5483.1   5895.3
67790.0  32.2703   -81.1290   5826.6   5482.5   5896.4
67791.0  32.2690   -81.1297   5826.6   5483.8   5921.4
67792.0  32.2677   -81.1305   5826.6   5484.4   5935.6
67793.0  32.2664   -81.1313   5826.6   5484.0   5898.7
67794.0  32.2651   -81.1320   5826.6   5484.2   5871.8
67795.0  32.2638   -81.1328   5826.6   5483.6   5880.8
67796.0  32.2624   -81.1336   5826.6   5483.8   5879.6
67797.0  32.2611   -81.1343   5826.6   5484.9   5891.0
67798.0  32.2598   -81.1351   5826.6   5484.6   5898.3
67799.0  32.2585   -81.1359   5826.6   5485.7   5891.0
67800.0  32.2572   -81.1366   5826.6   5485.2   5890.0
67801.0  32.2559   -81.1374   5826.6   5484.2   5890.5
67802.0  32.2546   -81.1382   5826.6   5484.6   5902.1
67803.0  32.2533   -81.1389   5826.6   5484.4   5920.2
67804.0  32.2520   -81.1397   5826.6   5484.5   5930.4
67805.0  32.2507   -81.1405   5826.6   5483.7   5918.6
67806.0  32.2493   -81.1412   5826.6   5484.3   5917.0
67807.0  32.2480   -81.1420   5826.6   5484.8   5923.1
67808.0  32.2467   -81.1427   5826.6   5485.2   5937.4
67809.0  32.2454   -81.1435   5826.6   5485.7   5935.9
67810.0  32.2441   -81.1443   5826.6   5484.8   5934.3
67811.0  32.2428   -81.1450   5826.6   5484.1   5919.9
67812.0  32.2415   -81.1458   5826.6   5483.8   5934.6
67813.0  32.2402   -81.1466   5826.6   5481.8   5921.7
67814.0  32.2389   -81.1473   5826.6   5481.8   5931.7
67815.0  32.2376   -81.1481   5826.2   5482.1   5922.4
67816.0  32.2362   -81.1488   5825.3   5481.7   5890.6
67817.0  32.2349   -81.1496   5825.3   5482.6   5865.7
67818.0  32.2336   -81.1504   5825.3   5483.0   5856.2
67819.0  32.2323   -81.1511   5825.3   5481.3   5862.9
67820.0  32.2310   -81.1519   5825.3   5481.5   5877.1
67821.0  32.2297   -81.1526   5825.3   5482.2   5879.3
67822.0  32.2284   -81.1534   5825.3   5482.7   5887.2
67823.0  32.2271   -81.1542   5825.3   5481.9   5917.1
67824.0  32.2258   -81.1549   5825.3   5482.0   5896.4
67825.0  32.2245   -81.1557   5825.3   5482.2   5900.5
67826.0  32.2232   -81.1564   5825.3   5482.5   5912.2
67827.0  32.2219   -81.1572   5825.3   5481.7   5906.1
67828.0  32.2206   -81.1580   5826.0   5481.6   5903.0
67829.0  32.2193   -81.1588   5826.6   5483.4   5912.2
67830.0  32.2180   -81.1595   5826.6   5482.2   5918.4
67831.0  32.2167   -81.1603   5826.6   5481.7   5918.1
67832.0  32.2154   -81.1611   5826.6   5481.5   5914.9
67833.0  32.2141   -81.1619   5826.6   5483.0   5903.9
67834.0  32.2128   -81.1627   5826.6   5483.5   5904.8
67835.0  32.2115   -81.1634   5826.6   5483.7   5912.1
67836.0  32.2102   -81.1642   5826.6   5483.7   5928.5
67837.0  32.2089   -81.1650   5826.6   5483.4   5926.4
67838.0  32.2076   -81.1658   5826.6   5482.8   5926.0
67839.0  32.2063   -81.1666   5826.6   5482.6   5941.3
67840.0  32.2050   -81.1674   5826.6   5482.6   5958.9
67841.0  32.2038   -81.1683   5826.6   5483.5   5952.9
67842.0  32.2025   -81.1691   5826.6   5482.7   5916.2
67843.0  32.2012   -81.1699   5826.2   5483.0   5888.2
67844.0  32.2000   -81.1708   5825.4   5483.3   5884.2
67845.0  32.1987   -81.1716   5825.7   5483.0   5880.4
67846.0  32.1974   -81.1725   5825.3   5481.8   5880.0
67847.0  32.1962   -81.1733   5825.3   5482.0   5897.6
67848.0  32.1949   -81.1742   5825.3   5481.4   5920.9
67849.0  32.1937   -81.1751   5825.5   5483.1   5970.1
67850.0  32.1924   -81.1759   5826.6   5482.8   5969.5
67851.0  32.1912   -81.1768   5826.6   5481.6   5946.4
67852.0  32.1900   -81.1777   5826.6   5481.3   5928.0
67853.0  32.1887   -81.1786   5826.6   5481.4   5902.5
67854.0  32.1875   -81.1795   5826.6   5481.3   5920.8
67855.0  32.1863   -81.1804   5826.6   5483.0   5942.6
67856.0  32.1851   -81.1813   5826.6   5483.7   5982.3
67857.0  32.1838   -81.1822   5826.6   5483.2   5965.3
67858.0  32.1826   -81.1831   5826.6   5483.8   5940.9
67859.0  32.1814   -81.1840   5826.6   5483.6   5929.5
67860.0  32.1801   -81.1849   5826.6   5484.0   5933.9
67861.0  32.1789   -81.1857   5826.6   5484.3   5948.2
67862.0  32.1777   -81.1866   5826.6   5484.1   5954.8
67863.0  32.1764   -81.1875   5826.6   5482.7   5971.6
67864.0  32.1752   -81.1884   5826.4   5482.6   5951.4
67865.0  32.1740   -81.1893   5825.3   5482.3   5930.6
67866.0  32.1727   -81.1902   5825.3   5482.7   5890.1
67867.0  32.1715   -81.1911   5825.3   5482.5   5879.1
67868.0  32.1702   -81.1920   5825.3   5482.9   5889.0
67869.0  32.1690   -81.1928   5825.3   5483.6   5905.7
67870.0  32.1678   -81.1937   5825.3   5482.4   5879.3
67871.0  32.1665   -81.1946   5826.0   5482.3   5868.5
67872.0  32.1653   -81.1955   5826.6   5482.6   5865.4
67873.0  32.1640   -81.1963   5826.6   5483.4   5865.5
67874.0  32.1628   -81.1972   5826.6   5482.5   5860.5
67875.0  32.1615   -81.1981   5826.6   5482.3   5869.8
67876.0  32.1603   -81.1989   5826.6   5482.7   5863.5
67877.0  32.1590   -81.1998   5826.6   5482.6   5857.1
67878.0  32.1578   -81.2006   5826.6   5483.7   5868.9
67879.0  32.1565   -81.2014   5826.6   5483.4   5868.5
67880.0  32.1553   -81.2023   5826.6   5483.1   5871.1
67881.0  32.1540   -81.2031   5826.6   5482.3   5887.6
67882.0  32.1527   -81.2039   5826.6   5482.1   5911.0
67883.0  32.1515   -81.2047   5826.6   5481.7   5928.9
67884.0  32.1502   -81.2055   5826.6   5483.3   5906.6
67885.0  32.1489   -81.2063   5826.6   5483.3   5875.6
67886.0  32.1476   -81.2070   5826.6   5483.3   5880.9
67887.0  32.1463   -81.2078   5826.6   5483.6   5897.2
67888.0  32.1450   -81.2085   5826.6   5484.5   5907.1
67889.0  32.1437   -81.2092   5826.6   5484.3   5891.4
67890.0  32.1424   -81.2099   5826.6   5483.5   5889.0
67891.0  32.1410   -81.2106   5825.8   5483.3   5866.2
67892.0  32.1397   -81.2112   5825.3   5482.7   5883.3
67893.0  32.1384   -81.2119   5825.3   5481.5   5904.1
67894.0  32.1370   -81.2125   5825.3   5482.0   5900.3
67895.0  32.1357   -81.2131   5825.3   5481.9   5885.2
67896.0  32.1343   -81.2137   5824.5   5481.6   5892.6
67897.0  32.1330   -81.2143   5824.1   5480.6   5880.2
67898.0  32.1316   -81.2148   5824.1   5479.5   5881.1
67899.0  32.1302   -81.2154   5824.1   5480.2   5879.7
67900.0  32.1289   -81.2159   5824.1   5479.8   5889.5
67901.0  32.1275   -81.2165   5824.1   5481.0   5873.3
67902.0  32.1261   -81.2170   5824.1   5479.7   5879.6
67903.0  32.1247   -81.2175   5824.1   5480.3   5893.8
67904.0  32.1233   -81.2179   5824.9   5479.9   5906.2
67905.0  32.1219   -81.2184   5825.3   5480.9   5928.1
67906.0  32.1205   -81.2189   5825.3   5481.2   5903.3
67907.0  32.1191   -81.2193   5825.3   5481.6   5874.1
67908.0  32.1177   -81.2197   5826.1   5481.6   5853.4
67909.0  32.1163   -81.2201   5826.6   5481.5   5846.4
67910.0  32.1149   -81.2205   5826.6   5481.8   5859.0
67911.0  32.1135   -81.2209   5826.6   5482.3   5867.3
67912.0  32.1121   -81.2213   5826.7   5482.7   5864.5
67913.0  32.1106   -81.2216   5827.8   5482.4   5868.3
67914.0  32.1092   -81.2219   5827.8   5483.8   5871.0
67915.0  32.1078   -81.2222   5827.8   5483.7   5872.7
67916.0  32.1063   -81.2225   5827.8   5483.0   5880.0
67917.0  32.1049   -81.2228   5827.8   5483.6   5866.7
67918.0  32.1035   -81.2231   5827.8   5485.1   5866.9
67919.0  32.1020   -81.2233   5827.8   5484.8   5866.9
67920.0  32.1006   -81.2236   5827.8   5484.8   5866.5
67921.0  32.0992   -81.2238   5827.8   5484.2   5873.7
67922.0  32.0977   -81.2240   5827.8   5484.7   5890.2
67923.0  32.0963   -81.2242   5827.8   5484.3   5911.1
67924.0  32.0948   -81.2244   5826.6   5485.0   5934.8
67925.0  32.0934   -81.2246   5826.6   5483.8   5956.6
67926.0  32.0919   -81.2247   5826.6   5482.7   5953.0
67927.0  32.0905   -81.2249   5826.0   5481.6   5943.4
67928.0  32.0890   -81.2250   5825.3   5481.7   5905.4
67929.0  32.0875   -81.2251   5825.3   5479.7   5907.2
67930.0  32.0861   -81.2252   5825.0   5480.8   5923.2
67931.0  32.0846   -81.2253   5824.1   5480.3   5888.5
67932.0  32.0832   -81.2254   5824.1   5479.8   5894.7
67933.0  32.0817   -81.2255   5824.1   5479.8   5883.3
67934.0  32.0803   -81.2256   5824.1   5480.4   5895.1
67935.0  32.0788   -81.2256   5825.2   5478.6   5882.7
67936.0  32.0773   -81.2257   5825.3   5480.2   5883.7
67937.0  32.0759   -81.2258   5825.3   5481.8   5879.3
67938.0  32.0744   -81.2258   5825.3   5481.1   5870.7
67939.0  32.0730   -81.2259   5825.3   5481.5   5864.3
67940.0  32.0715   -81.2259   5825.3   5482.6   5873.4
67941.0  32.0700   -81.2260   5825.3   5483.3   5898.7
67942.0  32.0686   -81.2260   5825.3   5482.5   5895.9
67943.0  32.0671   -81.2261   5825.3   5481.2   5887.1
67944.0  32.0657   -81.2262   5825.4   5480.8   5889.6
67945.0  32.0642   -81.2262   5826.6   5480.4   5901.0
67946.0  32.0628   -81.2263   5826.6   5479.3   5908.6
67947.0  32.0613   -81.2263   5826.6   5480.0   5906.7
67948.0  32.0598   -81.2264   5826.6   5479.5   5902.1
67949.0  32.0584   -81.2265   5826.6   5479.9   5926.7
67950.0  32.0569   -81.2265   5826.6   5481.4   6003.5
67951.0  32.0555   -81.2266   5826.6   5482.3   5988.1
67952.0  32.0540   -81.2267   5826.6   5481.1   5929.7
67953.0  32.0526   -81.2268   5826.6   5480.9   5902.2
67954.0  32.0511   -81.2269   5826.6   5480.4   5911.3
67955.0  32.0496   -81.2270   5826.6   5479.8   5928.3
67956.0  32.0482   -81.2270   5826.6   5481.4   5953.4
67957.0  32.0467   -81.2271   5826.6   5481.0   5963.9
67958.0  32.0453   -81.2272   5826.6   5481.8   5971.2
67959.0  32.0438   -81.2273   5826.6   5481.4   5958.1
67960.0  32.0424   -81.2274   5826.6   5482.6   5941.7
67961.0  32.0409   -81.2275   5826.6   5482.5   5932.6
67962.0  32.0394   -81.2276   5826.6   5482.5   5915.6
67963.0  32.0380   -81.2277   5826.6   5482.2   5900.1
67964.0  32.0365   -81.2278   5826.6   5481.9   5882.6
67965.0  32.0351   -81.2279   5825.8   5480.5   5878.2
67966.0  32.0336   -81.2280   5825.3   5480.7   5875.0
67967.0  32.0322   -81.2281   5825.3   5480.2   5874.3
67968.0  32.0307   -81.2283   5825.3   5480.4   5899.7
67969.0  32.0293   -81.2284   5825.3   5481.4   5899.7
67970.0  32.0278   -81.2285   5825.3   5481.1   5913.0
67971.0  32.0263   -81.2287   5825.3   5481.0   5909.5
67972.0  32.0249   -81.2288   5825.3   5480.8   5875.1
67973.0  32.0234   -81.2290   5825.3   5481.2   5883.9
67974.0  32.0220   -81.2291   5826.4   5481.0   5894.7
67975.0  32.0205   -81.2293   5826.6   5482.1   5906.5
67976.0  32.0191   -81.2295   5826.6   5482.9   5918.9
67977.0  32.0176   -81.2297   5826.6   5482.7   5897.0
67978.0  32.0162   -81.2298   5826.6   5483.3   5895.2
67979.0  32.0147   -81.2300   5827.1   5484.4   5889.7
67980.0  32.0133   -81.2302   5827.8   5484.1   5876.5
67981.0  32.0118   -81.2303   5827.8   5482.8   5890.5
67982.0  32.0104   -81.2305   5827.8   5484.2   5878.1
67983.0  32.0089   -81.2307   5827.8   5484.3   5879.8
67984.0  32.0075   -81.2309   5827.8   5484.3   5909.5
67985.0  32.0060   -81.2310   5829.0   5483.3   5904.8
67986.0  32.0046   -81.2312   5829.0   5482.1   5881.4
67987.0  32.0031   -81.2314   5829.0   5481.4   5868.9
67988.0  32.0017   -81.2316   5829.0   5482.8   5867.9
67989.0  32.0002   -81.2318   5828.8   5481.2   5874.6
67990.0  31.9988   -81.2320   5827.8   5480.3   5866.4
67991.0  31.9973   -81.2322   5827.8   5481.4   5889.1
67992.0  31.9959   -81.2324   5827.8   5480.1   5897.6
67993.0  31.9944   -81.2326   5827.8   5479.3   5859.5
67994.0  31.9930   -81.2329   5827.8   5480.2   5875.0
67995.0  31.9915   -81.2331   5826.6   5480.4   5909.8
67996.0  31.9901   -81.2334   5826.6   5479.2   5913.0
67997.0  31.9887   -81.2337   5826.6   5478.3   5913.2
67998.0  31.9872   -81.2340   5826.6   5479.8   5915.9
67999.0  31.9858   -81.2343   5826.6   5481.3   5917.1
68000.0  31.9844   -81.2346   5826.6   5480.6   5905.0
68001.0  31.9829   -81.2349   5826.6   5480.6   5893.8
68002.0  31.9815   -81.2352   5826.6   5481.3   5910.2
68003.0  31.9801   -81.2355   5826.6   5480.6   5913.6
68004.0  31.9786   -81.2359   5826.6   5480.8   5914.1
68005.0  31.9772   -81.2362   5826.7   5480.9   5899.6
68006.0  31.9758   -81.2365   5826.6   5480.5   5881.5
68007.0  31.9744   -81.2369   5826.6   5480.2   5874.3
68008.0  31.9729   -81.2372   5826.6   5480.6   5869.1
68009.0  31.9715   -81.2375   5826.6   5481.7   5866.2
68010.0  31.9701   -81.2379   5826.6   5480.7   5880.0
68011.0  31.9686   -81.2382   5826.6   5480.5   5878.0
68012.0  31.9672   -81.2386   5826.6   5481.0   5867.6
68013.0  31.9658   -81.2389   5826.6   5481.8   5894.0
68014.0  31.9644   -81.2392   5826.6   5481.0   5894.0
68015.0  31.9629   -81.2396   5826.6   5480.1   5901.2
68016.0  31.9615   -81.2399   5826.6   5479.7   5903.3
68017.0  31.9601   -81.2403   5826.6   5479.8   5914.5
68018.0  31.9587   -81.2406   5826.6   5480.2   5933.3
68019.0  31.9572   -81.2410   5826.6   5480.2   5932.3
68020.0  31.9558   -81.2413   5826.6   5480.6   5916.9
68021.0  31.9544   -81.2417   5827.2   5479.9   5915.2
68022.0  31.9530   -81.2420   5827.8   5480.0   5898.2
68023.0  31.9515   -81.2423   5827.8   5480.5   5874.7
68024.0  31.9501   -81.2427   5827.8   5480.5   5886.3
68025.0  31.9487   -81.2430   5827.8   5480.8   5892.2
68026.0  31.9473   -81.2434   5827.8   5480.1   5879.4
68027.0  31.9458   -81.2437   5827.8   5480.6   5873.3
68028.0  31.9444   -81.2441   5827.8   5479.8   5890.3
68029.0  31.9430   -81.2444   5827.8   5479.8   5876.1
68030.0  31.9416   -81.2448   5827.8   5480.5   5879.4
68031.0  31.9402   -81.2451   5827.8   5480.5   5877.4
68032.0  31.9387   -81.2455   5827.8   5480.1   5872.0
68033.0  31.9373   -81.2458   5827.8   5479.6   5887.5
68034.0  31.9359   -81.2462   5827.8   5480.4   5885.3
68035.0  31.9345   -81.2465   5827.8   5482.3   5885.9
68036.0  31.9330   -81.2469   5827.8   5481.8   5896.7
68037.0  31.9316   -81.2472   5827.8   5481.6   5901.6
68038.0  31.9302   -81.2475   5827.9   5481.6   5895.1
68039.0  31.9288   -81.2479   5829.0   5481.6   5886.3
68040.0  31.9273   -81.2482   5829.0   5482.4   5875.0
68041.0  31.9259   -81.2486   5829.0   5483.2   5884.1
68042.0  31.9245   -81.2489   5829.0   5483.2   5885.8
68043.0  31.9231   -81.2493   5828.3   5481.6   5899.9
68044.0  31.9216   -81.2496   5827.8   5482.3   5899.7
68045.0  31.9202   -81.2500   5827.8   5481.4   5886.8
68046.0  31.9188   -81.2503   5827.8   5480.9   5899.3
68047.0  31.9174   -81.2507   5827.8   5480.2   5883.2
68048.0  31.9159   -81.2510   5826.6   5479.5   5892.4
68049.0  31.9145   -81.2514   5826.6   5479.5   5880.9
68050.0  31.9131   -81.2517   5826.6   5479.9   5870.0
68051.0  31.9116   -81.2520   5826.2   5479.2   5865.2
68052.0  31.9102   -81.2524   5825.3   5479.1   5851.1
68053.0  31.9088   -81.2527   5825.3   5479.7   5845.7
68054.0  31.9074   -81.2531   5825.3   5480.1   5853.1
68055.0  31.9059   -81.2534   5825.3   5480.8   5856.6
68056.0  31.9045   -81.2538   5825.3   5481.0   5863.7
68057.0  31.9031   -81.2541   5825.3   5481.3   5858.6
68058.0  31.9017   -81.2545   5825.3   5481.3   5882.1
68059.0  31.9002   -81.2548   5826.0   5480.2   5886.5
68060.0  31.8988   -81.2552   5826.6   5481.3   5891.9
68061.0  31.8974   -81.2555   5826.6   5481.6   5896.3
68062.0  31.8960   -81.2559   5827.3   5481.4   5914.7
68063.0  31.8945   -81.2562   5827.8   5481.7   5895.2
68064.0  31.8931   -81.2566   5827.8   5481.0   5898.3
68065.0  31.8917   -81.2570   5828.3   5480.8   5907.1
68066.0  31.8903   -81.2573   5829.0   5480.8   5925.0
68067.0  31.8889   -81.2577   5829.0   5480.9   5915.6
68068.0  31.8875   -81.2580   5829.0   5481.7   5925.5
68069.0  31.8860   -81.2584   5829.0   5482.3   5902.1
68070.0  31.8846   -81.2588   5829.0   5483.0   5891.7
