flight/WP3D/AircraftMet_NP3_20130529_RA.ict
43  1001
Ken Aikin
NOAA ESRL Chemical Sciences Division
various aircraft sensors
SENEX 2013
1  1
2013  05  29  2013  05  29
1
AOCTimewave
10
1  1  1  1  1  1  1  1  1  1
-9999  -9999  -9999  -9999  -9999  -9999  -9999  -9999  -9999  -9999
AmbTemp
DewPtTemp
DewPtTempTDL
H2Omr
PotTemp
RelHumidity
StaticPrs
VertWindSpd
WindDir
WindSpd
1
SPECIAL COMMENTS:Lots of AOC data system problems. Large gaps in data. DewPtTempTDL did not work.
18
PI_CONTACT_INFO: Address: NOAA ESRL Chemical Sciences Division  Mail Stop R/CSD7  325 Broadway  Boulder  CO 80305
PLATFORM: NOAA WP-3D
LOCATION: The aircraft was stationed in  Smyrna  Tennessee. Aircraft location information in AircraftPosition file.
ASSOCIATED_DATA: N/A
INSTRUMENT_INFO: N/A
DATA_INFO: Units:AmbTemp celcius; DewPtTemp celcius; DewPtTempTDL celcius; H2Omr g/kg; PotTemp kelvin; RelHumidity percent; StaticPrs millibar; VertWindSpd m/s; WindDir degrees; WindSpd m/s
UNCERTAINTY: N/A
ULOD_FLAG: -7777
ULOD_VALUE: N/A
LLOD_FLAG: -8888
LLOD_VALUE: N/A
DM_CONTACT_INFO: Data Manager:Ken Aikin; email:Kenneth.C.Aikin@noaa.gov
PROJECT_INFO: SENEX 2013 Study; June 1 - July 15  2013
STIPULATIONS_ON_USE: Use of these data require prior ok from PI.
OTHER_COMMENTS:       None
REVISION: RA
RA: Preliminary Data.  For in-field use.
AOCTimewave  AmbTemp  DewPtTemp  DewPtTempTDL  H2Omr  PotTemp  RelHumidity  StaticPrs  VertWindSpd  WindDir  WindSpd
[from data line 7798]
83317.0  7.030  0.760  -29.270  5.79  310.18  64.02  700.22  -9999.00  -9999.00  -9999.00
83318.0  7.070  0.850  -29.270  5.82  310.22  64.26  700.24  -9999.00  -9999.00  -9999.00
83319.0  7.100  0.890  -29.270  5.84  310.25  64.29  700.28  -9999.00  -9999.00  -9999.00
83320.0  7.090  0.890  -29.270  5.84  310.24  64.38  700.28  -9999.00  -9999.00  -9999.00
83321.0  7.120  0.900  -29.270  5.84  310.27  64.25  700.30  -9999.00  -9999.00  -9999.00
83322.0  7.190  0.840  -29.270  5.82  310.34  63.68  700.32  -9999.00  -9999.00  -9999.00
83323.0  7.170  0.730  -29.270  5.77  310.32  63.25  700.34  -9999.00  -9999.00  -9999.00
83324.0  7.090  0.580  -29.270  5.71  310.25  62.90  700.24  -9999.00  -9999.00  -9999.00
83325.0  7.080  0.380  -29.270  5.63  310.24  62.08  700.19  -9999.00  -9999.00  -9999.00
83326.0  7.010  0.170  -29.270  5.54  310.17  61.39  700.18  -9999.00  -9999.00  -9999.00
83327.0  6.940  -0.090  -29.270  5.44  310.09  60.57  700.16  -9999.00  -9999.00  -9999.00
83328.0  6.940  -0.360  -29.270  5.33  310.10  59.35  700.11  -9999.00  -9999.00  -9999.00
83329.0  6.920  -0.620  -29.270  5.23  310.08  58.30  700.13  -9999.00  -9999.00  -9999.00
83330.0  6.980  -0.880  -29.260  5.13  310.14  56.95  700.11  -9999.00  -9999.00  -9999.00
83331.0  7.060  -1.170  -29.260  5.02  310.22  55.45  700.21  -9999.00  -9999.00  -9999.00
83332.0  7.040  -1.460  -29.260  4.92  310.22  54.33  700.08  -9999.00  -9999.00  -9999.00
83333.0  7.010  -1.750  -29.270  4.81  310.17  53.31  700.16  -9999.00  -9999.00  -9999.00
83334.0  7.010  -2.060  -29.270  4.70  310.17  52.12  700.13  -9999.00  -9999.00  -9999.00
83335.0  7.050  -2.300  -29.270  4.62  310.22  51.02  700.12  -9999.00  -9999.00  -9999.00
83336.0  7.110  -2.510  -29.270  4.55  310.29  50.03  700.05  -9999.00  -9999.00  -9999.00
83337.0  7.090  -2.710  -29.270  4.48  310.27  49.37  700.06  -9999.00  -9999.00  -9999.00
83338.0  6.900  -2.840  -29.270  4.43  310.07  49.49  700.09  -9999.00  -9999.00  -9999.00
83339.0  6.800  -2.920  -29.260  4.41  309.95  49.55  700.16  -9999.00  -9999.00  -9999.00
83340.0  6.720  -2.890  -29.260  4.42  309.86  49.98  700.08  -9999.00  -9999.00  -9999.00
83341.0  6.650  -2.730  -29.260  4.47  309.78  50.80  700.09  -9999.00  -9999.00  -9999.00
83342.0  6.620  -2.470  -29.260  4.56  309.74  51.91  700.15  -9999.00  -9999.00  -9999.00
83343.0  6.600  -2.160  -29.260  4.67  309.71  53.21  700.19  -9999.00  -9999.00  -9999.00
83344.0  6.540  -1.860  -29.260  4.77  309.66  54.65  700.05  -9999.00  -9999.00  -9999.00
83345.0  6.470  -1.580  -29.270  4.87  309.57  56.04  700.19  -9999.00  -9999.00  -9999.00
83346.0  6.460  -1.310  -29.270  4.97  309.56  57.24  700.16  -9999.00  -9999.00  -9999.00
83347.0  6.500  -1.030  -29.270  5.07  309.61  58.24  700.12  -9999.00  -9999.00  -9999.00
83348.0  6.460  -0.740  -29.270  5.18  309.56  59.67  700.17  -9999.00  -9999.00  -9999.00
83349.0  6.450  -0.440  -29.270  5.30  309.56  61.06  700.14  -9999.00  -9999.00  -9999.00
83350.0  6.470  -0.130  -29.270  5.42  309.58  62.39  700.10  -9999.00  -9999.00  -9999.00
83351.0  6.490  0.170  -29.270  5.54  309.59  63.66  700.14  -9999.00  -9999.00  -9999.00
83352.0  6.590  0.450  -29.270  5.66  309.70  64.53  700.16  -9999.00  -9999.00  -9999.00
83353.0  6.730  0.710  -29.270  5.77  309.86  65.13  700.12  -9999.00  -9999.00  -9999.00
83354.0  6.880  0.910  -29.270  5.85  310.01  65.43  700.19  -9999.00  -9999.00  -9999.00
83355.0  7.020  1.050  -29.270  5.91  310.18  65.44  700.10  -9999.00  -9999.00  -9999.00
83356.0  7.200  1.090  -29.270  5.92  310.38  64.77  700.13  -9999.00  -9999.00  -9999.00
83357.0  7.250  0.980  -29.270  5.88  310.43  64.08  700.13  -9999.00  -9999.00  -9999.00
83358.0  7.140  0.770  -29.270  5.79  310.32  63.54  700.14  -9999.00  -9999.00  -9999.00
83359.0  7.070  0.480  -29.270  5.67  310.22  62.54  700.25  -9999.00  -9999.00  -9999.00
83360.0  7.080  0.160  -29.270  5.54  310.24  61.07  700.18  -9999.00  -9999.00  -9999.00
83361.0  7.040  -0.170  -29.270  5.40  310.18  59.78  700.26  -9999.00  -9999.00  -9999.00
83362.0  6.930  -0.480  -29.270  5.28  310.06  58.86  700.30  -9999.00  -9999.00  -9999.00
83363.0  6.740  -0.740  -29.270  5.18  309.87  58.49  700.23  -9999.00  -9999.00  -9999.00
83364.0  6.620  -0.940  -29.270  5.11  309.72  58.13  700.30  -9999.00  -9999.00  -9999.00
83365.0  6.610  -1.070  -29.270  5.06  309.72  57.62  700.26  -9999.00  -9999.00  -9999.00
83366.0  6.750  -1.120  -29.270  5.04  309.88  56.87  700.23  -9999.00  -9999.00  -9999.00
83367.0  6.910  -1.100  -29.260  5.05  310.06  56.32  700.22  -9999.00  -9999.00  -9999.00
83368.0  7.040  -1.020  -29.270  5.08  310.20  56.14  700.20  -9999.00  -9999.00  -9999.00
83369.0  7.050  -0.990  -29.270  5.09  310.20  56.26  700.21  -9999.00  -9999.00  -9999.00
83370.0  7.020  -0.980  -29.270  5.09  310.17  56.37  700.24  -9999.00  -9999.00  -9999.00
83371.0  7.020  -0.930  -29.270  5.11  310.17  56.60  700.25  -9999.00  -9999.00  -9999.00
83372.0  6.980  -0.920  -29.270  5.12  310.12  56.82  700.29  -9999.00  -9999.00  -9999.00
83373.0  6.900  -0.900  -29.270  5.12  310.03  57.20  700.27  -9999.00  -9999.00  -9999.00
83374.0  6.800  -0.860  -29.270  5.14  309.93  57.75  700.19  -9999.00  -9999.00  -9999.00
83375.0  6.660  -0.750  -29.260  5.18  309.78  58.79  700.19  -9999.00  -9999.00  -9999.00
83376.0  6.590  -0.570  -29.260  5.25  309.69  59.91  700.21  -9999.00  -9999.00  -9999.00
83377.0  6.590  -0.300  -29.270  5.36  309.70  61.10  700.16  -9999.00  -9999.00  -9999.00
83378.0  6.610  0.030  -29.260  5.48  309.71  62.49  700.24  -9999.00  -9999.00  -9999.00
83379.0  6.600  0.350  -29.260  5.61  309.72  63.99  700.12  -9999.00  -9999.00  -9999.00
83380.0  6.570  0.660  -29.270  5.75  309.69  65.61  700.14  -9999.00  -9999.00  -9999.00
83381.0  6.570  0.890  -29.270  5.84  309.68  66.71  700.20  -9999.00  -9999.00  -9999.00
83382.0  6.590  0.980  -29.270  5.88  309.69  67.09  700.23  -9999.00  -9999.00  -9999.00
83383.0  6.610  0.950  -29.260  5.87  309.72  66.85  700.16  -9999.00  -9999.00  -9999.00
83384.0  6.680  0.830  -29.270  5.81  309.80  65.88  700.19  -9999.00  -9999.00  -9999.00
83385.0  6.730  0.680  -29.270  5.75  309.86  64.99  700.12  -9999.00  -9999.00  -9999.00
83386.0  6.710  0.590  -29.270  5.71  309.82  64.63  700.27  -9999.00  -9999.00  -9999.00
83387.0  6.740  0.530  -29.270  5.69  309.85  64.25  700.25  -9999.00  -9999.00  -9999.00
83388.0  6.720  0.580  -29.270  5.71  309.84  64.53  700.24  -9999.00  -9999.00  -9999.00
83389.0  6.670  0.700  -29.270  5.76  309.78  65.31  700.26  -9999.00  -9999.00  -9999.00
83390.0  6.530  0.890  -29.270  5.84  309.63  66.87  700.24  -9999.00  -9999.00  -9999.00
83391.0  6.440  1.090  -29.270  5.93  309.52  68.35  700.26  -9999.00  -9999.00  -9999.00
83392.0  6.390  1.250  -29.270  6.00  309.46  69.40  700.26  -9999.00  -9999.00  -9999.00
83393.0  6.360  1.340  -29.270  6.04  309.42  70.00  700.28  -9999.00  -9999.00  -9999.00
83394.0  6.320  1.360  -29.270  6.04  309.40  70.24  700.22  -9999.00  -9999.00  -9999.00
83395.0  6.290  1.300  -29.270  6.02  309.36  70.13  700.19  -9999.00  -9999.00  -9999.00
83396.0  6.280  1.200  -29.260  5.97  309.36  69.63  700.18  -9999.00  -9999.00  -9999.00
83397.0  6.300  1.100  -29.270  5.93  309.38  69.02  700.15  -9999.00  -9999.00  -9999.00
83398.0  6.350  1.070  -29.270  5.92  309.43  68.68  700.15  -9999.00  -9999.00  -9999.00
83399.0  6.430  1.130  -29.270  5.94  309.51  68.54  700.24  -9999.00  -9999.00  -9999.00
83400.0  6.510  1.190  -29.270  5.97  309.59  68.49  700.33  -9999.00  -9999.00  -9999.00
83401.0  6.600  1.300  -29.270  6.01  309.69  68.56  700.34  -9999.00  -9999.00  -9999.00
83402.0  6.680  1.410  -29.270  6.07  309.78  68.79  700.26  -9999.00  -9999.00  -9999.00
83403.0  6.700  1.450  -29.260  6.08  309.81  68.88  700.27  -9999.00  -9999.00  -9999.00
83404.0  6.700  1.470  -29.260  6.09  309.81  68.96  700.25  -9999.00  -9999.00  -9999.00
83405.0  6.700  1.500  -29.260  6.10  309.82  69.10  700.23  -9999.00  -9999.00  -9999.00
83406.0  6.710  1.520  -29.260  6.11  309.82  69.19  700.24  -9999.00  -9999.00  -9999.00
83407.0  6.680  1.460  -29.260  6.09  309.79  69.00  700.28  -9999.00  -9999.00  -9999.00
83408.0  6.710  1.370  -29.270  6.05  309.81  68.40  700.38  -9999.00  -9999.00  -9999.00
83409.0  6.730  1.290  -29.270  6.01  309.83  67.93  700.35  -9999.00  -9999.00  -9999.00
83410.0  6.720  1.220  -29.270  5.98  309.83  67.65  700.28  -9999.00  -9999.00  -9999.00
83411.0  6.740  1.130  -29.270  5.94  309.84  67.10  700.35  -9999.00  -9999.00  -9999.00
83412.0  6.700  1.050  -29.270  5.91  309.81  66.87  700.25  -9999.00  -9999.00  -9999.00
83413.0  6.550  0.970  -29.270  5.88  309.65  67.20  700.28  -9999.00  -9999.00  -9999.00
83414.0  6.440  0.940  -29.270  5.86  309.52  67.56  700.24  -9999.00  -9999.00  -9999.00
83415.0  6.350  0.950  -29.270  5.86  309.41  68.04  700.39  -9999.00  -9999.00  -9999.00
83416.0  6.280  0.990  -29.270  5.88  309.34  68.59  700.36  -9999.00  -9999.00  -9999.00
83417.0  6.250  1.070  -29.270  5.92  309.31  69.16  700.27  -9999.00  -9999.00  -9999.00
83418.0  6.260  1.160  -29.260  5.95  309.31  69.51  700.39  -9999.00  -9999.00  -9999.00
83419.0  6.280  1.270  -29.260  6.00  309.32  69.99  700.44  -9999.00  -9999.00  -9999.00
83420.0  6.300  1.390  -29.260  6.05  309.34  70.51  700.50  -9999.00  -9999.00  -9999.00
83421.0  6.340  1.500  -29.260  6.10  309.39  70.87  700.45  -9999.00  -9999.00  -9999.00
83422.0  6.440  1.600  -29.260  6.15  309.50  70.89  700.42  -9999.00  -9999.00  -9999.00
83423.0  6.530  1.690  -29.270  6.18  309.59  70.90  700.49  -9999.00  -9999.00  -9999.00
83424.0  6.600  1.760  -29.260  6.22  309.68  70.89  700.39  -9999.00  -9999.00  -9999.00
83425.0  6.670  1.800  -29.270  6.24  309.76  70.81  700.36  -9999.00  -9999.00  -9999.00
83426.0  6.690  1.830  -29.260  6.25  309.79  70.79  700.34  -9999.00  -9999.00  -9999.00
83427.0  6.700  1.850  -29.270  6.26  309.81  70.87  700.25  -9999.00  -9999.00  -9999.00
83428.0  6.700  1.890  -29.260  6.28  309.82  71.08  700.16  -9999.00  -9999.00  -9999.00
83429.0  6.700  1.920  -29.270  6.30  309.82  71.29  700.15  -9999.00  -9999.00  -9999.00
83430.0  6.710  1.920  -29.270  6.30  309.83  71.23  700.14  -9999.00  -9999.00  -9999.00
83431.0  6.680  1.890  -29.270  6.28  309.79  71.16  700.25  -9999.00  -9999.00  -9999.00
83432.0  6.680  1.830  -29.270  6.25  309.77  70.88  700.40  -9999.00  -9999.00  -9999.00
83433.0  6.620  1.770  -29.270  6.22  309.69  70.90  700.48  -9999.00  -9999.00  -9999.00
83434.0  6.610  1.740  -29.260  6.21  309.66  70.78  700.59  -9999.00  -9999.00  -9999.00
83435.0  6.610  1.680  -29.270  6.18  309.63  70.49  700.83  -9999.00  -9999.00  -9999.00
83436.0  6.580  1.600  -29.270  6.14  309.57  70.18  701.08  -9999.00  -9999.00  -9999.00
83437.0  6.650  1.510  -29.270  6.10  309.61  69.38  701.42  -9999.00  -9999.00  -9999.00
83438.0  6.650  1.410  -29.270  6.05  309.56  68.90  701.81  -9999.00  -9999.00  -9999.00
83439.0  6.680  1.340  -29.270  6.02  309.56  68.38  702.11  -9999.00  -9999.00  -9999.00
83440.0  6.730  1.290  -29.270  5.99  309.56  67.93  702.52  -9999.00  -9999.00  -9999.00
83441.0  6.770  1.250  -29.270  5.97  309.55  67.52  702.98  -9999.00  -9999.00  -9999.00
83442.0  6.770  1.220  -29.270  5.95  309.50  67.41  703.31  -9999.00  -9999.00  -9999.00
83443.0  6.880  1.210  -29.270  5.95  309.56  66.85  703.84  -9999.00  -9999.00  -9999.00
83444.0  6.910  1.230  -29.270  5.95  309.52  66.83  704.34  -9999.00  -9999.00  -9999.00
83445.0  6.950  1.250  -29.270  5.96  309.51  66.74  704.80  -9999.00  -9999.00  -9999.00
83446.0  6.980  1.270  -29.270  5.96  309.47  66.66  705.41  -9999.00  -9999.00  -9999.00
83447.0  7.040  1.270  -29.270  5.96  309.47  66.43  705.91  -9999.00  -9999.00  -9999.00
83448.0  7.050  1.280  -29.270  5.96  309.43  66.39  706.41  -9999.00  -9999.00  -9999.00
83449.0  7.130  1.300  -29.270  5.96  309.44  66.11  706.92  -9999.00  -9999.00  -9999.00
83450.0  7.140  1.290  -29.270  5.95  309.41  66.05  707.30  -9999.00  -9999.00  -9999.00
83451.0  7.220  1.310  -29.270  5.96  309.43  65.76  707.81  -9999.00  -9999.00  -9999.00
83452.0  7.250  1.350  -29.270  5.97  309.40  65.81  708.37  -9999.00  -9999.00  -9999.00
83453.0  7.330  1.400  -29.270  5.99  309.42  65.70  708.86  -9999.00  -9999.00  -9999.00
83454.0  7.430  1.470  -29.270  6.01  309.49  65.55  709.25  -9999.00  -9999.00  -9999.00
83455.0  7.430  1.520  -29.270  6.03  309.44  65.77  709.65  -9999.00  -9999.00  -9999.00
83456.0  7.470  1.570  -29.270  6.05  309.44  65.82  710.01  -9999.00  -9999.00  -9999.00
83457.0  7.490  1.620  -29.270  6.07  309.40  65.97  710.53  -9999.00  -9999.00  -9999.00
83458.0  7.530  1.680  -29.260  6.09  309.40  66.10  710.85  -9999.00  -9999.00  -9999.00
83459.0  7.540  1.740  -29.270  6.11  309.33  66.35  711.44  -9999.00  -9999.00  -9999.00
83460.0  7.560  1.790  -29.270  6.13  309.29  66.49  711.97  -9999.00  -9999.00  -9999.00
83461.0  7.600  1.830  -29.270  6.14  309.27  66.48  712.53  -9999.00  -9999.00  -9999.00
83462.0  7.680  1.860  -29.270  6.15  309.29  66.29  713.02  -9999.00  -9999.00  -9999.00
83463.0  7.800  1.900  -29.270  6.16  309.37  65.90  713.50  -9999.00  -9999.00  -9999.00
83464.0  7.860  1.930  -29.270  6.17  309.36  65.78  714.06  -9999.00  -9999.00  -9999.00
83465.0  7.940  1.960  -29.270  6.18  309.36  65.60  714.73  -9999.00  -9999.00  -9999.00
83466.0  7.950  2.010  -29.270  6.20  309.31  65.78  715.25  -9999.00  -9999.00  -9999.00
83467.0  8.020  2.080  -29.270  6.22  309.32  65.77  715.77  -9999.00  -9999.00  -9999.00
83468.0  7.940  2.120  -29.270  6.24  309.18  66.33  716.27  -9999.00  -9999.00  -9999.00
83469.0  7.950  2.180  -29.270  6.26  309.12  66.57  716.90  -9999.00  -9999.00  -9999.00
83470.0  8.020  2.250  -29.270  6.29  309.10  66.60  717.61  -9999.00  -9999.00  -9999.00
83471.0  8.060  2.310  -29.270  6.31  309.06  66.68  718.34  -9999.00  -9999.00  -9999.00
83472.0  8.100  2.380  -29.270  6.33  309.01  66.87  719.05  -9999.00  -9999.00  -9999.00
83473.0  8.170  2.440  -29.270  6.35  309.00  66.82  719.77  -9999.00  -9999.00  -9999.00
83474.0  8.250  2.500  -29.270  6.37  308.99  66.72  720.56  -9999.00  -9999.00  -9999.00
83475.0  8.220  2.550  -29.270  6.39  308.89  67.09  721.15  -9999.00  -9999.00  -9999.00
83476.0  8.290  2.600  -29.270  6.41  308.88  67.00  721.83  -9999.00  -9999.00  -9999.00
83477.0  8.300  2.650  -29.270  6.43  308.83  67.18  722.34  -9999.00  -9999.00  -9999.00
83478.0  8.350  2.710  -29.270  6.45  308.79  67.26  723.08  -9999.00  -9999.00  -9999.00
83479.0  8.430  2.780  -29.270  6.47  308.79  67.26  723.82  -9999.00  -9999.00  -9999.00
83480.0  8.430  2.860  -29.270  6.51  308.70  67.66  724.54  -9999.00  -9999.00  -9999.00
83481.0  8.330  2.950  -29.270  6.54  308.49  68.55  725.36  -9999.00  -9999.00  -9999.00
83482.0  8.390  3.030  -29.270  6.57  308.47  68.64  726.09  -9999.00  -9999.00  -9999.00
83483.0  8.450  3.110  -29.270  6.60  308.44  68.77  726.86  -9999.00  -9999.00  -9999.00
83484.0  8.520  3.190  -29.270  6.63  308.44  68.79  727.52  -9999.00  -9999.00  -9999.00
83485.0  8.580  3.260  -29.270  6.66  308.41  68.91  728.28  -9999.00  -9999.00  -9999.00
83486.0  8.670  3.320  -29.270  6.68  308.41  68.78  729.08  -9999.00  -9999.00  -9999.00
83487.0  8.630  3.380  -29.270  6.70  308.29  69.22  729.76  -9999.00  -9999.00  -9999.00
83488.0  8.550  3.450  -29.270  6.73  308.11  69.95  730.50  -9999.00  -9999.00  -9999.00
83489.0  8.580  3.500  -29.270  6.75  308.05  70.07  731.36  -9999.00  -9999.00  -9999.00
83490.0  8.630  3.560  -29.260  6.77  308.01  70.09  732.07  -9999.00  -9999.00  -9999.00
83491.0  8.690  3.600  -29.270  6.78  308.00  70.08  732.72  -9999.00  -9999.00  -9999.00
83492.0  8.770  3.630  -29.270  6.79  308.01  69.79  733.36  -9999.00  -9999.00  -9999.00
