flight/WP3D/AircraftPos_NP3_20130618_RA.ict
38  1001
Ken Aikin
NOAA ESRL Chemical Sciences Division
various aircraft sensors
SENEX 2013
1  1
2013  06  18  2013  06  18
1
AOCTimewave
5
1  1  1  1  1 
-9999  -9999  -9999  -9999  -9999
GpsLat  deg
GpsLon  deg
GpsAlt  m
PAlt  m
RAlt  m
1
SPECIAL COMMENTS:Aborted St. Louis flight. Flaps light came on.
18
PI_CONTACT_INFO: Address: NOAA ESRL Chemical Sciences Division  Mail Stop R/CSD7  325 Broadway  Boulder  CO 80305
PLATFORM: NOAA WP-3D
LOCATION: The aircraft was stationed in Smyrna  Tennessee. Aircraft location information in AircraftPosition file.
ASSOCIATED_DATA: N/A
INSTRUMENT_INFO: N/A
DATA_INFO: Units:GpsLat:decimal degrees; GpsLon: decimal degrees; GpsAlt: meters; PAlt:meters; RAlt: meters.
UNCERTAINTY: N/A
ULOD_FLAG: -7777
ULOD_VALUE: N/A
LLOD_FLAG: -8888
LLOD_VALUE: N/A
DM_CONTACT_INFO: Data Manager:Ken Aikin; email:Kenneth.C.Aikin@noaa.gov
PROJECT_INFO: SENEX 2013 Study; June 1 - July 15  2013
STIPULATIONS_ON_USE: Use of these data require prior ok from PI.
OTHER_COMMENTS:       None
REVISION: RA
RA: Preliminary Data.  For in-field use.
AOCTimewave  GpsLat  GpsLon  GpsAlt  PAlt  RAlt
[from data line 4646]
83442.0  35.6251   -87.0913   1265.5   1198.1   1066.2
83443.0  35.6252   -87.0924   1265.5   1199.2   1066.2
83444.0  35.6253   -87.0935   1265.8   1198.9   1063.3
83445.0  35.6255   -87.0946   1266.7   1197.2   1064.5
83446.0  35.6256   -87.0957   1266.7   1200.1   1060.9
83447.0  35.6257   -87.0968   1266.7   1199.5   1064.0
83448.0  35.6258   -87.0979   1265.5   1198.9   1067.4
83449.0  35.6260   -87.0990   1265.7   1199.9   1053.8
83450.0  35.6261   -87.1001   1266.7   1197.7   1053.2
83451.0  35.6262   -87.1012   1266.7   1197.3   1054.4
83452.0  35.6264   -87.1023   1266.7   1198.9   1056.2
83453.0  35.6265   -87.1034   1266.7   1198.0   1070.1
83454.0  35.6266   -87.1045   1266.7   1199.7   1079.3
83455.0  35.6268   -87.1056   1266.7   1199.6   1086.7
83456.0  35.6269   -87.1067   1266.7   1200.1   1072.4
83457.0  35.6270   -87.1078   1266.7   1199.4   1069.1
83458.0  35.6272   -87.1089   1266.7   1200.0   1070.3
83459.0  35.6273   -87.1100   1266.7   1200.2   1080.0
83460.0  35.6275   -87.1111   1266.7   1199.2   1073.9
83461.0  35.6276   -87.1121   1266.7   1199.7   1079.2
83462.0  35.6278   -87.1132   1266.7   1200.4   1080.4
83463.0  35.6279   -87.1143   1266.7   1200.3   1082.8
83464.0  35.6281   -87.1154   1266.7   1200.8   1087.0
83465.0  35.6282   -87.1165   1266.7   1200.1   1092.0
83466.0  35.6284   -87.1176   1266.7   1199.9   1087.7
83467.0  35.6285   -87.1187   1266.7   1198.8   1099.8
83468.0  35.6287   -87.1198   1266.7   1200.3   1109.2
83469.0  35.6288   -87.1209   1266.7   1199.6   1094.9
83470.0  35.6290   -87.1220   1266.7   1199.5   1100.3
83471.0  35.6291   -87.1231   1266.7   1200.0   1100.9
83472.0  35.6292   -87.1242   1266.7   1198.3   1098.8
83473.0  35.6294   -87.1253   1266.7   1198.0   1093.8
83474.0  35.6295   -87.1263   1266.1   1198.1   1097.6
83475.0  35.6297   -87.1274   1265.5   1199.4   1096.6
83476.0  35.6298   -87.1285   1265.5   1200.3   1091.5
83477.0  35.6300   -87.1296   1265.5   1201.1   1095.2
83478.0  35.6301   -87.1307   1265.5   1200.7   1098.9
83479.0  35.6302   -87.1318   1265.5   1200.2   1091.1
83480.0  35.6304   -87.1329   1265.5   1199.2   1086.9
83481.0  35.6305   -87.1340   1265.6   1200.9   1088.8
83482.0  35.6306   -87.1351   1266.7   1200.0   1085.9
83483.0  35.6308   -87.1362   1266.7   1200.4   1086.2
83484.0  35.6309   -87.1373   1266.7   1198.7   1095.3
83485.0  35.6310   -87.1384   1266.7   1198.8   1097.6
83486.0  35.6311   -87.1395   1266.7   1199.4   1095.5
83487.0  35.6313   -87.1406   1266.7   1199.8   1086.1
83488.0  35.6314   -87.1417   1266.7   1199.2   1079.6
83489.0  35.6315   -87.1428   1266.7   1198.3   1071.1
83490.0  35.6317   -87.1439   1267.5   1199.3   1072.1
83491.0  35.6318   -87.1450   1268.0   1199.6   1078.4
83492.0  35.6319   -87.1461   1268.0   1199.5   1073.9
83493.0  35.6320   -87.1472   1268.0   1201.1   1079.1
83494.0  35.6322   -87.1483   1268.0   1201.0   1074.3
83495.0  35.6323   -87.1494   1268.0   1201.8   1076.1
83496.0  35.6324   -87.1504   1268.0   1201.3   1074.8
83497.0  35.6326   -87.1515   1268.0   1201.7   1077.7
83498.0  35.6327   -87.1526   1268.0   1202.4   1073.6
83499.0  35.6328   -87.1537   1268.0   1200.2   1066.4
83500.0  35.6329   -87.1548   1268.0   1200.4   1060.9
83501.0  35.6331   -87.1559   1268.0   1200.5   1056.6
83502.0  35.6332   -87.1570   1268.0   1199.9   1051.3
83503.0  35.6333   -87.1581   1268.0   1197.7   1049.4
83504.0  35.6335   -87.1592   1268.0   1198.9   1052.2
83505.0  35.6336   -87.1603   1268.0   1198.8   1057.5
83506.0  35.6337   -87.1614   1268.0   1198.9   1058.7
83507.0  35.6339   -87.1625   1268.0   1200.1   1054.3
83508.0  35.6340   -87.1636   1268.0   1198.7   1054.9
83509.0  35.6341   -87.1647   1267.4   1199.7   1055.1
83510.0  35.6343   -87.1658   1266.7   1198.4   1056.7
83511.0  35.6344   -87.1669   1266.7   1200.4   1055.3
83512.0  35.6345   -87.1680   1266.7   1199.9   1060.2
83513.0  35.6346   -87.1691   1266.7   1199.9   1063.6
83514.0  35.6348   -87.1702   1266.7   1200.2   1060.4
83515.0  35.6349   -87.1712   1266.7   1198.4   1068.3
83516.0  35.6350   -87.1723   1265.7   1197.7   1057.4
83517.0  35.6352   -87.1734   1265.5   1199.8   1050.8
83518.0  35.6353   -87.1745   1266.5   1199.3   1032.5
83519.0  35.6354   -87.1756   1266.7   1199.2   1028.5
83520.0  35.6356   -87.1767   1266.7   1199.4   1027.5
83521.0  35.6357   -87.1778   1266.7   1199.8   1036.4
83522.0  35.6358   -87.1789   1266.7   1199.6   1049.5
83523.0  35.6360   -87.1800   1266.7   1200.0   1048.4
83524.0  35.6361   -87.1811   1266.7   1199.3   1057.4
83525.0  35.6362   -87.1822   1266.7   1198.8   1061.9
83526.0  35.6364   -87.1833   1266.7   1199.0   1064.8
83527.0  35.6365   -87.1844   1267.1   1200.1   1070.9
83528.0  35.6366   -87.1855   1266.7   1199.0   1073.9
83529.0  35.6367   -87.1866   1266.7   1199.7   1072.0
83530.0  35.6369   -87.1877   1266.7   1199.1   1081.0
83531.0  35.6370   -87.1888   1266.7   1199.5   1079.8
83532.0  35.6371   -87.1899   1266.7   1199.1   1083.2
83533.0  35.6373   -87.1910   1266.7   1197.5   1088.1
83534.0  35.6374   -87.1921   1267.9   1197.5   1084.0
83535.0  35.6375   -87.1932   1268.0   1200.1   1090.9
83536.0  35.6377   -87.1943   1268.0   1200.3   1094.0
83537.0  35.6378   -87.1954   1268.0   1199.8   1097.7
83538.0  35.6379   -87.1964   1268.0   1200.1   1098.6
83539.0  35.6381   -87.1975   1268.0   1199.4   1095.2
83540.0  35.6382   -87.1986   1268.0   1199.8   1106.0
83541.0  35.6384   -87.1997   1268.0   1199.9   1110.5
83542.0  35.6386   -87.2008   1267.7   1200.1   1113.0
83543.0  35.6388   -87.2019   1266.7   1201.7   1107.2
83544.0  35.6390   -87.2029   1266.7   1201.3   1105.0
83545.0  35.6393   -87.2040   1266.7   1202.2   1102.4
83546.0  35.6396   -87.2050   1266.7   1200.5   1102.4
83547.0  35.6400   -87.2060   1266.7   1200.9   1107.0
83548.0  35.6404   -87.2070   1266.7   1201.8   1100.6
83549.0  35.6408   -87.2079   1266.7   1202.2   1100.0
83550.0  35.6413   -87.2088   1266.7   1202.0   1103.6
83551.0  35.6418   -87.2097   1266.7   1201.4   1111.7
83552.0  35.6424   -87.2106   1266.7   1201.9   1110.7
83553.0  35.6429   -87.2114   1266.7   1200.9   1104.3
83554.0  35.6435   -87.2122   1265.9   1200.6   1102.7
83555.0  35.6442   -87.2129   1265.6   1199.5   1106.2
83556.0  35.6448   -87.2136   1266.7   1197.8   1099.8
83557.0  35.6455   -87.2142   1266.6   1198.8   1098.7
83558.0  35.6462   -87.2148   1265.5   1198.9   1084.9
83559.0  35.6470   -87.2154   1265.5   1198.7   1082.6
83560.0  35.6477   -87.2159   1265.5   1198.1   1096.2
83561.0  35.6485   -87.2164   1265.5   1197.0   1104.0
83562.0  35.6493   -87.2168   1265.5   1196.6   1110.0
83563.0  35.6501   -87.2172   1265.5   1197.4   1095.5
83564.0  35.6509   -87.2175   1265.5   1196.8   1087.9
83565.0  35.6517   -87.2177   1265.5   1197.4   1084.4
83566.0  35.6525   -87.2179   1265.5   1198.9   1084.8
83567.0  35.6534   -87.2181   1265.5   1198.2   1089.1
83568.0  35.6542   -87.2181   1265.5   1198.1   1082.8
83569.0  35.6551   -87.2182   1265.4   1198.0   1084.3
83570.0  35.6559   -87.2181   1264.3   1196.7   1077.6
83571.0  35.6568   -87.2181   1264.3   1196.9   1066.6
83572.0  35.6576   -87.2179   1264.1   1195.8   1049.6
83573.0  35.6584   -87.2177   1263.1   1196.1   1047.2
83574.0  35.6592   -87.2175   1263.8   1196.4   1038.6
83575.0  35.6600   -87.2172   1264.3   1194.5   1040.6
83576.0  35.6608   -87.2168   1264.3   1193.6   1037.4
83577.0  35.6616   -87.2164   1264.3   1195.0   1039.2
83578.0  35.6623   -87.2159   1264.3   1196.4   1031.1
83579.0  35.6630   -87.2154   1265.2   1197.7   1041.6
83580.0  35.6637   -87.2149   1265.5   1197.5   1046.4
83581.0  35.6644   -87.2142   1265.5   1198.5   1038.8
83582.0  35.6650   -87.2136   1265.5   1198.1   1042.7
83583.0  35.6656   -87.2129   1265.5   1200.1   1047.2
83584.0  35.6662   -87.2122   1265.7   1199.4   1047.7
83585.0  35.6667   -87.2114   1266.7   1198.7   1054.4
83586.0  35.6672   -87.2106   1266.7   1200.2   1053.3
83587.0  35.6677   -87.2098   1266.7   1201.1   1047.5
83588.0  35.6681   -87.2089   1266.7   1200.6   1061.5
83589.0  35.6685   -87.2080   1267.8   1201.0   1073.9
83590.0  35.6688   -87.2071   1268.0   1201.8   1085.6
83591.0  35.6691   -87.2061   1268.0   1201.1   1095.1
83592.0  35.6694   -87.2052   1268.0   1200.9   1099.9
83593.0  35.6696   -87.2042   1268.0   1201.0   1098.0
83594.0  35.6697   -87.2032   1268.0   1200.1   1096.1
83595.0  35.6698   -87.2022   1268.0   1199.1   1090.7
83596.0  35.6699   -87.2012   1268.0   1199.9   1094.9
83597.0  35.6699   -87.2002   1268.0   1201.6   1103.8
83598.0  35.6699   -87.1992   1268.0   1201.9   1107.3
83599.0  35.6698   -87.1981   1268.0   1201.1   1106.4
83600.0  35.6697   -87.1971   1268.0   1202.4   1106.7
83601.0  35.6695   -87.1961   1268.0   1201.7   1102.0
83602.0  35.6693   -87.1951   1268.0   1200.3   1100.3
83603.0  35.6691   -87.1942   1268.0   1200.5   1103.6
83604.0  35.6688   -87.1932   1268.0   1200.4   1106.1
83605.0  35.6684   -87.1923   1268.0   1201.7   1101.4
83606.0  35.6680   -87.1914   1267.3   1202.3   1103.7
83607.0  35.6676   -87.1905   1266.7   1201.3   1105.0
83608.0  35.6672   -87.1896   1266.7   1200.5   1106.0
83609.0  35.6667   -87.1887   1266.7   1199.1   1094.4
83610.0  35.6662   -87.1879   1266.3   1199.8   1089.7
83611.0  35.6657   -87.1870   1265.5   1199.4   1089.6
83612.0  35.6652   -87.1862   1264.5   1197.2   1085.8
83613.0  35.6647   -87.1854   1264.1   1196.6   1078.9
83614.0  35.6642   -87.1845   1263.1   1195.9   1078.9
83615.0  35.6637   -87.1837   1263.1   1194.6   1088.5
83616.0  35.6631   -87.1829   1263.1   1194.6   1076.0
83617.0  35.6626   -87.1821   1263.1   1194.6   1067.4
83618.0  35.6621   -87.1813   1263.1   1194.4   1063.7
83619.0  35.6616   -87.1804   1261.9   1193.0   1065.0
83620.0  35.6610   -87.1796   1261.9   1193.2   1056.3
83621.0  35.6605   -87.1788   1261.9   1194.0   1059.9
83622.0  35.6600   -87.1779   1262.5   1195.4   1051.0
83623.0  35.6595   -87.1771   1263.1   1196.8   1050.5
83624.0  35.6590   -87.1763   1263.1   1196.1   1059.1
83625.0  35.6584   -87.1754   1263.6   1196.8   1058.8
83626.0  35.6579   -87.1746   1264.3   1197.9   1056.2
83627.0  35.6574   -87.1738   1264.5   1197.5   1055.6
83628.0  35.6569   -87.1729   1265.5   1197.5   1050.8
83629.0  35.6564   -87.1721   1265.5   1198.5   1054.7
83630.0  35.6559   -87.1712   1266.4   1201.3   1052.5
83631.0  35.6554   -87.1704   1266.7   1200.5   1054.8
83632.0  35.6549   -87.1696   1266.7   1200.4   1061.1
83633.0  35.6544   -87.1687   1267.5   1200.8   1049.7
83634.0  35.6538   -87.1679   1268.0   1201.5   1046.7
83635.0  35.6533   -87.1671   1268.0   1201.2   1039.1
83636.0  35.6528   -87.1662   1268.0   1201.0   1035.9
83637.0  35.6523   -87.1654   1268.0   1202.7   1028.9
83638.0  35.6518   -87.1645   1268.0   1200.9   1033.7
83639.0  35.6513   -87.1637   1268.0   1200.0   1030.9
83640.0  35.6508   -87.1628   1268.0   1200.7   1030.5
83641.0  35.6503   -87.1620   1268.0   1200.9   1027.2
83642.0  35.6497   -87.1612   1268.0   1200.8   1035.0
83643.0  35.6492   -87.1603   1268.0   1202.7   1048.6
83644.0  35.6487   -87.1595   1268.0   1200.0   1064.1
83645.0  35.6482   -87.1587   1268.0   1199.5   1069.4
83646.0  35.6477   -87.1578   1268.0   1199.1   1081.4
83647.0  35.6472   -87.1570   1267.6   1197.8   1080.4
83648.0  35.6466   -87.1561   1267.6   1198.6   1076.1
83649.0  35.6461   -87.1553   1268.0   1199.6   1076.7
83650.0  35.6456   -87.1544   1268.0   1200.4   1089.3
83651.0  35.6451   -87.1536   1268.0   1201.3   1089.9
83652.0  35.6446   -87.1528   1268.0   1201.1   1093.3
83653.0  35.6441   -87.1519   1268.0   1202.9   1074.4
83654.0  35.6435   -87.1511   1268.0   1203.5   1073.6
83655.0  35.6430   -87.1502   1268.0   1201.2   1074.5
83656.0  35.6425   -87.1494   1268.0   1201.4   1075.5
83657.0  35.6420   -87.1486   1268.0   1201.6   1082.0
83658.0  35.6415   -87.1477   1268.0   1200.6   1086.3
83659.0  35.6409   -87.1469   1268.0   1200.8   1088.4
83660.0  35.6404   -87.1460   1268.0   1201.6   1093.1
83661.0  35.6399   -87.1452   1268.0   1201.9   1096.2
83662.0  35.6394   -87.1443   1268.0   1201.6   1094.5
83663.0  35.6389   -87.1435   1268.0   1201.5   1084.5
83664.0  35.6383   -87.1426   1268.0   1202.3   1076.8
83665.0  35.6378   -87.1418   1268.0   1200.7   1081.1
83666.0  35.6373   -87.1410   1268.0   1202.2   1072.5
83667.0  35.6368   -87.1401   1268.0   1199.9   1072.8
83668.0  35.6362   -87.1393   1268.0   1199.8   1069.5
83669.0  35.6357   -87.1384   1268.0   1200.8   1080.1
83670.0  35.6352   -87.1376   1269.2   1201.0   1079.8
83671.0  35.6347   -87.1367   1269.1   1201.0   1080.4
83672.0  35.6342   -87.1359   1268.7   1201.9   1084.3
83673.0  35.6336   -87.1350   1269.2   1201.6   1100.1
83674.0  35.6331   -87.1342   1269.2   1201.2   1106.7
83675.0  35.6326   -87.1334   1269.1   1201.4   1105.4
83676.0  35.6320   -87.1325   1268.6   1200.7   1100.0
83677.0  35.6315   -87.1317   1269.2   1200.7   1100.9
83678.0  35.6310   -87.1308   1268.1   1200.6   1099.2
83679.0  35.6305   -87.1300   1268.0   1200.1   1093.5
83680.0  35.6300   -87.1291   1268.0   1200.4   1096.7
83681.0  35.6295   -87.1282   1268.0   1199.8   1100.1
83682.0  35.6291   -87.1273   1267.6   1199.9   1096.9
83683.0  35.6286   -87.1264   1266.7   1199.4   1100.5
83684.0  35.6282   -87.1254   1266.7   1198.7   1094.7
83685.0  35.6279   -87.1245   1266.7   1199.5   1094.4
83686.0  35.6275   -87.1235   1266.7   1199.4   1096.1
83687.0  35.6272   -87.1226   1266.7   1199.1   1092.7
83688.0  35.6269   -87.1216   1266.5   1198.4   1090.8
83689.0  35.6267   -87.1206   1265.5   1198.0   1091.2
83690.0  35.6264   -87.1196   1265.5   1196.9   1089.5
83691.0  35.6262   -87.1186   1265.5   1198.9   1106.1
83692.0  35.6261   -87.1175   1265.5   1198.8   1101.5
83693.0  35.6259   -87.1165   1265.5   1197.8   1097.2
83694.0  35.6258   -87.1155   1265.5   1198.3   1095.2
83695.0  35.6257   -87.1145   1265.5   1198.8   1092.6
83696.0  35.6255   -87.1134   1265.5   1198.4   1094.3
83697.0  35.6254   -87.1124   1265.7   1198.2   1090.2
83698.0  35.6253   -87.1114   1266.7   1200.3   1081.6
83699.0  35.6252   -87.1104   1266.7   1199.0   1072.8
83700.0  35.6251   -87.1094   1266.7   1197.0   1073.0
83701.0  35.6250   -87.1083   1266.7   1196.9   1071.7
83702.0  35.6249   -87.1073   1267.5   1199.7   1075.9
83703.0  35.6248   -87.1063   1267.9   1199.5   1077.5
83704.0  35.6247   -87.1053   1266.7   1200.3   1070.9
83705.0  35.6245   -87.1042   1267.0   1201.2   1064.6
83706.0  35.6244   -87.1032   1268.0   1201.0   1069.3
83707.0  35.6243   -87.1022   1268.0   1202.3   1067.2
83708.0  35.6242   -87.1012   1268.0   1201.8   1064.8
83709.0  35.6241   -87.1002   1268.0   1202.3   1069.6
83710.0  35.6240   -87.0991   1268.0   1202.9   1064.2
83711.0  35.6239   -87.0981   1268.0   1202.1   1065.4
83712.0  35.6237   -87.0971   1268.0   1200.7   1064.2
83713.0  35.6236   -87.0961   1268.0   1200.8   1065.7
83714.0  35.6235   -87.0950   1268.0   1199.6   1068.1
83715.0  35.6234   -87.0940   1268.0   1201.4   1060.3
83716.0  35.6233   -87.0930   1268.0   1201.1   1060.9
83717.0  35.6232   -87.0920   1268.0   1200.9   1059.0
83718.0  35.6230   -87.0910   1268.0   1200.0   1054.2
83719.0  35.6229   -87.0899   1268.0   1201.8   1067.8
83720.0  35.6228   -87.0889   1268.0   1202.0   1071.1
83721.0  35.6227   -87.0879   1268.0   1201.9   1071.8
83722.0  35.6226   -87.0869   1267.8   1200.7   1067.5
83723.0  35.6225   -87.0858   1266.7   1200.7   1075.5
83724.0  35.6223   -87.0848   1266.7   1200.1   1078.4
83725.0  35.6222   -87.0838   1266.7   1200.0   1080.1
83726.0  35.6221   -87.0828   1266.7   1199.9   1086.6
83727.0  35.6220   -87.0817   1266.7   1198.8   1087.8
83728.0  35.6219   -87.0807   1266.7   1198.3   1081.5
83729.0  35.6218   -87.0797   1266.7   1198.1   1092.5
83730.0  35.6216   -87.0787   1266.7   1199.6   1086.7
83731.0  35.6215   -87.0777   1266.7   1201.1   1089.3
