flight/WP3D/AircraftPos_NP3_20130626_RA.ict
38  1001
Ken Aikin
NOAA ESRL Chemical Sciences Division
various aircraft sensors
SENEX 2013
1  1
2013  06  26  2013  06  26
1
AOCTimewave
5
1  1  1  1  1 
-9999  -9999  -9999  -9999  -9999
GpsLat  deg
GpsLon  deg
GpsAlt  m
PAlt  m
RAlt  m
1
SPECIAL COMMENTS:Fayetteville shale flight.
18
PI_CONTACT_INFO: Address: NOAA ESRL Chemical Sciences Division  Mail Stop R/CSD7  325 Broadway  Boulder  CO 80305
PLATFORM: NOAA WP-3D
LOCATION: The aircraft was stationed in Smyrna  Tennessee. Aircraft location information in AircraftPosition file.
ASSOCIATED_DATA: N/A
INSTRUMENT_INFO: N/A
DATA_INFO: Units:GpsLat:decimal degrees; GpsLon: decimal degrees; GpsAlt: meters; PAlt:meters; RAlt: meters.
UNCERTAINTY: N/A
ULOD_FLAG: -7777
ULOD_VALUE: N/A
LLOD_FLAG: -8888
LLOD_VALUE: N/A
DM_CONTACT_INFO: Data Manager:Ken Aikin; email:Kenneth.C.Aikin@noaa.gov
PROJECT_INFO: SENEX 2013 Study; June 1 - July 15  2013
STIPULATIONS_ON_USE: Use of these data require prior ok from PI.
OTHER_COMMENTS:       None
REVISION: RA
RA: Preliminary Data.  For in-field use.
AOCTimewave  GpsLat  GpsLon  GpsAlt  PAlt  RAlt
[from data line 9891]
63759.0  35.7026   -93.5435   1294.8   1200.2    871.1
63760.0  35.7026   -93.5447   1294.8   1201.5    858.9
63761.0  35.7025   -93.5459   1295.6   1202.3    858.9
63762.0  35.7025   -93.5471   1296.0   1204.0    858.8
63763.0  35.7025   -93.5482   1295.6   1204.6    863.2
63764.0  35.7025   -93.5494   1294.8   1203.2    886.8
63765.0  35.7025   -93.5506   1295.4   1203.4    897.0
63766.0  35.7024   -93.5518   1295.7   1203.0    900.0
63767.0  35.7024   -93.5530   1296.0   1204.7    891.8
63768.0  35.7024   -93.5542   1296.9   1205.4    878.7
63769.0  35.7024   -93.5553   1297.2   1205.3    862.1
63770.0  35.7024   -93.5565   1297.2   1206.4    857.3
63771.0  35.7023   -93.5577   1297.2   1207.8    844.4
63772.0  35.7023   -93.5589   1297.2   1206.9    841.6
63773.0  35.7023   -93.5601   1297.2   1204.8    845.1
63774.0  35.7023   -93.5613   1296.3   1205.1    849.4
63775.0  35.7023   -93.5625   1296.0   1203.4    841.2
63776.0  35.7022   -93.5637   1297.0   1204.5    839.5
63777.0  35.7022   -93.5649   1297.0   1204.2    841.6
63778.0  35.7022   -93.5661   1296.0   1204.1    840.1
63779.0  35.7022   -93.5673   1295.9   1203.0    839.3
63780.0  35.7022   -93.5685   1294.8   1202.8    850.7
63781.0  35.7022   -93.5697   1294.8   1202.9    855.8
63782.0  35.7021   -93.5709   1294.8   1201.7    858.5
63783.0  35.7021   -93.5721   1294.0   1201.2    880.8
63784.0  35.7021   -93.5733   1293.6   1200.6    912.6
63785.0  35.7021   -93.5745   1292.5   1200.5    934.2
63786.0  35.7020   -93.5757   1291.5   1198.7    951.2
63787.0  35.7020   -93.5769   1291.1   1197.8    946.6
63788.0  35.7020   -93.5781   1291.1   1198.5    920.2
63789.0  35.7020   -93.5793   1290.5   1199.0    906.7
63790.0  35.7020   -93.5805   1291.1   1200.6    881.6
63791.0  35.7019   -93.5817   1291.3   1199.8    866.2
63792.0  35.7019   -93.5829   1292.4   1201.6    859.9
63793.0  35.7019   -93.5841   1292.4   1200.3    834.7
63794.0  35.7019   -93.5853   1292.8   1201.4    817.2
63795.0  35.7019   -93.5866   1293.6   1200.3    807.4
63796.0  35.7018   -93.5878   1294.2   1201.9    815.2
63797.0  35.7018   -93.5890   1294.8   1201.5    808.8
63798.0  35.7018   -93.5902   1294.8   1202.1    817.6
63799.0  35.7018   -93.5914   1295.2   1203.0    824.3
63800.0  35.7018   -93.5926   1296.0   1204.7    827.7
63801.0  35.7018   -93.5938   1296.0   1207.2    842.2
63802.0  35.7018   -93.5950   1296.4   1205.5    871.1
63803.0  35.7017   -93.5962   1296.1   1205.0    895.9
63804.0  35.7017   -93.5975   1296.6   1205.1    919.9
63805.0  35.7017   -93.5987   1296.0   1205.4    944.9
63806.0  35.7017   -93.5999   1296.0   1205.0    952.7
63807.0  35.7017   -93.6011   1296.0   1204.5    945.9
63808.0  35.7017   -93.6023   1294.9   1202.7    916.8
63809.0  35.7017   -93.6036   1294.7   1202.5    910.4
63810.0  35.7016   -93.6048   1293.6   1201.4    903.4
63811.0  35.7016   -93.6060   1293.6   1202.0    884.2
63812.0  35.7016   -93.6072   1292.4   1201.1    877.9
63813.0  35.7016   -93.6084   1292.4   1201.1    882.1
63814.0  35.7015   -93.6097   1292.4   1201.9    877.1
63815.0  35.7015   -93.6109   1292.4   1201.5    860.9
63816.0  35.7015   -93.6121   1292.4   1198.9    854.0
63817.0  35.7015   -93.6133   1293.4   1200.3    827.1
63818.0  35.7014   -93.6146   1294.7   1201.2    810.0
63819.0  35.7014   -93.6158   1294.2   1201.9    784.3
63820.0  35.7014   -93.6170   1293.6   1201.1    765.9
63821.0  35.7014   -93.6183   1293.6   1203.1    758.1
63822.0  35.7013   -93.6195   1293.6   1201.3    759.1
63823.0  35.7013   -93.6207   1293.6   1203.4    768.6
63824.0  35.7013   -93.6220   1294.2   1202.6    771.3
63825.0  35.7013   -93.6232   1294.8   1203.4    772.0
63826.0  35.7013   -93.6245   1294.2   1203.4    769.9
63827.0  35.7013   -93.6257   1293.6   1201.5    769.1
63828.0  35.7012   -93.6269   1293.0   1202.2    767.2
63829.0  35.7012   -93.6281   1293.0   1202.0    781.2
63830.0  35.7012   -93.6294   1292.6   1203.1    781.5
63831.0  35.7012   -93.6306   1292.4   1202.7    797.8
63832.0  35.7012   -93.6319   1293.2   1203.8    802.4
63833.0  35.7012   -93.6331   1293.6   1203.1    813.9
63834.0  35.7012   -93.6343   1293.6   1201.4    835.2
63835.0  35.7011   -93.6356   1294.5   1203.0    861.0
63836.0  35.7011   -93.6368   1294.9   1203.1    891.8
63837.0  35.7011   -93.6381   1296.0   1204.4    918.7
63838.0  35.7011   -93.6393   1296.0   1204.2    952.0
63839.0  35.7011   -93.6405   1296.0   1204.5    979.7
63840.0  35.7011   -93.6418   1297.1   1205.9   1010.7
63841.0  35.7010   -93.6430   1297.2   1206.7   1022.7
63842.0  35.7010   -93.6443   1297.2   1206.1   1025.8
63843.0  35.7010   -93.6455   1297.2   1206.1   1026.9
63844.0  35.7010   -93.6468   1298.1   1207.1   1017.6
63845.0  35.7010   -93.6480   1298.4   1207.9   1010.0
63846.0  35.7009   -93.6492   1298.4   1207.6   1001.3
63847.0  35.7009   -93.6505   1298.4   1208.1    996.2
63848.0  35.7009   -93.6517   1298.4   1209.0    997.6
63849.0  35.7009   -93.6530   1298.3   1208.3    996.1
63850.0  35.7009   -93.6542   1297.2   1207.5    997.9
63851.0  35.7009   -93.6555   1297.2   1206.3   1007.8
63852.0  35.7009   -93.6567   1297.2   1205.0   1005.3
63853.0  35.7008   -93.6580   1296.2   1205.2   1001.1
63854.0  35.7008   -93.6592   1294.9   1203.8    985.4
63855.0  35.7008   -93.6605   1293.6   1202.8    960.8
63856.0  35.7008   -93.6617   1292.5   1202.0    940.1
63857.0  35.7008   -93.6630   1291.4   1200.3    927.3
63858.0  35.7008   -93.6643   1291.1   1198.6    922.3
63859.0  35.7008   -93.6655   1290.2   1199.2    921.5
63860.0  35.7007   -93.6668   1289.9   1200.0    915.6
63861.0  35.7007   -93.6680   1289.9   1200.2    909.5
63862.0  35.7007   -93.6693   1289.9   1199.8    895.8
63863.0  35.7007   -93.6705   1290.7   1200.2    885.6
63864.0  35.7007   -93.6718   1291.8   1201.2    877.4
63865.0  35.7006   -93.6730   1292.4   1201.8    867.0
63866.0  35.7006   -93.6743   1292.4   1200.5    849.5
63867.0  35.7006   -93.6756   1291.4   1199.4    820.2
63868.0  35.7006   -93.6768   1291.8   1199.3    809.9
63869.0  35.7006   -93.6781   1291.4   1199.5    811.2
63870.0  35.7006   -93.6793   1290.4   1199.0    801.4
63871.0  35.7006   -93.6806   1289.9   1199.4    807.3
63872.0  35.7006   -93.6818   1289.9   1198.7    819.2
63873.0  35.7005   -93.6831   1289.9   1199.7    824.5
63874.0  35.7005   -93.6843   1289.9   1199.3    834.2
63875.0  35.7005   -93.6856   1290.9   1200.3    844.0
63876.0  35.7005   -93.6868   1291.1   1198.5    852.3
63877.0  35.7005   -93.6881   1291.1   1196.6    859.5
63878.0  35.7005   -93.6893   1291.1   1199.6    864.3
63879.0  35.7005   -93.6906   1291.4   1199.8    861.6
63880.0  35.7005   -93.6918   1292.4   1200.9    866.2
63881.0  35.7005   -93.6931   1292.6   1201.7    873.6
63882.0  35.7004   -93.6943   1293.6   1204.0    881.4
63883.0  35.7004   -93.6956   1293.6   1203.1    902.9
63884.0  35.7004   -93.6968   1293.6   1203.2    915.4
63885.0  35.7004   -93.6981   1294.3   1203.1    934.0
63886.0  35.7004   -93.6993   1294.8   1202.0    947.4
63887.0  35.7004   -93.7005   1294.8   1204.3    958.5
63888.0  35.7003   -93.7018   1294.8   1204.1    973.7
63889.0  35.7003   -93.7030   1294.8   1203.9    975.4
63890.0  35.7003   -93.7042   1294.8   1204.0    980.4
63891.0  35.7003   -93.7055   1294.8   1203.5    992.1
63892.0  35.7003   -93.7067   1294.8   1202.7   1011.3
63893.0  35.7003   -93.7080   1294.8   1203.3   1013.6
63894.0  35.7003   -93.7092   1294.8   1203.3   1026.0
63895.0  35.7003   -93.7104   1294.8   1204.3   1019.0
63896.0  35.7002   -93.7117   1294.8   1202.2   1017.4
63897.0  35.7002   -93.7129   1295.0   1202.4   1018.8
63898.0  35.7002   -93.7141   1295.9   1205.0   1032.3
63899.0  35.7002   -93.7154   1294.8   1204.4   1028.4
63900.0  35.7002   -93.7166   1294.8   1203.5   1028.0
63901.0  35.7002   -93.7178   1294.8   1204.4   1029.3
63902.0  35.7002   -93.7191   1294.8   1204.2    991.6
63903.0  35.7001   -93.7203   1294.7   1203.1    941.8
63904.0  35.7001   -93.7215   1293.6   1203.0    909.5
63905.0  35.7001   -93.7228   1293.1   1201.9    896.9
63906.0  35.7001   -93.7240   1292.4   1201.1    891.9
63907.0  35.7001   -93.7252   1292.0   1200.5    864.5
63908.0  35.7001   -93.7265   1291.1   1200.4    836.2
63909.0  35.7001   -93.7277   1291.1   1200.3    815.6
63910.0  35.7001   -93.7289   1290.2   1200.5    801.4
63911.0  35.7001   -93.7301   1289.9   1201.5    794.0
63912.0  35.7001   -93.7314   1289.9   1202.5    785.0
63913.0  35.7001   -93.7326   1289.9   1201.8    785.7
63914.0  35.7001   -93.7338   1289.9   1200.7    797.2
63915.0  35.7001   -93.7350   1289.9   1200.9    823.3
63916.0  35.7001   -93.7362   1289.9   1199.7    843.2
63917.0  35.7001   -93.7374   1289.9   1198.8    860.2
63918.0  35.7001   -93.7386   1287.5   1198.4    877.2
63919.0  35.7001   -93.7398   1287.5   1199.9    902.2
63920.0  35.7001   -93.7411   1287.5   1200.3    937.5
63921.0  35.7001   -93.7423   1288.3   1199.6    960.5
63922.0  35.7001   -93.7435   1288.7   1199.0    987.1
63923.0  35.7001   -93.7447   1288.7   1199.1   1010.5
63924.0  35.7001   -93.7459   1289.3   1200.2   1025.1
63925.0  35.7002   -93.7471   1289.9   1200.9   1043.9
63926.0  35.7002   -93.7483   1289.9   1201.9   1042.6
63927.0  35.7002   -93.7495   1289.9   1201.4   1041.0
63928.0  35.7002   -93.7507   1289.9   1200.9   1032.9
63929.0  35.7003   -93.7518   1289.9   1200.9   1007.2
63930.0  35.7003   -93.7530   1289.9   1201.4    994.2
63931.0  35.7003   -93.7542   1289.9   1201.2    978.7
63932.0  35.7004   -93.7554   1290.4   1201.6    964.0
63933.0  35.7004   -93.7566   1291.1   1202.6    944.3
63934.0  35.7004   -93.7578   1291.1   1204.1    920.3
63935.0  35.7004   -93.7590   1291.1   1203.7    891.2
63936.0  35.7005   -93.7601   1291.1   1203.8    880.0
63937.0  35.7005   -93.7613   1291.1   1203.0    856.2
63938.0  35.7005   -93.7625   1290.0   1201.2    845.5
63939.0  35.7006   -93.7637   1289.9   1202.7    843.6
63940.0  35.7006   -93.7648   1289.9   1202.0    835.3
63941.0  35.7006   -93.7660   1289.9   1201.3    833.6
63942.0  35.7007   -93.7672   1289.9   1201.0    843.5
63943.0  35.7007   -93.7684   1289.9   1200.9    851.2
63944.0  35.7007   -93.7696   1289.9   1200.9    871.1
63945.0  35.7007   -93.7708   1289.9   1200.5    892.5
63946.0  35.7008   -93.7719   1289.9   1198.7    911.0
63947.0  35.7008   -93.7731   1289.9   1198.7    927.4
63948.0  35.7008   -93.7743   1290.5   1201.2    938.1
63949.0  35.7008   -93.7755   1291.1   1201.9    951.1
63950.0  35.7009   -93.7766   1291.1   1202.3    971.7
63951.0  35.7009   -93.7778   1291.1   1202.4    987.6
63952.0  35.7009   -93.7790   1291.1   1202.3   1016.5
63953.0  35.7009   -93.7802   1291.1   1202.3   1030.0
63954.0  35.7010   -93.7813   1291.1   1201.6   1045.1
63955.0  35.7010   -93.7825   1290.5   1202.1   1051.9
63956.0  35.7010   -93.7837   1289.9   1202.3   1041.3
63957.0  35.7010   -93.7848   1289.9   1201.6   1042.5
63958.0  35.7011   -93.7860   1289.4   1200.3   1017.0
63959.0  35.7011   -93.7872   1288.7   1199.7   1005.2
63960.0  35.7011   -93.7884   1288.7   1199.6   1002.3
63961.0  35.7012   -93.7895   1287.5   1198.8    997.6
63962.0  35.7012   -93.7907   1287.5   1197.4    993.7
63963.0  35.7012   -93.7919   1287.5   1196.3    990.2
63964.0  35.7012   -93.7930   1287.5   1196.7    990.3
63965.0  35.7013   -93.7942   1287.5   1198.2    981.9
63966.0  35.7013   -93.7954   1287.5   1199.0    979.3
63967.0  35.7013   -93.7965   1287.5   1198.1    968.0
63968.0  35.7013   -93.7977   1287.5   1198.1    961.3
63969.0  35.7014   -93.7989   1288.7   1199.7    968.0
63970.0  35.7014   -93.8000   1288.7   1198.4    958.7
63971.0  35.7014   -93.8012   1288.7   1199.4    954.1
63972.0  35.7014   -93.8024   1288.7   1200.2    947.4
63973.0  35.7015   -93.8035   1289.5   1200.0    916.1
63974.0  35.7015   -93.8047   1289.9   1200.6    885.4
63975.0  35.7015   -93.8059   1291.1   1201.6    873.7
63976.0  35.7015   -93.8070   1291.1   1201.5    855.0
63977.0  35.7015   -93.8082   1291.7   1201.9    837.1
63978.0  35.7016   -93.8094   1292.4   1203.3    845.8
63979.0  35.7016   -93.8105   1292.4   1204.3    856.5
63980.0  35.7016   -93.8117   1293.4   1203.6    867.6
63981.0  35.7016   -93.8129   1293.6   1203.4    896.2
63982.0  35.7016   -93.8140   1293.6   1203.0    923.4
63983.0  35.7016   -93.8152   1293.6   1203.0    940.2
63984.0  35.7017   -93.8164   1293.6   1202.1    964.9
63985.0  35.7017   -93.8175   1293.6   1204.0    986.9
63986.0  35.7017   -93.8187   1293.6   1205.5   1016.0
63987.0  35.7017   -93.8199   1293.6   1204.5   1041.7
63988.0  35.7017   -93.8211   1293.6   1205.1   1053.2
63989.0  35.7017   -93.8222   1293.6   1206.0   1055.6
63990.0  35.7018   -93.8234   1292.6   1205.7   1044.8
63991.0  35.7018   -93.8246   1292.6   1203.6   1034.3
63992.0  35.7018   -93.8258   1293.6   1204.9   1038.4
63993.0  35.7018   -93.8270   1293.6   1203.4   1038.5
63994.0  35.7018   -93.8282   1293.6   1202.9   1039.1
63995.0  35.7018   -93.8293   1293.6   1202.4   1034.2
63996.0  35.7019   -93.8305   1293.4   1201.4   1027.6
63997.0  35.7019   -93.8317   1293.6   1201.7   1028.7
63998.0  35.7019   -93.8329   1293.6   1203.0   1030.9
63999.0  35.7019   -93.8341   1292.5   1202.7   1035.1
64000.0  35.7019   -93.8353   1292.4   1203.3   1038.0
64001.0  35.7019   -93.8365   1292.4   1201.8   1048.2
64002.0  35.7019   -93.8377   1291.4   1201.5   1046.4
64003.0  35.7019   -93.8389   1291.1   1201.0   1052.7
64004.0  35.7019   -93.8401   1290.0   1199.5   1058.3
64005.0  35.7018   -93.8413   1289.9   1198.4   1051.8
64006.0  35.7017   -93.8425   1288.9   1198.9   1040.0
64007.0  35.7016   -93.8437   1288.7   1199.5   1017.5
64008.0  35.7014   -93.8449   1288.7   1199.6   1017.7
64009.0  35.7013   -93.8460   1289.6   1198.9   1001.5
64010.0  35.7010   -93.8472   1289.9   1198.0    993.7
64011.0  35.7008   -93.8484   1289.9   1197.6    982.7
64012.0  35.7005   -93.8495   1289.9   1198.7    975.0
64013.0  35.7002   -93.8506   1290.5   1198.6    967.2
64014.0  35.6999   -93.8518   1291.1   1199.4    967.1
64015.0  35.6995   -93.8529   1291.1   1201.2    971.5
64016.0  35.6991   -93.8540   1291.1   1202.7    968.7
64017.0  35.6987   -93.8550   1291.6   1203.4    957.8
64018.0  35.6982   -93.8561   1292.4   1204.2    970.9
64019.0  35.6977   -93.8571   1292.4   1205.0    970.4
64020.0  35.6972   -93.8581   1292.4   1204.5    972.3
64021.0  35.6966   -93.8591   1291.6   1201.7    986.8
64022.0  35.6960   -93.8600   1291.3   1201.6   1002.1
64023.0  35.6954   -93.8609   1292.4   1203.5   1011.6
64024.0  35.6948   -93.8618   1293.5   1205.4   1016.7
64025.0  35.6941   -93.8627   1294.4   1205.7   1019.3
64026.0  35.6934   -93.8636   1294.8   1206.7   1011.9
64027.0  35.6927   -93.8644   1294.8   1206.9   1006.4
64028.0  35.6919   -93.8652   1294.8   1206.4   1001.6
64029.0  35.6911   -93.8659   1294.8   1205.5    999.8
64030.0  35.6903   -93.8666   1294.8   1207.8   1003.7
64031.0  35.6895   -93.8673   1293.9   1207.5    957.4
64032.0  35.6887   -93.8680   1293.6   1204.8    907.1
64033.0  35.6878   -93.8686   1293.6   1204.8    886.5
64034.0  35.6869   -93.8691   1293.6   1206.6    883.5
64035.0  35.6860   -93.8697   1293.7   1205.3    860.3
64036.0  35.6851   -93.8702   1293.6   1205.8    857.8
64037.0  35.6841   -93.8707   1293.6   1205.6    842.4
64038.0  35.6832   -93.8711   1292.8   1204.6    839.7
64039.0  35.6822   -93.8715   1292.4   1204.7    826.3
64040.0  35.6812   -93.8718   1291.4   1204.3    828.4
64041.0  35.6802   -93.8721   1290.8   1203.2    830.4
64042.0  35.6792   -93.8724   1289.9   1203.4    853.6
64043.0  35.6782   -93.8726   1289.9   1203.3    862.2
64044.0  35.6772   -93.8728   1288.9   1201.5    875.2
64045.0  35.6761   -93.8729   1288.7   1201.5    889.2
64046.0  35.6751   -93.8731   1288.7   1202.2    853.3
64047.0  35.6740   -93.8731   1288.7   1202.2    783.2
64048.0  35.6730   -93.8732   1288.7   1202.0    731.2
