flight/WP3D/AircraftMis_NP3_20130529_RA.ict
41  1001
Ken Aikin
NOAA ESRL Chemical Sciences Division
various aircraft sensors
SENEX 2013
1  1
2013  05  29  2013  05  29
1
AOCTimewave
8
1  1  1  1  1  1  1  1
-9999  -9999  -9999  -9999  -9999  -9999  -9999  -9999
Attack
CabinPrs
GndSpd
Heading
Pitch
Roll
Slip
TrueAirSpd
1
SPECIAL COMMENTS:Lots of AOC data system problems. Large gaps in data.
18
PI_CONTACT_INFO: Address: NOAA ESRL Chemical Sciences Division  Mail Stop R/CSD7  325 Broadway  Boulder  CO 80305
PLATFORM: NOAA WP-3D
LOCATION: The aircraft was stationed in  Smyrna  Tennessee. Aircraft location information in AircraftPosition file.
ASSOCIATED_DATA: N/A
INSTRUMENT_INFO: N/A
DATA_INFO: Units: Attack degrees; CabinPrs millibar; GndSpd m/s; Heading degrees; Pitch degrees; Roll degrees; Slip degrees; TrueAirSpd m/s
UNCERTAINTY: N/A
ULOD_FLAG: -7777
ULOD_VALUE: N/A
LLOD_FLAG: -8888
LLOD_VALUE: N/A
DM_CONTACT_INFO: Data Manager:Ken Aikin; email:Kenneth.C.Aikin@noaa.gov
PROJECT_INFO: SENEX 2013 Study; June 1 - July 15  2013
STIPULATIONS_ON_USE: Use of these data require prior ok from PI.
OTHER_COMMENTS:       None
REVISION: RA
RA: Preliminary Data.  For in-field use.
AOCTimewave  Attack  CabinPrs  GndSpd  Heading  Pitch  Roll  Slip  TrueAirSpd
[from data line 811]
76330.0  0.7  702.0  149.5  6.2  0.78  0.54  -0.80  146.6
76331.0  0.6  701.7  149.5  6.3  0.73  0.38  -0.80  146.8
76332.0  0.6  701.7  149.4  6.3  0.79  0.21  -0.80  147.3
76333.0  0.6  702.0  149.4  6.3  0.77  0.11  -0.82  147.1
76334.0  0.6  701.4  149.4  6.4  0.75  0.04  -0.74  147.1
76335.0  0.6  701.6  149.4  6.4  0.75  0.07  -0.73  147.3
76336.0  0.6  701.4  149.3  6.4  0.74  0.05  -0.74  147.4
76337.0  0.7  701.3  149.3  6.5  0.74  -0.16  -0.69  146.9
76338.0  0.7  701.8  149.3  6.6  0.74  -0.20  -0.74  146.4
76339.0  0.6  701.5  149.3  6.6  0.66  -0.27  -0.82  146.8
76340.0  0.8  701.4  149.3  6.6  0.76  -0.38  -0.74  146.5
76341.0  0.6  702.0  149.3  6.7  0.63  -0.33  -0.75  146.1
76342.0  0.7  701.3  149.4  6.7  0.72  -0.37  -0.73  146.0
76343.0  0.7  701.2  149.4  6.7  0.70  -0.34  -0.75  146.3
76344.0  0.6  701.4  149.4  6.7  0.63  -0.36  -0.77  146.4
76345.0  0.7  702.2  149.4  6.8  0.78  -0.49  -0.77  146.3
76346.0  0.6  701.7  149.4  6.8  0.68  -0.59  -0.76  146.3
76347.0  0.7  701.7  149.4  6.8  0.78  -0.54  -0.74  146.2
76348.0  0.6  701.4  149.4  6.8  0.73  -0.39  -0.75  146.5
76349.0  0.6  701.8  149.4  6.8  0.70  0.69  -0.72  146.6
76350.0  0.7  701.7  149.4  6.9  0.81  0.90  -0.70  146.7
76351.0  0.6  702.1  149.3  7.1  0.75  0.71  -0.73  146.8
76352.0  0.6  702.4  149.3  7.3  0.74  0.59  -0.76  147.0
76353.0  0.7  702.4  149.3  7.4  0.78  0.36  -0.77  147.3
76354.0  0.6  702.6  149.3  7.4  0.80  0.10  -0.85  147.6
76355.0  0.5  702.9  149.2  7.4  0.71  -0.03  -0.77  147.6
76356.0  0.6  702.6  149.2  7.4  0.73  -0.11  -0.76  147.5
76357.0  0.6  702.9  149.2  7.4  0.77  0.03  -0.72  147.6
76358.0  0.6  703.0  149.1  7.5  0.74  -0.03  -0.69  147.4
76359.0  0.6  703.6  149.1  7.6  0.76  -0.02  -0.74  147.3
76360.0  0.6  703.0  149.1  7.6  0.71  -0.17  -0.71  147.1
76361.0  0.6  703.1  149.1  7.7  0.70  -0.27  -0.77  147.0
76362.0  0.6  702.9  149.1  7.7  0.72  -0.31  -0.75  146.8
76363.0  0.6  703.5  149.1  7.7  0.79  -0.38  -0.74  146.8
76364.0  0.6  703.2  149.1  7.8  0.77  0.63  -0.69  146.8
76365.0  0.6  703.2  149.0  7.9  0.80  1.07  -0.73  146.8
76366.0  0.7  702.9  149.0  8.1  0.84  0.90  -0.78  146.9
76367.0  0.6  702.8  148.9  8.1  0.70  0.74  -0.77  147.0
76368.0  0.6  703.0  148.9  8.2  0.78  0.45  -0.69  147.0
76369.0  0.6  703.3  148.9  8.3  0.76  0.34  -0.70  147.0
76370.0  0.6  702.8  148.9  8.4  0.73  0.16  -0.75  146.9
76371.0  0.6  702.5  148.9  8.5  0.70  -0.04  -0.73  147.1
76372.0  0.7  702.2  148.9  8.5  0.77  -0.13  -0.71  147.0
76373.0  0.7  702.2  148.8  8.6  0.82  -0.15  -0.82  147.0
76374.0  0.6  702.1  148.8  8.6  0.71  -0.23  -0.76  147.2
76375.0  0.6  702.0  148.8  8.6  0.73  -0.37  -0.72  147.2
76376.0  0.6  701.9  148.8  8.6  0.69  -0.37  -0.69  147.1
76377.0  0.6  702.1  148.8  8.6  0.70  -0.33  -0.71  147.0
76378.0  0.6  701.9  148.8  8.7  0.71  -0.31  -0.71  147.1
76379.0  0.6  701.4  148.8  8.8  0.70  -0.39  -0.73  147.1
76380.0  0.6  701.4  148.8  8.8  0.72  -0.53  -0.72  146.9
76381.0  0.6  701.7  148.8  8.8  0.74  -0.65  -0.73  147.0
76382.0  0.6  701.6  148.8  8.8  0.72  -0.58  -0.71  147.0
76383.0  0.6  701.2  148.8  8.9  0.71  -0.61  -0.74  146.9
76384.0  0.6  701.2  148.8  8.9  0.66  -0.71  -0.74  146.8
76385.0  0.7  701.2  148.8  8.9  0.73  -0.75  -0.73  146.8
76386.0  0.6  701.7  148.8  8.9  0.68  -0.73  -0.75  146.8
76387.0  0.6  700.9  148.8  8.9  0.69  -0.70  -0.70  146.7
76388.0  0.7  701.1  148.8  8.9  0.80  -0.74  -0.73  146.6
76389.0  0.6  701.6  148.8  8.9  0.66  -1.66  -0.78  146.5
76390.0  0.7  701.5  148.8  8.8  0.77  -2.55  -0.83  146.5
76391.0  0.6  701.1  148.9  8.7  0.78  -3.44  -0.77  146.4
76392.0  0.7  701.9  148.9  8.5  0.86  -3.59  -0.76  146.3
76393.0  0.6  701.3  148.9  8.3  0.82  -3.32  -0.74  146.6
76394.0  0.7  701.7  149.0  8.1  0.86  -3.40  -0.72  146.6
76395.0  0.6  701.5  149.0  7.9  0.75  -3.62  -0.75  146.8
76396.0  0.7  701.9  149.0  7.7  0.85  -3.65  -0.71  146.7
76397.0  0.6  701.8  149.1  7.6  0.77  -3.57  -0.82  146.9
76398.0  0.6  702.2  149.1  7.3  0.76  -3.46  -0.73  147.0
76399.0  0.7  702.4  149.1  7.2  0.81  -3.59  -0.73  146.8
76400.0  0.6  702.6  149.2  7.0  0.68  -3.59  -0.74  146.7
76401.0  0.6  702.4  149.2  6.8  0.68  -3.48  -0.75  146.8
76402.0  0.7  702.6  149.3  6.6  0.74  -3.49  -0.71  146.8
76403.0  0.6  702.5  149.3  6.5  0.71  -3.65  -0.71  146.6
76404.0  0.6  703.3  149.4  6.3  0.71  -3.61  -0.76  146.6
76405.0  0.6  702.7  149.4  6.1  0.70  -3.55  -0.71  146.5
76406.0  0.6  702.8  149.5  5.9  0.69  -3.65  -0.74  146.5
76407.0  0.6  703.2  149.5  5.8  0.64  -3.54  -0.80  146.6
76408.0  0.6  703.1  149.6  5.5  0.68  -3.43  -0.74  146.7
76409.0  0.6  702.8  149.6  5.3  0.66  -1.94  -0.66  146.8
76410.0  0.6  703.1  149.6  5.3  0.67  -0.16  -0.63  146.8
76411.0  0.6  702.9  149.6  5.4  0.65  -0.76  -0.80  146.8
76412.0  0.6  702.9  149.7  5.4  0.68  -1.53  -0.87  146.8
76413.0  0.6  702.9  149.7  5.3  0.67  -1.68  -0.78  146.8
76414.0  0.6  702.7  149.7  5.3  0.73  -1.52  -0.72  146.8
76415.0  0.7  702.6  149.6  5.2  0.78  -1.33  -0.74  146.8
76416.0  0.6  702.8  149.6  5.2  0.73  -1.34  -0.75  146.9
76417.0  0.7  702.4  149.6  5.2  0.77  -1.39  -0.75  146.8
76418.0  0.7  702.0  149.6  5.1  0.83  -1.31  -0.81  146.7
76419.0  0.6  702.2  149.5  5.0  0.70  -1.14  -0.83  146.8
76420.0  0.6  701.7  149.5  4.9  0.72  -1.01  -0.76  146.8
76421.0  0.6  701.6  149.5  4.8  0.74  -0.89  -0.70  146.8
76422.0  0.6  701.8  149.5  4.8  0.68  -0.73  -0.79  146.9
76423.0  0.6  701.3  149.5  4.8  0.73  -0.63  -0.75  146.9
76424.0  0.6  701.3  149.4  4.7  0.66  -0.72  -0.69  146.9
76425.0  0.6  701.6  149.4  4.8  0.71  -0.72  -0.79  146.8
76426.0  0.6  700.9  149.4  4.7  0.65  -0.60  -0.76  146.7
76427.0  0.7  701.5  149.4  4.7  0.74  -0.61  -0.65  146.5
76428.0  0.6  700.9  149.4  4.8  0.70  -0.68  -0.77  146.5
76429.0  0.6  700.8  149.4  4.8  0.61  -0.67  -0.77  146.4
76430.0  0.7  701.2  149.4  4.7  0.72  -0.65  -0.71  146.3
76431.0  0.6  700.8  149.3  4.7  0.68  -0.71  -0.70  146.2
76432.0  0.7  700.8  149.3  4.8  0.68  -1.58  -0.76  146.1
76433.0  0.7  701.2  149.4  4.7  0.67  -2.14  -0.78  146.1
76434.0  0.7  700.9  149.4  4.6  0.71  -2.20  -0.68  146.1
76435.0  0.6  701.1  149.4  4.5  0.62  -1.99  -0.72  146.2
76436.0  0.7  701.2  149.4  4.5  0.66  -1.84  -0.73  146.3
76437.0  0.7  701.2  149.4  4.4  0.70  -1.80  -0.69  146.1
76438.0  0.6  701.1  149.4  4.4  0.69  -1.68  -0.67  146.0
76439.0  0.6  701.6  149.4  4.4  0.62  -1.83  -0.69  146.2
76440.0  0.7  701.4  149.4  4.4  0.65  -2.88  -0.77  146.0
76441.0  0.7  701.3  149.5  4.3  0.74  -3.21  -0.78  146.0
76442.0  0.6  702.2  149.5  4.2  0.64  -3.08  -0.71  145.9
76443.0  0.7  701.5  149.5  4.0  0.71  -2.90  -0.80  145.8
76444.0  0.7  702.2  149.5  3.9  0.74  -2.59  -0.73  145.9
76445.0  0.6  702.1  149.6  3.8  0.70  -2.36  -0.83  145.8
76446.0  0.7  701.8  149.6  3.6  0.80  -2.19  -0.78  145.9
76447.0  0.7  702.3  149.6  3.5  0.74  -2.04  -0.74  146.1
76448.0  0.7  702.4  149.6  3.5  0.77  -1.90  -0.77  146.2
76449.0  0.7  702.6  149.5  3.4  0.79  -1.78  -0.77  146.1
76450.0  0.6  702.3  149.5  3.3  0.77  -2.57  -0.78  146.3
76451.0  0.7  702.6  149.5  3.2  0.89  -3.04  -0.78  146.4
76452.0  0.7  702.7  149.5  3.1  0.89  -2.95  -0.73  146.4
76453.0  0.6  703.1  149.5  3.0  0.93  -2.68  -0.78  146.5
76454.0  0.7  702.7  149.4  2.8  0.99  -2.40  -0.75  146.5
76455.0  0.6  702.3  149.4  2.8  0.92  -2.34  -0.68  146.4
76456.0  0.7  703.0  149.4  2.8  0.99  -2.29  -0.76  146.3
76457.0  0.7  702.8  149.3  2.7  0.99  -2.08  -0.76  146.1
76458.0  0.7  702.2  149.3  2.7  0.97  -2.04  -0.74  146.1
76459.0  0.7  702.2  149.3  2.7  0.98  -2.05  -0.84  146.1
76460.0  0.7  702.8  149.2  2.6  1.00  -1.91  -0.80  146.1
76461.0  0.7  702.4  149.2  2.5  0.96  -1.90  -0.77  146.1
76462.0  0.7  702.1  149.1  2.5  0.96  -1.72  -0.85  145.9
76463.0  0.7  702.2  149.1  2.4  1.02  -1.58  -0.78  145.9
76464.0  0.6  701.8  149.0  2.3  0.90  -1.59  -0.84  146.0
76465.0  0.7  701.7  149.0  2.2  0.95  -1.59  -0.81  145.9
76466.0  0.6  702.1  149.0  2.1  0.86  -1.44  -0.77  145.8
76467.0  0.7  701.1  148.9  2.1  0.90  -1.27  -0.74  145.9
76468.0  0.7  701.7  148.9  2.1  0.86  -1.16  -0.77  145.8
76469.0  0.7  701.1  148.9  2.0  0.83  -0.88  -0.76  145.6
76470.0  0.7  701.4  148.9  2.0  0.82  0.20  -0.65  145.8
76471.0  0.6  701.4  148.8  2.2  0.77  0.54  -0.73  145.9
76472.0  0.8  701.0  148.8  2.3  0.81  0.40  -0.74  145.8
76473.0  0.7  700.7  148.8  2.4  0.74  0.05  -0.73  145.8
76474.0  0.6  700.8  148.8  2.5  0.71  -0.09  -0.79  145.7
76475.0  0.7  700.7  148.7  2.5  0.75  -0.11  -0.71  145.6
76476.0  0.7  700.5  148.7  2.6  0.72  -0.24  -0.66  145.5
76477.0  0.7  700.9  148.7  2.7  0.69  -0.31  -0.74  145.4
76478.0  0.8  700.6  148.7  2.8  0.79  -0.52  -0.76  145.3
76479.0  0.7  701.0  148.7  2.8  0.68  -0.67  -0.80  145.2
76480.0  0.6  700.7  148.7  2.8  0.69  -0.77  -0.83  145.4
76481.0  0.8  700.9  148.7  2.7  0.80  -0.75  -0.77  145.2
76482.0  0.7  700.9  148.7  2.7  0.69  -0.55  -0.71  145.0
76483.0  0.7  701.0  148.7  2.8  0.67  -0.55  -0.74  145.1
76484.0  0.8  701.5  148.7  2.9  0.80  -0.69  -0.74  145.1
76485.0  0.7  701.1  148.7  2.9  0.72  -0.76  -0.79  145.1
76486.0  0.8  701.0  148.7  2.9  0.83  -0.79  -0.81  145.2
76487.0  0.7  701.8  148.7  2.8  0.82  -0.77  -0.90  145.3
76488.0  0.8  702.0  148.7  2.7  0.86  -0.71  -0.72  145.3
76489.0  0.7  701.6  148.7  2.7  0.81  -0.61  -0.75  145.4
76490.0  0.7  701.6  148.6  2.7  0.81  -0.47  -0.75  145.5
76491.0  0.7  701.9  148.6  2.7  0.79  -0.23  -0.74  145.8
76492.0  0.7  702.9  148.6  2.7  0.85  0.82  -0.68  145.8
76493.0  0.7  701.8  148.5  2.9  0.83  1.05  -0.70  145.5
76494.0  0.7  702.4  148.5  3.1  0.82  0.75  -0.85  145.6
76495.0  0.7  702.6  148.4  3.1  0.83  0.53  -0.77  145.3
76496.0  0.7  702.0  148.4  3.2  0.79  0.36  -0.72  145.4
76497.0  0.8  702.8  148.4  3.3  0.86  0.45  -0.67  145.1
76498.0  0.6  701.9  148.3  3.5  0.77  0.05  -0.76  145.1
76499.0  0.8  702.8  148.3  3.6  0.90  -0.09  -0.79  145.1
76500.0  0.7  702.1  148.3  3.6  0.87  0.84  -0.75  145.0
76501.0  0.7  702.1  148.2  3.7  0.77  1.22  -0.73  145.1
76502.0  0.8  702.7  148.2  3.9  0.88  0.99  -0.79  144.9
76503.0  0.7  702.1  148.2  4.0  0.82  0.83  -0.87  144.9
76504.0  0.7  702.4  148.1  4.1  0.76  0.62  -0.80  144.9
76505.0  0.8  702.1  148.1  4.2  0.81  0.44  -0.85  145.0
76506.0  0.8  702.0  148.1  4.2  0.82  0.38  -0.81  145.1
76507.0  0.7  702.2  148.1  4.3  0.77  0.24  -0.70  145.1
76508.0  0.7  701.5  148.1  4.4  0.76  0.09  -0.73  145.1
76509.0  0.7  701.9  148.0  4.5  0.78  0.06  -0.75  144.9
76510.0  0.8  701.3  148.0  4.5  0.82  -0.08  -0.75  144.9
76511.0  0.7  701.0  148.0  4.6  0.76  -0.27  -0.77  145.1
76512.0  0.8  702.0  148.0  4.6  0.81  -0.32  -0.78  145.1
76513.0  0.7  700.9  148.0  4.7  0.76  -0.41  -0.77  145.1
76514.0  0.7  700.9  148.0  4.7  0.69  0.41  -0.75  145.1
76515.0  0.7  701.2  147.9  4.8  0.68  1.05  -0.74  145.2
76516.0  0.7  700.7  147.9  5.0  0.70  0.92  -0.81  145.2
76517.0  0.8  700.8  147.9  5.0  0.78  0.68  -0.87  145.2
76518.0  0.8  700.8  147.9  5.1  0.74  0.50  -0.79  145.1
76519.0  0.7  700.4  147.9  5.1  0.67  0.39  -0.71  145.1
76520.0  0.8  700.5  147.9  5.2  0.66  0.36  -0.73  145.2
76521.0  0.7  700.7  147.9  5.3  0.64  0.28  -0.74  145.1
76522.0  0.7  700.2  147.9  5.3  0.65  0.07  -0.75  145.0
76523.0  0.7  700.7  147.9  5.4  0.64  -0.05  -0.70  144.9
76524.0  0.7  700.3  147.9  5.5  0.59  -0.08  -0.70  144.9
76525.0  0.8  700.5  147.9  5.5  0.67  -0.14  -0.71  144.9
76526.0  0.7  700.9  147.9  5.6  0.59  -0.23  -0.76  145.1
76527.0  0.7  700.6  147.9  5.6  0.65  -0.36  -0.74  145.2
76528.0  0.7  700.6  148.0  5.6  0.69  -0.08  -0.71  145.5
76529.0  0.7  701.1  148.0  5.7  0.65  0.98  -0.65  145.7
76530.0  0.7  701.1  147.9  5.9  0.59  1.10  -0.69  145.6
76531.0  0.7  701.5  147.9  6.1  0.55  0.81  -0.76  145.6
76532.0  0.7  700.9  147.9  6.2  0.62  0.46  -0.75  145.5
76533.0  0.7  701.1  148.0  6.3  0.63  0.23  -0.76  145.4
76534.0  0.7  701.5  147.9  6.4  0.65  0.10  -0.72  145.3
76535.0  0.7  701.2  148.0  6.4  0.62  -0.04  -0.73  145.3
76536.0  0.7  702.1  148.0  6.5  0.60  -0.16  -0.72  145.3
76537.0  0.7  702.1  148.0  6.6  0.67  -0.27  -0.74  145.5
76538.0  0.7  701.5  148.0  6.6  0.67  -0.31  -0.77  145.4
76539.0  0.7  701.6  148.0  6.7  0.68  -0.39  -0.77  145.6
76540.0  0.7  701.5  147.9  6.7  0.67  -0.51  -0.75  145.8
76541.0  0.7  701.8  147.9  6.7  0.71  -0.55  -0.74  145.8
76542.0  0.6  702.1  148.0  6.7  0.68  -0.50  -0.76  145.7
76543.0  0.7  701.8  147.9  6.7  0.78  -0.48  -0.75  145.5
76544.0  0.7  701.7  147.9  6.7  0.77  -0.58  -0.76  145.6
76545.0  0.7  702.2  147.9  6.7  0.74  -0.58  -0.74  145.6
76546.0  0.7  701.4  147.9  6.7  0.79  -0.52  -0.72  145.7
76547.0  0.7  701.5  147.9  6.7  0.76  -0.48  -0.70  145.6
76548.0  0.7  701.3  147.9  6.7  0.75  -0.48  -0.72  145.6
76549.0  0.7  701.9  147.8  6.7  0.81  -0.52  -0.70  145.5
76550.0  0.7  701.4  147.8  6.8  0.80  -0.61  -0.73  145.5
76551.0  0.7  701.0  147.8  6.8  0.79  -0.65  -0.75  145.4
76552.0  0.7  701.7  147.8  6.8  0.84  0.24  -0.71  145.4
76553.0  0.7  701.5  147.7  6.9  0.83  0.89  -0.67  145.3
76554.0  0.7  701.3  147.7  7.0  0.76  0.74  -0.70  145.3
76555.0  0.7  701.8  147.7  7.2  0.81  0.54  -0.73  145.3
76556.0  0.7  701.2  147.6  7.3  0.82  0.34  -0.76  145.0
76557.0  0.7  701.8  147.6  7.4  0.83  0.13  -0.77  144.9
76558.0  0.8  701.6  147.6  7.4  0.85  -0.03  -0.75  144.8
76559.0  0.7  701.7  147.6  7.4  0.83  -0.04  -0.76  144.8
76560.0  0.7  701.6  147.6  7.4  0.79  -0.08  -0.72  144.7
76561.0  0.8  701.6  147.6  7.5  0.83  -0.17  -0.77  144.7
76562.0  0.8  702.1  147.5  7.5  0.83  -0.18  -0.71  144.6
76563.0  0.7  701.3  147.5  7.6  0.83  -0.31  -0.67  144.5
76564.0  0.7  702.2  147.5  7.6  0.81  -0.35  -0.71  144.4
76565.0  0.8  701.7  147.5  7.7  0.85  -0.43  -0.64  144.5
76566.0  0.7  702.1  147.5  7.8  0.82  -0.57  -0.77  144.4
76567.0  0.8  701.7  147.5  7.8  0.86  -0.48  -0.74  144.5
76568.0  0.7  701.4  147.5  7.8  0.77  -0.62  -0.69  144.4
76569.0  0.7  701.7  147.5  7.9  0.79  -0.75  -0.77  144.4
76570.0  0.8  701.3  147.5  7.8  0.90  -0.72  -0.79  144.3
76571.0  0.7  701.3  147.5  7.8  0.81  -0.89  -0.77  144.2
76572.0  0.8  701.3  147.5  7.7  0.85  -1.88  -0.79  144.2
76573.0  0.7  700.8  147.6  7.6  0.83  -2.23  -0.79  144.3
76574.0  0.8  701.0  147.6  7.5  0.88  -2.10  -0.72  144.3
76575.0  0.8  700.5  147.6  7.4  0.82  -1.81  -0.70  144.4
76576.0  0.8  701.1  147.6  7.4  0.85  -1.60  -0.68  144.4
76577.0  0.7  700.5  147.6  7.4  0.81  -1.55  -0.74  144.3
76578.0  0.8  700.8  147.6  7.3  0.82  -1.60  -0.77  144.2
76579.0  0.8  700.6  147.6  7.3  0.81  -1.53  -0.80  144.2
76580.0  0.7  700.5  147.7  7.2  0.78  -1.42  -0.73  144.2
76581.0  0.8  701.1  147.7  7.2  0.80  -1.31  -0.76  144.1
76582.0  0.7  700.5  147.7  7.2  0.80  -1.29  -0.74  144.1
76583.0  0.8  701.0  147.7  7.2  0.84  -1.29  -0.78  144.1
76584.0  0.8  701.0  147.7  7.1  0.91  -1.21  -0.76  144.2
76585.0  0.7  701.2  147.7  7.1  0.84  -1.20  -0.76  144.2
76586.0  0.8  701.6  147.7  7.1  0.92  -1.22  -0.78  144.3
76587.0  0.8  701.2  147.7  7.1  0.91  -1.20  -0.76  144.3
76588.0  0.8  701.6  147.7  7.1  0.90  -1.23  -0.77  144.3
76589.0  0.8  702.1  147.7  7.1  0.93  -1.15  -0.79  144.3
76590.0  0.8  701.7  147.7  7.1  0.92  -1.09  -0.77  144.3
76591.0  0.8  701.9  147.7  7.1  0.91  -1.16  -0.77  144.3
76592.0  0.8  702.7  147.7  7.1  0.90  -1.20  -0.79  144.2
76593.0  0.8  701.8  147.7  7.1  0.96  -1.21  -0.75  144.1
76594.0  0.8  702.6  147.7  7.1  0.96  -1.15  -0.77  144.0
76595.0  0.8  702.0  147.6  7.1  0.94  -1.06  -0.79  143.9
76596.0  0.8  702.9  147.6  7.0  0.97  -1.11  -0.79  143.9
76597.0  0.8  702.2  147.6  7.0  0.93  -1.08  -0.80  143.9
76598.0  0.9  702.4  147.6  7.0  1.08  -1.00  -0.76  143.8
76599.0  0.7  702.3  147.6  7.0  0.93  -0.97  -0.77  143.9
76600.0  0.8  701.7  147.6  6.9  0.92  -0.98  -0.74  143.9
76601.0  0.8  702.3  147.6  7.0  0.98  -0.98  -0.77  144.0
