flight/WP3D/AircraftMet_NP3_20130611_RA.ict
43  1001
Ken Aikin
NOAA ESRL Chemical Sciences Division
various aircraft sensors
SENEX 2013
1  1
2013  06  11  2013  06  11
1
AOCTimewave
10
1  1  1  1  1  1  1  1  1  1
-9999  -9999  -9999  -9999  -9999  -9999  -9999  -9999  -9999  -9999
AmbTemp  C
DewPtTemp  C
DewPtTempTDL  C
H2Omr  g/kg
PotTemp  K
RelHumidity  pct
StaticPrs  mbar
VertWindSpd  m/s
WindDir  deg
WindSpd  m/s
1
SPECIAL COMMENTS:Birmingham power plants flight.
18
PI_CONTACT_INFO: Address: NOAA ESRL Chemical Sciences Division  Mail Stop R/CSD7  325 Broadway  Boulder  CO 80305
PLATFORM: NOAA WP-3D
LOCATION: The aircraft was stationed in  Smyrna  Tennessee. Aircraft location information in AircraftPosition file.
ASSOCIATED_DATA: N/A
INSTRUMENT_INFO: N/A
DATA_INFO: Units:AmbTemp celcius; DewPtTemp celcius; DewPtTempTDL celcius; H2Omr g/kg; PotTemp kelvin; RelHumidity percent; StaticPrs millibar; VertWindSpd m/s; WindDir degrees; WindSpd m/s
UNCERTAINTY: N/A
ULOD_FLAG: -7777
ULOD_VALUE: N/A
LLOD_FLAG: -8888
LLOD_VALUE: N/A
DM_CONTACT_INFO: Data Manager:Ken Aikin; email:Kenneth.C.Aikin@noaa.gov
PROJECT_INFO: SENEX 2013 Study; June 1 - July 15  2013
STIPULATIONS_ON_USE: Use of these data require prior ok from PI.
OTHER_COMMENTS:       None
REVISION: RA
RA: Preliminary Data.  For in-field use.
AOCTimewave  AmbTemp  DewPtTemp  DewPtTempTDL  H2Omr  PotTemp  RelHumidity  StaticPrs  VertWindSpd  WindDir  WindSpd
[from data line 5377]
64757.0  22.720  19.670  -24.640  15.93  303.30  82.51  916.63  -0.18  258.53  6.43
64758.0  22.720  19.710  -24.640  15.96  303.32  82.69  916.45  -0.31  262.16  5.99
64759.0  22.730  19.710  -24.640  15.97  303.36  82.61  916.18  -0.87  266.65  5.57
64760.0  22.740  19.760  -24.640  16.03  303.41  82.85  915.71  -1.23  273.34  5.92
64761.0  22.650  19.780  -24.640  16.08  303.42  83.44  914.70  -0.56  266.10  5.18
64762.0  22.630  19.750  -24.640  16.05  303.42  83.38  914.44  0.84  261.99  5.69
64763.0  22.570  19.850  -24.640  16.17  303.45  84.23  913.48  0.81  265.02  6.62
64764.0  22.430  20.000  -24.640  16.33  303.36  85.80  912.90  0.78  269.51  6.09
64765.0  22.360  20.060  -24.640  16.41  303.40  86.44  911.75  -0.92  268.59  5.69
64766.0  22.370  19.980  -24.640  16.35  303.50  86.02  910.69  -0.50  267.67  5.54
64767.0  22.220  19.850  -24.640  16.23  303.44  86.06  909.84  -0.68  267.80  5.22
64768.0  22.150  19.660  -24.640  16.05  303.46  85.43  908.77  -0.77  269.79  5.42
64769.0  22.210  19.560  -24.640  15.98  303.63  84.55  907.73  -0.11  259.66  5.43
64770.0  22.300  19.510  -24.640  15.94  303.83  83.81  906.53  -0.63  266.91  5.56
64771.0  22.210  19.440  -24.640  15.90  303.86  83.92  905.26  -1.01  274.49  6.00
64772.0  22.220  19.260  -24.640  15.73  303.99  82.86  904.09  -0.20  265.76  6.19
64773.0  22.230  19.080  -24.640  15.58  304.12  81.90  902.73  0.07  263.88  6.27
64774.0  22.240  18.930  -24.640  15.45  304.22  81.08  901.82  0.19  266.16  5.90
64775.0  21.900  18.800  -24.640  15.33  303.94  82.14  901.14  1.05  261.36  5.45
64776.0  21.580  18.610  -24.640  15.15  303.65  82.79  900.77  1.61  254.90  6.59
64777.0  21.510  18.440  -24.640  14.98  303.57  82.22  900.78  0.48  271.06  6.89
64778.0  21.520  18.360  -24.640  14.91  303.59  81.77  900.71  0.00  273.31  6.93
64779.0  21.320  18.330  -24.640  14.89  303.43  82.65  900.23  0.04  266.70  6.59
64780.0  21.170  18.280  -24.640  14.85  303.32  83.19  899.70  0.10  267.26  6.52
64781.0  21.260  18.370  -24.640  14.95  303.44  83.24  899.42  0.25  267.97  6.31
64782.0  21.460  18.490  -24.640  15.07  303.70  82.81  898.87  0.37  278.18  5.89
64783.0  21.630  18.570  -24.650  15.15  303.90  82.31  898.68  -0.02  282.80  5.90
64784.0  21.560  18.650  -24.640  15.23  303.88  83.08  898.06  -0.46  282.08  6.45
64785.0  21.540  18.630  -24.640  15.22  303.92  83.09  897.46  -0.60  284.24  6.06
64786.0  21.510  18.560  -24.640  15.17  303.97  82.86  896.63  -0.55  277.51  6.21
64787.0  21.420  18.500  -24.640  15.13  303.93  83.07  896.03  0.08  277.18  5.42
64788.0  21.200  18.460  -24.640  15.10  303.79  83.95  895.19  -0.61  272.91  5.19
64789.0  20.900  18.340  -24.640  15.00  303.54  84.94  894.55  -0.14  271.30  4.66
64790.0  20.860  18.320  -24.640  14.99  303.61  85.04  893.39  0.26  275.39  4.66
64791.0  20.830  18.390  -24.640  15.09  303.68  85.61  892.37  -1.24  281.27  4.73
64792.0  21.050  18.610  -24.640  15.31  303.96  85.64  891.80  -0.52  275.79  6.22
64793.0  21.510  18.840  -24.640  15.54  304.45  84.41  891.57  -0.35  274.26  6.84
64794.0  21.640  18.960  -24.640  15.67  304.64  84.37  891.02  -0.40  277.34  6.18
64795.0  21.440  18.960  -24.640  15.68  304.52  85.39  890.26  -0.57  280.34  5.41
64796.0  21.310  18.810  -24.640  15.55  304.47  85.32  889.31  -0.33  271.74  5.95
64797.0  21.050  18.560  -24.640  15.31  304.26  85.31  888.77  -0.09  263.53  5.21
64798.0  20.840  18.230  -24.640  15.00  304.09  84.67  888.24  -0.45  259.38  5.07
64799.0  20.760  17.910  -24.640  14.69  304.03  83.33  888.03  -0.10  266.49  4.31
64800.0  20.660  17.700  -24.640  14.51  303.96  82.75  887.70  -0.60  263.05  5.04
64801.0  20.540  17.620  -24.640  14.44  303.89  82.96  887.14  1.23  275.32  5.54
64802.0  20.330  17.720  -24.640  14.54  303.76  84.57  886.30  2.13  284.64  5.45
64803.0  20.080  17.840  -24.640  14.67  303.58  86.64  885.38  1.39  285.13  4.57
64804.0  20.010  17.980  -24.640  14.82  303.57  87.80  884.78  0.93  288.85  4.70
64805.0  19.960  18.210  -24.640  15.05  303.58  89.38  884.10  0.70  300.10  4.68
64806.0  19.850  18.330  -24.640  15.18  303.55  90.72  883.30  0.42  310.65  4.69
64807.0  19.730  18.370  -24.640  15.23  303.48  91.67  882.67  0.17  312.87  3.86
64808.0  19.670  18.370  -24.640  15.23  303.45  91.98  882.43  1.12  309.24  4.02
64809.0  19.650  18.300  -24.640  15.18  303.48  91.72  881.91  1.47  309.42  5.29
64810.0  19.490  18.310  -24.640  15.21  303.43  92.70  880.70  -0.72  290.05  5.45
64811.0  19.510  18.310  -24.640  15.22  303.51  92.60  880.03  -0.60  289.01  5.73
64812.0  19.490  18.400  -24.640  15.32  303.53  93.27  879.72  -0.81  289.36  5.42
64813.0  19.640  18.480  -24.640  15.40  303.75  92.81  879.08  -1.07  291.45  5.61
64814.0  20.000  18.600  -24.640  15.54  304.19  91.43  878.38  -0.10  294.77  6.32
64815.0  20.060  18.720  -24.640  15.67  304.30  91.83  877.83  -0.02  292.32  6.47
64816.0  20.030  18.750  -24.640  15.70  304.31  92.12  877.45  -0.08  292.09  5.75
64817.0  20.040  18.640  -24.650  15.60  304.36  91.44  876.95  0.41  296.57  5.64
64818.0  19.970  18.370  -24.640  15.35  304.38  90.25  876.14  0.42  296.68  5.84
64819.0  19.890  18.050  -24.640  15.06  304.40  88.91  875.10  0.52  293.70  5.93
64820.0  19.820  17.820  -24.640  14.84  304.37  87.99  874.63  0.94  293.28  6.25
64821.0  19.780  17.530  -24.640  14.59  304.46  86.53  873.32  0.40  297.84  6.18
64822.0  19.700  17.310  -24.650  14.40  304.49  85.79  872.20  0.18  296.14  5.55
64823.0  19.600  17.090  -24.640  14.21  304.50  85.07  871.04  0.80  297.54  5.30
64824.0  19.620  16.790  -24.650  13.96  304.64  83.36  869.85  0.93  299.53  6.87
64825.0  19.440  16.590  -24.640  13.81  304.59  83.24  868.49  1.03  295.59  6.53
64826.0  19.350  16.320  -24.640  13.59  304.69  82.23  866.55  1.02  298.25  6.37
64827.0  19.310  16.050  -24.650  13.38  304.80  81.03  865.03  0.84  298.96  7.11
64828.0  19.240  15.730  -24.640  13.12  304.83  79.68  864.08  1.24  299.81  6.73
64829.0  19.200  15.430  -24.640  12.88  304.87  78.36  863.24  0.99  298.01  6.52
64830.0  19.230  15.140  -24.640  12.65  304.99  76.72  862.37  1.02  303.40  6.09
64831.0  18.970  14.850  -24.640  12.42  304.82  76.50  861.37  0.95  301.57  6.41
64832.0  18.880  14.630  -24.640  12.25  304.78  75.86  860.84  0.73  300.98  7.12
64833.0  18.720  14.500  -24.640  12.15  304.66  75.99  860.34  -0.10  297.21  8.00
64834.0  18.480  14.500  -24.650  12.16  304.45  77.15  859.97  -0.48  296.58  6.99
64835.0  18.430  14.520  -24.640  12.18  304.43  77.56  859.57  -1.12  298.82  7.79
64836.0  18.430  14.550  -24.640  12.22  304.49  77.70  859.02  -0.56  287.86  8.57
64837.0  18.360  14.600  -24.640  12.26  304.49  78.29  858.30  -0.05  291.36  7.10
64838.0  18.180  14.550  -24.640  12.23  304.35  78.94  857.83  -1.26  291.68  6.99
64839.0  18.070  14.520  -24.640  12.21  304.24  79.35  857.79  -0.09  291.74  6.01
64840.0  18.070  14.560  -24.650  12.25  304.28  79.60  857.36  -0.68  288.31  7.24
64841.0  18.280  14.630  -24.650  12.31  304.53  78.84  857.13  -1.37  295.85  7.08
64842.0  18.260  14.680  -24.650  12.35  304.54  79.22  856.86  -0.73  304.85  7.92
64843.0  18.250  14.760  -24.650  12.42  304.59  79.66  856.26  0.19  313.53  7.16
64844.0  18.170  14.810  -24.650  12.48  304.58  80.36  855.51  0.04  315.99  6.98
64845.0  17.900  14.820  -24.640  12.49  304.38  81.80  854.62  -1.27  304.22  5.82
64846.0  18.110  14.890  -24.650  12.56  304.67  81.09  853.95  -0.84  294.00  4.45
64847.0  18.020  15.070  -24.640  12.73  304.69  82.53  852.86  1.69  288.36  5.81
64848.0  17.970  15.200  -24.640  12.86  304.73  83.51  851.93  2.99  298.06  8.39
64849.0  17.880  15.230  -24.640  12.89  304.71  84.16  851.19  -0.49  298.01  11.58
64850.0  18.720  15.150  -24.640  12.83  305.61  79.34  850.97  0.20  296.06  9.69
64851.0  18.990  15.080  -24.640  12.77  305.91  77.63  850.82  0.33  291.92  9.17
64852.0  19.000  14.870  -24.640  12.60  305.96  76.49  850.40  -0.12  291.48  8.04
64853.0  18.650  14.580  -24.640  12.38  305.66  76.73  849.81  0.10  295.52  8.70
64854.0  18.780  14.330  -24.640  12.18  305.85  74.84  849.35  -0.28  296.11  9.85
64855.0  19.160  14.030  -24.640  11.94  306.29  71.61  848.90  -0.52  295.28  9.30
64856.0  19.310  13.660  -24.640  11.67  306.55  69.23  847.93  -0.59  294.33  9.27
64857.0  19.430  13.200  -24.640  11.33  306.77  66.60  847.00  -0.30  294.84  9.98
64858.0  19.530  12.660  -24.640  10.93  306.92  63.84  846.57  0.38  296.77  10.80
64859.0  19.560  12.140  -24.640  10.57  306.98  61.56  846.37  0.96  297.53  10.75
64860.0  19.560  11.650  -24.640  10.23  307.03  59.58  845.80  0.21  295.58  10.81
64861.0  19.610  11.170  -24.640  9.91  307.12  57.49  845.46  0.13  297.14  10.40
64862.0  19.650  10.600  -24.640  9.54  307.20  55.19  845.16  -0.15  297.09  10.46
64863.0  19.700  9.930  -24.640  9.12  307.31  52.56  844.54  0.03  298.64  10.71
64864.0  19.630  9.230  -24.640  8.71  307.32  50.36  843.77  0.30  298.57  10.61
64865.0  19.580  8.570  -24.640  8.33  307.37  48.27  842.84  0.22  299.32  10.88
64866.0  19.500  7.900  -24.640  7.96  307.34  46.35  842.26  0.17  298.72  10.67
64867.0  19.420  7.250  -24.640  7.62  307.34  44.50  841.50  0.17  298.67  11.00
64868.0  19.440  6.610  -24.640  7.29  307.43  42.52  840.94  0.20  298.72  11.10
64869.0  19.390  6.110  -24.640  7.05  307.45  41.19  840.23  0.10  299.23  11.03
64870.0  19.350  5.590  -24.640  6.80  307.50  39.83  839.27  0.00  298.09  10.91
64871.0  19.260  5.170  -24.640  6.61  307.52  38.88  838.26  -0.14  298.87  11.07
64872.0  19.190  4.780  -24.640  6.44  307.49  38.02  837.81  0.16  298.34  11.06
64873.0  19.100  4.420  -24.640  6.28  307.46  37.28  837.14  0.23  299.22  11.13
64874.0  19.100  4.110  -24.640  6.14  307.46  36.47  837.12  0.30  299.38  11.12
64875.0  19.050  3.840  -24.640  6.03  307.42  35.90  837.03  0.16  297.22  10.97
64876.0  19.040  3.600  -24.640  5.93  307.43  35.28  836.91  0.10  296.90  10.96
64877.0  19.010  3.400  -24.640  5.84  307.41  34.86  836.76  0.05  295.71  11.16
64878.0  18.950  3.220  -24.640  5.77  307.34  34.54  836.91  0.19  297.39  11.20
64879.0  18.980  3.100  -24.640  5.72  307.35  34.18  837.07  0.07  295.14  11.23
64880.0  19.050  3.000  -24.640  5.68  307.41  33.79  837.18  -0.07  294.67  11.23
64881.0  19.030  2.940  -24.640  5.65  307.37  33.69  837.40  -0.26  294.49  11.11
64882.0  19.110  2.940  -24.640  5.65  307.42  33.54  837.66  -0.37  292.59  11.16
64883.0  19.060  2.990  -24.640  5.67  307.41  33.76  837.30  -0.32  291.50  11.28
64884.0  19.010  3.040  -24.640  5.70  307.40  33.97  836.85  -0.29  291.37  11.33
64885.0  18.990  2.990  -24.640  5.67  307.39  33.89  836.77  -0.21  292.20  11.29
64886.0  18.870  2.960  -24.640  5.67  307.29  34.10  836.54  -0.23  293.47  11.17
64887.0  18.820  2.930  -24.650  5.66  307.27  34.15  836.16  -0.05  294.65  11.29
64888.0  18.700  2.990  -24.640  5.68  307.14  34.53  836.28  0.38  295.95  11.28
64889.0  18.670  3.010  -24.640  5.69  307.10  34.66  836.35  0.59  297.32  10.76
64890.0  18.550  3.090  -24.640  5.72  306.99  35.12  836.23  0.70  296.37  10.48
64891.0  18.540  3.230  -24.640  5.78  306.97  35.51  836.28  1.00  295.38  10.51
64892.0  18.510  3.320  -24.650  5.82  306.93  35.80  836.31  1.00  294.42  10.49
64893.0  18.530  3.410  -24.650  5.85  306.94  36.00  836.47  0.89  293.00  10.59
64894.0  18.590  3.560  -24.650  5.91  306.99  36.24  836.53  1.04  292.40  10.67
64895.0  18.600  3.650  -24.650  5.95  306.99  36.45  836.59  1.27  292.22  10.75
64896.0  18.660  3.730  -24.650  5.99  307.07  36.51  836.48  1.05  291.94  10.83
64897.0  18.690  3.770  -24.650  6.00  307.14  36.54  836.11  0.94  291.91  11.11
64898.0  18.720  3.820  -24.640  6.03  307.19  36.58  836.01  1.04  291.57  11.25
64899.0  18.760  3.840  -24.650  6.04  307.23  36.56  835.94  1.21  291.05  11.57
64900.0  18.820  3.820  -24.650  6.03  307.32  36.36  835.69  1.39  290.10  11.68
64901.0  18.860  3.820  -24.640  6.03  307.40  36.27  835.34  1.36  291.01  11.62
64902.0  18.830  3.840  -24.640  6.04  307.39  36.39  835.14  1.36  291.39  11.71
64903.0  18.850  3.840  -24.640  6.04  307.44  36.35  834.88  1.18  291.74  11.70
64904.0  18.890  3.790  -24.640  6.02  307.49  36.13  834.78  1.02  291.25  11.47
64905.0  18.800  3.740  -24.640  6.00  307.40  36.21  834.69  0.93  291.26  11.72
64906.0  18.810  3.690  -24.640  5.98  307.42  36.05  834.69  0.67  292.35  11.68
64907.0  18.880  3.520  -24.640  5.91  307.50  35.47  834.59  0.47  292.55  11.61
64908.0  18.800  3.370  -24.640  5.85  307.43  35.27  834.45  0.63  292.48  11.72
64909.0  18.800  3.300  -24.640  5.82  307.44  35.10  834.37  0.61  293.57  11.96
64910.0  18.810  3.160  -24.640  5.76  307.49  34.71  834.04  0.59  293.91  11.85
64911.0  18.770  3.020  -24.640  5.71  307.45  34.46  833.98  0.76  293.85  11.73
64912.0  18.690  2.990  -24.640  5.70  307.37  34.55  834.00  0.56  293.92  11.70
64913.0  18.740  2.970  -24.640  5.68  307.39  34.40  834.23  0.41  291.79  11.50
64914.0  18.780  2.910  -24.640  5.66  307.39  34.17  834.64  0.46  291.32  11.22
64915.0  18.720  2.870  -24.640  5.64  307.31  34.20  834.79  0.06  292.57  11.34
64916.0  18.690  2.890  -24.640  5.65  307.25  34.31  835.14  -0.03  292.80  11.35
64917.0  18.660  2.910  -24.640  5.65  307.19  34.44  835.36  -0.08  293.99  11.35
64918.0  18.810  2.980  -24.650  5.68  307.34  34.27  835.44  -0.18  294.29  11.23
64919.0  18.790  3.060  -24.650  5.71  307.30  34.52  835.60  -0.16  294.12  11.10
64920.0  18.790  3.040  -24.640  5.70  307.31  34.46  835.53  -0.14  294.77  10.88
64921.0  18.750  3.090  -24.640  5.73  307.30  34.66  835.25  -0.40  295.40  10.80
64922.0  18.650  3.130  -24.650  5.75  307.21  35.00  835.09  -0.47  295.72  10.74
64923.0  18.530  3.200  -24.650  5.78  307.09  35.46  835.02  -0.48  294.71  10.80
64924.0  18.420  3.350  -24.650  5.84  306.97  36.07  835.05  -0.59  294.21  10.85
64925.0  18.340  3.470  -24.640  5.89  306.87  36.57  835.28  -0.58  293.52  10.75
64926.0  18.320  3.620  -24.640  5.95  306.82  37.02  835.43  -0.48  294.96  10.54
64927.0  18.180  3.790  -24.640  6.02  306.65  37.81  835.77  -0.42  294.67  9.89
64928.0  18.040  3.940  -24.640  6.08  306.49  38.57  835.82  -0.30  294.52  9.61
64929.0  17.840  4.160  -24.640  6.18  306.26  39.70  835.92  -0.36  294.36  9.40
64930.0  17.710  4.480  -24.650  6.31  306.09  40.92  836.34  -0.23  295.06  9.32
64931.0  17.760  4.870  -24.640  6.49  306.11  41.96  836.61  -0.08  294.39  9.54
64932.0  17.860  5.200  -24.640  6.64  306.18  42.66  836.90  -0.09  294.73  9.51
64933.0  18.000  5.470  -24.650  6.77  306.31  43.08  837.08  -0.08  295.49  9.67
64934.0  18.130  5.650  -24.650  6.85  306.41  43.25  837.41  0.22  295.73  9.55
64935.0  18.050  5.840  -24.650  6.94  306.35  44.07  837.27  0.38  294.00  9.71
64936.0  18.010  6.090  -24.640  7.06  306.32  44.96  837.05  0.50  295.50  9.80
64937.0  18.080  6.410  -24.640  7.22  306.41  45.74  836.97  0.42  296.07  10.06
64938.0  18.240  6.630  -24.640  7.33  306.57  45.99  836.99  0.32  297.13  10.27
64939.0  18.380  6.850  -24.640  7.45  306.73  46.30  836.82  0.25  296.95  10.39
64940.0  18.480  6.960  -24.650  7.51  306.83  46.34  836.95  -0.20  297.02  10.35
64941.0  18.420  7.020  -24.650  7.54  306.77  46.70  836.95  -0.42  295.86  10.28
64942.0  18.250  7.000  -24.640  7.52  306.59  47.14  836.99  -0.39  294.16  10.24
64943.0  18.170  6.980  -24.640  7.51  306.50  47.31  836.97  -0.25  292.10  10.25
64944.0  18.110  7.000  -24.640  7.53  306.42  47.58  837.12  -0.13  291.75  10.08
64945.0  18.300  7.040  -24.640  7.55  306.59  47.15  837.42  -0.03  294.93  9.93
64946.0  18.250  7.100  -24.640  7.57  306.52  47.47  837.61  -0.02  292.58  9.64
64947.0  18.050  7.070  -24.640  7.56  306.29  48.01  837.77  0.61  292.99  9.93
