flight/WP3D/AircraftMet_NP3_20130611_RA.ict
43  1001
Ken Aikin
NOAA ESRL Chemical Sciences Division
various aircraft sensors
SENEX 2013
1  1
2013  06  11  2013  06  11
1
AOCTimewave
10
1  1  1  1  1  1  1  1  1  1
-9999  -9999  -9999  -9999  -9999  -9999  -9999  -9999  -9999  -9999
AmbTemp  C
DewPtTemp  C
DewPtTempTDL  C
H2Omr  g/kg
PotTemp  K
RelHumidity  pct
StaticPrs  mbar
VertWindSpd  m/s
WindDir  deg
WindSpd  m/s
1
SPECIAL COMMENTS:Birmingham power plants flight.
18
PI_CONTACT_INFO: Address: NOAA ESRL Chemical Sciences Division  Mail Stop R/CSD7  325 Broadway  Boulder  CO 80305
PLATFORM: NOAA WP-3D
LOCATION: The aircraft was stationed in  Smyrna  Tennessee. Aircraft location information in AircraftPosition file.
ASSOCIATED_DATA: N/A
INSTRUMENT_INFO: N/A
DATA_INFO: Units:AmbTemp celcius; DewPtTemp celcius; DewPtTempTDL celcius; H2Omr g/kg; PotTemp kelvin; RelHumidity percent; StaticPrs millibar; VertWindSpd m/s; WindDir degrees; WindSpd m/s
UNCERTAINTY: N/A
ULOD_FLAG: -7777
ULOD_VALUE: N/A
LLOD_FLAG: -8888
LLOD_VALUE: N/A
DM_CONTACT_INFO: Data Manager:Ken Aikin; email:Kenneth.C.Aikin@noaa.gov
PROJECT_INFO: SENEX 2013 Study; June 1 - July 15  2013
STIPULATIONS_ON_USE: Use of these data require prior ok from PI.
OTHER_COMMENTS:       None
REVISION: RA
RA: Preliminary Data.  For in-field use.
AOCTimewave  AmbTemp  DewPtTemp  DewPtTempTDL  H2Omr  PotTemp  RelHumidity  StaticPrs  VertWindSpd  WindDir  WindSpd
[from data line 13243]
72623.0  13.860  9.350  -24.640  9.45  307.60  73.82  784.37  -0.25  318.73  7.05
72624.0  13.800  9.270  -24.640  9.41  307.63  73.70  783.58  -0.23  319.08  7.00
72625.0  13.750  9.130  -24.640  9.33  307.65  73.25  782.82  -0.27  319.01  6.91
72626.0  13.660  9.030  -24.640  9.27  307.64  73.16  782.15  -0.19  320.76  6.77
72627.0  13.570  9.020  -24.640  9.28  307.63  73.59  781.31  -0.35  321.18  6.67
72628.0  13.490  8.940  -24.640  9.24  307.66  73.52  780.32  -0.52  319.75  6.56
72629.0  13.410  8.910  -24.640  9.23  307.68  73.80  779.38  -0.38  316.78  6.87
72630.0  13.390  8.840  -24.640  9.20  307.73  73.57  778.71  -0.34  317.50  6.50
72631.0  13.330  8.750  -24.640  9.15  307.75  73.36  778.02  -0.23  321.45  6.14
72632.0  13.320  8.690  -24.640  9.12  307.82  73.13  777.29  0.20  324.11  5.97
72633.0  13.370  8.610  -24.640  9.08  307.94  72.51  776.69  0.12  327.31  5.50
72634.0  13.410  8.550  -24.640  9.04  308.06  72.01  775.96  -0.25  331.62  5.17
72635.0  13.460  8.410  -24.640  8.97  308.20  71.07  775.26  -0.17  330.80  5.51
72636.0  13.410  8.290  -24.640  8.90  308.22  70.74  774.52  0.26  323.93  5.55
72637.0  13.380  8.090  -24.640  8.79  308.28  69.89  773.79  0.37  333.66  5.47
72638.0  13.490  7.920  -24.640  8.69  308.47  68.57  773.24  0.42  335.83  5.75
72639.0  13.630  7.800  -24.640  8.63  308.69  67.35  772.60  0.24  337.26  5.70
72640.0  13.670  7.620  -24.640  8.53  308.81  66.38  771.89  0.03  336.14  5.87
72641.0  13.680  7.400  -24.640  8.40  308.87  65.33  771.40  -0.31  339.46  6.07
72642.0  13.580  7.190  -24.640  8.29  308.83  64.80  770.86  -0.37  339.39  5.97
72643.0  13.570  6.850  -24.640  8.10  308.90  63.32  770.21  -0.38  338.17  5.91
72644.0  13.480  6.550  -24.640  7.94  308.88  62.40  769.52  -0.43  337.72  5.74
72645.0  13.320  6.290  -24.640  7.81  308.79  61.94  768.77  -0.62  335.21  5.63
72646.0  13.190  6.050  -24.640  7.68  308.74  61.41  768.08  -0.52  333.38  5.53
72647.0  13.060  5.860  -24.640  7.59  308.66  61.14  767.48  -0.45  334.54  6.00
72648.0  13.020  5.680  -24.640  7.50  308.68  60.55  766.90  -0.43  333.93  6.42
72649.0  12.870  5.550  -24.640  7.44  308.58  60.61  766.37  -0.20  329.08  6.61
72650.0  12.620  5.390  -24.640  7.36  308.40  60.91  765.69  0.04  323.62  6.35
72651.0  12.480  5.320  -24.640  7.33  308.31  61.20  765.05  0.27  325.70  6.41
72652.0  12.520  5.360  -24.640  7.36  308.43  61.23  764.35  0.26  325.23  6.58
72653.0  12.590  5.460  -24.640  7.42  308.60  61.33  763.65  -0.17  327.22  6.81
72654.0  12.680  5.480  -24.640  7.43  308.75  61.09  763.13  -0.84  325.78  6.91
72655.0  12.540  5.480  -24.640  7.44  308.65  61.64  762.70  -1.34  323.95  6.92
72656.0  12.400  5.480  -24.640  7.44  308.54  62.21  762.38  -1.61  324.36  7.00
72657.0  12.140  5.490  -24.640  7.45  308.30  63.34  762.01  -1.46  323.70  7.31
72658.0  12.040  5.510  -24.640  7.46  308.24  63.88  761.56  -1.70  323.92  7.37
72659.0  11.870  5.650  -24.640  7.54  308.10  65.24  761.25  -1.85  324.31  7.32
72660.0  11.790  5.840  -24.640  7.65  308.06  66.49  760.77  -1.80  324.49  7.50
72661.0  11.660  6.080  -24.640  7.78  307.98  68.19  760.26  -1.60  322.65  7.07
72662.0  11.560  6.290  -24.640  7.90  307.92  69.69  759.83  -1.53  320.52  6.99
72663.0  11.480  6.500  -24.640  8.02  307.90  71.06  759.28  -1.35  322.07  7.12
72664.0  11.400  6.650  -24.640  8.12  307.91  72.20  758.41  -1.23  322.83  6.93
72665.0  11.400  6.750  -24.640  8.18  308.02  72.70  757.46  -0.90  323.26  6.53
72666.0  11.340  6.910  -24.640  8.29  308.06  73.86  756.53  -0.69  321.79  6.38
72667.0  11.280  6.990  -24.640  8.34  308.11  74.53  755.60  -0.52  322.63  6.50
72668.0  11.210  6.970  -24.640  8.35  308.16  74.81  754.51  -0.36  324.59  6.29
72669.0  11.140  6.920  -24.640  8.33  308.21  74.87  753.44  -0.31  325.47  6.04
72670.0  11.120  6.920  -24.640  8.34  308.28  75.00  752.59  -0.30  324.22  5.94
72671.0  11.060  6.950  -24.640  8.37  308.34  75.44  751.55  -0.65  325.13  5.95
72672.0  11.060  7.000  -24.640  8.41  308.46  75.72  750.50  -0.75  327.66  5.96
72673.0  11.150  7.070  -24.640  8.46  308.68  75.62  749.48  -0.52  332.44  5.57
72674.0  11.100  7.160  -24.640  8.53  308.75  76.38  748.40  -0.46  329.47  6.32
72675.0  11.050  7.120  -24.640  8.51  308.82  76.38  747.38  -0.13  331.28  6.29
72676.0  11.080  7.000  -24.640  8.45  308.98  75.61  746.26  -0.12  333.76  5.87
72677.0  10.920  6.790  -24.640  8.35  308.93  75.35  745.17  -0.06  338.14  6.19
72678.0  10.820  6.540  -24.640  8.21  308.94  74.54  744.19  0.02  345.10  6.03
72679.0  10.880  6.340  -24.640  8.11  309.11  73.22  743.33  0.04  343.88  5.61
72680.0  10.990  6.240  -24.640  8.06  309.35  72.17  742.29  -0.46  340.66  5.50
72681.0  11.400  6.140  -24.640  8.02  309.89  69.71  741.55  0.08  349.32  5.75
72682.0  11.750  5.960  -24.640  7.92  310.37  67.20  740.75  -0.05  351.93  6.02
72683.0  11.820  5.780  -24.640  7.83  310.57  66.04  739.77  0.21  350.77  6.49
72684.0  11.900  5.510  -24.640  7.70  310.76  64.46  738.84  0.28  354.57  6.71
72685.0  11.980  5.290  -24.640  7.58  310.94  63.13  738.04  0.27  355.36  6.89
72686.0  11.940  4.970  -24.640  7.43  310.99  61.89  737.34  0.18  355.38  7.09
72687.0  11.820  4.690  -24.640  7.29  310.95  61.18  736.53  0.16  354.60  7.31
72688.0  11.740  4.330  -24.640  7.11  310.93  59.99  735.96  0.37  356.93  7.06
72689.0  11.830  3.970  -24.640  6.94  311.13  58.07  735.22  0.47  0.77  6.86
72690.0  11.880  3.610  -24.640  6.77  311.25  56.43  734.61  0.70  0.36  6.66
72691.0  11.900  3.260  -24.640  6.61  311.37  54.96  733.89  0.90  359.59  6.38
72692.0  12.100  2.870  -24.640  6.43  311.67  52.74  733.20  0.84  8.26  6.21
72693.0  12.410  2.500  -24.640  6.27  312.09  50.32  732.46  0.53  16.80  6.13
72694.0  12.560  2.070  -24.640  6.08  312.35  48.29  731.74  0.28  19.60  6.04
72695.0  12.670  1.580  -24.640  5.88  312.55  46.27  731.13  -0.10  20.69  6.30
72696.0  12.630  1.040  -24.640  5.66  312.55  44.63  730.68  -0.29  19.53  6.54
72697.0  12.580  0.490  -24.640  5.44  312.58  42.99  730.10  -0.22  22.31  6.49
72698.0  12.620  -0.090  -24.640  5.22  312.68  41.11  729.57  -0.31  27.11  6.42
72699.0  12.710  -0.670  -24.640  5.00  312.85  39.14  729.09  -0.48  32.77  6.65
72700.0  12.740  -1.310  -24.640  4.78  312.93  37.27  728.66  -0.25  30.92  6.76
72701.0  12.680  -1.910  -24.640  4.57  312.90  35.78  728.44  -0.39  30.93  7.17
72702.0  12.580  -2.490  -24.640  4.38  312.81  34.53  728.25  -0.32  28.41  7.10
72703.0  12.580  -3.070  -24.640  4.19  312.81  33.03  728.30  -0.11  26.16  6.89
72704.0  12.650  -3.650  -24.640  4.01  312.86  31.47  728.54  -0.13  27.11  6.69
72705.0  12.660  -4.230  -24.640  3.84  312.83  30.12  728.84  -0.23  30.59  6.37
72706.0  12.850  -4.750  -24.640  3.69  313.00  28.59  729.16  -0.02  40.34  6.96
72707.0  13.060  -5.170  -24.640  3.57  313.17  27.31  729.69  0.20  45.35  7.20
72708.0  13.110  -5.500  -24.640  3.48  313.16  26.54  730.17  0.51  39.51  6.50
72709.0  13.190  -5.720  -24.640  3.42  313.18  25.95  730.70  -0.50  34.40  5.66
72710.0  13.270  -5.910  -24.640  3.36  313.23  25.44  731.08  -1.19  37.89  7.79
72711.0  13.400  -6.090  -24.640  3.32  313.33  24.88  731.39  -1.10  37.49  8.20
72712.0  13.580  -6.190  -24.640  3.29  313.49  24.40  731.61  -0.81  37.87  7.28
72713.0  13.560  -6.210  -24.640  3.29  313.45  24.40  731.85  -0.98  36.40  8.01
72714.0  13.700  -6.200  -24.640  3.29  313.54  24.18  732.28  -1.17  37.24  7.36
72715.0  13.610  -6.100  -24.640  3.31  313.43  24.53  732.44  -1.84  28.44  7.17
72716.0  12.920  -5.980  -24.640  3.34  312.67  25.91  732.48  -2.77  15.46  8.04
72717.0  12.280  -5.850  -24.640  3.38  311.98  27.33  732.42  -1.49  16.29  8.87
72718.0  11.930  -5.600  -24.640  3.44  311.62  28.51  732.19  -0.94  9.54  8.17
72719.0  11.380  -5.220  -24.640  3.55  311.08  30.46  731.70  -0.54  342.65  6.86
72720.0  11.060  -4.710  -24.640  3.69  310.82  32.36  730.97  -1.04  350.98  5.17
72721.0  10.860  -4.080  -24.640  3.87  310.67  34.39  730.38  -1.84  355.73  6.09
72722.0  10.990  -3.280  -24.640  4.12  310.87  36.20  729.88  -1.26  2.61  6.87
72723.0  11.350  -2.570  -24.640  4.35  311.36  37.26  729.13  -0.36  8.98  6.28
72724.0  11.710  -1.950  -24.640  4.55  311.84  38.09  728.32  -0.10  21.52  6.70
72725.0  11.960  -1.400  -24.640  4.75  312.21  39.02  727.58  0.25  17.99  7.10
72726.0  11.970  -0.850  -24.640  4.95  312.30  40.60  726.91  0.20  13.87  6.70
72727.0  11.850  -0.350  -24.640  5.14  312.26  42.48  726.12  -0.20  11.74  6.88
72728.0  11.750  0.110  -24.640  5.32  312.25  44.20  725.38  -0.15  11.65  7.32
72729.0  11.730  0.380  -24.640  5.44  312.32  45.15  724.62  0.34  16.54  7.25
72730.0  11.730  0.670  -24.640  5.56  312.42  46.12  723.82  0.33  24.59  7.15
72731.0  11.700  0.890  -24.640  5.65  312.45  46.96  723.26  0.28  24.72  6.81
72732.0  11.720  1.060  -24.640  5.73  312.56  47.47  722.52  0.14  23.71  6.99
72733.0  11.830  1.220  -24.640  5.80  312.78  47.68  721.75  -0.12  17.68  7.04
72734.0  11.860  1.310  -24.640  5.84  312.89  47.90  721.10  0.26  24.37  6.32
72735.0  11.850  1.250  -24.640  5.83  312.98  47.72  720.33  0.14  30.39  7.16
72736.0  11.880  1.070  -24.640  5.76  313.12  46.98  719.48  -0.19  30.00  7.74
72737.0  11.900  0.780  -24.640  5.64  313.22  45.96  718.78  -0.66  27.77  7.72
72738.0  11.870  0.310  -24.640  5.46  313.27  44.48  718.19  0.24  31.26  7.34
72739.0  11.740  -0.220  -24.640  5.25  313.21  43.16  717.56  -0.21  27.74  7.34
72740.0  11.580  -0.800  -24.640  5.04  313.15  41.82  716.63  -0.10  23.66  7.11
72741.0  11.510  -1.330  -24.640  4.85  313.19  40.41  715.61  -0.34  28.14  7.83
72742.0  11.540  -1.940  -24.640  4.65  313.33  38.56  714.82  0.09  29.81  8.86
72743.0  11.630  -2.490  -24.640  4.46  313.52  36.77  714.12  0.13  32.82  9.02
72744.0  11.660  -3.050  -24.640  4.29  313.64  35.19  713.45  -0.18  33.08  9.30
72745.0  11.620  -3.650  -24.640  4.10  313.67  33.72  712.84  0.00  33.14  8.64
72746.0  11.400  -4.100  -24.640  3.97  313.50  33.12  712.23  -0.47  31.80  9.08
72747.0  11.320  -4.400  -24.640  3.88  313.50  32.54  711.54  -0.58  29.07  9.33
72748.0  11.450  -4.680  -24.640  3.80  313.72  31.58  710.96  -0.58  34.35  9.11
72749.0  11.310  -4.950  -24.640  3.73  313.64  31.22  710.35  -0.41  33.45  9.24
72750.0  11.240  -5.150  -24.640  3.68  313.66  30.89  709.64  -0.41  33.26  8.97
72751.0  11.130  -5.320  -24.640  3.63  313.62  30.72  709.04  -0.43  34.19  9.20
72752.0  11.060  -5.510  -24.640  3.58  313.60  30.42  708.54  -0.71  37.26  10.04
72753.0  11.220  -5.660  -24.640  3.54  313.85  29.74  707.93  -1.21  36.89  10.29
72754.0  11.260  -5.700  -24.640  3.54  313.97  29.59  707.31  -1.27  36.88  10.64
72755.0  11.280  -5.600  -24.640  3.57  314.06  29.77  706.81  -1.15  34.92  11.18
72756.0  11.390  -5.440  -24.640  3.61  314.26  29.90  706.24  -1.24  32.97  11.17
72757.0  11.450  -5.300  -24.640  3.65  314.38  30.10  705.73  -1.16  32.29  11.16
72758.0  11.460  -5.170  -24.640  3.69  314.46  30.40  705.17  -1.15  33.35  11.24
72759.0  11.380  -4.960  -24.640  3.75  314.42  31.04  704.83  -1.26  34.66  11.48
72760.0  11.350  -4.710  -24.640  3.83  314.44  31.69  704.39  -1.28  36.17  11.55
72761.0  11.240  -4.440  -24.640  3.91  314.38  32.59  703.95  -1.11  35.02  11.62
72762.0  11.150  -4.240  -24.640  3.97  314.33  33.31  703.54  -0.92  34.53  11.64
72763.0  11.040  -4.150  -24.640  4.00  314.24  33.78  703.28  -0.75  33.98  11.69
72764.0  11.120  -4.070  -24.640  4.03  314.36  33.81  702.98  -0.75  32.53  11.69
72765.0  11.090  -3.960  -24.640  4.06  314.37  34.17  702.70  -0.66  32.31  11.65
72766.0  11.080  -3.870  -24.640  4.09  314.42  34.39  702.27  -0.57  32.40  11.64
72767.0  11.080  -3.760  -24.640  4.13  314.44  34.69  702.01  -0.43  33.04  11.64
72768.0  11.020  -3.620  -24.640  4.17  314.41  35.19  701.77  -0.54  32.94  11.40
72769.0  11.000  -3.470  -24.640  4.22  314.41  35.64  701.61  -0.54  32.73  11.34
72770.0  10.990  -3.410  -24.640  4.24  314.41  35.84  701.55  -0.38  32.25  11.28
72771.0  10.920  -3.450  -24.640  4.23  314.30  35.89  701.74  -0.36  32.99  11.33
72772.0  10.880  -3.480  -24.640  4.22  314.26  35.89  701.74  -0.46  31.56  11.35
72773.0  10.860  -3.510  -24.640  4.21  314.24  35.88  701.75  -0.33  31.86  11.33
72774.0  10.840  -3.480  -24.640  4.22  314.19  36.01  701.94  -0.40  31.81  11.25
72775.0  10.830  -3.490  -24.640  4.21  314.14  36.03  702.23  -0.54  32.55  11.48
72776.0  10.760  -3.490  -24.640  4.21  314.02  36.19  702.50  -0.52  33.69  11.54
72777.0  10.750  -3.460  -24.640  4.22  314.00  36.27  702.71  -0.56  34.03  11.58
72778.0  10.770  -3.460  -24.640  4.22  313.97  36.24  703.02  -0.25  32.74  11.08
72779.0  10.730  -3.460  -24.640  4.22  313.90  36.35  703.19  -0.14  32.20  11.10
72780.0  10.790  -3.480  -24.640  4.21  313.98  36.13  703.16  -0.42  31.72  11.12
72781.0  10.890  -3.480  -24.640  4.21  314.11  35.88  702.96  -0.37  31.60  11.17
72782.0  10.910  -3.460  -24.640  4.22  314.19  35.91  702.51  -0.11  30.59  11.05
72783.0  10.920  -3.450  -24.640  4.22  314.23  35.90  702.27  0.23  29.50  11.13
72784.0  11.000  -3.420  -24.640  4.23  314.36  35.77  701.99  0.63  29.06  11.50
72785.0  11.100  -3.420  -24.640  4.24  314.48  35.55  701.91  0.40  29.75  11.96
72786.0  11.170  -3.420  -24.640  4.24  314.57  35.37  701.79  0.70  27.76  11.75
72787.0  11.230  -3.450  -24.640  4.23  314.65  35.14  701.70  0.71  28.03  11.54
72788.0  11.260  -3.460  -24.640  4.23  314.70  35.06  701.62  0.77  27.78  11.39
72789.0  11.290  -3.480  -24.640  4.22  314.73  34.92  701.65  0.87  27.31  10.99
72790.0  11.330  -3.480  -24.640  4.22  314.78  34.84  701.56  0.87  29.03  10.73
72791.0  11.320  -3.490  -24.640  4.22  314.75  34.85  701.67  0.68  31.41  10.59
72792.0  11.330  -3.510  -24.640  4.21  314.76  34.75  701.69  0.44  33.08  10.61
72793.0  11.300  -3.510  -24.640  4.21  314.70  34.83  701.91  0.04  34.07  10.57
72794.0  11.330  -3.530  -24.640  4.20  314.70  34.71  702.17  -0.44  34.69  10.58
72795.0  11.270  -3.530  -24.640  4.20  314.65  34.85  702.01  -0.94  34.89  10.44
72796.0  11.330  -3.510  -24.640  4.21  314.71  34.76  702.11  -1.14  33.60  10.58
72797.0  11.320  -3.520  -24.640  4.20  314.69  34.77  702.16  -0.89  31.81  10.83
72798.0  11.370  -3.580  -24.640  4.19  314.75  34.49  702.18  -0.59  30.79  10.82
72799.0  11.340  -3.580  -24.640  4.18  314.70  34.56  702.24  -0.44  29.86  10.84
72800.0  11.380  -3.630  -24.640  4.17  314.76  34.32  702.20  -0.48  29.49  10.82
72801.0  11.390  -3.630  -24.640  4.17  314.78  34.30  702.13  -0.59  30.22  11.11
72802.0  11.370  -3.630  -24.640  4.17  314.74  34.36  702.19  -0.56  30.18  11.42
72803.0  11.370  -3.650  -24.640  4.16  314.74  34.30  702.21  -0.27  31.05  11.61
72804.0  11.340  -3.660  -24.640  4.16  314.69  34.35  702.31  -0.13  31.56  11.42
72805.0  11.410  -3.650  -24.640  4.16  314.78  34.19  702.30  -0.09  31.29  11.09
72806.0  11.450  -3.650  -24.640  4.16  314.82  34.12  702.24  0.17  31.40  10.76
72807.0  11.510  -3.650  -24.640  4.16  314.89  33.97  702.29  0.49  31.72  10.03
72808.0  11.590  -3.650  -24.640  4.16  314.97  33.80  702.32  0.67  31.47  9.42
72809.0  11.600  -3.640  -24.640  4.16  314.97  33.79  702.38  0.27  31.47  9.01
72810.0  11.510  -3.670  -24.640  4.15  314.85  33.92  702.59  -0.58  30.33  9.34
72811.0  11.340  -3.670  -24.640  4.15  314.63  34.32  702.80  -0.26  25.51  10.10
72812.0  11.330  -3.670  -24.640  4.15  314.65  34.35  702.58  -1.37  26.65  9.92
72813.0  11.190  -3.590  -24.640  4.18  314.51  34.88  702.39  -1.20  25.59  10.52
72814.0  11.080  -3.570  -24.640  4.19  314.43  35.21  702.13  -0.79  24.71  10.89
72815.0  10.800  -3.570  -24.640  4.19  314.19  35.88  701.58  -0.44  23.03  11.00
72816.0  10.940  -3.490  -24.640  4.22  314.40  35.73  701.17  -0.20  22.98  11.09
