flight/WP3D/AircraftMis_NP3_20130616_RA.ict
41  1001
Ken Aikin
NOAA ESRL Chemical Sciences Division
various aircraft sensors
SENEX 2013
1  1
2013  06  16  2013  06  16
1
AOCTimewave
8
1  1  1  1  1  1  1  1
-9999  -9999  -9999  -9999  -9999  -9999  -9999  -9999
Attack  deg
CabinPrs  mbar
GndSpd  m/s
Heading  deg
Pitch  deg
Roll  deg
Slip  deg
TrueAirSpd  m/s
1
SPECIAL COMMENTS:Atlanta power plants.
18
PI_CONTACT_INFO: Address: NOAA ESRL Chemical Sciences Division  Mail Stop R/CSD7  325 Broadway  Boulder  CO 80305
PLATFORM: NOAA WP-3D
LOCATION: The aircraft was stationed in  Smyrna  Tennessee. Aircraft location information in AircraftPosition file.
ASSOCIATED_DATA: N/A
INSTRUMENT_INFO: N/A
DATA_INFO: Units: Attack degrees; CabinPrs millibar; GndSpd m/s; Heading degrees; Pitch degrees; Roll degrees; Slip degrees; TrueAirSpd m/s
UNCERTAINTY: N/A
ULOD_FLAG: -7777
ULOD_VALUE: N/A
LLOD_FLAG: -8888
LLOD_VALUE: N/A
DM_CONTACT_INFO: Data Manager:Ken Aikin; email:Kenneth.C.Aikin@noaa.gov
PROJECT_INFO: SENEX 2013 Study; June 1 - July 15  2013
STIPULATIONS_ON_USE: Use of these data require prior ok from PI.
OTHER_COMMENTS:       None
REVISION: RA
RA: Preliminary Data.  For in-field use.
AOCTimewave  Attack  CabinPrs  GndSpd  Heading  Pitch  Roll  Slip  TrueAirSpd
[from data line 16663]
71656.0  2.0  980.8  119.6  315.1  -1.95  -0.71  -0.76  118.9
71657.0  2.1  980.4  119.4  315.3  -1.55  -0.35  -0.89  118.5
71658.0  2.2  980.8  119.2  315.4  -1.08  -0.18  -1.12  117.6
71659.0  2.4  980.3  119.0  315.3  -0.60  -0.84  -0.75  116.8
71660.0  2.2  980.6  118.7  315.5  -0.34  -1.68  -0.87  116.4
71661.0  2.1  980.4  118.3  315.4  -0.06  -2.05  -0.89  116.4
71662.0  2.0  980.3  117.8  315.4  0.24  -2.23  -1.19  116.1
71663.0  1.9  980.1  117.4  315.1  -0.23  -2.44  -0.91  115.3
71664.0  1.6  980.4  117.0  314.9  -1.09  -3.40  -0.68  115.1
71665.0  1.7  980.6  116.7  314.8  -1.42  -3.12  -0.83  114.5
71666.0  1.9  980.8  116.5  314.6  -1.82  -2.63  -0.50  114.6
71667.0  1.8  981.0  116.3  314.6  -2.29  -2.85  -0.52  114.4
71668.0  1.3  980.7  116.2  314.7  -2.86  -3.24  -0.69  114.5
71669.0  1.6  981.5  116.1  314.6  -3.15  -1.31  -0.89  115.2
71670.0  1.8  980.6  116.2  314.5  -3.23  -0.29  -0.55  115.2
71671.0  2.0  981.2  116.2  314.7  -3.30  0.41  -0.68  114.7
71672.0  2.2  980.8  116.4  315.0  -3.35  2.11  -0.67  114.4
71673.0  2.1  980.5  116.5  315.3  -3.44  2.17  -0.57  114.4
71674.0  2.2  981.0  116.7  315.8  -3.17  1.99  -0.97  114.4
71675.0  2.4  981.0  116.8  316.1  -2.59  1.95  -0.55  115.8
71676.0  2.8  982.3  116.8  316.5  -1.40  1.54  -0.99  116.0
71677.0  2.8  981.0  116.7  316.8  -0.80  3.20  -0.73  115.4
71678.0  2.1  981.5  116.5  317.2  -0.87  5.80  -0.34  115.4
71679.0  1.6  980.8  116.2  317.8  -1.66  7.98  -0.58  114.9
71680.0  1.0  981.5  116.0  318.4  -2.93  9.73  -0.68  115.4
71681.0  1.8  981.3  115.9  319.4  -2.67  13.97  -0.37  115.4
71682.0  3.0  980.9  115.9  321.2  -1.22  18.64  -0.51  114.4
71683.0  3.1  984.1  115.9  323.3  -0.55  21.63  0.20  114.0
71684.0  3.0  981.1  115.9  325.8  -0.48  24.79  -0.13  114.0
71685.0  3.2  981.1  115.8  328.7  0.07  27.35  -0.52  113.7
71686.0  3.3  980.9  115.6  331.8  0.90  27.52  -0.32  113.0
71687.0  3.5  981.0  115.3  334.8  1.19  27.54  -0.67  112.1
71688.0  2.8  981.1  115.0  337.4  1.03  27.65  -0.48  111.9
71689.0  2.3  981.1  114.7  339.7  0.57  28.12  0.14  111.8
71690.0  3.0  981.4  114.4  342.9  0.79  28.82  -0.39  111.3
71691.0  3.7  981.1  114.1  346.1  1.60  28.84  -0.45  110.6
71692.0  4.0  981.5  113.7  349.4  2.26  29.21  -0.29  109.2
71693.0  4.2  981.2  113.3  352.8  2.97  29.43  0.38  108.5
71694.0  4.2  981.5  112.8  356.2  3.12  29.38  0.13  107.0
71695.0  3.4  980.7  112.5  359.1  2.44  30.04  -0.09  106.3
71696.0  3.2  980.8  112.5  1.8  1.59  30.52  -0.40  106.4
71697.0  2.4  981.4  112.8  4.4  0.90  30.81  -0.32  107.3
71698.0  2.2  980.7  113.4  7.1  0.47  30.86  -0.52  108.3
71699.0  2.6  981.2  114.0  9.9  0.84  29.92  -0.75  109.1
71700.0  3.2  981.3  114.5  13.1  2.06  28.29  -0.74  109.4
71701.0  3.0  981.7  114.9  15.6  2.24  28.31  -0.40  110.1
71702.0  2.6  981.6  115.2  17.9  1.97  28.12  0.18  110.9
71703.0  2.7  981.5  115.6  20.7  1.93  27.84  0.43  111.7
71704.0  2.6  981.4  116.0  23.6  1.91  26.32  -0.44  111.7
71705.0  2.2  981.3  116.3  26.1  1.85  24.75  -0.42  112.9
71706.0  2.2  981.7  116.7  28.2  1.89  23.86  -0.31  112.6
71707.0  2.2  981.3  116.9  30.4  1.97  22.04  -0.37  113.6
71708.0  2.3  981.2  117.2  32.4  1.81  19.81  -0.80  114.6
71709.0  2.3  981.4  117.4  33.9  1.74  19.12  -0.10  114.0
71710.0  1.5  981.4  117.7  35.5  1.43  19.67  -0.33  113.5
71711.0  1.9  981.2  117.9  37.5  1.87  17.94  -1.01  113.6
71712.0  2.2  981.3  118.0  38.8  2.24  10.52  -1.05  113.4
71713.0  1.7  981.5  118.2  39.4  1.76  4.59  -1.33  113.8
71714.0  1.5  981.9  118.4  39.3  1.75  1.91  -1.18  114.4
71715.0  1.8  981.5  118.6  38.9  2.09  -0.49  -0.14  115.0
71716.0  2.0  981.6  118.8  39.0  2.18  -2.10  -0.66  115.3
71717.0  1.8  981.6  119.0  38.8  2.02  -2.72  -1.03  114.9
71718.0  1.4  981.5  119.2  38.3  1.86  -2.43  -0.78  114.3
71719.0  1.8  981.5  119.4  37.8  2.22  -0.57  -0.36  114.0
71720.0  1.8  981.8  119.6  37.8  2.31  0.95  -0.26  114.6
71721.0  1.7  981.2  119.7  38.1  2.27  1.23  -0.37  114.8
71722.0  1.6  981.1  119.9  38.4  2.23  1.05  -0.49  114.8
71723.0  1.6  981.7  120.0  38.6  2.27  0.29  -0.38  115.2
71724.0  1.6  981.1  120.2  38.8  2.35  0.01  -0.63  115.2
71725.0  1.5  981.6  120.3  38.9  2.33  0.11  -0.68  114.8
71726.0  1.6  981.4  120.4  38.9  2.43  1.72  -0.69  114.9
71727.0  1.6  981.3  120.5  39.0  2.48  2.97  -0.07  115.3
71728.0  2.1  981.4  120.6  39.5  2.57  2.67  -1.11  115.5
71729.0  1.6  982.1  120.7  39.6  2.18  0.99  -0.70  117.5
71730.0  1.4  981.6  120.8  39.6  1.84  -0.86  -0.69  116.9
71731.0  1.4  981.5  121.0  39.6  1.87  -1.43  -0.72  117.0
71732.0  1.3  981.4  121.1  39.4  1.97  -1.44  -0.40  116.6
71733.0  1.1  981.4  121.3  39.5  1.94  -1.06  -0.45  116.3
71734.0  1.6  981.2  121.4  39.6  2.15  -0.55  -0.79  116.4
71735.0  1.5  981.4  121.6  39.5  2.08  -0.38  -0.82  116.2
71736.0  1.4  981.5  121.7  39.4  1.98  -0.55  -0.51  116.9
71737.0  1.5  981.7  121.8  39.5  2.06  -0.68  -0.87  117.4
71738.0  1.9  981.3  121.9  39.3  2.09  -0.13  -1.16  117.0
71739.0  1.1  981.0  122.0  38.9  1.76  -0.01  -0.42  116.8
71740.0  2.0  981.5  122.1  39.0  1.93  0.01  0.52  116.6
71741.0  1.5  981.4  122.2  39.5  1.81  -0.41  -0.50  118.0
71742.0  1.1  981.1  122.3  39.6  1.38  -0.28  -0.70  117.6
71743.0  1.7  981.3  122.4  39.5  1.67  -0.77  -0.66  117.1
71744.0  1.5  981.8  122.5  39.4  1.58  -0.27  -0.60  117.9
71745.0  1.3  980.8  122.5  39.3  1.41  -0.23  -0.22  119.0
71746.0  1.3  981.3  122.7  39.5  1.37  0.16  -0.76  119.2
71747.0  1.5  981.1  122.7  39.4  1.29  -0.03  -0.68  119.4
71748.0  1.1  981.1  122.9  39.3  1.10  0.00  -0.30  119.0
71749.0  1.4  981.5  123.0  39.4  1.15  0.16  -0.41  118.7
71750.0  1.3  981.3  123.1  39.5  1.07  0.32  -0.58  118.8
71751.0  1.4  981.3  123.2  39.6  1.02  0.22  -0.88  120.0
71752.0  1.0  981.6  123.4  39.4  0.84  0.33  -0.65  120.2
71753.0  1.2  981.7  123.5  39.2  0.88  0.03  -0.43  119.6
71754.0  1.1  981.5  123.7  39.3  0.86  0.38  -0.59  120.0
71755.0  1.0  981.7  123.8  39.3  0.90  1.05  -0.28  120.0
71756.0  1.4  981.8  123.9  39.5  1.11  0.70  -0.04  119.9
71757.0  1.4  981.4  124.1  39.9  1.06  1.38  -0.43  119.7
71758.0  1.1  981.8  124.2  40.1  0.92  4.05  -0.07  119.3
71759.0  1.2  981.5  124.3  40.7  1.11  5.64  -0.25  119.1
71760.0  1.4  981.6  124.4  41.5  1.19  5.69  -0.70  119.2
71761.0  1.5  981.4  124.5  41.9  1.38  6.25  -0.44  119.5
71762.0  1.3  981.3  124.5  42.5  1.35  6.75  -0.66  119.5
71763.0  1.4  981.3  124.6  43.0  1.44  6.93  -0.56  119.6
71764.0  1.5  981.5  124.6  43.6  1.54  5.97  -0.71  119.7
71765.0  1.3  981.5  124.6  44.0  1.49  3.01  -0.82  120.0
71766.0  1.4  981.9  124.7  44.1  1.53  0.27  -0.79  119.5
71767.0  1.4  981.4  124.7  44.0  1.62  -0.42  -0.65  119.2
71768.0  1.4  981.8  124.8  43.9  1.73  -0.34  -0.31  119.2
71769.0  1.5  981.2  124.8  44.1  1.73  0.20  -0.68  119.3
71770.0  1.3  981.7  124.8  44.1  1.71  0.09  -0.55  119.7
71771.0  1.3  981.6  124.8  44.2  1.77  -0.31  -0.68  120.2
71772.0  1.4  981.4  124.8  44.1  1.75  -0.28  -0.64  120.5
71773.0  1.6  981.8  124.8  44.2  1.86  0.08  -0.83  121.1
71774.0  0.8  981.3  124.8  43.9  1.33  -0.57  -0.63  120.5
71775.0  1.1  981.2  124.8  43.8  1.73  -0.33  -0.31  120.3
71776.0  1.9  981.8  124.8  44.0  1.94  0.68  -0.86  120.2
71777.0  0.8  981.4  124.8  43.9  1.32  0.67  -0.87  119.7
71778.0  1.2  981.9  124.8  43.7  1.56  0.36  -0.50  120.5
71779.0  1.2  981.8  124.8  43.8  1.78  0.64  -0.10  121.3
71780.0  1.0  981.5  124.8  44.1  1.69  0.98  -0.01  121.7
71781.0  1.6  981.5  124.8  44.7  1.88  -0.04  0.24  120.7
71782.0  1.3  981.5  124.7  45.4  1.68  -0.44  -1.03  120.1
71783.0  1.3  981.5  124.8  45.2  1.55  -0.80  -1.18  120.0
71784.0  1.2  981.6  124.8  44.9  1.60  -0.79  -1.06  119.8
71785.0  1.4  981.4  124.8  44.5  1.71  -0.87  -0.63  120.0
71786.0  1.4  981.8  124.8  44.4  1.69  -0.74  -0.44  119.5
71787.0  1.3  981.3  124.9  44.5  1.58  -0.36  -0.35  119.5
71788.0  1.3  981.8  124.9  44.6  1.58  -0.27  -0.81  120.2
71789.0  1.4  981.8  124.9  44.5  1.51  -0.36  -0.58  121.3
71790.0  1.2  981.5  124.9  44.5  1.48  -0.45  -0.94  121.5
71791.0  1.3  981.6  125.0  44.2  1.25  -0.09  -0.74  121.7
71792.0  0.8  981.3  125.0  44.1  1.19  0.70  -0.34  121.1
71793.0  0.9  981.6  125.1  44.3  1.38  0.43  -0.02  120.9
71794.0  1.4  981.3  125.1  44.8  1.71  0.02  -0.25  120.8
71795.0  1.2  981.7  125.1  45.2  1.46  -0.47  -0.76  120.5
71796.0  1.2  981.5  125.2  45.1  1.46  -1.31  -0.55  119.8
71797.0  1.4  981.5  125.2  45.1  1.56  -1.29  -0.74  119.3
71798.0  1.4  981.8  125.3  45.0  1.48  -1.08  -0.76  118.9
71799.0  1.6  981.8  125.4  44.8  1.41  -1.30  -1.00  119.4
71800.0  1.0  981.4  125.5  44.5  1.24  -0.70  -0.89  120.4
71801.0  1.0  981.9  125.5  44.2  1.44  -0.26  -0.63  120.3
71802.0  1.5  981.7  125.5  44.2  1.77  0.08  -0.25  120.9
71803.0  2.3  981.5  125.6  44.5  1.59  -0.30  0.05  122.1
71804.0  1.2  981.6  125.7  44.9  0.61  -0.91  -0.89  121.5
71805.0  0.9  981.6  125.9  44.7  0.32  -0.99  -0.93  121.4
71806.0  0.8  981.2  126.0  44.3  0.59  -0.27  -0.30  121.6
71807.0  1.3  981.6  126.2  44.5  0.77  -0.45  -0.18  121.5
71808.0  1.3  981.9  126.3  44.8  0.65  -0.45  -1.12  122.0
71809.0  0.9  981.7  126.5  44.5  0.84  -0.14  -0.88  122.0
71810.0  1.1  981.7  126.5  44.2  1.61  -0.05  -0.55  122.7
71811.0  1.8  981.7  126.4  44.3  2.50  0.26  -0.40  122.4
71812.0  1.7  982.0  126.2  44.5  3.04  0.44  -0.76  122.0
71813.0  1.4  981.6  125.9  44.5  3.25  0.10  -0.70  121.8
71814.0  1.3  981.2  125.6  44.4  3.41  -0.32  -0.68  121.5
71815.0  1.3  981.8  125.3  44.4  3.60  -0.02  -0.57  121.5
71816.0  1.2  980.9  125.0  44.5  3.63  0.14  -0.29  120.7
71817.0  0.9  981.0  124.7  44.7  3.44  -0.23  -0.16  120.2
71818.0  0.9  980.7  124.4  45.2  3.29  -0.68  -0.13  120.0
71819.0  1.6  981.0  124.2  45.6  3.49  -0.01  -0.82  120.0
71820.0  1.5  981.1  123.9  45.6  3.79  0.98  -0.63  119.2
71821.0  1.4  981.0  123.5  45.8  3.83  0.68  -0.71  119.4
71822.0  1.4  981.1  123.2  46.0  3.76  -0.28  -1.02  119.5
71823.0  1.5  980.9  122.9  45.8  3.94  -0.38  -0.80  118.8
71824.0  1.7  981.2  122.5  45.7  4.44  -0.53  -0.66  118.6
71825.0  1.9  981.3  122.0  45.8  4.89  -0.73  -0.79  118.4
71826.0  1.8  980.7  121.4  45.7  5.36  -0.21  -0.82  119.9
71827.0  2.0  981.0  120.8  45.7  5.39  0.72  -0.51  118.5
71828.0  1.7  980.7  120.3  45.9  5.01  0.25  -0.74  116.8
71829.0  1.3  980.8  119.8  45.9  4.52  -0.56  -1.23  116.7
71830.0  1.5  980.7  119.5  45.5  4.24  -0.33  -1.04  116.5
71831.0  1.1  980.9  119.2  45.2  3.84  0.16  -0.63  115.3
71832.0  0.6  980.6  119.0  45.1  3.38  0.31  0.35  115.6
71833.0  1.7  981.0  118.9  45.6  3.55  -0.04  -0.77  114.8
71834.0  1.7  981.0  118.7  45.7  3.67  0.30  -0.82  114.4
71835.0  1.5  980.5  118.5  45.6  3.50  -0.28  -1.08  114.1
71836.0  2.3  981.2  118.4  45.3  3.61  -0.20  -1.07  112.8
71837.0  1.9  980.6  118.3  45.0  3.50  0.32  -0.39  113.2
71838.0  0.9  980.9  118.2  45.2  3.06  1.10  0.06  113.5
71839.0  1.2  980.9  118.2  45.6  2.72  0.69  -0.08  112.8
71840.0  1.6  981.2  118.2  46.0  2.58  0.15  -0.98  113.4
71841.0  2.0  980.4  118.2  46.1  2.50  -0.29  -1.06  114.0
71842.0  1.6  980.6  118.3  45.9  1.99  -0.22  -0.92  113.4
71843.0  1.7  980.4  118.5  45.8  1.55  -0.22  -0.35  113.5
71844.0  2.0  980.8  118.8  46.1  1.59  -0.46  -0.53  113.4
71845.0  1.9  980.9  119.0  46.4  1.70  -0.46  -0.94  113.6
71846.0  2.5  980.9  119.2  46.4  2.18  -1.28  -1.52  113.9
71847.0  1.4  980.7  119.4  45.9  2.21  -1.66  -0.82  114.9
71848.0  1.6  980.8  119.5  45.8  2.23  -0.85  -0.19  114.8
71849.0  1.5  980.5  119.6  46.1  2.26  -0.32  -0.50  114.9
71850.0  1.7  980.7  119.7  46.4  2.15  -0.52  -0.65  115.2
71851.0  1.7  980.6  119.8  46.5  1.94  -1.27  -0.94  115.6
71852.0  1.5  980.8  120.0  46.4  1.64  -1.59  -0.91  115.9
71853.0  1.2  980.9  120.1  46.3  1.37  -1.58  -0.72  116.0
71854.0  1.7  980.8  120.4  46.2  1.67  1.68  -0.63  115.8
71855.0  2.2  980.3  120.6  46.4  2.48  5.17  -0.28  116.3
71856.0  2.2  980.8  120.7  47.1  3.02  8.09  -0.21  116.7
71857.0  2.1  980.6  120.7  48.3  3.73  10.74  -0.27  116.7
71858.0  2.2  980.5  120.5  49.6  4.72  12.62  -0.75  116.7
71859.0  1.7  980.7  120.2  50.7  4.51  15.27  -0.65  116.2
71860.0  1.6  980.6  120.1  51.8  3.98  17.74  -0.56  115.4
71861.0  2.0  980.8  120.0  53.4  4.04  19.32  -0.19  115.7
71862.0  1.9  980.3  119.9  55.2  3.70  21.19  -0.29  115.6
71863.0  2.8  980.4  119.8  57.5  4.31  22.26  0.20  115.8
71864.0  1.8  980.9  119.6  59.8  3.89  23.30  -0.63  115.0
71865.0  1.9  980.3  119.5  61.8  3.32  25.30  -0.36  117.3
71866.0  1.5  980.8  119.5  63.8  2.72  25.70  -0.36  117.9
71867.0  1.6  980.2  119.5  66.2  2.62  26.13  0.53  117.1
71868.0  2.0  980.6  119.6  69.1  2.33  26.99  -0.71  117.3
71869.0  1.6  980.0  119.6  71.5  2.14  26.68  -0.90  117.2
71870.0  1.3  980.1  119.7  73.4  1.65  26.66  -0.44  116.9
71871.0  1.2  980.0  119.9  75.7  1.29  28.72  -1.30  117.2
71872.0  2.1  980.2  120.0  78.2  2.20  29.13  -0.81  116.2
71873.0  2.7  980.5  120.0  80.8  2.64  27.70  0.00  115.3
71874.0  1.9  980.2  120.0  83.3  2.12  27.49  -0.93  116.6
71875.0  1.2  980.3  120.1  85.3  1.70  28.57  -0.80  117.3
71876.0  1.9  980.4  120.3  87.5  1.74  28.85  0.03  117.4
71877.0  1.9  980.3  120.4  90.2  1.54  28.43  -0.08  117.3
71878.0  2.0  980.2  120.6  93.0  1.43  29.78  0.17  117.2
71879.0  2.1  980.3  120.7  96.2  1.55  30.39  -0.17  117.0
71880.0  2.5  980.3  120.7  99.5  1.78  30.92  -0.50  118.3
71881.0  1.9  979.7  120.8  102.0  1.18  31.26  -0.39  118.7
71882.0  2.3  980.2  120.9  105.2  1.36  31.51  -0.77  119.1
71883.0  2.3  979.7  120.8  108.1  1.74  31.01  -0.47  119.1
71884.0  2.0  979.7  120.8  111.0  1.62  30.40  -0.43  118.8
71885.0  2.2  980.1  120.8  113.9  1.68  30.26  -0.88  118.8
71886.0  2.0  979.6  120.8  116.3  1.63  29.66  -0.92  118.6
71887.0  1.6  979.7  120.9  118.2  1.03  29.12  -0.59  118.7
71888.0  1.8  980.0  121.1  120.6  0.80  30.04  -0.47  119.1
71889.0  1.8  980.4  121.2  123.4  0.96  30.91  -0.47  119.4
71890.0  2.2  980.3  121.4  126.3  1.15  30.11  -0.61  120.4
71891.0  2.1  979.9  121.5  128.8  1.00  28.94  -0.66  121.5
71892.0  1.5  980.2  121.7  130.9  0.50  26.20  -0.10  121.0
71893.0  1.8  979.9  122.0  133.3  0.42  24.07  -1.29  121.6
71894.0  1.8  980.0  122.3  134.9  0.51  23.07  -0.36  121.2
71895.0  1.8  980.1  122.6  136.7  0.28  21.62  0.10  121.5
71896.0  1.3  979.7  123.0  138.9  0.03  18.46  -0.21  121.2
71897.0  1.2  979.8  123.3  140.6  -0.03  9.76  -1.29  121.6
71898.0  0.9  979.9  123.8  141.1  0.03  1.32  -0.92  121.7
71899.0  0.6  980.3  124.1  141.0  0.55  -1.89  -1.03  123.5
71900.0  1.2  980.0  124.4  140.6  1.05  -2.34  -0.47  124.3
71901.0  1.2  980.2  124.7  140.5  1.27  -3.18  -0.51  124.7
71902.0  1.1  980.4  124.9  140.4  1.33  -3.28  -0.57  124.9
71903.0  1.6  980.2  125.0  140.3  2.05  -2.22  -0.69  125.2
71904.0  1.8  980.4  125.0  140.2  2.95  -2.26  -0.98  126.2
71905.0  1.6  980.1  124.9  140.0  3.54  -1.54  -0.79  126.2
71906.0  1.6  979.8  124.6  139.7  3.98  -0.95  -1.62  125.3
71907.0  0.9  980.0  124.4  138.9  3.90  -0.82  -0.80  124.5
71908.0  1.8  980.0  124.2  138.6  4.34  -0.62  -0.13  124.1
71909.0  1.3  980.1  123.9  138.8  4.94  -0.09  -0.78  123.9
71910.0  0.9  979.7  123.5  138.7  5.07  0.01  -0.70  123.3
71911.0  0.5  980.0  123.2  138.7  4.90  0.28  0.54  123.9
71912.0  1.6  980.0  122.9  139.4  5.21  0.20  -0.14  123.8
71913.0  1.8  979.8  122.4  140.0  5.51  0.83  -0.83  123.5
71914.0  0.7  980.4  122.0  140.1  5.16  1.27  -0.66  124.6
71915.0  0.8  980.1  121.7  140.2  4.97  0.51  -0.59  123.2
71916.0  0.6  980.1  121.5  140.3  4.52  -0.44  -0.75  122.8
71917.0  1.5  979.9  121.2  140.3  5.00  -0.32  -0.99  123.0
71918.0  2.1  979.9  120.8  140.2  5.42  0.03  -0.76  122.2
71919.0  1.2  979.9  120.4  140.2  5.11  0.25  -0.86  121.6
71920.0  1.3  979.9  120.1  140.2  5.13  0.55  -1.11  121.0
