flight/WP3D/AircraftMis_NP3_20130626_RA.ict
41  1001
Ken Aikin
NOAA ESRL Chemical Sciences Division
various aircraft sensors
SENEX 2013
1  1
2013  06  26  2013  06  26
1
AOCTimewave
8
1  1  1  1  1  1  1  1
-9999  -9999  -9999  -9999  -9999  -9999  -9999  -9999
Attack  deg
CabinPrs  mbar
GndSpd  m/s
Heading  deg
Pitch  deg
Roll  deg
Slip  deg
TrueAirSpd  m/s
1
SPECIAL COMMENTS:Fayetteville shale flight.
18
PI_CONTACT_INFO: Address: NOAA ESRL Chemical Sciences Division  Mail Stop R/CSD7  325 Broadway  Boulder  CO 80305
PLATFORM: NOAA WP-3D
LOCATION: The aircraft was stationed in  Smyrna  Tennessee. Aircraft location information in AircraftPosition file.
ASSOCIATED_DATA: N/A
INSTRUMENT_INFO: N/A
DATA_INFO: Units: Attack degrees; CabinPrs millibar; GndSpd m/s; Heading degrees; Pitch degrees; Roll degrees; Slip degrees; TrueAirSpd m/s
UNCERTAINTY: N/A
ULOD_FLAG: -7777
ULOD_VALUE: N/A
LLOD_FLAG: -8888
LLOD_VALUE: N/A
DM_CONTACT_INFO: Data Manager:Ken Aikin; email:Kenneth.C.Aikin@noaa.gov
PROJECT_INFO: SENEX 2013 Study; June 1 - July 15  2013
STIPULATIONS_ON_USE: Use of these data require prior ok from PI.
OTHER_COMMENTS:       None
REVISION: RA
RA: Preliminary Data.  For in-field use.
AOCTimewave  Attack  CabinPrs  GndSpd  Heading  Pitch  Roll  Slip  TrueAirSpd
[from data line 7643]
61511.0  2.6  933.3  116.5  2.3  2.70  -1.14  -0.79  118.3
61512.0  2.6  933.1  116.5  2.2  2.70  -1.66  -0.80  118.4
61513.0  2.5  933.1  116.4  2.1  2.56  -2.59  -0.83  118.4
61514.0  2.3  933.0  116.5  1.9  2.08  -4.42  -0.88  118.5
61515.0  2.4  933.3  116.5  1.5  2.03  -6.00  -0.91  118.6
61516.0  2.5  932.7  116.6  1.0  2.05  -7.64  -0.94  118.6
61517.0  2.4  933.3  116.7  0.3  1.80  -9.27  -1.02  118.7
61518.0  2.4  932.8  116.8  359.5  1.57  -10.96  -1.04  118.9
61519.0  2.6  933.0  116.9  358.5  1.66  -12.22  -1.07  119.0
61520.0  2.8  933.0  117.0  357.3  1.82  -13.38  -1.02  119.0
61521.0  2.8  932.9  117.0  356.0  1.90  -14.48  -0.95  119.2
61522.0  2.7  933.3  116.9  354.8  1.80  -15.81  -1.01  119.3
61523.0  2.5  932.7  116.9  353.5  1.50  -17.12  -1.02  119.3
61524.0  2.4  933.0  116.9  352.1  1.03  -18.10  -0.92  119.4
61525.0  2.5  933.0  116.9  350.6  0.78  -18.78  -0.86  119.5
61526.0  2.3  933.0  117.0  349.1  0.25  -19.20  -0.84  119.8
61527.0  2.6  933.5  117.1  347.6  0.14  -20.09  -0.86  119.9
61528.0  2.7  932.9  117.3  346.0  0.09  -20.31  -0.91  120.1
61529.0  2.8  933.6  117.5  344.2  0.11  -20.32  -0.91  120.5
61530.0  2.7  932.8  117.7  342.6  -0.04  -20.85  -0.90  120.7
61531.0  2.8  932.6  117.9  340.9  -0.02  -21.22  -0.92  121.0
61532.0  2.7  932.7  118.1  339.2  -0.21  -21.62  -0.94  121.2
61533.0  2.6  933.2  118.3  337.5  -0.45  -21.51  -0.87  121.5
61534.0  2.7  933.4  118.5  335.6  -0.37  -21.38  -0.82  121.8
61535.0  2.8  933.3  118.8  333.9  -0.18  -20.95  -0.79  122.1
61536.0  2.8  932.8  119.0  332.2  -0.15  -20.94  -0.79  122.5
61537.0  2.8  932.6  119.2  330.6  0.02  -20.52  -0.80  122.7
61538.0  2.6  932.6  119.4  329.0  0.01  -20.78  -0.92  123.0
61539.0  2.4  932.8  119.6  327.4  -0.18  -21.03  -0.96  123.5
61540.0  2.3  932.9  119.8  325.7  -0.40  -21.21  -0.94  123.9
61541.0  2.2  932.5  120.0  324.0  -0.61  -21.33  -0.89  124.4
61542.0  2.3  932.5  120.2  322.3  -0.62  -20.70  -0.76  124.9
61543.0  2.4  932.8  120.5  320.6  -0.48  -20.61  -0.76  125.3
61544.0  2.2  932.7  120.7  319.0  -0.54  -20.99  -0.86  125.6
61545.0  2.3  932.9  120.9  317.3  -0.42  -21.52  -0.88  126.0
61546.0  2.4  933.1  121.1  315.5  -0.12  -21.41  -0.84  126.1
61547.0  2.4  933.1  121.2  313.8  -0.04  -21.37  -0.75  126.2
61548.0  2.2  932.5  121.2  312.1  -0.13  -21.66  -0.78  126.3
61549.0  2.2  932.9  121.3  310.5  -0.19  -21.37  -0.82  126.4
61550.0  2.2  932.5  121.3  308.8  -0.09  -20.73  -0.78  126.6
61551.0  2.2  932.7  121.4  307.3  -0.07  -21.16  -0.83  126.6
61552.0  2.0  932.7  121.4  305.8  -0.35  -21.06  -0.85  126.6
61553.0  1.9  932.4  121.5  304.3  -0.73  -21.05  -0.78  126.7
61554.0  2.0  932.7  121.6  302.7  -0.83  -20.99  -0.80  126.7
61555.0  2.1  932.1  121.8  301.1  -0.82  -20.59  -0.79  126.8
61556.0  2.4  933.0  121.9  299.4  -0.33  -20.75  -0.88  126.9
61557.0  2.5  932.3  122.0  297.7  -0.09  -20.63  -0.86  127.0
61558.0  2.0  932.2  122.1  296.2  -0.45  -19.88  -0.83  127.1
61559.0  2.0  932.6  122.2  294.7  -0.71  -19.94  -0.73  127.1
61560.0  2.1  932.6  122.4  293.2  -0.54  -20.21  -0.76  127.3
61561.0  2.1  931.9  122.5  291.7  -0.46  -19.79  -0.76  127.5
61562.0  2.2  931.9  122.6  290.2  -0.34  -19.39  -0.77  127.6
61563.0  2.1  932.2  122.7  288.8  -0.43  -18.53  -0.71  127.8
61564.0  2.0  932.7  122.8  287.4  -0.54  -18.76  -0.82  127.9
61565.0  2.0  932.1  123.0  286.0  -0.51  -18.88  -0.85  128.1
61566.0  2.2  932.2  123.1  284.5  -0.31  -19.14  -0.85  128.2
61567.0  2.0  932.5  123.2  283.1  -0.45  -19.63  -0.85  128.3
61568.0  2.0  932.3  123.3  281.5  -0.40  -19.45  -0.76  128.4
61569.0  2.1  932.4  123.4  280.0  -0.30  -19.36  -0.71  128.5
61570.0  1.9  931.9  123.5  278.6  -0.43  -19.49  -0.76  128.6
61571.0  2.0  932.2  123.6  277.1  -0.27  -19.41  -0.75  128.6
61572.0  2.0  932.5  123.7  275.7  -0.25  -19.38  -0.76  128.7
61573.0  1.9  932.3  123.8  274.3  -0.40  -20.00  -0.82  128.8
61574.0  2.0  932.1  123.9  272.7  -0.30  -19.79  -0.77  128.9
61575.0  2.0  932.0  124.1  271.2  -0.19  -19.65  -0.75  129.0
61576.0  1.9  932.0  124.2  269.8  -0.26  -19.93  -0.76  129.1
61577.0  2.0  931.9  124.3  268.3  -0.17  -19.76  -0.76  129.2
61578.0  2.0  931.9  124.4  266.7  -0.04  -19.48  -0.75  129.2
61579.0  2.0  931.9  124.4  265.3  0.05  -19.64  -0.84  129.1
61580.0  2.1  932.6  124.5  263.7  0.22  -19.55  -0.77  129.0
61581.0  1.8  932.1  124.5  262.3  -0.03  -19.95  -0.84  129.0
61582.0  1.7  932.0  124.6  260.9  -0.30  -19.94  -0.72  129.0
61583.0  1.7  932.2  124.7  259.4  -0.54  -20.17  -0.71  129.2
61584.0  1.7  932.3  124.9  258.0  -0.70  -21.07  -0.90  129.7
61585.0  1.9  932.1  125.1  256.3  -0.55  -20.87  -0.84  129.8
61586.0  1.9  931.5  125.2  254.6  -0.50  -20.88  -0.84  129.8
61587.0  2.0  932.0  125.4  252.9  -0.41  -20.78  -0.78  130.0
61588.0  1.8  931.9  125.5  251.3  -0.55  -20.83  -0.79  130.1
61589.0  1.9  932.2  125.7  249.7  -0.57  -20.91  -0.77  130.1
61590.0  1.9  932.2  125.8  248.1  -0.46  -20.83  -0.75  130.1
61591.0  1.8  932.0  126.0  246.6  -0.60  -21.25  -0.75  130.3
61592.0  1.9  932.5  126.1  244.9  -0.51  -21.50  -0.80  130.4
61593.0  1.9  931.9  126.2  243.3  -0.50  -21.33  -0.80  130.3
61594.0  1.6  931.8  126.3  241.8  -0.92  -20.80  -0.66  130.3
61595.0  1.9  931.6  126.4  240.3  -0.80  -20.58  -0.68  130.3
61596.0  1.7  932.5  126.6  238.9  -1.02  -20.97  -0.85  130.4
61597.0  1.7  932.3  126.7  237.3  -1.18  -20.50  -0.83  130.7
61598.0  2.0  932.1  126.9  235.6  -0.79  -20.50  -0.83  131.0
61599.0  1.8  932.1  127.0  234.1  -0.94  -19.79  -0.79  131.1
61600.0  1.9  932.0  127.2  232.5  -0.78  -19.66  -0.71  131.0
61601.0  1.8  931.8  127.3  231.1  -0.83  -20.28  -0.82  131.2
61602.0  1.5  932.3  127.4  229.7  -1.04  -20.37  -0.90  131.3
61603.0  1.8  932.1  127.5  228.0  -0.83  -20.51  -0.75  131.7
61604.0  1.8  931.8  127.7  226.4  -0.62  -20.91  -0.76  131.5
61605.0  1.6  931.5  127.8  225.0  -0.90  -20.83  -0.71  131.3
61606.0  1.6  932.3  127.9  223.6  -1.11  -20.53  -0.75  131.5
61607.0  1.6  931.2  128.0  222.0  -1.09  -20.80  -0.73  132.0
61608.0  1.7  932.5  128.2  220.5  -1.04  -20.51  -0.72  132.6
61609.0  1.7  931.7  128.4  219.0  -0.85  -20.26  -0.74  132.1
61610.0  1.8  932.1  128.5  217.5  -0.72  -20.82  -0.69  132.3
61611.0  1.9  932.5  128.6  215.9  -0.42  -20.79  -0.69  132.7
61612.0  1.8  931.5  128.7  214.4  -0.25  -20.35  -0.75  132.6
61613.0  1.8  931.9  128.7  213.0  -0.23  -19.78  -0.60  132.9
61614.0  1.5  931.4  128.8  211.7  -0.45  -20.27  -0.75  132.9
61615.0  1.3  930.9  128.9  210.4  -0.86  -20.56  -0.74  133.0
61616.0  1.5  931.5  129.0  208.9  -0.82  -20.24  -0.70  133.1
61617.0  1.6  932.1  129.1  207.5  -0.73  -19.95  -0.75  132.9
61618.0  1.8  931.4  129.2  205.9  -0.47  -19.55  -0.75  132.7
61619.0  1.8  931.6  129.3  204.4  -0.18  -19.87  -0.83  132.5
61620.0  1.6  931.7  129.4  203.0  -0.32  -20.03  -0.82  132.3
61621.0  1.6  931.3  129.5  201.5  -0.39  -20.06  -0.78  132.2
61622.0  1.5  931.7  129.6  200.1  -0.60  -20.32  -0.77  132.0
61623.0  1.7  931.3  129.7  198.5  -0.50  -20.23  -0.75  131.8
61624.0  1.7  931.7  129.8  197.1  -0.50  -20.20  -0.73  131.6
61625.0  1.7  931.4  130.0  195.6  -0.45  -20.45  -0.75  131.6
61626.0  1.8  931.2  130.1  194.0  -0.31  -20.35  -0.76  131.5
61627.0  1.5  932.0  130.2  192.6  -0.57  -20.47  -0.74  131.4
61628.0  1.6  931.4  130.4  191.1  -0.66  -20.73  -0.72  131.3
61629.0  1.5  931.7  130.5  189.7  -0.85  -20.90  -0.66  131.2
61630.0  1.6  931.7  130.7  188.3  -0.95  -20.75  -0.68  131.1
61631.0  1.9  931.3  130.9  186.6  -0.46  -20.28  -0.66  131.0
61632.0  1.9  931.8  131.1  185.1  -0.25  -19.29  -0.63  130.6
61633.0  1.8  931.3  131.3  183.8  -0.12  -19.49  -0.69  130.3
61634.0  1.8  931.7  131.4  182.4  -0.03  -19.32  -0.76  130.1
61635.0  1.6  931.2  131.5  181.0  -0.29  -19.68  -0.78  130.0
61636.0  1.6  931.8  131.6  179.6  -0.33  -20.06  -0.79  130.0
61637.0  1.5  931.1  131.7  178.2  -0.61  -20.25  -0.76  129.9
61638.0  1.7  931.9  131.9  176.6  -0.55  -20.28  -0.70  130.0
61639.0  1.9  931.3  132.1  175.0  -0.21  -20.17  -0.67  130.0
61640.0  1.7  931.8  132.2  173.6  -0.32  -20.23  -0.70  129.9
61641.0  1.9  931.4  132.4  172.0  -0.06  -19.99  -0.73  129.9
61642.0  1.7  931.1  132.5  170.6  -0.16  -20.01  -0.75  129.9
61643.0  1.7  931.7  132.6  169.1  -0.31  -20.31  -0.75  129.7
61644.0  1.6  931.0  132.7  167.7  -0.44  -20.24  -0.73  129.7
61645.0  1.6  931.5  132.9  166.2  -0.63  -20.53  -0.75  129.7
61646.0  1.7  931.4  133.1  164.7  -0.72  -20.95  -0.74  129.6
61647.0  1.7  931.5  133.3  163.1  -0.79  -20.71  -0.68  129.4
61648.0  1.7  931.2  133.5  161.6  -0.86  -21.04  -0.67  129.4
61649.0  1.8  931.2  133.7  160.0  -0.68  -20.95  -0.75  129.5
61650.0  1.9  932.0  134.0  158.4  -0.64  -21.16  -0.78  129.4
61651.0  2.0  931.4  134.2  156.7  -0.30  -20.99  -0.73  129.2
61652.0  1.9  931.6  134.3  155.1  -0.26  -20.78  -0.73  128.9
61653.0  1.8  931.4  134.5  153.6  -0.25  -20.98  -0.76  128.9
61654.0  2.0  931.5  134.6  152.0  -0.04  -20.91  -0.79  128.7
61655.0  1.8  930.9  134.7  150.4  -0.09  -20.89  -0.82  128.6
61656.0  1.9  931.7  134.8  148.8  -0.03  -20.55  -0.74  128.4
61657.0  1.9  931.0  134.9  147.1  0.11  -20.26  -0.68  128.2
61658.0  1.9  931.7  135.0  145.7  0.13  -20.23  -0.74  128.2
61659.0  1.8  931.2  135.0  144.2  0.10  -20.45  -0.80  128.0
61660.0  2.0  931.6  135.1  142.5  0.31  -20.61  -0.80  128.0
61661.0  2.0  930.9  135.1  140.9  0.38  -20.59  -0.80  127.7
61662.0  2.0  931.6  135.1  139.2  0.47  -19.99  -0.68  127.5
61663.0  2.0  930.8  135.1  137.7  0.73  -19.90  -0.68  127.3
61664.0  1.9  931.6  135.0  136.2  0.67  -20.14  -0.76  127.0
61665.0  1.8  930.9  134.9  134.8  0.46  -20.26  -0.75  126.8
61666.0  1.9  931.3  134.9  133.1  0.59  -20.35  -0.72  126.5
61667.0  2.0  931.4  134.8  131.6  0.73  -20.56  -0.76  126.3
61668.0  1.8  931.1  134.8  130.1  0.38  -20.53  -0.74  126.2
61669.0  1.8  931.0  134.7  128.6  0.22  -20.40  -0.67  126.2
61670.0  1.9  931.2  134.7  127.0  0.25  -20.03  -0.65  126.2
61671.0  1.8  931.6  134.7  125.7  -0.02  -19.82  -0.72  126.2
61672.0  1.8  931.0  134.8  124.3  -0.43  -20.03  -0.70  126.1
61673.0  1.7  931.3  134.9  122.9  -0.91  -20.02  -0.49  125.7
61674.0  1.8  930.8  135.0  121.6  -0.96  -19.80  -0.48  125.7
61675.0  2.0  931.7  135.2  120.2  -0.73  -19.53  -0.59  125.9
61676.0  1.8  931.9  135.4  119.0  -0.99  -19.47  -0.67  125.8
61677.0  1.8  931.4  135.6  117.7  -1.18  -19.95  -0.60  125.9
61678.0  2.0  931.3  135.8  116.2  -1.00  -20.03  -0.75  126.3
61679.0  2.0  931.3  136.0  114.7  -0.79  -20.36  -0.72  126.5
61680.0  2.1  931.0  136.2  113.2  -0.63  -20.30  -0.61  126.6
61681.0  1.9  931.2  136.4  111.8  -0.69  -20.64  -0.73  127.1
61682.0  1.9  931.6  136.5  110.4  -0.66  -21.28  -0.58  127.7
61683.0  1.8  931.0  136.7  108.9  -0.62  -21.04  -0.76  128.0
61684.0  1.8  931.0  136.8  107.2  -0.52  -21.31  -0.80  128.0
61685.0  2.1  931.6  136.9  105.5  -0.06  -21.42  -0.73  127.7
61686.0  2.0  931.1  137.0  103.9  -0.02  -21.86  -0.85  127.8
61687.0  1.9  931.1  137.0  102.1  0.13  -21.93  -0.79  127.6
61688.0  2.2  931.5  137.0  100.3  0.60  -21.79  -0.78  127.1
61689.0  2.2  931.3  136.9  98.5  1.08  -21.83  -0.99  126.8
61690.0  2.1  931.4  136.7  96.6  1.14  -21.37  -0.86  126.5
61691.0  2.0  931.0  136.5  94.9  1.05  -21.64  -0.76  126.2
61692.0  1.6  931.5  136.4  93.4  0.61  -21.63  -0.80  125.9
61693.0  1.5  930.8  136.2  91.8  0.11  -21.11  -0.83  125.8
61694.0  1.7  931.8  136.2  90.2  -0.25  -21.08  -0.73  125.8
61695.0  1.8  931.2  136.1  88.5  -0.28  -21.48  -0.74  125.7
61696.0  2.1  931.4  136.1  86.8  -0.12  -21.17  -0.61  126.0
61697.0  2.1  931.6  136.1  85.2  0.03  -20.80  -0.55  126.2
61698.0  1.9  931.3  136.0  83.8  -0.04  -20.99  -0.61  126.0
61699.0  1.8  931.2  136.0  82.4  -0.15  -20.75  -0.66  125.9
61700.0  1.8  931.5  136.0  80.9  -0.17  -20.31  -0.62  125.7
61701.0  2.0  931.3  135.9  79.3  0.07  -19.96  -0.75  125.4
61702.0  1.9  931.2  135.9  77.9  0.01  -19.81  -0.69  125.4
61703.0  1.9  930.9  135.8  76.4  0.00  -19.91  -0.75  125.3
61704.0  1.7  931.2  135.8  75.0  -0.26  -20.41  -0.83  125.1
61705.0  1.8  931.0  135.7  73.5  -0.37  -20.55  -0.79  125.0
61706.0  1.9  931.6  135.7  71.8  -0.27  -20.91  -0.78  125.1
61707.0  1.9  931.2  135.7  70.2  -0.30  -21.29  -0.74  125.2
61708.0  1.9  931.2  135.6  68.6  -0.44  -21.08  -0.66  125.3
61709.0  2.1  932.0  135.6  66.9  -0.02  -21.23  -0.75  125.3
61710.0  2.1  931.5  135.5  65.3  0.04  -21.10  -0.73  125.3
61711.0  2.3  931.5  135.4  63.5  0.48  -21.21  -0.78  125.0
61712.0  2.2  931.4  135.2  61.8  0.67  -20.98  -0.81  124.6
61713.0  2.0  931.9  135.0  60.2  0.57  -21.24  -0.74  124.5
61714.0  2.0  931.2  134.8  58.6  0.57  -20.84  -0.70  124.4
61715.0  2.1  930.9  134.6  56.9  0.78  -20.57  -0.69  124.3
61716.0  1.9  931.5  134.4  55.5  0.52  -20.33  -0.74  124.2
61717.0  2.0  931.1  134.2  53.9  0.49  -20.84  -0.75  124.1
61718.0  1.8  931.4  134.0  52.4  0.17  -21.69  -0.80  123.8
61719.0  2.0  931.4  133.8  50.7  0.23  -21.97  -0.79  123.5
61720.0  2.4  931.2  133.6  48.8  0.69  -21.97  -0.81  123.2
61721.0  2.3  932.1  133.4  47.0  0.83  -22.49  -0.82  122.9
61722.0  2.5  931.3  133.1  45.0  1.21  -22.83  -0.85  122.8
61723.0  2.7  931.8  132.7  43.0  1.87  -22.54  -0.83  122.6
61724.0  2.5  931.0  132.2  41.1  1.95  -22.32  -0.80  122.2
61725.0  2.3  931.9  131.7  39.4  1.89  -22.72  -0.88  122.0
61726.0  2.4  931.1  131.3  37.4  2.06  -22.77  -0.84  121.7
61727.0  2.2  931.4  130.8  35.7  1.84  -23.11  -0.87  121.2
61728.0  2.3  931.6  130.3  33.7  1.85  -22.56  -0.73  120.8
61729.0  2.5  931.1  129.8  31.8  2.14  -21.56  -0.65  120.3
61730.0  2.2  931.3  129.3  30.2  1.95  -21.78  -0.71  120.1
61731.0  2.2  931.2  128.8  28.6  1.85  -21.38  -0.72  119.8
61732.0  2.6  931.4  128.3  26.8  2.19  -20.88  -0.69  119.4
61733.0  2.6  931.5  127.8  25.3  2.24  -20.94  -0.86  119.4
61734.0  2.2  931.2  127.3  23.8  1.77  -20.85  -0.92  119.2
61735.0  2.2  931.7  126.9  22.1  1.43  -21.08  -0.90  119.0
61736.0  2.1  931.3  126.5  20.5  1.07  -21.33  -0.92  119.0
61737.0  2.4  931.4  126.2  18.7  1.10  -21.29  -0.88  118.9
61738.0  2.6  932.0  125.8  16.8  1.21  -21.49  -0.93  118.7
61739.0  2.5  931.6  125.4  15.1  1.14  -21.80  -0.95  118.6
61740.0  2.5  931.4  125.1  13.2  1.05  -21.16  -0.91  118.3
61741.0  2.6  931.6  124.7  11.4  1.12  -20.53  -0.86  118.1
61742.0  2.9  931.3  124.3  9.5  1.54  -20.53  -0.97  117.6
61743.0  2.6  932.1  123.9  7.8  1.46  -20.21  -0.87  117.3
61744.0  2.4  931.3  123.5  6.1  1.21  -20.14  -0.91  116.8
61745.0  2.5  931.7  123.1  4.3  1.44  -20.47  -0.70  116.4
61746.0  2.9  931.5  122.6  2.6  1.80  -20.45  -0.59  116.6
61747.0  3.0  931.2  122.1  1.0  2.09  -20.99  -0.76  116.6
61748.0  2.7  932.1  121.6  359.4  1.98  -21.44  -0.96  116.7
61749.0  2.6  931.3  121.0  357.6  1.87  -21.47  -0.88  116.6
61750.0  2.7  931.9  120.5  355.8  1.95  -21.53  -0.88  116.4
61751.0  2.9  931.4  120.0  353.9  2.28  -21.38  -0.96  116.0
61752.0  3.0  932.2  119.4  352.0  2.47  -21.59  -0.93  115.8
61753.0  2.7  931.5  118.8  350.2  2.28  -21.85  -1.03  115.7
61754.0  2.7  932.2  118.2  348.3  2.18  -21.43  -0.96  115.4
61755.0  2.8  931.4  117.6  346.5  2.08  -21.35  -0.92  115.2
61756.0  2.8  932.2  117.1  344.7  1.97  -21.48  -1.04  114.9
61757.0  2.8  932.0  116.6  342.9  1.82  -21.54  -1.05  114.8
61758.0  2.5  931.7  116.1  341.2  1.35  -21.69  -1.02  114.6
61759.0  2.6  931.9  115.7  339.6  1.14  -21.89  -1.08  114.6
61760.0  2.9  931.6  115.4  338.2  1.35  -21.31  -1.35  114.6
61761.0  3.0  932.3  115.0  336.8  1.46  -20.08  -1.46  114.5
61762.0  2.8  931.7  114.7  335.3  1.29  -19.33  -1.44  114.5
61763.0  2.5  931.9  114.4  333.8  0.89  -19.14  -1.35  114.6
61764.0  2.5  932.3  114.2  332.3  0.63  -19.23  -1.42  114.7
61765.0  2.7  931.8  114.0  330.7  0.72  -19.06  -1.47  114.4
61766.0  2.7  932.2  113.8  329.1  0.78  -18.85  -1.49  114.5
