flight/WP3D/AircraftPos_NP3_20130705_RA.ict
38  1001
Ken Aikin
NOAA ESRL Chemical Sciences Division
various aircraft sensors
SENEX 2013
1  1
2013  07  05  2013  07  05
1
AOCTimewave
5
1  1  1  1  1 
-9999  -9999  -9999  -9999  -9999
GpsLat  deg
GpsLon  deg
GpsAlt  m
PAlt  m
RAlt  m
1
SPECIAL COMMENTS:St. Louis  power plants.
18
PI_CONTACT_INFO: Address: NOAA ESRL Chemical Sciences Division  Mail Stop R/CSD7  325 Broadway  Boulder  CO 80305
PLATFORM: NOAA WP-3D
LOCATION: The aircraft was stationed in Smyrna  Tennessee. Aircraft location information in AircraftPosition file.
ASSOCIATED_DATA: N/A
INSTRUMENT_INFO: N/A
DATA_INFO: Units:GpsLat:decimal degrees; GpsLon: decimal degrees; GpsAlt: meters; PAlt:meters; RAlt: meters.
UNCERTAINTY: N/A
ULOD_FLAG: -7777
ULOD_VALUE: N/A
LLOD_FLAG: -8888
LLOD_VALUE: N/A
DM_CONTACT_INFO: Data Manager:Ken Aikin; email:Kenneth.C.Aikin@noaa.gov
PROJECT_INFO: SENEX 2013 Study; June 1 - July 15  2013
STIPULATIONS_ON_USE: Use of these data require prior ok from PI.
OTHER_COMMENTS:       None
REVISION: RA
RA: Preliminary Data.  For in-field use.
AOCTimewave  GpsLat  GpsLon  GpsAlt  PAlt  RAlt
[from data line 20073]
73633.0  39.7835   -88.3952   3155.7   2973.7   2994.4
73634.0  39.7824   -88.3946   3158.0   2976.0   2991.9
73635.0  39.7813   -88.3940   3160.9   2977.9   2986.6
73636.0  39.7802   -88.3934   3164.3   2981.6   2987.8
73637.0  39.7792   -88.3929   3168.8   2986.4   3006.5
73638.0  39.7781   -88.3923   3173.4   2990.6   3013.6
73639.0  39.7770   -88.3917   3178.5   2995.5   3023.6
73640.0  39.7759   -88.3911   3184.1   3000.8   3021.7
73641.0  39.7748   -88.3905   3190.0   3006.9   3023.2
73642.0  39.7737   -88.3899   3195.9   3013.0   3029.7
73643.0  39.7726   -88.3894   3202.4   3018.4   3037.5
73644.0  39.7715   -88.3888   3208.8   3024.7   3044.3
73645.0  39.7704   -88.3882   3215.3   3031.6   3048.9
73646.0  39.7693   -88.3876   3222.2   3038.7   3050.3
73647.0  39.7683   -88.3870   3229.2   3044.9   3062.8
73648.0  39.7672   -88.3865   3236.0   3050.2   3063.8
73649.0  39.7661   -88.3859   3242.6   3057.0   3070.7
73650.0  39.7650   -88.3853   3248.3   3063.2   3087.3
73651.0  39.7639   -88.3847   3254.4   3069.8   3093.0
73652.0  39.7628   -88.3841   3260.1   3075.8   3095.0
73653.0  39.7617   -88.3836   3265.8   3081.8   3100.1
73654.0  39.7606   -88.3830   3271.1   3086.7   3109.6
73655.0  39.7595   -88.3824   3277.5   3091.8   3113.4
73656.0  39.7584   -88.3818   3284.5   3098.0   3118.2
73657.0  39.7573   -88.3813   3291.7   3104.5   3123.7
73658.0  39.7563   -88.3807   3299.3   3111.0   3131.8
73659.0  39.7552   -88.3801   3306.8   3118.8   3140.2
73660.0  39.7541   -88.3796   3314.4   3125.3   3146.0
73661.0  39.7530   -88.3790   3322.0   3135.1   3154.9
73662.0  39.7519   -88.3784   3329.7   3143.1   3166.7
73663.0  39.7508   -88.3779   3337.7   3150.9   3172.2
73664.0  39.7497   -88.3773   3345.6   3156.4   3175.8
73665.0  39.7486   -88.3768   3353.9   3164.9   3185.8
73666.0  39.7476   -88.3762   3361.9   3173.0   3203.3
73667.0  39.7465   -88.3756   3370.4   3181.0   3195.2
73668.0  39.7454   -88.3751   3378.8   3189.4   3200.8
73669.0  39.7443   -88.3745   3387.2   3196.6   3219.4
73670.0  39.7432   -88.3740   3395.7   3206.4   3231.2
73671.0  39.7421   -88.3734   3404.2   3213.4   3237.7
73672.0  39.7411   -88.3729   3412.5   3220.2   3257.6
73673.0  39.7400   -88.3723   3420.9   3228.3   3268.8
73674.0  39.7389   -88.3718   3429.0   3237.0   3270.5
73675.0  39.7378   -88.3712   3437.1   3245.6   3274.4
73676.0  39.7368   -88.3707   3445.0   3252.7   3281.8
73677.0  39.7357   -88.3701   3453.0   3259.8   3284.9
73678.0  39.7346   -88.3696   3461.5   3268.1   3300.4
73679.0  39.7336   -88.3690   3469.3   3275.7   3307.2
73680.0  39.7325   -88.3685   3477.0   3282.5   3319.4
73681.0  39.7314   -88.3679   3484.6   3289.7   3321.3
73682.0  39.7303   -88.3674   3491.8   3298.1   3328.0
73683.0  39.7293   -88.3668   3499.1   3304.8   3334.8
73684.0  39.7282   -88.3663   3506.1   3312.3   3335.4
73685.0  39.7271   -88.3658   3512.9   3318.2   3345.1
73686.0  39.7261   -88.3652   3519.3   3323.8   3353.0
73687.0  39.7250   -88.3647   3525.2   3329.5   3354.8
73688.0  39.7239   -88.3641   3530.6   3333.9   3364.1
73689.0  39.7229   -88.3636   3536.0   3339.5   3368.4
73690.0  39.7218   -88.3630   3541.7   3344.9   3396.9
73691.0  39.7207   -88.3625   3547.6   3350.2   3395.5
73692.0  39.7197   -88.3619   3553.8   3357.5   3411.0
73693.0  39.7186   -88.3614   3560.4   3364.0   3414.8
73694.0  39.7175   -88.3609   3567.5   3370.3   3416.4
73695.0  39.7164   -88.3604   3574.3   3377.4   3419.9
73696.0  39.7154   -88.3599   3581.6   3384.9   3434.7
73697.0  39.7143   -88.3594   3589.0   3391.5   3436.0
73698.0  39.7132   -88.3590   3596.4   3399.4   3443.5
73699.0  39.7121   -88.3585   3604.5   3406.2   3443.9
73700.0  39.7110   -88.3581   3613.1   3414.1   3457.3
73701.0  39.7099   -88.3578   3621.9   3422.7   3465.6
73702.0  39.7088   -88.3574   3630.7   3430.1   3478.7
73703.0  39.7077   -88.3571   3639.2   3438.4   3481.9
73704.0  39.7066   -88.3569   3647.5   3445.9   3495.9
73705.0  39.7055   -88.3566   3655.3   3453.0   3508.4
73706.0  39.7043   -88.3564   3662.7   3461.1   3517.2
73707.0  39.7032   -88.3563   3670.7   3470.4   3515.7
73708.0  39.7021   -88.3561   3678.9   3478.1   3526.1
73709.0  39.7010   -88.3560   3687.5   3485.3   3524.0
73710.0  39.6999   -88.3559   3696.2   3493.9   3531.0
73711.0  39.6987   -88.3558   3705.0   3503.5   3550.3
73712.0  39.6976   -88.3557   3713.6   3511.3   3548.5
73713.0  39.6965   -88.3557   3721.8   3519.8   3551.2
73714.0  39.6954   -88.3556   3730.3   3528.4   3564.3
73715.0  39.6943   -88.3556   3738.4   3535.5   3588.9
73716.0  39.6932   -88.3555   3746.0   3542.2   3597.2
73717.0  39.6921   -88.3555   3752.9   3548.1   3589.3
73718.0  39.6909   -88.3554   3759.8   3555.1   3601.8
73719.0  39.6898   -88.3554   3766.8   3561.4   3601.3
73720.0  39.6887   -88.3553   3774.2   3568.1   3607.4
73721.0  39.6876   -88.3552   3781.9   3575.1   3609.6
73722.0  39.6865   -88.3552   3790.1   3582.6   3617.6
73723.0  39.6854   -88.3551   3797.6   3589.4   3632.5
73724.0  39.6843   -88.3551   3804.6   3595.4   3650.1
73725.0  39.6832   -88.3550   3811.1   3603.1   3644.5
73726.0  39.6821   -88.3550   3817.1   3609.1   3644.9
73727.0  39.6810   -88.3549   3823.0   3614.6   3666.9
73728.0  39.6798   -88.3548   3828.4   3619.5   3671.1
73729.0  39.6787   -88.3548   3833.5   3624.9   3672.7
73730.0  39.6776   -88.3547   3838.0   3629.6   3688.0
73731.0  39.6765   -88.3547   3842.4   3634.6   3686.4
73732.0  39.6754   -88.3546   3846.3   3638.5   3690.7
73733.0  39.6742   -88.3545   3850.3   3642.0   3695.1
73734.0  39.6731   -88.3545   3855.0   3646.7   3691.3
73735.0  39.6720   -88.3544   3859.9   3650.9   3695.7
73736.0  39.6709   -88.3544   3865.3   3654.7   3704.1
73737.0  39.6698   -88.3543   3871.1   3660.7   3718.2
73738.0  39.6686   -88.3542   3877.2   3667.6   3715.2
73739.0  39.6675   -88.3542   3883.4   3673.1   3722.4
73740.0  39.6664   -88.3541   3889.7   3680.5   3729.6
73741.0  39.6653   -88.3540   3896.0   3688.2   3735.8
73742.0  39.6641   -88.3540   3902.0   3692.8   3745.9
73743.0  39.6630   -88.3539   3907.5   3698.0   3755.5
73744.0  39.6619   -88.3538   3912.8   3701.6   3777.2
73745.0  39.6608   -88.3537   3918.2   3706.5   3769.4
73746.0  39.6596   -88.3537   3923.5   3710.4   3761.6
73747.0  39.6585   -88.3536   3929.0   3715.8   3765.0
73748.0  39.6574   -88.3535   3934.5   3721.7   3775.3
73749.0  39.6563   -88.3534   3939.8   3727.7   3779.8
73750.0  39.6551   -88.3533   3945.3   3732.4   3790.2
73751.0  39.6540   -88.3533   3950.7   3737.8   3796.0
73752.0  39.6529   -88.3532   3956.2   3744.0   3794.2
73753.0  39.6518   -88.3531   3961.6   3749.3   3809.9
73754.0  39.6506   -88.3530   3967.0   3754.5   3816.7
73755.0  39.6495   -88.3529   3972.2   3758.5   3820.5
73756.0  39.6484   -88.3528   3977.4   3764.7   3827.6
73757.0  39.6472   -88.3527   3982.7   3769.4   3837.3
73758.0  39.6461   -88.3527   3988.0   3774.5   3824.3
73759.0  39.6450   -88.3526   3993.5   3780.4   3837.2
73760.0  39.6439   -88.3525   3999.0   3784.4   3850.0
73761.0  39.6427   -88.3524   4004.3   3789.4   3849.3
73762.0  39.6416   -88.3523   4009.7   3794.5   3844.8
73763.0  39.6405   -88.3522   4015.5   3800.2   3850.1
73764.0  39.6393   -88.3521   4021.6   3806.2   3858.5
73765.0  39.6382   -88.3520   4028.0   3812.7   3874.2
73766.0  39.6371   -88.3519   4034.6   3819.2   3870.6
73767.0  39.6359   -88.3518   4041.0   3825.4   3882.3
73768.0  39.6348   -88.3517   4047.4   3831.8   3887.5
73769.0  39.6337   -88.3516   4053.6   3838.0   3893.6
73770.0  39.6326   -88.3515   4059.7   3843.5   3902.5
73771.0  39.6314   -88.3514   4065.8   3848.0   3909.9
73772.0  39.6303   -88.3513   4072.2   3854.5   3906.7
73773.0  39.6292   -88.3512   4078.8   3861.6   3911.8
73774.0  39.6281   -88.3511   4085.5   3868.5   3918.8
73775.0  39.6269   -88.3510   4092.4   3872.8   3933.9
73776.0  39.6258   -88.3509   4099.4   3880.0   3943.3
73777.0  39.6247   -88.3508   4106.3   3888.0   3941.8
73778.0  39.6236   -88.3506   4113.8   3895.3   3949.2
73779.0  39.6224   -88.3505   4121.3   3901.5   3945.9
73780.0  39.6213   -88.3504   4129.1   3909.4   3951.7
73781.0  39.6202   -88.3503   4136.7   3917.2   3969.5
73782.0  39.6191   -88.3502   4144.1   3924.7   3977.8
73783.0  39.6180   -88.3501   4151.2   3930.9   3992.2
73784.0  39.6169   -88.3500   4158.3   3937.3   3995.6
73785.0  39.6157   -88.3498   4165.4   3943.7   4006.2
73786.0  39.6146   -88.3497   4172.7   3950.4   4004.7
73787.0  39.6135   -88.3496   4180.0   3956.7   4017.7
73788.0  39.6124   -88.3495   4187.4   3964.3   4031.6
73789.0  39.6113   -88.3494   4194.8   3971.5   4028.2
73790.0  39.6102   -88.3493   4202.1   3979.0   4028.7
73791.0  39.6091   -88.3492   4209.8   3986.8   4056.9
73792.0  39.6080   -88.3491   4217.2   3994.2   4060.5
73793.0  39.6068   -88.3489   4224.7   4000.5   4058.9
73794.0  39.6057   -88.3488   4232.0   4007.4   4071.6
73795.0  39.6046   -88.3487   4239.4   4014.3   4083.8
73796.0  39.6035   -88.3486   4246.5   4023.1   4087.6
73797.0  39.6024   -88.3485   4253.5   4030.3   4091.6
73798.0  39.6013   -88.3484   4260.5   4035.9   4100.2
73799.0  39.6002   -88.3483   4267.6   4042.5   4117.8
73800.0  39.5991   -88.3482   4274.7   4047.9   4121.8
73801.0  39.5980   -88.3481   4281.8   4055.0   4130.3
73802.0  39.5969   -88.3480   4289.4   4061.5   4142.3
73803.0  39.5958   -88.3478   4296.6   4070.2   4157.4
73804.0  39.5947   -88.3477   4303.8   4077.5   4135.3
73805.0  39.5936   -88.3476   4310.7   4084.7   4159.8
73806.0  39.5925   -88.3475   4317.2   4090.1   4166.7
73807.0  39.5914   -88.3474   4323.7   4096.1   4173.0
73808.0  39.5903   -88.3473   4330.0   4102.7   4172.1
73809.0  39.5892   -88.3472   4336.3   4107.6   4176.9
73810.0  39.5881   -88.3471   4342.6   4113.1   4166.3
73811.0  39.5870   -88.3470   4348.8   4119.3   4175.8
73812.0  39.5859   -88.3469   4355.1   4125.5   4181.4
73813.0  39.5848   -88.3468   4361.3   4130.8   4190.6
73814.0  39.5837   -88.3466   4368.1   4138.0   4201.9
73815.0  39.5826   -88.3465   4374.3   4143.8   4206.0
73816.0  39.5815   -88.3464   4380.7   4149.8   4209.4
73817.0  39.5804   -88.3463   4387.1   4156.0   4218.0
73818.0  39.5793   -88.3462   4393.5   4161.8   4231.5
73819.0  39.5782   -88.3461   4399.6   4166.8   4238.2
73820.0  39.5771   -88.3460   4405.6   4173.5   4244.0
73821.0  39.5760   -88.3458   4411.3   4179.8   4250.8
73822.0  39.5749   -88.3457   4416.9   4185.1   4259.4
73823.0  39.5738   -88.3456   4422.6   4190.9   4252.4
73824.0  39.5727   -88.3455   4428.2   4194.7   4270.3
73825.0  39.5716   -88.3454   4433.5   4200.0   4278.0
73826.0  39.5705   -88.3453   4438.9   4205.6   4285.8
73827.0  39.5694   -88.3452   4444.0   4210.6   4280.2
73828.0  39.5683   -88.3451   4449.2   4215.6   4287.9
73829.0  39.5672   -88.3449   4454.2   4221.6   4286.2
73830.0  39.5661   -88.3448   4459.5   4225.4   4284.6
73831.0  39.5650   -88.3447   4464.9   4229.8   4313.1
73832.0  39.5639   -88.3446   4470.5   4235.0   4301.5
73833.0  39.5628   -88.3445   4476.4   4241.5   4312.0
73834.0  39.5617   -88.3444   4482.6   4248.0   4316.7
73835.0  39.5606   -88.3443   4489.2   4255.2   4328.0
73836.0  39.5595   -88.3442   4495.8   4261.1   4332.5
73837.0  39.5584   -88.3441   4502.6   4266.7   4343.7
73838.0  39.5573   -88.3440   4509.5   4273.4   4352.6
73839.0  39.5562   -88.3438   4516.6   4281.2   4369.5
73840.0  39.5551   -88.3437   4523.9   4288.0   4361.5
73841.0  39.5540   -88.3436   4531.3   4295.0   4352.5
73842.0  39.5529   -88.3435   4539.1   4302.0   4376.6
73843.0  39.5518   -88.3434   4546.5   4308.2   4381.3
73844.0  39.5507   -88.3433   4553.7   4315.2   4391.7
73845.0  39.5496   -88.3432   4560.6   4321.4   4392.0
73846.0  39.5485   -88.3430   4567.4   4327.6   4400.4
73847.0  39.5474   -88.3429   4574.0   4334.5   4423.4
73848.0  39.5463   -88.3428   4580.4   4340.7   4427.5
73849.0  39.5452   -88.3427   4586.7   4346.0   4431.4
73850.0  39.5442   -88.3426   4592.8   4351.4   4428.5
73851.0  39.5431   -88.3425   4598.4   4356.5   4437.8
73852.0  39.5420   -88.3423   4603.6   4362.6   4440.3
73853.0  39.5409   -88.3422   4608.4   4368.4   4448.2
73854.0  39.5398   -88.3421   4612.7   4372.8   4451.0
73855.0  39.5387   -88.3420   4617.2   4377.6   4448.4
73856.0  39.5376   -88.3419   4621.5   4381.5   4451.4
73857.0  39.5365   -88.3418   4625.9   4385.3   4450.1
73858.0  39.5354   -88.3416   4630.1   4388.8   4462.0
73859.0  39.5343   -88.3415   4633.5   4391.5   4470.6
73860.0  39.5332   -88.3414   4636.5   4395.9   4471.6
73861.0  39.5321   -88.3413   4639.3   4399.7   4487.2
73862.0  39.5310   -88.3412   4642.1   4402.3   4492.7
73863.0  39.5299   -88.3410   4645.1   4403.4   4496.3
73864.0  39.5288   -88.3409   4648.0   4406.7   4480.3
73865.0  39.5277   -88.3408   4651.2   4409.4   4467.5
73866.0  39.5266   -88.3407   4654.8   4412.6   4491.0
73867.0  39.5255   -88.3406   4658.2   4415.0   4493.2
73868.0  39.5244   -88.3404   4662.0   4418.5   4504.0
73869.0  39.5233   -88.3403   4666.1   4422.7   4514.1
73870.0  39.5222   -88.3402   4670.3   4427.5   4509.9
73871.0  39.5211   -88.3400   4675.0   4433.9   4519.4
73872.0  39.5199   -88.3399   4679.7   4438.1   4523.4
73873.0  39.5188   -88.3398   4684.5   4442.2   4523.0
73874.0  39.5177   -88.3396   4689.3   4446.4   4522.4
73875.0  39.5166   -88.3395   4694.0   4451.7   4519.8
73876.0  39.5155   -88.3393   4698.6   4456.8   4523.3
73877.0  39.5144   -88.3392   4703.2   4459.6   4526.8
73878.0  39.5133   -88.3391   4707.9   4462.9   4541.2
73879.0  39.5122   -88.3389   4712.5   4467.3   4557.6
73880.0  39.5110   -88.3388   4717.3   4472.0   4562.0
73881.0  39.5099   -88.3387   4722.3   4476.5   4574.3
73882.0  39.5088   -88.3385   4727.1   4481.1   4562.4
73883.0  39.5077   -88.3384   4732.0   4485.6   4581.3
73884.0  39.5066   -88.3383   4736.6   4491.1   4593.4
73885.0  39.5055   -88.3381   4741.1   4495.1   4601.0
73886.0  39.5043   -88.3380   4745.1   4498.5   4587.9
73887.0  39.5032   -88.3379   4749.0   4502.5   4587.5
73888.0  39.5021   -88.3377   4752.7   4505.6   4589.8
73889.0  39.5010   -88.3376   4756.1   4509.4   4595.0
73890.0  39.4998   -88.3375   4759.0   4512.6   4599.1
73891.0  39.4987   -88.3373   4761.9   4515.1   4606.2
73892.0  39.4976   -88.3372   4764.6   4517.7   4606.6
73893.0  39.4965   -88.3371   4767.4   4519.8   4601.2
73894.0  39.4953   -88.3369   4770.8   4524.1   4607.5
73895.0  39.4942   -88.3368   4774.2   4528.2   4604.4
73896.0  39.4931   -88.3367   4778.0   4531.7   4613.4
73897.0  39.4919   -88.3365   4782.2   4535.7   4621.3
73898.0  39.4908   -88.3364   4786.4   4540.3   4617.7
73899.0  39.4896   -88.3363   4791.0   4545.2   4628.2
73900.0  39.4885   -88.3361   4795.7   4548.9   4640.5
73901.0  39.4874   -88.3360   4800.3   4552.7   4652.2
73902.0  39.4862   -88.3359   4805.3   4556.5   4633.0
73903.0  39.4851   -88.3357   4809.6   4561.1   4627.3
73904.0  39.4840   -88.3356   4813.9   4565.1   4650.3
73905.0  39.4828   -88.3355   4818.1   4569.3   4644.1
73906.0  39.4817   -88.3353   4822.5   4573.6   4636.3
73907.0  39.4805   -88.3352   4827.3   4577.1   4647.5
73908.0  39.4794   -88.3351   4832.3   4582.9   4668.5
73909.0  39.4783   -88.3349   4837.5   4587.9   4672.5
73910.0  39.4771   -88.3348   4843.2   4592.9   4668.8
73911.0  39.4760   -88.3347   4849.3   4598.9   4672.1
73912.0  39.4748   -88.3345   4855.7   4604.5   4677.6
73913.0  39.4737   -88.3344   4862.4   4611.2   4679.0
73914.0  39.4726   -88.3343   4869.4   4618.4   4697.3
73915.0  39.4714   -88.3341   4876.3   4624.6   4713.5
73916.0  39.4703   -88.3340   4883.1   4630.0   4715.5
73917.0  39.4692   -88.3339   4889.8   4636.5   4734.6
73918.0  39.4681   -88.3337   4896.6   4642.7   4744.6
73919.0  39.4669   -88.3336   4903.3   4650.2   4739.4
73920.0  39.4658   -88.3335   4910.1   4657.0   4741.6
73921.0  39.4647   -88.3333   4917.1   4662.4   4749.8
73922.0  39.4635   -88.3332   4924.5   4669.9   4759.0
