flight/WP3D/AircraftMet_NP3_20130703_RB.ict
44  1001
Ken Aikin
NOAA ESRL Chemical Sciences Division
various aircraft sensors
SENEX 2013
1  1
2013  07  03  2013  07  03
1
AOCTimewave
10
1  1  1  1  1  1  1  1  1  1
-9999  -9999  -9999  -9999  -9999  -9999  -9999  -9999  -9999  -9999
AmbTemp  C
DewPtTemp  C
DewPtTempTDL  C
H2Omr  g/kg
PotTemp  K
RelHumidity  pct
StaticPrs  mbar
VertWindSpd  m/s
WindDir  deg
WindSpd  m/s
1
SPECIAL COMMENTS:AR  MO power plants  night flight.
19
PI_CONTACT_INFO: Address: NOAA ESRL Chemical Sciences Division  Mail Stop R/CSD7  325 Broadway  Boulder  CO 80305
PLATFORM: NOAA WP-3D
LOCATION: The aircraft was stationed in  Smyrna  Tennessee. Aircraft location information in AircraftPosition file.
ASSOCIATED_DATA: N/A
INSTRUMENT_INFO: N/A
DATA_INFO: Units:AmbTemp celcius; DewPtTemp celcius; DewPtTempTDL celcius; H2Omr g/kg; PotTemp kelvin; RelHumidity percent; StaticPrs millibar; VertWindSpd m/s; WindDir degrees; WindSpd m/s
UNCERTAINTY: N/A
ULOD_FLAG: -7777
ULOD_VALUE: N/A
LLOD_FLAG: -8888
LLOD_VALUE: N/A
DM_CONTACT_INFO: Data Manager:Ken Aikin; email:Kenneth.C.Aikin@noaa.gov
PROJECT_INFO: SENEX 2013 Study; June 1 - July 15  2013
STIPULATIONS_ON_USE: Use of these data require prior ok from PI.
OTHER_COMMENTS:       None
REVISION: RB
RB: Correct time. RA was off by one day. No change to data.
RA: Preliminary Data.  For in-field use.
AOCTimewave  AmbTemp  DewPtTemp  DewPtTempTDL  H2Omr  PotTemp  RelHumidity  StaticPrs  VertWindSpd  WindDir  WindSpd
[from data line 17915]
21314.0  17.210  11.500  -1.840  9.49  299.12  68.63  901.05  -0.20  59.46  3.52
21315.0  17.170  11.500  -1.900  9.50  299.08  68.80  901.03  -0.17  59.79  3.51
21316.0  17.190  11.490  -1.850  9.49  299.11  68.67  900.95  -0.14  59.93  3.54
21317.0  17.170  11.480  -1.880  9.49  299.08  68.71  901.11  -0.19  60.99  3.55
21318.0  17.150  11.490  -1.850  9.49  299.06  68.85  901.10  -0.21  61.56  3.56
21319.0  17.190  11.490  -1.800  9.49  299.11  68.67  901.01  -0.25  61.49  3.54
21320.0  17.160  11.460  -1.840  9.47  299.08  68.66  900.94  -0.21  59.76  3.63
21321.0  17.130  11.450  -1.850  9.47  299.05  68.75  900.99  -0.24  63.85  3.58
21322.0  17.180  11.450  -1.760  9.47  299.09  68.54  901.04  -0.28  63.84  3.57
21323.0  17.140  11.450  -1.820  9.47  299.07  68.73  900.91  -0.14  61.98  3.56
21324.0  17.160  11.460  -1.740  9.47  299.08  68.66  900.94  -0.14  64.32  3.62
21325.0  17.140  11.460  -1.680  9.47  299.04  68.78  901.11  -0.31  65.49  3.52
21326.0  17.120  11.480  -1.590  9.48  299.03  68.93  901.14  -0.33  66.27  3.57
21327.0  17.160  11.480  -1.550  9.48  299.05  68.77  901.30  -0.38  66.24  3.56
21328.0  17.140  11.480  -1.560  9.48  299.03  68.87  901.26  -0.19  66.49  3.58
21329.0  17.120  11.500  -1.600  9.50  299.02  69.05  901.20  -0.20  67.93  3.45
21330.0  17.150  11.510  -1.550  9.50  299.06  68.91  901.13  -0.23  69.67  3.66
21331.0  17.130  11.530  -1.530  9.51  299.02  69.13  901.26  -0.10  68.13  3.59
21332.0  17.130  11.520  -1.590  9.51  299.03  69.11  901.22  -0.22  68.09  3.62
21333.0  17.140  11.530  -1.590  9.52  299.04  69.11  901.13  -0.19  64.61  3.78
21334.0  17.150  11.560  -1.590  9.53  299.05  69.16  901.20  -0.21  63.49  3.62
21335.0  17.100  11.550  -1.630  9.53  299.00  69.36  901.23  0.04  62.43  3.82
21336.0  17.090  11.550  -1.560  9.53  298.99  69.40  901.16  0.07  70.81  3.55
21337.0  17.150  11.550  -1.330  9.53  299.05  69.15  901.11  -0.11  70.90  3.56
21338.0  17.110  11.570  -1.350  9.54  299.01  69.42  901.18  -0.24  69.67  3.55
21339.0  17.150  11.590  -1.360  9.56  299.05  69.34  901.19  -0.20  68.52  3.40
21340.0  17.130  11.600  -1.350  9.56  299.03  69.43  901.18  0.02  63.40  3.62
21341.0  17.120  11.600  -1.380  9.56  299.01  69.52  901.32  0.00  67.30  3.72
21342.0  17.100  11.630  -1.330  9.58  298.98  69.74  901.34  -0.15  70.80  3.72
21343.0  17.120  11.630  -1.330  9.58  299.02  69.65  901.23  -0.03  69.02  3.62
21344.0  17.110  11.620  -1.280  9.58  299.02  69.67  901.03  -0.11  74.54  3.52
21345.0  17.090  11.630  -1.280  9.58  299.01  69.74  901.03  -0.17  74.51  3.48
21346.0  17.150  11.650  -1.270  9.59  299.05  69.62  901.19  -0.06  71.91  3.72
21347.0  17.070  11.650  -1.250  9.59  298.96  69.97  901.26  -0.12  74.91  3.32
21348.0  17.090  11.660  -1.220  9.60  299.00  69.90  901.14  0.00  78.40  3.61
21349.0  17.140  11.660  -1.110  9.60  299.04  69.70  901.16  0.14  77.03  3.47
21350.0  17.120  11.680  -1.230  9.61  299.03  69.89  901.01  0.14  75.87  3.41
21351.0  17.110  11.680  -1.240  9.61  299.02  69.93  901.02  0.23  79.23  3.57
21352.0  17.100  11.700  -1.120  9.63  299.01  70.05  901.10  0.25  82.86  3.49
21353.0  17.090  11.710  -1.120  9.63  299.00  70.12  901.12  0.25  81.76  3.32
21354.0  17.130  11.730  -1.180  9.65  299.05  70.04  901.02  0.31  79.97  3.41
21355.0  17.090  11.730  -1.180  9.64  299.00  70.22  901.05  0.46  82.35  3.38
21356.0  17.100  11.730  -0.920  9.64  299.02  70.19  900.98  0.52  84.09  3.40
21357.0  17.110  11.740  -0.840  9.66  299.04  70.20  900.87  0.45  85.24  3.26
21358.0  17.160  11.750  -0.840  9.66  299.08  70.05  900.92  0.35  83.43  3.42
21359.0  17.120  11.780  -0.810  9.68  299.04  70.34  901.01  0.20  83.30  3.56
21360.0  17.130  11.800  -0.930  9.69  299.04  70.39  901.02  -0.03  83.96  3.38
21361.0  17.120  11.800  -0.780  9.69  299.02  70.47  901.13  -0.04  83.53  3.40
21362.0  17.130  11.830  -0.910  9.71  299.03  70.53  901.11  0.04  81.89  3.36
21363.0  17.100  11.850  -0.840  9.72  299.02  70.75  900.95  0.23  84.50  3.39
21364.0  17.090  11.850  -0.700  9.72  299.00  70.83  901.00  0.37  86.51  3.30
21365.0  17.110  11.880  -0.600  9.74  299.02  70.87  900.97  0.34  87.91  3.23
21366.0  17.160  11.900  -0.660  9.76  299.08  70.72  900.99  0.21  88.63  3.22
21367.0  17.160  11.920  -0.790  9.77  299.07  70.80  901.07  0.22  88.85  3.22
21368.0  17.160  11.940  -0.810  9.78  299.07  70.89  901.06  0.19  88.18  3.27
21369.0  17.170  11.950  -0.690  9.79  299.08  70.92  901.05  0.17  87.62  3.27
21370.0  17.140  11.970  -0.630  9.80  299.06  71.12  900.97  0.17  86.43  3.25
21371.0  17.150  11.970  -0.680  9.80  299.08  71.07  900.97  0.19  86.74  3.21
21372.0  17.160  11.990  -0.660  9.82  299.09  71.17  900.89  0.18  88.26  3.23
21373.0  17.150  12.010  -0.780  9.83  299.06  71.32  901.04  0.16  90.21  3.11
21374.0  17.180  12.020  -0.930  9.83  299.09  71.17  901.10  0.08  92.27  3.05
21375.0  17.230  12.010  -0.910  9.83  299.14  70.92  901.14  0.09  93.14  3.12
21376.0  17.230  11.990  -1.040  9.81  299.14  70.84  901.12  0.21  95.43  3.00
21377.0  17.220  12.000  -1.040  9.82  299.13  70.91  901.19  0.31  96.30  3.04
21378.0  17.240  12.000  -1.140  9.82  299.14  70.80  901.21  0.25  97.95  3.05
21379.0  17.290  11.970  -1.140  9.80  299.19  70.50  901.15  0.12  97.87  3.11
21380.0  17.240  11.950  -1.010  9.79  299.17  70.59  900.93  0.01  96.21  3.14
21381.0  17.240  11.940  -1.000  9.79  299.19  70.53  900.77  -0.03  96.58  3.12
21382.0  17.240  11.920  -1.090  9.77  299.19  70.44  900.69  0.08  97.15  3.08
21383.0  17.280  11.890  -1.130  9.75  299.21  70.17  900.83  -0.06  98.00  3.06
21384.0  17.250  11.870  -1.160  9.74  299.17  70.18  900.98  -0.25  96.59  3.14
21385.0  17.260  11.870  -1.100  9.74  299.18  70.15  901.01  -0.21  97.07  3.17
21386.0  17.250  11.850  -1.090  9.73  299.16  70.11  901.04  -0.08  97.10  3.12
21387.0  17.200  11.830  -1.020  9.71  299.11  70.19  901.16  0.04  95.53  3.19
21388.0  17.230  11.800  -0.870  9.69  299.12  69.95  901.24  0.12  95.47  3.28
21389.0  17.180  11.780  -0.960  9.68  299.08  70.06  901.25  0.23  97.08  3.25
21390.0  17.250  11.770  -1.180  9.67  299.14  69.71  901.32  0.31  97.30  3.18
21391.0  17.230  11.740  -1.280  9.65  299.12  69.69  901.25  0.36  96.41  3.19
21392.0  17.290  11.750  -1.310  9.66  299.20  69.40  901.12  0.24  96.07  3.19
21393.0  17.260  11.720  -1.350  9.64  299.18  69.40  901.00  0.15  94.76  3.19
21394.0  17.290  11.700  -1.480  9.63  299.22  69.17  900.93  0.08  94.45  3.19
21395.0  17.310  11.700  -1.420  9.63  299.23  69.10  901.00  0.06  93.48  3.24
21396.0  17.260  11.680  -1.350  9.61  299.19  69.22  900.94  0.10  94.18  3.23
21397.0  17.300  11.670  -1.460  9.61  299.23  69.02  900.94  0.09  93.43  3.18
21398.0  17.320  11.650  -1.470  9.59  299.24  68.83  900.95  0.08  94.34  3.20
21399.0  17.290  11.620  -1.500  9.57  299.21  68.81  901.05  0.16  93.91  3.15
21400.0  17.340  11.590  -1.520  9.56  299.26  68.49  900.96  0.22  93.94  3.19
21401.0  17.310  11.570  -1.510  9.54  299.22  68.51  901.08  0.32  92.87  3.24
21402.0  17.310  11.570  -1.480  9.54  299.22  68.53  901.11  0.32  92.13  3.28
21403.0  17.330  11.550  -1.470  9.53  299.25  68.31  901.04  0.23  92.29  3.33
21404.0  17.290  11.530  -1.290  9.51  299.20  68.42  901.09  0.14  90.04  3.53
21405.0  17.230  11.500  -0.980  9.50  299.15  68.54  901.05  0.13  88.45  3.59
21406.0  17.220  11.500  -0.980  9.50  299.13  68.59  901.10  0.14  88.04  3.62
21407.0  17.210  11.500  -0.950  9.50  299.12  68.63  901.12  0.13  87.42  3.58
21408.0  17.180  11.530  -0.990  9.52  299.10  68.89  901.00  0.07  87.48  3.59
21409.0  17.200  11.550  -0.920  9.53  299.13  68.90  900.92  0.02  86.90  3.71
21410.0  17.210  11.580  -0.960  9.55  299.13  68.99  900.94  -0.06  85.31  3.73
21411.0  17.190  11.610  -0.880  9.57  299.10  69.24  901.06  -0.16  83.51  3.79
21412.0  17.170  11.640  -0.840  9.59  299.08  69.45  901.03  -0.14  84.96  3.74
21413.0  17.210  11.660  -0.950  9.60  299.14  69.35  900.95  -0.10  84.66  3.83
21414.0  17.160  11.680  -0.970  9.61  299.09  69.66  900.98  -0.06  84.16  3.78
21415.0  17.210  11.700  -0.880  9.63  299.12  69.60  901.09  -0.04  83.90  3.82
21416.0  17.210  11.730  -0.970  9.65  299.12  69.70  901.08  0.05  82.70  3.87
21417.0  17.180  11.750  -0.910  9.66  299.08  69.96  901.11  0.04  83.07  3.81
21418.0  17.170  11.770  -0.880  9.67  299.07  70.08  901.17  -0.06  83.00  3.86
21419.0  17.190  11.820  -0.840  9.70  299.10  70.19  901.19  -0.04  83.97  3.76
21420.0  17.170  11.850  -1.050  9.72  299.07  70.45  901.13  -0.12  84.70  3.73
21421.0  17.220  11.870  -1.060  9.74  299.10  70.34  901.38  -0.19  85.17  3.76
21422.0  17.160  11.870  -1.020  9.73  299.05  70.56  901.35  -0.17  88.06  3.67
21423.0  17.230  11.840  -1.280  9.72  299.11  70.15  901.37  -0.05  89.53  3.65
21424.0  17.250  11.850  -1.220  9.72  299.14  70.06  901.28  0.17  91.12  3.64
21425.0  17.250  11.830  -1.360  9.71  299.15  69.97  901.29  0.15  91.37  3.54
21426.0  17.350  11.820  -1.410  9.70  299.24  69.53  901.26  0.11  91.16  3.55
21427.0  17.310  11.790  -1.550  9.69  299.21  69.55  901.19  0.07  90.68  3.55
21428.0  17.360  11.760  -1.580  9.66  299.27  69.16  901.16  0.08  91.47  3.54
21429.0  17.340  11.720  -1.550  9.63  299.25  69.05  901.17  0.01  90.70  3.53
21430.0  17.350  11.690  -1.660  9.62  299.26  68.91  901.17  -0.04  90.87  3.52
21431.0  17.390  11.670  -1.670  9.60  299.29  68.61  901.21  0.11  90.60  3.47
21432.0  17.390  11.620  -1.810  9.57  299.29  68.39  901.29  0.23  89.44  3.40
21433.0  17.420  11.590  -1.910  9.55  299.31  68.13  901.36  0.18  88.03  3.39
21434.0  17.460  11.540  -1.820  9.52  299.35  67.70  901.43  0.21  88.59  3.38
21435.0  17.480  11.490  -1.940  9.49  299.38  67.42  901.34  0.25  87.47  3.38
21436.0  17.500  11.450  -2.080  9.46  299.40  67.13  901.31  0.16  86.75  3.22
21437.0  17.530  11.400  -2.230  9.43  299.44  66.75  901.27  0.17  86.19  3.17
21438.0  17.560  11.350  -2.350  9.40  299.47  66.41  901.25  0.16  87.04  3.06
21439.0  17.580  11.300  -2.380  9.37  299.48  66.13  901.26  0.15  87.88  2.91
21440.0  17.590  11.230  -2.440  9.33  299.51  65.74  901.22  0.18  88.36  2.85
21441.0  17.640  11.180  -2.470  9.29  299.56  65.31  901.14  0.15  88.02  2.84
21442.0  17.640  11.120  -2.360  9.26  299.57  65.06  901.07  0.09  90.37  2.82
21443.0  17.620  11.080  -2.370  9.23  299.54  64.97  901.15  0.10  92.36  2.79
21444.0  17.660  11.060  -2.320  9.22  299.58  64.71  901.14  0.13  93.55  2.76
21445.0  17.620  11.010  -2.440  9.19  299.54  64.66  901.15  0.17  94.84  2.78
21446.0  17.670  10.990  -2.380  9.17  299.60  64.34  901.11  0.23  95.34  2.74
21447.0  17.650  10.960  -2.350  9.16  299.57  64.30  901.16  0.31  93.19  2.62
21448.0  17.700  10.910  -2.440  9.13  299.63  63.90  901.09  0.34  89.77  2.55
21449.0  17.720  10.890  -2.610  9.11  299.65  63.72  901.05  0.37  87.84  2.50
21450.0  17.740  10.850  -2.750  9.09  299.67  63.50  901.02  0.31  85.80  2.45
21451.0  17.720  10.810  -2.790  9.07  299.65  63.37  901.16  0.34  85.44  2.41
21452.0  17.750  10.780  -2.820  9.05  299.66  63.16  901.20  0.36  85.76  2.35
21453.0  17.760  10.730  -2.880  9.02  299.67  62.89  901.25  0.37  86.34  2.32
21454.0  17.750  10.710  -2.800  9.00  299.66  62.86  901.29  0.30  86.10  2.31
21455.0  17.750  10.690  -2.830  8.99  299.67  62.75  901.14  0.18  87.34  2.26
21456.0  17.770  10.670  -2.740  8.98  299.69  62.57  901.16  0.12  88.81  2.25
21457.0  17.730  10.670  -2.770  8.98  299.65  62.75  901.18  0.07  87.06  2.21
21458.0  17.770  10.650  -2.710  8.97  299.69  62.50  901.17  0.08  87.54  2.19
21459.0  17.780  10.630  -2.780  8.95  299.70  62.38  901.22  0.09  88.09  2.08
21460.0  17.770  10.620  -2.870  8.95  299.70  62.41  901.08  0.14  88.20  1.96
21461.0  17.820  10.600  -2.970  8.94  299.74  62.08  901.19  0.14  89.77  1.92
21462.0  17.790  10.580  -3.020  8.92  299.72  62.13  901.11  0.14  95.01  1.71
21463.0  17.870  10.520  -3.110  8.89  299.80  61.58  901.17  0.18  89.92  1.70
21464.0  17.830  10.500  -3.030  8.88  299.77  61.62  901.08  0.24  86.47  1.90
21465.0  17.810  10.480  -2.870  8.86  299.74  61.64  901.03  0.31  86.25  1.99
21466.0  17.840  10.460  -2.910  8.85  299.77  61.43  901.06  0.23  86.83  1.83
21467.0  17.850  10.460  -3.110  8.85  299.78  61.38  901.16  0.08  82.76  1.87
21468.0  17.820  10.440  -2.990  8.84  299.74  61.40  901.21  0.14  84.64  1.98
21469.0  17.860  10.430  -3.020  8.84  299.77  61.23  901.36  0.06  85.36  1.94
21470.0  17.840  10.410  -2.980  8.82  299.75  61.23  901.34  -0.04  85.06  1.96
21471.0  17.830  10.410  -2.980  8.82  299.73  61.26  901.36  -0.01  84.93  2.01
21472.0  17.840  10.400  -2.900  8.82  299.77  61.18  901.16  -0.04  86.01  2.04
21473.0  17.810  10.380  -2.940  8.81  299.75  61.24  901.01  -0.03  87.46  2.07
21474.0  17.800  10.380  -2.860  8.81  299.74  61.25  901.03  -0.01  87.67  2.09
21475.0  17.850  10.370  -2.970  8.80  299.79  61.05  900.99  -0.09  85.35  1.92
21476.0  17.830  10.370  -3.040  8.80  299.77  61.12  900.98  -0.16  84.86  1.92
21477.0  17.840  10.370  -3.040  8.80  299.79  61.06  900.98  -0.07  85.54  1.92
21478.0  17.880  10.370  -3.040  8.80  299.82  60.87  901.05  0.08  87.36  1.97
21479.0  17.860  10.370  -3.080  8.80  299.80  60.96  901.05  0.10  85.09  2.05
21480.0  17.880  10.370  -3.160  8.80  299.81  60.89  901.10  -0.02  85.01  2.07
21481.0  17.900  10.360  -3.110  8.79  299.82  60.80  901.17  -0.13  87.02  2.09
21482.0  17.850  10.370  -3.050  8.80  299.78  61.00  901.13  -0.16  88.75  2.11
21483.0  17.890  10.350  -3.000  8.79  299.80  60.80  901.27  -0.15  90.54  2.12
21484.0  17.890  10.350  -3.040  8.79  299.81  60.80  901.24  -0.18  92.11  2.17
21485.0  17.880  10.340  -3.150  8.78  299.81  60.80  901.11  -0.19  92.56  2.18
21486.0  17.920  10.340  -3.110  8.78  299.85  60.64  901.12  -0.24  93.66  2.22
21487.0  17.870  10.350  -3.160  8.79  299.80  60.84  901.17  -0.20  94.20  2.23
21488.0  17.920  10.350  -3.100  8.79  299.84  60.69  901.25  -0.02  97.35  2.26
21489.0  17.890  10.360  -3.180  8.79  299.80  60.83  901.28  0.05  96.42  2.28
21490.0  17.920  10.330  -3.230  8.78  299.85  60.59  901.16  0.05  96.75  2.28
21491.0  17.910  10.330  -3.130  8.78  299.83  60.63  901.18  0.01  95.99  2.31
21492.0  17.890  10.340  -3.140  8.78  299.81  60.72  901.20  -0.02  94.16  2.30
21493.0  17.910  10.320  -2.990  8.77  299.83  60.58  901.18  -0.08  94.85  2.33
21494.0  17.900  10.340  -3.080  8.78  299.82  60.68  901.27  -0.09  94.52  2.31
21495.0  17.860  10.340  -3.120  8.78  299.78  60.86  901.21  -0.17  93.99  2.31
21496.0  17.890  10.330  -3.120  8.78  299.82  60.70  901.15  -0.16  94.46  2.33
21497.0  17.890  10.330  -3.120  8.78  299.82  60.73  901.08  -0.10  94.38  2.29
21498.0  17.860  10.330  -3.100  8.78  299.78  60.83  901.18  -0.22  95.71  2.27
21499.0  17.890  10.330  -3.090  8.78  299.82  60.69  901.15  -0.13  96.20  2.28
21500.0  17.900  10.300  -3.190  8.76  299.84  60.55  901.05  -0.08  95.12  2.29
21501.0  17.860  10.300  -3.250  8.76  299.79  60.70  901.11  -0.09  92.91  2.32
21502.0  17.870  10.300  -3.220  8.76  299.81  60.65  901.09  -0.08  91.55  2.37
21503.0  17.880  10.300  -3.120  8.76  299.82  60.63  901.04  -0.03  90.05  2.42
21504.0  17.870  10.300  -3.140  8.76  299.80  60.65  901.08  -0.07  90.08  2.47
21505.0  17.830  10.310  -3.110  8.76  299.76  60.84  901.10  -0.14  89.09  2.48
21506.0  17.850  10.310  -3.110  8.76  299.78  60.76  901.10  -0.24  88.17  2.45
21507.0  17.870  10.310  -3.190  8.76  299.78  60.70  901.28  -0.12  87.29  2.44
21508.0  17.870  10.310  -3.280  8.76  299.78  60.67  901.33  -0.12  88.25  2.47
21509.0  17.850  10.310  -3.210  8.76  299.77  60.79  901.20  -0.20  88.69  2.48
21510.0  17.890  10.320  -3.160  8.77  299.82  60.65  901.14  -0.35  88.09  2.48
21511.0  17.860  10.310  -3.220  8.77  299.79  60.73  901.10  -0.47  89.54  2.47
