flight/WP3D/AircraftPos_NP3_20130626_RA.ict
38  1001
Ken Aikin
NOAA ESRL Chemical Sciences Division
various aircraft sensors
SENEX 2013
1  1
2013  06  26  2013  06  26
1
AOCTimewave
5
1  1  1  1  1 
-9999  -9999  -9999  -9999  -9999
GpsLat  deg
GpsLon  deg
GpsAlt  m
PAlt  m
RAlt  m
1
SPECIAL COMMENTS:Fayetteville shale flight.
18
PI_CONTACT_INFO: Address: NOAA ESRL Chemical Sciences Division  Mail Stop R/CSD7  325 Broadway  Boulder  CO 80305
PLATFORM: NOAA WP-3D
LOCATION: The aircraft was stationed in Smyrna  Tennessee. Aircraft location information in AircraftPosition file.
ASSOCIATED_DATA: N/A
INSTRUMENT_INFO: N/A
DATA_INFO: Units:GpsLat:decimal degrees; GpsLon: decimal degrees; GpsAlt: meters; PAlt:meters; RAlt: meters.
UNCERTAINTY: N/A
ULOD_FLAG: -7777
ULOD_VALUE: N/A
LLOD_FLAG: -8888
LLOD_VALUE: N/A
DM_CONTACT_INFO: Data Manager:Ken Aikin; email:Kenneth.C.Aikin@noaa.gov
PROJECT_INFO: SENEX 2013 Study; June 1 - July 15  2013
STIPULATIONS_ON_USE: Use of these data require prior ok from PI.
OTHER_COMMENTS:       None
REVISION: RA
RA: Preliminary Data.  For in-field use.
AOCTimewave  GpsLat  GpsLon  GpsAlt  PAlt  RAlt
[from data line 4946]
58814.0  35.7078   -92.7438   1153.4   1070.0    606.4
58815.0  35.7080   -92.7449   1153.9   1071.6    621.9
58816.0  35.7081   -92.7460   1154.6   1071.1    622.2
58817.0  35.7083   -92.7471   1154.6   1071.3    618.8
58818.0  35.7084   -92.7482   1154.6   1070.8    617.5
58819.0  35.7085   -92.7493   1154.6   1070.7    617.3
58820.0  35.7087   -92.7504   1154.6   1072.4    618.1
58821.0  35.7088   -92.7515   1154.6   1070.7    626.4
58822.0  35.7090   -92.7526   1153.8   1070.1    638.7
58823.0  35.7091   -92.7537   1154.3   1068.1    637.9
58824.0  35.7092   -92.7548   1154.6   1071.7    637.6
58825.0  35.7094   -92.7559   1154.6   1070.7    644.1
58826.0  35.7095   -92.7570   1154.6   1072.7    644.8
58827.0  35.7096   -92.7581   1154.6   1073.0    655.7
58828.0  35.7097   -92.7592   1154.6   1073.7    643.5
58829.0  35.7099   -92.7603   1154.0   1070.8    630.8
58830.0  35.7100   -92.7614   1154.3   1069.8    620.3
58831.0  35.7101   -92.7625   1154.6   1073.0    616.5
58832.0  35.7102   -92.7636   1154.6   1072.7    608.2
58833.0  35.7104   -92.7647   1154.6   1071.4    606.4
58834.0  35.7105   -92.7658   1154.6   1069.0    604.8
58835.0  35.7106   -92.7669   1154.6   1073.2    607.3
58836.0  35.7107   -92.7680   1154.6   1072.7    596.9
58837.0  35.7109   -92.7691   1154.6   1071.7    601.8
58838.0  35.7110   -92.7702   1155.8   1070.4    602.6
58839.0  35.7111   -92.7713   1157.5   1073.6    611.2
58840.0  35.7112   -92.7725   1158.2   1075.6    613.9
58841.0  35.7113   -92.7736   1159.0   1074.7    618.3
58842.0  35.7114   -92.7747   1160.0   1076.9    629.0
58843.0  35.7115   -92.7759   1161.1   1078.7    640.8
58844.0  35.7116   -92.7770   1161.9   1078.8    647.0
58845.0  35.7117   -92.7781   1162.9   1079.5    629.3
58846.0  35.7118   -92.7793   1163.1   1080.0    616.5
58847.0  35.7118   -92.7804   1163.1   1079.3    606.8
58848.0  35.7119   -92.7815   1163.1   1079.7    593.8
58849.0  35.7120   -92.7827   1163.1   1080.3    595.3
58850.0  35.7121   -92.7838   1162.8   1080.3    596.1
58851.0  35.7121   -92.7850   1161.6   1078.6    593.2
58852.0  35.7122   -92.7861   1160.3   1077.3    600.7
58853.0  35.7122   -92.7873   1159.1   1078.4    608.8
58854.0  35.7123   -92.7884   1157.7   1077.7    620.1
58855.0  35.7123   -92.7896   1156.3   1075.3    625.8
58856.0  35.7123   -92.7907   1155.4   1073.3    630.3
58857.0  35.7123   -92.7918   1154.6   1073.5    642.7
58858.0  35.7123   -92.7930   1153.5   1073.4    656.1
58859.0  35.7124   -92.7941   1153.4   1071.9    676.1
58860.0  35.7124   -92.7953   1153.1   1072.1    679.3
58861.0  35.7124   -92.7964   1152.1   1070.8    661.4
58862.0  35.7123   -92.7976   1152.1   1068.3    644.1
58863.0  35.7123   -92.7987   1151.1   1069.0    635.7
58864.0  35.7123   -92.7998   1150.2   1068.4    631.8
58865.0  35.7123   -92.8010   1149.7   1065.3    622.1
58866.0  35.7123   -92.8021   1149.7   1066.9    617.4
58867.0  35.7123   -92.8033   1149.7   1068.2    605.1
58868.0  35.7123   -92.8044   1149.8   1067.0    595.0
58869.0  35.7123   -92.8055   1150.9   1069.6    586.9
58870.0  35.7123   -92.8067   1152.0   1069.2    576.6
58871.0  35.7123   -92.8078   1152.1   1069.5    574.1
58872.0  35.7123   -92.8090   1152.7   1069.6    582.0
58873.0  35.7123   -92.8101   1153.4   1070.9    586.0
58874.0  35.7123   -92.8113   1153.6   1070.7    586.9
58875.0  35.7123   -92.8124   1154.6   1072.3    600.3
58876.0  35.7123   -92.8136   1155.6   1071.7    596.3
58877.0  35.7122   -92.8147   1156.5   1072.7    591.4
58878.0  35.7122   -92.8158   1157.0   1075.5    595.3
58879.0  35.7122   -92.8170   1157.0   1075.0    590.8
58880.0  35.7122   -92.8181   1157.2   1075.1    597.4
58881.0  35.7122   -92.8193   1158.2   1075.8    586.6
58882.0  35.7121   -92.8204   1157.3   1075.7    573.9
58883.0  35.7121   -92.8215   1157.0   1075.5    565.6
58884.0  35.7121   -92.8227   1157.0   1075.5    554.9
58885.0  35.7120   -92.8238   1157.0   1075.9    556.0
58886.0  35.7120   -92.8250   1156.0   1073.6    561.7
58887.0  35.7120   -92.8261   1155.8   1073.1    556.9
58888.0  35.7120   -92.8272   1155.5   1072.0    555.3
58889.0  35.7119   -92.8284   1154.6   1068.9    573.2
58890.0  35.7119   -92.8295   1154.6   1070.5    583.4
58891.0  35.7119   -92.8306   1154.6   1069.4    603.7
58892.0  35.7118   -92.8318   1154.6   1068.5    626.5
58893.0  35.7118   -92.8329   1154.6   1071.6    636.8
58894.0  35.7117   -92.8340   1154.6   1072.7    619.0
58895.0  35.7117   -92.8352   1154.6   1072.1    600.2
58896.0  35.7117   -92.8363   1154.6   1070.9    600.2
58897.0  35.7116   -92.8374   1154.9   1070.9    612.5
58898.0  35.7116   -92.8386   1155.1   1073.0    621.8
58899.0  35.7116   -92.8397   1155.8   1074.8    623.5
58900.0  35.7115   -92.8409   1155.8   1073.6    627.7
58901.0  35.7115   -92.8420   1155.8   1072.0    619.8
58902.0  35.7114   -92.8431   1155.8   1071.3    605.9
58903.0  35.7114   -92.8442   1157.0   1073.1    592.6
58904.0  35.7113   -92.8454   1157.0   1073.0    591.6
58905.0  35.7113   -92.8465   1157.0   1072.4    578.9
58906.0  35.7113   -92.8476   1157.0   1073.7    576.1
58907.0  35.7112   -92.8488   1157.0   1074.8    567.7
58908.0  35.7112   -92.8499   1157.0   1075.9    575.7
58909.0  35.7111   -92.8510   1157.5   1075.9    589.6
58910.0  35.7111   -92.8522   1158.2   1074.8    614.1
58911.0  35.7111   -92.8533   1158.2   1075.6    631.1
58912.0  35.7110   -92.8545   1158.2   1075.6    645.3
58913.0  35.7110   -92.8556   1158.2   1075.4    660.1
58914.0  35.7109   -92.8567   1158.2   1073.3    678.2
58915.0  35.7109   -92.8579   1158.2   1073.5    699.1
58916.0  35.7109   -92.8590   1157.6   1074.4    712.6
58917.0  35.7108   -92.8601   1157.0   1075.0    713.1
58918.0  35.7108   -92.8613   1156.3   1075.3    685.3
58919.0  35.7108   -92.8624   1155.8   1074.8    678.5
58920.0  35.7107   -92.8636   1155.3   1073.3    669.3
58921.0  35.7107   -92.8647   1154.6   1070.9    674.7
58922.0  35.7106   -92.8659   1154.6   1070.3    680.3
58923.0  35.7106   -92.8670   1154.6   1072.2    694.4
58924.0  35.7106   -92.8681   1154.6   1072.4    705.5
58925.0  35.7105   -92.8693   1154.6   1072.2    706.6
58926.0  35.7105   -92.8704   1154.6   1071.3    708.2
58927.0  35.7104   -92.8716   1154.6   1072.4    696.3
58928.0  35.7104   -92.8727   1154.6   1072.7    697.3
58929.0  35.7104   -92.8739   1154.6   1071.5    715.5
58930.0  35.7103   -92.8750   1153.6   1072.4    724.5
58931.0  35.7103   -92.8762   1153.4   1072.6    728.6
58932.0  35.7102   -92.8773   1153.4   1071.9    733.1
58933.0  35.7102   -92.8785   1153.4   1073.6    726.9
58934.0  35.7102   -92.8796   1154.3   1072.8    736.1
58935.0  35.7101   -92.8808   1154.6   1072.7    742.2
58936.0  35.7101   -92.8819   1154.6   1074.5    750.0
58937.0  35.7100   -92.8830   1154.6   1073.5    751.9
58938.0  35.7100   -92.8842   1154.6   1074.1    770.5
58939.0  35.7099   -92.8854   1154.6   1073.9    792.3
58940.0  35.7099   -92.8865   1154.6   1072.6    790.0
58941.0  35.7099   -92.8876   1155.3   1073.0    795.8
58942.0  35.7098   -92.8888   1155.8   1072.1    800.1
58943.0  35.7098   -92.8900   1155.8   1073.0    798.5
58944.0  35.7097   -92.8911   1155.8   1073.5    765.7
58945.0  35.7097   -92.8923   1155.8   1073.0    744.6
58946.0  35.7097   -92.8934   1155.8   1072.9    724.8
58947.0  35.7096   -92.8946   1155.8   1074.7    715.0
58948.0  35.7096   -92.8957   1156.4   1074.2    704.5
58949.0  35.7095   -92.8969   1157.0   1075.3    696.8
58950.0  35.7095   -92.8980   1157.0   1075.5    688.7
58951.0  35.7095   -92.8992   1157.0   1075.2    678.9
58952.0  35.7094   -92.9003   1156.0   1074.5    664.2
58953.0  35.7094   -92.9015   1155.8   1074.0    650.4
58954.0  35.7093   -92.9026   1155.8   1073.6    640.6
58955.0  35.7093   -92.9038   1155.8   1073.4    646.8
58956.0  35.7093   -92.9049   1155.8   1073.8    660.3
58957.0  35.7092   -92.9061   1155.8   1072.9    684.9
58958.0  35.7092   -92.9073   1155.8   1073.4    708.6
58959.0  35.7091   -92.9084   1155.2   1072.6    722.7
58960.0  35.7091   -92.9096   1154.6   1072.3    745.9
58961.0  35.7091   -92.9107   1154.6   1072.5    772.5
58962.0  35.7090   -92.9119   1154.6   1074.0    778.7
58963.0  35.7090   -92.9130   1154.6   1072.6    760.0
58964.0  35.7089   -92.9142   1153.7   1072.0    744.0
58965.0  35.7089   -92.9154   1153.4   1071.2    726.2
58966.0  35.7089   -92.9165   1153.4   1071.1    705.0
58967.0  35.7088   -92.9177   1153.4   1070.7    682.0
58968.0  35.7088   -92.9188   1153.4   1071.6    663.2
58969.0  35.7088   -92.9200   1153.4   1071.6    645.2
58970.0  35.7087   -92.9212   1153.4   1071.6    621.4
58971.0  35.7087   -92.9223   1153.9   1069.4    603.2
58972.0  35.7086   -92.9235   1154.6   1071.8    595.1
58973.0  35.7086   -92.9247   1155.0   1072.6    578.1
58974.0  35.7086   -92.9258   1155.8   1074.7    558.6
58975.0  35.7085   -92.9270   1157.0   1077.1    541.7
58976.0  35.7085   -92.9282   1157.0   1076.4    528.9
58977.0  35.7084   -92.9294   1158.1   1076.2    530.8
58978.0  35.7084   -92.9305   1158.2   1076.6    545.1
58979.0  35.7084   -92.9317   1158.2   1076.3    568.3
58980.0  35.7083   -92.9329   1158.2   1077.0    592.9
58981.0  35.7083   -92.9341   1159.0   1077.1    615.5
58982.0  35.7083   -92.9352   1159.5   1078.8    631.1
58983.0  35.7082   -92.9364   1159.5   1079.2    636.8
58984.0  35.7082   -92.9376   1159.5   1079.1    643.6
58985.0  35.7081   -92.9388   1159.5   1077.7    642.3
58986.0  35.7081   -92.9400   1159.5   1077.7    639.7
58987.0  35.7081   -92.9412   1159.5   1076.8    642.3
58988.0  35.7081   -92.9423   1158.2   1075.5    653.1
58989.0  35.7080   -92.9435   1158.2   1076.3    655.5
58990.0  35.7080   -92.9447   1157.6   1074.6    656.2
58991.0  35.7080   -92.9459   1157.0   1075.1    661.8
58992.0  35.7080   -92.9471   1156.1   1075.9    667.5
58993.0  35.7080   -92.9483   1155.8   1075.4    671.3
58994.0  35.7080   -92.9495   1155.8   1074.8    687.3
58995.0  35.7080   -92.9507   1155.8   1075.3    699.2
58996.0  35.7080   -92.9519   1155.8   1075.6    700.4
58997.0  35.7080   -92.9531   1155.8   1075.1    698.6
58998.0  35.7080   -92.9543   1155.8   1076.0    689.9
58999.0  35.7080   -92.9555   1155.8   1075.7    693.0
59000.0  35.7080   -92.9567   1154.9   1072.8    700.3
59001.0  35.7080   -92.9579   1154.6   1072.2    714.2
59002.0  35.7080   -92.9591   1154.6   1071.9    717.7
59003.0  35.7080   -92.9603   1154.2   1072.4    722.0
59004.0  35.7080   -92.9615   1153.4   1071.6    711.7
59005.0  35.7080   -92.9627   1153.4   1072.4    700.8
59006.0  35.7080   -92.9639   1152.3   1071.3    682.0
59007.0  35.7080   -92.9651   1151.8   1069.7    676.8
59008.0  35.7080   -92.9663   1150.9   1069.4    681.7
59009.0  35.7081   -92.9675   1150.9   1068.2    691.3
59010.0  35.7081   -92.9687   1149.9   1068.7    687.0
59011.0  35.7081   -92.9699   1149.7   1067.7    687.0
59012.0  35.7081   -92.9711   1149.8   1067.4    675.9
59013.0  35.7081   -92.9723   1150.3   1067.8    660.5
59014.0  35.7081   -92.9735   1150.4   1068.0    655.4
59015.0  35.7081   -92.9747   1150.9   1068.3    663.8
59016.0  35.7081   -92.9759   1151.8   1069.6    653.3
59017.0  35.7081   -92.9771   1152.5   1071.1    628.4
59018.0  35.7081   -92.9783   1153.4   1071.5    608.2
59019.0  35.7081   -92.9796   1154.3   1073.6    593.0
59020.0  35.7081   -92.9808   1154.6   1074.8    586.3
59021.0  35.7081   -92.9820   1154.6   1075.0    592.9
59022.0  35.7081   -92.9832   1154.9   1075.3    607.6
59023.0  35.7081   -92.9844   1155.8   1076.4    637.5
59024.0  35.7081   -92.9856   1156.2   1076.2    670.0
59025.0  35.7081   -92.9868   1157.0   1077.6    695.0
59026.0  35.7081   -92.9880   1157.0   1077.6    722.4
59027.0  35.7081   -92.9892   1157.0   1076.9    735.9
59028.0  35.7081   -92.9904   1158.2   1078.3    749.7
59029.0  35.7082   -92.9917   1158.2   1077.4    771.9
59030.0  35.7082   -92.9929   1158.2   1077.7    777.0
59031.0  35.7082   -92.9941   1158.2   1077.8    786.9
59032.0  35.7082   -92.9953   1159.2   1077.5    790.4
59033.0  35.7082   -92.9965   1159.5   1077.7    792.8
59034.0  35.7082   -92.9977   1159.5   1078.7    794.1
59035.0  35.7082   -92.9990   1159.5   1079.0    806.5
59036.0  35.7083   -93.0002   1159.5   1078.5    800.3
59037.0  35.7083   -93.0014   1158.2   1076.5    794.9
59038.0  35.7083   -93.0026   1157.6   1074.8    786.8
59039.0  35.7083   -93.0039   1157.0   1076.6    770.2
59040.0  35.7084   -93.0051   1156.7   1075.9    756.4
59041.0  35.7084   -93.0063   1155.8   1075.3    743.5
59042.0  35.7084   -93.0075   1155.8   1074.1    728.0
59043.0  35.7085   -93.0088   1154.7   1074.7    719.2
59044.0  35.7085   -93.0100   1154.6   1075.4    718.9
59045.0  35.7085   -93.0112   1153.9   1073.8    706.8
59046.0  35.7086   -93.0124   1153.4   1074.5    691.9
59047.0  35.7086   -93.0136   1153.4   1073.1    689.4
59048.0  35.7086   -93.0148   1152.3   1072.4    699.5
59049.0  35.7087   -93.0161   1152.1   1072.6    725.4
59050.0  35.7087   -93.0173   1151.1   1072.3    748.1
59051.0  35.7087   -93.0185   1150.9   1069.9    759.7
59052.0  35.7088   -93.0197   1150.9   1070.2    728.5
59053.0  35.7088   -93.0209   1150.9   1069.8    705.2
59054.0  35.7089   -93.0221   1150.9   1068.7    698.3
59055.0  35.7089   -93.0233   1150.3   1068.9    700.6
59056.0  35.7089   -93.0245   1149.7   1067.8    688.2
59057.0  35.7090   -93.0257   1149.7   1069.2    667.0
59058.0  35.7090   -93.0269   1149.7   1069.6    650.0
59059.0  35.7091   -93.0282   1150.0   1067.9    640.8
59060.0  35.7091   -93.0294   1150.9   1070.1    644.5
59061.0  35.7091   -93.0306   1150.9   1070.3    646.0
59062.0  35.7092   -93.0318   1151.7   1068.2    652.5
59063.0  35.7092   -93.0330   1152.1   1070.6    663.3
59064.0  35.7093   -93.0342   1152.8   1071.3    685.0
59065.0  35.7093   -93.0354   1153.4   1073.9    720.2
59066.0  35.7093   -93.0366   1153.7   1074.5    757.1
59067.0  35.7094   -93.0378   1154.6   1073.7    765.5
59068.0  35.7094   -93.0390   1155.2   1073.7    716.6
59069.0  35.7095   -93.0402   1155.8   1073.7    672.5
59070.0  35.7095   -93.0414   1156.3   1075.9    644.6
59071.0  35.7096   -93.0426   1157.0   1074.8    634.5
59072.0  35.7096   -93.0438   1157.0   1075.4    629.0
59073.0  35.7097   -93.0450   1158.1   1075.7    629.5
59074.0  35.7097   -93.0462   1158.2   1077.2    634.6
59075.0  35.7097   -93.0474   1158.2   1077.7    639.8
59076.0  35.7098   -93.0486   1158.2   1077.9    644.6
59077.0  35.7098   -93.0498   1158.2   1076.5    649.4
59078.0  35.7099   -93.0510   1158.2   1078.1    656.8
59079.0  35.7099   -93.0522   1157.0   1077.0    654.4
59080.0  35.7100   -93.0534   1156.9   1077.0    638.9
59081.0  35.7100   -93.0546   1155.8   1076.5    632.9
59082.0  35.7101   -93.0558   1155.0   1076.8    637.3
59083.0  35.7101   -93.0570   1154.6   1075.7    636.1
59084.0  35.7102   -93.0582   1153.4   1074.4    620.1
59085.0  35.7102   -93.0594   1153.0   1073.2    620.2
59086.0  35.7103   -93.0606   1152.1   1072.5    619.0
59087.0  35.7103   -93.0618   1151.9   1072.0    626.2
59088.0  35.7104   -93.0629   1150.9   1071.7    636.7
59089.0  35.7104   -93.0641   1150.9   1071.5    649.3
59090.0  35.7105   -93.0653   1150.9   1070.8    658.1
59091.0  35.7105   -93.0665   1150.9   1069.5    655.4
59092.0  35.7106   -93.0677   1150.9   1070.9    669.9
59093.0  35.7106   -93.0689   1151.9   1070.6    672.8
59094.0  35.7107   -93.0701   1152.1   1069.1    670.8
59095.0  35.7107   -93.0712   1152.1   1068.0    669.2
59096.0  35.7108   -93.0724   1152.4   1070.6    665.0
59097.0  35.7108   -93.0736   1153.4   1070.8    652.6
59098.0  35.7108   -93.0748   1153.4   1070.5    640.0
59099.0  35.7109   -93.0760   1153.6   1072.4    626.8
59100.0  35.7109   -93.0771   1154.0   1073.2    606.6
59101.0  35.7110   -93.0783   1153.4   1072.7    596.2
59102.0  35.7110   -93.0795   1152.8   1073.1    582.2
59103.0  35.7111   -93.0806   1152.1   1071.4    563.5
