flight/WP3D/AircraftMis_NP3_20130531_RA.ict
41  1001
Ken Aikin
NOAA ESRL Chemical Sciences Division
various aircraft sensors
SENEX 2013
1  1
2013  05  31  2013  05  31
1
AOCTimewave
8
1  1  1  1  1  1  1  1
-9999  -9999  -9999  -9999  -9999  -9999  -9999  -9999
Attack  deg
CabinPrs  mbar
GndSpd  m/s
Heading  deg
Pitch  deg
Roll  deg
Slip  deg
TrueAirSpd  m/s
1
SPECIAL COMMENTS:2nd test flight from Tampa.
18
PI_CONTACT_INFO: Address: NOAA ESRL Chemical Sciences Division  Mail Stop R/CSD7  325 Broadway  Boulder  CO 80305
PLATFORM: NOAA WP-3D
LOCATION: The aircraft was stationed in  Smyrna  Tennessee. Aircraft location information in AircraftPosition file.
ASSOCIATED_DATA: N/A
INSTRUMENT_INFO: N/A
DATA_INFO: Units: Attack degrees; CabinPrs millibar; GndSpd m/s; Heading degrees; Pitch degrees; Roll degrees; Slip degrees; TrueAirSpd m/s
UNCERTAINTY: N/A
ULOD_FLAG: -7777
ULOD_VALUE: N/A
LLOD_FLAG: -8888
LLOD_VALUE: N/A
DM_CONTACT_INFO: Data Manager:Ken Aikin; email:Kenneth.C.Aikin@noaa.gov
PROJECT_INFO: SENEX 2013 Study; June 1 - July 15  2013
STIPULATIONS_ON_USE: Use of these data require prior ok from PI.
OTHER_COMMENTS:       None
REVISION: RA
RA: Preliminary Data.  For in-field use.
AOCTimewave  Attack  CabinPrs  GndSpd  Heading  Pitch  Roll  Slip  TrueAirSpd
[from data line 801]
51873.0  0.1  700.4  157.2  356.9  -0.23  6.49  -0.62  157.0
51874.0  0.2  700.9  157.3  357.3  -0.13  6.94  -0.59  157.1
51875.0  0.3  700.6  157.3  357.8  -0.02  7.10  -0.66  157.1
51876.0  0.3  700.5  157.3  358.3  0.05  6.77  -0.68  157.2
51877.0  0.2  700.9  157.2  358.8  0.07  7.03  -0.67  157.2
51878.0  0.2  700.8  157.2  359.2  0.04  7.85  -0.56  157.2
51879.0  0.2  700.8  157.2  359.7  0.09  8.29  -0.48  157.2
51880.0  0.4  700.7  157.1  0.4  0.34  8.51  -0.56  157.2
51881.0  0.3  700.4  157.1  1.1  0.36  8.81  -0.67  157.2
51882.0  0.2  700.9  157.0  1.6  0.32  9.19  -0.63  157.1
51883.0  0.2  700.9  156.9  2.2  0.27  9.44  -0.55  157.1
51884.0  0.3  700.9  156.8  2.8  0.35  9.35  -0.58  157.2
51885.0  0.4  700.7  156.7  3.5  0.55  8.92  -0.66  157.2
51886.0  0.2  700.6  156.6  4.1  0.51  8.44  -0.71  157.2
51887.0  0.2  700.6  156.5  4.6  0.37  7.97  -0.73  157.2
51888.0  0.1  700.5  156.4  5.0  0.22  7.44  -0.69  157.1
51889.0  0.1  699.9  156.4  5.4  0.08  6.85  -0.68  157.1
51890.0  0.1  700.0  156.3  5.8  -0.03  6.31  -0.71  157.2
51891.0  0.4  699.8  156.3  6.3  0.31  5.81  -0.71  157.2
51892.0  0.3  700.0  156.2  6.7  0.44  5.34  -0.85  157.2
51893.0  0.2  700.1  156.2  7.0  0.29  4.98  -0.77  157.1
51894.0  0.1  700.2  156.1  7.2  0.16  4.47  -0.66  157.1
51895.0  0.2  700.1  156.1  7.5  0.17  3.84  -0.71  157.1
51896.0  0.4  699.7  156.1  7.9  0.57  3.50  -0.84  157.1
51897.0  0.3  699.8  156.0  8.2  0.64  3.52  -0.78  157.0
51898.0  0.2  699.6  155.9  8.3  0.51  3.41  -0.65  156.9
51899.0  0.1  699.7  155.8  8.6  0.41  3.10  -0.66  156.9
51900.0  0.1  699.5  155.8  8.9  0.32  2.85  -0.76  156.8
51901.0  0.2  699.5  155.7  9.2  0.26  2.55  -0.84  156.8
51902.0  0.3  699.5  155.7  9.3  0.52  1.56  -0.82  156.8
51903.0  0.2  699.6  155.6  9.4  0.55  1.55  -0.82  156.7
51904.0  0.1  699.2  155.6  9.4  0.34  2.06  -0.70  156.6
51905.0  0.2  699.4  155.5  9.5  0.32  4.23  -0.55  156.6
51906.0  0.2  699.3  155.5  9.7  0.32  8.34  -0.33  156.5
51907.0  0.1  699.4  155.4  10.1  0.10  10.21  -0.27  156.5
51908.0  0.3  699.1  155.4  11.0  0.29  10.50  -0.55  156.5
51909.0  0.3  699.2  155.3  11.9  0.30  10.57  -0.80  156.5
51910.0  0.2  699.2  155.3  12.5  0.15  10.71  -0.76  156.4
51911.0  0.2  699.2  155.2  13.0  0.19  10.65  -0.51  156.4
51912.0  0.3  699.2  155.2  13.7  0.27  10.38  -0.62  156.3
51913.0  0.2  699.4  155.1  14.5  0.14  10.37  -0.68  156.3
51914.0  0.2  699.6  155.1  15.1  0.00  10.47  -0.64  156.3
51915.0  0.2  699.7  155.1  15.7  -0.10  10.47  -0.66  156.2
51916.0  0.3  699.6  155.1  16.4  0.02  10.37  -0.55  156.2
51917.0  0.3  699.7  155.1  17.1  0.16  10.16  -0.62  156.2
51918.0  0.3  700.1  155.1  17.9  0.09  10.06  -0.67  156.2
51919.0  0.3  700.4  155.0  18.5  0.05  10.03  -0.68  156.2
51920.0  0.4  700.3  155.0  19.2  0.24  9.90  -0.69  156.2
51921.0  0.3  700.5  155.0  19.8  0.17  9.76  -0.72  156.2
51922.0  0.2  700.3  154.9  20.4  0.02  9.63  -0.66  156.2
51923.0  0.3  700.5  154.9  20.9  0.19  9.41  -0.59  156.2
51924.0  0.5  700.5  154.9  21.6  0.56  9.17  -0.66  156.3
51925.0  0.5  700.3  154.7  22.4  0.81  9.07  -0.74  156.2
51926.0  0.2  700.4  154.6  22.8  0.64  8.96  -0.61  156.1
51927.0  0.2  700.3  154.5  23.2  0.59  8.59  -0.41  156.0
51928.0  0.3  700.1  154.4  23.9  0.75  8.05  -0.52  155.9
51929.0  0.3  700.4  154.3  24.6  0.74  7.82  -0.72  155.8
51930.0  0.2  700.4  154.2  25.1  0.57  8.44  -0.74  155.7
51931.0  0.2  699.9  154.1  25.5  0.41  9.04  -0.57  155.7
51932.0  0.1  699.8  154.1  26.0  0.24  9.27  -0.45  155.6
51933.0  0.1  699.4  154.1  26.6  0.04  9.42  -0.53  155.5
51934.0  0.2  699.4  154.1  27.2  -0.05  9.65  -0.63  155.5
51935.0  0.4  699.4  154.1  27.9  0.26  9.79  -0.56  155.6
51936.0  0.4  699.7  154.0  28.5  0.39  9.69  -0.55  155.5
51937.0  0.3  699.0  154.0  29.2  0.33  9.55  -0.68  155.5
51938.0  0.2  699.1  154.0  29.8  0.26  9.54  -0.66  155.4
51939.0  0.2  699.1  153.9  30.3  0.19  9.45  -0.51  155.3
51940.0  0.2  699.3  153.9  30.9  0.12  9.18  -0.54  155.2
51941.0  0.2  699.5  153.9  31.5  0.04  8.93  -0.57  155.2
51942.0  0.2  699.3  153.9  32.0  -0.04  8.69  -0.59  155.3
51943.0  0.2  699.2  154.0  32.6  -0.10  6.73  -0.69  155.4
51944.0  0.4  699.5  154.0  33.1  0.20  2.64  -0.96  155.3
51945.0  0.4  699.1  154.0  33.4  0.53  -0.40  -1.16  155.3
51946.0  0.4  699.2  154.0  33.3  0.64  0.38  -0.93  155.3
51947.0  0.2  698.8  154.0  33.0  0.49  1.22  -0.52  155.1
51948.0  0.2  699.0  153.9  33.0  0.40  0.85  -0.49  155.1
51949.0  0.3  699.2  153.9  33.3  0.52  0.83  -0.72  155.0
51950.0  0.2  699.2  153.9  33.5  0.44  1.21  -0.81  155.0
51951.0  0.2  699.0  153.9  33.5  0.27  1.56  -0.69  154.9
51952.0  0.3  698.9  153.9  33.5  0.28  1.69  -0.61  154.9
51953.0  0.3  698.8  154.0  33.7  0.34  1.82  -0.68  155.0
51954.0  0.2  699.2  154.0  33.9  0.25  2.08  -0.73  155.0
51955.0  0.2  698.9  154.0  34.0  0.20  2.35  -0.65  155.0
51956.0  0.3  698.8  154.0  34.2  0.23  2.49  -0.62  155.0
51957.0  0.3  698.7  154.0  34.4  0.34  2.57  -0.67  155.0
51958.0  0.3  698.9  154.0  34.6  0.31  2.73  -0.70  155.0
51959.0  0.3  699.2  154.0  34.8  0.39  2.90  -0.67  154.9
51960.0  0.3  699.3  154.0  34.9  0.38  2.69  -0.67  154.9
51961.0  0.2  699.3  154.0  35.2  0.32  1.54  -0.78  154.8
51962.0  0.4  699.4  154.0  35.3  0.55  1.42  -0.84  154.8
51963.0  0.2  699.5  154.0  35.4  0.38  1.80  -0.73  154.8
51964.0  0.3  699.7  154.0  35.3  0.35  1.55  -0.57  154.9
51965.0  0.3  699.6  154.0  35.5  0.46  1.17  -0.55  154.8
51966.0  0.2  699.5  154.0  35.7  0.39  0.99  -0.70  154.9
51967.0  0.2  699.6  154.0  35.8  0.26  1.01  -0.73  155.0
51968.0  0.3  699.8  154.0  35.8  0.28  1.00  -0.69  155.0
51969.0  0.4  699.4  154.0  36.0  0.56  0.65  -0.73  155.1
51970.0  0.2  699.7  154.0  36.1  0.38  0.10  -0.82  155.0
51971.0  0.3  699.8  154.0  35.9  0.45  -0.35  -0.66  154.9
51972.0  0.3  699.4  154.0  35.8  0.57  -0.96  -0.55  154.9
51973.0  0.3  699.4  154.0  35.8  0.54  -1.47  -0.67  154.8
51974.0  0.2  699.4  154.0  35.8  0.48  -1.66  -0.78  154.8
51975.0  0.2  699.8  154.0  35.8  0.42  -1.69  -0.78  154.8
51976.0  0.3  699.4  154.0  35.6  0.44  -1.58  -0.71  154.8
51977.0  0.3  699.3  154.0  35.5  0.50  -1.47  -0.69  154.9
51978.0  0.3  698.9  154.0  35.5  0.50  -1.42  -0.75  154.9
51979.0  0.3  699.0  154.0  35.5  0.49  -1.21  -0.78  155.0
51980.0  0.3  699.0  154.0  35.4  0.49  -0.86  -0.71  155.2
51981.0  0.3  699.0  154.0  35.3  0.55  -0.77  -0.64  155.1
51982.0  0.1  698.9  154.0  35.2  0.32  -1.05  -0.65  155.1
51983.0  0.4  699.5  154.0  35.2  0.55  -1.41  -0.71  155.0
51984.0  0.3  699.6  154.0  35.2  0.59  -1.91  -0.77  154.9
51985.0  0.2  699.2  154.0  35.1  0.49  -2.63  -0.81  154.8
51986.0  0.3  699.0  154.0  35.0  0.61  -2.78  -0.78  154.8
51987.0  0.3  699.1  154.0  34.8  0.57  -2.37  -0.77  154.7
51988.0  0.2  699.2  154.0  34.7  0.44  -1.94  -0.75  154.7
51989.0  0.3  699.3  154.0  34.6  0.47  -1.59  -0.72  154.7
51990.0  0.3  699.1  154.0  34.6  0.49  -1.32  -0.77  154.7
51991.0  0.1  699.2  154.0  34.6  0.19  -1.02  -0.81  154.8
51992.0  0.2  699.1  154.0  34.6  0.17  -0.63  -0.76  154.9
51993.0  0.3  698.9  154.1  34.5  0.21  -0.35  -0.69  154.9
51994.0  0.3  698.9  154.1  34.5  0.20  -0.20  -0.73  155.0
51995.0  0.3  698.9  154.1  34.6  0.27  0.02  -0.78  155.0
51996.0  0.3  699.0  154.2  34.6  0.29  0.28  -0.79  155.1
51997.0  0.1  699.1  154.2  34.7  0.00  0.50  -0.75  155.1
51998.0  0.2  698.7  154.3  34.7  -0.03  0.62  -0.72  155.2
51999.0  0.3  699.1  154.3  34.8  0.09  0.68  -0.75  155.3
52000.0  0.3  699.0  154.4  34.9  0.14  0.82  -0.82  155.4
52001.0  0.3  699.2  154.4  35.0  0.17  1.02  -0.82  155.4
52002.0  0.3  699.0  154.4  35.1  0.28  1.13  -0.77  155.6
52003.0  0.3  699.2  154.4  35.1  0.42  0.86  -0.73  155.6
52004.0  0.3  699.3  154.4  35.3  0.47  0.44  -0.82  155.6
52005.0  0.2  699.1  154.4  35.4  0.39  0.16  -0.93  155.7
52006.0  0.3  699.0  154.4  35.3  0.50  -0.04  -0.82  155.7
52007.0  0.3  699.2  154.3  35.2  0.57  -0.38  -0.74  155.6
52008.0  0.2  699.1  154.3  35.3  0.53  -0.59  -0.79  155.6
52009.0  0.2  699.1  154.3  35.3  0.45  -0.58  -0.82  155.5
52010.0  0.3  699.2  154.2  35.3  0.53  -0.55  -0.77  155.6
52011.0  0.3  699.3  154.2  35.2  0.68  -0.60  -0.72  155.5
52012.0  0.2  699.1  154.2  35.2  0.46  -0.62  -0.68  155.5
52013.0  0.2  699.4  154.2  35.1  0.33  -0.15  -0.65  155.5
52014.0  0.2  699.3  154.2  35.1  0.37  0.42  -0.61  155.4
52015.0  0.2  699.1  154.2  35.2  0.29  0.55  -0.66  155.4
52016.0  0.2  699.4  154.2  35.3  0.11  0.31  -0.70  155.3
52017.0  0.1  699.0  154.2  35.4  -0.07  -1.40  -0.80  155.3
52018.0  0.3  699.2  154.3  35.4  0.07  -3.30  -0.97  155.3
52019.0  0.3  699.0  154.4  35.3  0.11  -3.15  -0.98  155.4
52020.0  0.2  699.0  154.5  34.9  -0.11  -2.60  -0.76  155.4
52021.0  0.1  699.0  154.6  34.7  -0.29  -2.34  -0.63  155.6
52022.0  0.2  699.1  154.7  34.6  -0.29  -2.17  -0.73  155.7
52023.0  0.2  699.2  154.8  34.6  -0.29  -1.92  -0.81  155.8
52024.0  0.2  699.0  154.9  34.5  -0.29  -2.27  -0.80  155.9
52025.0  0.3  699.3  155.0  34.4  -0.17  -2.89  -0.80  156.0
52026.0  0.4  699.3  155.1  34.2  0.18  -2.51  -0.78  156.1
52027.0  0.3  699.6  155.1  34.0  0.17  -1.88  -0.70  156.2
52028.0  0.2  698.9  155.2  33.9  0.04  -1.61  -0.63  156.2
52029.0  0.3  699.9  155.2  33.8  0.16  -1.86  -0.68  156.3
52030.0  0.3  700.1  155.2  33.8  0.31  -1.95  -0.78  156.4
52031.0  0.2  700.2  155.2  33.7  0.20  -2.52  -0.80  156.4
52032.0  0.2  700.4  155.3  33.6  0.22  -3.92  -0.81  156.5
52033.0  0.3  700.2  155.3  33.4  0.50  -4.32  -0.81  156.4
52034.0  0.3  700.4  155.3  33.1  0.59  -4.11  -0.78  156.4
52035.0  0.4  700.3  155.2  32.8  0.94  -3.38  -0.71  156.2
52036.0  0.2  700.4  155.1  32.6  0.88  -2.73  -0.68  156.1
52037.0  0.1  700.4  155.0  32.5  0.70  -2.16  -0.64  155.9
52038.0  0.2  700.5  155.0  32.3  0.71  -1.25  -0.57  155.8
52039.0  0.3  700.9  154.9  32.3  0.78  -0.47  -0.55  155.7
52040.0  0.2  700.9  154.8  32.3  0.80  -0.05  -0.61  155.5
52041.0  0.1  700.6  154.8  32.4  0.58  -0.04  -0.68  155.4
52042.0  0.2  700.6  154.7  32.4  0.52  -0.20  -0.66  155.4
52043.0  0.2  700.2  154.7  32.4  0.53  -0.60  -0.67  155.3
52044.0  0.3  700.0  154.7  32.4  0.57  -0.97  -0.69  155.2
52045.0  0.3  700.5  154.7  32.4  0.58  -0.62  -0.69  155.2
52046.0  0.2  700.2  154.6  32.3  0.46  0.03  -0.63  155.1
52047.0  0.2  699.9  154.6  32.3  0.33  0.01  -0.63  155.1
52048.0  0.2  699.7  154.6  32.4  0.27  -0.58  -0.74  155.2
52049.0  0.2  699.7  154.7  32.4  0.27  -0.73  -0.75  155.3
52050.0  0.3  699.6  154.7  32.4  0.26  -0.61  -0.69  155.4
52051.0  0.3  699.5  154.7  32.3  0.28  -0.59  -0.65  155.5
52052.0  0.3  699.6  154.7  32.3  0.42  -0.62  -0.70  155.5
52053.0  0.4  699.6  154.7  32.4  0.60  -0.50  -0.75  155.5
52054.0  0.3  699.5  154.7  32.3  0.54  -0.34  -0.70  155.4
52055.0  0.3  699.3  154.6  32.3  0.54  -0.32  -0.66  155.4
52056.0  0.3  699.2  154.6  32.3  0.64  -0.35  -0.69  155.3
52057.0  0.2  699.3  154.6  32.4  0.36  -0.37  -0.70  155.4
52058.0  0.2  699.4  154.6  32.3  0.35  -0.47  -0.66  155.4
52059.0  0.3  699.5  154.6  32.3  0.39  -0.66  -0.69  155.5
52060.0  0.2  699.2  154.6  32.4  0.24  -0.90  -0.73  155.7
52061.0  0.2  699.3  154.6  32.3  0.23  -1.17  -0.69  155.9
52062.0  0.3  699.6  154.6  32.2  0.28  -1.52  -0.60  156.2
52063.0  0.4  699.4  154.6  32.1  0.60  -1.51  -0.60  156.3
52064.0  0.2  699.2  154.6  32.1  0.53  -0.88  -0.69  156.2
52065.0  0.2  699.7  154.6  32.1  0.45  -0.80  -0.66  156.1
52066.0  0.3  699.8  154.5  32.1  0.66  -1.36  -0.70  156.1
52067.0  0.3  699.3  154.5  32.1  0.66  -1.47  -0.80  155.9
52068.0  0.2  699.2  154.4  32.0  0.50  -1.34  -0.76  155.9
52069.0  0.2  699.4  154.4  31.8  0.54  -1.27  -0.65  156.0
52070.0  0.3  699.3  154.4  31.7  0.58  -1.37  -0.58  156.0
52071.0  0.2  699.1  154.3  31.6  0.54  -1.15  -0.62  155.9
52072.0  0.3  699.1  154.3  31.6  0.75  -0.28  -0.61  155.7
52073.0  0.4  699.5  154.2  31.6  1.06  0.62  -0.56  155.5
52074.0  0.3  699.1  154.1  31.7  0.97  1.41  -0.60  155.3
52075.0  0.4  698.9  154.0  31.9  1.17  2.13  -0.58  155.1
52076.0  0.3  699.1  153.8  32.0  1.23  2.31  -0.59  154.9
52077.0  0.2  699.0  153.7  32.2  1.05  2.02  -0.63  154.7
52078.0  0.5  699.2  153.6  32.4  1.32  1.81  -0.64  154.6
52079.0  0.3  698.7  153.4  32.5  1.23  1.62  -0.63  154.5
52080.0  0.4  698.6  153.3  32.5  1.41  1.38  -0.60  154.5
52081.0  0.4  698.9  153.1  32.7  1.52  1.55  -0.63  154.3
52082.0  0.3  698.8  152.9  32.9  1.38  1.93  -0.65  154.2
52083.0  0.4  698.3  152.8  33.1  1.60  1.11  -0.77  154.1
52084.0  0.3  698.4  152.6  33.3  1.44  0.48  -0.89  153.8
52085.0  -0.1  698.6  152.5  33.2  0.68  0.17  -0.78  153.7
52086.0  -0.3  698.3  152.5  33.1  -0.38  -0.34  -0.65  153.8
52087.0  0.0  698.1  152.7  33.0  -0.59  -0.75  -0.63  154.1
52088.0  0.2  697.6  152.8  33.0  -0.55  -0.55  -0.70  154.4
52089.0  0.1  697.8  153.0  33.0  -0.79  -0.31  -0.71  154.5
52090.0  0.2  697.7  153.2  33.0  -0.88  -0.30  -0.65  154.8
52091.0  0.3  697.6  153.4  33.0  -0.86  -0.55  -0.69  154.8
52092.0  0.2  697.7  153.7  33.1  -0.93  -0.69  -0.74  155.2
52093.0  0.3  697.8  153.9  33.1  -0.75  -0.76  -0.70  155.3
52094.0  0.5  697.6  154.1  33.1  -0.40  -0.71  -0.71  155.6
52095.0  0.5  697.8  154.2  33.2  -0.15  0.28  -0.73  155.7
52096.0  0.2  697.3  154.3  33.2  -0.40  0.97  -0.70  155.7
52097.0  0.3  698.1  154.4  33.2  -0.30  1.12  -0.56  155.9
52098.0  0.2  698.0  154.5  33.4  -0.39  1.00  -0.67  156.0
52099.0  0.1  698.1  154.6  33.5  -0.66  0.92  -0.66  156.2
52100.0  0.1  698.6  154.8  33.5  -0.85  0.78  -0.57  156.6
52101.0  0.5  698.5  154.9  33.7  -0.35  0.51  -0.70  156.6
52102.0  0.3  698.8  155.0  33.9  -0.31  0.43  -0.83  156.6
52103.0  0.3  698.6  155.1  33.9  -0.22  0.41  -0.76  156.8
52104.0  0.4  698.7  155.2  34.0  0.11  0.16  -0.76  156.8
52105.0  0.2  699.5  155.2  34.0  -0.08  -0.12  -0.81  156.7
52106.0  0.3  699.3  155.2  34.0  0.08  -0.09  -0.69  156.7
52107.0  0.2  699.2  155.3  34.0  0.06  0.17  -0.63  156.8
52108.0  0.1  699.4  155.3  34.1  -0.14  0.50  -0.71  156.7
52109.0  0.3  699.6  155.3  34.2  -0.01  0.82  -0.70  156.8
52110.0  0.4  699.8  155.3  34.3  0.36  1.11  -0.65  156.9
52111.0  0.3  700.0  155.3  34.4  0.41  1.22  -0.69  156.9
52112.0  0.2  700.1  155.3  34.5  0.38  1.31  -0.64  156.9
52113.0  0.2  699.8  155.2  34.7  0.42  1.24  -0.73  156.9
52114.0  0.2  699.7  155.2  34.8  0.42  1.08  -0.76  157.0
52115.0  0.1  699.8  155.1  34.9  0.28  0.18  -0.74  156.9
52116.0  -0.2  700.3  155.1  34.9  -0.45  -0.46  -0.75  156.9
52117.0  0.0  700.1  155.3  34.8  -0.54  -0.57  -0.69  157.0
52118.0  0.2  700.3  155.4  34.8  -0.34  -0.53  -0.65  157.1
52119.0  0.3  700.1  155.4  34.8  -0.14  -0.38  -0.72  157.1
52120.0  0.4  700.5  155.5  34.8  0.19  -0.34  -0.69  157.1
52121.0  0.5  700.5  155.5  34.9  0.69  -0.30  -0.74  157.1
52122.0  0.6  700.5  155.4  34.9  1.12  -0.31  -0.80  156.9
52123.0  0.4  700.6  155.2  34.9  1.24  -0.45  -0.73  156.8
52124.0  0.1  701.0  155.0  34.8  0.99  -0.38  -0.68  156.5
52125.0  0.0  700.9  154.9  34.8  0.69  -0.21  -0.69  156.3
52126.0  0.1  700.9  154.9  34.8  0.62  -0.09  -0.64  156.3
52127.0  0.1  700.7  154.8  34.8  0.35  -0.06  -0.66  156.4
52128.0  0.1  701.1  154.8  34.9  0.29  -0.07  -0.68  156.5
52129.0  0.1  701.1  154.8  34.9  0.12  -0.13  -0.64  156.5
52130.0  0.2  701.0  154.8  34.9  0.11  -0.23  -0.65  156.6
52131.0  0.1  700.8  154.8  34.9  -0.05  -0.21  -0.69  156.6
52132.0  0.2  701.1  154.9  34.9  -0.03  -0.20  -0.67  156.6
52133.0  0.2  701.0  154.9  34.9  -0.15  -0.30  -0.68  156.7
52134.0  0.2  701.3  155.0  35.0  -0.10  -0.30  -0.72  156.8
52135.0  0.2  701.1  155.0  35.0  -0.06  -0.31  -0.70  156.8
52136.0  0.2  700.9  155.1  35.0  -0.07  -0.37  -0.69  156.9
52137.0  0.2  701.0  155.1  35.0  -0.09  -0.38  -0.72  156.9
52138.0  0.2  700.8  155.2  34.9  -0.05  -0.35  -0.72  157.0
52139.0  0.2  701.1  155.2  34.9  -0.08  -0.35  -0.69  157.1
