flight/WP3D/AircraftPos_NP3_20130706_RA.ict
38  1001
Ken Aikin
NOAA ESRL Chemical Sciences Division
various aircraft sensors
SENEX 2013
1  1
2013  07  06  2013  07  06
1
AOCTimewave
5
1  1  1  1  1 
-9999  -9999  -9999  -9999  -9999
GpsLat  deg
GpsLon  deg
GpsAlt  m
PAlt  m
RAlt  m
1
SPECIAL COMMENTS:PA shale flight.
18
PI_CONTACT_INFO: Address: NOAA ESRL Chemical Sciences Division  Mail Stop R/CSD7  325 Broadway  Boulder  CO 80305
PLATFORM: NOAA WP-3D
LOCATION: The aircraft was stationed in Smyrna  Tennessee. Aircraft location information in AircraftPosition file.
ASSOCIATED_DATA: N/A
INSTRUMENT_INFO: N/A
DATA_INFO: Units:GpsLat:decimal degrees; GpsLon: decimal degrees; GpsAlt: meters; PAlt:meters; RAlt: meters.
UNCERTAINTY: N/A
ULOD_FLAG: -7777
ULOD_VALUE: N/A
LLOD_FLAG: -8888
LLOD_VALUE: N/A
DM_CONTACT_INFO: Data Manager:Ken Aikin; email:Kenneth.C.Aikin@noaa.gov
PROJECT_INFO: SENEX 2013 Study; June 1 - July 15  2013
STIPULATIONS_ON_USE: Use of these data require prior ok from PI.
OTHER_COMMENTS:       None
REVISION: RA
RA: Preliminary Data.  For in-field use.
AOCTimewave  GpsLat  GpsLon  GpsAlt  PAlt  RAlt
[from data line 10764]
62323.0  41.6300   -75.8891   1270.7   1135.2    913.5
62324.0  41.6291   -75.8886   1281.5   1144.8    932.4
62325.0  41.6281   -75.8880   1291.9   1154.1    945.6
62326.0  41.6272   -75.8875   1302.9   1165.2    960.0
62327.0  41.6263   -75.8869   1314.2   1173.6    978.3
62328.0  41.6253   -75.8862   1324.8   1184.1    988.3
62329.0  41.6244   -75.8856   1334.7   1194.1   1003.8
62330.0  41.6235   -75.8850   1345.2   1204.0   1021.1
62331.0  41.6226   -75.8843   1355.6   1214.6  -9999.0
62332.0  41.6217   -75.8836   1365.3   1225.0   1046.9
62333.0  41.6208   -75.8829   1374.3   1232.7   1064.9
62334.0  41.6200   -75.8822   1383.5   1240.8   1079.5
62335.0  41.6191   -75.8814   1392.7   1250.0  -9999.0
62336.0  41.6183   -75.8807   1401.3   1257.3   1123.9
62337.0  41.6174   -75.8799   1410.1   1266.0   1150.5
62338.0  41.6166   -75.8790   1418.8   1275.2  -9999.0
62339.0  41.6158   -75.8782   1428.5   1283.2   1156.2
62340.0  41.6150   -75.8773   1439.3   1292.7   1158.4
62341.0  41.6142   -75.8764   1449.6   1301.3   1165.1
62342.0  41.6134   -75.8755   1459.8   1311.8   1165.1
62343.0  41.6127   -75.8745   1470.2   1321.9   1171.9
62344.0  41.6119   -75.8735   1480.1   1330.5   1182.7
62345.0  41.6112   -75.8725   1490.1   1340.3   1195.0
62346.0  41.6106   -75.8714   1500.3   1350.7   1193.7
62347.0  41.6099   -75.8704   1511.1   1362.0   1192.1
62348.0  41.6093   -75.8692   1521.8   1372.5   1200.9
62349.0  41.6087   -75.8681   1531.9   1381.1   1219.3
62350.0  41.6081   -75.8669   1541.7   1390.8   1248.1
62351.0  41.6075   -75.8657   1551.2   1400.9   1263.3
62352.0  41.6070   -75.8645   1560.5   1408.4   1281.9
62353.0  41.6065   -75.8633   1569.6   1417.2   1290.1
62354.0  41.6060   -75.8621   1578.6   1425.7  -9999.0
62355.0  41.6055   -75.8608   1588.0   1435.7   1312.1
62356.0  41.6051   -75.8595   1597.5   1445.4   1313.2
62357.0  41.6047   -75.8582   1605.9   1453.4   1311.3
62358.0  41.6043   -75.8569   1613.8   1460.0   1327.9
62359.0  41.6039   -75.8556   1621.1   1468.0   1325.2
62360.0  41.6035   -75.8542   1628.5   1475.7   1334.7
62361.0  41.6031   -75.8529   1635.2   1482.1   1348.7
62362.0  41.6028   -75.8516   1641.3   1487.3   1358.3
62363.0  41.6024   -75.8502   1647.5   1493.6   1361.3
62364.0  41.6021   -75.8488   1654.1   1500.7   1363.1
62365.0  41.6018   -75.8475   1660.3   1506.2   1372.6
62366.0  41.6014   -75.8461   1666.2   1511.8   1400.0
62367.0  41.6011   -75.8447   1671.6   1517.5   1425.1
62368.0  41.6008   -75.8433   1676.4   1522.4  -9999.0
62369.0  41.6004   -75.8419   1680.6   1526.4   1450.4
62370.0  41.6001   -75.8405   1684.9   1530.0   1479.4
62371.0  41.5998   -75.8390   1689.4   1533.8   1485.9
62372.0  41.5995   -75.8376   1693.9   1536.6  -9999.0
62373.0  41.5992   -75.8362   1698.2   1540.4   1498.1
62374.0  41.5989   -75.8347   1703.1   1545.9   1506.7
62375.0  41.5985   -75.8333   1708.5   1550.2  -9999.0
62376.0  41.5982   -75.8319   1712.6   1554.3   1508.3
62377.0  41.5979   -75.8304   1717.5   1558.9   1496.8
62378.0  41.5976   -75.8290   1722.9   1563.9  -9999.0
62379.0  41.5973   -75.8275   1729.0   1570.2   1467.4
62380.0  41.5970   -75.8260   1736.3   1576.6   1471.4
62381.0  41.5967   -75.8246   1744.6   1583.6   1470.5
62382.0  41.5963   -75.8231   1752.9   1591.7   1470.1
62383.0  41.5960   -75.8217   1760.5   1599.1   1464.8
62384.0  41.5957   -75.8202   1768.3   1606.9   1472.9
62385.0  41.5954   -75.8187   1775.9   1614.2   1486.1
62386.0  41.5951   -75.8172   1783.2   1621.3   1489.0
62387.0  41.5949   -75.8158   1790.2   1627.4   1494.1
62388.0  41.5946   -75.8143   1797.4   1633.4   1506.0
62389.0  41.5943   -75.8128   1804.4   1640.0   1512.2
62390.0  41.5941   -75.8113   1810.7   1646.8   1508.4
62391.0  41.5939   -75.8098   1816.8   1652.9   1526.0
62392.0  41.5937   -75.8082   1823.1   1659.6   1532.4
62393.0  41.5935   -75.8067   1829.5   1666.1   1540.0
62394.0  41.5933   -75.8052   1835.7   1672.7  -9999.0
62395.0  41.5931   -75.8036   1841.9   1677.5   1544.0
62396.0  41.5929   -75.8021   1848.1   1683.9   1533.4
62397.0  41.5928   -75.8006   1853.9   1689.0   1537.7
62398.0  41.5926   -75.7990   1859.5   1694.2   1547.8
62399.0  41.5925   -75.7974   1864.8   1699.4   1539.7
62400.0  41.5924   -75.7959   1870.3   1703.8   1545.9
62401.0  41.5923   -75.7943   1876.1   1708.9   1545.5
62402.0  41.5922   -75.7927   1882.4   1716.4   1548.4
62403.0  41.5922   -75.7911   1889.1   1722.4   1564.6
62404.0  41.5921   -75.7895   1896.6   1729.3   1573.0
62405.0  41.5921   -75.7879   1904.6   1736.1   1593.6
62406.0  41.5921   -75.7863   1912.7   1744.7   1612.6
62407.0  41.5921   -75.7847   1920.6   1752.4   1616.1
62408.0  41.5921   -75.7831   1928.6   1760.5   1625.8
62409.0  41.5921   -75.7815   1936.4   1768.0   1636.0
62410.0  41.5921   -75.7800   1944.3   1774.9  -9999.0
62411.0  41.5921   -75.7784   1951.9   1781.3   1663.6
62412.0  41.5921   -75.7768   1959.8   1789.5   1692.1
62413.0  41.5922   -75.7752   1967.6   1796.5   1697.5
62414.0  41.5922   -75.7736   1975.2   1803.5   1701.9
62415.0  41.5923   -75.7719   1982.3   1809.9   1713.5
62416.0  41.5923   -75.7703   1989.7   1817.9   1716.9
62417.0  41.5924   -75.7687   1997.0   1824.4   1710.4
62418.0  41.5925   -75.7671   2004.1   1832.1   1710.2
62419.0  41.5925   -75.7655   2011.3   1838.3  -9999.0
62420.0  41.5926   -75.7639   2018.7   1845.0   1705.5
62421.0  41.5927   -75.7623   2026.1   1852.9   1721.5
62422.0  41.5928   -75.7607   2033.2   1860.5   1715.7
62423.0  41.5929   -75.7591   2039.8   1867.1   1726.4
62424.0  41.5930   -75.7575   2046.7   1873.3   1732.4
62425.0  41.5931   -75.7559   2053.2   1879.0   1748.9
62426.0  41.5932   -75.7543   2059.6   1886.1   1754.8
62427.0  41.5934   -75.7527   2066.3   1891.7   1747.1
62428.0  41.5936   -75.7511   2073.3   1896.1   1751.3
62429.0  41.5938   -75.7495   2081.1   1903.1   1746.6
62430.0  41.5940   -75.7479   2089.7   1910.5   1765.4
62431.0  41.5943   -75.7463   2099.1   1921.5   1769.0
62432.0  41.5946   -75.7447   2109.3   1931.7   1783.3
62433.0  41.5949   -75.7431   2119.7   1943.7   1792.2
62434.0  41.5952   -75.7416   2129.9   1953.0   1797.8
62435.0  41.5955   -75.7400   2140.1   1962.0   1810.8
62436.0  41.5959   -75.7385   2150.3   1970.7   1820.7
62437.0  41.5963   -75.7370   2160.5   1980.7   1828.2
62438.0  41.5967   -75.7354   2170.9   1990.9   1819.4
62439.0  41.5972   -75.7339   2180.8   2000.9   1820.1
62440.0  41.5976   -75.7325   2190.9   2011.0   1837.9
62441.0  41.5981   -75.7310   2201.0   2021.0   1856.4
62442.0  41.5986   -75.7295   2210.7   2029.7  -9999.0
62443.0  41.5992   -75.7281   2219.5   2038.0   1865.9
62444.0  41.5998   -75.7267   2227.8   2046.5   1881.7
62445.0  41.6003   -75.7253   2235.7   2054.7   1891.7
62446.0  41.6010   -75.7239   2243.0   2061.3   1904.2
62447.0  41.6016   -75.7225   2249.9   2066.9   1917.9
62448.0  41.6023   -75.7212   2256.3   2072.9   1922.9
62449.0  41.6030   -75.7199   2262.5   2080.1   1939.3
62450.0  41.6037   -75.7186   2269.4   2086.1   1953.1
62451.0  41.6045   -75.7174   2276.5   2093.0   1964.9
62452.0  41.6053   -75.7161   2283.6   2098.9   1974.6
62453.0  41.6061   -75.7149   2290.6   2103.6   1972.2
62454.0  41.6069   -75.7138   2297.6   2110.4   1960.4
62455.0  41.6077   -75.7126   2304.5   2118.5   1987.4
62456.0  41.6086   -75.7115   2311.2   2126.1   1988.9
62457.0  41.6095   -75.7104   2317.4   2131.6   1990.3
62458.0  41.6104   -75.7094   2322.9   2137.2   1991.9
62459.0  41.6113   -75.7084   2328.1   2141.7   1992.9
62460.0  41.6123   -75.7074   2333.7   2145.9   1987.2
62461.0  41.6133   -75.7065   2340.2   2150.9   1995.9
62462.0  41.6143   -75.7056   2347.4   2158.7  -9999.0
62463.0  41.6153   -75.7047   2355.4   2167.0   2013.2
62464.0  41.6163   -75.7039   2364.1   2175.7   2009.3
62465.0  41.6173   -75.7032   2373.3   2184.2   2016.1
62466.0  41.6183   -75.7024   2382.5   2193.0   2016.7
62467.0  41.6194   -75.7017   2391.5   2200.8   2022.7
62468.0  41.6204   -75.7010   2400.6   2210.7   2039.4
62469.0  41.6215   -75.7004   2409.8   2219.5   2054.9
62470.0  41.6226   -75.6998   2419.2   2229.2   2062.0
62471.0  41.6236   -75.6992   2428.2   2236.7   2086.7
62472.0  41.6247   -75.6986   2437.3   2245.3   2088.4
62473.0  41.6258   -75.6981   2446.5   2254.3   2113.3
62474.0  41.6269   -75.6975   2455.3   2263.2   2120.5
62475.0  41.6280   -75.6970   2463.9   2272.6   2127.2
62476.0  41.6291   -75.6965   2472.3   2280.2   2127.1
62477.0  41.6302   -75.6961   2480.6   2288.4   2140.1
62478.0  41.6313   -75.6956   2488.5   2297.3   2127.7
62479.0  41.6324   -75.6952   2495.7   2303.5   2156.3
62480.0  41.6335   -75.6947   2503.0   2308.1   2155.0
62481.0  41.6346   -75.6943   2510.3   2315.1   2171.9
62482.0  41.6357   -75.6939   2517.6   2323.2   2187.8
62483.0  41.6368   -75.6935   2525.0   2330.5   2203.6
62484.0  41.6379   -75.6931   2532.9   2337.4   2206.1
62485.0  41.6390   -75.6928   2540.8   2345.2   2210.5
62486.0  41.6402   -75.6924   2548.7   2353.8   2223.5
62487.0  41.6413   -75.6920   2556.3   2362.2   2251.3
62488.0  41.6424   -75.6917   2563.7   2369.1   2245.3
62489.0  41.6435   -75.6913   2571.0   2375.9   2258.0
62490.0  41.6446   -75.6910   2578.2   2383.8   2275.3
62491.0  41.6458   -75.6906   2585.1   2390.0   2283.5
62492.0  41.6469   -75.6903   2591.7   2396.6   2288.3
62493.0  41.6480   -75.6899   2598.3   2402.1   2312.4
62494.0  41.6491   -75.6896   2604.3   2408.3   2334.6
62495.0  41.6503   -75.6893   2609.9   2414.9   2342.1
62496.0  41.6514   -75.6889   2616.6   2421.4   2374.7
62497.0  41.6525   -75.6886   2623.4   2426.8   2377.4
62498.0  41.6536   -75.6882   2629.8   2433.0   2375.6
62499.0  41.6548   -75.6879   2636.1   2439.0   2377.4
62500.0  41.6559   -75.6875   2642.6   2446.3   2373.2
62501.0  41.6570   -75.6872   2649.1   2452.4   2374.1
62502.0  41.6581   -75.6868   2655.3   2457.3   2357.3
62503.0  41.6593   -75.6865   2661.3   2462.6   2336.2
62504.0  41.6604   -75.6861   2667.6   2469.1   2320.6
62505.0  41.6615   -75.6858   2674.4   2474.7   2319.6
62506.0  41.6627   -75.6855   2681.6   2481.1   2323.9
62507.0  41.6638   -75.6851   2689.0   2488.6   2314.8
62508.0  41.6649   -75.6848   2696.8   2497.1   2315.4
62509.0  41.6661   -75.6844   2704.8   2504.9  -9999.0
62510.0  41.6672   -75.6841   2713.0   2513.1   2326.3
62511.0  41.6683   -75.6838   2721.5   2521.0   2334.1
62512.0  41.6695   -75.6834   2730.4   2528.7   2347.4
62513.0  41.6706   -75.6831   2739.7   2536.2   2372.7
62514.0  41.6717   -75.6828   2748.5   2544.0   2385.2
62515.0  41.6728   -75.6824   2757.3   2552.9   2402.1
62516.0  41.6740   -75.6821   2766.3   2562.2   2412.2
62517.0  41.6751   -75.6818   2775.3   2571.3   2416.2
62518.0  41.6762   -75.6815   2784.1   2580.9   2446.5
62519.0  41.6774   -75.6812   2792.6   2587.8   2458.4
62520.0  41.6785   -75.6808   2801.1   2596.9   2469.1
62521.0  41.6796   -75.6805   2809.5   2604.9   2465.9
62522.0  41.6807   -75.6802   2817.7   2612.9   2473.7
62523.0  41.6819   -75.6799   2825.4   2619.4   2480.7
62524.0  41.6830   -75.6796   2832.2   2626.5   2485.8
62525.0  41.6841   -75.6793   2837.7   2631.9   2471.2
62526.0  41.6852   -75.6790   2842.4   2635.8   2482.3
62527.0  41.6864   -75.6787   2846.2   2640.4   2488.3
62528.0  41.6875   -75.6783   2849.3   2643.1   2512.2
62529.0  41.6886   -75.6780   2851.2   2645.6   2516.0
62530.0  41.6897   -75.6777   2851.6   2645.8   2528.6
62531.0  41.6909   -75.6773   2850.0   2644.8   2544.9
62532.0  41.6920   -75.6769   2846.9   2642.3   2550.5
62533.0  41.6931   -75.6765   2843.0   2639.3   2541.4
62534.0  41.6942   -75.6761   2839.4   2636.1   2549.2
62535.0  41.6953   -75.6757   2835.5   2633.6   2568.1
62536.0  41.6964   -75.6753   2830.7   2629.5   2579.1
62537.0  41.6976   -75.6748   2824.4   2624.0   2564.8
62538.0  41.6987   -75.6743   2816.7   2617.7   2569.8
62539.0  41.6998   -75.6739   2807.9   2608.1   2564.6
62540.0  41.7009   -75.6734   2796.9   2599.4   2561.4
62541.0  41.7020   -75.6729   2785.5   2587.8   2537.4
62542.0  41.7031   -75.6723   2775.0   2577.7   2529.5
62543.0  41.7042   -75.6718   2766.1   2568.1   2519.2
62544.0  41.7053   -75.6713   2757.9   2559.2   2507.6
62545.0  41.7065   -75.6709   2750.3   2551.0   2507.9
62546.0  41.7076   -75.6704   2743.7   2544.7   2497.1
62547.0  41.7087   -75.6700   2738.0   2538.8   2484.5
62548.0  41.7098   -75.6696   2732.1   2531.7   2474.6
62549.0  41.7109   -75.6693   2726.9   2526.8   2474.9
62550.0  41.7121   -75.6691   2722.4   2524.3   2472.0
62551.0  41.7132   -75.6689   2718.6   2522.6   2466.7
62552.0  41.7143   -75.6687   2714.8   2518.6   2455.9
62553.0  41.7154   -75.6686   2710.4   2513.4   2461.7
62554.0  41.7165   -75.6686   2705.4   2509.3   2459.5
62555.0  41.7177   -75.6685   2699.5   2504.0   2463.8
62556.0  41.7188   -75.6686   2692.6   2497.2   2467.1
62557.0  41.7198   -75.6687   2685.5   2489.9   2451.6
62558.0  41.7209   -75.6688   2678.5   2481.4   2443.0
62559.0  41.7220   -75.6690   2671.7   2474.5   2394.7
62560.0  41.7231   -75.6693   2664.8   2469.7   2369.1
62561.0  41.7241   -75.6695   2658.0   2463.8   2342.5
62562.0  41.7251   -75.6699   2651.1   2456.4   2322.1
62563.0  41.7262   -75.6703   2644.3   2448.4   2328.1
62564.0  41.7272   -75.6707   2637.4   2442.5   2299.7
62565.0  41.7282   -75.6712   2629.9   2434.7   2298.0
62566.0  41.7291   -75.6717   2622.1   2426.8   2308.8
62567.0  41.7301   -75.6723   2614.7   2420.3   2314.8
62568.0  41.7310   -75.6729   2607.0   2413.5   2333.6
62569.0  41.7319   -75.6736   2599.1   2405.6   2340.9
62570.0  41.7328   -75.6743   2591.2   2397.2   2343.6
62571.0  41.7336   -75.6751   2583.8   2388.2   2323.6
62572.0  41.7344   -75.6759   2576.7   2380.6   2311.2
62573.0  41.7352   -75.6768   2569.6   2374.3   2303.3
62574.0  41.7359   -75.6777   2562.6   2367.5   2297.6
62575.0  41.7366   -75.6787   2555.8   2360.4   2291.1
62576.0  41.7373   -75.6797   2549.0   2354.4   2284.2
62577.0  41.7379   -75.6807   2542.3   2349.0   2283.0
62578.0  41.7384   -75.6818   2535.5   2342.5   2283.3
62579.0  41.7389   -75.6829   2528.9   2336.9   2279.2
62580.0  41.7393   -75.6841   2522.3   2331.3   2265.9
62581.0  41.7397   -75.6853   2515.5   2323.7   2237.8
62582.0  41.7400   -75.6865   2508.2   2316.0   2208.0
62583.0  41.7403   -75.6878   2500.6   2309.7   2178.9
62584.0  41.7405   -75.6890   2492.3   2303.3   2164.7
62585.0  41.7407   -75.6903   2483.4   2293.7   2137.0
62586.0  41.7407   -75.6916   2474.2   2284.2   2114.9
62587.0  41.7408   -75.6928   2464.3   2276.3   2115.0
62588.0  41.7408   -75.6941   2454.1   2266.8   2109.6
62589.0  41.7407   -75.6954   2442.6   2255.5   2086.4
62590.0  41.7406   -75.6967   2429.5   2243.3   2052.1
62591.0  41.7404   -75.6980   2415.4   2230.7  -9999.0
62592.0  41.7402   -75.6993   2400.5   2216.7   2025.8
62593.0  41.7400   -75.7006   2386.0   2202.0   2007.9
62594.0  41.7397   -75.7019   2372.4   2189.8   1992.4
62595.0  41.7394   -75.7032   2359.4   2176.4   1987.3
62596.0  41.7391   -75.7045   2346.3   2164.6   1979.9
62597.0  41.7388   -75.7058   2334.2   2153.8   1969.8
62598.0  41.7385   -75.7071   2323.3   2143.7   1960.2
62599.0  41.7381   -75.7084   2313.0   2132.4   1960.2
62600.0  41.7378   -75.7097   2302.9   2121.4   1947.2
62601.0  41.7375   -75.7111   2292.3   2112.8   1929.7
62602.0  41.7372   -75.7124   2280.9   2101.6   1929.2
62603.0  41.7369   -75.7137   2269.1   2091.0   1920.5
62604.0  41.7367   -75.7151   2256.8   2080.0   1912.3
62605.0  41.7364   -75.7165   2244.1   2068.4   1874.8
62606.0  41.7361   -75.7178   2231.7   2056.7   1842.7
62607.0  41.7359   -75.7192   2219.9   2045.3   1812.1
62608.0  41.7357   -75.7206   2208.0   2032.8   1807.3
62609.0  41.7355   -75.7220   2195.5   2021.8   1808.7
62610.0  41.7354   -75.7234   2183.1   2008.9   1794.5
62611.0  41.7352   -75.7249   2171.0   1997.6  -9999.0
62612.0  41.7351   -75.7263   2158.4   1986.7   1734.8
