flight/WP3D/AircraftMis_NP3_20130705_RA.ict
41  1001
Ken Aikin
NOAA ESRL Chemical Sciences Division
various aircraft sensors
SENEX 2013
1  1
2013  07  05  2013  07  05
1
AOCTimewave
8
1  1  1  1  1  1  1  1
-9999  -9999  -9999  -9999  -9999  -9999  -9999  -9999
Attack  deg
CabinPrs  mbar
GndSpd  m/s
Heading  deg
Pitch  deg
Roll  deg
Slip  deg
TrueAirSpd  m/s
1
SPECIAL COMMENTS:St. Louis  power plants.
18
PI_CONTACT_INFO: Address: NOAA ESRL Chemical Sciences Division  Mail Stop R/CSD7  325 Broadway  Boulder  CO 80305
PLATFORM: NOAA WP-3D
LOCATION: The aircraft was stationed in  Smyrna  Tennessee. Aircraft location information in AircraftPosition file.
ASSOCIATED_DATA: N/A
INSTRUMENT_INFO: N/A
DATA_INFO: Units: Attack degrees; CabinPrs millibar; GndSpd m/s; Heading degrees; Pitch degrees; Roll degrees; Slip degrees; TrueAirSpd m/s
UNCERTAINTY: N/A
ULOD_FLAG: -7777
ULOD_VALUE: N/A
LLOD_FLAG: -8888
LLOD_VALUE: N/A
DM_CONTACT_INFO: Data Manager:Ken Aikin; email:Kenneth.C.Aikin@noaa.gov
PROJECT_INFO: SENEX 2013 Study; June 1 - July 15  2013
STIPULATIONS_ON_USE: Use of these data require prior ok from PI.
OTHER_COMMENTS:       None
REVISION: RA
RA: Preliminary Data.  For in-field use.
AOCTimewave  Attack  CabinPrs  GndSpd  Heading  Pitch  Roll  Slip  TrueAirSpd
[from data line 10598]
64158.0  2.1  981.9  117.9  268.0  2.05  -2.60  -1.36  114.4
64159.0  2.0  982.1  117.9  267.6  1.93  -2.76  -1.15  114.6
64160.0  1.9  982.5  117.9  267.2  1.97  -2.99  -0.74  116.4
64161.0  1.8  981.9  117.9  266.9  2.04  -2.17  -0.72  116.5
64162.0  1.8  981.6  117.8  266.7  2.18  -2.12  -0.68  116.1
64163.0  2.0  981.9  117.8  266.4  2.16  -2.40  -0.98  115.7
64164.0  2.5  981.8  117.7  266.0  2.14  -2.16  -0.37  115.2
64165.0  1.5  982.0  117.8  265.8  1.75  -2.56  -0.19  114.8
64166.0  2.1  981.7  117.8  265.7  2.18  -0.72  -0.12  114.2
64167.0  2.0  981.8  117.7  265.8  2.11  0.54  -0.02  114.1
64168.0  2.0  981.8  117.8  266.1  2.07  -0.05  -0.06  113.8
64169.0  2.1  982.1  117.8  266.4  2.13  -0.38  -0.22  115.3
64170.0  1.9  981.8  117.7  266.6  2.08  0.27  -0.71  115.3
64171.0  2.1  981.9  117.7  266.6  2.16  1.19  -1.13  114.7
64172.0  2.1  981.7  117.7  266.6  2.19  1.99  -0.98  114.4
64173.0  2.0  981.9  117.7  266.5  2.04  1.90  -0.54  115.6
64174.0  1.8  981.4  117.7  266.6  2.04  1.71  -0.34  115.9
64175.0  2.2  982.1  117.7  266.8  2.11  1.94  -0.36  116.3
64176.0  2.2  981.6  117.7  267.0  1.87  1.92  -0.28  116.7
64177.0  1.6  982.0  117.8  267.1  1.48  0.95  -0.40  115.9
64178.0  1.5  981.7  117.8  267.2  1.66  0.13  0.16  115.8
64179.0  1.9  981.9  117.8  267.4  1.97  -0.26  -0.56  115.7
64180.0  2.0  981.9  117.8  267.3  1.94  0.02  -0.31  115.4
64181.0  1.7  981.6  117.8  267.3  1.84  -0.65  -0.52  114.9
64182.0  2.1  981.8  117.9  267.2  1.93  -0.83  -0.21  114.3
64183.0  2.0  981.9  117.9  267.3  1.86  -0.70  -0.09  115.8
64184.0  1.8  982.6  117.9  267.4  1.78  -0.89  -0.36  116.4
64185.0  2.0  981.9  117.9  267.4  1.92  -0.79  -0.54  116.5
64186.0  1.6  982.4  117.9  267.3  1.87  -0.64  -0.16  116.4
64187.0  1.8  982.2  117.8  267.3  2.04  -1.12  -0.45  116.0
64188.0  2.1  982.0  117.8  267.3  2.23  -1.10  -0.52  115.8
64189.0  1.8  981.9  117.7  267.2  2.07  -0.97  -0.24  115.9
64190.0  1.7  982.0  117.7  267.2  2.08  -1.25  0.07  115.6
64191.0  1.8  981.9  117.7  267.3  2.23  -1.46  -0.21  115.6
64192.0  2.0  981.8  117.6  267.3  2.43  -1.42  -0.31  116.1
64193.0  2.0  981.9  117.5  267.3  2.50  -1.54  -0.36  116.2
64194.0  1.9  981.6  117.4  267.3  2.44  -0.89  -0.26  115.6
64195.0  1.9  982.0  117.3  267.4  2.49  -0.31  -0.25  115.5
64196.0  2.0  981.8  117.2  267.5  2.68  -0.40  -0.30  115.6
64197.0  2.2  981.5  117.1  267.6  2.69  -0.29  -0.34  115.1
64198.0  1.9  982.1  117.0  267.6  2.53  -0.46  -0.55  115.0
64199.0  2.0  981.9  116.9  267.6  2.63  -0.60  -0.88  114.8
64200.0  2.2  981.9  116.8  267.4  2.63  -0.22  -0.22  114.4
64201.0  1.9  981.3  116.7  267.5  2.51  -0.38  -0.20  114.5
64202.0  2.2  982.1  116.6  267.5  2.58  -0.51  -0.28  114.0
64203.0  2.0  981.7  116.6  267.5  2.51  0.52  -0.28  114.0
64204.0  2.1  981.7  116.5  267.6  2.50  0.59  -0.10  113.6
64205.0  2.2  982.1  116.5  267.8  2.48  0.30  -0.36  113.2
64206.0  2.9  982.0  116.5  267.9  2.41  0.48  -0.38  114.0
64207.0  2.2  982.0  116.5  268.0  1.82  0.24  0.20  113.2
64208.0  1.4  982.0  116.6  268.3  1.44  0.57  -0.47  113.3
64209.0  2.1  981.9  116.7  268.3  2.05  0.56  -0.36  112.9
64210.0  2.0  981.8  116.7  268.4  1.95  0.83  -0.45  113.9
64211.0  1.7  982.1  116.8  268.4  1.87  0.99  -0.31  113.9
64212.0  1.5  981.9  116.8  268.5  2.02  1.10  0.09  113.3
64213.0  2.1  981.7  116.8  268.8  2.38  1.03  -0.43  113.6
64214.0  2.1  982.1  116.7  268.9  2.45  1.42  -0.51  113.8
64215.0  2.2  981.9  116.7  268.9  2.47  1.86  -0.38  113.4
64216.0  2.6  982.0  116.7  269.1  2.49  2.11  -0.26  114.2
64217.0  2.6  981.9  116.7  269.4  2.20  3.17  -0.51  113.9
64218.0  1.6  981.5  116.7  269.7  1.83  3.25  -0.31  113.2
64219.0  2.2  982.1  116.8  270.0  2.28  2.60  0.06  113.6
64220.0  2.6  982.3  116.7  270.5  2.37  1.93  0.03  114.1
64221.0  2.4  981.9  116.8  270.8  1.96  0.53  -0.54  114.1
64222.0  2.1  981.6  116.9  270.8  1.65  -0.99  -0.96  113.2
64223.0  1.9  981.8  117.0  270.5  1.64  -0.47  -0.44  113.9
64224.0  2.4  982.5  117.0  270.4  1.78  -0.06  -0.36  115.0
64225.0  1.6  981.8  117.1  270.4  1.35  0.89  -0.32  115.1
64226.0  1.4  981.8  117.2  270.4  1.43  1.43  -0.11  114.4
64227.0  1.7  981.8  117.3  270.6  1.85  1.53  -0.57  114.9
64228.0  1.9  981.7  117.2  270.5  1.99  1.32  -0.66  115.5
64229.0  2.1  981.8  117.3  270.5  2.01  0.85  -0.11  115.2
64230.0  1.7  981.9  117.3  270.6  1.76  -0.13  0.69  115.3
64231.0  2.1  981.4  117.3  271.1  1.89  -0.33  -0.11  114.8
64232.0  2.0  981.8  117.3  271.2  1.94  -0.33  -0.39  114.3
64233.0  2.1  981.9  117.4  271.2  1.98  -0.31  -0.27  114.2
64234.0  2.0  981.8  117.4  271.3  2.01  -0.41  -0.36  114.9
64235.0  2.2  982.0  117.4  271.4  2.11  -0.19  -0.65  115.2
64236.0  2.5  982.1  117.4  271.3  2.15  -0.04  -0.69  115.5
64237.0  2.0  981.6  117.4  271.2  1.85  -0.24  -0.04  115.4
64238.0  1.7  982.2  117.4  271.3  1.76  -0.19  -0.53  115.1
64239.0  2.1  981.9  117.4  271.3  1.90  0.34  -0.30  114.2
64240.0  1.9  982.0  117.5  271.3  1.85  0.48  -0.55  114.0
64241.0  1.5  982.0  117.5  271.2  1.97  -0.04  -0.11  113.8
64242.0  2.2  981.9  117.5  271.3  2.40  0.44  -0.20  114.6
64243.0  2.0  981.9  117.4  271.4  2.42  1.33  -0.18  114.3
64244.0  2.0  982.0  117.4  271.6  2.32  2.05  -0.02  114.5
64245.0  2.1  982.0  117.4  272.0  2.36  1.45  0.10  114.9
64246.0  2.1  981.8  117.3  272.4  2.38  0.43  -0.04  115.3
64247.0  2.2  982.3  117.2  272.8  2.38  -0.20  -0.76  116.0
64248.0  2.3  981.6  117.2  272.7  2.31  -0.74  -0.96  115.4
64249.0  1.6  981.9  117.2  272.6  2.10  -1.09  -0.85  115.4
64250.0  2.4  981.9  117.1  272.4  2.44  -1.16  -0.59  114.6
64251.0  2.4  981.8  117.1  272.3  2.18  -0.83  -0.35  115.0
64252.0  1.5  982.0  117.1  272.4  1.68  0.36  -0.53  115.3
64253.0  2.1  982.0  117.1  272.3  2.06  0.09  -0.36  115.4
64254.0  1.7  981.8  117.1  272.4  1.88  -0.70  -0.58  115.3
64255.0  1.7  981.7  117.1  272.3  1.90  -0.37  -0.12  113.7
64256.0  2.2  981.8  117.1  272.4  2.06  -0.40  0.50  114.5
64257.0  1.6  981.8  117.2  272.7  1.65  -0.57  -0.36  114.1
64258.0  2.0  981.8  117.2  272.7  1.92  -1.15  -0.50  113.9
64259.0  2.1  981.7  117.2  272.6  2.03  -2.61  -0.77  114.2
64260.0  2.2  981.7  117.3  272.2  1.93  -3.01  -0.91  114.6
64261.0  2.1  981.8  117.3  271.8  1.87  -1.63  -0.07  115.5
64262.0  1.8  981.6  117.3  271.7  1.65  -2.57  -0.01  115.7
64263.0  1.7  981.9  117.4  271.6  1.73  -3.81  0.11  114.8
64264.0  1.8  981.7  117.4  271.5  1.90  -3.49  0.21  114.2
64265.0  2.2  982.1  117.4  271.4  2.10  -3.19  -0.17  114.4
64266.0  2.1  981.6  117.3  271.3  2.07  -3.40  -0.37  114.7
64267.0  2.2  982.2  117.4  271.1  2.11  -3.36  -0.09  114.5
64268.0  2.4  981.8  117.4  271.0  2.07  -3.50  -0.17  114.3
64269.0  1.8  981.7  117.4  270.9  1.86  -2.66  -0.55  114.2
64270.0  2.1  982.1  117.4  270.6  2.03  -2.20  -0.47  114.1
64271.0  2.2  981.5  117.4  270.5  2.23  -2.23  -0.69  113.9
64272.0  2.1  981.8  117.4  270.2  2.07  -1.12  -0.71  113.2
64273.0  2.2  982.1  117.5  270.0  2.07  0.19  -0.22  113.5
64274.0  2.5  982.1  117.5  270.1  2.03  -0.26  -0.70  114.9
64275.0  1.3  981.7  117.5  270.0  1.63  -0.29  -0.40  115.3
64276.0  1.5  981.8  117.5  269.9  2.13  -0.42  0.55  115.1
64277.0  2.1  982.2  117.4  270.2  2.46  -0.13  0.15  115.4
64278.0  2.0  982.1  117.4  270.5  2.34  -0.41  -0.23  115.3
64279.0  2.0  981.7  117.3  270.6  2.34  -0.90  -0.32  114.8
64280.0  2.1  982.1  117.3  270.6  2.42  -1.20  -0.24  114.7
64281.0  2.2  981.6  117.2  270.6  2.33  -1.60  -0.45  114.0
64282.0  2.4  982.1  117.2  270.5  2.22  -1.99  -0.32  113.3
64283.0  2.4  981.8  117.2  270.4  2.10  -2.23  -0.40  113.0
64284.0  2.2  981.9  117.3  270.2  1.85  -1.72  -0.65  112.9
64285.0  1.9  982.1  117.4  270.0  1.86  -0.53  -0.11  113.2
64286.0  2.2  982.1  117.4  270.1  1.98  -0.64  -0.30  113.2
64287.0  2.1  981.6  117.5  270.1  1.90  -0.75  -1.10  114.3
64288.0  1.9  982.3  117.5  269.7  1.91  -1.07  -0.69  113.7
64289.0  2.2  981.6  117.5  269.5  2.48  -0.54  -0.48  114.8
64290.0  3.1  982.2  117.4  269.5  4.03  1.04  -1.13  114.5
64291.0  2.8  981.7  117.4  269.2  4.79  0.94  0.23  112.9
64292.0  2.5  981.7  117.6  269.3  5.10  0.29  -0.30  114.4
64293.0  2.2  981.6  117.8  269.4  4.92  0.45  -0.19  114.7
64294.0  1.9  981.8  118.1  269.2  4.80  -0.39  -0.15  114.9
64295.0  1.7  981.6  118.4  269.0  4.94  -0.53  0.06  114.3
64296.0  2.7  981.7  118.5  268.9  6.13  1.56  1.30  114.7
64297.0  1.9  981.4  118.5  269.6  6.55  5.15  0.28  115.1
64298.0  1.0  980.9  118.6  270.2  6.47  8.63  0.05  115.5
64299.0  1.8  981.3  118.6  270.9  7.28  10.09  0.40  116.4
64300.0  2.2  980.8  118.3  272.2  8.15  10.47  0.80  116.1
64301.0  2.3  980.8  118.0  273.5  8.38  10.80  -0.16  117.0
64302.0  2.5  980.5  117.5  274.6  8.70  13.07  -0.87  116.2
64303.0  1.6  980.5  117.2  275.4  8.77  15.83  -0.34  115.5
64304.0  1.4  979.9  116.9  276.3  8.31  14.52  -0.17  115.1
64305.0  1.2  979.8  116.9  277.1  7.73  12.57  0.26  114.5
64306.0  1.8  979.8  116.9  278.3  8.04  12.84  0.11  113.9
64307.0  2.6  980.1  116.6  279.5  8.62  14.59  0.38  113.8
64308.0  2.5  979.1  116.3  280.9  8.72  15.35  0.25  113.2
64309.0  2.3  979.4  116.0  282.3  8.26  15.53  0.55  113.6
64310.0  1.8  979.3  115.9  283.7  7.63  14.31  0.23  113.0
64311.0  1.5  979.1  115.9  285.2  7.53  13.79  -0.51  111.9
64312.0  1.5  979.5  116.0  286.3  7.71  15.58  -0.81  111.9
64313.0  2.8  979.0  115.8  287.4  8.46  15.41  -0.29  112.4
64314.0  2.9  979.1  115.5  288.8  8.89  14.84  -0.49  112.3
64315.0  2.1  978.9  115.2  290.0  8.73  15.54  -0.15  111.6
64316.0  2.0  978.7  115.0  291.3  8.94  16.15  -0.27  111.7
64317.0  2.1  978.7  114.7  292.6  9.25  15.62  -0.07  110.9
64318.0  2.2  978.9  114.5  293.9  9.40  14.71  -0.12  110.7
64319.0  2.3  978.5  114.1  295.5  9.57  14.88  -0.39  111.1
64320.0  2.2  978.9  113.7  297.6  9.35  14.54  -0.82  110.7
64321.0  2.5  978.5  113.4  300.1  9.11  15.04  -2.17  110.1
64322.0  2.4  978.8  113.1  301.8  9.09  15.58  -2.14  110.4
64323.0  2.5  978.5  112.7  302.8  9.55  15.23  -1.80  111.3
64324.0  2.3  978.3  112.2  304.0  10.11  15.85  -1.45  111.1
64325.0  2.3  978.3  111.6  305.5  10.42  16.47  -1.32  110.6
64326.0  2.4  978.1  111.2  307.0  10.14  16.01  -0.75  108.9
64327.0  1.8  978.2  110.9  308.7  9.10  16.18  -1.33  108.4
64328.0  2.3  978.1  110.8  310.6  8.23  17.02  -1.83  109.0
64329.0  1.7  978.3  110.8  311.6  7.21  17.50  -1.72  108.2
64330.0  2.3  978.2  111.0  312.7  7.61  16.96  -1.16  107.8
64331.0  3.0  978.3  110.9  314.2  8.34  15.76  -1.25  108.0
64332.0  2.7  978.2  110.8  316.0  7.96  15.29  -1.87  108.0
64333.0  2.1  978.2  110.9  317.1  6.99  15.56  -1.87  108.5
64334.0  1.9  977.8  111.1  317.8  6.57  14.99  -0.88  108.5
64335.0  2.2  978.1  111.4  319.1  6.53  14.25  -0.95  108.6
64336.0  2.5  978.0  111.6  321.2  6.75  14.21  -1.01  108.7
64337.0  3.1  977.8  111.6  323.7  7.31  14.39  -2.17  108.7
64338.0  3.0  978.4  111.5  325.1  7.21  14.36  -2.43  108.5
64339.0  1.8  977.7  111.7  325.1  6.17  13.52  -1.54  108.5
64340.0  2.2  977.6  112.1  325.2  6.31  12.02  -0.01  108.6
64341.0  2.9  977.8  112.3  326.8  6.80  11.33  -0.50  109.2
64342.0  2.6  977.7  112.3  329.4  6.55  11.17  -2.41  109.1
64343.0  2.1  978.1  112.6  330.9  6.00  11.35  -2.63  108.2
64344.0  1.9  978.1  112.9  331.2  5.63  12.03  -1.80  108.3
64345.0  2.4  977.9  113.3  331.8  5.83  12.00  -1.33  108.8
64346.0  2.9  978.1  113.5  333.1  6.03  11.52  -1.18  109.4
64347.0  2.7  977.8  113.7  334.9  5.93  11.00  -2.05  109.8
64348.0  2.3  978.2  114.0  336.4  5.58  11.33  -2.43  110.6
64349.0  1.9  977.6  114.3  337.1  5.19  11.85  -1.80  111.2
64350.0  2.3  977.8  114.6  337.9  5.62  11.72  -1.20  112.2
64351.0  2.6  977.7  114.7  339.5  5.94  11.92  -1.57  112.2
64352.0  2.7  977.5  114.8  341.6  6.26  12.43  -2.13  112.2
64353.0  2.5  977.9  114.8  343.0  6.41  12.18  -2.46  112.2
64354.0  2.3  977.9  114.8  344.0  6.72  11.91  -2.02  112.2
64355.0  2.6  977.6  114.8  344.8  7.11  11.79  -1.91  112.1
64356.0  2.4  977.7  114.7  345.9  7.31  12.22  -1.54  111.6
64357.0  2.7  977.9  114.6  347.3  7.51  12.18  -1.84  111.7
64358.0  2.3  977.6  114.4  348.7  7.52  11.83  -2.18  111.1
64359.0  2.8  977.7  114.3  349.7  7.96  10.97  -1.63  111.6
64360.0  2.8  977.9  114.0  351.0  8.43  11.07  -1.66  111.0
64361.0  2.4  977.8  113.7  352.5  8.39  11.13  -2.07  110.6
64362.0  2.4  977.4  113.5  353.7  8.34  11.07  -2.18  110.0
64363.0  2.6  977.6  113.3  354.5  8.62  10.86  -1.90  110.2
64364.0  3.0  977.5  112.9  355.3  9.02  9.91  -1.53  109.3
64365.0  2.4  977.9  112.6  356.5  8.97  9.03  -2.05  109.8
64366.0  2.5  977.6  112.3  357.6  9.02  9.20  -2.17  110.0
64367.0  2.5  977.7  111.9  358.2  9.06  9.81  -1.82  109.9
64368.0  2.4  977.7  111.6  358.9  9.01  9.80  -1.51  109.7
64369.0  2.4  977.5  111.4  359.9  8.93  9.40  -1.53  109.5
64370.0  2.2  977.5  111.1  1.1  8.77  8.92  -1.73  109.1
64371.0  2.3  977.6  111.0  2.1  8.24  8.78  -2.07  109.2
64372.0  2.3  977.5  110.9  2.8  7.77  8.59  -1.63  108.9
64373.0  2.1  977.5  110.9  3.5  7.39  8.06  -1.62  109.1
64374.0  2.2  977.8  111.0  4.6  7.03  8.32  -1.81  109.1
64375.0  2.4  977.8  111.1  5.8  6.64  9.24  -2.10  108.9
64376.0  2.2  977.4  111.2  6.8  6.00  10.09  -2.17  108.9
64377.0  2.1  977.8  111.5  7.6  5.44  10.44  -1.97  109.9
64378.0  2.1  977.6  111.9  8.5  5.02  10.24  -1.80  110.5
64379.0  2.5  977.7  112.2  9.8  5.18  11.03  -1.91  111.0
64380.0  2.8  977.8  112.4  11.4  5.46  13.67  -2.05  111.3
64381.0  2.9  977.4  112.6  12.9  5.81  15.37  -2.01  111.4
64382.0  2.8  977.6  112.6  14.5  6.08  15.50  -2.03  111.5
64383.0  2.7  977.7  112.7  16.5  6.15  15.21  -2.47  111.5
64384.0  2.6  977.4  112.7  18.3  6.14  15.09  -2.73  111.4
64385.0  2.4  977.5  112.7  19.6  5.96  15.01  -2.59  111.5
64386.0  2.4  977.7  112.9  20.8  5.72  15.11  -2.52  111.7
64387.0  2.5  977.6  113.0  22.1  5.74  15.18  -2.49  112.2
64388.0  2.6  977.8  113.1  23.5  5.83  15.17  -2.46  112.1
64389.0  2.2  977.6  113.3  24.9  5.57  15.09  -2.35  112.2
64390.0  2.4  977.5  113.5  26.5  5.50  14.81  -2.37  112.2
64391.0  2.4  977.9  113.6  28.1  5.61  14.62  -2.33  112.5
64392.0  2.6  977.5  113.8  29.9  5.75  14.68  -2.39  112.8
64393.0  2.7  977.7  113.8  31.7  5.87  14.92  -2.53  112.5
64394.0  2.9  977.8  113.8  33.4  6.32  15.08  -2.58  113.0
64395.0  2.9  977.6  113.7  35.0  6.65  15.13  -2.42  113.1
64396.0  2.7  977.8  113.6  36.5  6.82  14.97  -2.36  113.0
64397.0  2.7  977.6  113.5  38.1  7.05  14.79  -2.56  112.8
64398.0  2.5  977.5  113.3  39.6  7.25  14.72  -2.57  112.5
64399.0  2.4  977.4  113.2  40.9  7.36  14.53  -2.39  112.4
64400.0  2.4  977.6  113.0  41.9  7.53  14.33  -2.19  112.1
64401.0  2.7  977.6  112.9  42.5  7.91  14.07  -1.63  112.0
64402.0  2.7  977.9  112.7  43.3  8.19  13.39  -1.43  112.1
64403.0  2.6  977.8  112.4  44.6  8.18  12.72  -1.43  111.6
64404.0  2.6  977.8  112.3  46.1  8.19  12.38  -1.70  111.1
64405.0  2.7  977.1  112.1  47.5  8.29  12.07  -1.83  111.1
64406.0  2.7  977.4  111.8  48.5  8.43  11.72  -1.79  110.7
64407.0  2.6  977.8  111.6  49.4  8.53  11.38  -1.63  110.8
64408.0  2.5  977.4  111.4  50.3  8.37  11.01  -1.55  110.8
64409.0  2.6  977.3  111.2  51.4  8.29  10.59  -1.55  110.6
64410.0  2.7  977.5  111.1  52.5  8.35  10.19  -1.58  110.6
64411.0  2.8  977.8  110.9  53.6  8.52  9.80  -1.69  110.2
64412.0  2.8  977.8  110.6  54.6  8.66  9.51  -1.86  110.0
64413.0  2.8  977.8  110.4  55.5  8.77  9.22  -1.64  109.4
64414.0  2.7  977.5  110.1  56.5  8.85  9.18  -1.83  108.8
64415.0  2.4  977.6  110.0  57.4  8.30  9.58  -1.76  108.8
64416.0  2.1  977.6  110.0  58.1  7.45  10.01  -1.72  108.6
64417.0  2.2  977.8  110.1  58.8  7.08  10.41  -1.57  108.7
64418.0  2.5  977.5  110.3  59.7  7.00  10.54  -1.51  108.8
64419.0  2.8  978.0  110.4  60.8  7.15  10.48  -1.65  109.0
64420.0  3.0  977.9  110.4  62.0  7.44  10.49  -1.75  109.1
64421.0  3.1  977.9  110.4  63.1  7.66  10.58  -1.80  109.1
