flight/WP3D/AircraftPos_NP3_20130612_RA.ict
38  1001
Ken Aikin
NOAA ESRL Chemical Sciences Division
various aircraft sensors
SENEX 2013
1  1
2013  06  12  2013  06  12
1
AOCTimewave
5
1  1  1  1  1 
-9999  -9999  -9999  -9999  -9999
GpsLat  deg
GpsLon  deg
GpsAlt  m
PAlt  m
RAlt  m
1
SPECIAL COMMENTS:Atlanta flight.
18
PI_CONTACT_INFO: Address: NOAA ESRL Chemical Sciences Division  Mail Stop R/CSD7  325 Broadway  Boulder  CO 80305
PLATFORM: NOAA WP-3D
LOCATION: The aircraft was stationed in Smyrna  Tennessee. Aircraft location information in AircraftPosition file.
ASSOCIATED_DATA: N/A
INSTRUMENT_INFO: N/A
DATA_INFO: Units:GpsLat:decimal degrees; GpsLon: decimal degrees; GpsAlt: meters; PAlt:meters; RAlt: meters.
UNCERTAINTY: N/A
ULOD_FLAG: -7777
ULOD_VALUE: N/A
LLOD_FLAG: -8888
LLOD_VALUE: N/A
DM_CONTACT_INFO: Data Manager:Ken Aikin; email:Kenneth.C.Aikin@noaa.gov
PROJECT_INFO: SENEX 2013 Study; June 1 - July 15  2013
STIPULATIONS_ON_USE: Use of these data require prior ok from PI.
OTHER_COMMENTS:       None
REVISION: RA
RA: Preliminary Data.  For in-field use.
AOCTimewave  GpsLat  GpsLon  GpsAlt  PAlt  RAlt
[from data line 11637]
64935.0  33.6034   -83.6078    791.3    693.5    601.4
64936.0  33.6044   -83.6079    791.6    693.5    596.9
64937.0  33.6053   -83.6079    792.5    695.5    592.4
64938.0  33.6063   -83.6079    792.5    694.9    591.4
64939.0  33.6073   -83.6080    792.5    693.8    591.2
64940.0  33.6082   -83.6080    792.5    696.7    590.4
64941.0  33.6092   -83.6081    792.1    697.5    594.7
64942.0  33.6101   -83.6081    791.3    695.7    586.5
64943.0  33.6111   -83.6082    790.7    695.6    584.4
64944.0  33.6121   -83.6083    790.0    694.6    582.8
64945.0  33.6130   -83.6083    789.3    693.8    584.4
64946.0  33.6140   -83.6084    788.8    693.4    586.7
64947.0  33.6149   -83.6085    788.8    692.5    598.2
64948.0  33.6159   -83.6085    788.8    692.0    596.0
64949.0  33.6168   -83.6086    788.8    692.1    592.9
64950.0  33.6178   -83.6087    788.8    691.9    590.4
64951.0  33.6188   -83.6089    789.7    692.1    586.6
64952.0  33.6197   -83.6090    790.3    691.7    585.6
64953.0  33.6207   -83.6091    791.4    693.7    584.0
64954.0  33.6216   -83.6093    792.5    694.8    584.7
64955.0  33.6226   -83.6094    793.4    695.0    583.4
64956.0  33.6235   -83.6096    794.6    696.6    591.4
64957.0  33.6245   -83.6098    795.8    698.1    587.3
64958.0  33.6254   -83.6100    796.1    697.3    582.8
64959.0  33.6264   -83.6102    796.1    698.8    584.8
64960.0  33.6273   -83.6104    796.1    700.6    582.7
64961.0  33.6283   -83.6105    796.1    701.1    582.6
64962.0  33.6292   -83.6107    796.1    701.0    584.9
64963.0  33.6302   -83.6109    796.1    700.0    580.4
64964.0  33.6311   -83.6112    795.4    699.6    581.8
64965.0  33.6321   -83.6114    794.9    698.5    592.1
64966.0  33.6331   -83.6116    794.9    698.2    598.4
64967.0  33.6340   -83.6118    794.9    700.1    593.3
64968.0  33.6350   -83.6121    794.3    698.5    599.4
64969.0  33.6359   -83.6124    793.7    696.6    597.6
64970.0  33.6369   -83.6127    793.7    695.7    594.9
64971.0  33.6378   -83.6130    793.7    696.3    601.7
64972.0  33.6388   -83.6133    792.6    697.0    604.3
64973.0  33.6397   -83.6136    792.5    696.9    602.5
64974.0  33.6407   -83.6140    792.5    696.1    606.1
64975.0  33.6416   -83.6143    791.4    694.5    601.5
64976.0  33.6426   -83.6146    791.4    694.6    597.0
64977.0  33.6435   -83.6149    792.5    695.4    598.3
64978.0  33.6445   -83.6152    792.5    695.7    606.7
64979.0  33.6454   -83.6156    792.5    695.6    591.0
64980.0  33.6464   -83.6159    792.5    695.5    584.6
64981.0  33.6474   -83.6162    792.5    694.8    581.6
64982.0  33.6483   -83.6165    792.5    695.6    584.4
64983.0  33.6493   -83.6167    792.5    696.4    587.2
64984.0  33.6503   -83.6170    792.5    696.6    589.8
64985.0  33.6513   -83.6172    792.5    696.4    598.1
64986.0  33.6522   -83.6175    793.0    697.1    595.9
64987.0  33.6532   -83.6177    793.7    697.4    596.6
64988.0  33.6542   -83.6178    794.0    696.6    596.2
64989.0  33.6552   -83.6180    794.9    698.3    609.9
64990.0  33.6562   -83.6181    794.9    698.4    610.0
64991.0  33.6572   -83.6183    794.9    699.2    607.5
64992.0  33.6582   -83.6184    795.0    696.6    603.2
64993.0  33.6592   -83.6184    796.2    697.5    601.6
64994.0  33.6602   -83.6185    797.4    699.7    608.0
64995.0  33.6612   -83.6185    797.4    700.2    602.8
64996.0  33.6623   -83.6186    797.4    699.8    597.2
64997.0  33.6633   -83.6186    796.3    700.0    586.2
64998.0  33.6643   -83.6186    796.1    699.8    583.9
64999.0  33.6653   -83.6186    795.8    698.9    593.0
65000.0  33.6663   -83.6186    794.9    699.2    594.6
65001.0  33.6674   -83.6185    794.9    699.8    598.8
65002.0  33.6684   -83.6185    793.7    698.6    599.0
65003.0  33.6694   -83.6185    793.7    697.5    605.7
65004.0  33.6704   -83.6185    792.6    697.3    607.0
65005.0  33.6715   -83.6185    792.5    697.1    611.2
65006.0  33.6725   -83.6185    792.5    697.4    616.1
65007.0  33.6735   -83.6185    792.5    695.6    617.6
65008.0  33.6746   -83.6184    792.5    695.0    621.0
65009.0  33.6756   -83.6184    792.5    696.5    624.5
65010.0  33.6766   -83.6184    792.4    694.9    613.1
65011.0  33.6777   -83.6184    792.2    695.1    603.0
65012.0  33.6787   -83.6183    792.5    695.1    605.7
65013.0  33.6797   -83.6183    792.5    695.9    600.4
65014.0  33.6808   -83.6182    792.5    696.7    602.1
65015.0  33.6818   -83.6182    792.5    697.5    600.7
65016.0  33.6829   -83.6182    792.5    697.3    598.1
65017.0  33.6839   -83.6181    792.5    695.0    594.9
65018.0  33.6849   -83.6181    792.9    696.2    595.4
65019.0  33.6860   -83.6181    793.7    696.3    592.2
65020.0  33.6870   -83.6180    793.7    695.9    584.2
65021.0  33.6881   -83.6180    794.0    696.6    585.6
65022.0  33.6891   -83.6179    794.9    696.7    586.5
65023.0  33.6901   -83.6179    794.9    697.2    590.3
65024.0  33.6912   -83.6179    794.9    699.3    587.7
65025.0  33.6922   -83.6178    794.9    699.4    582.6
65026.0  33.6933   -83.6178    794.9    698.7    583.8
65027.0  33.6943   -83.6177    794.9    699.4    583.8
65028.0  33.6953   -83.6177    794.7    699.8    580.5
65029.0  33.6964   -83.6177    793.7    698.3    576.3
65030.0  33.6974   -83.6176    793.7    698.1    560.0
65031.0  33.6985   -83.6176    793.7    696.9    556.8
65032.0  33.6995   -83.6175    793.7    696.9    556.2
65033.0  33.7005   -83.6175    792.7    696.8    554.0
65034.0  33.7016   -83.6175    792.1    696.4    548.3
65035.0  33.7026   -83.6174    791.3    696.1    546.8
65036.0  33.7037   -83.6174    791.0    694.8    550.1
65037.0  33.7047   -83.6173    790.0    693.6    551.6
65038.0  33.7057   -83.6173    790.0    694.5    553.2
65039.0  33.7068   -83.6172    790.9    695.1    560.3
65040.0  33.7078   -83.6172    790.1    694.0    560.0
65041.0  33.7089   -83.6172    790.2    693.3    559.8
65042.0  33.7099   -83.6171    791.3    695.0    562.4
65043.0  33.7109   -83.6171    791.3    694.5    559.9
65044.0  33.7120   -83.6171    791.3    695.1    563.0
65045.0  33.7130   -83.6170    791.8    694.3    563.5
65046.0  33.7140   -83.6170    793.0    696.1    562.8
65047.0  33.7151   -83.6169    794.5    696.8    564.1
65048.0  33.7161   -83.6169    795.8    698.0    566.8
65049.0  33.7172   -83.6168    796.7    698.8    567.1
65050.0  33.7182   -83.6168    797.7    700.0    564.1
65051.0  33.7192   -83.6168    798.6    701.6    563.3
65052.0  33.7203   -83.6167    798.7    701.2    562.4
65053.0  33.7213   -83.6167    799.8    702.2    560.9
65054.0  33.7224   -83.6167    799.8    703.4    563.2
65055.0  33.7234   -83.6166    799.6    703.1    568.6
65056.0  33.7245   -83.6166    798.5    702.1    567.5
65057.0  33.7255   -83.6166    797.2    702.6    568.6
65058.0  33.7266   -83.6165    796.0    701.8    565.4
65059.0  33.7276   -83.6165    794.8    701.1    563.2
65060.0  33.7287   -83.6165    793.4    698.2    567.4
65061.0  33.7297   -83.6164    791.8    695.9    570.1
65062.0  33.7308   -83.6164    790.4    695.4    573.6
65063.0  33.7318   -83.6164    789.9    693.0    571.8
65064.0  33.7329   -83.6164    788.8    691.9    572.5
65065.0  33.7339   -83.6163    787.6    690.5    571.3
65066.0  33.7350   -83.6163    787.6    690.7    565.8
65067.0  33.7360   -83.6163    787.6    692.2    565.9
65068.0  33.7370   -83.6162    787.6    691.9    560.6
65069.0  33.7381   -83.6162    787.8    692.2    562.2
65070.0  33.7391   -83.6162    788.8    691.7    563.9
65071.0  33.7402   -83.6161    788.8    691.4    553.1
65072.0  33.7412   -83.6161    789.8    692.4    550.0
65073.0  33.7423   -83.6161    790.0    694.4    551.5
65074.0  33.7433   -83.6160    791.1    693.9    554.5
65075.0  33.7444   -83.6160    791.3    694.1    551.3
65076.0  33.7454   -83.6160    791.3    693.6    552.5
65077.0  33.7464   -83.6159    792.5    693.8    555.6
65078.0  33.7475   -83.6159    792.9    695.6    554.3
65079.0  33.7485   -83.6159    793.7    696.5    558.7
65080.0  33.7496   -83.6158    794.5    697.5    565.0
65081.0  33.7506   -83.6158    795.4    699.4    568.5
65082.0  33.7516   -83.6158    796.1    699.8    564.2
65083.0  33.7527   -83.6158    797.0    700.5    563.7
65084.0  33.7537   -83.6157    797.4    699.6    564.7
65085.0  33.7548   -83.6157    798.4    701.1    565.5
65086.0  33.7558   -83.6157    799.1    702.2    574.7
65087.0  33.7569   -83.6156    799.8    704.0    571.6
65088.0  33.7579   -83.6156    799.6    703.1    573.6
65089.0  33.7590   -83.6156    798.6    702.1    574.7
65090.0  33.7600   -83.6156    797.8    699.9    573.3
65091.0  33.7611   -83.6155    797.2    700.5    571.9
65092.0  33.7621   -83.6155    796.1    700.7    567.6
65093.0  33.7632   -83.6154    794.9    699.7    564.0
65094.0  33.7642   -83.6154    793.9    698.0    566.5
65095.0  33.7653   -83.6154    792.4    696.2    557.9
65096.0  33.7663   -83.6153    790.9    693.5    557.8
65097.0  33.7674   -83.6153    789.8    691.9    550.6
65098.0  33.7684   -83.6152    788.8    691.8    549.9
65099.0  33.7695   -83.6152    787.7    690.8    543.8
65100.0  33.7705   -83.6152    787.6    690.2    548.1
65101.0  33.7716   -83.6151    787.6    691.0    541.9
65102.0  33.7726   -83.6151    788.1    690.4    549.4
65103.0  33.7737   -83.6150    788.8    691.6    547.8
65104.0  33.7747   -83.6150    789.9    693.1    543.9
65105.0  33.7758   -83.6150    790.0    692.5    549.1
65106.0  33.7768   -83.6149    790.0    691.7    545.6
65107.0  33.7779   -83.6149    790.0    692.8    542.3
65108.0  33.7789   -83.6149    790.0    692.6    539.6
65109.0  33.7800   -83.6148    790.0    693.9    545.7
65110.0  33.7810   -83.6148    790.0    694.5    547.2
65111.0  33.7820   -83.6148    790.6    693.9    551.2
65112.0  33.7831   -83.6147    791.3    694.7    554.4
65113.0  33.7841   -83.6147    791.6    694.4    557.5
65114.0  33.7852   -83.6147    792.5    696.2    555.7
65115.0  33.7862   -83.6146    793.2    696.0    557.8
65116.0  33.7873   -83.6146    793.7    696.3    560.5
65117.0  33.7883   -83.6146    793.7    697.2    561.5
65118.0  33.7893   -83.6145    793.7    697.0    563.3
65119.0  33.7904   -83.6145    793.7    696.3    563.5
65120.0  33.7914   -83.6145    793.7    696.3    562.2
65121.0  33.7925   -83.6144    793.7    696.2    563.4
65122.0  33.7935   -83.6144    793.7    696.4    561.5
65123.0  33.7945   -83.6144    793.7    696.3    563.5
65124.0  33.7956   -83.6143    792.8    695.7    565.8
65125.0  33.7966   -83.6143    792.5    694.9    568.6
65126.0  33.7976   -83.6142    792.5    695.1    569.5
65127.0  33.7987   -83.6142    791.6    694.4    575.5
65128.0  33.7997   -83.6142    791.3    693.0    578.4
65129.0  33.8007   -83.6141    791.1    693.5    577.7
65130.0  33.8018   -83.6141    790.0    692.9    576.3
65131.0  33.8028   -83.6140    790.0    692.8    574.8
65132.0  33.8038   -83.6140    790.0    692.2    578.5
65133.0  33.8049   -83.6139    790.0    692.8    572.5
65134.0  33.8059   -83.6139    790.0    692.8    572.0
65135.0  33.8069   -83.6139    790.0    692.3    575.1
65136.0  33.8079   -83.6138    790.0    692.7    575.3
65137.0  33.8090   -83.6138    790.0    692.8    570.1
65138.0  33.8100   -83.6137    790.0    692.5    565.3
65139.0  33.8110   -83.6137    790.0    692.6    566.3
65140.0  33.8120   -83.6137    790.0    692.5    568.8
65141.0  33.8131   -83.6136    790.0    693.0    565.9
65142.0  33.8141   -83.6136    791.2    692.4    562.1
65143.0  33.8151   -83.6135    791.3    693.3    565.2
65144.0  33.8161   -83.6135    791.3    693.5    565.3
65145.0  33.8171   -83.6134    791.3    692.4    553.9
65146.0  33.8182   -83.6134    792.0    694.6    556.2
65147.0  33.8192   -83.6134    792.5    695.7    554.3
65148.0  33.8202   -83.6133    793.3    696.0    553.6
65149.0  33.8212   -83.6133    794.3    697.0    554.4
65150.0  33.8222   -83.6133    794.9    698.0    554.3
65151.0  33.8232   -83.6132    795.7    698.6    552.0
65152.0  33.8243   -83.6132    796.1    700.0    549.9
65153.0  33.8253   -83.6132    796.1    699.8    554.2
65154.0  33.8263   -83.6131    796.1    699.2    557.9
65155.0  33.8273   -83.6131    796.1    699.6    558.7
65156.0  33.8283   -83.6130    795.5    699.4    566.9
65157.0  33.8293   -83.6130    794.9    698.1    560.5
65158.0  33.8304   -83.6130    794.3    698.7    557.0
65159.0  33.8314   -83.6129    793.7    696.8    559.3
65160.0  33.8324   -83.6129    793.7    696.5    563.9
65161.0  33.8334   -83.6129    793.7    697.2    562.3
65162.0  33.8344   -83.6128    794.6    696.4    563.9
65163.0  33.8354   -83.6128    794.9    697.5    568.1
65164.0  33.8365   -83.6127    794.9    698.0    574.8
65165.0  33.8375   -83.6127    794.9    697.3    575.2
65166.0  33.8385   -83.6127    794.9    698.7    574.5
65167.0  33.8395   -83.6126    795.1    698.4    575.6
65168.0  33.8405   -83.6126    796.1    698.0    572.0
65169.0  33.8415   -83.6125    796.1    697.6    569.2
65170.0  33.8426   -83.6125    796.1    697.7    568.7
65171.0  33.8436   -83.6125    796.1    696.9    574.2
65172.0  33.8446   -83.6124    796.1    698.4    566.2
65173.0  33.8456   -83.6124    796.1    697.9    572.1
65174.0  33.8466   -83.6124    796.0    696.8    563.3
65175.0  33.8477   -83.6123    794.9    696.7    557.0
65176.0  33.8487   -83.6123    794.9    695.4    560.1
65177.0  33.8497   -83.6123    794.9    695.1    565.8
65178.0  33.8507   -83.6122    794.5    696.5    561.3
65179.0  33.8518   -83.6122    793.7    697.4    559.3
65180.0  33.8528   -83.6122    793.7    697.1    559.0
65181.0  33.8538   -83.6121    793.7    697.0    561.2
65182.0  33.8548   -83.6121    793.7    697.1    551.2
65183.0  33.8559   -83.6120    792.8    696.9    553.3
65184.0  33.8569   -83.6120    792.5    697.3    554.6
65185.0  33.8579   -83.6120    792.5    698.1    552.7
65186.0  33.8590   -83.6119    793.6    697.3    554.8
65187.0  33.8600   -83.6119    793.7    696.2    564.0
65188.0  33.8610   -83.6119    793.7    696.6    558.7
65189.0  33.8620   -83.6118    793.7    696.3    560.2
65190.0  33.8631   -83.6118    794.4    698.1    557.9
65191.0  33.8641   -83.6118    795.2    698.6    554.7
65192.0  33.8651   -83.6117    796.4    699.0    561.5
65193.0  33.8662   -83.6117    797.7    699.9    567.9
65194.0  33.8672   -83.6117    798.3    700.5    570.3
65195.0  33.8682   -83.6117    797.4    700.0    565.1
65196.0  33.8693   -83.6116    797.4    701.7    567.5
65197.0  33.8703   -83.6116    797.4    700.8    563.9
65198.0  33.8713   -83.6116    796.7    700.0    565.6
65199.0  33.8724   -83.6115    795.4    697.3    566.5
65200.0  33.8734   -83.6115    794.1    697.1    570.4
65201.0  33.8744   -83.6115    792.7    695.1    569.3
65202.0  33.8755   -83.6115    791.7    694.1    576.2
65203.0  33.8765   -83.6114    791.3    694.0    574.4
65204.0  33.8775   -83.6114    791.3    695.0    580.7
65205.0  33.8786   -83.6114    791.3    694.8    581.8
65206.0  33.8796   -83.6113    791.3    694.4    583.2
65207.0  33.8806   -83.6113    791.3    694.1    582.2
65208.0  33.8817   -83.6113    790.9    694.2    580.3
65209.0  33.8827   -83.6113    790.0    692.4    577.8
65210.0  33.8838   -83.6112    790.0    692.7    573.0
65211.0  33.8848   -83.6112    790.5    693.6    569.1
65212.0  33.8858   -83.6112    790.1    693.5    564.5
65213.0  33.8869   -83.6111    790.8    693.4    565.6
65214.0  33.8879   -83.6111    791.3    694.4    562.7
65215.0  33.8890   -83.6111    791.3    693.2    562.0
65216.0  33.8900   -83.6110    791.3    691.5    562.0
65217.0  33.8910   -83.6110    791.3    694.8    567.3
65218.0  33.8921   -83.6110    791.3    694.3    571.9
65219.0  33.8931   -83.6109    792.5    694.5    567.8
65220.0  33.8942   -83.6109    792.5    694.4    560.4
65221.0  33.8952   -83.6109    793.0    694.6    554.4
65222.0  33.8962   -83.6108    793.7    694.8    562.6
65223.0  33.8973   -83.6108    793.7    695.4    563.1
65224.0  33.8983   -83.6108    793.7    697.1    559.1
