flight/WP3D/AircraftMis_NP3_20130622_RA.ict
43  1001
Ken Aikin
NOAA ESRL Chemical Sciences Division
various aircraft sensors
SENEX 2013
1  1
2013  06  22  2013  06  22
1
AOCTimewave
8
1  1  1  1  1  1  1  1
-9999  -9999  -9999  -9999  -9999  -9999  -9999  -9999
Attack  deg
CabinPrs  mbar
GndSpd  m/s
Heading  deg
Pitch  deg
Roll  deg
Slip  deg
TrueAirSpd  m/s
3
SPECIAL COMMENTS:Atlanta flight. AOC data system crash between 20:45:42 and 21:09:09. 
New TDL Dew Pt Temp instrument for this flight.
No H2O  PoTemp  H2Omr from takeoff until about 1615 for now. Order of parameters in AOC data stream had been changed. Switched back at 16:15.
18
PI_CONTACT_INFO: Address: NOAA ESRL Chemical Sciences Division  Mail Stop R/CSD7  325 Broadway  Boulder  CO 80305
PLATFORM: NOAA WP-3D
LOCATION: The aircraft was stationed in  Smyrna  Tennessee. Aircraft location information in AircraftPosition file.
ASSOCIATED_DATA: N/A
INSTRUMENT_INFO: N/A
DATA_INFO: Units: Attack degrees; CabinPrs millibar; GndSpd m/s; Heading degrees; Pitch degrees; Roll degrees; Slip degrees; TrueAirSpd m/s
UNCERTAINTY: N/A
ULOD_FLAG: -7777
ULOD_VALUE: N/A
LLOD_FLAG: -8888
LLOD_VALUE: N/A
DM_CONTACT_INFO: Data Manager:Ken Aikin; email:Kenneth.C.Aikin@noaa.gov
PROJECT_INFO: SENEX 2013 Study; June 1 - July 15  2013
STIPULATIONS_ON_USE: Use of these data require prior ok from PI.
OTHER_COMMENTS:       None
REVISION: RA
RA: Preliminary Data.  For in-field use.
AOCTimewave  Attack  CabinPrs  GndSpd  Heading  Pitch  Roll  Slip  TrueAirSpd
[from data line 22697]
76774.0  1.2  971.3  124.2  359.1  1.35  0.31  -0.52  123.0
76775.0  1.2  971.1  124.2  359.3  1.30  -0.10  -0.58  123.3
76776.0  1.2  971.1  124.1  359.3  1.30  -0.56  -0.59  123.4
76777.0  1.2  971.3  124.1  359.2  1.26  -0.39  -0.50  123.2
76778.0  1.2  970.9  124.1  359.2  1.31  -0.13  -0.43  122.9
76779.0  1.1  971.4  124.0  359.4  1.23  -0.01  -0.48  122.7
76780.0  1.2  971.1  124.0  359.5  1.30  -0.02  -0.56  122.7
76781.0  1.2  971.5  124.0  359.5  1.38  0.07  -0.59  122.6
76782.0  1.3  971.1  123.9  359.5  1.44  0.34  -0.51  122.7
76783.0  1.3  971.2  123.9  359.5  1.39  0.31  -0.51  122.7
76784.0  1.3  971.3  123.8  359.7  1.39  -0.04  -0.58  122.4
76785.0  1.3  970.9  123.8  359.7  1.42  -0.49  -0.57  122.3
76786.0  1.2  971.2  123.8  359.7  1.31  -0.62  -0.56  122.3
76787.0  1.3  970.9  123.8  359.6  1.35  -0.56  -0.64  122.3
76788.0  1.3  971.6  123.7  359.5  1.35  -0.78  -0.59  122.2
76789.0  1.2  971.1  123.7  359.4  1.36  -1.00  -0.53  122.3
76790.0  1.2  971.3  123.7  359.4  1.39  -0.25  -0.47  122.4
76791.0  1.3  971.0  123.6  359.4  1.52  0.01  -0.43  122.4
76792.0  1.2  971.1  123.6  359.5  1.44  -0.46  -0.51  122.5
76793.0  1.3  971.1  123.5  359.6  1.48  -0.55  -0.55  122.5
76794.0  1.3  971.2  123.5  359.6  1.52  -0.54  -0.47  122.4
76795.0  1.3  971.5  123.4  359.6  1.46  -0.67  -0.50  122.5
76796.0  1.3  971.2  123.4  359.7  1.41  -0.60  -0.62  122.6
76797.0  1.3  970.9  123.3  359.6  1.36  -0.63  -0.66  122.4
76798.0  1.3  971.6  123.3  359.5  1.36  -0.60  -0.57  122.5
76799.0  1.2  970.9  123.3  359.5  1.25  -0.49  -0.58  122.5
76800.0  1.2  971.1  123.3  359.5  1.26  -0.33  -0.59  122.4
76801.0  1.2  971.0  123.3  359.4  1.28  -0.36  -0.52  122.5
76802.0  1.0  970.6  123.2  359.4  0.98  -0.65  -0.54  122.5
76803.0  0.9  971.2  123.3  359.4  0.66  -0.58  -0.55  122.8
76804.0  1.0  971.2  123.3  359.3  0.46  -0.67  -0.41  122.9
76805.0  1.1  971.4  123.5  359.4  0.44  -0.96  -0.45  123.2
76806.0  1.0  971.4  123.6  359.4  0.17  -0.49  -0.55  123.5
76807.0  0.9  971.2  123.7  359.4  -0.17  -0.62  -0.47  123.7
76808.0  0.9  971.3  123.9  359.4  -0.45  -0.91  -0.53  124.1
76809.0  0.9  971.3  124.1  359.4  -0.71  -0.63  -0.54  124.2
76810.0  0.8  971.3  124.4  359.3  -1.15  -0.74  -0.53  124.5
76811.0  1.1  971.2  124.7  359.3  -1.07  -0.68  -0.44  124.9
76812.0  1.3  971.3  125.0  359.3  -0.72  -0.92  -0.45  125.2
76813.0  1.0  971.2  125.3  359.4  -0.67  -0.69  -0.49  125.4
76814.0  1.2  971.6  125.5  359.3  -0.55  -0.39  -0.28  125.4
76815.0  1.0  970.8  125.7  359.5  -0.56  -0.72  -0.62  125.8
76816.0  0.9  971.0  125.9  359.4  -0.87  -1.18  -0.49  126.2
76817.0  0.9  971.1  126.2  359.3  -1.13  -1.86  -0.36  126.1
76818.0  1.0  971.2  126.5  359.3  -1.05  -2.36  -0.49  126.5
76819.0  0.9  971.5  126.8  359.2  -1.18  -2.84  -0.62  126.7
76820.0  0.9  971.3  127.1  359.0  -1.27  -3.11  -0.57  127.0
76821.0  0.9  971.3  127.4  358.7  -1.40  -3.01  -0.60  127.2
76822.0  0.7  971.4  127.7  358.5  -1.78  -2.86  -0.52  127.5
76823.0  0.9  971.5  128.1  358.2  -1.70  -2.43  -0.56  127.8
76824.0  0.9  971.7  128.4  358.0  -1.66  -1.94  -0.49  127.9
76825.0  0.8  971.6  128.8  357.9  -1.79  -1.35  -0.37  128.4
76826.0  1.0  971.5  129.1  357.9  -1.62  -1.43  -0.39  128.8
76827.0  0.8  971.5  129.4  357.9  -1.73  -1.31  -0.44  129.0
76828.0  0.8  971.5  129.8  357.8  -1.89  -1.02  -0.35  129.2
76829.0  1.2  971.4  130.1  357.9  -1.14  -0.82  -0.42  129.9
76830.0  1.6  971.2  130.3  358.0  -0.01  -0.30  -0.53  129.6
76831.0  1.5  970.8  130.4  358.1  0.89  -0.24  -0.55  129.7
76832.0  1.0  970.9  130.2  358.2  0.82  -0.52  -0.58  129.6
76833.0  0.5  970.8  130.2  358.1  0.28  -0.71  -0.48  129.5
76834.0  0.9  970.6  130.1  358.1  0.45  -0.40  -0.36  129.4
76835.0  0.9  971.1  130.1  358.2  0.51  -0.07  -0.52  129.5
76836.0  0.8  970.8  130.0  358.2  0.44  -0.15  -0.41  129.6
76837.0  0.9  970.6  129.9  358.3  0.52  -0.30  -0.37  129.7
76838.0  0.8  970.9  129.9  358.4  0.56  -0.49  -0.51  129.7
76839.0  0.8  971.0  129.8  358.4  0.58  -0.55  -0.59  129.6
76840.0  0.9  970.7  129.7  358.3  0.66  -0.64  -0.46  129.3
76841.0  0.8  970.8  129.6  358.3  0.52  -0.70  -0.54  129.4
76842.0  0.3  970.9  129.6  358.3  -0.31  -0.94  -0.43  129.2
76843.0  0.4  970.7  129.7  358.2  -0.79  -1.41  -0.47  129.2
76844.0  0.5  970.8  129.8  358.2  -1.08  -1.02  -0.46  129.2
76845.0  0.7  971.1  130.0  358.1  -1.12  -1.31  -0.47  129.1
76846.0  0.6  971.1  130.2  358.1  -1.40  -0.96  -0.44  129.1
76847.0  0.6  971.3  130.5  358.1  -1.66  -0.28  -0.31  129.5
76848.0  0.5  970.7  130.8  358.3  -2.08  -0.25  -0.47  130.0
76849.0  0.6  970.8  131.1  358.3  -2.26  -0.32  -0.55  130.5
76850.0  1.2  971.1  131.5  358.3  -1.40  -0.44  -0.55  130.4
76851.0  1.4  970.9  131.7  358.3  -0.53  -0.27  -0.53  130.5
76852.0  1.3  971.2  131.8  358.3  0.20  -0.56  -0.55  129.9
76853.0  1.2  970.9  131.8  358.4  0.78  -0.37  -0.58  130.1
76854.0  1.0  971.0  131.7  358.3  0.91  -0.22  -0.44  130.0
76855.0  0.7  970.7  131.6  358.4  0.56  -0.36  -0.54  130.1
76856.0  0.7  970.7  131.5  358.4  0.40  -0.14  -0.56  130.3
76857.0  0.8  970.7  131.4  358.3  0.50  -0.22  -0.51  130.3
76858.0  0.8  970.8  131.3  358.3  0.38  0.53  -0.44  130.3
76859.0  0.8  971.2  131.3  358.4  0.33  1.76  -0.47  131.0
76860.0  0.8  970.6  131.2  358.6  0.35  2.53  -0.49  131.2
76861.0  0.7  970.6  131.1  358.8  0.22  3.03  -0.40  130.9
76862.0  0.8  970.5  131.0  359.1  0.18  3.63  -0.43  130.9
76863.0  0.8  970.5  130.9  359.4  0.23  4.12  -0.52  131.0
76864.0  0.6  970.8  130.9  359.8  0.11  4.21  -0.51  130.7
76865.0  0.6  970.5  130.8  0.0  0.14  4.04  -0.42  130.4
76866.0  0.7  970.5  130.7  0.4  0.34  4.07  -0.41  130.4
76867.0  0.8  971.0  130.6  0.8  0.39  4.01  -0.50  130.4
76868.0  0.7  970.8  130.5  1.1  0.39  2.74  -0.54  130.4
76869.0  0.8  970.6  130.4  1.3  0.48  1.37  -0.57  130.1
76870.0  0.8  970.9  130.4  1.4  0.45  0.86  -0.52  130.0
76871.0  0.8  970.6  130.3  1.4  0.48  0.16  -0.47  129.9
76872.0  0.8  970.5  130.2  1.5  0.55  0.06  -0.37  130.0
76873.0  0.8  970.8  130.1  1.6  0.51  -0.06  -0.44  130.0
76874.0  0.8  970.7  130.0  1.7  0.55  0.02  -0.48  130.2
76875.0  0.8  970.5  129.9  1.7  0.63  0.35  -0.38  129.9
76876.0  0.7  970.3  129.8  1.9  0.60  0.96  -0.39  130.1
76877.0  0.8  970.7  129.7  2.0  0.67  0.98  -0.35  129.8
76878.0  0.9  970.5  129.6  2.2  0.79  -0.10  -0.48  129.8
76879.0  0.8  970.5  129.5  2.3  0.67  -0.50  -0.53  129.7
76880.0  0.8  970.6  129.4  2.2  0.70  -0.74  -0.38  129.5
76881.0  0.8  970.7  129.3  2.3  0.67  -0.46  -0.45  129.5
76882.0  0.8  970.5  129.2  2.4  0.74  -0.04  -0.55  129.6
76883.0  0.8  970.3  129.1  2.3  0.75  0.03  -0.57  129.4
76884.0  0.8  970.6  129.0  2.2  0.84  -0.08  -0.50  129.5
76885.0  0.8  970.8  128.9  2.3  0.80  0.01  -0.46  129.3
76886.0  0.8  970.5  128.8  2.3  0.85  0.09  -0.52  129.2
76887.0  0.8  970.9  128.6  2.3  0.83  0.02  -0.41  129.2
76888.0  0.8  970.3  128.5  2.4  0.86  -0.25  -0.37  128.9
76889.0  0.8  970.8  128.4  2.5  0.98  -0.66  -0.47  128.8
76890.0  0.8  970.5  128.3  2.5  1.00  -1.07  -0.51  128.7
76891.0  0.9  970.5  128.2  2.4  1.02  -1.30  -0.45  128.7
76892.0  0.8  970.3  128.0  2.4  0.97  -1.61  -0.50  128.7
76893.0  0.8  970.6  127.9  2.3  0.97  -1.95  -0.54  128.6
76894.0  0.9  970.2  127.8  2.1  1.01  -2.01  -0.45  128.5
76895.0  0.9  970.7  127.7  2.0  0.99  -0.82  -0.37  128.4
76896.0  0.9  970.3  127.6  2.0  0.89  0.07  -0.38  128.3
76897.0  0.9  970.6  127.5  2.1  0.84  -0.17  -0.48  128.2
76898.0  0.9  970.1  127.4  2.1  0.91  -0.37  -0.52  128.1
76899.0  0.8  970.5  127.3  2.1  0.90  -0.48  -0.47  127.9
76900.0  0.9  970.3  127.2  2.0  0.92  -0.46  -0.57  127.9
76901.0  0.9  970.8  127.1  2.0  0.87  -0.92  -0.50  127.7
76902.0  0.8  970.7  127.0  1.9  0.79  -1.97  -0.51  127.5
76903.0  0.9  970.4  127.0  1.8  0.84  -2.52  -0.50  127.4
76904.0  0.9  970.9  126.9  1.6  0.83  -2.53  -0.39  127.3
76905.0  0.9  970.5  126.9  1.4  0.92  -2.22  -0.32  127.0
76906.0  0.9  970.9  126.8  1.4  0.87  -2.61  -0.57  127.2
76907.0  1.0  970.5  126.8  1.2  0.87  -1.74  -0.55  127.3
76908.0  0.9  971.0  126.7  1.0  0.83  -0.25  -0.40  127.2
76909.0  0.9  970.4  126.6  1.1  0.87  0.38  -0.36  126.9
76910.0  0.9  970.7  126.5  1.3  0.83  0.43  -0.45  126.8
76911.0  1.0  970.8  126.5  1.4  0.89  0.23  -0.53  126.8
76912.0  0.9  970.4  126.4  1.4  0.88  -0.05  -0.50  126.8
76913.0  0.9  970.4  126.3  1.4  0.84  -0.21  -0.47  126.8
76914.0  0.9  970.7  126.3  1.4  0.87  -0.18  -0.47  126.6
76915.0  0.9  970.7  126.2  1.4  0.92  -0.21  -0.45  126.5
76916.0  0.9  970.2  126.1  1.5  0.94  -0.33  -0.44  126.3
76917.0  0.9  970.7  126.1  1.6  0.95  -0.44  -0.45  126.1
76918.0  1.0  970.7  126.0  1.6  0.95  -0.44  -0.50  126.1
76919.0  1.0  970.2  125.9  1.6  1.03  -0.51  -0.44  126.0
76920.0  1.0  970.8  125.8  1.7  1.01  -0.63  -0.41  125.7
76921.0  1.0  970.6  125.8  1.7  1.03  -0.60  -0.46  125.5
76922.0  1.0  970.3  125.7  1.7  1.09  -0.56  -0.52  125.3
76923.0  1.1  970.6  125.6  1.7  1.15  -0.70  -0.46  125.2
76924.0  1.0  970.3  125.6  1.7  1.02  -0.71  -0.48  125.1
76925.0  1.1  970.5  125.5  1.7  1.08  -0.62  -0.45  125.0
76926.0  0.9  970.9  125.5  1.7  0.98  -0.73  -0.52  125.1
76927.0  0.9  970.2  125.4  1.6  0.95  -0.85  -0.51  125.1
76928.0  1.0  970.5  125.4  1.5  1.09  -0.77  -0.57  125.0
76929.0  0.9  970.3  125.3  1.4  1.01  -0.41  -0.31  125.2
76930.0  0.8  970.5  125.3  1.5  0.82  -0.91  -0.52  124.3
76931.0  0.8  970.2  125.2  1.7  0.70  -1.44  -0.92  124.8
76932.0  0.9  970.6  125.2  1.5  0.51  -1.30  -0.81  125.6
76933.0  0.9  970.6  124.8  1.5  0.28  -0.02  -0.54  125.3
76934.0  0.8  970.7  124.2  1.8  -0.27  3.01  -0.51  124.9
76935.0  0.9  970.4  123.7  2.5  -0.74  7.33  -0.54  124.2
76936.0  1.3  970.8  123.1  3.3  -0.64  11.59  -0.42  123.6
76937.0  1.7  970.5  122.5  4.6  -0.15  12.89  -0.49  123.1
76938.0  1.8  971.2  121.8  6.1  0.20  12.45  -0.84  122.6
76939.0  1.3  970.5  121.0  7.3  -0.49  13.86  -0.96  122.1
76940.0  1.0  970.5  120.4  8.0  -1.40  16.10  -0.54  121.8
76941.0  1.5  970.5  119.8  9.3  -1.30  17.36  -0.33  121.1
76942.0  2.0  970.5  119.2  11.3  -0.84  17.25  -0.62  120.5
76943.0  1.7  970.6  118.6  13.1  -1.29  17.33  -1.00  120.3
76944.0  1.6  970.6  118.1  14.6  -1.40  18.89  -0.83  120.0
76945.0  2.0  970.5  117.5  16.2  -0.82  19.58  -0.57  119.3
76946.0  1.9  970.8  116.9  17.9  -1.03  19.85  -0.53  118.8
76947.0  1.5  970.9  116.3  19.8  -1.62  21.39  -0.66  118.7
76948.0  2.1  970.1  115.7  22.0  -1.26  21.87  -0.79  118.2
76949.0  2.1  970.8  115.1  24.0  -1.29  21.58  -0.92  117.9
76950.0  2.0  970.5  114.6  26.0  -1.41  21.80  -0.86  117.6
76951.0  2.1  970.2  114.1  27.9  -1.41  21.97  -0.70  117.2
76952.0  2.1  970.7  113.6  29.9  -1.54  21.93  -0.69  116.9
76953.0  2.5  972.3  113.2  32.3  -1.13  21.21  -0.84  116.6
76954.0  1.9  970.2  112.9  34.3  -1.64  21.84  -0.91  116.4
76955.0  1.6  970.3  112.7  35.8  -2.30  22.90  -0.64  116.3
76956.0  2.1  970.0  112.6  37.9  -1.88  22.80  -0.44  116.3
76957.0  1.8  970.2  112.6  40.0  -2.36  23.33  -0.54  116.3
76958.0  2.1  970.0  112.6  42.5  -2.31  23.94  -0.73  116.4
76959.0  2.7  970.3  112.5  45.1  -1.55  23.55  -0.81  116.2
76960.0  2.3  970.2  112.5  47.4  -1.52  23.46  -0.82  116.2
76961.0  2.0  970.3  112.4  49.4  -1.75  24.01  -0.71  116.3
76962.0  2.0  970.2  112.3  51.4  -1.75  24.13  -0.57  116.3
76963.0  2.0  970.0  112.2  53.6  -1.84  23.49  -0.62  116.4
76964.0  2.2  970.1  112.2  56.0  -1.69  21.90  -0.98  116.4
76965.0  1.9  969.9  112.2  57.9  -1.83  21.25  -1.08  116.4
76966.0  1.7  969.9  112.2  59.4  -1.92  21.64  -0.63  116.6
76967.0  2.1  970.0  112.1  61.3  -1.52  21.56  -0.33  116.7
76968.0  1.8  969.9  112.1  63.4  -1.85  20.89  -0.38  116.9
76969.0  1.8  969.5  112.2  65.6  -2.34  20.37  -0.83  117.1
76970.0  2.2  970.1  112.2  67.8  -2.10  20.02  -1.05  117.3
76971.0  2.7  970.4  112.3  69.7  -1.21  19.34  -0.96  117.0
76972.0  2.3  969.8  112.2  71.2  -1.14  19.96  -0.46  116.7
76973.0  2.0  969.7  112.1  72.8  -1.42  20.51  -0.28  116.7
76974.0  2.1  969.9  112.1  75.0  -1.25  19.95  -0.64  116.6
76975.0  1.9  969.5  112.0  77.1  -1.42  20.33  -0.77  116.6
76976.0  2.0  969.8  111.9  78.9  -1.21  20.79  -0.63  116.7
76977.0  1.8  969.8  111.7  80.7  -1.35  21.19  -0.46  116.9
76978.0  1.5  969.8  111.6  82.5  -1.91  21.65  -0.38  116.8
76979.0  1.7  969.9  111.6  84.6  -2.05  22.05  -0.40  116.7
76980.0  2.0  969.9  111.6  86.9  -1.75  21.87  -0.53  116.5
76981.0  2.3  970.0  111.5  89.3  -1.31  20.85  -0.65  115.9
76982.0  2.1  970.1  111.5  91.3  -1.32  19.63  -0.69  115.7
76983.0  1.6  969.9  111.4  92.9  -1.89  18.88  -0.60  115.7
76984.0  1.5  969.9  111.3  94.5  -2.35  18.68  -0.54  115.8
76985.0  1.9  969.3  111.3  96.4  -2.04  19.14  -0.58  115.6
76986.0  1.9  970.1  111.4  98.3  -2.09  20.04  -0.60  115.6
76987.0  1.7  969.5  111.6  100.2  -2.44  21.24  -0.69  115.8
76988.0  2.2  969.8  111.7  102.4  -1.86  20.95  -0.80  115.8
76989.0  1.9  969.8  111.9  104.3  -2.03  21.33  -0.76  115.8
76990.0  1.5  969.8  112.0  105.8  -2.76  22.47  -0.51  116.0
76991.0  1.9  969.6  112.2  107.9  -2.69  23.17  -0.44  116.2
76992.0  2.2  969.5  112.5  110.4  -2.28  23.17  -0.53  116.4
76993.0  2.3  969.5  112.7  112.9  -1.97  23.01  -0.78  116.5
76994.0  2.1  969.6  112.9  115.1  -2.00  23.13  -0.89  116.4
76995.0  1.5  969.2  113.0  116.8  -2.58  24.01  -0.50  116.8
76996.0  1.9  969.5  113.1  118.8  -2.50  24.20  -0.24  116.7
76997.0  2.1  969.2  113.2  121.4  -2.19  23.48  -0.64  116.8
76998.0  2.1  969.5  113.3  123.7  -2.13  23.13  -0.77  116.7
76999.0  2.0  969.8  113.4  125.8  -1.93  22.91  -0.79  116.7
77000.0  2.1  969.2  113.5  127.8  -1.61  22.83  -0.60  116.3
77001.0  2.0  969.5  113.5  129.8  -1.53  22.54  -0.55  116.3
77002.0  1.8  969.2  113.6  131.7  -1.78  22.25  -0.48  116.1
77003.0  2.4  969.3  113.6  133.8  -0.90  21.70  -0.25  115.8
77004.0  2.3  968.9  113.6  136.0  -0.76  21.32  -0.49  115.8
77005.0  1.6  969.5  113.6  137.8  -1.69  21.84  -0.77  116.0
77006.0  1.8  968.9  113.6  139.5  -1.62  22.39  -0.55  115.9
77007.0  2.0  969.5  113.6  141.3  -1.31  22.36  -0.38  116.0
77008.0  2.1  968.7  113.6  143.3  -1.28  22.36  -0.45  115.8
77009.0  1.6  969.1  113.5  145.3  -1.85  22.29  -0.58  115.9
77010.0  1.4  969.4  113.5  147.2  -2.80  22.44  -0.79  115.7
77011.0  1.3  969.1  113.6  149.0  -3.39  22.57  -0.65  115.8
77012.0  1.7  969.2  113.8  151.0  -3.59  22.71  -0.67  116.5
77013.0  1.5  969.8  114.0  153.0  -3.85  22.77  -0.32  117.6
77014.0  1.7  969.2  114.2  155.3  -4.03  22.51  -0.82  118.1
77015.0  1.8  969.2  114.5  157.5  -3.91  23.03  -0.71  117.7
77016.0  2.5  969.2  114.8  160.0  -3.22  22.60  -0.58  117.2
77017.0  2.5  969.0  115.1  162.4  -3.22  21.77  -0.93  116.7
77018.0  1.7  968.8  115.2  164.3  -3.94  21.84  -0.77  116.5
77019.0  2.2  969.2  115.3  166.4  -3.85  21.26  -1.11  116.6
77020.0  2.1  969.1  115.6  168.4  -3.61  20.51  -0.96  117.5
77021.0  1.2  968.2  115.6  170.0  -4.05  20.19  -0.83  117.6
77022.0  2.0  969.2  115.7  172.0  -3.76  20.23  -0.52  118.0
77023.0  2.0  969.0  115.9  174.5  -3.24  19.73  -1.30  117.5
77024.0  1.7  968.8  115.9  176.3  -3.13  19.85  -1.33  117.7
77025.0  1.8  968.6  116.0  177.7  -2.86  21.74  -0.93  116.9
77026.0  1.9  969.2  115.9  179.4  -2.47  22.04  0.24  116.2
77027.0  2.2  969.2  115.9  182.2  -2.48  20.21  -0.83  115.8
77028.0  1.5  969.1  115.9  184.5  -3.33  19.39  -1.57  115.4
77029.0  1.5  969.3  115.9  185.8  -3.71  19.52  -1.19  115.3
77030.0  1.7  969.1  115.9  186.9  -3.40  19.46  -0.24  116.0
77031.0  2.1  968.6  116.0  189.0  -3.11  18.85  -0.62  116.0
77032.0  2.2  969.4  116.1  191.3  -3.11  18.82  -1.33  116.1
77033.0  1.8  968.6  116.2  192.9  -3.23  19.51  -1.16  116.2
77034.0  1.8  969.2  116.2  194.3  -2.95  19.01  -0.50  115.9
77035.0  2.1  968.6  116.3  196.3  -2.77  18.11  -0.73  116.0
77036.0  1.8  968.0  116.3  198.4  -2.91  18.64  -1.20  116.5
