flight/WP3D/AircraftPos_NP3_20130619_RA.ict
38  1001
Ken Aikin
NOAA ESRL Chemical Sciences Division
various aircraft sensors
SENEX 2013
1  1
2013  06  19  2013  06  20
1
AOCTimewave
5
1  1  1  1  1 
-9999  -9999  -9999  -9999  -9999
GpsLat  deg
GpsLon  deg
GpsAlt  m
PAlt  m
RAlt  m
1
SPECIAL COMMENTS:Flight into night over Atlanta.
18
PI_CONTACT_INFO: Address: NOAA ESRL Chemical Sciences Division  Mail Stop R/CSD7  325 Broadway  Boulder  CO 80305
PLATFORM: NOAA WP-3D
LOCATION: The aircraft was stationed in Smyrna  Tennessee. Aircraft location information in AircraftPosition file.
ASSOCIATED_DATA: N/A
INSTRUMENT_INFO: N/A
DATA_INFO: Units:GpsLat:decimal degrees; GpsLon: decimal degrees; GpsAlt: meters; PAlt:meters; RAlt: meters.
UNCERTAINTY: N/A
ULOD_FLAG: -7777
ULOD_VALUE: N/A
LLOD_FLAG: -8888
LLOD_VALUE: N/A
DM_CONTACT_INFO: Data Manager:Ken Aikin; email:Kenneth.C.Aikin@noaa.gov
PROJECT_INFO: SENEX 2013 Study; June 1 - July 15  2013
STIPULATIONS_ON_USE: Use of these data require prior ok from PI.
OTHER_COMMENTS:       None
REVISION: RA
RA: Preliminary Data.  For in-field use.
AOCTimewave  GpsLat  GpsLon  GpsAlt  PAlt  RAlt
[from data line 17163]
98199.0  33.3935   -84.6276    584.6    489.2    347.9
98200.0  33.3929   -84.6267    578.8    482.6    336.7
98201.0  33.3923   -84.6258    573.7    478.3    327.0
98202.0  33.3917   -84.6249    569.3    475.0    324.0
98203.0  33.3911   -84.6240    565.3    471.6    320.1
98204.0  33.3906   -84.6231    561.7    468.5    309.3
98205.0  33.3900   -84.6222    557.7    463.8    296.9
98206.0  33.3894   -84.6213    554.0    460.1    286.3
98207.0  33.3888   -84.6204    549.6    455.0    280.0
98208.0  33.3882   -84.6195    543.5    451.3    283.0
98209.0  33.3877   -84.6186    535.9    445.6    289.7
98210.0  33.3871   -84.6177    526.6    436.7    287.4
98211.0  33.3865   -84.6168    516.7    425.9    270.0
98212.0  33.3860   -84.6159    507.7    415.3    255.4
98213.0  33.3854   -84.6151    499.1    407.1    251.6
98214.0  33.3848   -84.6142    490.8    398.4    242.5
98215.0  33.3843   -84.6133    484.2    391.7    237.5
98216.0  33.3837   -84.6124    478.9    385.6    238.2
98217.0  33.3831   -84.6115    474.7    380.9    238.8
98218.0  33.3825   -84.6106    471.7    377.7    233.9
98219.0  33.3820   -84.6098    469.4    376.1    228.4
98220.0  33.3814   -84.6089    468.2    375.0    225.8
98221.0  33.3808   -84.6081    467.1    375.5    229.2
98222.0  33.3802   -84.6072    466.5    376.2    230.1
98223.0  33.3797   -84.6064    464.1    373.4    228.0
98224.0  33.3791   -84.6055    461.1    371.8    219.4
98225.0  33.3785   -84.6047    458.2    367.9    222.8
98226.0  33.3779   -84.6038    455.8    365.8    220.4
98227.0  33.3774   -84.6029    453.8    364.2    218.6
98228.0  33.3768   -84.6021    451.2    361.4    216.4
98229.0  33.3762   -84.6012    448.8    359.6    213.8
98230.0  33.3757   -84.6004    446.3    356.6    211.5
98231.0  33.3751   -84.5995    443.8    355.6    209.1
98232.0  33.3746   -84.5986    440.3    350.9    205.7
98233.0  33.3740   -84.5978    436.7    345.6    202.1
98234.0  33.3735   -84.5969    434.3    343.9    199.4
98235.0  33.3729   -84.5960    432.2    343.9    197.3
98236.0  33.3724   -84.5951    429.5    342.9    194.3
98237.0  33.3719   -84.5942    426.0    337.1    190.5
98238.0  33.3713   -84.5934    423.2    335.0    188.4
98239.0  33.3708   -84.5925    420.3    331.0    185.3
98240.0  33.3702   -84.5916    417.1    329.1    182.6
98241.0  33.3697   -84.5908    413.7    325.3    179.2
98242.0  33.3691   -84.5899    410.0    323.0    175.9
98243.0  33.3685   -84.5890    405.1    318.6    170.9
98244.0  33.3680   -84.5882    400.3    311.1    165.8
98245.0  33.3674   -84.5873    396.8    308.2    162.0
98246.0  33.3668   -84.5864    394.7    306.9    159.5
98247.0  33.3662   -84.5856    393.8    307.7    158.6
98248.0  33.3657   -84.5847    393.3    307.9    157.7
98249.0  33.3651   -84.5839    392.6    305.8    154.3
98250.0  33.3645   -84.5830    391.4    304.5    150.8
98251.0  33.3639   -84.5821    390.8    303.0    148.1
98252.0  33.3633   -84.5812    390.1    299.5    148.2
98253.0  33.3628   -84.5804    391.3    300.5    149.3
98254.0  33.3622   -84.5795    394.1    307.9    152.5
98255.0  33.3616   -84.5786    396.6    309.1    156.0
98256.0  33.3610   -84.5778    398.9    312.6    158.7
98257.0  33.3605   -84.5769    401.2    313.6    161.4
98258.0  33.3599   -84.5760    403.5    316.1    164.8
98259.0  33.3593   -84.5752    404.8    318.5    167.4
98260.0  33.3588   -84.5743    404.8    318.7    168.4
98261.0  33.3582   -84.5734    404.8    318.1    168.3
98262.0  33.3576   -84.5726    404.8    318.7    168.5
98263.0  33.3571   -84.5717    403.7    316.9    167.3
98264.0  33.3565   -84.5708    402.5    315.6    164.8
98265.0  33.3559   -84.5700    402.3    312.9    163.7
98266.0  33.3553   -84.5691    402.3    314.7    162.2
98267.0  33.3548   -84.5682    402.6    315.6    162.5
98268.0  33.3542   -84.5673    403.9    315.0    162.4
98269.0  33.3536   -84.5665    406.2    316.4    162.5
98270.0  33.3530   -84.5656    411.0    321.2    167.0
98271.0  33.3525   -84.5647    417.8    328.1    173.5
98272.0  33.3519   -84.5638    425.3    335.2    185.6
98273.0  33.3513   -84.5629    434.1    344.5    196.6
98274.0  33.3507   -84.5620    443.8    354.6    205.4
98275.0  33.3502   -84.5611    453.7    363.9    213.8
98276.0  33.3496   -84.5602    462.9    372.5    225.5
98277.0  33.3490   -84.5593    472.1    381.0    233.0
98278.0  33.3485   -84.5584    481.9    391.0    243.4
98279.0  33.3479   -84.5575    492.3    400.8    252.8
98280.0  33.3474   -84.5566    502.7    411.3    265.6
98281.0  33.3468   -84.5557    513.9    421.9    268.3
98282.0  33.3463   -84.5548    525.1    432.7    274.0
98283.0  33.3458   -84.5538    536.0    443.1    302.4
98284.0  33.3452   -84.5529    547.7    455.9    316.5
98285.0  33.3447   -84.5520    560.0    467.4    331.7
98286.0  33.3441   -84.5511    572.2    478.1    343.7
98287.0  33.3436   -84.5502    584.9    490.9    357.1
98288.0  33.3431   -84.5492    597.0    502.9    368.2
98289.0  33.3426   -84.5483    608.6    515.9    379.6
98290.0  33.3420   -84.5474    619.4    524.7    390.2
98291.0  33.3415   -84.5465    630.0    533.7    404.6
98292.0  33.3410   -84.5455    641.3    545.1    410.4
98293.0  33.3405   -84.5446    653.7    556.1    423.7
98294.0  33.3399   -84.5437    666.0    567.8    437.8
98295.0  33.3394   -84.5428    678.4    581.8    447.9
98296.0  33.3389   -84.5418    690.2    593.7    463.7
98297.0  33.3384   -84.5409    700.6    602.3    475.3
98298.0  33.3379   -84.5400    710.4    611.7    482.6
98299.0  33.3374   -84.5390    721.1    622.0    499.1
98300.0  33.3369   -84.5381    732.5    631.9    512.5
98301.0  33.3364   -84.5372    745.3    644.7    526.3
98302.0  33.3359   -84.5362    758.9    658.4    537.1
98303.0  33.3354   -84.5353    773.0    671.5    551.1
98304.0  33.3349   -84.5344    787.9    685.9    567.0
98305.0  33.3344   -84.5335    803.6    701.7    582.5
98306.0  33.3339   -84.5326    819.5    717.0    604.9
98307.0  33.3334   -84.5317    833.7    731.2    615.5
98308.0  33.3329   -84.5307    846.6    743.1    627.1
98309.0  33.3324   -84.5298    858.4    754.0    643.4
98310.0  33.3319   -84.5289    869.7    766.2    654.3
98311.0  33.3315   -84.5280    881.3    777.2    663.4
98312.0  33.3310   -84.5270    893.5    789.2    680.3
98313.0  33.3305   -84.5261    906.1    800.5    685.5
98314.0  33.3301   -84.5252    918.7    813.2    702.3
98315.0  33.3296   -84.5243    930.2    824.2    710.7
98316.0  33.3292   -84.5233    940.4    833.3    719.6
98317.0  33.3287   -84.5224    950.0    842.2    729.0
98318.0  33.3282   -84.5215    959.2    851.8    734.0
98319.0  33.3278   -84.5205    968.5    861.6    743.4
98320.0  33.3273   -84.5196    978.0    869.4    747.2
98321.0  33.3268   -84.5187    987.7    878.0    749.3
98322.0  33.3263   -84.5177    997.8    886.8    761.1
98323.0  33.3259   -84.5168   1008.5    897.9    763.4
98324.0  33.3254   -84.5159   1019.3    908.2    781.7
98325.0  33.3249   -84.5149   1029.4    918.1    789.7
98326.0  33.3244   -84.5140   1039.6    928.0    804.2
98327.0  33.3239   -84.5131   1049.9    937.4    823.0
98328.0  33.3234   -84.5121   1060.7    949.1    832.1
98329.0  33.3230   -84.5112   1071.4    959.3    842.3
98330.0  33.3225   -84.5103   1082.2    968.9    851.3
98331.0  33.3220   -84.5094   1093.3    980.2    867.4
98332.0  33.3215   -84.5084   1104.3    990.9    885.5
98333.0  33.3210   -84.5075   1115.1   1002.0    896.0
98334.0  33.3205   -84.5066   1125.9   1012.2    913.9
98335.0  33.3200   -84.5057   1136.4   1021.4    928.9
98336.0  33.3195   -84.5047   1146.9   1030.2    937.2
98337.0  33.3190   -84.5038   1157.5   1041.3    938.6
98338.0  33.3186   -84.5029   1168.3   1053.0    950.2
98339.0  33.3181   -84.5019   1178.6   1061.8    965.5
98340.0  -9999.0000  -9999.0000  -9999.0  -9999.0  -9999.0
98341.0  -9999.0000  -9999.0000  -9999.0  -9999.0  -9999.0
98342.0  33.3166   -84.4992   1210.3   1091.1   1000.1
98343.0  33.3161   -84.4982   1221.2   1101.3   1009.9
98344.0  33.3157   -84.4973   1231.9   1112.2   1016.8
98345.0  33.3152   -84.4963   1242.5   1123.6   1034.9
98346.0  33.3148   -84.4953   1253.3   1133.7   1037.9
98347.0  33.3144   -84.4944   1264.1   1143.9   1051.6
98348.0  33.3140   -84.4934   1274.6   1154.1   1064.8
98349.0  33.3136   -84.4924   1284.6   1164.3   1069.3
98350.0  33.3133   -84.4914   1294.8   1173.2   1089.7
98351.0  33.3129   -84.4904   1304.9   1182.9   1095.4
98352.0  33.3126   -84.4893   1314.8   1192.3   1097.8
98353.0  33.3123   -84.4883   1325.0   1201.6   1104.0
98354.0  33.3121   -84.4873   1335.1   1211.5   1114.3
98355.0  33.3118   -84.4862   1345.2   1221.0   1119.3
98356.0  33.3116   -84.4851   1355.5   1230.6   1125.9
98357.0  33.3114   -84.4841   1365.7   1240.7   1141.5
98358.0  33.3113   -84.4830   1376.0   1251.9   1161.2
98359.0  33.3111   -84.4819   1386.5   1262.4   1180.2
98360.0  33.3110   -84.4809   1396.8   1271.5   1178.1
98361.0  33.3109   -84.4798   1406.5   1281.4   1188.8
98362.0  33.3108   -84.4787   1415.7   1291.2   1198.3
98363.0  33.3107   -84.4776   1424.0   1299.2   1209.3
98364.0  33.3106   -84.4765   1431.6   1304.6   1208.7
98365.0  33.3106   -84.4754   1439.1   1310.5   1201.6
98366.0  33.3106   -84.4743   1446.7   1317.8   1210.6
98367.0  33.3105   -84.4732   1454.6   1325.0   1222.3
98368.0  33.3105   -84.4721   1462.9   1333.0   1226.4
98369.0  33.3106   -84.4710   1470.2   1341.5   1223.7
98370.0  33.3106   -84.4699   1476.0   1348.2   1231.8
98371.0  33.3106   -84.4687   1479.6   1352.0   1238.2
98372.0  33.3107   -84.4676   1481.3   1355.2   1257.8
98373.0  33.3108   -84.4665   1480.7   1355.2   1258.9
98374.0  33.3108   -84.4653   1477.6   1351.7   1252.2
98375.0  33.3109   -84.4642   1473.5   1346.4   1243.6
98376.0  33.3110   -84.4631   1469.5   1341.0   1242.8
98377.0  33.3111   -84.4619   1465.9   1337.9   1226.1
98378.0  33.3113   -84.4608   1462.7   1337.7   1225.1
98379.0  33.3114   -84.4597   1458.6   1333.8   1228.8
98380.0  33.3115   -84.4585   1452.6   1328.2   1223.3
98381.0  33.3117   -84.4574   1444.3   1319.6   1205.4
98382.0  33.3118   -84.4563   1435.4   1310.3   1190.5
98383.0  33.3120   -84.4552   1426.3   1300.8   1182.5
98384.0  33.3122   -84.4541   1417.5   1292.7   1183.8
98385.0  33.3123   -84.4529   1409.3   1283.6   1184.8
98386.0  33.3125   -84.4518   1401.6   1276.6   1177.4
98387.0  33.3126   -84.4507   1394.5   1268.8   1160.9
98388.0  33.3128   -84.4496   1387.6   1261.9   1162.2
98389.0  33.3130   -84.4485   1379.7   1254.0   1149.3
98390.0  33.3132   -84.4474   1371.2   1246.9   1146.7
98391.0  33.3133   -84.4463   1362.8   1238.5   1143.3
98392.0  33.3135   -84.4452   1354.7   1231.6   1130.3
98393.0  33.3137   -84.4441   1346.2   1223.1   1116.2
98394.0  33.3139   -84.4430   1337.2   1212.1   1126.2
98395.0  33.3141   -84.4419   1328.7   1204.8   1119.3
98396.0  33.3142   -84.4408   1320.5   1196.1   1105.6
98397.0  33.3144   -84.4397   1311.6   1188.3   1084.3
98398.0  33.3146   -84.4386   1302.6   1179.7   1086.5
98399.0  33.3148   -84.4376   1293.8   1170.8   1077.5
98400.0  33.3149   -84.4365   1285.3   1164.0   1070.6
98401.0  33.3151   -84.4354   1276.9   1155.7   1042.0
98402.0  33.3153   -84.4343   1268.6   1148.7   1035.1
98403.0  33.3154   -84.4332   1260.5   1140.5   1033.9
98404.0  33.3156   -84.4321   1251.9   1131.9   1024.6
98405.0  33.3158   -84.4310   1243.0   1122.4   1024.1
98406.0  33.3160   -84.4300   1234.3   1114.3   1006.9
98407.0  33.3161   -84.4289   1225.5   1105.2    994.0
98408.0  33.3163   -84.4278   1216.9   1097.3    988.0
98409.0  33.3165   -84.4267   1208.4   1088.1    984.5
98410.0  33.3167   -84.4257   1200.3   1082.1    976.9
98411.0  33.3168   -84.4246   1192.1   1073.8    965.9
98412.0  33.3170   -84.4235   1183.7   1066.9    961.5
98413.0  33.3172   -84.4225   1175.0   1058.5    945.3
98414.0  33.3173   -84.4214   1166.0   1049.3    946.3
98415.0  33.3175   -84.4203   1156.9   1038.3    937.4
98416.0  33.3177   -84.4193   1147.7   1029.1    929.4
98417.0  33.3179   -84.4182   1138.8   1020.3    918.4
98418.0  33.3180   -84.4172   1130.5   1014.4    913.3
98419.0  33.3182   -84.4161   1122.5   1008.8    914.9
98420.0  33.3184   -84.4150   1113.6    999.1    905.2
98421.0  33.3186   -84.4140   1104.3    988.3    896.0
98422.0  33.3188   -84.4129   1094.7    977.7    878.7
98423.0  33.3190   -84.4118   1085.3    969.9    866.3
98424.0  33.3192   -84.4108   1075.8    961.6    852.8
98425.0  33.3194   -84.4097   1066.7    951.9    834.0
98426.0  33.3196   -84.4087   1058.6    945.2    822.2
98427.0  33.3198   -84.4076   1051.0    937.6    820.7
98428.0  33.3200   -84.4065   1043.8    931.5    812.1
98429.0  33.3201   -84.4055   1036.6    926.2    799.4
98430.0  33.3203   -84.4044   1028.8    916.7    790.5
98431.0  33.3205   -84.4033   1020.9    909.2    782.1
98432.0  33.3206   -84.4023   1012.7    901.2    780.0
98433.0  33.3208   -84.4012   1004.3    892.3    768.4
98434.0  33.3210   -84.4001    995.6    884.8    760.8
98435.0  33.3211   -84.3991    985.8    876.5    765.5
98436.0  33.3213   -84.3980    974.8    864.9    752.3
98437.0  33.3214   -84.3969    964.1    853.0    743.6
98438.0  33.3216   -84.3959    954.4    844.3    736.5
98439.0  33.3217   -84.3948    945.2    836.0    727.4
98440.0  33.3219   -84.3937    936.5    826.4    720.7
98441.0  33.3220   -84.3926    928.5    819.0    708.4
98442.0  33.3222   -84.3916    921.0    811.6    703.1
98443.0  33.3223   -84.3905    914.2    804.9    697.9
98444.0  33.3224   -84.3894    907.7    799.6    686.6
98445.0  33.3226   -84.3883    901.2    794.4    679.0
98446.0  33.3227   -84.3872    894.7    787.6    676.6
98447.0  33.3228   -84.3862    889.0    782.3    672.6
98448.0  33.3230   -84.3851    884.0    777.3    664.0
98449.0  33.3231   -84.3840    879.5    771.1    660.5
98450.0  33.3232   -84.3830    875.5    767.8    665.9
98451.0  33.3233   -84.3819    871.5    766.0    661.5
98452.0  33.3235   -84.3809    867.6    760.3    649.0
98453.0  33.3236   -84.3798    864.3    757.6    642.3
98454.0  33.3237   -84.3787    861.4    754.4    635.2
98455.0  33.3238   -84.3777    858.4    753.0    625.5
98456.0  33.3239   -84.3766    855.2    749.3    628.2
98457.0  33.3241   -84.3756    852.5    746.0    627.4
98458.0  33.3242   -84.3745    851.0    744.2    629.8
98459.0  33.3243   -84.3734    849.3    744.6    628.0
98460.0  33.3244   -84.3724    847.8    743.1    624.3
98461.0  33.3245   -84.3713    845.7    740.2    616.4
98462.0  33.3246   -84.3702    843.6    737.5    614.2
98463.0  33.3247   -84.3691    841.7    735.8    615.0
98464.0  33.3248   -84.3680    839.7    735.2    617.2
98465.0  33.3250   -84.3669    838.7    733.5    611.7
98466.0  33.3251   -84.3658    837.6    732.9    615.8
98467.0  33.3252   -84.3648    837.1    732.6    613.3
98468.0  33.3254   -84.3637    836.4    732.2    611.0
98469.0  33.3255   -84.3626    836.4    732.0    608.8
98470.0  33.3257   -84.3615    836.4    732.4    603.1
98471.0  33.3258   -84.3604    837.6    731.7    609.9
98472.0  33.3260   -84.3593    837.8    732.9    612.9
98473.0  33.3262   -84.3582    838.8    733.2    604.6
98474.0  33.3265   -84.3572    839.6    734.3    602.5
98475.0  33.3267   -84.3561    840.0    735.3    603.6
98476.0  33.3270   -84.3550    841.2    736.9    604.7
98477.0  33.3273   -84.3540    842.1    738.1    603.9
98478.0  33.3276   -84.3529    843.0    740.7    612.3
98479.0  33.3279   -84.3519    843.7    741.1    611.6
98480.0  33.3283   -84.3509    844.4    741.3    601.3
98481.0  33.3286   -84.3499    845.0    741.8    602.0
98482.0  33.3290   -84.3489    846.1    741.3    601.8
98483.0  33.3295   -84.3479    846.5    741.9    607.4
98484.0  33.3300   -84.3470    847.3    743.3    608.3
98485.0  33.3304   -84.3460    848.3    744.5    600.6
98486.0  33.3309   -84.3451    848.6    745.4    606.5
98487.0  33.3315   -84.3441    848.6    745.7    594.4
