flight/WP3D/AircraftMet_NP3_20130603_RA.ict
43  1001
Ken Aikin
NOAA ESRL Chemical Sciences Division
various aircraft sensors
SENEX 2013
1  1
2013  06  03  2013  06  04
1
AOCTimewave
10
1  1  1  1  1  1  1  1  1  1
-9999  -9999  -9999  -9999  -9999  -9999  -9999  -9999  -9999  -9999
AmbTemp  C
DewPtTemp  C
DewPtTempTDL  C
H2Omr  g/kg
PotTemp  K
RelHumidity  pct
StaticPrs  mbar
VertWindSpd  m/s
WindDir  deg
WindSpd  m/s
1
SPECIAL COMMENTS:Transit from Tampa  FL to Smyrna  TN. No DewPtTempTDL data.
18
PI_CONTACT_INFO: Address: NOAA ESRL Chemical Sciences Division  Mail Stop R/CSD7  325 Broadway  Boulder  CO 80305
PLATFORM: NOAA WP-3D
LOCATION: The aircraft was stationed in  Smyrna  Tennessee. Aircraft location information in AircraftPosition file.
ASSOCIATED_DATA: N/A
INSTRUMENT_INFO: N/A
DATA_INFO: Units:AmbTemp celcius; DewPtTemp celcius; DewPtTempTDL celcius; H2Omr g/kg; PotTemp kelvin; RelHumidity percent; StaticPrs millibar; VertWindSpd m/s; WindDir degrees; WindSpd m/s
UNCERTAINTY: N/A
ULOD_FLAG: -7777
ULOD_VALUE: N/A
LLOD_FLAG: -8888
LLOD_VALUE: N/A
DM_CONTACT_INFO: Data Manager:Ken Aikin; email:Kenneth.C.Aikin@noaa.gov
PROJECT_INFO: SENEX 2013 Study; June 1 - July 15  2013
STIPULATIONS_ON_USE: Use of these data require prior ok from PI.
OTHER_COMMENTS:       None
REVISION: RA
RA: Preliminary Data.  For in-field use.
AOCTimewave  AmbTemp  DewPtTemp  DewPtTempTDL  H2Omr  PotTemp  RelHumidity  StaticPrs  VertWindSpd  WindDir  WindSpd
[from data line 4602]
55873.0  -1.610  -7.190  -99.650  3.71  314.08  65.49  600.67  -0.77  239.42  12.20
55874.0  -1.530  -7.060  -106.700  3.75  314.06  65.78  601.40  -0.80  239.05  12.21
55875.0  -1.480  -6.900  -100.410  3.79  314.05  66.37  601.89  -0.85  239.47  12.20
55876.0  -1.480  -6.760  -100.130  3.83  313.97  67.06  602.44  -0.90  240.67  11.96
55877.0  -1.460  -6.590  -101.070  3.88  313.91  67.81  603.02  -0.99  241.24  11.67
55878.0  -1.440  -6.400  -101.220  3.93  313.85  68.73  603.54  -0.98  242.14  11.46
55879.0  -1.420  -6.230  -102.790  3.98  313.80  69.51  604.08  -0.91  242.06  11.23
55880.0  -1.380  -6.040  -102.880  4.03  313.75  70.34  604.65  -0.85  242.47  11.16
55881.0  -1.350  -5.850  -98.160  4.09  313.72  71.24  605.10  -0.77  243.53  11.05
55882.0  -1.320  -5.680  -104.460  4.14  313.70  71.99  605.50  -0.66  243.83  10.82
55883.0  -1.290  -5.520  -63.400  4.19  313.68  72.71  605.89  -0.51  244.13  10.77
55884.0  -1.240  -5.390  -87.630  4.23  313.69  73.20  606.19  -0.48  243.73  10.79
55885.0  -1.190  -5.250  -101.110  4.27  313.70  73.69  606.52  -0.37  243.79  10.88
55886.0  -1.140  -5.170  -105.990  4.30  313.68  73.91  606.97  -0.35  244.64  10.75
55887.0  -1.130  -5.060  -104.070  4.33  313.63  74.45  607.42  -0.17  245.64  10.40
55888.0  -1.110  -5.000  -104.620  4.34  313.58  74.66  607.88  -0.02  245.83  10.57
55889.0  -1.080  -4.950  -101.530  4.36  313.56  74.77  608.33  0.10  246.65  10.65
55890.0  -1.030  -4.900  -110.830  4.37  313.53  74.80  608.87  0.21  247.31  10.70
55891.0  -0.970  -4.870  -100.630  4.38  313.51  74.67  609.45  0.28  247.77  10.49
55892.0  -0.910  -4.810  -49.560  4.39  313.48  74.67  610.14  0.29  247.89  10.26
55893.0  -0.880  -4.780  -98.530  4.40  313.44  74.65  610.69  0.18  247.66  10.33
55894.0  -0.830  -4.730  -47.110  4.41  313.40  74.67  611.35  0.10  247.28  10.39
55895.0  -0.780  -4.690  -99.920  4.42  313.37  74.60  611.91  0.10  247.76  10.41
55896.0  -0.720  -4.670  -99.050  4.42  313.35  74.43  612.57  0.15  248.30  10.40
55897.0  -0.660  -4.610  -100.720  4.44  313.33  74.41  613.18  0.21  248.32  10.47
55898.0  -0.610  -4.580  -99.060  4.44  313.29  74.30  613.81  0.05  248.27  10.47
55899.0  -0.550  -4.530  -106.910  4.45  313.23  74.25  614.68  -0.09  248.17  10.46
55900.0  -0.480  -4.480  -100.180  4.46  313.22  74.15  615.31  -0.05  247.43  10.45
55901.0  -0.400  -4.430  -46.840  4.48  313.20  74.05  616.07  -0.16  247.36  10.32
55902.0  -0.330  -4.350  -106.900  4.50  313.16  74.07  616.92  -0.21  247.70  10.15
55903.0  -0.280  -4.290  -104.250  4.51  313.09  74.12  617.78  -0.27  248.76  10.08
55904.0  -0.200  -4.210  -101.050  4.53  313.07  74.17  618.55  -0.29  249.01  10.18
55905.0  -0.170  -4.150  -101.040  4.55  313.00  74.34  619.30  -0.21  250.65  10.13
55906.0  -0.130  -4.070  -102.490  4.57  312.92  74.55  620.15  -0.19  251.14  10.17
55907.0  -0.080  -3.990  -97.880  4.59  312.85  74.74  621.06  -0.14  250.98  10.43
55908.0  -0.040  -3.930  -101.960  4.60  312.75  74.85  622.07  -0.05  250.94  10.41
55909.0  0.030  -3.880  -55.990  4.61  312.67  74.75  623.18  -0.05  251.09  10.22
55910.0  0.130  -3.800  -102.970  4.63  312.63  74.67  624.31  -0.10  251.18  10.31
55911.0  0.270  -3.740  -52.720  4.64  312.60  74.28  625.57  -0.04  250.89  10.32
55912.0  0.380  -3.660  -104.890  4.66  312.57  74.09  626.68  0.06  251.87  10.37
55913.0  0.540  -3.580  -102.990  4.68  312.57  73.66  627.96  0.08  252.02  10.28
55914.0  0.670  -3.500  -101.460  4.70  312.54  73.38  629.24  -0.04  251.85  9.95
55915.0  0.750  -3.410  -100.810  4.72  312.46  73.47  630.44  -0.17  252.31  9.80
55916.0  0.850  -3.330  -100.850  4.74  312.39  73.44  631.69  -0.16  252.64  9.79
55917.0  0.960  -3.220  -103.740  4.77  312.33  73.44  633.06  -0.21  253.11  9.66
55918.0  1.080  -3.080  -101.600  4.81  312.28  73.55  634.38  -0.39  253.40  9.78
55919.0  1.210  -2.940  -102.160  4.85  312.26  73.62  635.56  -0.39  254.26  9.71
55920.0  1.330  -2.810  -111.060  4.89  312.23  73.73  636.70  -0.35  254.43  9.79
55921.0  1.460  -2.640  -101.040  4.94  312.21  73.94  637.89  -0.24  253.75  9.67
55922.0  1.580  -2.450  -49.710  5.01  312.19  74.34  639.08  -0.20  253.46  9.56
55923.0  1.720  -2.280  -99.120  5.06  312.18  74.52  640.26  -0.25  252.73  9.51
55924.0  1.660  -2.120  -109.100  5.11  311.95  75.76  641.42  -0.23  253.12  9.27
55925.0  1.450  -1.930  -105.340  5.18  311.56  78.06  642.49  -0.43  251.75  9.12
55926.0  1.400  -1.750  -106.810  5.24  311.36  79.36  643.59  -0.54  250.96  9.07
55927.0  1.470  -1.520  -99.550  5.32  311.26  80.30  644.87  -0.55  249.68  9.06
55928.0  1.560  -1.300  -99.920  5.39  311.20  81.10  646.03  -0.86  250.63  8.97
55929.0  1.700  -1.090  -95.820  5.47  311.20  81.56  647.19  -0.65  249.04  8.76
55930.0  1.780  -0.830  -100.750  5.56  311.15  82.64  648.19  -0.65  250.23  8.72
55931.0  1.920  -0.620  -103.260  5.64  311.13  83.12  649.48  -0.65  249.31  8.87
55932.0  2.010  -0.390  -103.120  5.73  311.04  83.97  650.82  -0.54  250.84  8.91
55933.0  2.160  -0.170  -103.380  5.81  311.03  84.44  652.15  -0.38  250.93  8.88
55934.0  2.280  0.000  -104.790  5.87  311.00  84.73  653.41  -0.65  251.26  9.00
55935.0  2.380  0.170  -86.470  5.93  310.94  85.16  654.73  -0.58  251.52  8.92
55936.0  2.560  0.310  -31.400  5.98  310.98  84.96  655.95  -0.52  251.87  8.77
55937.0  2.710  0.470  -50.150  6.04  310.96  85.04  657.23  -0.34  250.88  8.81
55938.0  2.810  0.590  -65.200  6.08  310.90  85.15  658.58  -0.37  250.01  8.89
55939.0  2.850  0.730  -40.700  6.13  310.78  85.77  659.81  -0.39  250.87  8.91
55940.0  2.980  0.880  -99.770  6.18  310.74  85.91  661.14  -0.32  250.45  9.03
55941.0  3.110  1.050  -95.110  6.25  310.71  86.18  662.52  -0.11  249.87  9.01
55942.0  3.230  1.180  -99.300  6.29  310.67  86.24  663.75  -0.04  249.81  8.92
55943.0  3.330  1.320  -99.730  6.35  310.64  86.50  664.92  -0.18  249.20  8.95
55944.0  3.480  1.440  -98.560  6.39  310.63  86.34  666.19  -0.13  248.28  9.09
55945.0  3.580  1.560  -100.960  6.44  310.59  86.48  667.35  0.00  248.56  9.15
55946.0  3.690  1.660  -107.080  6.47  310.56  86.44  668.50  0.11  247.97  9.29
55947.0  3.790  1.790  -44.550  6.52  310.52  86.61  669.64  0.26  248.23  9.14
55948.0  3.900  1.910  -75.770  6.57  310.47  86.72  670.91  0.27  248.47  8.77
55949.0  3.960  2.030  -66.980  6.61  310.38  87.07  672.17  0.29  247.93  8.66
55950.0  4.030  2.130  -53.170  6.65  310.29  87.27  673.44  0.45  247.13  8.83
55951.0  4.090  2.250  -52.260  6.69  310.19  87.64  674.74  0.50  248.60  8.62
55952.0  4.120  2.330  -108.880  6.71  310.02  87.99  676.21  0.37  250.53  8.63
55953.0  4.150  2.430  -111.960  6.75  309.87  88.44  677.61  0.18  252.35  8.91
55954.0  4.210  2.550  -54.640  6.79  309.77  88.82  678.91  0.06  253.44  9.19
55955.0  4.300  2.680  -60.750  6.84  309.70  89.02  680.24  -0.18  254.77  9.31
55956.0  4.420  2.770  -35.000  6.87  309.67  88.87  681.49  -0.27  255.82  9.14
55957.0  4.520  2.880  -29.650  6.92  309.61  89.02  682.76  -0.22  255.88  9.21
55958.0  4.640  2.960  -24.060  6.94  309.56  88.71  684.18  -0.11  256.67  9.36
55959.0  4.770  3.020  -46.940  6.96  309.55  88.33  685.40  -0.08  257.70  9.36
55960.0  4.880  3.100  -73.090  6.99  309.51  88.09  686.69  -0.18  258.36  9.38
55961.0  5.050  3.170  -102.550  7.01  309.54  87.49  687.94  -0.34  258.86  9.36
55962.0  5.160  3.240  -108.600  7.03  309.53  87.27  689.00  -0.49  259.10  9.32
55963.0  5.300  3.300  -46.500  7.05  309.55  86.75  690.06  -0.45  259.04  9.41
55964.0  5.400  3.350  -71.840  7.06  309.50  86.48  691.21  -0.50  259.34  9.37
55965.0  5.530  3.400  -51.550  7.08  309.52  85.94  692.31  -0.66  259.70  9.32
55966.0  5.650  3.450  -101.980  7.09  309.52  85.58  693.25  -0.76  260.87  9.27
55967.0  5.750  3.500  -60.910  7.11  309.51  85.29  694.25  -0.83  261.41  9.33
55968.0  5.890  3.550  -50.950  7.12  309.53  84.75  695.33  -0.94  261.39  9.44
55969.0  5.990  3.600  -109.710  7.14  309.52  84.43  696.29  -0.99  261.22  9.55
55970.0  6.090  3.600  -52.770  7.13  309.50  83.86  697.30  -1.15  261.35  9.52
55971.0  6.190  3.620  -101.660  7.13  309.48  83.39  698.34  -1.22  262.12  9.38
55972.0  6.270  3.650  -104.900  7.13  309.46  83.07  699.24  -1.07  262.28  9.45
55973.0  6.380  3.650  -99.730  7.13  309.47  82.50  700.07  -1.05  262.80  9.45
55974.0  6.480  3.650  -100.120  7.12  309.46  81.94  700.99  -0.95  262.75  9.39
55975.0  6.570  3.650  -100.220  7.11  309.43  81.42  701.98  -0.82  262.49  9.37
55976.0  6.650  3.650  -101.590  7.10  309.41  80.94  702.87  -0.77  263.18  9.28
55977.0  6.750  3.650  -49.810  7.08  309.40  80.35  703.89  -0.73  263.41  9.16
55978.0  6.860  3.650  -103.160  7.07  309.39  79.73  704.95  -0.55  263.18  8.97
55979.0  6.960  3.620  -97.040  7.05  309.38  79.06  705.94  -0.48  262.99  8.95
55980.0  7.050  3.620  -101.540  7.04  309.35  78.58  706.89  -0.53  263.67  8.84
55981.0  7.170  3.600  -102.370  7.02  309.36  77.81  707.90  -0.55  263.00  8.84
55982.0  7.280  3.570  -100.900  7.00  309.35  77.06  708.96  -0.49  262.73  8.67
55983.0  7.360  3.570  -101.890  6.98  309.32  76.58  709.96  -0.56  263.68  8.74
55984.0  7.470  3.550  -103.120  6.96  309.29  75.88  711.13  -0.52  264.44  8.71
55985.0  7.600  3.550  -109.950  6.95  309.29  75.20  712.35  -0.46  264.38  8.77
55986.0  7.720  3.520  -101.040  6.93  309.28  74.44  713.52  -0.39  264.63  8.74
55987.0  7.830  3.500  -100.660  6.90  309.25  73.78  714.68  -0.46  264.67  8.73
55988.0  7.950  3.480  -99.680  6.88  309.23  73.07  715.92  -0.39  262.40  8.71
55989.0  7.850  3.460  -48.020  6.86  308.97  73.47  717.08  -0.37  260.59  7.82
55990.0  7.680  3.450  -109.280  6.84  308.64  74.28  718.35  -0.46  257.43  7.33
55991.0  7.660  3.500  -98.610  6.85  308.45  74.66  719.62  -0.35  255.06  7.27
55992.0  7.690  3.520  -101.670  6.86  308.35  74.61  720.80  -0.20  255.25  7.23
55993.0  7.750  3.520  -101.110  6.84  308.26  74.31  722.04  -0.25  255.99  7.17
55994.0  7.920  3.540  -106.650  6.84  308.28  73.54  723.34  -0.41  255.32  7.17
55995.0  8.020  3.570  -102.730  6.84  308.25  73.18  724.53  -0.36  255.30  7.23
55996.0  8.130  3.590  -101.520  6.84  308.21  72.75  725.86  -0.07  255.53  7.21
55997.0  8.290  3.620  -48.480  6.84  308.21  72.11  727.36  0.17  256.19  7.21
55998.0  8.410  3.650  -96.880  6.84  308.16  71.63  728.83  0.15  255.39  7.16
55999.0  8.580  3.690  -96.430  6.85  308.18  71.01  730.21  0.11  254.79  7.15
56000.0  8.710  3.720  -60.900  6.85  308.16  70.55  731.53  0.02  254.84  7.13
56001.0  8.810  3.750  -83.790  6.85  308.11  70.19  732.86  -0.14  255.33  7.12
56002.0  8.940  3.770  -96.070  6.85  308.08  69.67  734.29  -0.21  256.31  7.32
56003.0  8.990  3.810  -97.990  6.85  307.96  69.62  735.81  -0.28  258.88  7.52
56004.0  9.010  3.830  -102.960  6.85  307.83  69.69  737.04  -0.40  261.09  7.70
56005.0  9.030  3.910  -102.240  6.88  307.71  69.95  738.18  -0.50  263.95  7.78
56006.0  9.040  3.980  -99.620  6.90  307.59  70.26  739.37  -0.62  265.03  7.93
56007.0  9.100  4.080  -103.550  6.94  307.49  70.47  740.68  -0.69  264.86  8.11
56008.0  9.150  4.200  -98.390  6.99  307.42  70.83  741.82  -0.85  264.80  8.42
56009.0  9.170  4.400  -98.810  7.07  307.30  71.73  742.99  -0.96  265.77  8.74
56010.0  9.260  4.610  -99.310  7.17  307.26  72.37  744.15  -0.99  265.18  8.63
56011.0  9.350  4.830  -97.780  7.28  307.25  73.07  744.99  -0.89  263.85  8.48
56012.0  9.440  5.040  -96.570  7.37  307.25  73.66  745.87  -0.69  262.76  8.48
56013.0  9.530  5.220  -98.080  7.46  307.24  74.17  746.79  -0.52  262.04  8.48
56014.0  9.630  5.400  -102.980  7.55  307.25  74.63  747.56  -0.50  261.24  8.44
56015.0  9.730  5.550  -99.850  7.61  307.25  74.86  748.52  -0.48  260.61  8.35
56016.0  9.820  5.720  -95.880  7.70  307.24  75.34  749.42  -0.26  259.96  8.36
56017.0  9.920  5.860  -102.600  7.76  307.25  75.52  750.33  -0.04  259.43  8.13
56018.0  9.980  5.990  -104.790  7.83  307.22  75.93  751.09  0.16  260.55  8.11
56019.0  10.070  6.090  -66.610  7.87  307.18  75.99  752.27  0.23  260.11  8.19
56020.0  10.150  6.180  -35.690  7.91  307.18  76.07  753.10  0.08  260.75  8.35
56021.0  10.240  6.280  -49.480  7.96  307.17  76.12  753.96  -0.12  261.57  8.42
56022.0  10.330  6.330  -30.980  7.98  307.17  75.93  754.80  -0.15  261.88  8.39
56023.0  10.400  6.330  -42.710  7.97  307.17  75.52  755.52  -0.18  262.62  8.34
56024.0  10.490  6.310  -31.330  7.95  307.17  74.99  756.25  -0.25  262.84  8.24
56025.0  10.530  6.210  -31.190  7.89  307.17  74.30  756.71  -0.37  263.36  8.10
56026.0  10.570  6.120  -58.580  7.83  307.15  73.61  757.16  -0.46  263.41  8.04
56027.0  10.620  6.020  -95.820  7.77  307.14  72.85  757.77  -0.52  263.15  7.94
56028.0  10.660  5.920  -33.630  7.72  307.12  72.19  758.32  -0.46  263.62  7.90
56029.0  10.640  5.880  -32.560  7.69  307.04  72.03  758.86  -0.34  265.48  7.76
56030.0  10.650  5.860  -94.670  7.67  306.96  71.87  759.60  -0.43  265.65  7.56
56031.0  10.700  5.830  -99.050  7.64  306.94  71.48  760.32  -0.41  265.61  7.51
56032.0  10.730  5.830  -34.460  7.64  306.87  71.34  761.16  -0.33  267.41  7.51
56033.0  10.750  5.830  -38.530  7.63  306.78  71.25  762.13  -0.37  268.97  7.22
56034.0  10.820  5.860  -90.240  7.63  306.71  71.06  763.46  -0.47  269.41  7.07
56035.0  10.870  5.910  -97.360  7.65  306.64  71.09  764.48  -0.88  269.72  7.08
56036.0  10.920  6.010  -92.740  7.69  306.63  71.30  765.05  -1.12  270.66  7.31
56037.0  10.920  6.100  -95.060  7.74  306.54  71.77  765.88  -0.94  271.24  7.02
56038.0  10.900  6.200  -101.080  7.78  306.43  72.37  766.68  -0.84  272.53  6.94
56039.0  10.900  6.320  -100.390  7.84  306.33  72.99  767.51  -0.76  272.24  7.05
56040.0  10.940  6.480  -74.640  7.92  306.28  73.65  768.30  -0.68  271.41  7.26
56041.0  10.990  6.660  -60.610  8.01  306.23  74.27  769.19  -0.72  271.05  7.31
56042.0  11.050  6.820  -79.050  8.09  306.20  74.85  770.06  -0.79  270.84  7.33
56043.0  11.120  6.970  -79.040  8.16  306.18  75.28  770.85  -0.70  270.17  7.34
56044.0  11.170  7.140  -79.030  8.25  306.15  75.90  771.61  -0.73  270.19  7.14
56045.0  11.250  7.290  -79.030  8.33  306.12  76.31  772.56  -0.66  269.52  7.07
56046.0  11.330  7.440  -79.020  8.41  306.12  76.69  773.41  -0.69  268.47  7.19
56047.0  11.400  7.560  -79.020  8.47  306.10  76.92  774.22  -0.63  267.63  7.16
56048.0  11.480  7.710  -79.020  8.54  306.08  77.31  775.13  -0.61  266.24  6.83
56049.0  11.470  7.830  -79.010  8.61  305.99  78.01  775.89  -0.62  267.70  6.72
56050.0  11.490  7.950  -79.010  8.67  305.91  78.60  776.77  -0.56  268.87  6.51
56051.0  11.560  8.090  -79.010  8.74  305.85  78.96  778.04  -0.54  268.51  6.40
56052.0  11.680  8.180  -79.010  8.78  305.85  78.80  779.19  -0.54  267.08  6.51
56053.0  11.810  8.290  -79.010  8.83  305.84  78.72  780.46  -0.47  266.11  6.59
56054.0  11.910  8.390  -79.010  8.88  305.83  78.74  781.53  -0.34  265.96  6.34
56055.0  12.000  8.440  -79.000  8.90  305.81  78.52  782.51  -0.24  266.17  6.23
56056.0  12.140  8.460  -79.010  8.90  305.84  77.91  783.64  -0.08  265.66  6.43
56057.0  12.240  8.480  -79.010  8.90  305.83  77.50  784.66  0.01  267.04  6.49
56058.0  12.300  8.510  -79.000  8.90  305.76  77.33  785.83  0.03  268.75  6.43
56059.0  12.320  8.560  -79.000  8.93  305.68  77.47  786.81  0.13  274.44  6.62
56060.0  12.340  8.610  -79.000  8.94  305.58  77.64  787.85  0.02  278.20  6.67
56061.0  12.370  8.650  -79.000  8.96  305.49  77.74  788.97  0.04  280.53  6.54
56062.0  12.480  8.720  -79.000  8.99  305.47  77.52  790.24  -0.03  280.26  6.38
56063.0  12.520  8.780  -79.000  9.01  305.40  77.65  791.24  -0.26  281.05  6.33
56064.0  12.570  8.860  -79.000  9.04  305.33  77.76  792.41  -0.44  283.71  6.21
56065.0  12.580  8.900  -79.000  9.06  305.23  77.96  793.45  -0.63  285.52  6.26
56066.0  12.640  8.980  -79.000  9.10  305.18  78.07  794.40  -0.58  288.07  6.22
