flight/WP3D/AircraftMet_NP3_20130706_RA.ict
43  1001
Ken Aikin
NOAA ESRL Chemical Sciences Division
various aircraft sensors
SENEX 2013
1  1
2013  07  06  2013  07  06
1
AOCTimewave
10
1  1  1  1  1  1  1  1  1  1
-9999  -9999  -9999  -9999  -9999  -9999  -9999  -9999  -9999  -9999
AmbTemp  C
DewPtTemp  C
DewPtTempTDL  C
H2Omr  g/kg
PotTemp  K
RelHumidity  pct
StaticPrs  mbar
VertWindSpd  m/s
WindDir  deg
WindSpd  m/s
1
SPECIAL COMMENTS:PA shale flight.
18
PI_CONTACT_INFO: Address: NOAA ESRL Chemical Sciences Division  Mail Stop R/CSD7  325 Broadway  Boulder  CO 80305
PLATFORM: NOAA WP-3D
LOCATION: The aircraft was stationed in  Smyrna  Tennessee. Aircraft location information in AircraftPosition file.
ASSOCIATED_DATA: N/A
INSTRUMENT_INFO: N/A
DATA_INFO: Units:AmbTemp celcius; DewPtTemp celcius; DewPtTempTDL celcius; H2Omr g/kg; PotTemp kelvin; RelHumidity percent; StaticPrs millibar; VertWindSpd m/s; WindDir degrees; WindSpd m/s
UNCERTAINTY: N/A
ULOD_FLAG: -7777
ULOD_VALUE: N/A
LLOD_FLAG: -8888
LLOD_VALUE: N/A
DM_CONTACT_INFO: Data Manager:Ken Aikin; email:Kenneth.C.Aikin@noaa.gov
PROJECT_INFO: SENEX 2013 Study; June 1 - July 15  2013
STIPULATIONS_ON_USE: Use of these data require prior ok from PI.
OTHER_COMMENTS:       None
REVISION: RA
RA: Preliminary Data.  For in-field use.
AOCTimewave  AmbTemp  DewPtTemp  DewPtTempTDL  H2Omr  PotTemp  RelHumidity  StaticPrs  VertWindSpd  WindDir  WindSpd
[from data line 1763]
53322.0  -0.760  -1.850  3.210  5.86  319.43  92.31  572.23  -0.40  195.47  18.98
53323.0  -0.800  -1.880  3.090  5.84  319.45  92.31  571.82  -0.52  195.72  19.37
53324.0  -0.760  -1.910  3.080  5.83  319.54  91.82  571.54  -0.35  196.04  19.56
53325.0  -0.870  -1.960  3.150  5.82  319.46  92.24  571.25  -0.35  196.20  19.47
53326.0  -0.910  -2.020  3.210  5.80  319.48  92.11  570.83  -0.25  196.68  19.40
53327.0  -0.980  -2.070  3.080  5.78  319.46  92.21  570.46  -0.11  196.55  19.72
53328.0  -1.020  -2.110  3.000  5.76  319.46  92.19  570.21  0.02  195.80  19.68
53329.0  -1.080  -2.160  2.840  5.74  319.43  92.29  569.89  0.07  195.29  19.58
53330.0  -1.100  -2.210  3.090  5.72  319.45  92.06  569.65  0.17  194.83  19.56
53331.0  -1.130  -2.240  3.070  5.72  319.48  92.13  569.23  0.14  193.63  19.69
53332.0  -1.140  -2.290  2.910  5.70  319.52  91.82  568.89  -0.01  192.93  19.88
53333.0  -1.150  -2.320  2.890  5.69  319.57  91.62  568.55  -0.20  192.11  19.97
53334.0  -1.140  -2.350  2.960  5.68  319.63  91.37  568.26  -0.35  191.38  19.91
53335.0  -1.220  -2.380  2.860  5.67  319.62  91.69  567.72  -0.58  190.49  19.59
53336.0  -1.220  -2.430  2.820  5.66  319.69  91.39  567.30  -0.63  189.83  19.53
53337.0  -1.290  -2.470  2.900  5.64  319.66  91.63  566.92  -0.49  187.75  19.59
53338.0  -1.370  -2.470  2.800  5.64  319.64  92.13  566.49  -0.37  185.94  19.56
53339.0  -1.360  -2.490  3.010  5.64  319.72  91.93  566.08  -0.24  186.36  19.86
53340.0  -1.410  -2.500  2.840  5.64  319.72  92.27  565.66  -0.19  186.99  19.59
53341.0  -1.520  -2.520  2.910  5.64  319.65  92.84  565.30  -0.01  187.65  18.86
53342.0  -1.500  -2.530  2.700  5.64  319.73  92.61  565.00  -0.23  187.89  18.66
53343.0  -1.500  -2.530  2.680  5.64  319.79  92.66  564.60  -0.30  189.43  18.42
53344.0  -1.480  -2.540  2.530  5.64  319.88  92.42  564.22  -0.43  190.55  18.88
53345.0  -1.500  -2.570  2.770  5.63  319.92  92.36  563.83  -0.50  190.61  19.06
53346.0  -1.580  -2.570  2.710  5.64  319.90  92.86  563.35  -0.67  190.93  18.93
53347.0  -1.610  -2.590  2.670  5.63  319.92  92.91  563.04  -0.61  192.24  18.34
53348.0  -1.650  -2.600  2.730  5.63  319.93  93.16  562.67  -0.40  193.24  18.42
53349.0  -1.750  -2.620  2.730  5.62  319.85  93.76  562.41  -0.02  193.86  18.15
53350.0  -1.790  -2.630  2.560  5.62  319.85  93.97  562.11  0.02  193.77  17.65
53351.0  -1.850  -2.610  2.630  5.64  319.84  94.51  561.74  -0.37  191.98  17.59
53352.0  -1.910  -2.600  2.590  5.64  319.80  95.04  561.54  -0.40  192.58  17.72
53353.0  -1.910  -2.600  2.620  5.64  319.82  95.02  561.47  -0.39  193.04  18.19
53354.0  -1.980  -2.620  2.580  5.64  319.79  95.39  561.10  -0.49  191.75  18.72
53355.0  -2.140  -2.650  2.480  5.63  319.65  96.27  560.81  0.06  188.38  18.88
53356.0  -2.140  -2.680  2.410  5.62  319.70  96.04  560.54  0.02  187.78  19.94
53357.0  -2.140  -2.700  2.280  5.61  319.74  95.88  560.30  -0.36  190.05  20.03
53358.0  -2.210  -2.750  2.170  5.59  319.70  96.01  560.04  -0.34  190.70  19.94
53359.0  -2.200  -2.790  2.060  5.58  319.75  95.73  559.72  -0.16  191.79  19.53
53360.0  -2.240  -2.820  2.200  5.57  319.76  95.78  559.40  -0.07  193.14  19.60
53361.0  -2.220  -2.850  2.160  5.56  319.84  95.44  559.08  0.12  193.81  20.47
53362.0  -2.320  -2.880  2.070  5.55  319.77  95.91  558.79  -0.02  193.19  20.05
53363.0  -2.270  -2.910  2.140  5.54  319.87  95.39  558.52  0.05  194.07  20.36
53364.0  -2.220  -2.960  2.210  5.53  319.97  94.66  558.27  -0.29  195.99  20.67
53365.0  -2.270  -2.990  2.170  5.51  319.93  94.74  558.21  0.05  196.41  20.25
53366.0  -2.260  -3.010  2.180  5.50  319.97  94.52  558.03  -0.09  195.51  20.55
53367.0  -2.320  -3.080  2.200  5.48  319.94  94.45  557.76  0.02  194.97  20.61
53368.0  -2.370  -3.150  2.230  5.45  319.89  94.34  557.70  -0.22  195.12  20.84
53369.0  -2.410  -3.180  2.280  5.44  319.87  94.41  557.53  -0.30  194.60  20.98
53370.0  -2.410  -3.190  2.320  5.44  319.87  94.35  557.55  -0.19  195.45  20.57
53371.0  -2.410  -3.200  2.410  5.43  319.84  94.25  557.72  -0.07  194.06  21.34
53372.0  -2.370  -3.230  2.470  5.42  319.86  93.75  557.88  -0.08  197.46  20.89
53373.0  -2.370  -3.230  2.590  5.42  319.87  93.74  557.83  -0.26  197.81  21.04
53374.0  -2.430  -3.250  2.710  5.41  319.81  94.02  557.78  0.12  196.08  21.15
53375.0  -2.390  -3.260  2.780  5.41  319.87  93.70  557.65  -0.40  196.74  21.50
53376.0  -2.350  -3.290  2.820  5.39  319.93  93.22  557.58  -0.24  196.35  21.47
53377.0  -2.390  -3.300  2.880  5.39  319.90  93.44  557.50  -0.11  197.33  20.95
53378.0  -2.320  -3.320  2.890  5.38  319.98  92.78  557.49  -0.24  198.17  21.03
53379.0  -2.470  -3.330  2.910  5.38  319.80  93.78  557.51  0.63  196.69  20.16
53380.0  -2.410  -3.330  2.960  5.38  319.91  93.34  557.26  0.02  196.17  20.55
53381.0  -2.420  -3.350  2.980  5.38  319.96  93.30  556.92  -0.72  197.02  20.74
53382.0  -2.410  -3.350  2.910  5.38  319.95  93.18  557.02  -0.18  196.24  20.79
53383.0  -2.340  -3.350  2.900  5.37  320.03  92.66  557.09  -0.08  197.11  21.62
53384.0  -2.420  -3.350  2.880  5.37  319.94  93.23  557.07  0.31  197.73  20.55
53385.0  -2.440  -3.350  2.590  5.38  319.93  93.38  556.96  0.14  196.41  20.59
53386.0  -2.430  -3.350  2.940  5.38  320.01  93.34  556.54  -0.62  195.99  20.42
53387.0  -2.480  -3.340  3.040  5.39  320.02  93.71  556.15  0.24  196.65  19.59
53388.0  -2.410  -3.370  3.050  5.38  320.18  93.06  555.66  0.35  196.87  20.56
53389.0  -2.490  -3.370  3.010  5.38  320.14  93.62  555.29  0.54  197.09  21.16
53390.0  -2.510  -3.380  2.990  5.38  320.14  93.71  555.16  0.28  196.91  21.34
53391.0  -2.500  -3.400  3.020  5.37  320.16  93.45  555.17  0.66  196.96  22.13
53392.0  -2.600  -3.420  2.970  5.36  320.05  93.99  555.08  -0.03  196.76  21.84
53393.0  -2.700  -3.430  3.010  5.36  319.94  94.64  555.05  0.82  195.29  21.18
53394.0  -2.500  -3.430  2.790  5.37  320.19  93.31  554.90  0.42  197.27  22.60
53395.0  -2.450  -3.440  2.360  5.36  320.29  92.84  554.72  -0.15  196.89  22.47
53396.0  -2.500  -3.490  2.390  5.34  320.23  92.88  554.66  0.10  196.35  22.01
53397.0  -2.420  -3.550  2.290  5.32  320.37  91.87  554.47  -0.67  197.40  22.34
53398.0  -2.550  -3.600  2.740  5.30  320.21  92.42  554.46  0.36  196.23  22.44
53399.0  -2.580  -3.630  2.830  5.29  320.22  92.39  554.21  0.08  198.67  22.82
53400.0  -2.630  -3.670  2.840  5.28  320.21  92.52  553.86  0.56  199.73  23.03
53401.0  -2.620  -3.690  2.530  5.27  320.24  92.27  553.75  -0.45  199.16  22.65
53402.0  -2.530  -3.730  2.210  5.26  320.37  91.39  553.67  -0.55  200.74  21.93
53403.0  -2.490  -3.790  2.360  5.23  320.36  90.66  554.03  0.04  199.99  22.17
53404.0  -2.480  -3.870  2.560  5.20  320.34  90.10  554.18  -0.59  200.02  22.00
53405.0  -2.460  -3.900  2.750  5.18  320.36  89.71  554.22  -1.27  199.44  21.58
53406.0  -2.570  -3.910  2.870  5.18  320.22  90.45  554.26  -1.29  196.63  20.09
53407.0  -2.580  -3.940  3.140  5.17  320.22  90.28  554.22  -0.32  193.77  20.67
53408.0  -2.580  -3.930  3.290  5.17  320.24  90.39  554.07  -0.26  194.94  20.42
53409.0  -2.640  -3.900  3.240  5.19  320.18  91.02  554.01  0.26  193.70  20.66
53410.0  -2.650  -3.890  3.390  5.19  320.19  91.13  553.84  0.67  194.56  20.63
53411.0  -2.610  -3.870  3.140  5.20  320.28  91.01  553.62  0.15  197.36  19.93
53412.0  -2.380  -3.840  2.860  5.22  320.57  89.65  553.48  -1.48  200.72  20.29
53413.0  -2.160  -3.810  2.390  5.23  320.83  88.35  553.52  -1.69  200.99  21.73
53414.0  -2.190  -3.790  2.450  5.24  320.82  88.69  553.39  -1.07  198.93  22.01
53415.0  -2.320  -3.800  2.550  5.23  320.65  89.49  553.45  -0.60  198.71  21.62
53416.0  -2.350  -3.800  2.500  5.23  320.65  89.68  553.25  -1.17  197.91  22.10
53417.0  -2.410  -3.810  2.410  5.23  320.59  90.04  553.15  -0.80  197.66  21.94
53418.0  -2.600  -3.810  2.510  5.23  320.39  91.28  553.05  -0.27  198.23  21.14
53419.0  -2.690  -3.770  2.490  5.25  320.33  92.20  552.75  -0.24  197.59  21.42
53420.0  -2.720  -3.730  2.380  5.27  320.32  92.67  552.55  -0.40  197.44  21.35
53421.0  -2.720  -3.730  2.340  5.27  320.36  92.68  552.35  -0.24  197.46  21.86
53422.0  -2.720  -3.730  2.310  5.27  320.37  92.68  552.29  -0.13  197.85  21.99
53423.0  -2.770  -3.760  2.270  5.26  320.31  92.87  552.29  -0.38  197.51  21.56
53424.0  -2.740  -3.780  2.120  5.25  320.36  92.44  552.23  -0.61  197.07  21.52
53425.0  -2.730  -3.830  1.990  5.23  320.40  92.05  552.05  -0.48  196.89  21.47
53426.0  -2.640  -3.880  2.030  5.21  320.53  91.05  551.94  -0.37  197.14  21.64
53427.0  -2.530  -3.920  1.850  5.20  320.68  90.11  551.79  -0.63  198.39  22.08
53428.0  -2.480  -3.940  1.530  5.19  320.77  89.57  551.62  -0.74  197.51  22.11
53429.0  -2.510  -3.990  1.470  5.18  320.75  89.49  551.51  -0.90  196.61  21.58
53430.0  -2.490  -4.000  1.480  5.17  320.78  89.22  551.49  -0.36  195.50  21.74
53431.0  -2.410  -4.030  1.430  5.16  320.88  88.57  551.40  -0.42  196.66  22.11
53432.0  -2.330  -4.060  1.320  5.15  321.02  87.84  551.17  -0.46  196.90  22.16
53433.0  -2.440  -4.110  1.500  5.13  320.90  88.22  551.08  -0.37  197.40  22.31
53434.0  -2.550  -4.130  1.670  5.13  320.81  88.81  550.85  -0.34  197.14  22.18
53435.0  -2.710  -4.150  1.640  5.12  320.65  89.69  550.67  -0.50  195.91  22.19
53436.0  -2.830  -4.180  1.550  5.11  320.50  90.28  550.72  -0.43  195.67  22.04
53437.0  -2.920  -4.190  1.540  5.10  320.37  90.88  550.89  -0.35  195.58  21.91
53438.0  -2.970  -4.210  1.370  5.10  320.30  91.09  550.91  -0.40  196.25  21.92
53439.0  -2.870  -4.210  1.170  5.09  320.44  90.37  550.83  -0.58  197.24  22.03
53440.0  -2.820  -4.220  1.010  5.09  320.48  90.03  550.91  -0.51  197.76  22.35
53441.0  -2.860  -4.210  0.890  5.10  320.47  90.33  550.67  -0.46  197.12  22.17
53442.0  -2.860  -4.210  0.670  5.10  320.49  90.37  550.55  -0.47  197.10  22.45
53443.0  -2.890  -4.230  0.550  5.09  320.50  90.37  550.33  -0.41  196.95  22.42
53444.0  -2.880  -4.240  0.530  5.09  320.55  90.23  550.05  -0.31  196.93  22.41
53445.0  -2.870  -4.240  0.320  5.09  320.58  90.21  549.93  -0.34  196.86  22.47
53446.0  -2.890  -4.210  0.350  5.10  320.58  90.51  549.79  -0.35  196.69  22.55
53447.0  -2.950  -4.210  0.340  5.11  320.53  90.96  549.71  -0.24  196.47  22.56
53448.0  -2.910  -4.210  0.320  5.11  320.60  90.68  549.54  -0.20  194.98  23.07
53449.0  -2.860  -4.210  0.490  5.11  320.69  90.31  549.41  -0.16  195.20  23.13
53450.0  -2.860  -4.190  0.260  5.12  320.72  90.50  549.17  -0.11  196.99  23.04
53451.0  -2.910  -4.200  0.270  5.11  320.69  90.70  549.04  -0.11  196.30  22.66
53452.0  -2.890  -4.210  0.250  5.11  320.73  90.53  548.89  -0.17  196.28  22.64
53453.0  -2.920  -4.230  0.100  5.11  320.72  90.60  548.75  -0.33  195.52  22.68
53454.0  -2.870  -4.240  0.010  5.11  320.80  90.23  548.61  -0.20  196.21  22.92
53455.0  -2.900  -4.260  0.000  5.10  320.79  90.26  548.46  -0.20  195.52  23.27
53456.0  -2.960  -4.290  0.100  5.09  320.78  90.45  548.13  -0.25  195.24  23.11
53457.0  -2.980  -4.310  0.030  5.08  320.79  90.42  547.95  -0.26  194.55  23.13
53458.0  -3.020  -4.320  0.120  5.08  320.77  90.69  547.75  -0.21  194.32  23.25
53459.0  -3.070  -4.320  0.030  5.08  320.73  90.98  547.65  -0.13  194.34  23.37
53460.0  -3.090  -4.340  -0.030  5.08  320.75  91.00  547.38  -0.24  194.03  23.47
53461.0  -3.120  -4.340  0.030  5.08  320.73  91.21  547.24  -0.28  194.10  23.53
53462.0  -3.170  -4.340  -0.090  5.08  320.68  91.55  547.20  -0.12  193.97  23.51
53463.0  -3.180  -4.340  -0.280  5.08  320.71  91.60  546.96  -0.03  193.87  23.35
53464.0  -3.190  -4.340  -0.310  5.08  320.74  91.71  546.71  0.14  193.00  23.51
53465.0  -3.210  -4.360  -0.410  5.08  320.75  91.67  546.52  0.23  192.71  24.17
53466.0  -3.240  -4.390  -0.570  5.07  320.75  91.71  546.32  -0.18  192.62  24.81
53467.0  -3.290  -4.400  -0.590  5.06  320.72  91.95  546.12  -0.70  194.20  23.54
53468.0  -3.310  -4.420  -0.800  5.06  320.70  91.93  546.10  -0.14  193.92  23.20
53469.0  -3.270  -4.430  -0.890  5.05  320.74  91.64  546.13  0.05  193.74  23.21
53470.0  -3.240  -4.450  -0.820  5.05  320.80  91.31  546.02  -0.10  193.80  23.38
53471.0  -3.280  -4.450  -0.910  5.05  320.80  91.51  545.73  -0.17  193.42  23.53
53472.0  -3.260  -4.450  -0.990  5.05  320.85  91.41  545.58  0.03  193.12  24.01
53473.0  -3.330  -4.480  -0.920  5.05  320.84  91.74  545.13  0.09  192.88  24.09
53474.0  -3.500  -4.490  -0.880  5.04  320.71  92.76  544.72  0.04  191.81  23.14
53475.0  -3.510  -4.520  -1.250  5.04  320.76  92.65  544.39  -0.28  192.10  22.76
53476.0  -3.500  -4.540  -1.480  5.03  320.82  92.42  544.08  -0.18  192.13  23.41
53477.0  -3.630  -4.570  -1.520  5.02  320.67  93.13  544.04  0.70  190.56  23.44
53478.0  -3.600  -4.600  -1.590  5.01  320.72  92.75  543.92  0.31  191.33  23.76
53479.0  -3.650  -4.610  -1.590  5.01  320.68  92.96  543.83  0.54  191.58  24.01
53480.0  -3.590  -4.630  -1.430  5.00  320.76  92.37  543.82  0.65  191.86  24.65
53481.0  -3.660  -4.680  -1.380  4.98  320.70  92.54  543.67  0.38  192.47  24.86
53482.0  -3.760  -4.700  -1.140  4.98  320.58  93.12  543.66  0.76  192.56  23.53
53483.0  -3.830  -4.720  -0.720  4.96  320.47  93.48  543.81  2.31  193.07  22.27
53484.0  -3.660  -4.730  -0.690  4.96  320.69  92.25  543.71  -0.12  196.82  23.51
53485.0  -3.830  -4.700  -1.240  4.97  320.45  93.64  543.93  -0.53  190.81  23.78
53486.0  -3.670  -4.670  -1.450  4.98  320.56  92.64  544.41  0.11  192.70  23.89
53487.0  -3.560  -4.680  -1.530  4.97  320.65  91.88  544.60  -0.78  194.36  24.31
53488.0  -3.610  -4.690  -1.600  4.97  320.56  92.17  544.86  -0.71  193.03  24.37
53489.0  -3.470  -4.680  -1.250  4.97  320.71  91.27  544.90  -0.92  193.62  24.72
53490.0  -3.530  -4.710  -1.420  4.96  320.63  91.47  544.99  0.05  191.44  24.31
53491.0  -3.710  -4.720  -1.390  4.96  320.41  92.67  544.98  1.15  190.81  22.79
53492.0  -3.690  -4.720  -1.090  4.96  320.49  92.52  544.66  -0.75  193.42  22.34
53493.0  -3.620  -4.700  -1.290  4.96  320.56  92.16  544.74  -0.61  193.27  23.54
53494.0  -3.470  -4.670  -1.520  4.97  320.68  91.32  545.11  -0.13  193.30  24.37
53495.0  -3.460  -4.680  -1.540  4.97  320.65  91.17  545.32  0.25  192.62  24.64
53496.0  -3.440  -4.690  -1.610  4.96  320.65  91.03  545.47  0.07  193.22  24.56
53497.0  -3.500  -4.690  -1.460  4.96  320.58  91.40  545.52  0.20  193.19  24.01
53498.0  -3.490  -4.690  -1.230  4.96  320.55  91.32  545.76  0.39  193.50  24.10
53499.0  -3.530  -4.690  -1.150  4.96  320.49  91.60  545.80  0.38  193.33  24.17
53500.0  -3.520  -4.690  -1.010  4.96  320.50  91.54  545.78  0.08  193.00  24.34
53501.0  -3.520  -4.710  -1.030  4.95  320.52  91.34  545.72  0.00  192.41  24.56
53502.0  -3.500  -4.750  -1.030  4.94  320.53  91.00  545.78  0.05  192.45  24.70
53503.0  -3.510  -4.760  -1.090  4.93  320.50  91.00  545.88  -0.13  192.71  24.80
53504.0  -3.520  -4.750  -1.180  4.93  320.48  91.09  545.93  -0.32  192.92  24.72
53505.0  -3.480  -4.750  -1.200  4.94  320.54  90.84  545.87  -0.35  192.99  24.68
53506.0  -3.430  -4.750  -1.030  4.94  320.62  90.49  545.73  -0.40  192.81  24.77
53507.0  -3.420  -4.750  -1.210  4.94  320.65  90.41  545.64  -0.62  193.32  24.89
53508.0  -3.380  -4.770  -1.310  4.93  320.72  90.01  545.49  -0.58  193.56  25.04
53509.0  -3.390  -4.800  -1.480  4.92  320.76  89.84  545.25  -0.71  193.45  25.09
53510.0  -3.460  -4.830  -1.440  4.91  320.72  90.12  544.96  -0.78  193.55  24.92
53511.0  -3.430  -4.860  -1.020  4.91  320.79  89.76  544.73  -0.63  193.57  25.19
53512.0  -3.520  -4.830  -0.960  4.92  320.74  90.51  544.40  -0.51  193.51  25.30
53513.0  -3.480  -4.830  -0.750  4.92  320.83  90.28  544.21  -0.39  193.91  25.81
53514.0  -3.510  -4.850  -0.980  4.91  320.81  90.34  544.03  -0.57  194.96  26.17
53515.0  -3.500  -4.890  -1.440  4.90  320.86  90.00  543.83  -0.59  195.63  25.87
