flight/WP3D/AircraftPos_NP3_20130612_RA.ict
38  1001
Ken Aikin
NOAA ESRL Chemical Sciences Division
various aircraft sensors
SENEX 2013
1  1
2013  06  12  2013  06  12
1
AOCTimewave
5
1  1  1  1  1 
-9999  -9999  -9999  -9999  -9999
GpsLat  deg
GpsLon  deg
GpsAlt  m
PAlt  m
RAlt  m
1
SPECIAL COMMENTS:Atlanta flight.
18
PI_CONTACT_INFO: Address: NOAA ESRL Chemical Sciences Division  Mail Stop R/CSD7  325 Broadway  Boulder  CO 80305
PLATFORM: NOAA WP-3D
LOCATION: The aircraft was stationed in Smyrna  Tennessee. Aircraft location information in AircraftPosition file.
ASSOCIATED_DATA: N/A
INSTRUMENT_INFO: N/A
DATA_INFO: Units:GpsLat:decimal degrees; GpsLon: decimal degrees; GpsAlt: meters; PAlt:meters; RAlt: meters.
UNCERTAINTY: N/A
ULOD_FLAG: -7777
ULOD_VALUE: N/A
LLOD_FLAG: -8888
LLOD_VALUE: N/A
DM_CONTACT_INFO: Data Manager:Ken Aikin; email:Kenneth.C.Aikin@noaa.gov
PROJECT_INFO: SENEX 2013 Study; June 1 - July 15  2013
STIPULATIONS_ON_USE: Use of these data require prior ok from PI.
OTHER_COMMENTS:       None
REVISION: RA
RA: Preliminary Data.  For in-field use.
AOCTimewave  GpsLat  GpsLon  GpsAlt  PAlt  RAlt
[from data line 10182]
63480.0  32.8756   -83.5836   1100.5    991.9    994.8
63481.0  32.8766   -83.5842   1105.4    996.3   1005.4
63482.0  32.8777   -83.5848   1109.6    998.8   1017.3
63483.0  32.8786   -83.5855   1113.5   1003.1   1015.1
63484.0  32.8796   -83.5862   1117.5   1008.1   1021.3
63485.0  32.8805   -83.5870   1121.1   1009.8   1021.6
63486.0  32.8814   -83.5879   1126.1   1014.5   1023.0
63487.0  32.8823   -83.5887   1132.1   1020.3   1031.1
63488.0  32.8831   -83.5897   1139.3   1026.7   1036.5
63489.0  32.8840   -83.5907   1147.0   1034.5   1052.2
63490.0  32.8847   -83.5917   1154.4   1041.8   1069.4
63491.0  32.8854   -83.5928   1160.9   1050.3   1084.1
63492.0  32.8861   -83.5939   1166.8   1055.9   1090.6
63493.0  32.8868   -83.5950   1172.6   1059.9   1092.0
63494.0  32.8873   -83.5962   1178.9   1065.3   1097.1
63495.0  32.8879   -83.5974   1185.8   1072.1   1099.2
63496.0  32.8884   -83.5986   1193.4   1079.5   1093.5
63497.0  32.8888   -83.5999   1201.1   1088.1   1095.6
63498.0  32.8892   -83.6012   1207.9   1093.9   1103.9
63499.0  32.8896   -83.6025   1214.4   1099.6   1106.7
63500.0  32.8899   -83.6038   1221.5   1106.6   1101.0
63501.0  32.8902   -83.6052   1229.4   1114.2   1117.5
63502.0  32.8904   -83.6065   1237.0   1121.3   1150.7
63503.0  32.8905   -83.6079   1243.5   1127.8   1160.4
63504.0  32.8907   -83.6092   1249.8   1135.0   1158.4
63505.0  32.8907   -83.6106   1255.3   1140.3   1188.5
63506.0  32.8908   -83.6120   1260.0   1143.7   1194.4
63507.0  32.8907   -83.6134   1263.9   1146.7   1203.9
63508.0  32.8907   -83.6148   1268.2   1150.9   1220.3
63509.0  32.8905   -83.6162   1273.4   1155.8   1230.2
63510.0  32.8904   -83.6175   1280.0   1161.9   1219.1
63511.0  32.8901   -83.6189   1287.8   1169.2   1210.3
63512.0  32.8898   -83.6203   1296.0   1176.7   1204.9
63513.0  32.8895   -83.6216   1304.1   1184.4   1225.2
63514.0  32.8891   -83.6229   1312.0   1192.1   1225.4
63515.0  32.8887   -83.6242   1319.1   1198.0   1229.6
63516.0  32.8882   -83.6255   1326.0   1206.0   1234.9
63517.0  32.8877   -83.6267   1333.3   1212.8   1236.0
63518.0  32.8872   -83.6280   1340.2   1219.9   1235.8
63519.0  32.8866   -83.6292   1346.2   1226.1   1251.1
63520.0  32.8860   -83.6304   1351.4   1230.1   1252.7
63521.0  32.8853   -83.6315   1356.8   1234.0   1242.1
63522.0  32.8846   -83.6326   1361.6   1238.1   1265.4
63523.0  32.8838   -83.6337   1365.9   1243.2   1278.9
63524.0  32.8830   -83.6348   1370.6   1248.1   1278.2
63525.0  32.8822   -83.6358   1375.4   1253.1   1299.9
63526.0  32.8813   -83.6368   1380.2   1256.9   1312.5
63527.0  32.8804   -83.6377   1385.6   1261.2   1327.3
63528.0  32.8795   -83.6386   1391.6   1267.2   1325.1
63529.0  32.8785   -83.6394   1397.6   1272.1   1340.7
63530.0  32.8775   -83.6402   1403.6   1278.6   1340.2
63531.0  32.8765   -83.6409   1409.3   1284.8   1354.4
63532.0  32.8754   -83.6416   1414.9   1290.1   1361.0
63533.0  32.8744   -83.6423   1420.0   1295.2   1376.6
63534.0  32.8733   -83.6429   1424.6   1298.6   1374.8
63535.0  32.8721   -83.6434   1429.4   1304.0   1371.6
63536.0  32.8710   -83.6439   1435.5   1309.4   1384.4
63537.0  32.8698   -83.6443   1442.1   1315.6   1391.0
63538.0  32.8687   -83.6447   1448.4   1319.2   1376.3
63539.0  32.8675   -83.6450   1455.1   1325.6   1412.1
63540.0  32.8663   -83.6452   1462.1   1332.2   1426.0
63541.0  32.8651   -83.6454   1469.9   1340.4   1425.9
63542.0  32.8639   -83.6455   1478.5   1348.5   1437.8
63543.0  32.8627   -83.6456   1486.6   1357.5   1448.7
63544.0  32.8615   -83.6456   1494.0   1364.4   1425.0
63545.0  32.8603   -83.6455   1501.4   1371.0   1444.0
63546.0  32.8591   -83.6454   1508.6   1379.5   1445.4
63547.0  32.8579   -83.6452   1515.3   1385.9   1442.1
63548.0  32.8567   -83.6450   1521.5   1390.5   1444.5
63549.0  32.8555   -83.6447   1527.1   1397.2   1441.8
63550.0  32.8543   -83.6444   1532.1   1402.2   1440.3
63551.0  32.8531   -83.6440   1536.6   1404.8   1459.0
63552.0  32.8520   -83.6436   1541.3   1409.7   1466.3
63553.0  32.8509   -83.6431   1546.7   1414.9   1461.3
63554.0  32.8497   -83.6425   1552.1   1419.6   1471.2
63555.0  32.8486   -83.6419   1557.7   1424.8   1474.1
63556.0  32.8476   -83.6413   1563.7   1431.0   1483.5
63557.0  32.8465   -83.6405   1569.9   1437.1   1475.2
63558.0  32.8455   -83.6398   1575.5   1441.4   1481.5
63559.0  32.8445   -83.6390   1581.1   1445.7   1490.8
63560.0  32.8435   -83.6381   1587.4   1452.2   1485.4
63561.0  32.8425   -83.6372   1593.2   1458.5   1490.4
63562.0  32.8416   -83.6363   1597.7   1460.8   1486.8
63563.0  32.8407   -83.6353   1602.8   1465.6   1495.4
63564.0  32.8399   -83.6343   1607.5   1469.4   1507.9
63565.0  32.8390   -83.6332   1613.1   1473.3   1519.7
63566.0  32.8383   -83.6321   1620.2   1479.6   1528.5
63567.0  32.8375   -83.6310   1629.4   1490.2   1536.8
63568.0  32.8369   -83.6298   1639.5   1501.1   1560.5
63569.0  32.8362   -83.6286   1650.2   1510.3   1575.5
63570.0  32.8356   -83.6274   1660.4   1520.8   1588.4
63571.0  32.8351   -83.6261   1669.5   1530.5   1592.9
63572.0  32.8345   -83.6249   1678.3   1538.4   1611.5
63573.0  32.8341   -83.6236   1686.4   1546.0   1613.1
63574.0  32.8336   -83.6223   1694.4   1552.3   1616.7
63575.0  32.8333   -83.6209   1702.3   1560.8   1622.9
63576.0  32.8329   -83.6196   1709.6   1568.1   1647.4
63577.0  32.8326   -83.6182   1716.5   1574.1   1660.3
63578.0  32.8324   -83.6169   1722.6   1581.0   1659.4
63579.0  32.8322   -83.6155   1728.0   1586.1   1667.3
63580.0  32.8320   -83.6141   1733.1   1590.8   1671.8
63581.0  32.8319   -83.6127   1737.7   1595.1   1667.8
63582.0  32.8318   -83.6113   1741.4   1598.9   1698.1
63583.0  32.8318   -83.6099   1744.7   1601.2   1688.1
63584.0  32.8319   -83.6085   1748.3   1604.3   1684.5
63585.0  32.8319   -83.6072   1753.1   1608.1   1714.8
63586.0  32.8321   -83.6058   1758.6   1614.1   1722.6
63587.0  32.8323   -83.6044   1764.2   1620.0   1726.6
63588.0  32.8325   -83.6031   1767.9   1623.4   1725.1
63589.0  32.8328   -83.6017   1770.2   1625.3   1710.1
63590.0  32.8331   -83.6003   1772.6   1627.3   1718.1
63591.0  32.8334   -83.5990   1774.8   1630.0   1738.3
63592.0  32.8338   -83.5977   1776.7   1631.5   1743.7
63593.0  32.8342   -83.5964   1779.1   1632.6   1750.5
63594.0  32.8347   -83.5952   1783.9   1634.8   1755.1
63595.0  32.8353   -83.5939   1791.6   1644.7   1750.9
63596.0  32.8359   -83.5928   1801.0   1653.6   1762.2
63597.0  32.8365   -83.5916   1811.1   1662.7   1772.9
63598.0  32.8372   -83.5905   1821.0   1672.4   1759.1
63599.0  32.8379   -83.5894   1829.7   1682.6   1783.4
63600.0  32.8386   -83.5884   1837.3   1688.9   1811.1
63601.0  32.8394   -83.5874   1844.4   1695.7   1809.2
63602.0  32.8402   -83.5864   1851.4   1702.0   1818.1
63603.0  32.8410   -83.5855   1858.2   1707.5   1811.3
63604.0  32.8419   -83.5847   1866.1   1714.1   1802.0
63605.0  32.8427   -83.5839   1875.2   1723.1   1814.0
63606.0  32.8437   -83.5831   1885.2   1733.6   1823.6
63607.0  32.8446   -83.5824   1895.5   1742.8   1828.9
63608.0  32.8456   -83.5818   1906.4   1753.5   1835.8
63609.0  32.8466   -83.5812   1917.2   1762.9   1846.2
63610.0  32.8476   -83.5807   1927.6   1772.4   1877.7
63611.0  32.8486   -83.5803   1936.7   1781.5   1873.2
63612.0  32.8496   -83.5798   1945.6   1791.0   1884.3
63613.0  32.8507   -83.5795   1953.6   1799.3   1867.7
63614.0  32.8517   -83.5792   1960.8   1805.0   1864.8
63615.0  32.8528   -83.5789   1967.2   1810.9   1882.4
63616.0  32.8538   -83.5788   1973.4   1816.5   1901.3
63617.0  32.8549   -83.5786   1980.1   1822.5   1913.5
63618.0  32.8560   -83.5785   1987.4   1830.8   1913.5
63619.0  32.8570   -83.5785   1995.5   1837.4   1918.0
63620.0  32.8581   -83.5786   2004.3   1846.4   1929.5
63621.0  32.8592   -83.5787   2013.1   1856.3   1918.8
63622.0  32.8602   -83.5788   2021.4   1863.6   1920.5
63623.0  32.8613   -83.5790   2029.3   1870.9   1938.9
63624.0  32.8623   -83.5793   2037.2   1877.4   1954.6
63625.0  32.8633   -83.5796   2045.5   1886.5   1966.3
63626.0  32.8643   -83.5800   2053.9   1894.2   1966.8
63627.0  32.8653   -83.5804   2062.3   1901.5   1971.3
63628.0  32.8663   -83.5809   2071.3   1910.5   1960.9
63629.0  32.8673   -83.5815   2080.4   1918.8   1976.1
63630.0  32.8682   -83.5820   2088.6   1926.3   1974.9
63631.0  32.8691   -83.5827   2095.8   1932.2   1989.4
63632.0  32.8700   -83.5833   2103.0   1938.8   2001.4
63633.0  32.8708   -83.5841   2110.0   1947.3   2013.5
63634.0  32.8717   -83.5848   2116.5   1952.4   2014.7
63635.0  32.8725   -83.5856   2122.8   1958.7   2037.3
63636.0  32.8733   -83.5865   2129.3   1964.2   2045.0
63637.0  32.8740   -83.5874   2136.5   1970.6   2050.6
63638.0  32.8747   -83.5883   2144.8   1979.3   2069.4
63639.0  32.8753   -83.5893   2154.2   1988.8   2094.9
63640.0  32.8760   -83.5904   2164.1   1998.1   2113.8
63641.0  32.8765   -83.5914   2174.2   2007.6   2119.5
63642.0  32.8771   -83.5925   2184.2   2015.9   2114.2
63643.0  32.8776   -83.5936   2193.9   2024.1   2136.6
63644.0  32.8780   -83.5948   2203.7   2034.7   2148.5
63645.0  32.8784   -83.5960   2213.2   2044.2   2158.0
63646.0  32.8788   -83.5972   2222.2   2053.0   2170.3
63647.0  32.8791   -83.5984   2231.1   2061.4   2180.2
63648.0  32.8793   -83.5996   2239.2   2068.7   2192.0
63649.0  32.8796   -83.6009   2246.7   2077.1   2194.3
63650.0  32.8797   -83.6021   2253.3   2083.9   2194.5
63651.0  32.8799   -83.6034   2258.9   2088.4   2187.0
63652.0  32.8800   -83.6047   2262.6   2091.6   2192.4
63653.0  32.8800   -83.6060   2264.8   2093.6   2197.2
63654.0  32.8800   -83.6073   2266.7   2096.0   2193.3
63655.0  32.8800   -83.6087   2268.3   2097.6   2192.4
63656.0  32.8799   -83.6100   2269.6   2096.9   2209.5
63657.0  32.8798   -83.6113   2271.8   2097.5   2198.6
63658.0  32.8796   -83.6126   2275.4   2102.4   2216.5
63659.0  32.8793   -83.6140   2280.6   2106.9   2228.2
63660.0  32.8790   -83.6153   2286.7   2111.9   2231.2
63661.0  32.8787   -83.6166   2293.5   2119.5   2234.9
63662.0  32.8782   -83.6179   2300.4   2126.8   2251.9
63663.0  32.8778   -83.6191   2306.8   2132.7   2255.5
63664.0  32.8773   -83.6204   2311.7   2136.8   2259.7
63665.0  32.8768   -83.6216   2316.3   2140.7   2265.9
63666.0  32.8762   -83.6228   2321.3   2146.7   2260.6
63667.0  32.8755   -83.6240   2325.8   2151.7   2256.4
63668.0  32.8749   -83.6251   2330.7   2155.4   2255.9
63669.0  32.8741   -83.6262   2335.9   2160.8   2255.1
63670.0  32.8734   -83.6273   2341.9   2165.5   2245.7
63671.0  32.8726   -83.6283   2348.3   2171.7   2253.4
63672.0  32.8717   -83.6293   2355.3   2178.6   2261.1
63673.0  32.8709   -83.6303   2362.5   2184.4   2256.3
63674.0  32.8699   -83.6312   2369.9   2191.9   2274.5
63675.0  32.8690   -83.6321   2377.1   2199.9   2302.5
63676.0  32.8680   -83.6329   2384.2   2206.1   2306.9
63677.0  32.8670   -83.6337   2391.1   2212.8   2310.9
63678.0  32.8660   -83.6344   2397.7   2218.7   2322.8
63679.0  32.8650   -83.6351   2403.9   2225.0   2330.8
63680.0  32.8639   -83.6357   2409.8   2231.1   2332.4
63681.0  32.8628   -83.6363   2415.5   2235.5   2345.2
63682.0  32.8617   -83.6369   2420.7   2240.6   2363.5
63683.0  32.8605   -83.6374   2425.0   2245.8   2379.5
63684.0  32.8594   -83.6378   2429.2   2250.5   2370.1
63685.0  32.8582   -83.6381   2433.9   2254.8   2375.4
63686.0  32.8570   -83.6385   2439.4   2260.0   2394.1
63687.0  32.8558   -83.6387   2445.7   2265.3   2407.1
63688.0  32.8546   -83.6389   2452.4   2270.9   2408.4
63689.0  32.8534   -83.6390   2459.4   2278.2   2407.4
63690.0  32.8522   -83.6390   2466.3   2285.6   2406.1
63691.0  32.8509   -83.6390   2472.7   2290.9   2402.6
63692.0  32.8497   -83.6390   2478.8   2295.8   2400.0
63693.0  32.8485   -83.6388   2485.2   2300.2   2396.4
63694.0  32.8473   -83.6387   2492.3   2306.4   2399.4
63695.0  32.8461   -83.6384   2499.7   2314.1   2401.0
63696.0  32.8449   -83.6381   2507.2   2322.4   2409.8
63697.0  32.8437   -83.6378   2514.6   2328.8   2418.9
63698.0  32.8426   -83.6374   2521.8   2336.8   2431.1
63699.0  32.8414   -83.6369   2529.1   2342.9   2427.0
63700.0  32.8403   -83.6364   2536.4   2349.6   2447.5
63701.0  32.8392   -83.6358   2543.5   2356.9   2442.3
63702.0  32.8381   -83.6352   2550.5   2363.9   2452.5
63703.0  32.8370   -83.6345   2557.2   2370.6   2458.4
63704.0  32.8359   -83.6338   2563.5   2376.3   2477.4
63705.0  32.8349   -83.6330   2569.4   2381.7   2485.4
63706.0  32.8339   -83.6321   2574.8   2385.6   2493.3
63707.0  32.8330   -83.6313   2580.2   2390.2   2496.9
63708.0  32.8321   -83.6303   2585.2   2396.9   2513.1
63709.0  32.8312   -83.6293   2589.4   2400.3   2527.1
63710.0  32.8303   -83.6283   2594.0   2405.0   2532.0
63711.0  32.8295   -83.6273   2598.8   2409.7   2522.8
63712.0  32.8287   -83.6262   2603.4   2414.2   2542.1
63713.0  32.8280   -83.6250   2608.3   2419.3   2548.0
63714.0  32.8273   -83.6238   2613.7   2423.9   2553.8
63715.0  32.8267   -83.6226   2619.8   2429.4   2561.4
63716.0  32.8261   -83.6214   2626.3   2434.3   2559.4
63717.0  32.8255   -83.6201   2633.1   2442.0   2569.8
63718.0  32.8250   -83.6188   2639.9   2448.4   2580.5
63719.0  32.8246   -83.6175   2646.7   2454.9   2586.6
63720.0  32.8242   -83.6162   2653.2   2460.8   2597.9
63721.0  32.8238   -83.6148   2659.9   2466.0   2603.8
63722.0  32.8235   -83.6135   2667.3   2473.6   2606.2
63723.0  32.8232   -83.6121   2674.8   2481.0   2618.4
63724.0  32.8230   -83.6107   2682.0   2488.3   2622.5
63725.0  32.8229   -83.6093   2689.3   2494.7   2624.7
63726.0  32.8228   -83.6079   2696.4   2501.5   2629.9
63727.0  32.8227   -83.6065   2703.4   2508.0   2643.7
63728.0  32.8227   -83.6052   2710.3   2514.4   2665.2
63729.0  32.8227   -83.6038   2717.5   2521.2   2657.3
63730.0  32.8228   -83.6024   2724.9   2526.4   2670.5
63731.0  32.8230   -83.6010   2733.4   2533.5   2690.5
63732.0  32.8232   -83.5997   2742.6   2542.8   2688.1
63733.0  32.8234   -83.5983   2752.1   2551.8   2696.6
63734.0  32.8237   -83.5970   2761.6   2560.5   2721.0
63735.0  32.8240   -83.5957   2771.4   2570.8   2722.9
63736.0  32.8244   -83.5944   2781.2   2579.0   2746.7
63737.0  32.8248   -83.5932   2791.6   2589.4   2763.0
63738.0  32.8253   -83.5919   2802.1   2599.6   2764.9
63739.0  32.8258   -83.5908   2812.3   2608.9   2782.5
63740.0  32.8264   -83.5896   2822.6   2618.3   2800.8
63741.0  32.8270   -83.5885   2832.8   2627.0   2801.7
63742.0  32.8276   -83.5874   2842.9   2637.9   2798.2
63743.0  32.8283   -83.5863   2852.7   2647.0   2803.3
63744.0  32.8290   -83.5853   2861.8   2656.5   2808.7
63745.0  32.8297   -83.5843   2870.1   2664.1   2817.6
63746.0  32.8305   -83.5834   2877.4   2671.4   2834.7
63747.0  32.8313   -83.5824   2884.4   2677.2   2837.9
63748.0  32.8321   -83.5816   2890.8   2683.7   2842.7
63749.0  32.8330   -83.5807   2896.1   2688.1   2845.5
63750.0  32.8339   -83.5799   2900.9   2693.0   2851.9
63751.0  32.8348   -83.5792   2904.9   2697.5   2850.8
63752.0  32.8357   -83.5785   2908.6   2701.8   2849.5
63753.0  32.8367   -83.5778   2912.4   2706.1   2857.2
63754.0  32.8377   -83.5772   2916.1   2709.3   2852.2
63755.0  32.8387   -83.5766   2920.6   2712.5   2846.9
63756.0  32.8398   -83.5761   2925.6   2717.1   2850.5
63757.0  32.8408   -83.5756   2930.9   2721.1   2859.3
63758.0  32.8419   -83.5752   2936.7   2727.3   2857.4
63759.0  32.8430   -83.5749   2942.9   2733.9   2863.2
63760.0  32.8441   -83.5746   2948.5   2739.8   2876.9
63761.0  32.8452   -83.5743   2953.1   2743.3   2883.4
63762.0  32.8463   -83.5741   2956.9   2746.2   2879.2
63763.0  32.8474   -83.5740   2960.3   2750.6   2895.8
63764.0  32.8486   -83.5739   2964.1   2753.9   2905.0
63765.0  32.8497   -83.5739   2968.1   2757.7   2905.4
63766.0  32.8508   -83.5739   2972.7   2762.4   2925.5
63767.0  32.8520   -83.5740   2978.0   2766.6   2919.6
63768.0  32.8531   -83.5741   2983.9   2771.1   2909.3
63769.0  32.8542   -83.5743   2990.7   2777.8   2912.7
