flight/WP3D/AircraftMet_NP3_20130610_RA.ict
43  1001
Ken Aikin
NOAA ESRL Chemical Sciences Division
various aircraft sensors
SENEX 2013
1  1
2013  06  10  2013  06  10
1
AOCTimewave
10
1  1  1  1  1  1  1  1  1  1
-9999  -9999  -9999  -9999  -9999  -9999  -9999  -9999  -9999  -9999
AmbTemp  C
DewPtTemp  C
DewPtTempTDL  C
H2Omr  g/kg
PotTemp  K
RelHumidity  pct
StaticPrs  mbar
VertWindSpd  m/s
WindDir  deg
WindSpd  m/s
1
SPECIAL COMMENTS:Haynesville shale.
18
PI_CONTACT_INFO: Address: NOAA ESRL Chemical Sciences Division  Mail Stop R/CSD7  325 Broadway  Boulder  CO 80305
PLATFORM: NOAA WP-3D
LOCATION: The aircraft was stationed in  Smyrna  Tennessee. Aircraft location information in AircraftPosition file.
ASSOCIATED_DATA: N/A
INSTRUMENT_INFO: N/A
DATA_INFO: Units:AmbTemp celcius; DewPtTemp celcius; DewPtTempTDL celcius; H2Omr g/kg; PotTemp kelvin; RelHumidity percent; StaticPrs millibar; VertWindSpd m/s; WindDir degrees; WindSpd m/s
UNCERTAINTY: N/A
ULOD_FLAG: -7777
ULOD_VALUE: N/A
LLOD_FLAG: -8888
LLOD_VALUE: N/A
DM_CONTACT_INFO: Data Manager:Ken Aikin; email:Kenneth.C.Aikin@noaa.gov
PROJECT_INFO: SENEX 2013 Study; June 1 - July 15  2013
STIPULATIONS_ON_USE: Use of these data require prior ok from PI.
OTHER_COMMENTS:       None
REVISION: RA
RA: Preliminary Data.  For in-field use.
AOCTimewave  AmbTemp  DewPtTemp  DewPtTempTDL  H2Omr  PotTemp  RelHumidity  StaticPrs  VertWindSpd  WindDir  WindSpd
[from data line 8818]
62544.0  25.690  19.970  -29.480  15.60  303.00  69.93  952.81  1.87  232.93  0.30
62545.0  25.610  19.970  -29.480  15.60  302.93  70.28  952.63  1.03  294.50  1.89
62546.0  25.620  19.960  -29.480  15.60  302.95  70.21  952.51  1.17  306.92  1.03
62547.0  25.640  19.950  -29.480  15.59  302.98  70.07  952.44  0.93  271.33  0.96
62548.0  25.620  19.940  -29.480  15.57  302.96  70.10  952.42  0.54  271.52  2.18
62549.0  25.640  19.930  -29.480  15.57  302.98  69.96  952.43  0.65  273.22  2.45
62550.0  25.690  19.880  -29.480  15.51  303.02  69.55  952.46  -0.21  265.17  2.89
62551.0  25.750  19.820  -29.480  15.45  303.07  69.02  952.61  -0.23  250.48  2.89
62552.0  25.600  19.770  -29.480  15.41  302.93  69.44  952.49  -0.12  258.56  3.19
62553.0  25.590  19.720  -29.480  15.36  302.90  69.28  952.65  -0.40  259.49  3.08
62554.0  25.580  19.710  -29.480  15.35  302.89  69.26  952.75  -1.10  250.26  2.66
62555.0  25.590  19.700  -29.480  15.33  302.89  69.15  952.90  -0.88  246.58  2.54
62556.0  25.520  19.680  -29.480  15.31  302.81  69.35  952.91  -0.58  256.71  2.22
62557.0  25.620  19.660  -29.480  15.29  302.90  68.86  953.04  0.18  254.92  2.53
62558.0  25.630  19.670  -29.480  15.30  302.91  68.86  953.09  0.32  246.61  3.25
62559.0  25.530  19.680  -29.480  15.31  302.81  69.34  953.00  -0.53  248.32  2.01
62560.0  25.580  19.670  -29.480  15.30  302.85  69.08  953.11  -1.72  249.09  1.98
62561.0  25.580  19.660  -29.480  15.29  302.85  69.06  953.17  -1.59  223.21  1.23
62562.0  25.590  19.660  -29.480  15.29  302.86  68.99  953.22  -1.80  234.28  2.37
62563.0  25.500  19.650  -29.480  15.28  302.75  69.35  953.37  -1.52  250.20  2.16
62564.0  25.580  19.660  -29.480  15.28  302.81  69.05  953.53  -1.46  241.29  2.46
62565.0  25.520  19.690  -29.480  15.31  302.75  69.44  953.52  -1.43  269.83  3.12
62566.0  25.640  19.740  -29.480  15.36  302.86  69.14  953.64  -0.44  261.42  1.90
62567.0  25.840  19.790  -29.480  15.41  303.08  68.54  953.46  1.24  172.96  1.16
62568.0  25.900  19.870  -29.480  15.49  303.17  68.62  953.12  1.33  220.95  1.97
62569.0  25.870  19.940  -29.480  15.57  303.18  69.00  952.84  0.42  238.68  2.95
62570.0  25.640  19.970  -29.480  15.61  302.94  70.20  952.72  -0.72  252.54  2.88
62571.0  25.530  20.000  -29.480  15.63  302.83  70.78  952.81  0.04  256.09  1.74
62572.0  25.740  20.030  -29.480  15.66  303.05  69.98  952.72  0.97  262.17  3.22
62573.0  25.820  20.050  -29.480  15.68  303.14  69.72  952.62  1.41  247.23  2.46
62574.0  25.680  20.040  -29.480  15.68  303.00  70.32  952.56  0.97  265.36  2.69
62575.0  25.720  20.040  -29.480  15.67  303.06  70.11  952.46  -0.12  263.57  2.89
62576.0  25.670  20.010  -29.480  15.65  303.00  70.24  952.48  -0.06  263.08  2.46
62577.0  25.690  19.990  -29.480  15.63  303.03  70.03  952.43  -0.26  245.40  2.84
62578.0  25.700  19.990  -29.480  15.62  303.02  70.00  952.59  -0.76  260.51  3.42
62579.0  25.690  19.960  -29.480  15.60  303.02  69.89  952.59  -0.87  264.02  3.48
62580.0  25.730  19.910  -29.480  15.54  303.03  69.52  952.86  -1.12  251.07  2.80
62581.0  25.620  19.840  -29.480  15.47  302.92  69.66  952.87  -1.09  256.61  2.39
62582.0  25.600  19.800  -29.480  15.42  302.88  69.56  953.05  -1.05  258.26  2.47
62583.0  25.600  19.770  -29.480  15.40  302.88  69.45  953.05  -1.03  247.53  1.70
62584.0  25.730  19.740  -29.480  15.37  303.00  68.77  953.16  -0.86  233.52  1.93
62585.0  25.650  19.670  -29.480  15.31  302.92  68.82  953.12  -0.70  240.44  1.51
62586.0  25.710  19.640  -29.480  15.27  302.98  68.39  953.14  -1.51  242.95  1.65
62587.0  25.630  19.600  -29.480  15.23  302.88  68.56  953.38  -0.15  277.48  1.60
62588.0  25.840  19.580  -29.480  15.21  303.11  67.62  953.21  1.47  255.94  2.39
62589.0  25.890  19.580  -29.480  15.22  303.18  67.41  953.00  1.19  243.27  2.97
62590.0  25.790  19.580  -29.480  15.22  303.09  67.81  952.85  0.44  242.70  3.11
62591.0  25.590  19.560  -29.480  15.20  302.89  68.55  952.89  0.42  259.48  2.55
62592.0  25.560  19.570  -29.480  15.20  302.85  68.70  952.98  -0.18  264.92  3.64
62593.0  25.450  19.570  -29.480  15.20  302.75  69.17  952.80  0.23  275.24  2.55
62594.0  25.470  19.570  -29.480  15.21  302.76  69.13  952.82  0.09  296.43  1.59
62595.0  25.510  19.570  -29.480  15.21  302.81  68.96  952.74  -0.33  280.56  2.17
62596.0  25.540  19.600  -29.480  15.24  302.84  68.96  952.81  -1.05  271.01  2.24
62597.0  25.530  19.630  -29.480  15.27  302.82  69.12  952.91  -1.76  258.01  2.05
62598.0  25.660  19.630  -29.480  15.27  302.94  68.59  953.05  -1.05  250.61  3.39
62599.0  25.800  19.640  -29.480  15.28  303.09  68.05  952.99  -1.26  250.11  3.75
62600.0  25.710  19.610  -29.480  15.25  302.99  68.28  953.12  -0.49  249.55  3.92
62601.0  25.700  19.590  -29.480  15.22  302.96  68.26  953.29  -0.60  241.26  3.20
62602.0  25.700  19.570  -29.480  15.20  302.96  68.15  953.24  -1.13  233.99  2.39
62603.0  25.530  19.530  -29.480  15.16  302.78  68.68  953.28  -0.26  271.80  3.64
62604.0  25.760  19.500  -29.480  15.14  303.03  67.62  953.13  -0.11  264.43  4.68
62605.0  25.860  19.470  -29.480  15.11  303.14  67.05  953.12  0.05  243.79  4.51
62606.0  25.720  19.450  -29.480  15.09  302.99  67.57  953.21  -0.68  242.54  3.37
62607.0  25.730  19.450  -29.480  15.08  302.98  67.49  953.43  0.10  242.62  3.27
62608.0  25.750  19.400  -29.480  15.04  303.01  67.21  953.35  -0.89  234.21  3.58
62609.0  25.550  19.360  -29.480  15.00  302.81  67.87  953.31  -0.48  246.85  2.63
62610.0  25.560  19.330  -29.480  14.97  302.83  67.69  953.17  -0.58  248.00  3.23
62611.0  25.610  19.290  -29.480  14.94  302.89  67.31  953.04  -1.13  247.18  3.10
62612.0  25.510  19.270  -29.480  14.91  302.78  67.61  953.23  -0.13  229.88  1.49
62613.0  25.470  19.240  -29.480  14.88  302.73  67.65  953.31  0.10  245.86  2.15
62614.0  25.450  19.210  -29.480  14.86  302.73  67.66  952.99  -0.73  258.30  2.24
62615.0  25.380  19.220  -29.480  14.87  302.67  67.97  952.81  -1.11  260.27  2.33
62616.0  25.390  19.240  -29.480  14.89  302.68  67.99  952.88  -0.66  276.57  2.74
62617.0  25.400  19.310  -29.480  14.95  302.70  68.26  952.82  -0.72  275.70  2.29
62618.0  25.400  19.350  -29.480  15.00  302.71  68.47  952.61  -0.91  285.23  2.17
62619.0  25.570  19.400  -29.480  15.04  302.85  67.95  952.94  0.10  273.88  1.51
62620.0  25.600  19.430  -29.480  15.07  302.89  67.96  952.98  0.25  266.35  1.76
62621.0  25.660  19.470  -29.480  15.11  302.94  67.90  953.04  0.89  238.23  2.01
62622.0  25.620  19.500  -29.480  15.14  302.92  68.16  952.87  1.31  230.82  2.85
62623.0  25.540  19.520  -29.480  15.17  302.86  68.60  952.68  1.52  243.20  1.65
62624.0  25.610  19.580  -29.480  15.22  302.93  68.56  952.60  1.21  221.58  1.88
62625.0  25.640  19.650  -29.480  15.29  302.97  68.77  952.46  0.22  237.93  2.25
62626.0  25.540  19.690  -29.480  15.33  302.87  69.33  952.54  -0.11  251.35  2.65
62627.0  25.520  19.690  -29.480  15.32  302.83  69.41  952.70  0.16  257.47  3.27
62628.0  25.490  19.710  -29.480  15.35  302.80  69.65  952.72  -0.65  266.00  3.96
62629.0  25.550  19.730  -29.480  15.37  302.85  69.50  952.80  -0.79  268.67  3.39
62630.0  25.590  19.740  -29.480  15.37  302.90  69.34  952.74  -1.14  263.99  2.31
62631.0  25.580  19.730  -29.480  15.36  302.87  69.33  952.95  -1.28  270.25  2.88
62632.0  25.720  19.700  -29.480  15.33  303.00  68.65  953.08  -1.93  264.52  2.30
62633.0  25.640  19.680  -29.480  15.30  302.91  68.86  953.19  -1.22  277.08  1.90
62634.0  25.680  19.650  -29.480  15.28  302.96  68.57  953.09  -1.26  269.11  2.42
62635.0  25.620  19.620  -29.480  15.25  302.89  68.71  953.20  -0.39  284.15  1.49
62636.0  25.660  19.610  -29.480  15.25  302.93  68.51  953.13  -0.42  277.38  2.19
62637.0  25.660  19.590  -29.480  15.22  302.92  68.39  953.26  -0.32  288.44  2.69
62638.0  25.770  19.560  -29.480  15.19  303.05  67.79  953.06  -0.41  274.06  3.22
62639.0  25.730  19.530  -29.480  15.16  303.02  67.82  952.98  0.22  270.32  4.07
62640.0  25.830  19.520  -29.480  15.15  303.12  67.39  952.96  0.61  261.81  4.37
62641.0  25.800  19.480  -29.480  15.12  303.09  67.34  952.97  0.35  263.91  4.14
62642.0  25.810  19.470  -29.480  15.11  303.09  67.26  952.99  -0.23  259.87  3.25
62643.0  25.830  19.500  -29.480  15.13  303.12  67.28  953.03  -0.30  253.83  3.59
62644.0  25.740  19.510  -29.480  15.15  303.01  67.73  953.12  0.44  262.74  4.14
62645.0  25.830  19.510  -29.480  15.15  303.12  67.35  952.97  0.56  249.61  4.26
62646.0  25.850  19.510  -29.480  15.15  303.14  67.25  952.96  0.17  244.54  4.10
62647.0  25.820  19.510  -29.480  15.15  303.10  67.39  953.07  0.39  236.17  4.49
62648.0  25.820  19.520  -29.480  15.16  303.12  67.41  952.92  1.66  239.37  4.71
62649.0  25.860  19.520  -29.480  15.16  303.16  67.25  952.91  1.31  230.39  3.21
62650.0  26.020  19.550  -29.480  15.19  303.35  66.71  952.61  0.17  232.18  3.99
62651.0  25.970  19.560  -29.480  15.20  303.30  66.98  952.55  -0.21  224.96  4.01
62652.0  25.870  19.560  -29.480  15.20  303.18  67.39  952.76  -0.28  224.27  3.24
62653.0  25.810  19.550  -29.480  15.19  303.12  67.60  952.73  -0.29  226.56  3.71
62654.0  25.860  19.530  -29.480  15.17  303.16  67.33  952.82  0.56  235.71  4.49
62655.0  25.920  19.520  -29.480  15.16  303.22  67.00  952.85  0.37  234.37  5.08
62656.0  25.920  19.500  -29.480  15.13  303.21  66.92  952.99  0.91  208.98  3.81
62657.0  25.790  19.500  -29.480  15.14  303.10  67.44  952.83  0.79  204.43  1.52
62658.0  25.840  19.510  -29.480  15.15  303.15  67.30  952.76  0.70  233.78  2.73
62659.0  25.910  19.500  -29.480  15.15  303.22  67.00  952.74  0.75  233.85  3.97
62660.0  25.850  19.490  -29.480  15.13  303.15  67.16  952.85  -0.33  210.77  3.28
62661.0  25.830  19.490  -29.480  15.13  303.12  67.25  952.91  -1.26  224.04  3.69
62662.0  25.750  19.490  -29.480  15.13  303.04  67.60  952.95  -1.46  235.82  2.89
62663.0  25.720  19.500  -29.480  15.13  303.00  67.74  953.09  -1.16  232.69  2.16
62664.0  25.840  19.510  -29.480  15.14  303.13  67.27  953.04  -1.27  246.31  2.34
62665.0  25.770  19.480  -29.480  15.12  303.06  67.46  952.98  -1.02  269.93  1.81
62666.0  25.900  19.450  -29.480  15.09  303.18  66.82  953.07  -1.18  253.54  0.90
62667.0  25.870  19.440  -29.480  15.08  303.13  66.89  953.29  -0.20  276.76  1.16
62668.0  25.930  19.440  -29.480  15.08  303.19  66.64  953.34  1.20  267.04  2.27
62669.0  26.040  19.460  -29.480  15.10  303.30  66.29  953.37  1.94  221.87  1.45
62670.0  25.980  19.480  -29.480  15.12  303.25  66.62  953.14  0.95  227.92  1.54
62671.0  25.980  19.510  -29.480  15.15  303.28  66.71  952.95  0.94  226.93  2.74
62672.0  25.920  19.540  -29.480  15.17  303.22  67.08  952.84  1.73  228.14  3.01
62673.0  25.640  19.560  -29.480  15.20  302.95  68.33  952.72  1.56  268.51  2.38
62674.0  25.830  19.560  -29.480  15.20  303.16  67.55  952.62  1.97  289.45  2.22
62675.0  25.880  19.580  -29.480  15.23  303.22  67.45  952.42  1.53  282.95  3.31
62676.0  25.940  19.590  -29.480  15.24  303.30  67.22  952.26  1.83  264.32  3.86
62677.0  25.860  19.600  -29.480  15.24  303.22  67.58  952.24  0.69  267.76  2.64
62678.0  25.860  19.610  -29.480  15.26  303.23  67.67  952.07  -1.15  261.85  2.69
62679.0  25.850  19.600  -29.480  15.25  303.19  67.68  952.34  -1.32  245.55  2.48
62680.0  25.810  19.600  -29.480  15.24  303.13  67.81  952.64  -0.82  243.63  2.41
62681.0  25.780  19.640  -29.480  15.28  303.10  68.15  952.58  -1.04  256.29  2.93
62682.0  25.870  19.660  -29.480  15.29  303.18  67.80  952.79  -1.33  260.66  2.66
62683.0  25.950  19.630  -29.480  15.27  303.24  67.38  953.00  -1.41  260.28  3.10
62684.0  26.000  19.560  -29.480  15.19  303.29  66.84  953.08  -1.11  256.36  2.56
62685.0  25.940  19.490  -29.480  15.12  303.22  66.79  953.14  -1.02  259.55  3.47
62686.0  25.940  19.420  -29.480  15.06  303.20  66.53  953.35  0.14  260.81  4.05
62687.0  26.020  19.380  -29.480  15.02  303.28  66.01  953.34  -0.71  250.93  2.95
62688.0  26.040  19.350  -29.480  14.99  303.30  65.82  953.26  -0.59  255.20  3.42
62689.0  26.110  19.300  -29.480  14.94  303.37  65.30  953.37  -0.61  246.60  3.63
62690.0  26.020  19.250  -29.480  14.89  303.27  65.47  953.42  -0.43  247.49  3.52
62691.0  26.020  19.210  -29.480  14.85  303.27  65.32  953.41  -0.32  241.66  3.25
62692.0  25.980  19.190  -29.480  14.83  303.23  65.38  953.47  0.94  232.81  3.44
62693.0  25.950  19.170  -29.480  14.82  303.20  65.44  953.43  1.41  215.66  2.52
62694.0  25.920  19.160  -29.480  14.81  303.20  65.50  953.16  0.23  217.59  2.23
62695.0  25.840  19.160  -29.480  14.81  303.12  65.83  953.05  0.12  236.30  1.04
62696.0  25.810  19.160  -29.480  14.81  303.10  65.94  952.95  -0.61  256.23  2.59
62697.0  25.800  19.160  -29.480  14.81  303.09  65.96  952.99  -0.79  257.27  1.97
62698.0  25.890  19.160  -29.480  14.81  303.17  65.63  953.01  -0.17  246.02  1.96
62699.0  25.890  19.190  -29.480  14.85  303.19  65.76  952.87  -0.36  233.75  1.99
62700.0  25.980  19.270  -29.480  14.92  303.27  65.71  953.00  0.11  234.59  3.40
62701.0  25.900  19.350  -29.480  15.00  303.20  66.37  952.88  -0.21  231.92  3.11
62702.0  25.970  19.430  -29.480  15.07  303.25  66.44  953.04  -0.15  218.20  3.37
62703.0  25.940  19.460  -29.480  15.10  303.22  66.67  953.07  0.40  221.73  3.79
62704.0  25.930  19.500  -29.480  15.14  303.24  66.89  952.77  -1.10  231.84  4.01
62705.0  25.920  19.550  -29.480  15.19  303.21  67.18  952.90  -1.34  239.43  3.75
62706.0  25.930  19.610  -29.480  15.24  303.22  67.34  952.99  -1.42  248.61  3.97
62707.0  25.990  19.620  -29.480  15.25  303.28  67.12  953.00  -1.58  251.32  3.46
62708.0  26.000  19.570  -29.480  15.21  303.28  66.91  953.13  -0.42  248.82  2.85
62709.0  25.980  19.550  -29.480  15.18  303.25  66.90  953.20  -0.77  244.94  1.91
62710.0  25.910  19.520  -29.480  15.16  303.20  67.08  952.94  -0.52  233.26  1.21
62711.0  25.930  19.500  -29.480  15.14  303.23  66.89  952.92  -0.14  242.87  2.33
62712.0  25.950  19.480  -29.480  15.12  303.25  66.72  952.85  -0.45  223.79  1.72
62713.0  25.980  19.450  -29.480  15.09  303.28  66.47  952.92  0.09  240.55  3.12
62714.0  25.940  19.440  -29.480  15.08  303.23  66.58  952.97  -0.31  236.31  2.76
62715.0  25.900  19.440  -29.480  15.08  303.19  66.73  953.04  -1.10  226.03  2.40
62716.0  25.900  19.410  -29.480  15.05  303.20  66.63  952.91  -1.51  245.15  2.69
62717.0  25.920  19.380  -29.480  15.02  303.21  66.43  952.98  -1.22  264.54  2.41
62718.0  25.940  19.360  -29.480  15.01  303.24  66.25  952.88  -0.32  268.44  2.93
62719.0  26.070  19.350  -29.480  14.99  303.36  65.67  953.03  -0.33  254.06  2.34
62720.0  26.010  19.340  -29.480  14.99  303.30  65.89  952.93  -0.83  261.29  2.03
62721.0  25.930  19.320  -29.480  14.96  303.22  66.13  952.99  -0.70  275.82  2.18
62722.0  25.990  19.300  -29.480  14.95  303.30  65.80  952.77  -1.23  274.54  2.46
62723.0  25.990  19.330  -29.480  14.98  303.30  65.90  952.85  -1.17  252.19  1.90
62724.0  26.020  19.380  -29.480  15.02  303.30  66.00  953.04  -1.10  248.12  2.50
62725.0  26.050  19.420  -29.480  15.06  303.33  66.06  953.12  0.51  241.24  2.52
62726.0  26.050  19.450  -29.480  15.08  303.33  66.15  953.19  0.65  263.00  1.87
62727.0  26.110  19.480  -29.480  15.12  303.41  66.10  952.90  -0.49  243.87  2.13
62728.0  26.150  19.510  -29.480  15.14  303.43  66.04  953.07  -0.29  229.82  2.78
62729.0  26.160  19.520  -29.480  15.16  303.44  66.05  953.16  0.19  229.08  3.34
62730.0  26.150  19.530  -29.480  15.17  303.46  66.13  952.81  -0.59  239.44  4.11
62731.0  26.100  19.550  -29.480  15.18  303.38  66.37  953.12  -0.11  234.13  3.02
62732.0  25.960  19.530  -29.480  15.16  303.23  66.90  953.14  -0.80  237.33  2.40
62733.0  25.970  19.530  -29.480  15.17  303.24  66.88  953.13  -0.61  235.15  2.65
62734.0  25.900  19.550  -29.480  15.19  303.18  67.24  953.13  -1.03  251.74  2.74
