flight/WP3D/AircraftMis_NP3_20130531_RA.ict
41  1001
Ken Aikin
NOAA ESRL Chemical Sciences Division
various aircraft sensors
SENEX 2013
1  1
2013  05  31  2013  05  31
1
AOCTimewave
8
1  1  1  1  1  1  1  1
-9999  -9999  -9999  -9999  -9999  -9999  -9999  -9999
Attack  deg
CabinPrs  mbar
GndSpd  m/s
Heading  deg
Pitch  deg
Roll  deg
Slip  deg
TrueAirSpd  m/s
1
SPECIAL COMMENTS:2nd test flight from Tampa.
18
PI_CONTACT_INFO: Address: NOAA ESRL Chemical Sciences Division  Mail Stop R/CSD7  325 Broadway  Boulder  CO 80305
PLATFORM: NOAA WP-3D
LOCATION: The aircraft was stationed in  Smyrna  Tennessee. Aircraft location information in AircraftPosition file.
ASSOCIATED_DATA: N/A
INSTRUMENT_INFO: N/A
DATA_INFO: Units: Attack degrees; CabinPrs millibar; GndSpd m/s; Heading degrees; Pitch degrees; Roll degrees; Slip degrees; TrueAirSpd m/s
UNCERTAINTY: N/A
ULOD_FLAG: -7777
ULOD_VALUE: N/A
LLOD_FLAG: -8888
LLOD_VALUE: N/A
DM_CONTACT_INFO: Data Manager:Ken Aikin; email:Kenneth.C.Aikin@noaa.gov
PROJECT_INFO: SENEX 2013 Study; June 1 - July 15  2013
STIPULATIONS_ON_USE: Use of these data require prior ok from PI.
OTHER_COMMENTS:       None
REVISION: RA
RA: Preliminary Data.  For in-field use.
AOCTimewave  Attack  CabinPrs  GndSpd  Heading  Pitch  Roll  Slip  TrueAirSpd
[from data line 6398]
57470.0  1.9  974.1  128.3  168.2  3.34  -4.08  -1.45  127.0
57471.0  2.1  973.8  128.5  167.9  3.65  -2.78  -1.33  127.2
57472.0  2.1  974.1  128.6  167.7  3.84  -0.52  -1.09  127.2
57473.0  1.6  974.1  128.7  167.6  3.34  0.14  -1.00  127.3
57474.0  1.6  973.9  128.9  167.9  3.11  -0.23  -1.26  127.5
57475.0  2.1  974.1  129.1  168.3  3.68  0.04  -1.50  127.7
57476.0  1.9  974.0  129.1  168.4  3.64  0.23  -1.54  127.8
57477.0  1.7  974.2  129.3  168.3  3.41  0.00  -1.42  127.9
57478.0  1.7  974.2  129.4  168.2  3.34  -0.59  -1.28  128.0
57479.0  1.8  974.0  129.6  168.3  3.42  -1.27  -1.36  128.2
57480.0  1.8  974.1  129.7  168.4  3.50  -1.83  -1.52  128.4
57481.0  1.8  974.3  129.8  168.4  3.55  -2.20  -1.54  128.5
57482.0  1.8  974.3  130.0  168.2  3.56  -2.59  -1.48  128.6
57483.0  1.8  974.2  130.1  168.0  3.56  -3.11  -1.44  128.8
57484.0  1.8  974.2  130.2  167.9  3.61  -3.55  -1.47  128.9
57485.0  1.8  974.1  130.3  167.7  3.66  -3.79  -1.50  129.1
57486.0  1.8  974.2  130.4  167.5  3.70  -3.99  -1.51  129.3
57487.0  1.8  974.4  130.5  167.2  3.74  -3.66  -1.43  129.4
57488.0  1.9  973.9  130.5  166.9  3.84  -0.67  -1.21  129.6
57489.0  1.9  974.3  130.6  166.8  3.91  2.70  -0.94  129.7
57490.0  1.8  974.3  130.6  167.1  3.86  4.41  -0.87  129.7
57491.0  1.7  973.9  130.6  167.8  3.69  4.05  -1.24  129.7
57492.0  1.6  974.3  130.6  168.5  3.54  2.75  -1.62  129.8
57493.0  1.7  974.5  130.7  168.9  3.52  1.59  -1.71  129.8
57494.0  1.8  974.2  130.8  168.8  3.63  0.87  -1.53  129.9
57495.0  1.9  974.5  130.9  168.8  3.83  0.70  -1.33  129.9
57496.0  1.9  974.2  130.9  168.8  3.97  0.75  -1.28  130.0
57497.0  1.7  974.5  130.9  169.0  3.85  0.67  -1.37  130.1
57498.0  1.6  974.1  130.9  169.3  3.62  0.43  -1.47  130.0
57499.0  1.7  973.9  131.0  169.4  3.70  0.24  -1.50  130.0
57500.0  1.9  974.6  131.0  169.5  4.03  0.03  -1.51  129.9
57501.0  1.8  974.3  131.0  169.5  4.03  -0.64  -1.43  129.7
57502.0  1.8  974.6  131.0  169.6  4.04  -1.63  -1.50  129.6
57503.0  1.8  974.3  131.0  169.7  4.14  -2.36  -1.45  129.6
57504.0  1.9  974.6  131.0  169.7  4.36  -2.46  -1.49  129.5
57505.0  2.0  974.5  131.0  169.7  4.62  -2.26  -1.63  129.4
57506.0  2.0  974.7  130.9  169.5  4.86  -1.93  -1.48  129.2
57507.0  2.1  975.1  130.7  169.3  5.16  -1.24  -1.32  129.1
57508.0  2.0  974.1  130.5  169.2  5.33  -0.32  -1.23  129.0
57509.0  1.8  974.7  130.3  169.4  5.17  0.29  -1.31  128.8
57510.0  1.8  974.4  130.1  169.6  5.04  0.85  -1.40  128.5
57511.0  1.8  974.2  130.0  169.8  5.01  0.93  -1.41  128.4
57512.0  1.8  974.6  129.9  170.0  5.04  0.24  -1.36  128.1
57513.0  2.1  974.5  129.7  170.2  5.46  -0.72  -1.48  127.9
57514.0  2.3  974.6  129.4  170.3  6.01  -0.84  -1.58  127.7
57515.0  2.2  974.6  129.1  170.3  6.20  -0.42  -1.54  127.4
57516.0  1.9  974.6  128.8  170.2  5.92  -0.35  -1.37  127.1
57517.0  1.8  974.6  128.6  170.1  5.66  -0.74  -1.24  126.9
57518.0  1.8  974.5  128.4  170.2  5.57  -1.24  -1.29  126.7
57519.0  1.9  974.4  128.2  170.4  5.50  -1.65  -1.42  126.6
57520.0  1.9  975.0  128.1  170.5  5.40  -1.95  -1.55  126.4
57521.0  1.9  974.6  128.0  170.5  5.25  -2.19  -1.50  126.5
57522.0  1.7  974.8  127.9  170.3  4.80  -2.20  -1.41  126.4
57523.0  1.6  974.8  127.9  170.2  4.38  -1.74  -1.30  126.4
57524.0  1.6  974.8  128.0  170.1  4.00  -1.44  -1.26  126.3
57525.0  1.6  974.5  128.1  170.2  3.68  -1.78  -1.33  126.4
57526.0  1.8  974.9  128.3  170.2  3.65  -2.33  -1.48  126.6
57527.0  1.9  974.7  128.4  170.2  3.61  -2.80  -1.58  126.8
57528.0  1.6  975.1  128.6  170.0  2.98  -3.19  -1.52  126.9
57529.0  1.5  975.0  128.9  169.8  2.38  -3.06  -1.38  127.2
57530.0  1.6  974.9  129.3  169.5  2.09  -1.86  -1.22  127.5
57531.0  1.6  975.5  129.7  169.4  1.81  -1.66  -1.20  128.0
57532.0  1.5  975.2  130.1  169.5  1.36  -1.77  -1.33  128.3
57533.0  1.7  975.0  130.6  169.6  1.33  -0.91  -1.41  128.8
57534.0  1.9  975.4  131.1  169.6  1.45  0.03  -1.38  129.3
57535.0  1.5  975.3  131.6  169.7  0.92  0.10  -1.32  129.8
57536.0  1.6  975.3  132.1  169.8  0.76  -0.32  -1.39  130.3
57537.0  1.8  975.2  132.6  170.0  0.96  -0.74  -1.53  130.8
57538.0  2.1  974.9  132.8  170.1  1.41  -0.99  -1.66  131.1
57539.0  1.9  975.2  133.0  170.3  1.37  -1.06  -1.80  131.2
57540.0  1.7  975.2  133.2  170.3  1.16  -1.13  -1.73  131.4
57541.0  2.1  974.7  133.3  170.2  1.73  -1.34  -1.64  131.6
57542.0  2.0  974.0  133.4  170.3  1.85  -1.59  -1.71  131.6
57543.0  1.7  975.2  133.5  170.5  1.55  -1.66  -1.86  131.6
57544.0  1.9  975.5  133.6  170.4  1.85  -1.64  -1.82  131.7
57545.0  2.1  974.9  133.6  170.3  2.35  -1.71  -1.73  131.7
57546.0  1.9  974.7  133.5  170.3  2.31  -1.85  -1.72  131.8
57547.0  1.6  975.3  133.6  170.3  1.84  -1.88  -1.74  131.8
57548.0  1.7  975.1  133.6  170.3  1.81  -1.76  -1.81  131.8
57549.0  2.1  974.7  133.6  170.3  2.35  -1.61  -1.76  132.0
57550.0  2.0  975.4  133.6  170.3  2.54  -1.60  -1.71  131.9
57551.0  1.8  974.9  133.5  170.4  2.32  -1.58  -1.79  131.8
57552.0  1.6  975.0  133.5  170.4  2.06  -0.73  -1.69  131.8
57553.0  1.8  975.2  133.5  170.4  2.05  3.15  -1.37  131.9
57554.0  1.9  975.1  133.4  170.6  2.09  7.39  -1.01  131.9
57555.0  1.9  975.5  133.4  171.4  2.03  10.44  -0.99  132.0
57556.0  1.9  975.3  133.3  172.6  1.85  10.89  -1.38  131.9
57557.0  1.8  975.0  133.3  173.9  1.67  8.78  -1.85  131.8
57558.0  1.8  975.5  133.3  174.8  1.62  6.31  -2.09  131.8
57559.0  1.9  975.0  133.3  175.2  1.74  5.16  -1.90  131.8
57560.0  1.9  974.6  133.3  175.3  1.92  4.76  -1.64  132.0
57561.0  2.0  975.3  133.3  175.7  2.06  4.37  -1.54  132.1
57562.0  1.9  975.2  133.2  176.2  2.03  4.72  -1.59  132.0
57563.0  1.5  975.4  133.2  176.7  1.50  4.77  -1.68  132.0
57564.0  1.5  975.3  133.2  177.2  1.20  3.03  -1.83  132.1
57565.0  1.9  975.3  133.2  177.7  1.61  1.54  -1.98  132.1
57566.0  2.1  975.4  133.2  177.9  2.03  1.91  -1.95  132.1
57567.0  1.9  974.9  133.1  177.9  1.96  2.73  -1.68  132.1
57568.0  1.7  975.2  133.1  178.0  1.62  3.38  -1.48  131.9
57569.0  1.6  975.1  133.0  178.4  1.39  3.63  -1.54  132.1
57570.0  1.7  975.4  133.1  179.0  1.36  2.82  -1.73  132.0
57571.0  2.0  975.1  133.1  179.6  1.72  1.65  -1.97  132.1
57572.0  2.0  975.5  133.0  179.9  1.95  0.90  -2.07  131.9
57573.0  1.6  975.3  133.0  179.8  1.48  0.67  -1.87  132.0
57574.0  1.7  975.4  133.0  179.7  1.49  0.30  -1.67  131.7
57575.0  2.0  975.3  133.0  179.8  1.95  -0.32  -1.64  131.8
57576.0  1.7  975.4  133.0  179.7  1.67  -0.84  -1.52  131.9
57577.0  1.7  975.3  133.0  179.3  1.49  -1.00  -1.13  131.9
57578.0  1.9  975.0  133.0  179.0  1.76  -0.73  -0.81  132.0
57579.0  1.9  975.0  133.0  178.9  1.86  -0.46  -0.70  131.9
57580.0  1.7  975.1  132.9  179.1  1.63  -0.13  -0.92  132.1
57581.0  1.7  975.4  133.0  179.3  1.50  0.30  -1.12  132.0
57582.0  1.9  975.1  133.0  179.3  1.73  0.13  -1.08  131.9
57583.0  2.0  975.3  132.9  179.2  1.98  -0.55  -0.97  131.9
57584.0  1.9  975.2  132.9  179.2  2.05  -1.27  -1.05  131.7
57585.0  1.9  975.2  132.8  179.2  2.05  -1.51  -1.03  131.7
57586.0  1.9  975.3  132.8  179.2  2.08  -1.17  -0.99  131.7
57587.0  1.9  975.3  132.7  179.1  2.09  -0.74  -0.91  131.7
57588.0  1.9  975.6  132.7  179.1  2.20  -0.37  -0.87  131.7
57589.0  2.1  975.2  132.5  179.1  2.57  -0.10  -0.88  131.6
57590.0  1.8  975.5  132.4  179.3  2.34  -0.28  -0.96  131.5
57591.0  1.8  975.2  132.3  179.3  2.22  -0.55  -1.04  131.4
57592.0  1.8  975.5  132.2  179.3  2.19  -0.67  -0.98  131.2
57593.0  1.8  975.4  132.2  179.2  2.08  -0.70  -0.94  131.2
57594.0  1.8  975.4  132.1  179.2  1.98  -0.56  -0.91  131.2
57595.0  1.8  975.3  132.1  179.2  1.91  -0.43  -0.89  131.2
57596.0  1.8  975.4  132.1  179.2  1.86  -0.46  -0.92  131.1
57597.0  1.8  975.5  132.0  179.2  1.80  -0.46  -0.94  131.2
57598.0  1.8  975.6  132.0  179.2  1.74  -0.47  -0.92  131.1
57599.0  1.8  975.5  132.0  179.1  1.68  -0.61  -0.90  131.1
57600.0  1.9  975.6  132.0  179.1  1.69  -0.55  -0.87  131.1
57601.0  1.8  975.7  132.0  179.1  1.61  -0.35  -0.85  131.0
57602.0  1.9  975.8  132.0  179.1  1.61  -0.22  -0.87  130.9
57603.0  1.9  975.5  132.0  179.1  1.56  -0.26  -0.87  130.9
57604.0  1.9  975.8  132.0  179.1  1.59  -0.40  -0.84  130.9
57605.0  1.9  975.6  132.0  179.1  1.62  -0.44  -0.83  130.9
57606.0  1.9  975.8  132.0  179.0  1.58  -0.39  -0.77  130.9
57607.0  1.9  975.8  132.0  179.0  1.64  -0.41  -0.77  130.8
57608.0  1.9  975.6  132.0  179.1  1.67  -0.41  -0.81  130.8
57609.0  2.0  975.6  132.0  179.0  1.71  -0.33  -0.80  130.9
57610.0  1.9  975.3  131.9  179.0  1.71  -0.39  -0.76  130.8
57611.0  1.9  976.0  131.9  179.0  1.72  -0.39  -0.77  130.7
57612.0  1.9  975.5  131.9  178.9  1.74  -0.27  -0.77  130.7
57613.0  2.0  975.8  131.8  178.9  1.79  -0.22  -0.74  130.7
57614.0  1.9  975.4  131.8  178.9  1.81  -0.19  -0.73  130.7
57615.0  1.9  975.8  131.8  178.9  1.79  -0.14  -0.74  130.6
57616.0  2.0  975.8  131.7  178.9  1.87  -0.11  -0.74  130.5
57617.0  1.9  975.7  131.7  178.9  1.87  -0.13  -0.75  130.5
57618.0  1.9  975.6  131.6  178.9  1.86  -0.15  -0.79  130.5
57619.0  2.0  975.8  131.6  178.8  1.91  -0.17  -0.74  130.5
57620.0  2.0  975.7  131.5  178.8  1.97  -0.20  -0.65  130.4
57621.0  1.9  975.7  131.5  178.8  1.96  -0.04  -0.67  130.3
57622.0  1.9  975.6  131.4  178.8  1.93  0.04  -0.61  130.2
57623.0  2.0  975.7  131.3  178.8  1.99  -0.10  -0.61  130.1
57624.0  2.0  975.9  131.2  178.9  2.00  -0.09  -0.62  129.9
57625.0  2.0  975.7  131.1  178.9  2.00  -0.13  -0.59  129.8
57626.0  2.0  975.9  131.0  178.9  2.04  -0.26  -0.61  129.7
57627.0  2.0  975.6  130.9  178.9  2.03  -0.24  -0.64  129.6
57628.0  2.0  975.8  130.8  179.0  2.00  -0.17  -0.67  129.4
57629.0  2.1  975.9  130.7  179.0  2.07  -0.28  -0.68  129.3
57630.0  2.1  975.6  130.6  179.0  2.09  -0.40  -0.66  129.1
57631.0  2.0  975.6  130.5  179.0  2.08  -0.42  -0.65  129.1
57632.0  2.0  975.7  130.3  179.0  2.10  -0.40  -0.64  129.0
57633.0  2.0  975.5  130.2  179.0  2.11  -0.37  -0.62  128.9
57634.0  2.1  975.7  130.1  179.0  2.14  -0.35  -0.64  128.8
57635.0  2.1  975.7  130.0  179.0  2.22  -0.37  -0.61  128.6
57636.0  2.1  975.8  129.9  179.0  2.16  -0.38  -0.58  128.5
57637.0  2.1  975.6  129.8  179.0  2.22  -0.36  -0.62  128.3
57638.0  2.1  976.0  129.6  179.0  2.24  -0.31  -0.63  128.1
57639.0  2.1  975.9  129.5  178.9  2.24  -0.36  -0.59  128.0
57640.0  2.2  976.1  129.3  178.9  2.27  -0.42  -0.59  127.8
57641.0  2.2  976.0  129.2  178.9  2.28  -0.32  -0.61  127.7
57642.0  2.2  976.1  129.0  178.9  2.29  -0.20  -0.64  127.6
57643.0  2.2  976.0  128.8  178.8  2.34  -0.24  -0.51  127.3
57644.0  2.2  976.1  128.7  178.9  2.38  -0.23  -0.54  127.1
57645.0  2.3  975.6  128.5  178.9  2.38  -0.13  -0.61  126.9
57646.0  2.3  976.0  128.4  178.9  2.40  -0.10  -0.58  126.7
57647.0  2.3  975.4  128.2  178.9  2.42  -0.20  -0.58  126.6
57648.0  2.3  976.0  128.0  178.9  2.39  -0.21  -0.61  126.5
57649.0  2.3  975.6  127.9  178.8  2.45  -0.15  -0.51  126.3
57650.0  2.3  976.0  127.7  178.9  2.48  -0.18  -0.51  126.2
57651.0  2.3  975.8  127.5  178.9  2.48  -0.18  -0.53  126.0
57652.0  2.3  975.8  127.4  178.9  2.47  -0.16  -0.54  125.9
57653.0  2.3  976.2  127.2  178.9  2.47  -0.15  -0.55  125.7
57654.0  2.3  976.0  127.1  178.9  2.49  -0.21  -0.53  125.5
57655.0  2.4  976.1  126.9  178.9  2.56  -0.25  -0.57  125.3
57656.0  2.4  975.8  126.8  178.9  2.52  -0.26  -0.55  125.2
57657.0  2.4  976.1  126.6  178.9  2.55  -0.30  -0.52  125.1
57658.0  2.4  975.8  126.4  178.9  2.54  -0.29  -0.54  125.0
57659.0  2.5  975.8  126.3  178.8  2.58  -0.19  -0.51  124.8
57660.0  2.5  975.6  126.1  178.8  2.62  -0.18  -0.45  124.6
57661.0  2.4  976.2  125.9  178.9  2.61  -0.14  -0.52  124.5
57662.0  2.5  975.5  125.8  178.9  2.61  -0.01  -0.48  124.3
57663.0  2.5  975.9  125.6  178.9  2.63  -0.02  -0.49  124.1
57664.0  2.5  975.7  125.4  178.9  2.64  -0.11  -0.51  123.9
57665.0  2.5  976.3  125.3  179.0  2.64  -0.21  -0.52  123.8
57666.0  2.5  975.9  125.1  179.0  2.67  -0.29  -0.57  123.6
57667.0  2.6  976.1  124.9  179.0  2.70  -0.31  -0.55  123.4
57668.0  2.5  976.2  124.8  178.9  2.68  -0.34  -0.47  123.3
57669.0  2.6  976.3  124.6  178.9  2.69  -0.39  -0.47  123.1
57670.0  2.6  975.9  124.5  178.9  2.68  -0.24  -0.49  123.0
57671.0  2.6  975.9  124.3  178.9  2.71  -0.14  -0.45  122.9
57672.0  2.6  975.8  124.2  179.0  2.73  -0.23  -0.48  122.7
57673.0  2.6  976.1  124.0  179.0  2.69  -0.28  -0.56  122.6
57674.0  2.7  975.9  123.9  179.0  2.74  -0.31  -0.54  122.3
57675.0  2.7  976.3  123.7  179.0  2.75  -0.42  -0.53  122.2
57676.0  2.6  976.1  123.6  179.0  2.67  -0.42  -0.61  122.0
57677.0  2.7  976.4  123.4  178.9  2.72  -0.26  -0.58  121.9
57678.0  2.7  976.2  123.3  178.9  2.71  -0.25  -0.48  121.8
57679.0  2.7  976.6  123.2  178.9  2.72  -0.24  -0.54  121.6
57680.0  2.7  976.1  123.0  178.9  2.72  -0.10  -0.56  121.6
57681.0  2.7  976.4  122.9  178.8  2.74  -0.11  -0.47  121.4
57682.0  2.7  976.2  122.8  178.9  2.76  -0.21  -0.48  121.2
57683.0  2.7  976.3  122.7  178.9  2.75  -0.15  -0.50  121.1
57684.0  2.8  976.2  122.5  178.9  2.82  -0.14  -0.49  120.9
57685.0  2.8  976.0  122.3  178.8  2.82  -0.27  -0.45  120.7
57686.0  2.8  976.1  122.2  178.8  2.81  -0.31  -0.46  120.5
57687.0  2.8  976.2  122.0  178.8  2.84  -0.10  -0.47  120.4
57688.0  2.9  976.1  121.9  178.8  2.87  0.11  -0.49  120.1
57689.0  2.9  976.0  121.7  178.8  2.89  0.11  -0.50  119.9
57690.0  3.0  976.1  121.6  178.8  2.93  0.04  -0.57  119.8
57691.0  2.9  976.3  121.4  178.8  2.95  0.05  -0.54  119.6
57692.0  2.9  975.9  121.2  178.8  2.96  0.08  -0.50  119.4
57693.0  3.0  976.4  121.1  178.9  3.02  0.14  -0.54  119.2
57694.0  3.0  976.0  120.9  179.0  3.01  0.13  -0.61  119.2
57695.0  3.0  976.5  120.8  179.0  3.04  -0.17  -0.60  119.0
57696.0  3.0  976.3  120.6  179.0  3.09  -0.28  -0.59  118.9
57697.0  3.0  976.4  120.4  179.0  3.13  -0.22  -0.59  118.7
57698.0  3.0  976.3  120.3  179.0  3.09  -0.16  -0.59  118.5
57699.0  3.1  976.3  120.1  179.0  3.16  -0.13  -0.65  118.3
57700.0  3.1  976.1  120.0  179.0  3.12  -0.11  -0.61  118.2
57701.0  3.1  976.5  119.8  178.9  3.12  -0.21  -0.53  118.0
57702.0  3.2  976.2  119.7  179.0  3.23  -0.23  -0.60  117.8
57703.0  3.2  976.5  119.5  179.0  3.22  -0.09  -0.60  117.7
57704.0  3.1  976.1  119.4  179.0  3.17  -0.09  -0.59  117.5
57705.0  3.2  976.2  119.2  179.0  3.18  -0.23  -0.57  117.4
57706.0  3.2  976.3  119.1  179.0  3.18  -0.26  -0.60  117.3
57707.0  3.2  976.3  118.9  179.0  3.21  -0.14  -0.66  117.1
57708.0  3.3  976.0  118.8  178.9  3.29  -0.12  -0.58  116.9
57709.0  3.2  976.2  118.6  179.0  3.26  -0.20  -0.60  116.8
57710.0  3.2  975.7  118.5  179.0  3.19  -0.13  -0.58  116.6
57711.0  3.3  976.2  118.4  179.1  3.26  -0.03  -0.55  116.5
57712.0  3.3  976.2  118.3  179.2  3.23  -0.04  -0.79  116.4
57713.0  3.2  976.2  118.2  179.1  3.16  -0.13  -0.75  116.5
57714.0  3.2  976.3  118.2  179.1  3.26  -0.33  -0.70  116.4
57715.0  3.3  976.3  118.1  179.1  3.29  -0.23  -0.69  116.2
57716.0  3.3  976.3  118.0  179.0  3.26  -0.14  -0.60  116.0
57717.0  3.3  975.9  117.9  179.0  3.25  -0.23  -0.63  116.0
57718.0  3.2  976.0  117.8  179.0  3.25  -0.16  -0.63  116.1
57719.0  3.2  976.4  117.7  179.0  3.27  -0.09  -0.63  116.0
57720.0  3.3  976.1  117.7  178.9  3.29  -0.23  -0.57  115.9
57721.0  3.3  976.3  117.6  178.9  3.25  -0.20  -0.57  115.8
57722.0  3.3  976.1  117.5  178.9  3.26  -0.01  -0.64  115.8
57723.0  3.3  976.3  117.5  178.8  3.28  -0.05  -0.50  115.7
57724.0  3.3  976.5  117.4  178.7  3.36  -0.12  -0.49  115.7
57725.0  3.3  976.6  117.3  178.7  3.39  0.07  -0.41  115.6
57726.0  3.3  976.5  117.2  178.8  3.37  0.29  -0.44  115.5
57727.0  3.4  976.2  117.1  178.9  3.42  0.32  -0.54  115.4
57728.0  3.4  976.2  117.0  178.9  3.41  0.21  -0.58  115.4
57729.0  3.4  976.1  116.9  178.8  3.47  0.03  -0.56  115.2
57730.0  3.4  976.1  116.7  178.8  3.51  -0.03  -0.52  115.2
57731.0  3.3  976.2  116.6  178.8  3.39  0.10  -0.53  115.1
