flight/WP3D/AircraftPos_NP3_20130619_RA.ict
38  1001
Ken Aikin
NOAA ESRL Chemical Sciences Division
various aircraft sensors
SENEX 2013
1  1
2013  06  19  2013  06  20
1
AOCTimewave
5
1  1  1  1  1 
-9999  -9999  -9999  -9999  -9999
GpsLat  deg
GpsLon  deg
GpsAlt  m
PAlt  m
RAlt  m
1
SPECIAL COMMENTS:Flight into night over Atlanta.
18
PI_CONTACT_INFO: Address: NOAA ESRL Chemical Sciences Division  Mail Stop R/CSD7  325 Broadway  Boulder  CO 80305
PLATFORM: NOAA WP-3D
LOCATION: The aircraft was stationed in Smyrna  Tennessee. Aircraft location information in AircraftPosition file.
ASSOCIATED_DATA: N/A
INSTRUMENT_INFO: N/A
DATA_INFO: Units:GpsLat:decimal degrees; GpsLon: decimal degrees; GpsAlt: meters; PAlt:meters; RAlt: meters.
UNCERTAINTY: N/A
ULOD_FLAG: -7777
ULOD_VALUE: N/A
LLOD_FLAG: -8888
LLOD_VALUE: N/A
DM_CONTACT_INFO: Data Manager:Ken Aikin; email:Kenneth.C.Aikin@noaa.gov
PROJECT_INFO: SENEX 2013 Study; June 1 - July 15  2013
STIPULATIONS_ON_USE: Use of these data require prior ok from PI.
OTHER_COMMENTS:       None
REVISION: RA
RA: Preliminary Data.  For in-field use.
AOCTimewave  GpsLat  GpsLon  GpsAlt  PAlt  RAlt
[from data line 20336]
101372.0  34.8834   -85.5124   5107.2   4820.2   4911.1
101373.0  34.8847   -85.5133   5107.2   4820.0   4908.5
101374.0  34.8859   -85.5143   5107.2   4820.7   4918.2
101375.0  34.8871   -85.5152   5107.7   4821.0   4920.1
101376.0  34.8883   -85.5162   5108.4   4821.8   4886.5
101377.0  34.8895   -85.5171   5108.4   4819.9   4844.4
101378.0  34.8907   -85.5181   5108.4   4820.2   4791.9
101379.0  34.8920   -85.5191   5108.4   4820.4   4738.5
101380.0  34.8932   -85.5200   5108.4   4820.5   4703.2
101381.0  34.8944   -85.5210   5108.4   4819.9   4679.1
101382.0  34.8956   -85.5220   5108.4   4819.5   4671.9
101383.0  34.8968   -85.5230   5108.4   4818.1   4663.4
101384.0  34.8981   -85.5239   5108.4   4818.5   4660.6
101385.0  34.8993   -85.5249   5108.4   4819.2   4647.7
101386.0  34.9005   -85.5259   5108.0   4820.2   4665.8
101387.0  34.9017   -85.5269   5107.8   4819.8   4690.7
101388.0  34.9029   -85.5278   5108.4   4818.8   4681.8
101389.0  34.9042   -85.5288   5108.4   4818.7   4697.6
101390.0  34.9054   -85.5298   5108.4   4819.2   4705.7
101391.0  34.9066   -85.5308   5108.4   4818.8   4715.4
101392.0  34.9078   -85.5318   5108.4   4818.2   4709.3
101393.0  34.9091   -85.5327   5108.4   4818.8   4723.3
101394.0  34.9103   -85.5337   5108.4   4818.4   4732.7
101395.0  34.9115   -85.5347   5108.4   4818.9   4744.9
101396.0  34.9127   -85.5357   5108.4   4819.5   4759.7
101397.0  34.9139   -85.5367   5108.4   4819.5   4759.8
101398.0  34.9152   -85.5377   5108.4   4818.5   4775.3
101399.0  34.9164   -85.5387   5108.4   4818.3   4785.6
101400.0  34.9176   -85.5397   5108.4   4818.0   4779.7
101401.0  34.9188   -85.5407   5108.4   4818.6   4768.7
101402.0  34.9200   -85.5417   5108.4   4819.8   4785.2
101403.0  34.9213   -85.5427   5108.4   4819.9   4780.3
101404.0  34.9225   -85.5437   5108.4   4820.3   4779.8
101405.0  34.9237   -85.5446   5108.4   4819.1   4785.4
101406.0  34.9250   -85.5457   5108.4   4819.5   4776.3
101407.0  34.9262   -85.5467   5108.4   4819.1   4789.3
101408.0  34.9274   -85.5477   5108.4   4819.3   4788.0
101409.0  34.9286   -85.5487   5108.4   4818.9   4794.0
101410.0  34.9299   -85.5496   5108.4   4819.4   4795.7
101411.0  34.9311   -85.5506   5108.4   4818.6   4782.9
101412.0  34.9323   -85.5516   5108.4   4820.1   4784.7
101413.0  34.9336   -85.5526   5108.4   4819.3   4798.0
101414.0  34.9348   -85.5536   5108.4   4818.9   4771.6
101415.0  34.9360   -85.5546   5108.4   4819.4   4783.7
101416.0  34.9372   -85.5556   5108.4   4819.2   4811.0
101417.0  34.9385   -85.5566   5108.4   4818.6   4828.7
101418.0  34.9397   -85.5576   5108.4   4818.2   4834.2
101419.0  34.9409   -85.5586   5108.4   4818.6   4843.7
101420.0  34.9422   -85.5596   5108.4   4818.9   4832.9
101421.0  34.9434   -85.5606   5108.4   4816.8   4846.8
101422.0  34.9446   -85.5616   5108.4   4817.0   4843.8
101423.0  34.9459   -85.5626   5108.4   4817.5   4829.3
101424.0  34.9471   -85.5636   5108.4   4817.5   4812.3
101425.0  34.9483   -85.5646   5108.4   4816.8   4823.3
101426.0  34.9496   -85.5656   5108.3   4818.1   4836.0
101427.0  34.9508   -85.5666   5107.2   4818.3   4854.7
101428.0  34.9520   -85.5676   5107.2   4817.8   4863.8
101429.0  34.9533   -85.5686   5107.2   4818.5   4875.0
101430.0  34.9545   -85.5696   5107.2   4816.5   4876.4
101431.0  34.9557   -85.5706   5107.2   4815.6   4874.2
101432.0  34.9570   -85.5716   5107.2   4817.4   4870.7
101433.0  34.9582   -85.5726   5107.2   4817.7   4884.5
101434.0  34.9594   -85.5736   5107.2   4818.5   4897.6
101435.0  34.9607   -85.5746   5106.9   4818.1   4887.2
101436.0  34.9619   -85.5756   5107.2   4817.4   4872.4
101437.0  34.9631   -85.5765   5107.0   4817.4   4859.4
101438.0  34.9643   -85.5775   5106.0   4817.8   4853.4
101439.0  34.9656   -85.5785   5106.0   4817.0   4864.7
101440.0  34.9668   -85.5795   5106.2   4817.0   4860.4
101441.0  34.9680   -85.5805   5107.2   4817.3   4873.6
101442.0  34.9693   -85.5815   5107.2   4816.0   4871.0
101443.0  34.9705   -85.5825   5107.2   4816.0   4873.1
101444.0  34.9717   -85.5835   5107.2   4817.1   4883.0
101445.0  34.9729   -85.5845   5107.2   4818.1   4884.8
101446.0  34.9741   -85.5855   5107.2   4819.2   4889.6
101447.0  34.9753   -85.5866   5107.2   4818.1   4901.5
101448.0  34.9765   -85.5876   5107.2   4818.0   4900.4
101449.0  34.9777   -85.5887   5106.6   4818.7   4903.7
101450.0  34.9789   -85.5897   5106.0   4817.6   4906.9
101451.0  34.9801   -85.5908   5106.0   4817.8   4908.5
101452.0  34.9813   -85.5919   5106.0   4817.5   4910.7
101453.0  34.9824   -85.5930   5106.0   4816.7   4907.2
101454.0  34.9836   -85.5941   5106.0   4817.6   4916.8
101455.0  34.9847   -85.5952   5106.0   4817.1   4926.5
101456.0  34.9859   -85.5963   5106.0   4816.6   4936.8
101457.0  34.9871   -85.5974   5106.0   4815.3   4940.2
101458.0  34.9882   -85.5985   5106.0   4815.6   4944.0
101459.0  34.9894   -85.5996   5106.0   4816.0   4941.7
101460.0  34.9905   -85.6006   5106.0   4817.0   4932.5
101461.0  34.9917   -85.6017   5106.0   4817.8   4932.6
101462.0  34.9928   -85.6028   5106.0   4817.8   4940.0
101463.0  34.9940   -85.6039   5106.0   4817.8   4945.0
101464.0  34.9952   -85.6050   5106.0   4818.4   4930.9
101465.0  34.9963   -85.6061   5106.0   4818.7   4931.1
101466.0  34.9975   -85.6072   5106.0   4818.6   4929.8
101467.0  34.9986   -85.6083   5106.0   4818.8   4934.3
101468.0  34.9998   -85.6094   5106.0   4819.0   4938.4
101469.0  35.0010   -85.6105   5106.0   4818.8   4929.2
101470.0  35.0021   -85.6115   5106.0   4818.0   4935.3
101471.0  35.0033   -85.6126   5106.0   4818.1   4937.7
101472.0  35.0044   -85.6137   5106.2   4817.5   4934.7
101473.0  35.0056   -85.6148   5107.2   4817.3   4936.1
101474.0  35.0068   -85.6159   5107.2   4817.5   4940.8
101475.0  35.0079   -85.6170   5107.2   4819.0   4937.5
101476.0  35.0091   -85.6181   5107.2   4817.1   4945.1
101477.0  35.0102   -85.6192   5107.2   4816.8   4964.4
101478.0  35.0114   -85.6203   5107.2   4817.1   4974.5
101479.0  35.0125   -85.6213   5107.2   4817.1   4955.3
101480.0  35.0137   -85.6224   5107.2   4818.5   4947.3
101481.0  35.0148   -85.6235   5107.2   4817.8   4960.3
101482.0  35.0160   -85.6246   5107.2   4816.6   4979.0
101483.0  35.0171   -85.6257   5107.2   4817.9   4988.4
101484.0  35.0183   -85.6268   5107.2   4818.5   4965.7
101485.0  35.0194   -85.6279   5107.2   4818.5   4956.6
101486.0  35.0206   -85.6290   5107.2   4817.8   4966.1
101487.0  35.0217   -85.6301   5107.2   4817.3   4955.5
101488.0  35.0229   -85.6312   5107.2   4817.0   4966.3
101489.0  35.0240   -85.6323   5107.2   4817.5   4956.0
101490.0  35.0252   -85.6334   5107.2   4818.5   4953.0
101491.0  35.0263   -85.6345   5107.2   4819.3   4957.4
101492.0  35.0275   -85.6356   5107.2   4819.9   4969.7
101493.0  35.0286   -85.6367   5107.2   4818.1   4963.7
101494.0  35.0298   -85.6378   5107.2   4817.4   4948.2
101495.0  35.0309   -85.6389   5107.2   4816.9   4949.5
101496.0  35.0321   -85.6400   5107.2   4817.4   4952.0
101497.0  35.0332   -85.6411   5107.2   4817.2   4956.9
101498.0  35.0343   -85.6422   5107.2   4817.6   4949.8
101499.0  35.0355   -85.6433   5107.2   4818.1   4947.0
101500.0  35.0366   -85.6444   5107.2   4818.8   4967.1
101501.0  35.0378   -85.6455   5108.4   4819.9   4973.3
101502.0  35.0389   -85.6466   5108.4   4818.7   4956.5
101503.0  35.0401   -85.6477   5108.4   4819.2   4975.2
101504.0  35.0412   -85.6488   5108.4   4819.3   4976.9
101505.0  35.0424   -85.6499   5108.4   4818.3   4984.0
101506.0  35.0435   -85.6510   5108.4   4818.3   4992.5
101507.0  35.0446   -85.6520   5108.4   4818.7   4967.7
101508.0  35.0458   -85.6531   5108.4   4819.0   4958.7
101509.0  35.0469   -85.6542   5108.4   4819.9   4959.9
101510.0  35.0481   -85.6553   5107.7   4818.9   4977.0
101511.0  35.0492   -85.6564   5107.6   4818.8   5004.6
101512.0  35.0504   -85.6575   5107.2   4819.5   5005.0
101513.0  35.0515   -85.6586   5107.2   4819.1   4982.8
101514.0  35.0527   -85.6597   5107.2   4818.2   4977.3
101515.0  35.0538   -85.6608   5107.2   4817.7   4967.2
101516.0  35.0550   -85.6619   5107.2   4817.0   4961.3
101517.0  35.0561   -85.6630   5107.2   4818.6   4954.8
101518.0  35.0572   -85.6641   5107.2   4819.1   4966.4
101519.0  35.0584   -85.6652   5107.2   4820.1   4945.5
101520.0  35.0595   -85.6663   5107.2   4819.1   4911.9
101521.0  35.0607   -85.6674   5107.2   4817.6   4874.3
101522.0  35.0618   -85.6684   5107.2   4817.9   4825.0
101523.0  35.0630   -85.6695   5107.2   4817.2   4719.3
101524.0  35.0641   -85.6706   5107.2   4817.7   4657.4
101525.0  35.0652   -85.6717   5107.2   4817.6   4642.1
101526.0  35.0664   -85.6728   5107.2   4817.2   4661.3
101527.0  35.0675   -85.6739   5107.2   4817.3   4639.3
101528.0  35.0687   -85.6750   5107.2   4818.0   4631.6
101529.0  35.0698   -85.6761   5107.2   4817.4   4641.4
101530.0  35.0710   -85.6772   5107.2   4817.6   4641.8
101531.0  35.0721   -85.6783   5107.2   4817.2   4653.7
101532.0  35.0733   -85.6793   5107.2   4817.4   4647.0
101533.0  35.0744   -85.6804   5107.2   4818.2   4659.1
101534.0  35.0756   -85.6815   5106.5   4818.7   4646.6
101535.0  35.0767   -85.6826   5106.5   4818.3   4640.7
101536.0  35.0779   -85.6837   5107.1   4817.8   4630.3
101537.0  35.0790   -85.6848   5106.0   4816.9   4629.2
101538.0  35.0802   -85.6859   5106.0   4817.2   4631.3
101539.0  35.0813   -85.6869   5106.4   4817.0   4618.3
101540.0  35.0825   -85.6880   5106.0   4816.1   4614.9
101541.0  35.0836   -85.6891   5106.0   4816.2   4613.8
101542.0  35.0848   -85.6902   5106.0   4816.5   4617.6
101543.0  35.0859   -85.6912   5106.0   4817.2   4620.7
101544.0  35.0871   -85.6923   5106.0   4817.7   4616.0
101545.0  35.0883   -85.6933   5106.0   4818.4   4622.5
101546.0  35.0894   -85.6944   5106.0   4819.1   4632.0
101547.0  35.0906   -85.6954   5106.0   4818.0   4638.2
101548.0  35.0918   -85.6964   5106.0   4817.0   4642.3
101549.0  35.0930   -85.6974   5106.0   4817.0   4666.0
101550.0  35.0942   -85.6985   5106.0   4817.3   4663.1
101551.0  35.0954   -85.6994   5106.0   4816.6   4690.2
101552.0  35.0966   -85.7004   5106.0   4816.2   4675.6
101553.0  35.0978   -85.7014   5106.0   4815.6   4681.7
101554.0  35.0990   -85.7024   5106.0   4817.3   4689.7
101555.0  35.1002   -85.7034   5106.0   4817.7   4704.5
101556.0  35.1014   -85.7044   5106.0   4816.7   4689.8
101557.0  35.1026   -85.7053   5106.0   4816.5   4676.9
101558.0  35.1038   -85.7063   5106.0   4817.1   4659.8
101559.0  35.1050   -85.7073   5106.0   4817.4   4639.0
101560.0  35.1062   -85.7083   5106.0   4816.1   4639.2
101561.0  35.1074   -85.7093   5106.0   4815.5   4624.7
101562.0  35.1086   -85.7102   5106.0   4816.0   4643.6
101563.0  35.1098   -85.7112   5106.0   4817.2   4642.1
101564.0  35.1110   -85.7122   5106.0   4816.8   4634.6
101565.0  35.1122   -85.7132   5106.0   4818.6   4652.5
101566.0  35.1134   -85.7142   5106.0   4818.6   4667.0
101567.0  35.1146   -85.7152   5106.0   4818.6   4695.8
101568.0  35.1158   -85.7162   5106.0   4818.0   4699.4
101569.0  35.1170   -85.7172   5106.0   4817.6   4704.2
101570.0  35.1182   -85.7182   5106.0   4817.7   4694.0
101571.0  35.1194   -85.7192   5106.0   4817.2   4699.7
101572.0  35.1206   -85.7202   5106.0   4817.5   4699.9
101573.0  35.1218   -85.7212   5106.0   4816.9   4711.9
101574.0  35.1230   -85.7222   5106.1   4817.0   4718.0
101575.0  35.1242   -85.7232   5107.2   4817.8   4734.9
101576.0  35.1254   -85.7242   5107.2   4817.4   4748.5
101577.0  35.1266   -85.7252   5107.2   4817.7   4775.6
101578.0  35.1278   -85.7262   5107.2   4818.1   4805.0
101579.0  35.1290   -85.7272   5107.2   4818.3   4835.8
101580.0  35.1301   -85.7282   5107.2   4818.2   4872.2
101581.0  35.1313   -85.7292   5107.2   4818.6   4906.9
101582.0  35.1325   -85.7302   5107.2   4818.5   4922.0
101583.0  35.1337   -85.7312   5107.2   4818.0   4926.9
101584.0  35.1349   -85.7322   5107.2   4818.5   4926.7
101585.0  35.1361   -85.7332   5107.2   4818.8   4928.0
101586.0  35.1373   -85.7342   5107.2   4819.8   4939.2
101587.0  35.1385   -85.7352   5107.2   4818.9   4954.9
101588.0  35.1397   -85.7362   5106.1   4818.5   4939.2
101589.0  35.1409   -85.7372   5106.0   4818.7   4922.6
101590.0  35.1421   -85.7382   5106.0   4818.6   4904.3
101591.0  35.1433   -85.7392   5106.5   4818.9   4862.4
101592.0  35.1445   -85.7402   5107.2   4818.8   4829.6
101593.0  35.1456   -85.7412   5106.4   4818.0   4810.9
101594.0  35.1468   -85.7422   5106.0   4818.4   4790.1
101595.0  35.1480   -85.7432   5106.0   4818.0   4748.7
101596.0  35.1492   -85.7443   5106.0   4817.3   4711.6
101597.0  35.1504   -85.7453   5106.0   4817.5   4698.4
101598.0  35.1516   -85.7463   5106.0   4817.5   4687.5
101599.0  35.1528   -85.7473   5107.5   4817.6   4677.9
101600.0  35.1539   -85.7483   5109.7   4818.1   4672.7
101601.0  35.1551   -85.7493   5109.7   4816.8   4686.9
101602.0  35.1563   -85.7503   5109.7   4817.3   4692.1
101603.0  35.1575   -85.7513   5108.6   4817.5   4684.8
101604.0  35.1587   -85.7524   5107.2   4817.0   4702.9
101605.0  35.1599   -85.7534   5107.2   4817.1   4700.4
101606.0  35.1611   -85.7544   5107.2   4816.8   4718.2
101607.0  35.1622   -85.7554   5107.2   4817.3   4746.0
101608.0  35.1634   -85.7564   5107.2   4817.1   4749.4
101609.0  35.1646   -85.7574   5106.5   4815.9   4745.6
101610.0  35.1658   -85.7584   5106.0   4816.9   4773.8
101611.0  35.1670   -85.7595   5105.4   4815.5   4801.2
101612.0  35.1682   -85.7605   5103.5   4815.4   4801.9
101613.0  35.1693   -85.7615   5101.4   4813.6   4813.4
101614.0  35.1705   -85.7625   5098.5   4811.4   4793.4
101615.0  35.1717   -85.7635   5094.8   4807.6   4802.6
101616.0  35.1729   -85.7646   5090.4   4804.2   4803.2
101617.0  35.1740   -85.7656   5085.3   4799.7   4796.0
101618.0  35.1752   -85.7666   5079.5   4795.3   4768.9
101619.0  35.1764   -85.7677   5073.5   4789.0   4756.2
101620.0  35.1775   -85.7687   5067.3   4783.5   4734.5
101621.0  35.1787   -85.7698   5060.3   4777.3   4718.8
101622.0  35.1798   -85.7708   5053.1   4770.5   4687.2
101623.0  35.1810   -85.7718   5046.4   4763.6   4649.2
101624.0  35.1821   -85.7729   5039.0   4755.8   4629.4
101625.0  35.1832   -85.7739   5030.8   4747.4   4626.6
101626.0  35.1844   -85.7750   5022.4   4740.7   4631.4
101627.0  35.1855   -85.7760   5013.7   4732.3   4623.9
101628.0  35.1866   -85.7771   5005.3   4722.7   4638.0
101629.0  35.1877   -85.7781   4996.2   4714.8   4634.3
101630.0  35.1889   -85.7792   4987.1   4707.2   4654.9
101631.0  35.1900   -85.7802   4978.1   4697.3   4665.4
101632.0  35.1911   -85.7812   4968.9   4687.3   4677.6
101633.0  35.1922   -85.7822   4959.3   4678.3   4674.9
101634.0  35.1933   -85.7833   4949.9   4668.9   4680.7
101635.0  35.1944   -85.7843   4941.3   4661.6   4661.1
101636.0  35.1955   -85.7853   4932.7   4651.9   4648.8
101637.0  35.1966   -85.7863   4922.7   4643.0   4636.8
101638.0  35.1977   -85.7874   4912.5   4634.0   4616.0
101639.0  35.1988   -85.7884   4902.9   4624.7   4611.3
101640.0  35.1999   -85.7894   4893.3   4614.8   4600.5
101641.0  35.2010   -85.7905   4883.1   4605.5   4574.5
101642.0  35.2021   -85.7915   4872.9   4595.1   4541.4
101643.0  35.2031   -85.7926   4863.3   4586.9   4516.6
101644.0  35.2042   -85.7936   4853.7   4578.8   4492.1
101645.0  35.2053   -85.7946   4843.4   4569.0   4465.6
101646.0  35.2063   -85.7957   4832.8   4557.3   4434.9
101647.0  35.2074   -85.7967   4822.5   4547.1   4409.9
101648.0  35.2084   -85.7977   4811.9   4536.8   4390.9
101649.0  35.2095   -85.7988   4800.8   4526.9   4372.2
101650.0  35.2105   -85.7998   4789.5   4516.9   4359.1
101651.0  35.2116   -85.8008   4778.7   4506.6   4337.6
101652.0  35.2127   -85.8019   4767.3   4497.0   4315.3
101653.0  35.2137   -85.8029   4754.2   4484.5   4299.4
101654.0  35.2148   -85.8039   4740.0   4469.8   4283.5
101655.0  35.2158   -85.8049   4725.7   4455.1   4288.9
101656.0  35.2169   -85.8060   4710.7   4441.6   4257.5
