flight/WP3D/AircraftMis_NP3_20130626_RA.ict
41  1001
Ken Aikin
NOAA ESRL Chemical Sciences Division
various aircraft sensors
SENEX 2013
1  1
2013  06  26  2013  06  26
1
AOCTimewave
8
1  1  1  1  1  1  1  1
-9999  -9999  -9999  -9999  -9999  -9999  -9999  -9999
Attack  deg
CabinPrs  mbar
GndSpd  m/s
Heading  deg
Pitch  deg
Roll  deg
Slip  deg
TrueAirSpd  m/s
1
SPECIAL COMMENTS:Fayetteville shale flight.
18
PI_CONTACT_INFO: Address: NOAA ESRL Chemical Sciences Division  Mail Stop R/CSD7  325 Broadway  Boulder  CO 80305
PLATFORM: NOAA WP-3D
LOCATION: The aircraft was stationed in  Smyrna  Tennessee. Aircraft location information in AircraftPosition file.
ASSOCIATED_DATA: N/A
INSTRUMENT_INFO: N/A
DATA_INFO: Units: Attack degrees; CabinPrs millibar; GndSpd m/s; Heading degrees; Pitch degrees; Roll degrees; Slip degrees; TrueAirSpd m/s
UNCERTAINTY: N/A
ULOD_FLAG: -7777
ULOD_VALUE: N/A
LLOD_FLAG: -8888
LLOD_VALUE: N/A
DM_CONTACT_INFO: Data Manager:Ken Aikin; email:Kenneth.C.Aikin@noaa.gov
PROJECT_INFO: SENEX 2013 Study; June 1 - July 15  2013
STIPULATIONS_ON_USE: Use of these data require prior ok from PI.
OTHER_COMMENTS:       None
REVISION: RA
RA: Preliminary Data.  For in-field use.
AOCTimewave  Attack  CabinPrs  GndSpd  Heading  Pitch  Roll  Slip  TrueAirSpd
[from data line 2108]
55976.0  1.2  873.4  145.1  268.8  -0.90  0.18  -0.99  157.3
55977.0  1.2  873.2  144.8  268.9  -0.99  0.98  -0.96  156.9
55978.0  1.3  873.0  144.5  269.0  -0.99  1.19  -0.94  156.6
55979.0  1.6  873.4  144.2  269.3  -0.55  0.40  -1.07  156.3
55980.0  1.7  873.1  143.9  269.5  -0.26  -0.29  -1.22  155.9
55981.0  1.5  872.8  143.5  269.6  -0.23  -0.16  -1.15  155.4
55982.0  1.4  873.0  143.2  269.5  -0.33  0.83  -0.88  155.0
55983.0  1.4  873.2  142.8  269.6  -0.39  1.35  -0.81  154.6
55984.0  1.4  873.1  142.4  269.9  -0.41  1.01  -1.00  154.2
55985.0  1.5  873.0  142.1  270.2  -0.28  1.01  -1.13  154.0
55986.0  1.5  873.2  141.7  270.4  -0.28  0.80  -1.10  153.6
55987.0  1.3  873.0  141.4  270.4  -0.61  0.12  -1.05  153.3
55988.0  1.2  872.8  141.1  270.5  -0.94  -0.04  -0.99  153.0
55989.0  1.4  873.3  140.8  270.6  -0.91  0.04  -0.97  152.8
55990.0  1.5  873.2  140.5  270.7  -0.94  -0.05  -1.01  152.5
55991.0  1.5  873.0  140.3  270.9  -1.06  -0.27  -1.07  152.3
55992.0  1.5  873.2  140.1  271.0  -1.07  -0.44  -1.06  152.1
55993.0  1.7  873.6  139.9  271.1  -0.90  -0.32  -1.04  151.8
55994.0  1.7  873.5  139.6  271.2  -0.80  -0.19  -1.05  151.6
55995.0  1.7  872.9  139.4  271.3  -0.74  -0.82  -1.11  151.3
55996.0  1.9  873.0  139.2  271.4  -0.44  -2.33  -1.26  151.2
55997.0  1.8  872.9  138.9  271.4  -0.34  -3.80  -1.34  151.0
55998.0  1.7  873.3  138.6  271.1  -0.40  -5.00  -1.28  150.7
55999.0  1.7  872.7  138.4  270.7  -0.39  -6.11  -1.12  150.4
56000.0  1.8  872.8  138.1  270.4  -0.21  -5.27  -0.99  150.2
56001.0  1.6  872.9  137.8  270.3  -0.55  -2.45  -0.89  149.9
56002.0  1.5  873.4  137.6  270.3  -0.88  0.19  -0.78  149.7
56003.0  1.8  872.9  137.3  270.5  -0.63  0.30  -0.87  149.5
56004.0  1.8  872.7  137.1  270.9  -0.59  0.33  -1.15  149.3
56005.0  1.5  873.2  136.9  271.1  -0.96  1.24  -1.19  149.2
56006.0  1.5  873.2  136.6  271.1  -1.19  1.52  -0.95  149.0
56007.0  1.6  872.8  136.5  271.2  -1.28  1.25  -0.86  148.8
56008.0  1.6  872.9  136.3  271.5  -1.38  1.00  -1.02  148.7
56009.0  1.7  873.1  136.2  271.8  -1.41  0.83  -1.20  148.5
56010.0  1.6  873.0  136.1  271.9  -1.56  0.24  -1.18  148.5
56011.0  1.6  873.0  136.0  271.8  -1.74  -0.36  -1.03  148.6
56012.0  1.8  872.6  135.9  271.8  -1.50  -0.43  -0.98  148.5
56013.0  1.8  872.8  135.8  272.0  -1.50  -0.12  -1.05  148.5
56014.0  1.6  872.7  135.8  272.2  -1.71  0.37  -1.09  148.5
56015.0  1.7  872.8  135.7  272.2  -1.70  0.82  -1.01  148.5
56016.0  2.0  873.4  135.6  272.4  -1.31  0.90  -0.98  148.4
56017.0  1.9  872.8  135.5  272.7  -1.32  1.24  -1.05  148.2
56018.0  1.7  872.7  135.4  272.9  -1.53  1.85  -1.06  148.2
56019.0  1.6  872.6  135.3  273.0  -1.67  2.40  -0.91  148.0
56020.0  1.8  873.0  135.2  273.3  -1.47  1.91  -0.92  147.9
56021.0  1.9  872.7  135.1  273.7  -1.30  0.54  -1.16  147.7
56022.0  1.8  872.7  135.0  274.0  -1.37  -0.49  -1.33  147.6
56023.0  1.7  872.4  134.9  273.9  -1.46  -1.03  -1.17  147.3
56024.0  1.7  873.0  134.9  273.7  -1.53  -1.31  -0.91  146.9
56025.0  1.7  872.8  134.8  273.8  -1.61  -1.43  -0.92  146.8
56026.0  1.7  872.7  134.7  274.0  -1.72  -1.24  -1.10  146.6
56027.0  1.7  872.5  134.7  274.1  -1.88  -0.73  -1.10  146.4
56028.0  1.7  873.1  134.7  274.0  -1.97  -0.22  -0.98  146.3
56029.0  1.9  873.0  134.7  274.1  -1.86  -0.22  -0.94  146.2
56030.0  1.8  873.0  134.7  274.3  -1.97  -0.35  -1.07  146.1
56031.0  1.7  872.9  134.7  274.5  -2.21  -0.26  -1.15  146.1
56032.0  1.9  873.1  134.7  274.5  -2.03  -0.09  -1.04  145.9
56033.0  1.9  873.6  134.8  274.6  -1.98  -0.01  -0.98  145.9
56034.0  1.7  873.2  134.8  274.8  -2.23  -0.01  -1.01  145.8
56035.0  1.8  873.0  134.8  274.9  -2.22  -0.04  -1.05  145.9
56036.0  1.9  873.1  134.9  275.0  -2.06  -0.49  -1.08  145.9
56037.0  1.9  872.9  134.9  275.1  -2.10  -0.83  -1.07  145.8
56038.0  1.9  872.9  135.0  275.2  -2.09  -0.55  -1.04  145.8
56039.0  1.8  873.3  135.0  275.3  -2.14  0.01  -0.97  145.7
56040.0  1.6  873.0  135.1  275.4  -2.44  0.59  -0.91  145.7
56041.0  1.7  872.8  135.1  275.7  -2.47  0.98  -0.93  145.8
56042.0  1.8  873.0  135.2  276.0  -2.41  1.16  -1.01  145.9
56043.0  1.7  873.0  135.3  276.2  -2.56  1.36  -1.08  146.0
56044.0  1.7  872.9  135.4  276.4  -2.66  1.33  -1.01  146.0
56045.0  1.7  873.0  135.5  276.5  -2.71  -0.26  -1.04  146.1
56046.0  1.8  872.9  135.6  276.7  -2.68  -2.19  -1.21  146.2
56047.0  1.9  872.8  135.7  276.7  -2.51  -2.41  -1.24  146.3
56048.0  1.8  873.0  135.9  276.5  -2.56  -1.52  -1.04  146.3
56049.0  1.8  873.0  136.0  276.4  -2.55  -0.85  -0.87  146.5
56050.0  1.7  872.8  136.1  276.6  -2.65  -0.73  -0.93  146.6
56051.0  1.7  873.0  136.2  276.9  -2.64  -0.79  -1.09  146.8
56052.0  1.8  872.9  136.3  277.0  -2.59  -1.00  -1.17  146.8
56053.0  1.7  872.7  136.4  277.0  -2.58  -1.44  -1.13  146.8
56054.0  1.8  873.0  136.5  277.0  -2.48  -2.16  -1.10  146.9
56055.0  1.8  872.7  136.6  277.0  -2.42  -2.54  -1.11  147.0
56056.0  1.8  873.0  136.7  276.9  -2.29  -2.33  -1.08  147.0
56057.0  1.6  872.8  136.8  276.9  -2.46  -2.19  -1.04  147.2
56058.0  1.5  873.3  136.8  276.9  -2.73  -2.27  -1.03  147.4
56059.0  1.4  873.1  136.9  276.9  -2.96  -2.46  -1.08  147.5
56060.0  1.6  872.9  137.0  276.9  -2.81  -2.65  -1.12  147.7
56061.0  1.7  873.0  137.2  276.8  -2.69  -2.70  -1.11  147.8
56062.0  1.6  872.3  137.3  276.7  -2.79  -2.68  -1.05  148.1
56063.0  1.7  872.8  137.4  276.7  -2.61  -2.48  -1.06  148.3
56064.0  1.8  873.0  137.5  276.7  -2.31  -2.13  -1.06  148.4
56065.0  1.9  873.1  137.6  276.7  -1.97  -1.68  -1.10  148.3
56066.0  1.6  872.0  137.6  276.7  -2.14  -1.33  -1.08  148.4
56067.0  1.6  873.2  137.6  276.7  -2.02  -1.56  -1.02  148.5
56068.0  1.8  872.8  137.5  276.7  -1.71  -1.82  -1.08  148.4
56069.0  1.5  873.3  137.5  276.8  -1.96  -1.69  -1.05  148.5
56070.0  1.7  873.1  137.4  276.8  -1.77  -1.70  -1.02  148.5
56071.0  1.9  872.9  137.4  276.8  -1.31  -2.63  -1.16  148.3
56072.0  1.7  872.9  137.3  276.9  -1.28  -3.44  -1.26  148.3
56073.0  1.7  872.5  137.2  276.6  -1.11  -3.43  -1.14  148.2
56074.0  1.6  872.4  137.0  276.4  -1.10  -3.39  -0.99  147.9
56075.0  1.6  872.6  136.9  276.3  -1.15  -3.79  -1.05  147.6
56076.0  1.6  872.6  136.7  276.3  -1.15  -4.78  -1.24  147.5
56077.0  1.5  872.2  136.6  276.1  -1.27  -5.88  -1.33  147.0
56078.0  1.5  872.5  136.5  275.7  -1.44  -6.98  -1.18  147.1
56079.0  1.5  872.2  136.5  275.3  -1.53  -7.31  -1.10  146.9
56080.0  1.8  872.7  136.4  274.8  -1.22  -5.97  -1.02  146.7
56081.0  1.8  872.5  136.3  274.6  -1.01  -4.18  -0.98  146.5
56082.0  1.6  872.2  136.2  274.5  -1.23  -3.04  -0.99  146.3
56083.0  1.7  871.8  136.0  274.4  -1.08  -2.29  -0.99  146.2
56084.0  1.7  872.6  135.9  274.5  -1.08  -2.09  -1.08  145.8
56085.0  1.5  872.5  135.8  274.5  -1.35  -2.46  -1.21  145.6
56086.0  1.6  871.9  135.6  274.3  -1.35  -3.90  -1.20  145.4
56087.0  1.6  872.3  135.6  274.1  -1.41  -5.92  -1.21  145.3
56088.0  1.5  872.1  135.5  273.8  -1.52  -7.78  -1.32  145.3
56089.0  1.8  872.6  135.5  273.3  -1.24  -8.03  -1.36  145.2
56090.0  1.8  872.2  135.4  272.7  -1.27  -4.85  -0.91  145.0
56091.0  1.6  872.2  135.3  272.3  -1.56  -0.99  -0.44  145.0
56092.0  1.7  872.1  135.2  272.5  -1.54  -0.26  -0.67  144.7
56093.0  1.7  872.0  135.2  273.1  -1.54  -1.22  -1.30  144.7
56094.0  1.6  872.3  135.1  273.3  -1.66  -1.33  -1.49  144.6
56095.0  1.7  872.7  135.0  272.9  -1.74  -0.96  -1.15  144.5
56096.0  1.7  872.1  135.0  272.6  -1.71  -1.10  -0.84  144.5
56097.0  1.6  872.1  134.9  272.7  -1.92  -1.67  -0.98  144.3
56098.0  1.5  871.9  134.9  272.9  -2.17  -1.93  -1.31  144.3
56099.0  1.8  872.3  134.9  272.8  -1.81  -1.18  -1.25  144.4
56100.0  1.9  872.3  134.9  272.5  -1.59  -0.81  -0.95  144.3
56101.0  1.9  872.1  134.9  272.5  -1.52  -0.89  -1.01  144.1
56102.0  1.8  871.8  134.8  272.7  -1.49  -0.87  -1.29  144.2
56103.0  1.7  871.6  134.8  272.6  -1.68  -1.01  -1.23  144.2
56104.0  1.7  871.6  134.7  272.4  -1.72  -1.66  -1.13  144.1
56105.0  1.8  871.8  134.7  272.3  -1.54  -2.40  -1.14  144.1
56106.0  1.8  872.1  134.6  272.2  -1.43  -2.62  -1.15  144.0
56107.0  1.7  871.8  134.6  272.1  -1.48  -2.56  -1.08  144.0
56108.0  1.6  871.7  134.5  272.0  -1.60  -2.57  -1.04  143.8
56109.0  1.6  871.6  134.4  271.9  -1.72  -2.63  -1.07  143.7
56110.0  1.6  871.5  134.4  271.9  -1.81  -2.68  -1.12  143.8
56111.0  1.6  871.5  134.4  271.8  -1.86  -2.68  -1.08  143.7
56112.0  1.6  871.3  134.4  271.7  -1.88  -2.67  -1.09  143.7
56113.0  1.7  871.7  134.4  271.7  -1.86  -2.49  -1.12  143.6
56114.0  1.7  871.7  134.4  271.6  -1.85  -1.63  -1.08  143.5
56115.0  1.8  871.6  134.3  271.5  -1.70  -1.15  -1.05  143.5
56116.0  1.8  871.5  134.3  271.6  -1.55  -1.24  -1.09  143.3
56117.0  1.7  871.3  134.3  271.6  -1.68  -1.35  -1.15  143.1
56118.0  1.6  871.6  134.2  271.6  -1.92  -1.45  -1.13  143.2
56119.0  1.8  871.8  134.2  271.5  -1.65  -1.65  -1.08  143.3
56120.0  2.0  871.7  134.2  271.5  -1.26  -1.95  -1.12  143.2
56121.0  1.8  871.7  134.1  271.5  -1.31  -2.28  -1.20  143.2
56122.0  1.6  871.5  134.0  271.5  -1.45  -2.59  -1.23  143.2
56123.0  1.7  871.5  133.9  271.3  -1.38  -2.26  -1.12  143.2
56124.0  1.7  871.6  133.8  271.1  -1.45  -1.05  -0.96  143.2
56125.0  1.6  871.6  133.7  271.1  -1.54  -0.11  -0.95  143.2
56126.0  1.7  871.5  133.6  271.3  -1.37  -0.13  -1.08  143.1
56127.0  1.8  871.5  133.5  271.4  -1.17  -0.62  -1.23  142.9
56128.0  1.8  871.6  133.4  271.4  -1.08  -1.19  -1.20  143.0
56129.0  1.7  871.9  133.3  271.3  -1.14  -1.55  -1.08  142.9
56130.0  1.5  871.8  133.2  271.3  -1.44  -1.44  -0.99  142.8
56131.0  1.5  871.0  133.1  271.3  -1.57  -1.66  -1.00  142.8
56132.0  1.5  871.3  133.0  271.3  -1.69  -1.33  -0.98  142.9
56133.0  1.5  871.3  132.9  271.3  -1.91  -0.33  -0.88  142.9
56134.0  1.6  871.4  132.9  271.4  -1.93  0.40  -0.83  142.8
56135.0  1.8  871.3  132.9  271.6  -1.67  0.49  -0.93  142.9
56136.0  1.8  871.7  132.8  271.9  -1.57  0.34  -1.10  142.8
56137.0  1.7  871.8  132.8  272.1  -1.69  0.19  -1.13  142.7
56138.0  1.6  871.3  132.7  272.1  -1.84  -0.06  -1.03  142.7
56139.0  1.6  871.4  132.7  272.1  -1.92  -0.48  -0.98  142.6
56140.0  1.7  871.2  132.7  272.2  -1.83  -0.88  -1.04  142.5
56141.0  1.7  871.0  132.6  272.3  -1.85  -0.68  -1.09  142.5
56142.0  1.7  871.6  132.6  272.3  -1.81  -0.26  -1.02  142.5
56143.0  1.8  871.4  132.6  272.4  -1.62  -0.29  -0.94  142.4
56144.0  1.8  871.2  132.5  272.5  -1.46  -0.66  -1.00  142.3
56145.0  1.8  871.4  132.5  272.7  -1.46  -1.04  -1.12  142.2
56146.0  1.7  871.2  132.4  272.7  -1.49  -1.13  -1.15  142.1
56147.0  1.7  871.5  132.3  272.6  -1.49  -1.01  -1.03  141.9
56148.0  1.7  871.4  132.3  272.6  -1.44  -0.96  -0.97  141.9
56149.0  1.7  871.1  132.2  272.7  -1.41  -0.93  -1.03  141.7
56150.0  1.7  871.0  132.1  272.8  -1.46  -0.82  -1.09  141.6
56151.0  1.6  871.2  132.0  272.8  -1.57  -0.69  -1.05  141.5
56152.0  1.6  871.1  132.0  272.7  -1.62  -0.99  -1.03  141.4
56153.0  1.6  871.6  131.9  272.8  -1.65  -1.63  -1.07  141.2
56154.0  1.7  871.4  131.9  272.8  -1.60  -2.02  -1.10  141.2
56155.0  1.8  871.0  131.8  272.7  -1.40  -1.95  -1.07  141.1
56156.0  1.7  871.2  131.7  272.6  -1.42  -1.37  -0.97  141.1
56157.0  1.7  871.0  131.7  272.6  -1.49  -1.03  -0.95  141.0
56158.0  1.7  871.0  131.6  272.8  -1.48  -1.35  -1.06  140.9
56159.0  1.7  870.7  131.5  272.9  -1.51  -1.74  -1.22  140.7
56160.0  1.7  871.3  131.5  272.8  -1.56  -1.51  -1.11  140.7
56161.0  1.8  871.0  131.4  272.6  -1.43  -0.36  -0.82  140.6
56162.0  1.8  871.0  131.3  272.6  -1.35  0.20  -0.74  140.5
56163.0  1.7  870.7  131.2  273.0  -1.37  0.20  -0.99  140.4
56164.0  1.8  870.6  131.1  273.3  -1.37  0.34  -1.23  140.3
56165.0  1.7  871.5  131.1  273.3  -1.41  0.20  -1.17  140.2
56166.0  1.7  871.0  131.0  273.2  -1.49  -0.30  -1.05  140.0
56167.0  1.7  870.8  130.9  273.1  -1.58  -1.04  -1.05  139.9
56168.0  1.7  870.7  130.9  273.2  -1.64  -1.00  -1.03  140.0
56169.0  1.7  870.7  130.8  273.1  -1.72  0.22  -0.82  140.1
56170.0  1.7  870.7  130.8  273.3  -1.77  1.14  -0.77  140.1
56171.0  1.8  870.4  130.8  273.7  -1.74  1.37  -0.94  140.1
56172.0  1.8  870.6  130.7  274.1  -1.66  1.13  -1.16  140.1
56173.0  1.8  870.7  130.7  274.3  -1.61  0.13  -1.18  140.2
56174.0  1.8  871.0  130.7  274.3  -1.57  -0.27  -1.08  140.1
56175.0  1.8  870.7  130.6  274.3  -1.48  -0.15  -1.06  140.2
56176.0  1.8  870.5  130.5  274.4  -1.50  0.05  -1.06  140.2
56177.0  1.6  870.7  130.5  274.4  -1.65  0.30  -1.09  140.3
56178.0  1.6  870.7  130.4  274.5  -1.76  0.51  -1.05  140.6
56179.0  1.7  870.8  130.4  274.5  -1.75  0.56  -1.06  140.6
56180.0  1.7  870.1  130.3  274.6  -1.73  0.57  -1.00  140.6
56181.0  1.6  870.8  130.3  274.8  -1.73  0.67  -0.99  140.3
56182.0  1.8  870.6  130.2  275.1  -1.52  0.69  -1.01  140.2
56183.0  2.0  870.2  130.1  275.3  -1.12  0.26  -1.26  140.4
56184.0  1.9  870.6  130.0  275.4  -1.04  -0.67  -1.30  140.2
56185.0  1.7  870.5  129.9  275.2  -1.11  -1.77  -1.16  140.2
56186.0  1.7  870.2  129.8  275.0  -1.14  -2.71  -1.09  140.1
56187.0  1.7  870.5  129.6  274.9  -1.16  -3.35  -1.13  140.1
56188.0  1.6  870.7  129.5  274.8  -1.23  -3.23  -1.14  139.9
56189.0  1.6  871.3  129.4  274.6  -1.32  -2.75  -1.07  139.7
56190.0  1.6  870.7  129.3  274.5  -1.42  -3.03  -1.00  139.8
56191.0  1.6  870.3  129.2  274.5  -1.52  -3.70  -1.08  139.7
56192.0  1.5  870.2  129.1  274.5  -1.64  -4.30  -1.26  139.6
56193.0  1.6  870.0  129.1  274.2  -1.62  -3.76  -1.25  139.7
56194.0  1.7  870.5  129.0  273.8  -1.57  -2.67  -0.98  139.5
56195.0  1.7  870.6  129.0  273.6  -1.66  -1.94  -0.87  139.4
56196.0  1.6  870.8  128.9  273.7  -1.78  -1.39  -0.98  139.5
56197.0  1.7  870.6  128.9  273.9  -1.75  -1.02  -1.11  139.6
56198.0  1.8  870.7  128.8  273.9  -1.60  -1.44  -1.19  139.6
56199.0  1.7  870.5  128.8  273.8  -1.60  -1.81  -1.16  139.8
56200.0  1.9  870.3  128.7  273.7  -1.30  -1.27  -0.98  139.8
56201.0  1.9  870.3  128.6  273.7  -1.12  -0.62  -0.91  139.7
56202.0  1.7  870.3  128.5  273.8  -1.18  -0.93  -1.02  139.7
56203.0  1.6  870.2  128.4  274.0  -1.27  -1.87  -1.20  139.6
56204.0  1.6  870.3  128.3  274.0  -1.32  -2.36  -1.26  139.7
56205.0  1.7  870.1  128.2  273.8  -1.17  -2.68  -1.13  139.5
56206.0  1.8  870.4  128.0  273.6  -1.05  -3.61  -1.15  139.2
56207.0  1.7  870.6  127.9  273.4  -1.06  -4.07  -1.21  139.1
56208.0  1.7  870.2  127.7  273.2  -1.15  -4.07  -1.19  138.9
56209.0  1.6  870.2  127.6  272.9  -1.35  -3.97  -1.07  138.8
56210.0  1.6  870.1  127.5  272.7  -1.43  -3.99  -1.01  138.7
56211.0  1.8  870.6  127.4  272.6  -1.25  -3.89  -1.09  138.4
56212.0  1.6  870.3  127.3  272.5  -1.48  -3.47  -1.12  138.3
56213.0  1.4  870.0  127.3  272.3  -1.88  -3.05  -1.03  138.4
56214.0  1.6  869.9  127.2  272.2  -1.84  -2.90  -0.99  138.3
56215.0  1.7  870.0  127.2  272.2  -1.74  -2.90  -1.14  138.3
56216.0  1.6  870.0  127.2  272.1  -1.77  -2.89  -1.19  138.3
56217.0  1.7  869.7  127.1  271.9  -1.81  -3.07  -1.09  138.0
56218.0  1.7  870.4  127.1  271.7  -1.80  -3.39  -1.15  137.4
56219.0  1.8  869.9  127.1  271.6  -1.78  -3.55  -1.21  136.8
56220.0  1.7  869.6  127.1  271.4  -1.91  -3.19  -1.14  136.3
56221.0  1.6  869.9  127.2  271.1  -2.31  -2.71  -1.03  136.2
56222.0  1.6  869.9  127.2  271.0  -2.55  -2.87  -1.03  136.0
56223.0  1.7  870.5  127.4  270.9  -2.58  -3.06  -1.12  135.7
56224.0  1.7  869.8  127.5  270.8  -2.65  -3.39  -1.18  135.5
56225.0  1.7  870.5  127.6  270.6  -2.77  -3.97  -1.14  135.8
56226.0  1.7  870.1  127.8  270.4  -2.87  -4.37  -1.06  136.0
56227.0  1.8  870.1  127.9  270.2  -2.80  -3.91  -1.08  136.1
56228.0  1.8  869.5  128.1  270.1  -2.71  -2.75  -1.03  136.3
56229.0  1.8  869.4  128.3  270.0  -2.74  -2.49  -0.96  136.2
56230.0  1.7  869.8  128.5  270.0  -2.76  -2.78  -1.04  136.1
56231.0  1.7  869.9  128.6  270.0  -2.81  -3.15  -1.15  135.9
56232.0  1.6  869.8  128.8  269.9  -2.98  -3.48  -1.09  135.9
56233.0  1.6  869.6  129.0  269.7  -3.18  -3.91  -1.01  135.8
