flight/WP3D/AircraftPos_NP3_20130616_RA.ict
38  1001
Ken Aikin
NOAA ESRL Chemical Sciences Division
various aircraft sensors
SENEX 2013
1  1
2013  06  16  2013  06  16
1
AOCTimewave
5
1  1  1  1  1 
-9999  -9999  -9999  -9999  -9999
GpsLat  deg
GpsLon  deg
GpsAlt  m
PAlt  m
RAlt  m
1
SPECIAL COMMENTS:Atlanta power plants.
18
PI_CONTACT_INFO: Address: NOAA ESRL Chemical Sciences Division  Mail Stop R/CSD7  325 Broadway  Boulder  CO 80305
PLATFORM: NOAA WP-3D
LOCATION: The aircraft was stationed in Smyrna  Tennessee. Aircraft location information in AircraftPosition file.
ASSOCIATED_DATA: N/A
INSTRUMENT_INFO: N/A
DATA_INFO: Units:GpsLat:decimal degrees; GpsLon: decimal degrees; GpsAlt: meters; PAlt:meters; RAlt: meters.
UNCERTAINTY: N/A
ULOD_FLAG: -7777
ULOD_VALUE: N/A
LLOD_FLAG: -8888
LLOD_VALUE: N/A
DM_CONTACT_INFO: Data Manager:Ken Aikin; email:Kenneth.C.Aikin@noaa.gov
PROJECT_INFO: SENEX 2013 Study; June 1 - July 15  2013
STIPULATIONS_ON_USE: Use of these data require prior ok from PI.
OTHER_COMMENTS:       None
REVISION: RA
RA: Preliminary Data.  For in-field use.
AOCTimewave  GpsLat  GpsLon  GpsAlt  PAlt  RAlt
[from data line 6401]
61394.0  34.0907   -84.7504    751.0    647.4    509.7
61395.0  34.0917   -84.7508    751.0    648.0    501.4
61396.0  34.0927   -84.7513    751.5    648.2    493.9
61397.0  34.0937   -84.7518    752.2    649.3    478.8
61398.0  34.0946   -84.7523    752.2    647.6    483.3
61399.0  34.0956   -84.7528    751.3    647.9    477.5
61400.0  34.0965   -84.7533    751.0    648.3    481.4
61401.0  34.0975   -84.7538    751.0    648.5    494.2
61402.0  34.0984   -84.7544    751.0    648.2    502.5
61403.0  34.0993   -84.7549    751.0    647.3    495.2
61404.0  34.1002   -84.7555    751.0    648.1    492.0
61405.0  34.1012   -84.7561    751.0    647.5    514.1
61406.0  34.1021   -84.7567    751.0    648.2    535.8
61407.0  34.1030   -84.7573    751.0    647.9    546.2
61408.0  34.1039   -84.7579    751.0    647.5    542.1
61409.0  34.1048   -84.7586    751.8    646.7    535.6
61410.0  34.1057   -84.7592    752.2    648.9    540.1
61411.0  34.1066   -84.7598    752.2    650.0    536.0
61412.0  34.1074   -84.7605    752.7    649.3    528.0
61413.0  34.1083   -84.7611    753.5    651.0    519.4
61414.0  34.1092   -84.7618    754.6    651.8    508.0
61415.0  34.1101   -84.7625    754.6    651.4    496.4
61416.0  34.1110   -84.7632    753.5    650.9    491.2
61417.0  34.1118   -84.7639    753.5    651.5    491.5
61418.0  34.1127   -84.7646    753.4    652.1    483.8
61419.0  34.1135   -84.7653    752.2    649.5    467.8
61420.0  34.1144   -84.7660    752.2    648.4    462.1
61421.0  34.1153   -84.7666    752.2    648.9    457.4
61422.0  34.1161   -84.7673    752.2    648.9    468.6
61423.0  34.1170   -84.7680    753.0    649.3    492.1
61424.0  34.1179   -84.7688    753.8    648.7    492.0
61425.0  34.1187   -84.7695    754.7    651.2    482.0
61426.0  34.1196   -84.7702    754.7    649.5    453.7
61427.0  34.1204   -84.7710    755.2    650.4    436.6
61428.0  34.1212   -84.7717    755.5    651.0    434.7
61429.0  34.1220   -84.7725    754.7    650.8    443.2
61430.0  34.1228   -84.7733    754.5    651.5    470.8
61431.0  34.1236   -84.7741    753.5    651.3    490.6
61432.0  34.1244   -84.7749    752.5    648.0    499.2
61433.0  34.1252   -84.7758    752.2    648.5    501.3
61434.0  34.1259   -84.7766    753.2    649.6    496.7
61435.0  34.1267   -84.7775    754.4    653.0    502.9
61436.0  34.1274   -84.7784    753.9    652.1    504.4
61437.0  34.1281   -84.7793    753.2    650.6    507.6
61438.0  34.1289   -84.7802    752.2    648.9    510.7
61439.0  34.1296   -84.7811    751.9    648.4    481.8
61440.0  34.1303   -84.7821    751.0    647.5    471.5
61441.0  34.1310   -84.7830    751.0    645.8    486.0
61442.0  34.1317   -84.7839    751.0    649.5    526.0
61443.0  34.1324   -84.7848    751.0    647.8    536.5
61444.0  34.1331   -84.7858    750.4    648.0    527.5
61445.0  34.1338   -84.7867    749.8    647.5    527.2
61446.0  34.1345   -84.7876    749.8    647.8    533.5
61447.0  34.1352   -84.7885    749.8    647.3    538.1
61448.0  34.1359   -84.7895    748.9    646.1    543.3
61449.0  34.1366   -84.7904    748.6    647.1    544.1
61450.0  34.1373   -84.7913    748.6    646.1    539.9
61451.0  34.1380   -84.7922    748.6    647.3    542.8
61452.0  34.1387   -84.7931    748.6    644.8    541.1
61453.0  34.1394   -84.7940    748.6    645.1    529.4
61454.0  34.1401   -84.7950    748.6    646.2    510.6
61455.0  34.1408   -84.7959    748.6    646.2    513.4
61456.0  34.1415   -84.7968    748.6    646.3    514.9
61457.0  34.1422   -84.7977    748.6    644.9    512.4
61458.0  34.1429   -84.7986    748.6    641.0    505.4
61459.0  34.1436   -84.7995    750.1    644.9    509.9
61460.0  34.1443   -84.8004    751.0    648.0    509.8
61461.0  34.1450   -84.8013    752.2    649.9    517.9
61462.0  34.1457   -84.8023    752.2    648.1    510.1
61463.0  34.1464   -84.8032    751.1    647.9    516.3
61464.0  34.1471   -84.8041    751.0    648.0    517.5
61465.0  34.1478   -84.8050    751.5    650.1    513.2
61466.0  34.1485   -84.8059    752.2    650.3    506.0
61467.0  34.1492   -84.8068    752.2    650.3    507.5
61468.0  34.1499   -84.8078    752.4    648.6    513.7
61469.0  34.1506   -84.8087    753.5    649.9    520.5
61470.0  34.1513   -84.8096    753.5    651.1    523.2
61471.0  34.1519   -84.8106    753.7    651.4    524.9
61472.0  34.1526   -84.8115    754.5    650.7    533.6
61473.0  34.1533   -84.8124    754.7    652.7    536.7
61474.0  34.1540   -84.8133    754.7    651.7    544.0
61475.0  34.1547   -84.8143    755.7    653.7    543.5
61476.0  34.1554   -84.8152    756.8    654.6    540.6
61477.0  34.1561   -84.8161    758.3    656.9    541.7
61478.0  34.1568   -84.8171    758.3    656.1    543.5
61479.0  34.1575   -84.8180    757.4    654.9    542.2
61480.0  34.1581   -84.8190    755.7    652.7    540.7
61481.0  34.1588   -84.8199    754.7    652.3    551.6
61482.0  34.1595   -84.8208    754.7    652.9    558.5
61483.0  34.1602   -84.8218    753.6    652.0    547.4
61484.0  34.1609   -84.8227    753.7    652.3    549.2
61485.0  34.1616   -84.8237    753.5    650.9    546.2
61486.0  34.1623   -84.8246    753.5    650.9    549.3
61487.0  34.1630   -84.8255    753.5    651.4    549.8
61488.0  34.1637   -84.8265    753.5    651.5    549.4
61489.0  34.1644   -84.8274    753.5    652.2    547.2
61490.0  34.1651   -84.8284    752.7    651.1    544.1
61491.0  34.1658   -84.8293    752.2    649.4    542.7
61492.0  34.1665   -84.8303    752.2    650.9    537.0
61493.0  34.1672   -84.8312    752.2    650.1    539.4
61494.0  34.1679   -84.8322    752.2    648.9    540.6
61495.0  34.1686   -84.8331    753.2    650.6    545.4
61496.0  34.1693   -84.8341    753.5    651.4    541.4
61497.0  34.1700   -84.8350    753.5    652.4    535.0
61498.0  34.1707   -84.8360    754.5    651.5    528.5
61499.0  34.1714   -84.8369    754.7    651.1    524.3
61500.0  34.1721   -84.8379    754.7    652.2    520.5
61501.0  34.1728   -84.8388    754.7    653.2    526.7
61502.0  34.1735   -84.8398    754.7    652.3    532.4
61503.0  34.1742   -84.8408    754.2    651.3    532.1
61504.0  34.1749   -84.8417    753.9    652.1    528.4
61505.0  34.1756   -84.8427    753.6    651.4    527.3
61506.0  34.1763   -84.8436    752.3    649.6    522.3
61507.0  34.1770   -84.8446    752.2    648.5    524.8
61508.0  34.1777   -84.8456    752.2    649.1    522.6
61509.0  34.1784   -84.8465    752.2    648.5    525.9
61510.0  34.1791   -84.8475    751.5    649.2    510.1
61511.0  34.1799   -84.8484    751.0    649.2    497.9
61512.0  34.1806   -84.8494    750.3    648.4    497.8
61513.0  34.1813   -84.8504    749.8    646.9    492.1
61514.0  34.1820   -84.8513    749.8    645.3    496.8
61515.0  34.1827   -84.8523    750.2    648.7    505.6
61516.0  34.1834   -84.8532    751.0    648.3    506.8
61517.0  34.1841   -84.8542    750.5    646.9    498.7
61518.0  34.1848   -84.8552    749.8    646.4    497.6
61519.0  34.1856   -84.8561    749.8    647.4    501.3
61520.0  34.1863   -84.8571    748.8    647.6    488.6
61521.0  34.1870   -84.8580    748.6    644.8    478.9
61522.0  34.1877   -84.8590    748.0    646.0    474.4
61523.0  34.1884   -84.8599    747.4    645.7    482.5
61524.0  34.1891   -84.8609    747.4    646.2    493.9
61525.0  34.1898   -84.8619    747.4    644.9    498.2
61526.0  34.1905   -84.8628    747.4    644.4    495.4
61527.0  34.1912   -84.8638    747.4    644.0    494.6
61528.0  34.1919   -84.8647    747.4    643.9    494.3
61529.0  34.1926   -84.8657    747.4    643.8    492.8
61530.0  34.1933   -84.8667    747.4    643.6    498.0
61531.0  34.1941   -84.8676    748.6    645.4    496.4
61532.0  34.1948   -84.8686    749.5    645.2    492.1
61533.0  34.1955   -84.8695    750.8    647.7    491.2
61534.0  34.1962   -84.8705    752.1    649.4    480.2
61535.0  34.1969   -84.8714    752.2    650.7    458.9
61536.0  34.1976   -84.8724    752.2    650.4    431.7
61537.0  34.1983   -84.8733    751.7    649.3    422.0
61538.0  34.1990   -84.8743    751.0    649.0    418.9
61539.0  34.1997   -84.8752    751.0    649.4    436.9
61540.0  34.2004   -84.8762    751.0    649.9    466.1
61541.0  34.2011   -84.8771    751.0    647.8    491.9
61542.0  34.2018   -84.8781    751.9    649.2    504.3
61543.0  34.2025   -84.8790    752.2    649.9    510.7
61544.0  34.2032   -84.8800    752.2    649.3    515.9
61545.0  34.2039   -84.8809    752.2    649.0    514.3
61546.0  34.2046   -84.8819    752.2    650.4    518.9
61547.0  34.2053   -84.8828    752.5    648.8    525.0
61548.0  34.2060   -84.8838    753.5    649.9    529.3
61549.0  34.2067   -84.8848    754.9    653.6    526.8
61550.0  34.2074   -84.8857    755.9    653.5    521.9
61551.0  34.2081   -84.8867    754.9    652.3    520.2
61552.0  34.2088   -84.8876    754.7    651.8    524.0
61553.0  34.2095   -84.8886    754.7    652.3    525.4
61554.0  34.2102   -84.8895    753.9    651.6    519.4
61555.0  34.2109   -84.8905    753.5    650.1    513.7
61556.0  34.2116   -84.8914    752.6    651.0    518.7
61557.0  34.2123   -84.8924    752.2    649.6    519.2
61558.0  34.2130   -84.8933    751.3    649.2    511.7
61559.0  34.2138   -84.8943    750.5    647.3    503.5
61560.0  34.2145   -84.8952    749.8    648.4    493.2
61561.0  34.2152   -84.8961    749.8    647.9    494.6
61562.0  34.2159   -84.8971    749.8    647.3    504.9
61563.0  34.2166   -84.8980    749.8    646.8    504.1
61564.0  34.2173   -84.8990    748.8    646.2    492.6
61565.0  34.2180   -84.8999    748.6    645.1    487.7
61566.0  34.2187   -84.9008    749.0    645.6    480.3
61567.0  34.2195   -84.9018    750.5    649.3    492.1
61568.0  34.2202   -84.9027    752.0    650.3    501.6
61569.0  34.2209   -84.9037    753.3    650.6    511.5
61570.0  34.2216   -84.9046    753.5    650.2    503.7
61571.0  34.2223   -84.9055    753.5    650.1    498.5
61572.0  34.2230   -84.9065    753.5    650.8    489.2
61573.0  34.2237   -84.9074    753.5    652.0    491.2
61574.0  34.2245   -84.9084    753.5    652.5    494.0
61575.0  34.2252   -84.9093    752.7    652.1    494.3
61576.0  34.2259   -84.9102    752.2    650.0    496.4
61577.0  34.2266   -84.9112    751.6    649.0    483.8
61578.0  34.2273   -84.9121    751.0    649.8    482.7
61579.0  34.2281   -84.9130    751.0    648.8    486.1
61580.0  34.2288   -84.9140    751.0    649.8    493.9
61581.0  34.2295   -84.9149    751.5    650.7    501.4
61582.0  34.2302   -84.9158    752.2    651.0    505.9
61583.0  34.2310   -84.9167    752.2    649.7    515.0
61584.0  34.2317   -84.9176    752.2    650.8    512.1
61585.0  34.2325   -84.9185    751.4    649.8    511.8
61586.0  34.2332   -84.9195    750.7    648.3    521.0
61587.0  34.2339   -84.9204    749.8    647.8    527.6
61588.0  34.2347   -84.9213    749.2    646.5    532.7
61589.0  34.2355   -84.9221    748.6    645.7    534.7
61590.0  34.2362   -84.9230    748.6    645.0    531.6
61591.0  34.2370   -84.9239    749.0    646.2    537.5
61592.0  34.2377   -84.9248    750.2    647.9    543.0
61593.0  34.2385   -84.9257    751.8    649.6    538.2
61594.0  34.2393   -84.9266    752.9    650.2    537.5
61595.0  34.2400   -84.9274    754.3    653.0    536.2
61596.0  34.2408   -84.9283    754.7    654.4    542.1
61597.0  34.2416   -84.9292    753.6    652.0    529.5
61598.0  34.2424   -84.9300    753.5    651.3    528.6
61599.0  34.2432   -84.9309    752.4    651.2    521.6
61600.0  34.2439   -84.9318    752.2    649.2    509.2
61601.0  34.2447   -84.9326    751.8    649.9    511.6
61602.0  34.2455   -84.9335    752.1    650.3    512.7
61603.0  34.2463   -84.9344    751.5    650.1    514.3
61604.0  34.2471   -84.9352    750.4    648.3    502.9
61605.0  34.2478   -84.9361    749.8    646.2    508.9
61606.0  34.2486   -84.9369    749.8    646.2    516.8
61607.0  34.2494   -84.9378    749.8    644.5    515.5
61608.0  34.2502   -84.9386    749.8    647.2    512.3
61609.0  34.2510   -84.9395    749.5    646.5    511.2
61610.0  34.2518   -84.9403    748.6    647.1    514.1
61611.0  34.2526   -84.9412    748.8    647.8    511.3
61612.0  34.2534   -84.9420    749.8    647.1    501.9
61613.0  34.2542   -84.9429    749.8    648.6    500.4
61614.0  34.2549   -84.9437    751.0    648.3    491.6
61615.0  34.2557   -84.9446    751.9    649.3    490.7
61616.0  34.2565   -84.9455    753.0    650.7    490.5
61617.0  34.2573   -84.9463    753.5    651.9    483.4
61618.0  34.2581   -84.9472    753.5    649.6    485.0
61619.0  34.2588   -84.9481    753.5    650.9    494.0
61620.0  34.2596   -84.9489    753.0    648.7    517.8
61621.0  34.2604   -84.9498    752.2    650.0    528.9
61622.0  34.2612   -84.9507    752.1    650.3    530.7
61623.0  34.2619   -84.9516    751.0    650.3    535.3
61624.0  34.2627   -84.9524    751.0    649.3    535.3
61625.0  34.2635   -84.9533    751.0    649.8    540.0
61626.0  34.2642   -84.9542    750.7    648.7    537.3
61627.0  34.2650   -84.9551    749.8    646.7    528.1
61628.0  34.2658   -84.9559    749.8    648.6    519.5
61629.0  34.2666   -84.9568    749.8    649.7    524.8
61630.0  34.2673   -84.9577    749.8    649.5    536.7
61631.0  34.2681   -84.9586    749.8    648.5    543.5
61632.0  34.2688   -84.9594    749.8    649.1    545.8
61633.0  34.2696   -84.9603    749.8    649.2    534.4
61634.0  34.2704   -84.9612    749.8    648.2    518.6
61635.0  34.2711   -84.9621    749.4    647.4    521.2
61636.0  34.2719   -84.9630    748.6    646.2    525.7
61637.0  34.2726   -84.9639    748.9    647.3    528.1
61638.0  34.2734   -84.9648    749.8    648.2    522.9
61639.0  34.2742   -84.9656    749.8    648.9    507.8
61640.0  34.2749   -84.9665    749.8    647.7    496.5
61641.0  34.2757   -84.9674    749.8    647.0    486.2
61642.0  34.2764   -84.9683    749.8    648.0    487.9
61643.0  34.2772   -84.9692    751.0    648.5    497.1
61644.0  34.2779   -84.9701    752.0    648.7    508.5
61645.0  34.2787   -84.9710    753.0    649.7    511.5
61646.0  34.2794   -84.9719    753.5    650.4    513.2
61647.0  34.2802   -84.9728    752.2    650.0    514.6
61648.0  34.2809   -84.9737    752.2    650.8    517.4
61649.0  34.2817   -84.9746    752.2    651.2    524.9
61650.0  34.2824   -84.9755    752.2    650.6    520.0
61651.0  34.2832   -84.9764    752.2    649.9    527.6
61652.0  34.2839   -84.9773    752.2    651.0    531.9
61653.0  34.2847   -84.9782    751.8    651.5    541.2
61654.0  34.2855   -84.9790    752.0    649.5    539.9
61655.0  34.2863   -84.9798    752.7    650.7    532.4
61656.0  34.2871   -84.9806    753.5    652.6    528.4
61657.0  34.2880   -84.9814    753.7    651.1    530.5
61658.0  34.2888   -84.9821    754.7    651.6    526.0
61659.0  34.2897   -84.9828    755.7    653.2    529.2
61660.0  34.2906   -84.9835    757.0    655.1    512.2
61661.0  34.2915   -84.9842    757.1    655.6    521.8
61662.0  34.2925   -84.9847    758.3    655.6    530.8
61663.0  34.2934   -84.9853    759.0    656.0    535.6
61664.0  34.2944   -84.9858    759.9    656.2    538.7
61665.0  34.2954   -84.9863    760.8    657.9    535.4
61666.0  34.2964   -84.9867    760.8    658.4    529.3
61667.0  34.2974   -84.9871    760.8    658.4    530.7
61668.0  34.2984   -84.9875    760.8    659.5    537.1
61669.0  34.2995   -84.9878    759.9    657.6    537.6
61670.0  34.3005   -84.9880    759.6    657.1    536.0
61671.0  34.3016   -84.9882    758.4    658.8    525.4
61672.0  34.3027   -84.9883    757.5    657.7    529.0
61673.0  34.3038   -84.9884    756.3    656.2    527.3
61674.0  34.3048   -84.9885    755.3    656.0    523.9
61675.0  34.3059   -84.9884    753.9    654.6    524.8
61676.0  34.3070   -84.9884    751.7    650.7    513.9
61677.0  34.3080   -84.9882    750.1    648.1    510.0
61678.0  34.3091   -84.9880    748.3    647.4    507.2
61679.0  34.3102   -84.9878    746.7    645.7    501.6
61680.0  34.3112   -84.9875    744.4    643.2    500.0
61681.0  34.3123   -84.9871    742.9    639.6    491.2
61682.0  34.3133   -84.9867    742.1    639.5    479.7
