flight/WP3D/AircraftPos_NP3_20130531_RA.ict
38  1001
Ken Aikin
NOAA ESRL Chemical Sciences Division
various aircraft sensors
SENEX 2013
1  1
2013  05  31  2013  05  31
1
AOCTimewave
5
1  1  1  1  1 
-9999  -9999  -9999  -9999  -9999
GpsLat  deg
GpsLon  deg
GpsAlt  m
PAlt  m
RAlt  m
1
SPECIAL COMMENTS:2nd test flight from Tampa.
18
PI_CONTACT_INFO: Address: NOAA ESRL Chemical Sciences Division  Mail Stop R/CSD7  325 Broadway  Boulder  CO 80305
PLATFORM: NOAA WP-3D
LOCATION: The aircraft was stationed in Smyrna  Tennessee. Aircraft location information in AircraftPosition file.
ASSOCIATED_DATA: N/A
INSTRUMENT_INFO: N/A
DATA_INFO: Units:GpsLat:decimal degrees; GpsLon: decimal degrees; GpsAlt: meters; PAlt:meters; RAlt: meters.
UNCERTAINTY: N/A
ULOD_FLAG: -7777
ULOD_VALUE: N/A
LLOD_FLAG: -8888
LLOD_VALUE: N/A
DM_CONTACT_INFO: Data Manager:Ken Aikin; email:Kenneth.C.Aikin@noaa.gov
PROJECT_INFO: SENEX 2013 Study; June 1 - July 15  2013
STIPULATIONS_ON_USE: Use of these data require prior ok from PI.
OTHER_COMMENTS:       None
REVISION: RA
RA: Preliminary Data.  For in-field use.
AOCTimewave  GpsLat  GpsLon  GpsAlt  PAlt  RAlt
[from data line 7564]
58636.0  27.9847   -82.2697   2575.8   2380.4   2579.2
58637.0  27.9837   -82.2697   2574.8   2379.9   2574.6
58638.0  27.9826   -82.2698   2573.7   2379.0   2579.8
58639.0  27.9816   -82.2698   2574.5   2377.8   2578.5
58640.0  27.9805   -82.2698   2575.0   2377.1   2584.1
58641.0  27.9795   -82.2699   2575.0   2377.9   2581.4
58642.0  27.9784   -82.2699   2575.0   2378.8   2581.1
58643.0  27.9773   -82.2699   2576.2   2379.6   2568.6
58644.0  27.9763   -82.2699   2576.2   2381.5   2573.1
58645.0  27.9752   -82.2700   2576.2   2382.2   2570.4
58646.0  27.9742   -82.2700   2576.2   2381.1   2561.6
58647.0  27.9731   -82.2700   2576.1   2381.1   2561.1
58648.0  27.9720   -82.2700   2574.8   2379.2   2558.9
58649.0  27.9710   -82.2700   2573.0   2378.4   2564.9
58650.0  27.9699   -82.2700   2570.0   2375.3   2568.1
58651.0  27.9688   -82.2701   2566.0   2371.7   2557.4
58652.0  27.9678   -82.2701   2561.4   2367.6   2560.2
58653.0  27.9667   -82.2701   2556.1   2362.8   2558.3
58654.0  27.9656   -82.2701   2550.6   2357.9   2555.5
58655.0  27.9645   -82.2701   2545.1   2353.1   2540.4
58656.0  27.9635   -82.2701   2539.8   2348.2   2543.5
58657.0  27.9624   -82.2701   2534.5   2342.4   2537.9
58658.0  27.9613   -82.2702   2528.8   2336.4   2515.7
58659.0  27.9602   -82.2702   2523.0   2331.1   2516.4
58660.0  27.9592   -82.2702   2516.8   2325.8   2513.3
58661.0  27.9581   -82.2702   2510.4   2319.4   2497.5
58662.0  27.9570   -82.2703   2503.5   2313.2   2492.7
58663.0  27.9559   -82.2703   2496.8   2308.0   2474.6
58664.0  27.9548   -82.2703   2490.3   2301.8   2468.2
58665.0  27.9538   -82.2704   2483.5   2294.4   2468.1
58666.0  27.9527   -82.2704   2475.9   2288.1   2465.6
58667.0  27.9516   -82.2705   2468.0   2280.1   2447.3
58668.0  27.9505   -82.2705   2461.0   2272.6   2447.1
58669.0  27.9494   -82.2705   2454.4   2265.8   2436.2
58670.0  27.9484   -82.2706   2447.3   2258.1   2436.9
58671.0  27.9473   -82.2706   2439.5   2252.3   2428.6
58672.0  27.9462   -82.2707   2431.8   2246.3   2422.2
58673.0  27.9451   -82.2707   2425.7   2238.0   2415.4
58674.0  27.9441   -82.2708   2420.2   2232.5   2414.9
58675.0  27.9430   -82.2708   2413.7   2228.8   2412.1
58676.0  27.9419   -82.2709   2406.8   2221.2   2404.4
58677.0  27.9409   -82.2710   2398.9   2213.2   2415.8
58678.0  27.9398   -82.2710   2390.6   2205.8   2402.4
58679.0  27.9388   -82.2711   2383.4   2199.2   2373.5
58680.0  27.9377   -82.2712   2376.5   2192.7   2353.5
58681.0  27.9366   -82.2713   2368.5   2186.3   2349.1
58682.0  27.9356   -82.2714   2359.3   2178.2   2346.7
58683.0  27.9345   -82.2715   2350.0   2169.1   2361.9
58684.0  27.9334   -82.2715   2341.0   2161.4   2337.6
58685.0  27.9323   -82.2716   2331.9   2153.1   2325.9
58686.0  27.9313   -82.2717   2322.9   2143.4   2308.8
58687.0  27.9302   -82.2718   2314.6   2136.2   2322.0
58688.0  27.9291   -82.2719   2308.0   2128.8   2314.9
58689.0  27.9281   -82.2719   2302.0   2122.2   2306.2
58690.0  27.9270   -82.2720   2295.4   2115.9   2297.2
58691.0  27.9259   -82.2721   2287.2   2108.9   2289.9
58692.0  27.9249   -82.2722   2277.9   2099.0   2276.2
58693.0  27.9238   -82.2723   2269.2   2090.2   2268.6
58694.0  27.9228   -82.2724   2261.7   2084.7   2260.1
58695.0  27.9217   -82.2724   2254.9   2078.2   2249.9
58696.0  27.9206   -82.2725   2247.7   2069.9   2262.1
58697.0  27.9196   -82.2726   2239.7   2060.9   2256.2
58698.0  27.9185   -82.2727   2230.8   2053.8   2249.1
58699.0  27.9175   -82.2727   2221.8   2045.0   2208.9
58700.0  27.9164   -82.2728   2212.6   2036.3   2201.9
58701.0  27.9153   -82.2729   2202.4   2028.6   2193.5
58702.0  27.9143   -82.2729   2191.0   2017.4   2185.9
58703.0  27.9132   -82.2730   2179.1   2007.0   2179.7
58704.0  27.9122   -82.2731   2167.9   1995.9   2173.2
58705.0  27.9111   -82.2732   2155.6   1982.7   2140.8
58706.0  27.9100   -82.2733   2141.6   1970.7   2142.5
58707.0  27.9090   -82.2733   2127.6   1956.9   2135.8
58708.0  27.9079   -82.2734   2115.3   1945.0   2129.9
58709.0  27.9068   -82.2735   2104.7   1933.7   2109.8
58710.0  27.9058   -82.2736   2095.3   1923.8   2094.6
58711.0  27.9047   -82.2737   2086.6   1914.4   2074.6
58712.0  27.9036   -82.2737   2077.5   1906.8   2071.3
58713.0  27.9025   -82.2738   2067.6   1898.8   2058.9
58714.0  27.9015   -82.2739   2057.4   1888.3   2052.7
58715.0  27.9004   -82.2740   2047.2   1878.7   2050.4
58716.0  27.8993   -82.2740   2036.6   1868.8   2042.8
58717.0  27.8982   -82.2741   2026.3   1860.6   2024.8
58718.0  27.8971   -82.2742   2015.7   1850.5   2031.3
58719.0  27.8961   -82.2742   2005.4   1840.4   2027.6
58720.0  27.8950   -82.2743   1995.8   1830.7   2001.7
58721.0  27.8939   -82.2744   1985.9   1821.0   1979.8
58722.0  27.8928   -82.2745   1975.3   1810.8   1983.7
58723.0  27.8917   -82.2746   1963.9   1799.4   1964.4
58724.0  27.8907   -82.2746   1952.5   1788.5   1960.4
58725.0  27.8896   -82.2747   1942.0   1778.9   1951.8
58726.0  27.8885   -82.2748   1931.0   1768.3   1946.6
58727.0  27.8874   -82.2749   1919.8   1758.8   1936.5
58728.0  27.8863   -82.2750   1908.9   1748.2   1928.4
58729.0  27.8852   -82.2751   1898.0   1737.2   1905.4
58730.0  27.8842   -82.2752   1886.9   1726.8   1897.7
58731.0  27.8831   -82.2752   1876.1   1715.9   1860.8
58732.0  27.8820   -82.2753   1865.2   1705.7   1871.8
58733.0  27.8809   -82.2754   1853.8   1694.6   1863.1
58734.0  27.8798   -82.2754   1842.2   1683.9   1848.0
58735.0  27.8787   -82.2755   1830.5   1672.5   1827.4
58736.0  27.8776   -82.2756   1818.2   1659.9   1827.5
58737.0  27.8765   -82.2756   1805.6   1648.9   1808.6
58738.0  27.8754   -82.2757   1793.0   1636.9   1804.4
58739.0  27.8743   -82.2758   1779.9   1623.9   1812.9
58740.0  27.8732   -82.2758   1766.3   1611.5   1785.1
58741.0  27.8721   -82.2759   1752.6   1596.7   1784.4
58742.0  27.8710   -82.2759   1738.5   1583.7   1769.7
58743.0  27.8699   -82.2760   1724.3   1571.3   1737.8
58744.0  27.8688   -82.2761   1710.5   1557.3   1716.4
58745.0  27.8677   -82.2761   1696.9   1545.3   1710.7
58746.0  27.8666   -82.2762   1683.7   1532.0   1692.5
58747.0  27.8654   -82.2763   1671.5   1519.7   1668.9
58748.0  27.8643   -82.2763   1659.8   1509.6   1670.8
58749.0  27.8632   -82.2764   1648.3   1497.8   1661.0
58750.0  27.8621   -82.2765   1636.6   1486.2   1647.8
58751.0  27.8610   -82.2765   1625.0   1475.3   1652.9
58752.0  27.8598   -82.2766   1613.2   1464.6   1632.8
58753.0  27.8587   -82.2767   1601.3   1455.3   1631.4
58754.0  27.8576   -82.2768   1589.2   1443.2   1606.1
58755.0  27.8564   -82.2768   1576.0   1429.7   1600.7
58756.0  27.8553   -82.2769   1561.7   1416.9   1589.3
58757.0  27.8542   -82.2770   1547.8   1402.0   1562.6
58758.0  27.8530   -82.2771   1534.0   1389.8   1539.9
58759.0  27.8519   -82.2771   1520.3   1376.7   1532.2
58760.0  27.8508   -82.2772   1506.9   1363.8   1511.8
58761.0  27.8496   -82.2773   1493.7   1350.2   1527.1
58762.0  27.8485   -82.2774   1480.8   1337.0   1512.8
58763.0  27.8473   -82.2775   1467.4   1326.3   1504.0
58764.0  27.8462   -82.2775   1453.8   1313.4   1468.5
58765.0  27.8450   -82.2776   1441.1   1301.3   1453.5
58766.0  27.8439   -82.2777   1429.0   1289.9   1427.4
58767.0  27.8427   -82.2778   1417.3   1277.3   1421.4
58768.0  27.8416   -82.2780   1405.6   1266.6   1418.7
58769.0  27.8405   -82.2781   1393.9   1254.3   1426.3
58770.0  27.8393   -82.2783   1381.8   1244.4   1409.5
58771.0  27.8382   -82.2784   1369.9   1233.9   1391.0
58772.0  27.8370   -82.2786   1357.7   1221.6   1364.3
58773.0  27.8359   -82.2788   1345.7   1209.2   1351.2
58774.0  27.8348   -82.2791   1334.2   1196.3   1356.0
58775.0  27.8336   -82.2793   1322.5   1185.2   1327.9
58776.0  27.8325   -82.2796   1309.9   1173.7   1307.0
58777.0  27.8313   -82.2799   1297.0   1161.0   1301.1
58778.0  27.8302   -82.2801   1284.2   1148.8   1284.8
58779.0  27.8291   -82.2804   1270.6   1136.2   1258.5
58780.0  27.8279   -82.2807   1256.2   1123.6   1265.5
58781.0  27.8268   -82.2810   1242.2   1109.6   1242.7
58782.0  27.8256   -82.2813   1228.5   1098.1   1227.6
58783.0  27.8245   -82.2816   1216.1   1085.3   1231.8
58784.0  27.8234   -82.2819   1204.2   1073.6   1199.8
58785.0  27.8222   -82.2822   1192.3   1062.0   1195.5
58786.0  27.8211   -82.2825   1179.9   1050.0   1177.5
58787.0  27.8200   -82.2829   1167.9   1038.6   1156.3
58788.0  27.8188   -82.2832   1156.2   1027.5   1139.8
58789.0  27.8177   -82.2835   1143.9   1014.6   1138.3
58790.0  27.8165   -82.2838   1131.2   1003.8   1118.1
58791.0  27.8154   -82.2841   1118.4    991.8   1112.2
58792.0  27.8143   -82.2845   1105.5    980.2   1101.0
58793.0  27.8131   -82.2848   1092.6    969.1   1091.1
58794.0  27.8120   -82.2851   1080.7    956.8   1077.2
58795.0  27.8108   -82.2854   1070.8    945.8   1067.4
58796.0  27.8097   -82.2858   1061.7    938.3   1053.9
58797.0  27.8086   -82.2861   1053.7    930.4   1028.7
58798.0  27.8074   -82.2864   1046.6    922.5   1025.0
58799.0  27.8063   -82.2867   1039.4    915.5   1018.1
58800.0  27.8052   -82.2871   1032.5    909.5   1011.9
58801.0  27.8040   -82.2874   1025.8    902.5   1010.9
58802.0  27.8029   -82.2877   1018.4    895.7    999.3
58803.0  27.8018   -82.2880   1010.7    890.2    983.5
58804.0  27.8007   -82.2884   1003.1    883.2    984.8
58805.0  27.7996   -82.2887    995.3    875.0    977.2
58806.0  27.7985   -82.2891    987.5    869.0    974.7
58807.0  27.7974   -82.2895    981.5    861.3    958.0
58808.0  27.7963   -82.2899    979.9    858.9    946.1
58809.0  27.7952   -82.2903    980.2    859.7    950.6
58810.0  27.7942   -82.2908    980.2    859.1    948.7
58811.0  27.7931   -82.2913    980.2    860.7    954.3
58812.0  27.7921   -82.2918    980.2    860.2    953.2
58813.0  27.7911   -82.2923    980.2    859.6    952.6
58814.0  27.7901   -82.2929    980.2    860.2    954.6
58815.0  27.7891   -82.2935    980.8    860.5    953.8
58816.0  27.7881   -82.2941    981.5    860.8    968.9
58817.0  27.7872   -82.2947    981.5    861.3    979.7
58818.0  27.7862   -82.2953    981.5    860.8    967.6
58819.0  27.7853   -82.2960    980.7    859.6    963.2
58820.0  27.7844   -82.2967    980.2    859.4    958.9
58821.0  27.7835   -82.2974    980.2    859.7    964.7
58822.0  27.7826   -82.2981    979.8    859.0    962.4
58823.0  27.7817   -82.2989    979.0    857.4    958.2
58824.0  27.7809   -82.2996    977.8    855.5    951.2
58825.0  27.7800   -82.3004    977.2    855.0    955.8
58826.0  27.7791   -82.3011    976.5    854.7    953.8
58827.0  27.7783   -82.3019    975.0    853.5    961.6
58828.0  27.7774   -82.3026    973.5    852.4    965.0
58829.0  27.7766   -82.3034    972.9    852.0    957.4
58830.0  27.7757   -82.3042    972.9    851.4    952.5
58831.0  27.7749   -82.3049    972.9    851.9    957.2
58832.0  27.7741   -82.3057    973.9    852.2    946.6
58833.0  27.7732   -82.3065    974.1    853.2    955.2
58834.0  27.7724   -82.3072    975.0    854.3    953.0
58835.0  27.7716   -82.3080    975.4    855.1    949.0
58836.0  27.7708   -82.3088    976.6    856.1    955.0
58837.0  27.7700   -82.3096    977.1    857.0    953.8
58838.0  27.7692   -82.3103    977.8    858.7    967.3
58839.0  27.7684   -82.3111    977.8    858.7    963.8
58840.0  27.7676   -82.3119    977.8    858.1    958.9
58841.0  27.7668   -82.3126    977.8    857.8    954.9
58842.0  27.7660   -82.3134    977.1    857.1    946.7
58843.0  27.7652   -82.3142    976.6    855.7    945.6
58844.0  27.7644   -82.3149    975.9    855.7    949.8
58845.0  27.7636   -82.3157    975.0    854.9    944.3
58846.0  27.7628   -82.3164    974.1    855.0    949.5
58847.0  27.7620   -82.3172    973.1    853.4    944.1
58848.0  27.7612   -82.3179    972.2    851.6    940.3
58849.0  27.7605   -82.3187    970.6    851.3    950.0
58850.0  27.7597   -82.3195    968.8    849.4    953.4
58851.0  27.7589   -82.3202    967.2    846.8    952.1
58852.0  27.7581   -82.3209    965.8    845.6    954.5
58853.0  27.7573   -82.3217    964.6    844.9    951.9
58854.0  27.7565   -82.3224    963.4    843.4    955.9
58855.0  27.7557   -82.3231    962.6    844.1    945.8
58856.0  27.7549   -82.3238    961.8    843.0    944.1
58857.0  27.7540   -82.3244    961.0    842.3    940.9
58858.0  27.7532   -82.3251    961.9    842.2    954.0
58859.0  27.7524   -82.3258    962.3    841.9    947.6
58860.0  27.7516   -82.3265    963.9    843.7    953.6
58861.0  27.7508   -82.3272    966.1    845.5    951.3
58862.0  27.7500   -82.3278    967.8    847.0    950.4
58863.0  27.7492   -82.3285    969.3    848.5    954.5
58864.0  27.7484   -82.3292    969.3    850.1    952.5
58865.0  27.7476   -82.3299    968.0    847.3    958.7
58866.0  27.7468   -82.3306    966.8    846.3    954.2
58867.0  27.7460   -82.3312    966.8    846.9    953.0
58868.0  27.7453   -82.3319    966.8    847.6    947.5
58869.0  27.7445   -82.3326    967.4    848.2    944.0
58870.0  27.7437   -82.3333    968.8    849.5    948.4
58871.0  27.7429   -82.3340    970.6    851.0    950.1
58872.0  27.7422   -82.3347    971.8    852.7    954.0
58873.0  27.7414   -82.3353    972.9    853.3    949.1
58874.0  27.7406   -82.3360    971.9    853.3    951.4
58875.0  27.7399   -82.3367    973.2    854.8    955.7
58876.0  27.7391   -82.3374    974.5    856.1    955.5
58877.0  27.7383   -82.3381    975.7    856.7    953.5
58878.0  27.7376   -82.3387    977.0    857.9    957.9
58879.0  27.7368   -82.3394    978.2    858.9    961.3
58880.0  27.7361   -82.3401    979.7    860.3    973.4
58881.0  27.7353   -82.3408    981.3    862.7    968.8
58882.0  27.7346   -82.3415    982.5    863.6    963.7
58883.0  27.7338   -82.3422    982.7    863.0    966.7
58884.0  27.7331   -82.3429    982.7    862.3    971.2
58885.0  27.7323   -82.3435    983.8    864.0    963.9
58886.0  27.7316   -82.3442    983.9    864.7    964.5
58887.0  27.7308   -82.3449    984.3    865.0    964.3
58888.0  27.7301   -82.3456    985.4    865.9    966.8
58889.0  27.7294   -82.3463    986.9    868.1    970.2
58890.0  27.7286   -82.3470    988.4    870.7    976.7
58891.0  27.7279   -82.3477    989.9    872.1    982.0
58892.0  27.7271   -82.3484    990.2    872.4    984.5
58893.0  27.7264   -82.3490    991.2    872.3    975.4
58894.0  27.7257   -82.3497    992.4    874.0    979.6
58895.0  27.7249   -82.3504    992.4    874.1    989.7
58896.0  27.7242   -82.3511    991.9    874.1    979.2
58897.0  27.7234   -82.3517    990.7    873.3    976.5
58898.0  27.7227   -82.3524    990.0    871.7    976.2
58899.0  27.7219   -82.3531    988.9    870.5    977.8
58900.0  27.7212   -82.3538    987.8    868.6    976.8
58901.0  27.7204   -82.3544    986.2    867.8    971.9
58902.0  27.7197   -82.3551    984.8    867.0    972.3
58903.0  27.7189   -82.3558    983.2    865.3    966.6
58904.0  27.7182   -82.3565    981.0    862.4    966.8
58905.0  27.7174   -82.3571    979.2    861.1    967.4
58906.0  27.7167   -82.3578    977.1    860.3    966.3
58907.0  27.7160   -82.3585    974.8    857.7    964.4
58908.0  27.7152   -82.3593    972.8    854.5    962.8
58909.0  27.7145   -82.3600    971.7    852.7    956.8
58910.0  27.7138   -82.3608    971.2    852.7    956.7
58911.0  27.7131   -82.3616    970.5    852.8    960.7
58912.0  27.7125   -82.3624    969.8    853.3    965.1
58913.0  27.7118   -82.3632    968.2    851.5    961.6
58914.0  27.7111   -82.3640    965.5    849.2    958.5
58915.0  27.7105   -82.3649    961.5    846.0    953.9
58916.0  27.7099   -82.3657    956.9    841.2    955.2
58917.0  27.7093   -82.3666    951.4    835.9    950.9
58918.0  27.7086   -82.3675    945.4    831.3    944.3
58919.0  27.7081   -82.3684    938.7    824.7    932.5
58920.0  27.7075   -82.3694    932.1    816.9    924.2
58921.0  27.7069   -82.3704    926.0    811.4    914.9
58922.0  27.7064   -82.3713    919.9    804.8    919.9
58923.0  27.7059   -82.3724    914.0    798.4    920.9
58924.0  27.7054   -82.3734    908.4    793.5    916.4
58925.0  27.7049   -82.3745    903.3    789.1    904.4
