flight/WP3D/AircraftMis_NP3_20130625_RA.ict
41  1001
Ken Aikin
NOAA ESRL Chemical Sciences Division
various aircraft sensors
SENEX 2013
1  1
2013  06  25  2013  06  25
1
AOCTimewave
8
1  1  1  1  1  1  1  1
-9999  -9999  -9999  -9999  -9999  -9999  -9999  -9999
Attack  deg
CabinPrs  mbar
GndSpd  m/s
Heading  deg
Pitch  deg
Roll  deg
Slip  deg
TrueAirSpd  m/s
1
SPECIAL COMMENTS:Haynesville flight. Default DewPtTemp was bad from 19:39:53-19:47:27. Also affected H2Omr  RelHumidity  PotTemp.
18
PI_CONTACT_INFO: Address: NOAA ESRL Chemical Sciences Division  Mail Stop R/CSD7  325 Broadway  Boulder  CO 80305
PLATFORM: NOAA WP-3D
LOCATION: The aircraft was stationed in  Smyrna  Tennessee. Aircraft location information in AircraftPosition file.
ASSOCIATED_DATA: N/A
INSTRUMENT_INFO: N/A
DATA_INFO: Units: Attack degrees; CabinPrs millibar; GndSpd m/s; Heading degrees; Pitch degrees; Roll degrees; Slip degrees; TrueAirSpd m/s
UNCERTAINTY: N/A
ULOD_FLAG: -7777
ULOD_VALUE: N/A
LLOD_FLAG: -8888
LLOD_VALUE: N/A
DM_CONTACT_INFO: Data Manager:Ken Aikin; email:Kenneth.C.Aikin@noaa.gov
PROJECT_INFO: SENEX 2013 Study; June 1 - July 15  2013
STIPULATIONS_ON_USE: Use of these data require prior ok from PI.
OTHER_COMMENTS:       None
REVISION: RA
RA: Preliminary Data.  For in-field use.
AOCTimewave  Attack  CabinPrs  GndSpd  Heading  Pitch  Roll  Slip  TrueAirSpd
[from data line 21767]
76865.0  0.6  890.2  169.3  61.4  0.64  -0.65  -0.57  159.0
76866.0  0.6  890.2  169.3  61.4  0.62  -0.58  -0.53  159.2
76867.0  0.6  890.2  169.4  61.3  0.58  -0.55  -0.44  159.3
76868.0  0.6  890.2  169.5  61.4  0.58  -0.58  -0.42  159.4
76869.0  0.6  890.1  169.5  61.5  0.60  -0.50  -0.49  159.3
76870.0  0.6  890.1  169.6  61.5  0.68  -0.60  -0.53  159.4
76871.0  0.6  890.1  169.6  61.5  0.71  -0.78  -0.56  159.6
76872.0  0.6  890.1  169.7  61.5  0.69  -0.79  -0.54  159.7
76873.0  0.6  890.2  169.7  61.5  0.69  -0.76  -0.51  159.8
76874.0  0.6  890.3  169.8  61.5  0.65  -0.74  -0.50  159.8
76875.0  0.6  890.2  169.8  61.5  0.71  -0.65  -0.53  159.8
76876.0  0.6  890.4  169.9  61.5  0.74  -0.61  -0.51  159.5
76877.0  0.6  890.1  169.9  61.4  0.68  -0.71  -0.51  159.4
76878.0  0.7  890.5  169.9  61.5  0.80  -0.66  -0.60  159.5
76879.0  0.6  890.2  170.0  61.4  0.64  -0.51  -0.58  159.6
76880.0  0.6  890.5  170.0  61.3  0.68  -0.58  -0.57  159.7
76881.0  0.6  890.2  170.1  61.3  0.65  -0.48  -0.57  159.8
76882.0  0.6  890.2  170.1  61.2  0.64  -0.31  -0.51  159.9
76883.0  0.6  890.2  170.2  61.2  0.67  -0.31  -0.47  160.0
76884.0  0.5  890.5  170.2  61.2  0.62  -0.28  -0.45  159.9
76885.0  0.6  890.4  170.3  61.2  0.65  -0.25  -0.46  159.9
76886.0  0.6  890.1  170.3  61.3  0.72  -0.31  -0.52  159.9
76887.0  0.6  890.2  170.4  61.3  0.70  -0.38  -0.52  159.9
76888.0  0.6  890.5  170.4  61.2  0.69  -0.46  -0.48  159.9
76889.0  0.6  890.5  170.4  61.3  0.76  -0.45  -0.52  159.9
76890.0  0.5  890.0  170.5  61.3  0.63  -0.33  -0.51  160.0
76891.0  0.6  890.1  170.5  61.3  0.71  -0.35  -0.48  160.1
76892.0  0.6  890.3  170.5  61.3  0.70  -0.47  -0.50  160.1
76893.0  0.6  890.3  170.6  61.3  0.72  -0.43  -0.52  160.1
76894.0  0.6  889.9  170.6  61.3  0.72  -0.44  -0.51  160.2
76895.0  0.5  890.1  170.6  61.3  0.67  -0.53  -0.51  160.2
76896.0  0.5  890.2  170.7  61.3  0.66  -0.44  -0.56  160.2
76897.0  0.6  890.4  170.7  61.2  0.69  -0.31  -0.51  160.2
76898.0  0.6  890.2  170.8  61.2  0.70  -0.35  -0.46  160.2
76899.0  0.5  890.1  170.8  61.3  0.63  -0.30  -0.50  160.3
76900.0  0.6  890.2  170.8  61.2  0.74  -0.31  -0.46  160.3
76901.0  0.6  890.2  170.9  61.3  0.69  -0.38  -0.50  160.2
76902.0  0.6  890.5  170.9  61.3  0.68  -0.32  -0.50  160.3
76903.0  0.6  890.3  170.9  61.3  0.74  -0.42  -0.48  160.2
76904.0  0.5  889.8  171.0  61.3  0.60  -0.52  -0.48  160.3
76905.0  0.6  890.0  171.0  61.3  0.69  -0.48  -0.45  160.3
76906.0  0.6  889.8  171.1  61.3  0.59  -0.47  -0.48  160.5
76907.0  0.6  890.2  171.1  61.3  0.53  -0.45  -0.54  160.7
76908.0  0.6  890.3  171.2  61.2  0.57  -0.39  -0.50  160.8
76909.0  0.5  890.2  171.2  61.2  0.56  -0.48  -0.39  160.9
76910.0  0.5  890.2  171.3  61.3  0.52  -0.39  -0.45  160.8
76911.0  0.6  889.9  171.3  61.3  0.61  -0.37  -0.47  160.9
76912.0  0.5  890.1  171.3  61.3  0.54  -0.54  -0.48  160.9
76913.0  0.5  890.5  171.4  61.3  0.58  -0.57  -0.50  161.0
76914.0  0.5  890.6  171.4  61.3  0.56  -0.52  -0.49  161.0
76915.0  0.5  890.2  171.5  61.2  0.54  -0.48  -0.48  161.1
76916.0  0.5  890.3  171.5  61.2  0.63  -0.46  -0.48  161.2
76917.0  0.5  890.2  171.5  61.2  0.61  -0.40  -0.49  161.1
76918.0  0.5  890.4  171.6  61.2  0.67  -0.33  -0.50  161.2
76919.0  0.5  890.5  171.6  61.2  0.63  -0.32  -0.47  161.2
76920.0  0.5  890.1  171.6  61.2  0.68  -0.42  -0.45  161.2
76921.0  0.6  890.0  171.6  61.3  0.73  -0.41  -0.47  161.3
76922.0  0.5  889.9  171.6  61.3  0.66  -0.35  -0.43  161.3
76923.0  0.5  890.0  171.7  61.3  0.68  -0.47  -0.41  161.5
76924.0  0.5  890.3  171.7  61.4  0.69  -0.52  -0.50  161.6
76925.0  0.6  890.3  171.7  61.4  0.80  -0.47  -0.54  161.5
76926.0  0.5  890.1  171.7  61.3  0.74  -0.56  -0.55  161.5
76927.0  0.5  890.1  171.7  61.2  0.71  -0.51  -0.43  161.3
76928.0  0.6  890.5  171.7  61.3  0.72  -0.50  -0.45  161.2
76929.0  0.6  890.1  171.7  61.3  0.72  -0.26  -0.49  161.1
76930.0  0.5  890.5  171.8  61.3  0.57  1.65  -0.35  161.2
76931.0  0.6  890.0  171.8  61.6  0.61  2.85  -0.39  161.2
76932.0  0.5  890.3  171.8  61.9  0.53  3.58  -0.50  161.2
76933.0  0.5  890.1  171.9  62.2  0.54  3.18  -0.56  161.0
76934.0  0.5  889.7  171.9  62.4  0.53  2.63  -0.57  161.0
76935.0  0.5  890.3  172.0  62.6  0.55  2.29  -0.54  161.0
76936.0  0.5  890.1  172.0  62.7  0.55  2.00  -0.50  161.2
76937.0  0.5  889.8  172.1  62.9  0.56  1.78  -0.53  161.2
76938.0  0.5  890.2  172.1  63.1  0.55  1.64  -0.56  161.3
76939.0  0.5  890.3  172.1  63.1  0.55  1.40  -0.55  161.3
76940.0  0.6  890.1  172.2  63.2  0.65  1.18  -0.57  161.3
76941.0  0.5  889.9  172.2  63.2  0.60  1.12  -0.50  161.4
76942.0  0.6  890.2  172.2  63.3  0.66  1.01  -0.49  161.4
76943.0  0.5  890.1  172.3  63.4  0.59  0.94  -0.52  161.5
76944.0  0.6  889.9  172.3  63.4  0.67  0.86  -0.47  161.5
76945.0  0.6  890.1  172.3  63.5  0.65  0.66  -0.51  161.6
76946.0  0.5  890.5  172.3  63.6  0.62  0.61  -0.55  161.6
76947.0  0.5  890.2  172.4  63.6  0.59  0.52  -0.51  161.6
76948.0  0.5  890.2  172.4  63.6  0.58  0.39  -0.49  161.7
76949.0  0.5  890.2  172.4  63.7  0.53  0.43  -0.50  161.7
76950.0  0.5  890.1  172.4  63.7  0.51  0.42  -0.48  161.8
76951.0  0.5  890.2  172.5  63.7  0.53  0.32  -0.46  161.9
76952.0  0.5  890.5  172.5  63.7  0.52  2.01  -0.39  162.0
76953.0  0.5  890.2  172.5  63.9  0.47  3.21  -0.40  162.1
76954.0  0.5  890.2  172.6  64.2  0.49  3.06  -0.51  162.1
76955.0  0.5  890.1  172.6  64.4  0.49  2.65  -0.56  162.2
76956.0  0.5  890.4  172.7  64.6  0.53  2.19  -0.53  162.2
76957.0  0.5  890.2  172.7  64.7  0.50  1.93  -0.54  162.1
76958.0  0.5  890.2  172.7  64.8  0.43  1.85  -0.50  162.1
76959.0  0.5  890.0  172.8  64.9  0.44  1.56  -0.48  162.2
76960.0  0.5  890.5  172.8  65.1  0.37  1.42  -0.51  162.2
76961.0  0.5  890.3  172.9  65.1  0.38  1.32  -0.51  162.3
76962.0  0.5  890.2  172.9  65.2  0.41  1.11  -0.56  162.5
76963.0  0.5  890.3  173.0  65.2  0.37  1.02  -0.48  162.5
76964.0  0.4  890.3  173.0  65.2  0.36  0.98  -0.47  162.5
76965.0  0.5  890.3  173.1  65.3  0.41  1.03  -0.47  162.6
76966.0  0.4  890.4  173.1  65.4  0.32  0.90  -0.45  162.7
76967.0  0.5  890.5  173.2  65.4  0.36  0.71  -0.47  162.8
76968.0  0.4  890.3  173.2  65.5  0.34  0.75  -0.48  162.9
76969.0  0.4  890.4  173.3  65.5  0.33  0.61  -0.43  163.0
76970.0  0.4  890.3  173.3  65.6  0.34  0.46  -0.41  163.1
76971.0  0.4  890.6  173.4  65.7  0.33  0.45  -0.45  163.2
76972.0  0.4  890.2  173.4  65.7  0.39  0.46  -0.46  163.1
76973.0  0.5  890.5  173.4  65.7  0.50  0.33  -0.44  163.0
76974.0  0.4  890.6  173.5  65.8  0.34  0.21  -0.47  163.1
76975.0  0.5  890.5  173.5  65.9  0.44  0.20  -0.51  163.2
76976.0  0.4  890.1  173.5  65.9  0.36  0.12  -0.47  163.1
76977.0  0.4  890.5  173.6  65.8  0.34  -0.04  -0.43  163.0
76978.0  0.5  890.4  173.6  65.9  0.38  0.05  -0.44  163.0
76979.0  0.4  890.5  173.7  65.9  0.32  0.10  -0.42  163.0
76980.0  0.5  890.5  173.7  66.0  0.38  -0.07  -0.48  162.9
76981.0  0.4  890.3  173.7  66.0  0.35  -0.06  -0.51  163.0
76982.0  0.4  890.4  173.8  65.9  0.37  -0.06  -0.47  163.0
76983.0  0.4  890.2  173.8  65.9  0.37  -0.12  -0.42  163.0
76984.0  0.5  889.8  173.9  65.9  0.41  -0.01  -0.47  163.1
76985.0  0.5  890.5  173.9  66.0  0.43  0.05  -0.48  163.2
76986.0  0.4  890.6  173.9  66.0  0.36  -0.18  -0.47  163.2
76987.0  0.5  890.4  174.0  66.0  0.50  -0.27  -0.48  163.3
76988.0  0.4  890.5  174.0  66.0  0.38  -0.22  -0.47  163.4
76989.0  0.4  890.5  174.0  66.0  0.41  -0.20  -0.40  163.5
76990.0  0.4  890.3  174.0  66.0  0.39  1.14  -0.32  163.5
76991.0  0.4  890.4  174.1  66.2  0.35  2.68  -0.37  163.3
76992.0  0.4  890.3  174.1  66.5  0.35  2.58  -0.47  163.3
76993.0  0.4  890.2  174.2  66.7  0.29  2.09  -0.50  163.4
76994.0  0.4  890.5  174.2  66.8  0.33  1.75  -0.49  163.3
76995.0  0.4  890.6  174.3  66.9  0.36  1.55  -0.45  163.3
76996.0  0.4  890.3  174.3  67.0  0.36  1.41  -0.47  163.3
76997.0  0.4  890.2  174.3  67.1  0.30  1.29  -0.45  163.2
76998.0  0.5  890.7  174.4  67.3  0.36  1.05  -0.49  163.2
76999.0  0.4  890.3  174.4  67.4  0.37  0.86  -0.51  163.3
77000.0  0.4  890.1  174.5  67.4  0.36  0.77  -0.46  163.3
77001.0  0.4  890.1  174.5  67.4  0.36  0.63  -0.47  163.5
77002.0  0.4  890.5  174.5  67.5  0.36  0.66  -0.42  163.5
77003.0  0.4  890.3  174.6  67.6  0.34  0.61  -0.42  163.5
77004.0  0.5  890.4  174.6  67.7  0.41  0.39  -0.43  163.6
77005.0  0.4  890.2  174.6  67.7  0.28  0.27  -0.48  163.6
77006.0  0.4  890.2  174.7  67.8  0.35  0.32  -0.45  163.6
77007.0  0.4  890.6  174.7  67.8  0.33  1.62  -0.36  163.9
77008.0  0.4  890.3  174.7  68.0  0.26  2.92  -0.31  164.1
77009.0  0.4  890.7  174.8  68.3  0.28  2.84  -0.45  164.3
77010.0  0.4  890.4  174.8  68.6  0.25  2.39  -0.55  164.5
77011.0  0.4  890.3  174.9  68.7  0.27  1.88  -0.55  164.4
77012.0  0.3  890.3  174.9  68.8  0.22  1.62  -0.50  164.5
77013.0  0.4  890.1  174.9  68.9  0.20  1.53  -0.47  164.5
77014.0  0.4  890.4  175.0  69.0  0.21  1.37  -0.52  164.5
77015.0  0.4  890.6  175.0  69.1  0.24  1.20  -0.49  164.3
77016.0  0.3  890.3  175.1  69.1  0.18  1.18  -0.43  164.3
77017.0  0.4  890.8  175.1  69.2  0.22  1.14  -0.48  164.3
77018.0  0.4  890.6  175.1  69.3  0.19  1.02  -0.42  164.4
77019.0  0.4  890.4  175.2  69.4  0.21  0.81  -0.46  164.4
77020.0  0.4  890.6  175.2  69.5  0.19  0.72  -0.40  164.4
77021.0  0.4  890.5  175.3  69.6  0.26  0.54  -0.47  164.4
77022.0  0.4  890.3  175.3  69.6  0.23  0.32  -0.38  164.4
77023.0  0.4  890.8  175.3  69.7  0.26  0.24  -0.40  164.4
77024.0  0.4  890.2  175.4  69.8  0.37  0.29  -0.44  164.4
77025.0  0.3  890.3  175.4  69.8  0.31  0.14  -0.46  164.5
77026.0  0.4  890.7  175.4  69.8  0.37  -0.07  -0.44  164.5
77027.0  0.4  890.6  175.4  69.9  0.43  -0.12  -0.45  164.5
77028.0  0.4  890.4  175.4  69.9  0.40  -0.08  -0.48  164.6
77029.0  0.4  890.4  175.4  69.9  0.43  -0.03  -0.42  164.6
77030.0  0.4  890.7  175.4  69.9  0.47  -0.09  -0.44  164.6
77031.0  0.4  890.3  175.4  70.0  0.41  -0.18  -0.38  164.6
77032.0  0.4  890.2  175.4  70.0  0.45  -0.36  -0.42  164.4
77033.0  0.4  890.4  175.4  70.0  0.48  -0.25  -0.51  164.5
77034.0  0.4  890.5  175.4  70.0  0.44  -0.30  -0.35  164.4
77035.0  0.4  890.3  175.4  70.1  0.36  -0.32  -0.36  164.5
77036.0  0.4  890.5  175.5  70.1  0.37  -0.23  -0.31  164.5
77037.0  0.4  890.4  175.4  70.2  0.36  -0.49  -0.31  164.5
77038.0  0.3  890.5  175.5  70.3  0.29  -0.63  -0.28  164.4
77039.0  0.4  890.3  175.5  70.4  0.32  -0.67  -0.37  164.4
77040.0  0.4  890.4  175.5  70.5  0.36  -0.75  -0.46  164.5
77041.0  0.3  890.2  175.6  70.5  0.22  -0.94  -0.46  164.4
77042.0  0.4  890.8  175.6  70.4  0.26  -0.96  -0.48  164.4
77043.0  0.3  890.4  175.6  70.4  0.23  -0.79  -0.46  164.4
77044.0  0.4  890.1  175.6  70.3  0.30  -0.74  -0.45  164.3
77045.0  0.3  890.7  175.7  70.3  0.24  -0.79  -0.45  164.4
77046.0  0.4  890.4  175.7  70.2  0.38  -0.80  -0.46  164.4
77047.0  0.4  890.5  175.7  70.2  0.33  -0.68  -0.44  164.4
77048.0  0.4  890.6  175.7  70.2  0.30  -0.54  -0.42  164.5
77049.0  0.4  890.5  175.8  70.2  0.37  -0.54  -0.44  164.6
77050.0  0.3  890.5  175.8  70.1  0.35  -0.54  -0.44  164.6
77051.0  0.4  890.6  175.8  70.1  0.36  -0.49  -0.51  164.5
77052.0  0.4  890.9  175.8  70.0  0.38  -0.38  -0.48  164.6
77053.0  0.4  890.6  175.8  70.0  0.37  -0.29  -0.45  164.6
77054.0  0.4  890.5  175.8  69.9  0.40  -0.25  -0.46  164.7
77055.0  0.4  890.4  175.8  69.9  0.44  -0.20  -0.48  164.5
77056.0  0.4  890.8  175.8  69.9  0.42  -0.18  -0.40  164.6
77057.0  0.4  890.5  175.8  69.9  0.45  -0.10  -0.43  164.6
77058.0  0.3  890.3  175.8  69.9  0.37  -0.03  -0.34  164.5
77059.0  0.4  890.6  175.8  69.9  0.38  -0.18  -0.46  164.4
77060.0  0.4  890.5  175.8  69.9  0.43  -0.05  -0.46  164.4
77061.0  0.4  890.5  175.9  69.8  0.38  -0.12  -0.35  164.3
77062.0  0.4  890.9  175.9  69.9  0.39  -0.21  -0.33  164.3
77063.0  0.4  890.4  175.9  70.0  0.42  -0.14  -0.42  164.2
77064.0  0.4  890.5  175.9  70.0  0.39  -0.10  -0.43  164.2
77065.0  0.4  890.4  175.9  70.0  0.31  -0.10  -0.43  164.4
77066.0  0.3  890.4  175.9  70.0  0.25  -0.24  -0.46  164.6
77067.0  0.4  890.3  176.0  70.0  0.33  -0.44  -0.49  164.6
77068.0  0.4  890.3  176.0  70.0  0.38  -0.41  -0.45  164.7
77069.0  0.3  890.5  176.0  70.0  0.19  -0.33  -0.42  164.8
77070.0  0.4  890.4  176.0  69.9  0.32  -0.35  -0.40  164.9
77071.0  0.4  890.9  176.0  70.0  0.34  -0.25  -0.44  164.8
77072.0  0.3  890.6  176.1  70.0  0.31  -0.20  -0.39  164.8
77073.0  0.4  890.4  176.1  70.0  0.34  -0.34  -0.40  164.9
77074.0  0.4  890.6  176.1  70.0  0.35  -0.40  -0.44  164.8
77075.0  0.3  890.8  176.1  70.0  0.27  -0.30  -0.29  165.5
77076.0  0.3  890.6  176.1  70.1  0.25  -0.18  -0.40  165.6
77077.0  0.4  890.6  176.1  70.1  0.40  -0.35  -0.43  165.7
77078.0  0.3  890.6  176.1  70.2  0.28  -0.53  -0.47  165.7
77079.0  0.4  890.4  176.1  70.1  0.44  -0.58  -0.44  165.7
77080.0  0.3  890.4  176.1  70.1  0.35  -0.59  -0.43  165.7
77081.0  0.4  890.8  176.1  70.1  0.39  -0.42  -0.41  165.7
77082.0  0.3  890.7  176.1  70.1  0.32  -0.71  -0.38  165.9
77083.0  0.3  890.2  176.1  70.1  0.33  -2.80  -0.45  165.9
77084.0  0.4  890.3  176.1  69.9  0.42  -3.54  -0.40  165.9
77085.0  0.3  890.3  176.1  69.7  0.35  -3.39  -0.34  165.9
77086.0  0.3  890.5  176.1  69.6  0.39  -3.00  -0.37  165.9
77087.0  0.4  890.7  176.1  69.4  0.45  -2.68  -0.45  165.7
77088.0  0.3  890.1  176.1  69.2  0.42  -2.41  -0.42  -9999.0
77089.0  0.3  890.2  176.0  69.1  0.40  -2.23  -0.36  165.6
77090.0  0.3  890.6  176.0  69.0  0.37  -2.30  -0.38  165.6
77091.0  0.3  890.4  176.0  68.9  0.39  -4.02  -0.43  165.6
77092.0  0.4  890.1  176.0  68.6  0.48  -4.57  -0.45  165.5
77093.0  0.4  890.8  176.0  68.3  0.48  -4.35  -0.36  165.5
77094.0  0.3  890.5  176.0  68.1  0.47  -3.85  -0.44  165.4
77095.0  0.4  890.3  176.0  67.8  0.55  -3.37  -0.39  165.4
77096.0  0.3  890.4  176.0  67.7  0.40  -3.13  -0.41  165.3
77097.0  0.4  890.3  176.0  67.5  0.49  -3.45  -0.47  165.2
77098.0  0.4  890.5  175.9  67.3  0.46  -4.02  -0.48  165.2
77099.0  0.4  890.3  175.9  67.0  0.48  -3.83  -0.42  165.1
77100.0  0.3  890.8  175.9  66.8  0.37  -3.43  -0.40  165.1
77101.0  0.4  890.4  175.9  66.6  0.40  -2.94  -0.48  165.0
77102.0  0.3  890.6  175.9  66.4  0.36  -2.63  -0.43  165.0
77103.0  0.4  890.4  175.9  66.2  0.39  -2.43  -0.46  165.0
77104.0  0.3  890.3  175.9  66.1  0.32  -2.05  -0.46  165.1
77105.0  0.3  890.4  176.0  65.9  0.31  -1.84  -0.37  165.2
77106.0  0.4  890.3  176.0  65.9  0.34  -1.76  -0.37  165.3
77107.0  0.3  890.7  176.0  65.8  0.28  -1.52  -0.40  165.1
77108.0  0.3  890.4  176.0  65.7  0.26  -1.43  -0.35  165.2
77109.0  0.4  890.5  176.0  65.7  0.38  -1.44  -0.35  165.3
77110.0  0.3  890.8  176.0  65.7  0.26  -1.25  -0.38  165.3
77111.0  0.4  890.6  176.0  65.6  0.31  -1.22  -0.31  165.4
77112.0  0.3  890.2  176.0  65.7  0.20  -1.26  -0.39  165.4
77113.0  0.4  890.6  176.1  65.6  0.33  -1.15  -0.36  165.6
77114.0  0.3  890.5  176.1  65.6  0.23  -1.21  -0.37  165.7
77115.0  0.3  890.4  176.1  65.6  0.26  -1.22  -0.43  165.7
77116.0  0.3  890.4  176.1  65.6  0.27  -1.16  -0.43  165.7
77117.0  0.3  890.1  176.1  65.5  0.28  -1.19  -0.45  165.7
77118.0  0.3  890.5  176.1  65.4  0.34  -1.14  -0.45  165.4
77119.0  0.3  890.1  176.1  65.4  0.26  -1.01  -0.49  165.2
77120.0  0.4  890.6  176.1  65.2  0.30  -0.82  -0.39  165.1
77121.0  0.4  890.4  176.1  65.2  0.33  -0.72  -0.42  165.0
77122.0  0.3  890.7  176.2  65.2  0.32  -0.59  -0.44  164.9
77123.0  0.3  890.2  176.2  65.1  0.28  -0.56  -0.38  164.9
77124.0  0.4  890.5  176.2  65.1  0.32  -0.62  -0.39  164.8
77125.0  0.4  890.0  176.2  65.1  0.35  -0.46  -0.47  164.7
77126.0  0.4  890.4  176.2  65.1  0.38  -0.50  -0.43  164.8
77127.0  0.3  890.4  176.2  65.0  0.34  -0.63  -0.37  164.9
77128.0  0.4  890.6  176.2  65.1  0.38  -0.54  -0.38  165.1
77129.0  0.3  890.4  176.2  65.1  0.41  -0.38  -0.44  165.0
77130.0  0.3  890.2  176.2  65.0  0.39  -0.44  -0.42  164.9
77131.0  0.4  890.4  176.2  65.0  0.44  -1.08  -0.49  165.0
