flight/WP3D/AircraftMis_NP3_20130619_RA.ict
41  1001
Ken Aikin
NOAA ESRL Chemical Sciences Division
various aircraft sensors
SENEX 2013
1  1
2013  06  19  2013  06  20
1
AOCTimewave
8
1  1  1  1  1  1  1  1
-9999  -9999  -9999  -9999  -9999  -9999  -9999  -9999
Attack  deg
CabinPrs  mbar
GndSpd  m/s
Heading  deg
Pitch  deg
Roll  deg
Slip  deg
TrueAirSpd  m/s
1
SPECIAL COMMENTS:Flight into night over Atlanta.
18
PI_CONTACT_INFO: Address: NOAA ESRL Chemical Sciences Division  Mail Stop R/CSD7  325 Broadway  Boulder  CO 80305
PLATFORM: NOAA WP-3D
LOCATION: The aircraft was stationed in  Smyrna  Tennessee. Aircraft location information in AircraftPosition file.
ASSOCIATED_DATA: N/A
INSTRUMENT_INFO: N/A
DATA_INFO: Units: Attack degrees; CabinPrs millibar; GndSpd m/s; Heading degrees; Pitch degrees; Roll degrees; Slip degrees; TrueAirSpd m/s
UNCERTAINTY: N/A
ULOD_FLAG: -7777
ULOD_VALUE: N/A
LLOD_FLAG: -8888
LLOD_VALUE: N/A
DM_CONTACT_INFO: Data Manager:Ken Aikin; email:Kenneth.C.Aikin@noaa.gov
PROJECT_INFO: SENEX 2013 Study; June 1 - July 15  2013
STIPULATIONS_ON_USE: Use of these data require prior ok from PI.
OTHER_COMMENTS:       None
REVISION: RA
RA: Preliminary Data.  For in-field use.
AOCTimewave  Attack  CabinPrs  GndSpd  Heading  Pitch  Roll  Slip  TrueAirSpd
[from data line 6908]
87944.0  2.5  983.7  119.2  272.1  2.49  -0.57  -0.56  113.3
87945.0  2.5  983.5  119.2  272.1  2.52  -0.45  -0.55  113.3
87946.0  2.5  983.4  119.2  272.1  2.49  -0.61  -0.39  113.2
87947.0  2.6  983.4  119.3  272.2  2.52  -0.78  -0.52  113.1
87948.0  2.6  983.4  119.3  272.2  2.57  -0.56  -0.59  113.0
87949.0  2.5  983.2  119.3  272.2  2.47  -0.54  -0.55  113.1
87950.0  2.5  983.7  119.3  272.1  2.48  -0.44  -0.54  112.9
87951.0  2.5  984.0  119.3  272.1  2.51  -0.27  -0.50  113.0
87952.0  2.5  983.6  119.3  272.1  2.55  -0.08  -0.57  113.0
87953.0  2.5  983.4  119.3  272.2  2.54  -0.01  -0.54  113.2
87954.0  2.5  983.4  119.3  272.2  2.50  -0.10  -0.52  113.3
87955.0  2.5  983.4  119.4  272.3  2.52  -0.29  -0.65  113.5
87956.0  2.5  983.7  119.4  272.3  2.55  -0.41  -0.67  113.5
87957.0  2.4  983.9  119.4  272.2  2.51  -0.38  -0.59  113.4
87958.0  2.5  983.7  119.4  272.1  2.54  0.17  -0.49  113.7
87959.0  2.4  983.7  119.3  272.2  2.53  1.02  -0.52  113.9
87960.0  2.5  983.6  119.3  272.3  2.50  1.95  -0.50  113.9
87961.0  2.4  983.4  119.3  272.5  2.45  2.57  -0.40  113.9
87962.0  2.4  983.4  119.3  272.8  2.43  2.47  -0.45  113.7
87963.0  2.5  983.3  119.3  273.1  2.54  1.83  -0.57  113.8
87964.0  2.4  983.5  119.3  273.3  2.48  1.30  -0.74  114.0
87965.0  2.3  983.7  119.3  273.3  2.36  0.02  -0.77  114.0
87966.0  2.4  983.8  119.3  273.2  2.52  -0.80  -0.70  113.8
87967.0  2.4  983.5  119.3  273.0  2.53  -0.68  -0.59  113.7
87968.0  2.5  983.6  119.2  272.9  2.54  -0.12  -0.44  113.7
87969.0  2.5  983.8  119.2  273.0  2.58  -0.26  -0.60  113.9
87970.0  2.4  983.4  119.2  273.0  2.40  -0.44  -0.60  114.0
87971.0  2.3  983.5  119.2  272.9  2.38  -0.40  -0.55  113.9
87972.0  2.4  984.0  119.2  272.9  2.51  -0.38  -0.49  113.9
87973.0  2.5  983.6  119.2  272.9  2.51  -0.36  -0.61  113.9
87974.0  2.3  983.6  119.2  272.8  2.37  -0.27  -0.54  114.1
87975.0  2.4  983.7  119.2  272.8  2.41  -0.17  -0.58  114.3
87976.0  2.4  983.4  119.2  272.8  2.49  -0.12  -0.66  114.2
87977.0  2.3  983.5  119.2  272.8  2.40  -0.19  -0.56  114.4
87978.0  2.4  983.4  119.2  272.7  2.42  -0.12  -0.48  114.3
87979.0  2.4  983.2  119.2  272.8  2.44  0.30  -0.40  114.2
87980.0  2.5  983.2  119.2  272.9  2.42  0.21  -0.64  114.2
87981.0  2.4  983.5  119.2  272.9  2.35  -0.22  -0.75  114.4
87982.0  2.4  983.5  119.2  272.7  2.32  -0.65  -0.56  114.3
87983.0  2.3  983.9  119.2  272.7  2.29  -1.38  -0.68  114.2
87984.0  2.3  983.5  119.3  272.6  2.31  -1.38  -0.61  113.9
87985.0  2.5  983.4  119.3  272.4  2.43  -1.66  -0.40  114.0
87986.0  2.4  983.6  119.3  272.4  2.39  -2.16  -0.42  113.8
87987.0  2.2  984.0  119.3  272.3  2.35  -1.82  -0.62  113.8
87988.0  2.6  983.5  119.4  272.2  2.52  -1.27  -0.39  113.5
87989.0  2.5  983.4  119.4  272.2  2.47  -1.23  -0.75  113.4
87990.0  2.2  983.9  119.4  272.1  2.36  -0.35  -0.43  113.2
87991.0  2.6  983.7  119.4  272.1  2.62  -0.09  -0.44  113.3
87992.0  2.7  983.6  119.4  272.2  2.63  0.28  -0.64  113.8
87993.0  2.4  983.5  119.4  272.2  2.46  0.71  -0.58  114.0
87994.0  2.3  983.6  119.4  272.3  2.40  0.91  -0.51  113.6
87995.0  2.5  983.0  119.4  272.4  2.50  0.06  -0.43  113.7
87996.0  2.5  983.4  119.4  272.5  2.51  -0.41  -0.72  113.8
87997.0  2.3  983.5  119.4  272.5  2.42  -0.44  -0.69  114.2
87998.0  2.3  983.6  119.4  272.3  2.40  -0.44  -0.57  114.1
87999.0  2.4  983.6  119.4  272.2  2.47  -0.17  -0.47  114.4
88000.0  2.3  983.7  119.4  272.2  2.46  0.25  -0.50  114.3
88001.0  2.3  983.6  119.4  272.3  2.44  0.54  -0.46  114.1
88002.0  2.4  983.5  119.4  272.4  2.48  0.52  -0.47  114.1
88003.0  2.4  983.7  119.4  272.5  2.44  -0.04  -0.63  114.3
88004.0  2.3  983.6  119.4  272.4  2.42  0.03  -0.61  114.4
88005.0  2.4  983.3  119.4  272.4  2.46  0.07  -0.50  114.3
88006.0  2.4  983.3  119.4  272.4  2.42  -0.14  -0.46  114.3
88007.0  2.3  983.5  119.4  272.5  2.32  -0.17  -0.54  114.2
88008.0  2.3  983.5  119.5  272.5  2.30  -0.12  -0.64  114.2
88009.0  2.4  983.5  119.5  272.4  2.38  -0.25  -0.54  114.3
88010.0  2.4  983.4  119.5  272.4  2.36  -0.28  -0.50  114.6
88011.0  2.3  983.3  119.5  272.4  2.29  -0.32  -0.47  114.3
88012.0  2.3  983.8  119.6  272.4  2.28  -0.28  -0.52  114.3
88013.0  2.3  983.9  119.6  272.4  2.31  0.01  -0.56  114.3
88014.0  2.4  983.6  119.6  272.4  2.33  0.02  -0.49  114.3
88015.0  2.4  983.5  119.6  272.4  2.36  -0.14  -0.54  114.5
88016.0  2.3  983.6  119.7  272.5  2.34  -0.11  -0.53  114.6
88017.0  2.3  983.5  119.7  272.5  2.37  -0.40  -0.60  114.4
88018.0  2.4  983.7  119.7  272.4  2.42  -0.96  -0.63  114.4
88019.0  2.3  983.6  119.7  272.3  2.40  -1.45  -0.63  114.4
88020.0  2.4  983.5  119.8  272.1  2.44  -1.70  -0.62  114.3
88021.0  2.4  983.4  119.8  271.9  2.54  -1.48  -0.56  114.2
88022.0  2.4  983.6  119.8  271.8  2.49  -0.41  -0.40  114.1
88023.0  2.4  983.7  119.8  271.8  2.54  -0.58  -0.46  114.2
88024.0  2.3  983.8  119.8  271.8  2.53  -1.10  -0.61  114.1
88025.0  2.4  983.6  119.7  271.7  2.55  -1.53  -0.62  114.0
88026.0  2.4  983.6  119.8  271.5  2.63  -1.63  -0.58  113.9
88027.0  2.5  983.4  119.7  271.4  2.66  -1.33  -0.51  113.9
88028.0  2.4  983.8  119.7  271.3  2.62  -0.91  -0.41  113.8
88029.0  2.5  983.4  119.7  271.2  2.67  -0.75  -0.48  113.7
88030.0  2.3  983.5  119.7  271.3  2.61  -0.37  -0.39  113.9
88031.0  2.3  983.4  119.7  271.3  2.54  -0.40  -0.51  113.7
88032.0  2.4  983.4  119.7  271.4  2.58  -0.66  -0.58  113.7
88033.0  2.4  984.1  119.7  271.3  2.64  -0.56  -0.55  114.0
88034.0  2.4  983.8  119.7  271.2  2.63  -0.24  -0.47  113.5
88035.0  2.3  983.6  119.7  271.2  2.57  -0.09  -0.52  113.6
88036.0  2.5  983.6  119.7  271.3  2.62  -0.13  -0.48  113.8
88037.0  2.4  983.6  119.7  271.3  2.66  -0.27  -0.43  113.9
88038.0  2.5  983.7  119.7  271.5  2.62  -0.50  -0.44  113.6
88039.0  2.3  983.7  119.7  271.5  2.52  -0.59  -0.73  113.6
88040.0  2.4  983.7  119.7  271.4  2.60  -0.50  -0.54  113.5
88041.0  2.5  983.7  119.7  271.4  2.64  -0.64  -0.39  113.3
88042.0  2.4  983.8  119.7  271.4  2.54  -0.41  -0.49  113.4
88043.0  2.5  983.6  119.7  271.4  2.56  -0.37  -0.55  113.6
88044.0  2.5  983.7  119.7  271.4  2.59  -0.60  -0.63  113.8
88045.0  2.3  983.7  119.7  271.4  2.42  -0.51  -0.52  113.6
88046.0  2.3  983.5  119.8  271.4  2.41  -0.47  -0.48  113.6
88047.0  2.4  983.4  119.8  271.3  2.50  -0.73  -0.47  113.4
88048.0  2.3  983.9  119.8  271.4  2.50  -0.39  -0.66  113.2
88049.0  2.5  983.5  119.8  271.3  2.58  -0.14  -0.51  113.1
88050.0  2.6  983.5  119.8  271.3  2.59  -0.23  -0.55  113.1
88051.0  2.5  983.5  119.9  271.3  2.51  -0.40  -0.54  113.4
88052.0  2.5  983.6  119.9  271.3  2.53  -0.34  -0.54  113.6
88053.0  2.5  983.6  119.9  271.3  2.53  0.21  -0.39  113.6
88054.0  2.3  983.8  119.9  271.4  2.43  0.32  -0.43  113.4
88055.0  2.4  983.1  119.9  271.5  2.43  -0.13  -0.63  113.3
88056.0  2.6  983.2  119.9  271.5  2.57  -0.47  -0.67  113.5
88057.0  2.5  983.4  120.0  271.5  2.52  -0.12  -0.46  113.3
88058.0  2.3  983.5  120.0  271.5  2.41  -0.09  -0.48  113.6
88059.0  2.4  983.6  120.0  271.6  2.49  -0.25  -0.51  113.4
88060.0  2.4  983.5  120.1  271.6  2.47  -0.37  -0.54  113.4
88061.0  2.4  983.3  120.1  271.6  2.45  -0.50  -0.56  113.3
88062.0  2.5  983.4  120.1  271.6  2.46  -0.52  -0.60  113.4
88063.0  2.5  983.3  120.1  271.6  2.47  -0.41  -0.55  113.6
88064.0  2.5  983.8  120.1  271.6  2.50  -0.46  -0.69  113.4
88065.0  2.3  983.5  120.2  271.5  2.41  -0.30  -0.52  113.3
88066.0  2.4  983.2  120.2  271.5  2.45  -0.44  -0.49  113.2
88067.0  2.5  983.5  120.2  271.5  2.51  -0.35  -0.51  113.1
88068.0  2.5  983.4  120.3  271.5  2.50  -0.16  -0.49  113.1
88069.0  2.4  983.2  120.3  271.5  2.46  -0.33  -0.50  113.2
88070.0  2.5  983.6  120.3  271.5  2.49  -0.26  -0.45  113.1
88071.0  2.5  983.2  120.4  271.6  2.52  0.13  -0.28  112.9
88072.0  2.4  983.4  120.4  271.8  2.48  0.32  -0.38  112.9
88073.0  2.5  983.6  120.4  272.1  2.47  0.28  -0.55  112.9
88074.0  2.5  983.5  120.5  272.2  2.52  0.19  -0.67  112.9
88075.0  2.5  983.5  120.5  272.2  2.55  0.09  -0.65  112.9
88076.0  2.5  983.6  120.5  272.2  2.52  -0.09  -0.54  112.9
88077.0  2.5  983.9  120.6  272.2  2.51  -0.38  -0.57  112.8
88078.0  2.4  983.6  120.6  272.2  2.48  -0.71  -0.48  112.7
88079.0  2.5  983.6  120.7  272.3  2.51  -0.57  -0.54  112.6
88080.0  2.4  983.8  120.7  272.3  2.52  -0.18  -0.67  112.8
88081.0  2.6  983.5  120.7  272.2  2.65  0.02  -0.60  112.8
88082.0  2.6  983.6  120.7  272.1  2.68  0.02  -0.46  113.1
88083.0  2.6  983.5  120.8  272.2  2.55  -0.18  -0.47  113.2
88084.0  2.4  983.5  120.8  272.3  2.38  -0.36  -0.47  112.9
88085.0  2.4  983.6  120.9  272.3  2.39  -0.62  -0.50  112.8
88086.0  2.4  983.7  120.9  272.3  2.51  -0.59  -0.52  112.8
88087.0  2.5  983.4  121.0  272.3  2.54  -0.33  -0.56  113.0
88088.0  2.5  983.6  121.0  272.2  2.53  -0.28  -0.53  113.0
88089.0  2.5  983.6  121.0  272.3  2.51  -0.40  -0.53  113.1
88090.0  2.4  983.6  121.1  272.3  2.45  -0.41  -0.57  113.0
88091.0  2.5  983.7  121.1  272.3  2.46  -0.40  -0.54  113.1
88092.0  2.5  983.7  121.2  272.3  2.50  -0.55  -0.57  112.9
88093.0  2.6  983.8  121.2  272.3  2.57  -0.53  -0.65  113.0
88094.0  2.5  983.6  121.2  272.3  2.42  -0.43  -0.75  113.2
88095.0  2.3  983.7  121.3  272.2  2.34  -0.36  -0.63  113.1
88096.0  2.5  983.5  121.3  272.1  2.46  -0.46  -0.28  112.9
88097.0  2.5  983.8  121.4  272.2  2.54  -0.47  -0.60  112.9
88098.0  2.4  983.7  121.4  272.2  2.46  -0.26  -0.57  112.9
88099.0  2.4  983.7  121.5  272.2  2.56  -0.17  -0.58  113.2
88100.0  2.5  983.5  121.5  272.2  2.52  0.12  -0.68  113.4
88101.0  2.5  983.7  121.5  272.1  2.52  0.06  -0.68  113.5
88102.0  2.3  983.9  121.6  272.1  2.41  -0.29  -0.47  113.2
88103.0  2.4  983.7  121.6  272.1  2.44  -0.25  -0.44  113.3
88104.0  2.4  983.7  121.6  272.2  2.48  -0.17  -0.51  113.4
88105.0  2.5  983.8  121.7  272.2  2.48  -0.36  -0.60  113.7
88106.0  2.4  983.7  121.7  272.1  2.45  -0.47  -0.54  113.7
88107.0  2.4  983.7  121.8  272.1  2.50  -0.41  -0.51  114.0
88108.0  2.3  983.5  121.8  272.1  2.46  -0.37  -0.46  114.1
88109.0  2.3  983.8  121.8  272.1  2.48  -0.34  -0.46  113.9
88110.0  2.5  983.4  121.9  272.1  2.53  -0.35  -0.54  114.1
88111.0  2.4  983.7  121.9  272.1  2.52  -0.33  -0.52  114.4
88112.0  2.3  983.9  121.9  272.0  2.37  -0.20  -0.41  114.4
88113.0  2.3  983.7  122.0  272.1  2.37  0.17  -0.43  114.6
88114.0  2.3  983.9  122.0  272.1  2.47  0.27  -0.45  114.9
88115.0  2.3  983.6  122.0  272.2  2.51  0.25  -0.54  115.0
88116.0  2.2  983.4  122.1  272.2  2.39  0.19  -0.52  115.1
88117.0  2.2  983.6  122.1  272.2  2.33  0.07  -0.57  115.2
88118.0  2.3  983.8  122.2  272.2  2.34  -0.06  -0.56  115.3
88119.0  2.3  983.4  122.2  272.1  2.36  -0.30  -0.47  115.4
88120.0  2.2  983.9  122.2  272.1  2.24  -0.33  -0.27  115.5
88121.0  2.2  983.9  122.3  272.3  2.20  -0.42  -0.35  115.6
88122.0  2.2  983.5  122.4  272.4  2.16  -0.34  -0.54  115.5
88123.0  2.2  983.4  122.4  272.4  2.17  -0.39  -0.60  115.4
88124.0  2.1  983.9  122.5  272.3  2.23  -0.58  -0.54  115.6
88125.0  2.3  983.6  122.5  272.3  2.24  -0.59  -0.56  115.6
88126.0  2.2  983.6  122.6  272.2  2.19  -0.49  -0.45  115.8
88127.0  2.1  983.4  122.7  272.2  2.16  -0.44  -0.51  116.0
88128.0  2.1  983.8  122.7  272.2  2.15  -0.28  -0.54  116.2
88129.0  2.1  983.4  122.8  272.2  2.20  -0.08  -0.48  116.4
88130.0  2.1  983.6  122.8  272.2  2.18  -0.16  -0.40  116.3
88131.0  2.1  983.7  122.8  272.3  2.18  -0.16  -0.78  116.4
88132.0  2.0  983.8  122.9  272.2  2.14  -0.08  -0.49  116.5
88133.0  2.2  983.7  122.9  272.2  2.25  -0.39  -0.35  116.4
88134.0  2.1  983.6  123.0  272.3  2.21  -0.21  -0.77  116.7
88135.0  2.1  983.8  123.0  272.1  2.14  0.05  -0.55  116.8
88136.0  2.2  983.5  123.0  272.1  2.23  -0.23  -0.48  116.6
88137.0  2.1  983.6  123.1  272.1  2.17  -0.07  -0.59  116.8
88138.0  2.1  984.0  123.1  272.1  2.14  0.09  -0.54  116.9
88139.0  2.1  983.6  123.1  272.1  2.24  -0.08  -0.53  117.2
88140.0  2.0  983.6  123.1  272.1  2.18  -0.06  -0.49  117.3
88141.0  2.0  983.5  123.2  272.1  2.10  -0.03  -0.48  117.4
88142.0  2.0  983.4  123.2  272.1  2.15  -0.15  -0.47  117.5
88143.0  2.0  983.9  123.2  272.1  2.21  -0.26  -0.59  117.5
88144.0  1.9  983.9  123.2  272.1  2.09  -0.08  -0.48  117.6
88145.0  2.0  983.8  123.2  272.1  2.11  -0.19  -0.45  117.5
88146.0  2.1  983.9  123.3  272.2  2.16  -0.73  -0.59  117.5
88147.0  2.0  983.8  123.3  272.1  2.05  -1.35  -0.64  117.5
88148.0  2.0  983.6  123.4  272.0  2.02  -1.75  -0.55  117.6
88149.0  2.0  983.6  123.4  271.8  2.06  -1.46  -0.47  117.8
88150.0  2.1  983.9  123.4  271.7  2.13  -0.94  -0.43  117.8
88151.0  2.0  983.8  123.5  271.7  2.03  -0.44  -0.57  117.7
88152.0  2.0  983.5  123.5  271.7  1.97  0.03  -0.43  117.5
88153.0  2.0  983.6  123.5  271.7  2.01  -0.14  -0.47  117.5
88154.0  2.0  983.7  123.6  271.7  1.95  0.00  -0.47  117.6
88155.0  2.0  983.7  123.6  271.8  1.98  0.01  -0.42  117.7
88156.0  2.0  983.6  123.7  271.9  2.03  -0.01  -0.55  117.6
88157.0  2.0  983.7  123.7  271.9  1.96  -0.14  -0.53  118.0
88158.0  2.0  983.7  123.8  271.9  1.95  -0.43  -0.60  118.1
88159.0  1.9  983.6  123.8  271.8  1.87  -0.42  -0.61  118.2
88160.0  1.9  983.4  123.9  271.7  1.82  -0.22  -0.46  118.3
88161.0  1.9  983.5  123.9  271.7  1.81  -0.17  -0.39  118.6
88162.0  1.9  983.8  124.0  271.7  1.88  -0.13  -0.36  118.6
88163.0  2.0  983.7  124.0  271.8  1.95  0.24  -0.45  118.5
88164.0  2.0  983.5  124.1  271.9  1.83  0.05  -0.61  118.4
88165.0  1.9  984.0  124.1  271.9  1.74  -0.42  -0.61  118.5
88166.0  1.9  983.7  124.2  271.8  1.71  -0.57  -0.51  118.5
88167.0  2.0  983.6  124.3  271.7  1.80  -0.27  -0.53  118.5
88168.0  1.8  983.9  124.3  271.6  1.74  0.26  -0.47  118.6
88169.0  1.9  983.7  124.4  271.6  1.84  0.17  -0.45  118.7
88170.0  1.9  983.7  124.4  271.7  1.91  0.10  -0.50  118.9
88171.0  1.9  983.8  124.4  271.7  1.88  0.11  -0.53  119.1
88172.0  2.0  983.6  124.4  271.6  1.98  0.08  -0.61  119.4
88173.0  1.9  983.6  124.5  271.6  1.88  -0.03  -0.47  119.5
88174.0  1.8  983.4  124.5  271.6  1.84  -0.19  -0.56  119.4
88175.0  2.0  983.9  124.5  271.5  2.05  -0.09  -0.57  119.6
88176.0  2.0  983.3  124.5  271.5  2.03  0.25  -0.44  119.9
88177.0  1.8  983.9  124.4  271.5  1.89  0.25  -0.48  119.8
88178.0  1.8  983.7  124.4  271.6  1.95  0.30  -0.69  119.8
88179.0  1.9  983.8  124.4  271.6  1.98  0.28  -0.57  119.8
88180.0  1.8  984.1  124.4  271.5  2.00  0.01  -0.47  119.7
88181.0  1.9  983.7  124.4  271.6  1.99  -0.03  -0.31  119.6
88182.0  1.9  983.5  124.4  271.8  2.06  0.00  -0.48  119.0
88183.0  2.0  983.5  124.3  271.9  2.07  0.04  -0.43  118.9
88184.0  1.9  983.9  124.3  272.0  2.01  -0.17  -0.63  118.7
88185.0  1.9  983.6  124.3  272.0  1.99  -0.44  -0.68  118.3
88186.0  2.0  983.6  124.3  271.9  2.05  -0.52  -0.67  118.1
88187.0  2.2  983.6  124.3  271.8  2.12  -0.53  -0.53  118.2
88188.0  1.9  983.8  124.3  271.7  1.95  -0.24  -0.51  118.4
88189.0  1.8  983.5  124.3  271.8  1.93  0.23  -0.61  118.4
88190.0  2.1  983.6  124.3  271.7  2.07  0.56  -0.23  118.7
88191.0  1.9  983.9  124.3  271.9  1.90  0.01  -0.54  118.7
88192.0  1.8  983.2  124.3  272.0  1.83  -0.34  -0.70  118.8
88193.0  2.2  983.5  124.3  271.9  2.03  -0.47  -0.49  119.0
88194.0  1.9  983.9  124.3  271.9  1.93  -0.35  -0.60  119.2
88195.0  2.1  983.6  124.3  271.8  2.40  -0.27  -0.66  119.2
88196.0  2.5  983.4  124.1  271.7  3.21  -0.05  -0.38  118.9
88197.0  2.3  983.6  123.9  271.9  3.49  0.53  -0.26  118.4
88198.0  2.0  983.6  123.6  272.1  3.28  0.85  -0.33  118.2
88199.0  1.8  983.3  123.4  272.3  3.00  0.36  -0.56  118.1
88200.0  1.8  983.0  123.3  272.4  2.94  0.66  -0.63  118.0
88201.0  2.0  983.5  123.1  272.4  3.03  0.57  -0.53  117.6
88202.0  2.2  983.3  122.9  272.4  3.20  0.35  -0.58  117.5
88203.0  2.1  983.4  122.7  272.5  3.26  0.63  -0.37  117.4
88204.0  1.9  983.5  122.5  272.6  3.13  0.54  -0.73  117.4
88205.0  1.9  983.8  122.4  272.6  2.88  0.18  -0.72  117.2
88206.0  1.8  983.5  122.3  272.5  2.63  -0.45  -0.37  117.0
