flight/WP3D/AircraftMis_NP3_20130705_RA.ict
41  1001
Ken Aikin
NOAA ESRL Chemical Sciences Division
various aircraft sensors
SENEX 2013
1  1
2013  07  05  2013  07  05
1
AOCTimewave
8
1  1  1  1  1  1  1  1
-9999  -9999  -9999  -9999  -9999  -9999  -9999  -9999
Attack  deg
CabinPrs  mbar
GndSpd  m/s
Heading  deg
Pitch  deg
Roll  deg
Slip  deg
TrueAirSpd  m/s
1
SPECIAL COMMENTS:St. Louis  power plants.
18
PI_CONTACT_INFO: Address: NOAA ESRL Chemical Sciences Division  Mail Stop R/CSD7  325 Broadway  Boulder  CO 80305
PLATFORM: NOAA WP-3D
LOCATION: The aircraft was stationed in  Smyrna  Tennessee. Aircraft location information in AircraftPosition file.
ASSOCIATED_DATA: N/A
INSTRUMENT_INFO: N/A
DATA_INFO: Units: Attack degrees; CabinPrs millibar; GndSpd m/s; Heading degrees; Pitch degrees; Roll degrees; Slip degrees; TrueAirSpd m/s
UNCERTAINTY: N/A
ULOD_FLAG: -7777
ULOD_VALUE: N/A
LLOD_FLAG: -8888
LLOD_VALUE: N/A
DM_CONTACT_INFO: Data Manager:Ken Aikin; email:Kenneth.C.Aikin@noaa.gov
PROJECT_INFO: SENEX 2013 Study; June 1 - July 15  2013
STIPULATIONS_ON_USE: Use of these data require prior ok from PI.
OTHER_COMMENTS:       None
REVISION: RA
RA: Preliminary Data.  For in-field use.
AOCTimewave  Attack  CabinPrs  GndSpd  Heading  Pitch  Roll  Slip  TrueAirSpd
[from data line 13252]
66812.0  1.6  980.6  113.4  91.6  2.29  -0.58  -0.16  114.7
66813.0  1.9  981.0  113.3  91.5  2.44  -0.57  -0.39  114.3
66814.0  1.8  980.6  113.3  91.3  2.39  -0.35  -0.09  114.9
66815.0  2.2  980.8  113.2  91.2  2.39  -0.61  0.23  115.2
66816.0  2.1  980.5  113.2  91.3  2.14  -0.14  0.07  113.8
66817.0  1.7  980.1  113.2  91.3  1.80  0.09  0.57  113.4
66818.0  2.3  980.4  113.3  91.6  1.93  -0.20  -0.41  113.7
66819.0  1.8  980.5  113.3  91.5  1.65  0.28  -1.37  113.4
66820.0  2.4  980.3  113.4  90.9  1.87  0.38  -0.09  113.6
66821.0  1.2  981.2  113.5  90.9  1.28  0.22  0.56  115.3
66822.0  1.7  980.2  113.5  91.0  1.71  0.38  0.42  115.4
66823.0  1.7  980.9  113.5  91.2  1.75  0.03  0.45  115.7
66824.0  2.1  980.4  113.6  91.4  1.64  0.29  0.39  116.1
66825.0  1.5  980.3  113.7  91.7  1.30  0.27  -0.32  115.1
66826.0  1.6  980.5  113.7  91.7  1.52  0.19  -0.35  115.4
66827.0  1.5  980.7  113.8  91.6  1.59  -0.28  -0.02  114.6
66828.0  1.7  980.1  113.8  91.6  1.82  -0.57  -0.19  114.9
66829.0  1.9  980.9  113.8  91.5  1.93  -0.32  -0.39  115.1
66830.0  1.8  980.8  113.8  91.3  1.86  -0.11  -0.28  114.8
66831.0  2.0  980.4  113.9  91.2  1.98  -0.15  0.10  114.6
66832.0  2.0  980.9  113.9  91.3  2.01  -0.04  0.10  115.0
66833.0  1.8  980.6  113.9  91.3  1.95  0.38  0.03  115.1
66834.0  1.7  980.7  113.8  91.4  2.04  0.36  -0.10  115.5
66835.0  1.9  980.4  113.8  91.4  2.26  0.23  -0.03  115.8
66836.0  1.8  981.0  113.7  91.4  2.30  0.06  -0.14  115.7
66837.0  1.9  980.6  113.7  91.4  2.36  0.05  -0.03  115.4
66838.0  1.9  980.7  113.6  91.4  2.41  -0.14  0.25  115.0
66839.0  1.8  980.4  113.5  91.6  2.32  -0.42  0.41  115.0
66840.0  1.8  980.6  113.5  91.8  2.32  -0.50  0.13  114.4
66841.0  1.9  980.8  113.4  91.8  2.47  -0.68  0.04  114.2
66842.0  2.1  980.7  113.3  91.8  2.50  -0.89  -0.02  114.1
66843.0  1.9  980.8  113.3  91.9  2.40  -0.31  -0.11  114.6
66844.0  1.7  980.7  113.2  91.9  2.42  -0.10  -0.25  113.8
66845.0  2.5  980.5  113.2  91.9  2.58  -0.21  -0.62  113.2
66846.0  2.0  980.4  113.1  91.7  2.22  -0.82  -0.02  113.7
66847.0  1.4  980.7  113.1  91.7  2.07  -1.03  0.43  113.3
66848.0  2.5  980.7  113.2  91.8  2.45  -0.97  -0.01  112.2
66849.0  2.4  980.8  113.2  91.8  2.15  -0.41  -0.17  112.6
66850.0  1.8  980.9  113.2  91.8  1.75  0.18  -0.50  112.4
66851.0  2.4  980.4  113.3  91.6  1.95  0.51  -0.72  112.9
66852.0  2.4  980.5  113.4  91.4  1.68  0.51  0.34  113.4
66853.0  1.5  980.7  113.5  91.6  1.05  -0.19  0.26  113.6
66854.0  1.5  980.4  113.7  91.6  1.28  -0.08  -0.33  113.9
66855.0  1.9  980.4  113.8  91.5  1.52  0.14  -0.29  113.8
66856.0  1.6  980.7  113.9  91.3  1.36  0.05  0.29  114.7
66857.0  1.9  980.3  113.9  91.4  1.37  0.05  0.33  116.2
66858.0  1.5  980.5  114.0  91.6  1.20  0.31  -0.02  116.7
66859.0  1.7  980.7  114.1  91.7  1.28  -0.32  -0.18  116.6
66860.0  1.5  980.7  114.2  91.6  1.17  -0.27  -0.14  116.5
66861.0  1.7  980.6  114.3  91.6  1.32  0.26  0.08  115.9
66862.0  1.4  980.9  114.3  91.6  1.31  1.16  0.10  115.8
66863.0  1.9  980.4  114.4  91.8  1.64  1.14  -0.42  115.8
66864.0  2.2  980.3  114.4  91.8  1.57  0.18  -0.20  116.2
66865.0  1.5  980.5  114.5  91.7  1.21  -0.73  0.18  115.9
66866.0  1.5  980.5  114.6  91.7  1.48  -1.01  0.43  116.2
66867.0  1.8  980.6  114.6  91.9  1.77  -1.01  -0.21  116.2
66868.0  1.7  980.5  114.6  91.7  1.79  -0.66  -0.55  116.3
66869.0  1.8  980.8  114.6  91.4  1.97  -0.64  -0.32  115.7
66870.0  1.8  980.4  114.6  91.2  2.02  -0.20  -0.12  115.6
66871.0  1.8  980.8  114.5  91.1  2.10  0.10  0.25  116.2
66872.0  1.9  980.3  114.5  91.2  2.11  0.07  0.39  116.2
66873.0  1.9  981.0  114.5  91.4  2.15  0.31  0.46  115.8
66874.0  1.7  980.5  114.4  91.6  2.12  0.31  -0.07  115.4
66875.0  2.0  980.9  114.4  91.7  2.30  -0.41  -0.06  115.9
66876.0  2.0  980.7  114.3  91.7  2.19  -0.66  0.31  115.6
66877.0  1.6  980.7  114.3  91.8  2.03  -0.74  -0.15  115.5
66878.0  1.8  980.4  114.2  91.8  2.32  -0.75  -0.17  115.4
66879.0  1.8  981.0  114.1  91.7  2.37  -0.46  -0.02  116.3
66880.0  1.6  980.5  114.0  91.7  2.25  -0.33  0.00  116.0
66881.0  1.9  980.4  114.0  91.7  2.33  -0.45  0.44  115.6
66882.0  2.0  980.5  113.9  92.0  2.17  -0.52  0.18  114.5
66883.0  1.3  980.6  113.9  92.2  1.98  0.16  -0.37  114.2
66884.0  2.0  980.8  113.9  92.1  2.48  -0.23  -0.44  113.9
66885.0  2.0  980.5  113.8  92.0  2.40  -1.10  0.19  113.3
66886.0  2.1  980.8  113.8  92.0  2.22  -1.28  -0.38  114.1
66887.0  1.8  980.7  113.8  91.8  2.13  -0.72  -0.66  114.9
66888.0  1.9  980.5  113.7  91.4  2.29  -0.51  -0.11  116.1
66889.0  1.8  980.4  113.6  91.4  2.22  -0.42  0.15  116.4
66890.0  1.7  980.6  113.6  91.4  2.10  -0.25  -0.06  116.0
66891.0  1.6  980.7  113.5  91.3  2.07  -0.35  0.09  115.4
66892.0  1.8  980.6  113.5  91.2  2.18  -0.53  0.32  115.5
66893.0  1.7  980.6  113.4  91.3  2.19  -0.11  0.05  115.2
66894.0  1.9  980.9  113.4  91.4  2.18  0.33  -0.08  115.3
66895.0  1.9  980.7  113.3  91.4  2.15  0.23  -0.18  115.2
66896.0  1.9  980.9  113.3  91.4  2.04  0.28  -0.18  114.3
66897.0  2.1  980.8  113.3  91.4  1.93  -0.10  -0.13  114.9
66898.0  1.7  980.8  113.4  91.4  1.68  -0.09  0.22  114.7
66899.0  1.9  980.6  113.4  91.5  1.74  0.06  0.22  114.4
66900.0  1.8  981.1  113.5  91.6  1.69  -0.08  -0.10  114.6
66901.0  1.7  980.6  113.5  91.6  1.58  -0.22  -0.12  114.8
66902.0  1.6  980.6  113.6  91.6  1.65  -0.36  -0.20  114.8
66903.0  1.9  980.6  113.6  91.5  1.74  -0.35  -0.07  115.1
66904.0  1.8  980.8  113.6  91.5  1.67  -0.50  -0.20  115.2
66905.0  1.7  981.0  113.7  91.4  1.64  -0.43  -0.09  114.5
66906.0  2.0  980.6  113.8  91.3  1.70  -0.35  0.18  114.0
66907.0  2.0  980.4  113.8  91.4  1.56  0.09  0.50  113.7
66908.0  1.5  980.4  113.9  91.7  1.36  0.29  0.22  114.3
66909.0  2.2  980.3  114.0  91.9  1.73  -0.43  -0.17  114.3
66910.0  2.1  981.0  114.1  91.9  1.60  -1.09  -0.04  114.7
66911.0  1.5  980.5  114.2  91.9  1.42  -1.00  0.16  115.1
66912.0  1.9  980.3  114.3  92.0  1.72  -1.07  -0.07  115.7
66913.0  1.7  980.6  114.3  92.0  1.67  -1.69  -0.52  116.1
66914.0  1.8  980.9  114.3  91.6  1.76  -3.27  -0.36  116.2
66915.0  1.6  980.8  114.3  91.3  1.76  -4.00  -0.17  115.7
66916.0  1.7  980.8  114.3  90.9  1.89  -4.40  -0.29  116.0
66917.0  1.7  980.4  114.3  90.4  1.97  -4.46  0.02  115.7
66918.0  1.9  980.5  114.3  90.1  2.01  -3.78  -0.01  115.8
66919.0  1.9  980.8  114.3  89.8  1.95  -2.88  -0.20  115.7
66920.0  1.7  980.5  114.3  89.5  1.85  -2.64  -0.18  115.4
66921.0  1.9  980.6  114.3  89.3  2.04  -2.62  0.05  114.9
66922.0  1.8  980.6  114.4  89.1  1.98  -2.19  0.11  114.9
66923.0  1.9  980.7  114.4  89.0  2.00  -1.41  0.20  114.4
66924.0  1.8  980.4  114.4  89.0  1.94  -1.23  0.07  113.9
66925.0  1.9  980.7  114.4  89.0  2.08  -1.43  0.14  114.2
66926.0  1.9  980.8  114.4  89.0  2.17  -1.42  0.01  114.5
66927.0  2.0  980.9  114.4  89.0  2.25  -1.27  -0.18  114.6
66928.0  1.8  980.6  114.3  88.9  2.18  -1.20  -0.26  114.5
66929.0  1.8  980.3  114.3  88.8  2.32  -1.38  -0.35  114.6
66930.0  1.6  980.7  114.2  88.6  2.41  -1.08  -0.01  115.1
66931.0  1.9  980.5  114.1  88.5  2.58  -0.84  0.05  114.8
66932.0  2.6  980.5  114.1  88.4  2.61  -0.40  -0.62  114.1
66933.0  2.3  980.6  114.0  88.3  2.11  -0.05  0.43  113.3
66934.0  1.9  980.9  114.1  88.5  1.70  0.24  0.60  113.6
66935.0  2.2  980.9  114.2  88.9  1.70  -0.03  0.12  114.5
66936.0  2.1  980.5  114.2  89.0  1.65  -0.88  -1.86  116.1
66937.0  1.4  980.7  114.3  88.0  1.47  -0.54  -0.85  116.3
66938.0  1.8  980.6  114.3  87.4  1.50  -0.41  0.41  116.6
66939.0  1.3  981.3  114.4  87.5  1.14  0.17  0.79  117.1
66940.0  1.3  980.4  114.4  87.7  1.21  0.21  0.78  117.1
66941.0  0.9  980.5  114.5  88.0  1.18  -0.08  0.94  117.3
66942.0  1.4  980.7  114.5  88.4  1.73  0.36  0.21  117.0
66943.0  1.3  980.7  114.5  88.6  1.79  0.21  -0.02  115.9
66944.0  1.9  980.8  114.4  88.7  2.05  -0.29  -0.14  115.9
66945.0  2.2  980.5  114.4  88.8  1.99  -0.50  -0.26  115.4
66946.0  1.6  980.7  114.4  88.7  1.68  -0.87  -0.29  115.4
66947.0  1.7  980.4  114.5  88.5  1.92  -1.19  -0.09  115.2
66948.0  1.9  980.5  114.5  88.4  2.14  -0.92  -0.33  115.8
66949.0  1.8  981.1  114.4  88.2  2.20  -0.37  0.09  115.2
66950.0  2.2  980.4  114.4  88.2  2.29  0.01  0.06  115.1
66951.0  1.9  980.7  114.3  88.4  2.15  0.09  0.16  115.1
66952.0  2.0  980.3  114.3  88.5  2.28  -0.34  -0.03  115.8
66953.0  2.0  980.8  114.2  88.5  2.26  -0.90  -0.01  115.6
66954.0  1.7  980.7  114.2  88.5  2.17  -0.50  -0.35  115.3
66955.0  1.5  981.1  114.1  88.3  2.35  -0.02  -0.28  114.5
66956.0  2.3  980.7  114.0  88.2  2.69  0.01  -0.48  114.7
66957.0  1.9  981.0  113.9  88.1  2.39  0.03  0.50  115.1
66958.0  1.9  980.4  113.9  88.3  2.26  -0.30  -0.07  115.2
66959.0  1.6  981.0  113.8  88.3  2.23  -0.13  -0.11  115.3
66960.0  1.6  980.9  113.8  88.2  2.34  -0.04  -0.20  115.5
66961.0  1.8  980.5  113.7  88.1  2.53  0.03  -0.34  114.9
66962.0  1.8  981.0  113.6  88.0  2.55  -0.05  -0.27  114.2
66963.0  2.2  981.0  113.5  87.8  2.55  0.01  -0.13  114.4
66964.0  1.6  981.1  113.5  87.7  2.16  -0.30  0.82  114.0
66965.0  1.7  980.6  113.4  88.0  2.22  -0.68  0.41  114.1
66966.0  2.5  980.9  113.4  88.1  2.35  0.23  -0.55  113.9
66967.0  1.6  980.7  113.4  88.0  1.90  0.57  -0.55  115.0
66968.0  1.7  980.3  113.4  87.8  1.92  0.17  0.72  115.8
66969.0  1.7  980.4  113.4  88.1  1.93  -0.37  0.69  115.8
66970.0  1.9  980.5  113.4  88.4  1.95  0.15  0.01  115.5
66971.0  1.9  980.3  113.4  88.4  1.77  -0.13  -0.46  115.3
66972.0  1.7  980.7  113.4  88.3  1.64  -0.49  -0.01  115.5
66973.0  1.8  980.6  113.5  88.3  1.57  -0.23  -0.25  115.8
66974.0  1.7  980.5  113.5  88.2  1.45  0.16  0.21  115.6
66975.0  1.3  981.0  113.6  88.3  1.32  0.00  0.76  115.0
66976.0  1.9  980.6  113.6  88.6  1.56  -0.54  -0.01  115.7
66977.0  1.8  980.8  113.7  88.6  1.41  -0.91  -0.22  115.5
66978.0  1.4  980.6  113.8  88.5  1.28  -0.80  0.30  115.3
66979.0  2.0  980.4  113.9  88.6  1.53  -0.70  -0.19  115.5
66980.0  2.0  980.7  114.0  88.6  1.39  -0.32  -0.24  115.9
66981.0  1.7  980.7  114.1  88.6  1.04  0.18  -0.11  115.3
66982.0  1.8  980.7  114.2  88.6  1.09  0.69  -0.68  116.1
66983.0  1.6  980.8  114.4  88.4  1.18  -0.22  0.41  114.6
66984.0  1.8  980.6  114.5  88.5  1.26  -0.89  0.51  114.3
66985.0  1.9  980.5  114.6  88.8  1.20  -0.79  0.06  114.3
66986.0  1.9  981.3  114.7  88.8  1.23  -0.63  -0.37  116.1
66987.0  1.6  980.6  114.9  88.7  1.19  -0.81  -0.49  116.2
66988.0  1.7  980.7  114.9  88.5  1.36  -0.84  -0.31  116.2
66989.0  1.6  980.7  115.0  88.3  1.40  -0.72  0.13  115.5
66990.0  1.8  980.5  115.1  88.4  1.47  -0.65  0.22  116.2
66991.0  1.6  980.7  115.2  88.5  1.41  -0.67  0.34  115.8
66992.0  1.6  981.0  115.2  88.5  1.59  -0.48  -0.34  116.9
66993.0  2.3  980.2  115.2  88.4  1.85  -1.02  -0.34  116.7
66994.0  1.6  980.5  115.2  88.2  1.54  -0.77  -0.73  117.0
66995.0  1.8  981.0  115.2  87.8  1.62  -0.08  -0.45  118.3
66996.0  1.7  980.6  115.2  87.6  1.56  -0.05  0.86  118.0
66997.0  1.5  980.5  115.2  87.8  1.48  0.08  0.46  118.0
66998.0  1.5  980.8  115.3  88.1  1.45  0.34  0.29  118.0
66999.0  1.2  980.8  115.3  88.2  1.56  -0.16  -0.18  117.7
67000.0  1.8  980.7  115.2  88.1  2.01  0.00  -0.30  117.0
67001.0  1.5  981.1  115.2  88.1  1.80  0.12  -0.10  116.5
67002.0  1.6  980.6  115.2  88.0  1.79  0.23  0.38  116.6
67003.0  1.7  980.6  115.1  88.2  1.85  -0.34  0.17  116.6
67004.0  1.7  980.9  115.1  88.3  1.86  -0.23  -0.04  116.3
67005.0  1.7  980.6  115.1  88.3  1.94  -0.07  -0.12  117.1
67006.0  1.8  980.5  115.0  88.3  1.96  -0.28  0.05  117.7
67007.0  1.7  980.9  115.0  88.3  1.91  -0.41  -0.08  117.4
67008.0  1.6  980.6  115.0  88.3  1.90  -0.53  0.21  116.8
67009.0  1.5  981.0  114.9  88.4  1.95  -0.43  0.19  116.0
67010.0  1.6  980.8  114.9  88.5  2.12  -0.45  -0.03  115.8
67011.0  2.0  981.0  114.8  88.5  2.31  -0.23  -0.50  116.5
67012.0  2.3  980.7  114.7  88.3  2.28  -0.16  -0.89  116.2
67013.0  1.7  981.1  114.7  88.0  1.85  1.43  -0.27  115.9
67014.0  1.3  980.6  114.7  87.9  1.73  3.05  0.28  115.4
67015.0  2.0  980.9  114.7  88.2  2.05  3.25  0.65  115.5
67016.0  1.8  981.2  114.7  88.7  1.78  2.92  -0.33  116.5
67017.0  1.3  980.1  114.7  88.9  1.70  2.62  -0.21  116.7
67018.0  1.6  980.7  114.6  89.0  2.06  1.74  0.31  117.2
67019.0  1.9  980.9  114.6  89.3  2.08  1.58  0.29  117.2
67020.0  1.6  980.5  114.5  89.5  1.86  1.35  0.16  117.2
67021.0  1.7  980.7  114.5  89.7  1.89  0.84  0.42  117.0
67022.0  1.7  980.6  114.4  90.1  1.82  0.56  0.40  116.8
67023.0  1.5  980.8  114.4  90.3  1.72  0.17  0.02  117.1
67024.0  1.6  980.5  114.4  90.4  1.88  -0.20  0.22  116.6
67025.0  1.7  980.7  114.4  90.6  1.95  0.63  0.00  116.2
67026.0  1.6  980.9  114.3  90.7  1.88  0.70  0.07  116.5
67027.0  1.9  980.5  114.3  90.9  1.98  0.21  0.12  116.9
67028.0  1.8  980.9  114.3  91.1  1.86  -0.14  -0.42  116.4
67029.0  1.4  980.5  114.3  91.0  1.83  0.13  -0.22  116.3
67030.0  1.9  980.8  114.2  91.0  2.17  0.13  -0.29  116.5
67031.0  1.7  980.8  114.1  90.9  2.03  0.02  -0.22  116.3
67032.0  1.6  980.4  114.1  90.8  1.95  0.11  -0.37  116.9
67033.0  1.8  980.5  114.0  90.7  2.01  0.34  0.04  117.3
67034.0  2.1  980.7  114.0  90.8  2.01  0.32  0.27  117.4
67035.0  1.7  980.5  114.0  91.0  1.63  0.51  -0.29  116.8
67036.0  1.5  981.0  114.0  90.9  1.58  -0.12  -0.10  117.3
67037.0  1.5  980.5  114.0  90.9  1.80  -0.02  -0.24  117.0
67038.0  1.6  980.8  113.9  90.8  1.92  0.36  0.28  117.2
67039.0  1.4  980.5  113.8  90.9  1.90  0.17  0.13  118.0
67040.0  1.8  980.5  113.8  91.0  1.99  0.01  -0.11  117.2
67041.0  1.6  981.0  113.8  90.9  1.83  -0.03  -0.28  117.4
67042.0  1.6  980.5  113.7  90.9  1.87  0.00  0.20  117.4
67043.0  1.7  980.6  113.7  91.0  1.84  0.08  0.18  117.5
67044.0  1.5  980.6  113.6  91.1  1.77  -0.03  -0.12  116.9
67045.0  1.7  980.9  113.6  91.0  1.88  0.00  -0.39  116.3
67046.0  1.9  980.8  113.6  90.9  1.87  -0.16  -0.36  117.0
67047.0  1.3  981.3  113.6  90.8  1.69  -0.02  0.40  117.5
67048.0  1.9  980.3  113.6  90.9  1.94  -0.35  0.88  117.1
67049.0  1.9  980.7  113.5  91.3  1.63  -0.43  0.03  117.4
67050.0  1.3  980.9  113.6  91.4  1.35  0.05  -0.41  117.5
67051.0  1.7  980.8  113.6  91.2  1.66  -0.24  0.15  118.1
67052.0  1.6  980.8  113.6  91.3  1.59  -0.52  -0.40  117.2
67053.0  1.6  980.5  113.6  91.1  1.49  -0.43  -0.11  116.5
67054.0  1.4  980.6  113.6  91.0  1.43  -0.33  0.28  116.8
67055.0  1.5  981.2  113.7  91.1  1.62  -0.32  0.42  116.4
67056.0  1.7  980.7  113.7  91.3  1.70  -0.47  0.30  115.9
67057.0  1.7  980.3  113.7  91.5  1.66  -0.61  0.21  116.4
67058.0  1.6  981.1  113.7  91.6  1.70  -0.65  -0.07  116.1
67059.0  1.7  980.6  113.7  91.6  1.83  -0.82  -0.54  115.6
67060.0  1.8  981.0  113.7  91.4  1.91  -0.76  -0.38  115.3
67061.0  2.0  980.7  113.8  91.2  1.92  -0.41  -0.42  115.3
67062.0  2.0  980.6  113.7  91.0  1.86  0.13  -0.08  116.4
67063.0  1.9  980.3  113.8  91.0  1.73  0.38  -0.19  115.7
67064.0  1.5  981.0  113.8  90.9  1.67  0.26  -0.10  115.3
67065.0  1.8  980.6  113.8  90.9  1.96  0.17  0.49  115.0
67066.0  1.6  980.6  113.8  91.1  1.98  -0.19  0.07  116.5
67067.0  1.7  980.6  113.7  91.2  2.06  -0.15  -0.06  116.1
67068.0  2.1  980.9  113.7  91.1  2.13  -0.45  -0.23  116.1
67069.0  1.9  980.9  113.7  91.0  1.94  -0.13  -0.32  115.8
67070.0  1.7  980.5  113.7  90.9  1.89  0.02  -0.17  115.7
67071.0  1.8  980.5  113.7  90.9  1.93  0.02  -0.17  116.1
67072.0  1.6  981.0  113.6  90.8  1.95  0.03  0.01  116.7
67073.0  1.8  980.5  113.6  90.8  2.02  -0.06  0.05  116.6
67074.0  1.6  980.9  113.5  90.8  1.89  0.16  0.02  116.2
67075.0  1.6  980.6  113.5  90.8  1.89  0.09  -0.02  116.1
67076.0  1.8  980.7  113.5  90.8  1.88  0.13  -0.20  115.9
67077.0  1.8  981.0  113.5  90.8  1.91  0.25  -0.08  115.8
67078.0  1.6  980.8  113.5  90.8  1.81  0.02  -0.09  115.6
67079.0  1.8  980.7  113.5  90.7  1.93  0.14  -0.18  115.3
67080.0  1.8  980.7  113.5  90.7  1.84  0.37  0.38  115.4
