flight/WP3D/AircraftMet_NP3_20130531_RA.ict
43  1001
Ken Aikin
NOAA ESRL Chemical Sciences Division
various aircraft sensors
SENEX 2013
1  1
2013  05  31  2013  05  31
1
AOCTimewave
10
1  1  1  1  1  1  1  1  1  1
-9999  -9999  -9999  -9999  -9999  -9999  -9999  -9999  -9999  -9999
AmbTemp  C
DewPtTemp  C
DewPtTempTDL  C
H2Omr  g/kg
PotTemp  K
RelHumidity  pct
StaticPrs  mbar
VertWindSpd  m/s
WindDir  deg
WindSpd  m/s
1
SPECIAL COMMENTS:2nd test flight from Tampa.
18
PI_CONTACT_INFO: Address: NOAA ESRL Chemical Sciences Division  Mail Stop R/CSD7  325 Broadway  Boulder  CO 80305
PLATFORM: NOAA WP-3D
LOCATION: The aircraft was stationed in  Smyrna  Tennessee. Aircraft location information in AircraftPosition file.
ASSOCIATED_DATA: N/A
INSTRUMENT_INFO: N/A
DATA_INFO: Units:AmbTemp celcius; DewPtTemp celcius; DewPtTempTDL celcius; H2Omr g/kg; PotTemp kelvin; RelHumidity percent; StaticPrs millibar; VertWindSpd m/s; WindDir degrees; WindSpd m/s
UNCERTAINTY: N/A
ULOD_FLAG: -7777
ULOD_VALUE: N/A
LLOD_FLAG: -8888
LLOD_VALUE: N/A
DM_CONTACT_INFO: Data Manager:Ken Aikin; email:Kenneth.C.Aikin@noaa.gov
PROJECT_INFO: SENEX 2013 Study; June 1 - July 15  2013
STIPULATIONS_ON_USE: Use of these data require prior ok from PI.
OTHER_COMMENTS:       None
REVISION: RA
RA: Preliminary Data.  For in-field use.
AOCTimewave  AmbTemp  DewPtTemp  DewPtTempTDL  H2Omr  PotTemp  RelHumidity  StaticPrs  VertWindSpd  WindDir  WindSpd
[from data line 6393]
57465.0  2.280  -21.150  -22.910  1.18  318.26  15.64  602.98  0.62  322.41  1.61
57466.0  2.280  -20.390  -22.910  1.26  318.30  16.70  602.65  0.75  322.03  1.67
57467.0  2.210  -19.710  -22.910  1.33  318.28  17.81  602.32  0.86  323.04  1.62
57468.0  2.180  -19.120  -22.910  1.40  318.28  18.78  602.01  0.94  324.02  1.58
57469.0  2.170  -18.640  -22.910  1.46  318.31  19.57  601.78  0.89  323.52  1.48
57470.0  2.170  -18.300  -22.910  1.50  318.34  20.15  601.55  0.85  325.92  1.45
57471.0  2.130  -18.090  -22.910  1.53  318.35  20.57  601.22  0.89  326.59  1.43
57472.0  2.150  -18.050  -22.910  1.54  318.41  20.61  600.96  0.92  326.82  1.51
57473.0  2.090  -18.140  -22.910  1.53  318.38  20.54  600.72  0.75  324.42  1.64
57474.0  2.040  -18.350  -22.910  1.50  318.37  20.26  600.35  0.66  323.63  1.61
57475.0  2.030  -18.570  -22.910  1.47  318.41  19.89  600.09  0.62  322.37  1.49
57476.0  1.970  -18.810  -22.910  1.45  318.39  19.57  599.77  0.38  325.54  1.50
57477.0  1.960  -19.050  -22.910  1.42  318.41  19.20  599.51  0.28  327.91  1.48
57478.0  1.940  -19.280  -22.910  1.39  318.44  18.85  599.14  0.13  326.31  1.61
57479.0  1.850  -19.570  -22.910  1.36  318.39  18.50  598.80  0.05  324.34  1.53
57480.0  1.860  -19.860  -22.910  1.32  318.44  18.02  598.56  -0.04  323.86  1.51
57481.0  1.810  -20.160  -22.910  1.29  318.42  17.62  598.30  -0.05  322.95  1.53
57482.0  1.750  -20.490  -22.910  1.25  318.40  17.21  598.00  -0.08  322.54  1.49
57483.0  1.740  -20.820  -22.910  1.22  318.44  16.73  597.66  -0.03  322.06  1.48
57484.0  1.670  -21.100  -22.910  1.19  318.41  16.41  597.30  0.02  320.99  1.49
57485.0  1.630  -21.320  -22.910  1.17  318.41  16.15  597.00  -0.05  321.07  1.38
57486.0  1.630  -21.480  -22.910  1.15  318.45  15.93  596.75  -0.14  322.08  1.27
57487.0  1.570  -21.620  -22.910  1.14  318.42  15.80  596.50  -0.18  320.23  1.27
57488.0  1.530  -21.730  -22.910  1.13  318.43  15.70  596.10  -0.10  324.46  1.06
57489.0  1.530  -21.830  -22.910  1.12  318.49  15.56  595.73  -0.11  332.13  1.00
57490.0  1.460  -21.910  -22.910  1.11  318.46  15.53  595.40  -0.11  326.59  1.05
57491.0  1.440  -21.960  -22.910  1.11  318.49  15.47  595.05  -0.08  328.48  1.07
57492.0  1.410  -22.020  -22.910  1.10  318.52  15.43  594.67  -0.12  326.21  1.02
57493.0  1.340  -22.070  -22.910  1.10  318.48  15.44  594.43  -0.05  326.57  1.04
57494.0  1.340  -22.080  -22.910  1.10  318.53  15.42  594.04  -0.01  327.67  1.02
57495.0  1.260  -22.090  -22.910  1.10  318.50  15.50  593.66  0.04  330.52  1.03
57496.0  1.240  -22.100  -22.910  1.10  318.52  15.52  593.36  0.09  333.04  0.96
57497.0  1.210  -22.070  -22.910  1.10  318.55  15.59  592.94  0.18  334.24  0.93
57498.0  1.150  -22.010  -22.910  1.11  318.53  15.73  592.66  0.13  333.22  1.07
57499.0  1.120  -21.980  -22.910  1.11  318.54  15.82  592.27  0.02  332.44  1.15
57500.0  1.030  -22.010  -22.910  1.11  318.51  15.88  591.85  -0.11  333.32  1.23
57501.0  1.000  -22.050  -22.910  1.11  318.54  15.84  591.46  -0.25  327.97  1.54
57502.0  0.890  -22.050  -22.910  1.11  318.46  15.98  591.09  -0.02  326.16  1.63
57503.0  0.860  -21.930  -22.910  1.12  318.49  16.18  590.72  0.08  314.77  1.88
57504.0  0.750  -21.690  -22.910  1.14  318.42  16.66  590.29  0.22  309.61  2.08
57505.0  0.740  -21.350  -22.910  1.18  318.48  17.18  589.84  0.33  316.35  2.00
57506.0  0.640  -20.900  -22.910  1.23  318.42  18.00  589.45  0.32  316.69  2.04
57507.0  0.600  -20.340  -22.910  1.29  318.46  18.96  588.90  0.34  317.56  2.07
57508.0  0.530  -19.680  -22.910  1.37  318.48  20.17  588.30  0.23  314.30  2.03
57509.0  0.430  -18.980  -22.910  1.45  318.44  21.58  587.68  0.37  315.39  2.07
57510.0  0.410  -18.260  -22.910  1.55  318.51  22.97  587.09  0.63  317.11  2.16
57511.0  0.320  -17.560  -22.910  1.64  318.51  24.52  586.46  0.66  315.23  2.19
57512.0  0.230  -16.880  -22.910  1.74  318.48  26.17  585.96  0.53  312.47  2.50
57513.0  0.130  -16.230  -22.910  1.84  318.45  27.82  585.41  0.56  310.70  2.55
57514.0  0.050  -15.630  -22.910  1.94  318.43  29.42  584.93  0.48  309.23  2.54
57515.0  -0.040  -14.980  -22.910  2.05  318.42  31.26  584.30  0.42  310.63  2.57
57516.0  -0.170  -14.230  -22.910  2.18  318.37  33.57  583.63  0.36  310.46  2.55
57517.0  -0.250  -13.470  -22.910  2.32  318.38  35.92  582.94  0.34  307.61  2.64
57518.0  -0.320  -12.780  -22.910  2.46  318.40  38.22  582.28  0.35  304.94  2.76
57519.0  -0.370  -12.140  -22.910  2.60  318.45  40.39  581.65  0.43  301.11  2.86
57520.0  -0.420  -11.620  -22.910  2.71  318.47  42.28  581.09  0.50  299.67  2.90
57521.0  -0.440  -11.210  -22.910  2.80  318.54  43.77  580.49  0.65  294.64  2.90
57522.0  -0.460  -10.930  -22.910  2.87  318.59  44.81  580.03  0.83  293.42  2.98
57523.0  -0.520  -10.800  -22.910  2.90  318.61  45.48  579.43  0.93  292.26  3.01
57524.0  -0.500  -10.750  -22.910  2.91  318.69  45.60  579.01  0.92  293.56  3.12
57525.0  -0.560  -10.730  -22.910  2.92  318.70  45.85  578.59  0.89  293.29  3.18
57526.0  -0.600  -10.720  -22.910  2.92  318.71  46.02  578.22  0.79  292.24  3.17
57527.0  -0.630  -10.660  -22.910  2.94  318.71  46.37  577.95  0.63  291.70  3.12
57528.0  -0.680  -10.530  -22.910  2.97  318.67  47.01  577.82  0.56  292.38  3.13
57529.0  -0.740  -10.390  -22.910  3.01  318.63  47.76  577.70  0.63  292.19  3.14
57530.0  -0.740  -10.220  -22.910  3.05  318.65  48.40  577.49  0.69  292.09  3.10
57531.0  -0.770  -10.080  -22.910  3.08  318.65  49.07  577.28  0.56  291.57  3.10
57532.0  -0.790  -10.010  -22.910  3.10  318.63  49.40  577.27  0.39  292.54  3.17
57533.0  -0.790  -10.000  -22.910  3.10  318.62  49.43  577.29  0.40  292.38  3.13
57534.0  -0.770  -10.070  -22.910  3.09  318.66  49.08  577.30  0.35  292.38  3.08
57535.0  -0.770  -10.180  -22.910  3.06  318.63  48.66  577.44  0.33  292.59  3.15
57536.0  -0.770  -10.260  -22.910  3.04  318.61  48.34  577.59  0.36  292.37  3.16
57537.0  -0.720  -10.340  -22.910  3.02  318.66  47.85  577.65  0.25  292.90  3.09
57538.0  -0.690  -10.390  -22.910  3.01  318.68  47.59  577.72  0.03  292.69  3.05
57539.0  -0.680  -10.410  -22.910  3.00  318.67  47.47  577.83  -0.14  293.83  3.04
57540.0  -0.660  -10.440  -22.910  2.99  318.65  47.31  578.09  -0.15  295.67  2.98
57541.0  -0.610  -10.430  -22.910  2.99  318.71  47.14  578.10  -0.11  294.71  2.89
57542.0  -0.510  -10.430  -22.910  2.99  318.83  46.79  578.15  -0.03  294.75  3.00
57543.0  -0.630  -10.420  -22.910  2.99  318.66  47.24  578.25  -0.13  296.30  3.03
57544.0  -0.610  -10.420  -22.910  3.00  318.69  47.18  578.25  -0.21  296.96  2.99
57545.0  -0.610  -10.400  -22.910  3.00  318.70  47.25  578.16  -0.29  296.45  2.92
57546.0  -0.590  -10.390  -22.910  3.00  318.73  47.21  578.14  -0.33  296.03  2.90
57547.0  -0.620  -10.360  -22.910  3.01  318.70  47.43  578.13  -0.22  296.86  2.89
57548.0  -0.700  -10.340  -22.910  3.02  318.60  47.82  578.13  -0.19  299.23  2.68
57549.0  -0.730  -10.310  -22.910  3.02  318.58  48.02  578.03  -0.27  297.32  2.58
57550.0  -0.750  -10.290  -22.910  3.03  318.56  48.19  577.99  -0.34  296.06  2.68
57551.0  -0.760  -10.260  -22.910  3.04  318.56  48.32  577.98  -0.25  298.21  2.65
57552.0  -0.720  -10.220  -22.910  3.05  318.61  48.32  577.92  -0.23  298.10  2.66
57553.0  -0.780  -10.180  -22.910  3.06  318.57  48.71  577.75  -0.13  297.19  2.46
57554.0  -0.770  -10.140  -22.910  3.07  318.59  48.83  577.66  -0.15  298.82  2.39
57555.0  -0.780  -10.090  -22.910  3.08  318.59  49.07  577.58  -0.13  297.82  2.28
57556.0  -0.800  -10.030  -22.910  3.09  318.57  49.35  577.59  -0.07  301.09  2.32
57557.0  -0.750  -9.990  -22.910  3.10  318.63  49.34  577.56  -0.07  299.31  2.52
57558.0  -0.750  -9.970  -22.910  3.11  318.63  49.42  577.61  -0.07  299.92  2.55
57559.0  -0.790  -9.930  -22.910  3.12  318.57  49.70  577.62  -0.07  299.45  2.46
57560.0  -0.780  -9.920  -22.910  3.12  318.61  49.72  577.49  0.00  299.19  2.19
57561.0  -0.810  -9.910  -22.910  3.12  318.59  49.85  577.37  0.00  298.39  2.08
57562.0  -0.830  -9.910  -22.910  3.12  318.58  49.93  577.30  0.01  299.81  2.07
57563.0  -0.800  -9.910  -22.910  3.12  318.60  49.82  577.38  0.12  302.38  2.06
57564.0  -0.840  -9.920  -22.910  3.12  318.55  49.94  577.39  0.23  300.62  2.02
57565.0  -0.830  -9.950  -22.910  3.11  318.55  49.78  577.45  0.19  300.98  1.99
57566.0  -0.870  -10.000  -22.910  3.10  318.51  49.74  577.45  0.12  304.03  1.72
57567.0  -0.860  -10.040  -22.910  3.09  318.53  49.54  577.42  0.13  304.40  1.57
57568.0  -0.890  -10.120  -22.910  3.07  318.50  49.35  577.36  0.22  309.85  1.70
57569.0  -0.880  -10.200  -22.910  3.05  318.52  48.99  577.30  0.32  306.50  1.57
57570.0  -0.900  -10.290  -22.910  3.03  318.49  48.71  577.38  0.28  306.20  1.67
57571.0  -0.890  -10.380  -22.910  3.01  318.50  48.30  577.40  0.11  302.99  1.65
57572.0  -0.900  -10.510  -22.910  2.98  318.48  47.83  577.45  0.02  310.33  1.65
57573.0  -0.900  -10.620  -22.910  2.95  318.47  47.41  577.48  0.08  313.76  1.44
57574.0  -0.890  -10.740  -22.910  2.93  318.49  46.97  577.43  0.07  325.74  1.49
57575.0  -0.960  -10.880  -22.910  2.89  318.40  46.68  577.50  -0.12  324.14  1.36
57576.0  -0.940  -11.040  -22.910  2.85  318.41  46.01  577.58  -0.10  325.08  1.32
57577.0  -0.980  -11.170  -22.910  2.82  318.36  45.66  577.61  0.05  324.19  1.23
57578.0  -0.950  -11.310  -22.910  2.79  318.41  45.06  577.54  -0.03  322.57  1.17
57579.0  -0.940  -11.480  -22.910  2.76  318.41  44.43  577.54  -0.14  319.10  1.31
57580.0  -0.950  -11.650  -22.910  2.72  318.40  43.84  577.61  -0.04  320.50  1.15
57581.0  -0.900  -11.800  -22.910  2.68  318.46  43.15  577.55  -0.02  332.98  1.02
57582.0  -0.950  -11.940  -22.910  2.65  318.40  42.81  577.62  -0.09  341.87  1.07
57583.0  -0.910  -12.080  -22.910  2.63  318.44  42.25  577.59  -0.10  338.23  1.13
57584.0  -0.940  -12.210  -22.910  2.60  318.41  41.91  577.55  -0.18  345.10  1.19
57585.0  -0.910  -12.350  -22.910  2.57  318.45  41.34  577.53  -0.15  338.20  1.20
57586.0  -0.960  -12.500  -22.910  2.54  318.41  40.96  577.51  -0.13  338.64  1.19
57587.0  -0.950  -12.630  -22.910  2.51  318.42  40.50  577.49  -0.11  334.74  1.07
57588.0  -0.950  -12.770  -22.910  2.48  318.42  40.05  577.48  -0.03  330.49  1.03
57589.0  -0.920  -12.910  -22.910  2.46  318.45  39.53  577.46  0.00  325.80  1.11
57590.0  -0.910  -13.040  -22.910  2.43  318.48  39.07  577.41  -0.02  323.47  1.15
57591.0  -0.890  -13.160  -22.910  2.41  318.51  38.63  577.37  0.04  330.44  1.09
57592.0  -0.940  -13.270  -22.910  2.39  318.47  38.43  577.24  0.23  331.31  1.13
57593.0  -0.910  -13.350  -22.910  2.37  318.52  38.11  577.07  0.34  331.96  1.13
57594.0  -0.970  -13.430  -22.910  2.36  318.47  38.03  577.02  0.27  328.38  1.07
57595.0  -0.920  -13.480  -22.910  2.35  318.53  37.72  576.99  0.20  328.94  1.08
57596.0  -0.950  -13.530  -22.910  2.34  318.50  37.67  576.92  0.22  329.87  1.07
57597.0  -0.920  -13.560  -22.910  2.33  318.52  37.47  577.04  0.33  332.41  1.00
57598.0  -0.960  -13.620  -22.910  2.32  318.47  37.42  577.03  0.38  335.95  0.99
57599.0  -0.950  -13.670  -22.910  2.31  318.50  37.23  577.00  0.27  340.72  0.99
57600.0  -0.980  -13.720  -22.910  2.30  318.46  37.16  576.99  0.24  343.62  0.97
57601.0  -0.970  -13.770  -22.910  2.29  318.49  36.97  576.92  0.18  345.96  1.12
57602.0  -0.990  -13.790  -22.910  2.29  318.45  36.97  576.99  0.20  348.79  1.13
57603.0  -1.010  -13.810  -22.910  2.28  318.43  36.94  577.01  0.23  351.39  1.11
57604.0  -0.980  -13.840  -22.910  2.28  318.44  36.79  577.16  0.23  353.37  1.18
57605.0  -1.000  -13.860  -22.910  2.27  318.43  36.78  577.11  0.22  353.08  1.16
57606.0  -0.980  -13.860  -22.910  2.27  318.45  36.72  577.07  0.18  349.40  1.14
57607.0  -1.000  -13.890  -22.910  2.27  318.43  36.67  577.11  0.15  349.74  1.21
57608.0  -0.950  -13.930  -22.910  2.26  318.46  36.44  577.20  0.12  352.77  1.14
57609.0  -0.950  -13.980  -22.910  2.25  318.47  36.28  577.20  0.17  356.76  1.10
57610.0  -0.910  -14.020  -22.910  2.24  318.50  36.07  577.28  0.15  356.10  1.15
57611.0  -0.900  -14.100  -22.910  2.23  318.50  35.80  577.37  0.19  359.17  1.18
57612.0  -0.890  -14.200  -22.910  2.21  318.50  35.49  577.43  0.21  4.64  1.19
57613.0  -0.860  -14.310  -22.910  2.19  318.56  35.07  577.32  0.18  6.47  1.12
57614.0  -0.870  -14.440  -22.910  2.17  318.54  34.75  577.30  0.12  6.06  1.13
57615.0  -0.840  -14.590  -22.910  2.14  318.59  34.24  577.23  0.12  8.48  1.16
57616.0  -0.870  -14.750  -22.910  2.11  318.54  33.86  577.35  0.06  9.92  1.24
57617.0  -0.830  -14.920  -22.910  2.08  318.58  33.28  577.42  -0.03  12.69  1.25
57618.0  -0.850  -15.140  -22.910  2.05  318.55  32.76  577.37  -0.09  21.62  1.23
57619.0  -0.810  -15.360  -22.910  2.01  318.61  32.05  577.32  -0.13  25.40  1.24
57620.0  -0.830  -15.630  -22.910  1.96  318.59  31.39  577.27  -0.08  20.84  1.23
57621.0  -0.810  -15.900  -22.910  1.92  318.61  30.64  577.31  0.00  21.63  1.23
57622.0  -0.800  -16.200  -22.910  1.87  318.63  29.86  577.28  -0.05  19.65  1.24
57623.0  -0.810  -16.510  -22.910  1.82  318.61  29.11  577.35  -0.10  15.94  1.25
57624.0  -0.830  -16.860  -22.910  1.77  318.57  28.33  577.40  -0.10  13.52  1.28
57625.0  -0.800  -17.200  -22.910  1.72  318.62  27.46  577.40  -0.13  10.84  1.33
57626.0  -0.850  -17.510  -22.910  1.68  318.56  26.85  577.37  -0.20  9.02  1.28
57627.0  -0.810  -17.830  -22.910  1.63  318.61  26.05  577.36  -0.19  8.26  1.33
57628.0  -0.840  -18.090  -22.910  1.60  318.58  25.56  577.33  -0.22  7.78  1.37
57629.0  -0.810  -18.280  -22.910  1.57  318.61  25.07  577.39  -0.29  5.43  1.40
57630.0  -0.840  -18.430  -22.910  1.55  318.56  24.81  577.49  -0.34  2.43  1.44
57631.0  -0.830  -18.520  -22.910  1.54  318.58  24.61  577.45  -0.35  2.69  1.40
57632.0  -0.850  -18.520  -22.910  1.54  318.56  24.65  577.37  -0.35  1.85  1.34
57633.0  -0.850  -18.460  -22.910  1.55  318.56  24.78  577.36  -0.33  0.63  1.32
57634.0  -0.820  -18.360  -22.910  1.56  318.59  24.93  577.41  -0.31  0.29  1.33
57635.0  -0.850  -18.180  -22.910  1.58  318.55  25.36  577.44  -0.21  358.82  1.43
57636.0  -0.820  -17.950  -22.910  1.62  318.58  25.81  577.48  -0.16  355.04  1.44
57637.0  -0.850  -17.660  -22.910  1.66  318.56  26.50  577.41  -0.16  354.17  1.50
57638.0  -0.870  -17.310  -22.910  1.70  318.52  27.34  577.48  -0.14  355.22  1.53
57639.0  -0.830  -16.960  -22.910  1.76  318.58  28.09  577.37  -0.17  354.75  1.50
57640.0  -0.870  -16.500  -22.910  1.83  318.54  29.27  577.36  -0.17  355.22  1.56
57641.0  -0.830  -16.040  -22.910  1.90  318.58  30.33  577.36  -0.21  355.77  1.45
57642.0  -0.870  -15.560  -22.910  1.97  318.54  31.66  577.34  -0.19  1.30  1.45
57643.0  -0.800  -15.110  -22.910  2.05  318.60  32.71  577.45  -0.12  354.14  1.60
57644.0  -0.850  -14.660  -22.910  2.13  318.55  34.07  577.41  -0.01  352.40  1.60
57645.0  -0.820  -14.240  -22.910  2.20  318.60  35.18  577.31  0.01  357.94  1.61
57646.0  -0.850  -13.870  -22.910  2.27  318.56  36.33  577.33  -0.06  358.12  1.63
57647.0  -0.820  -13.540  -22.910  2.33  318.59  37.27  577.36  -0.12  357.84  1.55
57648.0  -0.830  -13.270  -22.910  2.39  318.57  38.13  577.41  -0.07  1.39  1.56
57649.0  -0.830  -13.050  -22.910  2.43  318.57  38.80  577.40  -0.03  356.69  1.58
57650.0  -0.810  -12.850  -22.910  2.47  318.60  39.37  577.36  -0.14  353.01  1.54
57651.0  -0.810  -12.730  -22.910  2.49  318.60  39.79  577.33  -0.22  352.88  1.53
57652.0  -0.760  -12.630  -22.910  2.51  318.66  39.96  577.34  -0.30  353.71  1.53
57653.0  -0.800  -12.550  -22.910  2.53  318.61  40.32  577.37  -0.42  353.42  1.53
57654.0  -0.750  -12.510  -22.910  2.54  318.68  40.30  577.30  -0.53  350.11  1.57
57655.0  -0.790  -12.520  -22.910  2.53  318.64  40.40  577.27  -0.65  352.76  1.58
57656.0  -0.750  -12.560  -22.910  2.53  318.69  40.14  577.27  -0.66  352.63  1.53
