flight/WP3D/AircraftMis_NP3_20130610_RA.ict
41  1001
Ken Aikin
NOAA ESRL Chemical Sciences Division
various aircraft sensors
SENEX 2013
1  1
2013  06  10  2013  06  10
1
AOCTimewave
8
1  1  1  1  1  1  1  1
-9999  -9999  -9999  -9999  -9999  -9999  -9999  -9999
Attack  deg
CabinPrs  mbar
GndSpd  m/s
Heading  deg
Pitch  deg
Roll  deg
Slip  deg
TrueAirSpd  m/s
1
SPECIAL COMMENTS:Haynesville shale.
18
PI_CONTACT_INFO: Address: NOAA ESRL Chemical Sciences Division  Mail Stop R/CSD7  325 Broadway  Boulder  CO 80305
PLATFORM: NOAA WP-3D
LOCATION: The aircraft was stationed in  Smyrna  Tennessee. Aircraft location information in AircraftPosition file.
ASSOCIATED_DATA: N/A
INSTRUMENT_INFO: N/A
DATA_INFO: Units: Attack degrees; CabinPrs millibar; GndSpd m/s; Heading degrees; Pitch degrees; Roll degrees; Slip degrees; TrueAirSpd m/s
UNCERTAINTY: N/A
ULOD_FLAG: -7777
ULOD_VALUE: N/A
LLOD_FLAG: -8888
LLOD_VALUE: N/A
DM_CONTACT_INFO: Data Manager:Ken Aikin; email:Kenneth.C.Aikin@noaa.gov
PROJECT_INFO: SENEX 2013 Study; June 1 - July 15  2013
STIPULATIONS_ON_USE: Use of these data require prior ok from PI.
OTHER_COMMENTS:       None
REVISION: RA
RA: Preliminary Data.  For in-field use.
AOCTimewave  Attack  CabinPrs  GndSpd  Heading  Pitch  Roll  Slip  TrueAirSpd
[from data line 1321]
55047.0  3.3  939.6  119.8  245.1  4.10  0.08  -1.49  130.7
55048.0  3.1  939.0  119.8  245.1  3.91  -0.48  -1.42  131.0
55049.0  3.3  939.1  119.8  245.3  4.12  -0.93  -1.55  131.1
55050.0  3.5  938.9  119.7  245.4  4.47  -0.85  -1.69  130.9
55051.0  3.1  938.8  119.7  245.4  4.16  -0.40  -1.62  131.3
55052.0  3.2  938.8  119.6  245.2  4.27  0.14  -1.45  131.1
55053.0  3.5  938.7  119.5  245.2  4.67  0.63  -1.35  130.7
55054.0  3.3  938.5  119.4  245.4  4.62  0.86  -1.22  131.4
55055.0  3.1  938.3  119.3  245.8  4.37  0.95  -1.43  131.7
55056.0  2.9  938.4  119.2  246.2  4.11  1.16  -1.60  132.0
55057.0  3.1  938.0  119.1  246.3  4.21  1.26  -1.56  132.0
55058.0  2.9  937.9  119.0  246.3  3.97  1.12  -1.41  132.2
55059.0  3.1  938.6  119.0  246.4  4.15  0.76  -1.35  132.3
55060.0  3.3  937.9  118.9  246.7  4.49  0.40  -1.46  132.3
55061.0  3.1  937.6  118.7  247.0  4.34  0.23  -1.62  132.4
55062.0  3.1  937.8  118.6  247.1  4.34  0.40  -1.69  132.5
55063.0  3.0  937.5  118.5  247.0  4.20  0.68  -1.55  132.7
55064.0  3.1  937.4  118.4  246.9  4.29  0.57  -1.37  132.8
55065.0  3.1  937.5  118.3  246.9  4.41  0.22  -1.33  132.8
55066.0  3.2  937.1  118.2  247.1  4.62  0.09  -1.51  132.6
55067.0  3.0  937.4  118.1  247.3  4.42  0.46  -1.58  132.7
55068.0  3.0  936.8  117.9  247.3  4.32  1.04  -1.46  132.7
55069.0  3.1  937.1  117.8  247.3  4.44  1.06  -1.38  132.8
55070.0  3.1  936.9  117.7  247.4  4.46  0.51  -1.39  132.8
55071.0  3.1  936.7  117.6  247.6  4.47  0.28  -1.48  132.8
55072.0  3.2  936.8  117.4  247.8  4.62  0.54  -1.55  132.7
55073.0  3.2  936.4  117.3  247.9  4.73  0.76  -1.52  132.5
55074.0  3.1  936.6  117.1  248.0  4.75  0.23  -1.52  132.5
55075.0  3.3  936.5  116.9  248.1  4.99  -0.25  -1.60  132.4
55076.0  3.1  936.4  116.7  248.1  4.81  -0.11  -1.61  132.3
55077.0  2.9  936.0  116.6  248.0  4.49  0.08  -1.46  132.3
55078.0  3.0  935.9  116.4  248.0  4.46  -0.31  -1.40  132.2
55079.0  3.0  935.4  116.4  248.0  4.50  -0.99  -1.46  132.1
55080.0  3.0  935.5  116.3  248.2  4.29  -1.51  -1.58  132.0
55081.0  3.1  934.9  116.3  248.2  4.41  -1.80  -1.62  131.9
55082.0  3.3  935.2  116.2  248.1  4.65  -1.87  -1.58  131.7
55083.0  3.3  934.7  116.1  247.9  4.76  -1.61  -1.49  131.6
55084.0  3.2  934.3  116.0  247.8  4.69  -1.18  -1.36  131.4
55085.0  3.2  934.2  115.9  247.7  4.60  -1.00  -1.28  131.4
55086.0  3.2  933.8  115.8  247.8  4.52  -1.12  -1.35  131.3
55087.0  3.2  933.9  115.7  247.9  4.55  -1.26  -1.44  131.3
55088.0  3.1  933.2  115.6  247.9  4.29  -1.43  -1.48  131.2
55089.0  3.0  933.1  115.6  247.8  4.12  -1.61  -1.44  131.3
55090.0  3.3  932.6  115.6  247.7  4.45  -1.78  -1.43  131.2
55091.0  3.3  932.6  115.6  247.5  4.51  -1.93  -1.41  131.2
55092.0  3.0  932.3  115.5  247.5  4.13  -2.09  -1.38  131.2
55093.0  3.3  932.5  115.5  247.4  4.34  -2.26  -1.40  131.3
55094.0  3.5  932.2  115.5  247.3  4.58  -2.38  -1.46  131.1
55095.0  3.2  931.6  115.5  247.3  4.28  -2.37  -1.50  131.0
55096.0  3.2  931.6  115.5  247.1  4.27  -2.32  -1.45  131.1
55097.0  3.2  931.4  115.5  247.0  4.28  -2.33  -1.37  131.0
55098.0  3.3  931.4  115.4  246.9  4.36  -2.41  -1.39  131.1
55099.0  3.1  930.7  115.4  246.8  4.10  -2.50  -1.44  131.0
55100.0  3.4  931.3  115.5  246.7  4.35  -2.63  -1.48  131.0
55101.0  3.3  930.7  115.5  246.6  4.34  -2.88  -1.47  131.0
55102.0  3.1  930.6  115.5  246.5  4.05  -3.13  -1.45  131.1
55103.0  3.2  930.2  115.5  246.3  3.99  -3.24  -1.41  131.0
55104.0  3.1  930.4  115.6  246.1  3.85  -3.27  -1.38  131.1
55105.0  3.6  930.3  115.7  246.0  4.46  -3.29  -1.43  131.0
55106.0  3.6  929.7  115.6  246.1  4.64  -3.30  -1.60  130.9
55107.0  3.3  930.1  115.6  246.0  4.41  -3.70  -1.64  131.0
55108.0  3.2  929.6  115.6  245.8  4.23  -3.90  -1.58  131.0
55109.0  3.3  929.9  115.7  245.4  4.20  -3.71  -1.41  131.0
55110.0  3.2  929.3  115.7  245.2  4.04  -3.50  -1.29  131.1
55111.0  3.4  929.6  115.8  245.1  4.21  -3.36  -1.35  131.1
55112.0  3.2  929.0  115.8  245.1  3.99  -3.15  -1.53  131.3
55113.0  3.3  929.2  115.9  245.0  4.11  -3.18  -1.55  131.3
55114.0  3.3  928.5  115.9  244.8  4.14  -3.62  -1.45  131.3
55115.0  3.3  928.8  116.0  244.6  4.13  -3.70  -1.47  131.3
55116.0  3.2  928.4  116.1  244.4  3.90  -3.09  -1.41  131.2
55117.0  3.3  928.3  116.1  244.3  4.09  -2.77  -1.29  131.0
55118.0  3.5  928.2  116.1  244.3  4.38  -3.43  -1.49  130.9
55119.0  3.2  927.8  116.2  244.3  4.06  -4.39  -1.74  131.0
55120.0  2.9  927.8  116.3  244.1  3.57  -5.15  -1.77  131.3
55121.0  3.1  928.1  116.5  243.5  3.53  -5.15  -1.49  131.3
55122.0  3.1  927.4  116.7  243.0  3.42  -4.77  -1.27  131.5
55123.0  3.3  927.6  116.9  242.7  3.53  -4.39  -1.24  131.6
55124.0  3.2  927.2  117.0  242.6  3.37  -3.95  -1.43  131.7
55125.0  3.4  927.4  117.2  242.5  3.69  -3.24  -1.52  131.7
55126.0  3.4  927.0  117.3  242.4  3.72  -1.61  -1.36  131.7
55127.0  3.4  927.2  117.3  242.3  3.85  -0.04  -1.17  131.6
55128.0  3.4  926.8  117.3  242.4  3.86  -0.49  -1.28  131.7
55129.0  3.1  926.9  117.4  242.8  3.56  -1.29  -1.55  132.0
55130.0  3.1  927.0  117.5  242.9  3.57  -1.51  -1.68  132.1
55131.0  3.3  926.5  117.5  242.7  3.78  -1.35  -1.54  132.1
55132.0  3.2  926.6  117.6  242.5  3.72  -1.21  -1.25  132.2
55133.0  3.1  926.3  117.6  242.5  3.58  -1.42  -1.31  132.2
55134.0  3.3  926.4  117.7  242.7  3.78  -1.74  -1.46  132.3
55135.0  3.2  926.3  117.7  242.8  3.67  -1.96  -1.58  132.3
55136.0  3.2  925.9  117.8  242.7  3.63  -2.33  -1.59  132.3
55137.0  3.1  926.4  117.9  242.5  3.57  -3.19  -1.54  132.4
55138.0  3.2  925.8  118.0  242.3  3.61  -3.70  -1.46  132.5
55139.0  3.2  925.9  118.2  242.1  3.74  -3.46  -1.46  132.4
55140.0  3.7  925.9  118.2  241.9  4.37  -3.77  -1.51  132.3
55141.0  3.4  926.0  118.2  241.9  4.29  -4.51  -1.65  132.2
55142.0  3.1  925.6  118.3  241.7  3.96  -4.89  -1.66  132.1
55143.0  3.0  925.4  118.4  241.3  3.66  -4.63  -1.43  132.2
55144.0  3.2  925.8  118.5  240.8  3.90  -4.36  -1.28  132.2
55145.0  3.3  925.1  118.6  240.6  3.95  -4.24  -1.33  132.2
55146.0  3.1  925.4  118.7  240.6  3.76  -4.08  -1.42  132.3
55147.0  3.4  925.0  118.8  240.5  4.13  -3.85  -1.56  132.3
55148.0  3.3  925.0  118.9  240.3  4.18  -3.56  -1.54  132.2
55149.0  3.1  924.7  118.9  240.1  3.90  -3.34  -1.44  132.3
55150.0  3.2  924.8  119.0  239.8  3.98  -3.12  -1.30  132.3
55151.0  3.5  924.4  119.0  239.7  4.40  -2.36  -1.29  132.2
55152.0  3.3  924.5  119.0  239.8  4.22  -1.08  -1.30  132.1
55153.0  3.4  924.3  118.9  240.0  4.36  0.49  -1.36  132.0
55154.0  3.3  924.6  118.8  240.3  4.30  1.58  -1.36  131.9
55155.0  2.9  924.3  118.7  240.6  3.70  1.85  -1.39  132.0
55156.0  3.0  924.0  118.7  240.8  3.52  2.33  -1.37  132.1
55157.0  3.0  924.3  118.7  241.2  3.27  3.30  -1.34  132.1
55158.0  2.7  923.9  118.7  241.5  2.72  3.66  -1.34  132.3
55159.0  3.1  923.8  118.8  241.9  2.97  2.90  -1.44  132.5
55160.0  3.6  923.7  118.8  242.4  3.55  2.64  -1.62  132.5
55161.0  3.9  923.5  118.7  242.9  4.24  3.18  -1.71  132.4
55162.0  3.9  923.2  118.5  243.3  4.74  3.13  -1.73  132.2
55163.0  3.5  923.5  118.2  243.6  4.65  2.48  -1.77  132.0
55164.0  3.2  923.1  118.0  243.8  4.43  2.06  -1.73  132.0
55165.0  3.0  923.2  117.9  243.9  4.10  1.99  -1.59  132.0
55166.0  2.5  923.6  117.8  244.0  3.17  1.28  -1.46  132.1
55167.0  2.6  923.3  118.0  244.1  2.93  0.14  -1.44  132.3
55168.0  3.6  923.2  118.0  244.3  3.88  0.25  -1.52  132.1
55169.0  3.6  922.8  118.0  244.6  4.08  0.69  -1.68  131.9
55170.0  3.5  923.0  117.9  244.9  4.23  0.59  -1.79  131.9
55171.0  3.5  922.6  117.8  244.9  4.31  0.09  -1.71  131.7
55172.0  3.4  923.1  117.8  244.8  4.30  -0.34  -1.55  131.8
55173.0  3.2  922.6  117.7  244.8  4.09  -0.76  -1.58  131.9
55174.0  2.9  922.8  117.7  244.7  3.65  -1.46  -1.48  131.9
55175.0  3.0  922.5  117.8  244.6  3.48  -2.07  -1.40  131.9
55176.0  3.1  922.6  117.9  244.4  3.58  -2.35  -1.42  132.0
55177.0  3.7  922.2  118.0  244.3  4.32  -2.31  -1.47  132.0
55178.0  3.8  922.4  117.9  244.3  4.79  -2.61  -1.54  131.9
55179.0  3.3  922.2  117.8  244.1  4.35  -1.82  -1.46  132.0
55180.0  2.8  922.0  117.9  244.0  3.68  -0.82  -1.25  132.1
55181.0  2.8  922.3  117.9  243.9  3.40  -0.57  -1.25  132.4
55182.0  2.6  922.1  118.0  244.0  2.82  -0.94  -1.33  132.6
55183.0  2.8  921.8  118.2  244.1  2.68  -1.18  -1.31  132.7
55184.0  2.8  922.1  118.4  244.0  2.31  -1.41  -1.29  132.9
55185.0  3.1  921.7  118.7  244.0  2.61  -1.67  -1.31  133.1
55186.0  3.4  921.7  118.9  244.1  2.94  -1.21  -1.38  133.0
55187.0  3.3  921.4  119.1  244.1  2.91  -1.18  -1.39  133.2
55188.0  3.1  921.4  119.2  244.1  2.81  -0.72  -1.33  133.4
55189.0  2.9  921.3  119.4  244.1  2.49  -0.45  -1.28  133.6
55190.0  3.0  921.3  119.6  244.2  2.45  -0.61  -1.31  134.0
55191.0  2.9  921.0  119.8  244.3  2.23  -0.51  -1.33  134.1
55192.0  2.7  920.8  120.1  244.3  1.93  -0.62  -1.27  134.3
55193.0  3.0  921.2  120.4  244.3  2.12  -0.86  -1.19  134.4
55194.0  3.0  920.9  120.6  244.4  2.08  -0.95  -1.17  134.6
55195.0  3.0  921.0  120.9  244.7  2.08  -1.03  -1.28  135.0
55196.0  3.2  921.2  121.2  244.7  2.48  -1.27  -1.35  135.2
55197.0  3.2  921.1  121.4  244.8  2.58  -1.27  -1.36  135.4
55198.0  3.0  920.9  121.6  244.8  2.57  -0.76  -1.32  135.6
55199.0  3.6  921.0  121.7  244.8  3.48  -0.28  -1.29  135.6
55200.0  3.7  920.7  121.6  244.9  4.12  -0.18  -1.47  135.5
55201.0  3.1  920.8  121.6  245.0  3.73  -0.38  -1.50  135.5
55202.0  2.6  920.8  121.6  244.9  3.15  -0.80  -1.36  135.7
55203.0  2.8  920.9  121.6  244.8  3.16  -0.94  -1.24  135.8
55204.0  3.1  920.8  121.7  244.8  3.52  -0.61  -1.23  135.7
55205.0  3.1  920.6  121.7  244.9  3.65  -0.43  -1.24  135.6
55206.0  2.9  920.4  121.7  245.0  3.41  -0.56  -1.34  135.7
55207.0  2.7  920.9  121.7  245.0  3.17  -0.94  -1.31  135.8
55208.0  2.8  920.6  121.8  244.9  3.17  -1.14  -1.22  135.9
55209.0  3.0  920.4  121.8  244.9  3.32  -0.72  -1.18  135.9
55210.0  2.9  920.5  121.9  244.9  3.24  -0.29  -1.18  135.9
55211.0  2.8  920.2  121.9  245.0  3.05  -0.34  -1.19  135.9
55212.0  2.8  920.2  122.0  245.1  3.07  -0.62  -1.22  136.0
55213.0  2.8  920.2  122.1  245.1  2.99  -0.77  -1.26  136.0
55214.0  2.7  920.1  122.2  245.1  2.86  -0.82  -1.27  136.1
55215.0  2.9  920.3  122.3  245.1  3.00  -0.89  -1.26  136.1
55216.0  2.9  919.7  122.4  245.1  2.94  -0.91  -1.22  136.1
55217.0  2.9  919.8  122.5  245.0  2.96  -0.80  -1.18  136.3
55218.0  2.8  920.1  122.6  245.1  2.80  -0.68  -1.20  136.5
55219.0  2.7  919.9  122.7  245.1  2.69  -0.68  -1.21  136.6
55220.0  2.9  919.7  122.8  245.1  2.81  -0.84  -1.23  136.8
55221.0  2.9  920.1  122.9  245.1  2.84  -0.89  -1.17  136.9
55222.0  2.8  919.8  123.0  245.2  2.79  -0.86  -1.16  137.0
55223.0  2.8  919.5  123.2  245.2  2.82  -0.80  -1.25  137.2
55224.0  2.9  919.8  123.2  245.2  2.87  -0.83  -1.23  137.3
55225.0  2.7  919.6  123.3  245.2  2.73  -0.95  -1.21  137.5
55226.0  2.7  919.6  123.5  245.2  2.71  -0.99  -1.16  137.5
55227.0  2.9  919.5  123.6  245.2  2.88  -0.97  -1.19  137.5
55228.0  2.8  919.6  123.7  245.3  2.82  -0.88  -1.23  137.6
55229.0  2.7  919.5  123.8  245.3  2.68  -0.88  -1.26  137.7
55230.0  2.8  919.3  123.9  245.2  2.82  -0.99  -1.20  137.7
55231.0  2.8  919.7  124.0  245.2  2.88  -1.05  -1.17  137.7
55232.0  2.8  919.3  124.1  245.2  2.82  -0.90  -1.20  137.9
55233.0  2.7  919.2  124.1  245.2  2.75  0.14  -1.10  138.0
55234.0  2.8  919.4  124.2  245.2  2.77  0.93  -1.04  138.1
55235.0  2.8  919.2  124.3  245.4  2.83  0.87  -1.10  138.1
55236.0  2.7  919.2  124.3  245.7  2.77  0.51  -1.21  138.2
55237.0  2.7  919.1  124.4  245.8  2.78  0.10  -1.21  138.3
55238.0  2.7  919.3  124.4  245.8  2.75  -0.21  -1.15  138.4
55239.0  2.7  919.2  124.5  245.8  2.77  -0.29  -1.18  138.5
55240.0  2.7  919.1  124.6  245.8  2.74  -0.19  -1.17  138.6
55241.0  2.7  919.5  124.7  245.8  2.69  -0.26  -1.12  138.7
55242.0  2.7  919.0  124.7  245.9  2.76  -0.37  -1.12  138.7
55243.0  2.7  919.1  124.8  245.9  2.76  -0.37  -1.16  138.8
55244.0  2.6  919.2  124.9  246.0  2.67  -0.40  -1.17  139.0
55245.0  2.6  919.2  125.0  246.0  2.70  -0.14  -1.06  139.1
55246.0  2.7  919.0  125.0  246.0  2.83  0.93  -0.93  139.1
55247.0  2.7  918.9  125.0  246.2  2.84  1.25  -1.02  139.1
55248.0  2.6  919.2  125.1  246.5  2.76  0.99  -1.18  139.1
55249.0  2.6  918.9  125.1  246.6  2.70  0.51  -1.23  139.3
55250.0  2.6  918.6  125.2  246.6  2.70  0.12  -1.14  139.3
55251.0  2.6  919.2  125.2  246.6  2.70  0.00  -1.11  139.3
55252.0  2.6  918.9  125.3  246.7  2.65  0.05  -1.10  139.4
55253.0  2.6  918.8  125.4  246.8  2.69  0.04  -1.11  139.3
55254.0  2.7  918.9  125.4  246.9  2.86  -0.14  -1.12  139.2
55255.0  2.7  918.9  125.5  247.0  2.90  -0.29  -1.14  139.2
55256.0  2.6  918.8  125.5  247.0  2.82  -0.39  -1.19  139.3
55257.0  2.5  919.1  125.6  247.0  2.67  -0.51  -1.15  139.3
55258.0  2.6  919.0  125.6  246.9  2.68  -0.59  -1.09  139.3
55259.0  2.8  918.8  125.7  246.9  2.89  -0.51  -1.08  139.2
55260.0  2.7  919.2  125.8  247.0  2.91  -0.33  -1.12  139.2
55261.0  2.5  918.6  125.8  247.0  2.71  -0.35  -1.13  139.3
55262.0  2.6  918.4  125.9  247.0  2.72  -0.58  -1.10  139.3
55263.0  2.8  918.9  126.0  247.0  2.95  -0.66  -1.07  139.4
55264.0  2.7  918.9  126.0  247.0  2.90  -0.54  -1.06  139.5
55265.0  2.6  918.7  126.0  247.1  2.85  -0.51  -1.06  139.6
55266.0  2.6  918.6  126.1  247.1  2.86  -0.63  -1.09  139.7
55267.0  2.6  918.9  126.1  247.1  2.80  -0.75  -1.10  139.8
55268.0  2.6  919.0  126.2  247.1  2.78  -0.80  -1.09  140.0
55269.0  2.7  918.6  126.3  247.1  2.90  -0.73  -1.11  140.1
55270.0  2.6  918.7  126.3  247.1  2.83  -0.65  -1.10  140.2
55271.0  2.5  918.8  126.3  247.2  2.72  -0.68  -1.10  140.4
55272.0  2.5  918.8  126.4  247.2  2.64  -0.83  -1.06  140.6
55273.0  2.6  918.5  126.5  247.2  2.74  -0.86  -1.07  140.6
55274.0  2.6  918.6  126.5  247.2  2.76  -0.76  -1.10  140.6
55275.0  2.5  918.8  126.6  247.2  2.68  -0.77  -1.09  140.7
55276.0  2.5  918.6  126.7  247.2  2.68  -0.90  -1.07  140.7
55277.0  2.5  918.5  126.7  247.1  2.66  -0.91  -1.04  140.7
55278.0  2.5  918.8  126.8  247.1  2.70  -0.79  -1.03  140.7
55279.0  2.5  918.3  126.9  247.2  2.67  -0.68  -1.06  140.7
55280.0  2.5  918.6  126.9  247.2  2.67  -0.71  -1.10  140.7
55281.0  2.5  918.7  127.0  247.2  2.68  -0.84  -1.06  140.8
55282.0  2.5  918.7  127.0  247.2  2.65  -0.90  -1.08  140.9
55283.0  2.5  918.7  127.1  247.2  2.60  -0.80  -1.09  141.1
55284.0  2.5  918.9  127.2  247.1  2.68  -0.75  -1.06  141.1
55285.0  2.6  918.7  127.2  247.1  2.77  -0.80  -1.03  141.1
55286.0  2.5  918.6  127.3  247.2  2.65  -0.75  -1.05  141.2
55287.0  2.4  918.9  127.3  247.2  2.53  -0.67  -1.04  141.2
55288.0  2.5  918.6  127.4  247.2  2.56  -0.75  -1.01  141.1
55289.0  2.5  918.4  127.5  247.3  2.61  -0.90  -1.02  141.0
55290.0  2.4  918.9  127.6  247.3  2.56  -0.94  -1.03  141.0
55291.0  2.4  918.6  127.7  247.4  2.57  -0.96  -1.07  141.0
55292.0  2.5  918.3  127.7  247.4  2.58  -1.01  -1.11  141.1
55293.0  2.5  918.9  127.8  247.3  2.65  -1.07  -1.09  141.3
55294.0  2.5  918.6  127.9  247.3  2.67  -1.03  -1.08  141.4
55295.0  2.5  918.4  127.9  247.2  2.62  -0.90  -1.05  141.5
55296.0  2.5  918.7  128.0  247.2  2.65  -0.78  -1.02  141.5
55297.0  2.5  918.4  128.1  247.2  2.69  -0.76  -1.04  141.5
55298.0  2.4  918.5  128.1  247.3  2.59  -0.78  -1.06  141.5
55299.0  2.5  918.7  128.2  247.3  2.68  -0.87  -1.07  141.6
55300.0  2.5  918.7  128.2  247.3  2.73  -0.98  -1.05  141.5
55301.0  2.5  918.2  128.3  247.3  2.75  -1.02  -1.05  141.5
55302.0  2.5  918.5  128.3  247.3  2.76  -0.96  -1.04  141.6
55303.0  2.4  918.8  128.4  247.3  2.66  -0.91  -1.03  141.6
55304.0  2.4  918.4  128.4  247.3  2.72  -0.97  -1.03  141.6
55305.0  2.5  918.3  128.4  247.3  2.77  -0.98  -1.06  141.6
55306.0  2.4  918.6  128.5  247.3  2.73  -0.90  -1.10  142.0
55307.0  2.4  918.7  128.5  247.3  2.75  -0.87  -1.06  142.1
55308.0  2.5  918.6  128.5  247.2  2.77  -0.95  -1.00  142.0
55309.0  2.5  918.6  128.6  247.2  2.78  -0.96  -1.01  141.9
