flight/WP3D/AircraftPos_NP3_20130610_RA.ict
38  1001
Ken Aikin
NOAA ESRL Chemical Sciences Division
various aircraft sensors
SENEX 2013
1  1
2013  06  10  2013  06  10
1
AOCTimewave
5
1  1  1  1  1 
-9999  -9999  -9999  -9999  -9999
GpsLat  deg
GpsLon  deg
GpsAlt  m
PAlt  m
RAlt  m
1
SPECIAL COMMENTS:Haynesville shale.
18
PI_CONTACT_INFO: Address: NOAA ESRL Chemical Sciences Division  Mail Stop R/CSD7  325 Broadway  Boulder  CO 80305
PLATFORM: NOAA WP-3D
LOCATION: The aircraft was stationed in Smyrna  Tennessee. Aircraft location information in AircraftPosition file.
ASSOCIATED_DATA: N/A
INSTRUMENT_INFO: N/A
DATA_INFO: Units:GpsLat:decimal degrees; GpsLon: decimal degrees; GpsAlt: meters; PAlt:meters; RAlt: meters.
UNCERTAINTY: N/A
ULOD_FLAG: -7777
ULOD_VALUE: N/A
LLOD_FLAG: -8888
LLOD_VALUE: N/A
DM_CONTACT_INFO: Data Manager:Ken Aikin; email:Kenneth.C.Aikin@noaa.gov
PROJECT_INFO: SENEX 2013 Study; June 1 - July 15  2013
STIPULATIONS_ON_USE: Use of these data require prior ok from PI.
OTHER_COMMENTS:       None
REVISION: RA
RA: Preliminary Data.  For in-field use.
AOCTimewave  GpsLat  GpsLon  GpsAlt  PAlt  RAlt
[from data line 9601]
63327.0  32.6741   -94.5838    563.5    504.2    475.2
63328.0  32.6742   -94.5826    564.5    504.5    469.1
63329.0  32.6742   -94.5813    564.5    505.4    478.4
63330.0  32.6742   -94.5801    564.5    505.7    483.8
63331.0  32.6742   -94.5788    564.5    505.7    480.8
63332.0  32.6742   -94.5776    564.7    506.4    480.0
63333.0  32.6742   -94.5764    566.3    509.0    473.6
63334.0  32.6743   -94.5751    567.8    509.5    467.6
63335.0  32.6743   -94.5739    568.5    510.2    466.5
63336.0  32.6743   -94.5726    569.4    512.9    474.7
63337.0  32.6743   -94.5714    570.5    513.5    476.3
63338.0  32.6743   -94.5702    571.2    514.1    474.1
63339.0  32.6744   -94.5689    571.8    515.1    478.1
63340.0  32.6744   -94.5677    571.8    514.8    487.0
63341.0  32.6744   -94.5664    571.0    515.1    474.0
63342.0  32.6744   -94.5652    570.6    513.6    474.9
63343.0  32.6744   -94.5639    569.7    511.6    479.4
63344.0  32.6744   -94.5627    569.1    510.0    474.5
63345.0  32.6744   -94.5614    568.1    508.8    470.6
63346.0  32.6745   -94.5602    568.1    508.9    474.9
63347.0  32.6745   -94.5589    568.1    512.2    475.6
63348.0  32.6745   -94.5577    567.5    510.2    479.1
63349.0  32.6745   -94.5564    566.9    508.0    479.5
63350.0  32.6745   -94.5552    566.9    510.0    484.5
63351.0  32.6745   -94.5539    566.9    508.7    483.1
63352.0  32.6745   -94.5527    566.9    508.2    478.7
63353.0  32.6745   -94.5514    566.9    506.7    471.2
63354.0  32.6745   -94.5502    566.9    506.8    471.6
63355.0  32.6746   -94.5489    565.8    507.3    477.2
63356.0  32.6746   -94.5477    565.7    507.9    485.9
63357.0  32.6746   -94.5464    565.7    508.4    484.4
63358.0  32.6746   -94.5452    565.7    508.4    486.4
63359.0  32.6746   -94.5439    565.7    508.2    483.4
63360.0  32.6746   -94.5427    564.5    508.1    476.3
63361.0  32.6746   -94.5415    565.3    507.4    475.8
63362.0  32.6747   -94.5402    565.7    508.0    482.6
63363.0  32.6747   -94.5390    565.7    508.3    484.6
63364.0  32.6747   -94.5377    566.5    510.3    494.5
63365.0  32.6747   -94.5365    567.5    512.5    496.4
63366.0  32.6747   -94.5352    568.1    511.5    500.6
63367.0  32.6748   -94.5340    569.1    512.7    505.2
63368.0  32.6748   -94.5327    569.4    511.8    504.4
63369.0  32.6748   -94.5315    569.9    512.6    499.6
63370.0  32.6748   -94.5302    570.6    513.9    493.6
63371.0  32.6749   -94.5290    569.5    512.7    486.1
63372.0  32.6749   -94.5277    569.6    513.5    485.8
63373.0  32.6749   -94.5265    570.6    513.1    482.4
63374.0  32.6749   -94.5252    570.6    512.3    472.5
63375.0  32.6750   -94.5240    571.8    512.9    468.7
63376.0  32.6750   -94.5227    571.8    514.1    473.2
63377.0  32.6750   -94.5215    571.3    513.4    471.1
63378.0  32.6750   -94.5202    570.5    511.9    476.4
63379.0  32.6751   -94.5190    569.4    510.6    478.4
63380.0  32.6751   -94.5177    568.7    509.9    485.0
63381.0  32.6751   -94.5165    567.4    509.7    487.9
63382.0  32.6751   -94.5152    566.6    508.5    487.2
63383.0  32.6752   -94.5140    565.7    507.4    483.4
63384.0  32.6752   -94.5127    564.7    507.0    483.2
63385.0  32.6752   -94.5114    563.5    506.2    479.8
63386.0  32.6752   -94.5102    562.5    504.8    476.7
63387.0  32.6753   -94.5089    563.2    504.5    479.5
63388.0  32.6753   -94.5077    563.5    505.4    480.7
63389.0  32.6753   -94.5064    564.5    506.7    479.4
63390.0  32.6753   -94.5052    564.5    504.5    472.5
63391.0  32.6754   -94.5039    564.7    505.7    476.2
63392.0  32.6754   -94.5027    565.7    508.4    484.6
63393.0  32.6754   -94.5014    565.7    510.2    494.5
63394.0  32.6754   -94.5001    566.7    510.1    498.1
63395.0  32.6754   -94.4989    568.4    511.7    499.6
63396.0  32.6754   -94.4976    569.8    511.4    501.0
63397.0  32.6754   -94.4964    571.3    511.8    503.7
63398.0  32.6755   -94.4951    572.6    514.0    499.5
63399.0  32.6755   -94.4939    573.0    513.4    494.8
63400.0  32.6755   -94.4926    573.0    513.7    494.8
63401.0  32.6755   -94.4913    573.0    515.4    490.9
63402.0  32.6755   -94.4901    572.6    514.8    488.1
63403.0  32.6756   -94.4888    571.7    515.4    477.1
63404.0  32.6756   -94.4876    570.1    512.6    464.4
63405.0  32.6756   -94.4863    568.0    509.8    463.8
63406.0  32.6756   -94.4850    566.9    507.6    468.8
63407.0  32.6756   -94.4838    566.9    507.9    475.6
63408.0  32.6757   -94.4825    566.5    508.2    481.0
63409.0  32.6757   -94.4813    565.7    506.1    476.7
63410.0  32.6757   -94.4800    565.7    507.0    482.1
63411.0  32.6757   -94.4787    565.7    506.6    485.7
63412.0  32.6757   -94.4775    565.1    506.0    489.5
63413.0  32.6758   -94.4762    564.4    505.3    489.0
63414.0  32.6758   -94.4749    563.3    503.6    489.7
63415.0  32.6758   -94.4737    563.3    505.1    481.3
63416.0  32.6758   -94.4724    562.1    505.4    472.8
63417.0  32.6758   -94.4712    562.1    505.4    475.5
63418.0  32.6758   -94.4699    562.1    505.7    483.6
63419.0  32.6758   -94.4686    562.1    505.3    488.0
63420.0  32.6759   -94.4674    563.3    506.2    491.7
63421.0  32.6759   -94.4661    562.8    505.2    492.8
63422.0  32.6759   -94.4649    562.1    504.9    498.2
63423.0  32.6759   -94.4636    562.1    503.4    493.6
63424.0  32.6759   -94.4623    563.1    504.3    490.1
63425.0  32.6759   -94.4611    563.3    504.9    493.0
63426.0  32.6759   -94.4598    563.3    506.1    492.1
63427.0  32.6760   -94.4586    564.4    506.7    488.3
63428.0  32.6760   -94.4574    564.8    506.6    492.6
63429.0  32.6760   -94.4561    565.7    508.0    498.2
63430.0  32.6760   -94.4549    566.1    508.3    497.5
63431.0  32.6760   -94.4536    566.9    510.8    495.4
63432.0  32.6760   -94.4524    566.9    510.4    494.0
63433.0  32.6761   -94.4511    566.9    510.1    491.1
63434.0  32.6761   -94.4499    566.9    508.4    494.8
63435.0  32.6761   -94.4486    566.9    508.6    499.6
63436.0  32.6761   -94.4474    566.9    508.6    489.4
63437.0  32.6761   -94.4461    566.9    507.4    499.3
63438.0  32.6761   -94.4449    567.2    509.1    510.3
63439.0  32.6762   -94.4436    568.1    510.1    516.1
63440.0  32.6762   -94.4424    568.1    509.0    518.3
63441.0  32.6762   -94.4412    568.9    511.8    515.7
63442.0  32.6762   -94.4399    569.4    513.0    516.6
63443.0  32.6762   -94.4387    569.4    511.8    520.7
63444.0  32.6763   -94.4374    569.4    512.4    519.7
63445.0  32.6763   -94.4362    569.4    511.2    514.4
63446.0  32.6763   -94.4349    569.3    512.0    513.0
63447.0  32.6763   -94.4337    568.1    510.1    516.5
63448.0  32.6763   -94.4325    567.0    509.0    514.6
63449.0  32.6764   -94.4312    566.0    508.9    515.3
63450.0  32.6764   -94.4300    564.7    508.1    509.8
63451.0  32.6764   -94.4287    564.4    507.7    507.9
63452.0  32.6764   -94.4275    563.3    507.3    506.1
63453.0  32.6764   -94.4262    563.0    506.0    507.1
63454.0  32.6764   -94.4250    562.1    505.9    511.0
63455.0  32.6765   -94.4238    562.1    505.4    508.3
63456.0  32.6765   -94.4225    562.1    504.4    514.8
63457.0  32.6765   -94.4213    562.1    503.4    511.6
63458.0  32.6765   -94.4200    562.4    503.4    514.9
63459.0  32.6765   -94.4188    563.3    504.6    514.1
63460.0  32.6765   -94.4176    563.6    504.9    516.9
63461.0  32.6765   -94.4163    564.5    505.5    520.8
63462.0  32.6765   -94.4151    564.5    506.3    514.8
63463.0  32.6765   -94.4139    564.5    506.5    514.2
63464.0  32.6765   -94.4126    565.5    507.9    517.3
63465.0  32.6765   -94.4114    566.5    508.2    512.8
63466.0  32.6765   -94.4102    567.8    511.1    518.9
63467.0  32.6765   -94.4089    567.9    510.5    517.1
63468.0  32.6766   -94.4077    567.9    509.3    514.5
63469.0  32.6766   -94.4065    569.5    512.8    518.3
63470.0  32.6766   -94.4052    570.5    512.7    519.2
63471.0  32.6766   -94.4040    569.4    511.9    515.1
63472.0  32.6766   -94.4028    569.4    512.3    513.2
63473.0  32.6766   -94.4015    569.1    511.2    513.1
63474.0  32.6766   -94.4003    568.1    510.7    511.5
63475.0  32.6767   -94.3991    567.5    510.2    507.9
63476.0  32.6767   -94.3978    566.4    508.8    509.8
63477.0  32.6767   -94.3966    565.7    507.2    510.3
63478.0  32.6767   -94.3954    565.7    507.2    507.3
63479.0  32.6767   -94.3941    564.8    504.6    507.1
63480.0  32.6767   -94.3929    564.5    503.5    504.1
63481.0  32.6768   -94.3917    564.5    505.2    504.0
63482.0  32.6768   -94.3905    564.5    505.9    503.4
63483.0  32.6768   -94.3892    564.5    506.5    499.8
63484.0  32.6768   -94.3880    564.5    505.9    504.0
63485.0  32.6768   -94.3868    565.6    507.3    503.9
63486.0  32.6768   -94.3856    565.7    509.1    508.0
63487.0  32.6768   -94.3843    565.7    510.1    512.8
63488.0  32.6769   -94.3831    565.9    509.0    512.4
63489.0  32.6769   -94.3819    566.1    509.3    513.6
63490.0  32.6769   -94.3807    566.9    509.0    519.6
63491.0  32.6769   -94.3794    566.9    508.3    513.0
63492.0  32.6769   -94.3782    566.3    507.2    515.4
63493.0  32.6769   -94.3770    565.7    507.3    518.4
63494.0  32.6770   -94.3758    566.0    507.4    512.3
63495.0  32.6770   -94.3745    566.9    509.8    506.4
63496.0  32.6770   -94.3733    567.2    509.7    502.2
63497.0  32.6770   -94.3721    568.2    510.7    500.7
63498.0  32.6770   -94.3709    569.4    511.4    500.8
63499.0  32.6770   -94.3697    569.4    510.5    496.3
63500.0  32.6770   -94.3684    570.4    510.2    492.1
63501.0  32.6770   -94.3672    570.6    511.9    488.1
63502.0  32.6770   -94.3660    570.6    510.9    481.8
63503.0  32.6770   -94.3648    570.3    512.2    483.5
63504.0  32.6770   -94.3636    569.4    511.6    488.5
63505.0  32.6770   -94.3623    568.4    509.7    485.4
63506.0  32.6770   -94.3611    567.4    508.9    477.8
63507.0  32.6769   -94.3599    566.5    507.6    470.4
63508.0  32.6769   -94.3587    565.7    506.5    465.2
63509.0  32.6768   -94.3574    566.7    510.0    466.9
63510.0  32.6768   -94.3562    567.3    509.3    467.9
63511.0  32.6767   -94.3550    568.7    512.6    468.6
63512.0  32.6766   -94.3538    569.6    514.2    471.8
63513.0  32.6765   -94.3526    570.6    513.7    473.5
63514.0  32.6764   -94.3513    570.6    513.7    472.3
63515.0  32.6763   -94.3501    570.5    512.6    467.2
63516.0  32.6762   -94.3489    569.4    512.1    471.9
63517.0  32.6762   -94.3477    569.4    511.7    479.7
63518.0  32.6761   -94.3465    569.4    511.2    485.2
63519.0  32.6760   -94.3452    569.3    511.3    487.2
63520.0  32.6759   -94.3440    568.1    510.8    484.5
63521.0  32.6758   -94.3428    567.6    510.8    489.3
63522.0  32.6757   -94.3416    566.0    507.3    487.5
63523.0  32.6756   -94.3403    565.7    506.5    482.0
63524.0  32.6755   -94.3391    565.7    508.1    482.3
63525.0  32.6754   -94.3379    566.8    509.1    491.4
63526.0  32.6754   -94.3366    566.9    507.1    498.8
63527.0  32.6753   -94.3354    566.9    507.5    495.5
63528.0  32.6752   -94.3342    566.9    509.0    487.8
63529.0  32.6751   -94.3330    566.9    508.1    492.4
63530.0  32.6750   -94.3317    566.9    509.4    479.2
63531.0  32.6749   -94.3305    566.9    510.2    477.3
63532.0  32.6749   -94.3293    566.9    509.5    483.0
63533.0  32.6748   -94.3280    565.8    508.1    489.7
63534.0  32.6747   -94.3268    564.6    507.9    494.6
63535.0  32.6746   -94.3256    563.4    506.6    490.5
63536.0  32.6745   -94.3243    562.6    504.7    488.9
63537.0  32.6744   -94.3231    562.1    505.3    491.0
63538.0  32.6744   -94.3219    562.1    505.7    492.8
63539.0  32.6743   -94.3206    562.1    504.9    493.8
63540.0  32.6742   -94.3194    562.2    505.1    490.4
63541.0  32.6741   -94.3182    563.3    505.2    486.5
63542.0  32.6740   -94.3169    563.3    506.3    488.6
63543.0  32.6739   -94.3157    563.3    506.1    493.6
63544.0  32.6738   -94.3145    563.3    507.0    489.5
63545.0  32.6737   -94.3133    563.3    507.6    481.4
63546.0  32.6736   -94.3120    563.3    505.6    481.1
63547.0  32.6735   -94.3108    563.3    504.7    479.8
63548.0  32.6734   -94.3096    563.3    504.9    477.6
63549.0  32.6734   -94.3083    563.5    505.3    482.3
63550.0  32.6733   -94.3071    565.0    507.2    479.2
63551.0  32.6732   -94.3059    566.5    509.9    478.1
63552.0  32.6731   -94.3047    567.1    509.2    485.0
63553.0  32.6730   -94.3035    568.1    510.6    483.5
63554.0  32.6729   -94.3022    568.7    510.9    484.3
63555.0  32.6728   -94.3010    569.4    511.4    486.4
63556.0  32.6728   -94.2998    570.7    511.8    494.1
63557.0  32.6727   -94.2985    572.0    514.4    495.1
63558.0  32.6726   -94.2973    573.0    515.0    493.0
63559.0  32.6725   -94.2961    573.7    516.5    492.3
63560.0  32.6724   -94.2949    574.2    516.8    491.6
63561.0  32.6723   -94.2936    574.2    517.3    487.5
63562.0  32.6723   -94.2924    574.2    516.9    491.7
63563.0  32.6722   -94.2911    574.2    515.4    488.2
63564.0  32.6721   -94.2899    574.2    516.6    493.5
63565.0  32.6720   -94.2887    574.2    516.9    498.0
63566.0  32.6719   -94.2874    574.2    517.2    496.9
63567.0  32.6718   -94.2862    574.0    517.7    494.4
63568.0  32.6717   -94.2849    572.6    514.7    495.7
63569.0  32.6716   -94.2837    571.0    512.3    496.8
63570.0  32.6715   -94.2824    569.3    511.0    496.3
63571.0  32.6714   -94.2812    568.0    511.5    490.1
63572.0  32.6713   -94.2799    566.3    510.0    480.2
63573.0  32.6712   -94.2787    565.4    507.3    476.8
63574.0  32.6711   -94.2774    564.6    507.6    480.6
63575.0  32.6710   -94.2761    565.7    507.0    485.2
63576.0  32.6709   -94.2749    566.1    508.5    485.4
63577.0  32.6708   -94.2736    566.9    509.1    495.3
63578.0  32.6707   -94.2724    565.8    509.4    500.5
63579.0  32.6706   -94.2711    566.3    509.5    498.3
63580.0  32.6705   -94.2699    566.0    508.9    491.8
63581.0  32.6704   -94.2686    565.2    507.2    489.0
63582.0  32.6703   -94.2673    565.4    508.1    491.2
63583.0  32.6702   -94.2661    565.7    510.2    488.4
63584.0  32.6701   -94.2648    565.7    509.4    487.8
63585.0  32.6700   -94.2635    566.6    510.2    494.8
63586.0  32.6699   -94.2622    566.9    508.3    495.0
63587.0  32.6698   -94.2610    568.0    509.1    493.4
63588.0  32.6697   -94.2597    568.7    509.4    485.0
63589.0  32.6696   -94.2584    569.4    511.1    486.2
63590.0  32.6695   -94.2572    569.4    511.3    487.8
63591.0  32.6694   -94.2559    568.4    510.0    486.7
63592.0  32.6693   -94.2546    566.8    507.8    487.0
63593.0  32.6692   -94.2533    565.4    507.3    492.8
63594.0  32.6691   -94.2521    564.5    506.3    490.0
63595.0  32.6690   -94.2508    564.1    506.9    493.0
63596.0  32.6689   -94.2495    563.3    506.4    495.9
63597.0  32.6688   -94.2482    562.4    506.2    494.9
63598.0  32.6687   -94.2470    562.1    505.6    496.8
63599.0  32.6685   -94.2457    562.1    505.4    509.3
63600.0  32.6684   -94.2444    562.1    506.0    509.8
63601.0  32.6683   -94.2431    561.4    504.6    509.1
63602.0  32.6682   -94.2419    560.8    504.8    505.1
63603.0  32.6681   -94.2406    560.8    505.0    511.4
63604.0  32.6680   -94.2393    560.8    505.9    506.9
63605.0  32.6679   -94.2381    560.8    505.0    506.4
63606.0  32.6678   -94.2368    560.8    505.5    506.5
63607.0  32.6677   -94.2355    561.0    505.0    509.2
63608.0  32.6676   -94.2342    562.1    504.9    512.7
63609.0  32.6675   -94.2330    562.4    504.9    510.6
63610.0  32.6674   -94.2317    563.3    506.2    508.4
63611.0  32.6673   -94.2305    563.3    506.6    508.3
63612.0  32.6672   -94.2292    563.3    506.4    508.3
63613.0  32.6671   -94.2279    563.3    504.8    513.3
63614.0  32.6670   -94.2267    563.3    505.1    511.4
63615.0  32.6669   -94.2254    563.6    506.6    513.8
