flight/WP3D/AircraftMet_NP3_20130622_RA.ict
45  1001
Ken Aikin
NOAA ESRL Chemical Sciences Division
various aircraft sensors
SENEX 2013
1  1
2013  06  22  2013  06  22
1
AOCTimewave
10
1  1  1  1  1  1  1  1  1  1
-9999  -9999  -9999  -9999  -9999  -9999  -9999  -9999  -9999  -9999
AmbTemp  C
DewPtTemp  C
DewPtTempTDL  C
H2Omr  g/kg
PotTemp  K
RelHumidity  pct
StaticPrs  mbar
VertWindSpd  m/s
WindDir  deg
WindSpd  m/s
3
SPECIAL COMMENTS:Atlanta flight. AOC data system crash between 20:45:42 and 21:09:09. 
New TDL Dew Pt Temp instrument for this flight.
No H2O  PoTemp  H2Omr from takeoff until about 1615 for now. Order of parameters in AOC data stream had been changed. Switched back at 16:15.
18
PI_CONTACT_INFO: Address: NOAA ESRL Chemical Sciences Division  Mail Stop R/CSD7  325 Broadway  Boulder  CO 80305
PLATFORM: NOAA WP-3D
LOCATION: The aircraft was stationed in  Smyrna  Tennessee. Aircraft location information in AircraftPosition file.
ASSOCIATED_DATA: N/A
INSTRUMENT_INFO: N/A
DATA_INFO: Units:AmbTemp celcius; DewPtTemp celcius; DewPtTempTDL celcius; H2Omr g/kg; PotTemp kelvin; RelHumidity percent; StaticPrs millibar; VertWindSpd m/s; WindDir degrees; WindSpd m/s
UNCERTAINTY: N/A
ULOD_FLAG: -7777
ULOD_VALUE: N/A
LLOD_FLAG: -8888
LLOD_VALUE: N/A
DM_CONTACT_INFO: Data Manager:Ken Aikin; email:Kenneth.C.Aikin@noaa.gov
PROJECT_INFO: SENEX 2013 Study; June 1 - July 15  2013
STIPULATIONS_ON_USE: Use of these data require prior ok from PI.
OTHER_COMMENTS:       None
REVISION: RA
RA: Preliminary Data.  For in-field use.
AOCTimewave  AmbTemp  DewPtTemp  DewPtTempTDL  H2Omr  PotTemp  RelHumidity  StaticPrs  VertWindSpd  WindDir  WindSpd
[from data line 9816]
63893.0  21.640  13.810  -4.060  10.67  300.54  60.34  934.62  -0.66  100.76  2.26
63894.0  21.670  13.750  -3.860  10.64  300.60  60.01  934.24  1.20  102.39  3.78
63895.0  21.640  13.730  -3.640  10.62  300.59  60.05  934.00  1.15  101.40  2.87
63896.0  21.740  13.710  -4.030  10.61  300.73  59.59  933.62  2.03  131.93  3.88
63897.0  21.540  13.700  -3.820  10.61  300.55  60.28  933.38  0.77  130.79  3.60
63898.0  21.540  13.680  -3.620  10.60  300.56  60.22  933.32  0.66  135.66  3.37
63899.0  21.360  13.660  -3.710  10.58  300.38  60.82  933.20  0.68  119.19  2.56
63900.0  21.360  13.650  -3.720  10.58  300.36  60.79  933.44  2.50  102.37  2.10
63901.0  21.470  13.650  -2.960  10.58  300.48  60.36  933.38  3.02  75.47  1.82
63902.0  21.490  13.690  -2.520  10.60  300.53  60.42  933.12  2.68  85.80  2.00
63903.0  21.490  13.750  -2.540  10.65  300.50  60.71  933.28  1.42  96.09  1.62
63904.0  21.410  13.820  -2.520  10.69  300.40  61.27  933.56  0.63  93.90  3.14
63905.0  21.300  13.860  -2.240  10.72  300.25  61.88  933.93  1.02  86.44  2.85
63906.0  21.370  13.890  -2.020  10.74  300.32  61.73  933.98  0.32  92.98  2.69
63907.0  21.420  13.950  -2.140  10.78  300.36  61.76  934.08  1.02  96.28  2.77
63908.0  21.500  14.020  -2.590  10.82  300.40  61.75  934.50  2.29  106.23  2.83
63909.0  21.410  14.090  -3.100  10.88  300.32  62.40  934.41  0.26  83.87  3.33
63910.0  21.430  14.130  -3.430  10.90  300.31  62.48  934.74  -1.39  74.39  3.78
63911.0  21.480  14.140  -3.690  10.90  300.31  62.31  935.31  -0.85  85.21  3.55
63912.0  21.500  14.160  -3.920  10.91  300.30  62.31  935.65  -1.09  93.68  2.66
63913.0  21.490  14.160  -3.740  10.91  300.28  62.35  935.83  -0.92  85.81  2.88
63914.0  21.490  14.160  -3.560  10.90  300.25  62.33  936.14  -1.00  86.26  2.71
63915.0  21.520  14.150  -3.490  10.90  300.27  62.20  936.23  -1.07  78.93  2.22
63916.0  21.500  14.160  -3.400  10.90  300.23  62.31  936.49  -1.44  70.38  3.10
63917.0  21.620  14.180  -3.370  10.91  300.33  61.93  936.67  -1.66  82.10  2.33
63918.0  21.630  14.180  -2.860  10.91  300.32  61.86  936.86  -0.07  65.07  1.87
63919.0  21.650  14.160  -2.660  10.90  300.34  61.73  936.87  0.29  89.29  2.74
63920.0  21.650  14.160  -2.860  10.89  300.34  61.72  936.89  1.62  103.23  2.43
63921.0  21.630  14.170  -2.760  10.91  300.33  61.85  936.72  1.34  100.86  2.46
63922.0  21.560  14.190  -2.260  10.92  300.31  62.19  936.26  -1.68  97.34  2.39
63923.0  21.620  14.190  -2.060  10.92  300.34  61.97  936.59  -1.07  88.25  1.83
63924.0  21.580  14.180  -2.380  10.92  300.28  62.09  936.80  -1.01  76.74  1.97
63925.0  21.550  14.170  -3.250  10.91  300.27  62.18  936.51  -0.44  61.90  2.06
63926.0  21.620  14.160  -3.310  10.90  300.34  61.88  936.56  -0.90  77.41  2.13
63927.0  21.630  14.150  -3.530  10.89  300.35  61.79  936.48  -1.45  73.75  1.68
63928.0  21.580  14.140  -3.580  10.89  300.30  61.93  936.52  -1.13  86.11  1.30
63929.0  21.640  14.150  -3.690  10.90  300.36  61.74  936.58  -1.64  96.58  2.17
63930.0  21.700  14.150  -4.130  10.90  300.42  61.51  936.48  -1.52  104.52  2.02
63931.0  21.670  14.130  -4.790  10.88  300.40  61.53  936.45  -1.63  109.76  1.44
63932.0  21.710  14.080  -4.580  10.85  300.44  61.20  936.42  -1.73  115.96  1.53
63933.0  21.620  14.040  -4.190  10.82  300.36  61.36  936.37  -1.82  127.25  1.24
63934.0  21.670  14.020  -4.610  10.80  300.39  61.09  936.61  -1.01  107.67  1.90
63935.0  21.660  13.990  -5.010  10.77  300.36  61.00  936.72  -1.17  105.43  1.96
63936.0  21.750  13.910  -5.020  10.72  300.46  60.36  936.63  -0.93  114.68  1.72
63937.0  21.720  13.830  -4.940  10.67  300.44  60.15  936.47  -0.66  123.20  1.76
63938.0  21.730  13.760  -4.880  10.62  300.48  59.82  936.29  -0.67  118.85  1.98
63939.0  21.680  13.730  -4.820  10.60  300.43  59.90  936.27  -0.46  126.22  1.92
63940.0  21.710  13.700  -4.910  10.58  300.46  59.69  936.20  -0.72  123.07  2.05
63941.0  21.640  13.660  -4.220  10.55  300.40  59.76  936.09  -0.51  123.97  2.37
63942.0  21.640  13.640  -4.230  10.54  300.41  59.71  936.01  -0.09  128.56  1.95
63943.0  21.600  13.640  -4.200  10.54  300.37  59.85  935.92  -0.63  119.37  2.06
63944.0  21.620  13.630  -3.840  10.53  300.39  59.71  935.99  0.10  123.72  2.30
63945.0  21.630  13.620  -3.890  10.53  300.40  59.66  935.97  0.68  126.43  2.93
63946.0  21.660  13.640  -3.960  10.54  300.46  59.59  935.72  0.50  138.50  3.28
63947.0  21.500  13.670  -3.560  10.56  300.29  60.32  935.79  0.78  112.21  3.20
63948.0  21.610  13.710  -3.310  10.59  300.39  60.07  935.86  1.69  112.44  3.53
63949.0  21.590  13.760  -3.140  10.63  300.40  60.34  935.53  0.45  113.51  1.53
63950.0  21.740  13.800  -3.020  10.66  300.57  59.92  935.38  0.31  131.16  2.12
63951.0  21.650  13.850  -2.410  10.69  300.47  60.48  935.45  0.67  130.02  2.25
63952.0  21.680  13.920  -2.110  10.74  300.50  60.64  935.57  0.75  135.65  2.53
63953.0  21.580  13.990  -2.130  10.79  300.40  61.33  935.49  -0.25  114.74  2.87
63954.0  21.560  14.050  -2.120  10.84  300.36  61.65  935.69  -0.15  110.34  3.80
63955.0  21.490  14.090  -2.170  10.86  300.30  62.07  935.59  0.43  101.07  3.60
63956.0  21.490  14.130  -2.000  10.89  300.30  62.23  935.50  -0.14  94.42  2.74
63957.0  21.460  14.170  -2.010  10.92  300.26  62.53  935.57  -0.05  90.02  2.70
63958.0  21.450  14.200  -2.380  10.94  300.25  62.71  935.54  -0.27  80.93  2.60
63959.0  21.560  14.240  -2.570  10.97  300.36  62.44  935.59  -0.04  87.16  2.39
63960.0  21.500  14.260  -2.500  10.98  300.30  62.73  935.62  0.41  86.72  2.55
63961.0  21.550  14.270  -2.400  10.99  300.35  62.55  935.70  -0.59  78.51  2.47
63962.0  21.530  14.290  -2.520  11.00  300.33  62.71  935.74  -0.82  80.00  2.10
63963.0  21.590  14.290  -2.600  11.00  300.38  62.49  935.81  -0.79  92.36  1.91
63964.0  21.640  14.290  -3.620  11.00  300.41  62.30  935.97  -0.73  81.20  1.43
63965.0  21.670  14.270  -3.740  10.99  300.45  62.08  935.93  -1.71  102.44  1.28
63966.0  21.620  14.230  -2.660  10.95  300.38  62.11  936.09  -1.81  93.68  1.72
63967.0  21.750  14.210  -4.250  10.94  300.51  61.53  936.14  -1.51  93.91  1.97
63968.0  21.770  14.180  -4.550  10.92  300.52  61.34  936.25  -0.79  93.21  2.60
63969.0  21.750  14.110  -3.970  10.87  300.49  61.17  936.33  -0.60  92.08  2.74
63970.0  21.750  14.100  -4.020  10.86  300.50  61.09  936.24  -1.59  106.15  2.30
63971.0  21.800  14.090  -4.100  10.85  300.53  60.90  936.37  -1.54  107.22  2.48
63972.0  21.750  14.060  -4.010  10.83  300.50  60.92  936.33  -1.96  112.34  2.20
63973.0  21.830  14.030  -3.690  10.81  300.56  60.50  936.49  -1.63  121.41  2.22
63974.0  21.840  13.990  -3.770  10.78  300.58  60.34  936.40  -1.15  136.42  2.68
63975.0  21.760  13.960  -3.610  10.76  300.50  60.50  936.37  -0.74  130.36  3.02
63976.0  21.740  13.950  -2.800  10.75  300.47  60.53  936.45  -0.74  129.52  2.73
63977.0  21.800  13.930  -2.390  10.74  300.54  60.23  936.38  0.11  141.74  3.07
63978.0  21.740  13.920  -2.110  10.73  300.46  60.40  936.58  2.10  125.80  3.73
63979.0  21.710  13.930  -1.600  10.74  300.45  60.57  936.34  2.41  198.39  1.03
63980.0  21.640  13.940  -1.770  10.75  300.42  60.87  935.96  1.61  91.21  0.73
63981.0  21.610  13.970  -1.820  10.78  300.41  61.13  935.71  0.84  55.98  2.34
63982.0  21.630  14.000  -1.860  10.80  300.44  61.16  935.53  0.32  63.31  3.29
63983.0  21.630  13.990  -1.860  10.79  300.47  61.11  935.32  -0.01  73.08  3.06
63984.0  21.600  14.020  -1.980  10.81  300.44  61.36  935.23  -0.44  65.30  3.71
63985.0  21.680  14.060  -2.200  10.84  300.52  61.19  935.23  -0.19  72.69  2.45
63986.0  21.620  14.060  -2.420  10.85  300.46  61.46  935.21  -0.47  58.07  2.21
63987.0  21.650  14.080  -2.500  10.86  300.49  61.38  935.24  -0.69  62.72  2.26
63988.0  21.650  14.090  -2.500  10.87  300.48  61.45  935.34  -0.95  64.10  3.00
63989.0  21.670  14.100  -3.010  10.87  300.48  61.43  935.53  -0.01  71.93  3.03
63990.0  21.640  14.130  -3.080  10.89  300.46  61.62  935.44  -0.19  49.07  2.16
63991.0  21.730  14.170  -3.180  10.92  300.55  61.47  935.46  -0.15  73.85  2.03
63992.0  21.630  14.190  -3.100  10.94  300.44  61.93  935.57  0.54  75.85  2.93
63993.0  21.680  14.200  -3.000  10.94  300.48  61.78  935.69  1.58  59.13  2.41
63994.0  21.680  14.200  -2.780  10.94  300.49  61.78  935.62  1.38  76.07  2.27
63995.0  21.640  14.200  -2.930  10.94  300.46  61.91  935.49  -0.44  60.84  1.95
63996.0  21.610  14.190  -2.740  10.93  300.42  61.99  935.61  -0.93  74.11  3.40
63997.0  21.570  14.170  -2.820  10.92  300.37  62.07  935.76  -1.51  55.18  2.79
63998.0  21.710  14.170  -3.350  10.92  300.49  61.55  935.93  -1.79  83.45  3.07
63999.0  21.770  14.170  -3.050  10.91  300.52  61.31  936.17  -0.28  92.57  4.79
64000.0  21.720  14.180  -3.060  10.92  300.48  61.53  936.12  1.22  86.06  3.96
64001.0  21.770  14.190  -3.310  10.93  300.55  61.39  935.97  0.41  90.51  3.10
64002.0  21.750  14.190  -3.390  10.93  300.51  61.50  936.10  -0.13  92.32  3.16
64003.0  21.870  14.210  -3.330  10.94  300.63  61.08  936.21  -0.26  128.49  2.01
64004.0  21.810  14.240  -3.320  10.96  300.58  61.43  936.04  -0.50  130.07  2.91
64005.0  21.730  14.250  -3.090  10.97  300.47  61.80  936.31  0.03  119.69  3.25
64006.0  21.570  14.240  -3.240  10.97  300.32  62.38  936.23  0.83  68.99  2.48
64007.0  21.730  14.250  -3.240  10.97  300.49  61.78  936.12  -0.23  60.43  2.44
64008.0  21.770  14.250  -3.480  10.97  300.52  61.65  936.17  -0.23  80.95  3.30
64009.0  21.870  14.230  -2.860  10.96  300.65  61.16  935.93  -0.15  108.46  3.46
64010.0  21.770  14.190  -2.250  10.93  300.55  61.41  935.87  0.53  136.71  1.46
64011.0  21.650  14.180  -2.020  10.92  300.43  61.82  935.92  -0.87  127.70  1.03
64012.0  21.700  14.170  -2.520  10.92  300.47  61.58  936.10  0.29  112.40  2.23
64013.0  21.630  14.170  -2.790  10.91  300.39  61.86  936.07  1.37  93.99  3.03
64014.0  21.680  14.160  -2.780  10.91  300.46  61.64  935.84  1.56  95.95  2.61
64015.0  21.730  14.170  -2.730  10.91  300.52  61.45  935.84  1.36  103.10  2.88
64016.0  21.660  14.170  -2.940  10.92  300.45  61.75  935.72  2.25  100.98  3.18
64017.0  21.770  14.170  -2.820  10.92  300.58  61.30  935.56  1.76  111.78  3.20
64018.0  21.650  14.180  -2.960  10.93  300.47  61.82  935.47  0.80  97.67  3.66
64019.0  21.670  14.190  -2.810  10.93  300.49  61.78  935.47  0.61  102.74  2.60
64020.0  21.700  14.190  -2.800  10.94  300.52  61.65  935.48  0.99  108.98  2.77
64021.0  21.760  14.180  -1.900  10.93  300.59  61.37  935.37  0.60  127.68  2.48
64022.0  21.580  14.190  -1.790  10.94  300.39  62.14  935.52  1.23  109.02  1.17
64023.0  21.620  14.200  -2.290  10.94  300.42  61.99  935.65  1.90  111.84  1.17
64024.0  21.700  14.210  -1.700  10.95  300.52  61.75  935.48  2.93  122.26  2.13
64025.0  21.550  14.250  -1.310  10.98  300.37  62.50  935.39  1.81  92.17  3.85
64026.0  21.580  14.300  -2.080  11.02  300.42  62.55  935.30  0.98  85.67  3.57
64027.0  21.590  14.320  -2.560  11.03  300.43  62.59  935.31  0.96  92.94  3.51
64028.0  21.630  14.290  -2.430  11.01  300.44  62.35  935.53  1.25  89.11  3.90
64029.0  21.630  14.270  -2.480  10.99  300.45  62.24  935.53  2.07  78.00  3.01
64030.0  21.760  14.260  -3.450  10.99  300.58  61.71  935.50  1.93  106.72  3.26
64031.0  21.960  14.250  -2.060  10.98  300.78  60.90  935.54  2.46  153.13  3.91
64032.0  21.840  14.250  -1.880  10.97  300.65  61.35  935.55  2.05  132.31  4.20
64033.0  21.770  14.270  -1.960  10.99  300.59  61.71  935.53  1.68  112.36  2.93
64034.0  21.680  14.280  -2.210  11.00  300.50  62.10  935.50  0.59  82.39  4.30
64035.0  21.760  14.290  -3.500  11.00  300.56  61.83  935.65  -1.54  93.79  3.25
64036.0  21.780  14.260  -4.000  10.98  300.55  61.62  936.00  -2.06  106.15  2.92
64037.0  21.770  14.210  -4.710  10.94  300.52  61.44  936.28  -1.98  111.94  3.23
64038.0  21.830  14.140  -4.310  10.89  300.56  60.97  936.50  -0.61  134.71  2.25
64039.0  21.720  14.100  -4.030  10.86  300.44  61.22  936.52  -0.12  101.00  2.08
64040.0  21.740  14.070  -4.030  10.84  300.47  61.03  936.43  -0.52  27.02  1.40
64041.0  21.850  14.030  -4.120  10.80  300.56  60.44  936.61  0.95  49.35  1.17
64042.0  21.950  13.970  -4.150  10.76  300.69  59.80  936.43  1.60  142.72  0.44
64043.0  21.830  13.940  -3.950  10.75  300.57  60.17  936.35  1.33  88.98  1.68
64044.0  21.830  13.960  -3.660  10.76  300.58  60.22  936.33  0.65  77.44  1.51
64045.0  21.740  13.970  -3.400  10.77  300.48  60.65  936.29  0.48  70.04  1.73
64046.0  21.720  13.990  -2.940  10.78  300.45  60.78  936.39  1.02  65.14  3.30
64047.0  21.870  14.010  -2.620  10.80  300.63  60.26  936.16  1.43  74.46  1.57
64048.0  21.760  14.050  -2.760  10.82  300.52  60.85  936.06  0.66  71.32  1.35
64049.0  21.670  14.070  -2.910  10.84  300.44  61.26  936.04  -0.15  63.83  1.91
64050.0  21.620  14.060  -2.760  10.83  300.39  61.44  936.00  -0.19  90.52  2.48
64051.0  21.540  14.040  -3.310  10.83  300.32  61.68  935.92  -0.52  91.31  2.50
64052.0  21.560  14.060  -3.460  10.84  300.35  61.65  935.81  -0.48  94.42  2.77
64053.0  21.510  14.090  -3.390  10.86  300.30  61.96  935.76  -0.84  96.17  1.93
64054.0  21.560  14.140  -3.450  10.89  300.33  62.01  936.01  -1.50  114.61  2.42
64055.0  21.530  14.180  -3.490  10.92  300.29  62.29  936.06  -1.71  105.24  2.99
64056.0  21.530  14.190  -3.310  10.93  300.27  62.36  936.26  -1.13  87.92  1.16
64057.0  21.580  14.240  -3.270  10.96  300.32  62.31  936.32  -0.17  103.43  1.22
64058.0  21.530  14.280  -3.190  10.99  300.28  62.68  936.24  -0.22  64.90  2.65
64059.0  21.600  14.320  -2.940  11.02  300.35  62.60  936.18  -0.04  76.44  1.43
64060.0  21.670  14.370  -2.910  11.06  300.40  62.54  936.37  2.05  89.42  2.48
64061.0  21.720  14.420  -2.450  11.09  300.48  62.51  936.14  1.57  102.96  3.59
64062.0  21.730  14.460  -2.010  11.13  300.51  62.66  935.96  0.81  118.36  1.52
64063.0  21.540  14.490  -2.080  11.15  300.32  63.54  935.89  0.34  91.00  2.74
64064.0  21.570  14.470  -2.180  11.14  300.35  63.35  935.79  -0.01  65.32  1.49
64065.0  21.590  14.420  -1.820  11.10  300.38  63.02  935.82  -0.58  44.88  1.09
64066.0  21.680  14.410  -1.990  11.09  300.46  62.64  935.83  -0.60  101.40  1.15
64067.0  21.640  14.420  -2.060  11.10  300.40  62.84  936.08  -0.75  106.74  1.78
64068.0  21.600  14.430  -2.310  11.10  300.36  63.03  936.10  -0.29  108.02  2.34
64069.0  21.590  14.430  -3.460  11.10  300.34  63.08  936.16  -1.13  121.22  2.29
64070.0  21.650  14.420  -4.400  11.10  300.40  62.82  936.20  -0.36  117.10  1.63
64071.0  21.610  14.420  -4.440  11.09  300.37  62.97  936.11  -1.13  104.63  2.02
64072.0  21.670  14.370  -3.550  11.06  300.43  62.53  936.11  -1.33  117.83  2.73
64073.0  21.640  14.350  -4.070  11.04  300.39  62.57  936.24  -1.48  106.32  2.71
64074.0  21.720  14.360  -5.460  11.05  300.50  62.26  935.95  -1.97  97.52  3.49
64075.0  21.810  14.300  -5.060  11.01  300.60  61.71  935.73  -1.64  108.54  3.14
64076.0  21.770  14.210  -3.960  10.95  300.62  61.44  935.22  -1.60  109.17  3.46
64077.0  21.650  14.080  -4.210  10.86  300.52  61.39  934.98  -0.52  106.90  2.62
64078.0  21.650  13.970  -3.930  10.79  300.55  60.97  934.57  0.28  133.23  1.78
64079.0  21.600  13.900  -3.830  10.74  300.55  60.85  934.13  0.56  130.33  2.11
64080.0  21.630  13.850  -2.950  10.71  300.62  60.53  933.64  0.80  130.90  3.02
64081.0  21.560  13.820  -2.360  10.70  300.59  60.73  933.10  1.75  116.57  2.27
64082.0  21.500  13.800  -2.200  10.69  300.58  60.86  932.62  2.73  124.96  0.99
64083.0  21.550  13.770  -2.310  10.68  300.66  60.55  932.27  2.38  113.34  2.77
64084.0  21.560  13.770  -2.440  10.68  300.70  60.51  931.94  3.39  109.88  2.29
64085.0  21.540  13.790  -2.760  10.69  300.70  60.65  931.78  2.40  143.98  1.44
64086.0  21.530  13.790  -3.360  10.70  300.73  60.68  931.29  -0.62  128.26  1.85
