flight/WP3D/AircraftMet_NP3_20130705_RA.ict
43  1001
Ken Aikin
NOAA ESRL Chemical Sciences Division
various aircraft sensors
SENEX 2013
1  1
2013  07  05  2013  07  05
1
AOCTimewave
10
1  1  1  1  1  1  1  1  1  1
-9999  -9999  -9999  -9999  -9999  -9999  -9999  -9999  -9999  -9999
AmbTemp  C
DewPtTemp  C
DewPtTempTDL  C
H2Omr  g/kg
PotTemp  K
RelHumidity  pct
StaticPrs  mbar
VertWindSpd  m/s
WindDir  deg
WindSpd  m/s
1
SPECIAL COMMENTS:St. Louis  power plants.
18
PI_CONTACT_INFO: Address: NOAA ESRL Chemical Sciences Division  Mail Stop R/CSD7  325 Broadway  Boulder  CO 80305
PLATFORM: NOAA WP-3D
LOCATION: The aircraft was stationed in  Smyrna  Tennessee. Aircraft location information in AircraftPosition file.
ASSOCIATED_DATA: N/A
INSTRUMENT_INFO: N/A
DATA_INFO: Units:AmbTemp celcius; DewPtTemp celcius; DewPtTempTDL celcius; H2Omr g/kg; PotTemp kelvin; RelHumidity percent; StaticPrs millibar; VertWindSpd m/s; WindDir degrees; WindSpd m/s
UNCERTAINTY: N/A
ULOD_FLAG: -7777
ULOD_VALUE: N/A
LLOD_FLAG: -8888
LLOD_VALUE: N/A
DM_CONTACT_INFO: Data Manager:Ken Aikin; email:Kenneth.C.Aikin@noaa.gov
PROJECT_INFO: SENEX 2013 Study; June 1 - July 15  2013
STIPULATIONS_ON_USE: Use of these data require prior ok from PI.
OTHER_COMMENTS:       None
REVISION: RA
RA: Preliminary Data.  For in-field use.
AOCTimewave  AmbTemp  DewPtTemp  DewPtTempTDL  H2Omr  PotTemp  RelHumidity  StaticPrs  VertWindSpd  WindDir  WindSpd
[from data line 1374]
54934.0  2.840  -7.500  -13.430  3.35  311.99  46.20  650.95  -0.02  214.90  9.59
54935.0  2.860  -7.480  -13.520  3.35  312.00  46.25  651.00  -0.05  214.67  9.57
54936.0  2.850  -7.480  -13.550  3.35  311.98  46.29  651.04  -0.15  214.63  9.56
54937.0  2.870  -7.460  -13.500  3.36  312.01  46.25  651.09  -0.28  214.22  9.52
54938.0  2.860  -7.490  -13.300  3.35  312.00  46.21  651.04  -0.35  213.68  9.47
54939.0  2.860  -7.510  -13.260  3.34  312.00  46.12  651.04  -0.37  213.62  9.47
54940.0  2.860  -7.540  -13.330  3.34  312.01  46.02  650.98  -0.33  213.51  9.43
54941.0  2.850  -7.560  -13.380  3.33  311.99  45.97  650.99  -0.37  213.79  9.48
54942.0  2.860  -7.560  -13.520  3.33  312.01  45.93  650.98  -0.38  213.54  9.47
54943.0  2.860  -7.560  -13.770  3.33  312.01  45.92  650.97  -0.32  213.94  9.57
54944.0  2.860  -7.540  -14.640  3.34  312.00  46.05  650.98  -0.10  214.33  9.71
54945.0  2.910  -7.560  -15.250  3.33  312.04  45.79  651.18  0.12  213.97  9.79
54946.0  2.910  -7.640  -15.400  3.31  312.04  45.49  651.18  0.08  214.05  9.78
54947.0  2.910  -7.830  -15.190  3.26  312.04  44.84  651.15  0.03  214.01  9.73
54948.0  2.920  -8.070  -14.990  3.20  312.05  43.97  651.21  0.05  213.88  9.70
54949.0  2.930  -8.310  -14.790  3.14  312.08  43.13  651.07  0.01  213.80  9.65
54950.0  2.960  -8.480  -14.760  3.10  312.11  42.48  651.06  -0.01  213.03  9.55
54951.0  2.980  -8.570  -15.080  3.08  312.14  42.10  651.04  0.01  212.75  9.57
54952.0  3.020  -8.580  -15.780  3.08  312.18  41.96  651.07  -0.03  212.35  9.61
54953.0  3.020  -8.600  -15.710  3.07  312.18  41.85  651.08  -0.02  212.15  9.61
54954.0  3.020  -8.710  -15.430  3.04  312.17  41.53  651.14  -0.10  212.16  9.63
54955.0  3.020  -8.870  -15.460  3.01  312.17  41.00  651.21  -0.19  212.03  9.64
54956.0  3.030  -9.070  -15.680  2.96  312.18  40.32  651.17  -0.10  211.96  9.67
54957.0  3.060  -9.290  -15.890  2.91  312.21  39.54  651.20  0.03  211.63  9.66
54958.0  3.110  -9.510  -17.780  2.86  312.28  38.74  651.10  -0.02  211.63  9.65
54959.0  3.170  -9.690  -19.050  2.82  312.35  38.01  651.11  -0.03  211.69  9.64
54960.0  3.180  -9.910  -19.520  2.77  312.35  37.35  651.15  0.04  211.68  9.61
54961.0  3.190  -10.150  -19.010  2.72  312.35  36.62  651.20  0.16  211.87  9.63
54962.0  3.240  -10.370  -22.640  2.67  312.42  35.86  651.12  0.28  212.03  9.62
54963.0  3.240  -10.630  -23.670  2.61  312.42  35.11  651.15  0.38  211.87  9.56
54964.0  3.230  -10.890  -21.290  2.56  312.42  34.42  651.09  0.41  211.86  9.53
54965.0  3.200  -11.230  -19.820  2.49  312.39  33.57  651.03  0.31  211.92  9.51
54966.0  3.240  -11.630  -22.110  2.41  312.45  32.40  651.00  0.32  212.17  9.47
54967.0  3.270  -12.180  -24.400  2.31  312.48  30.95  650.99  0.37  212.04  9.45
54968.0  3.290  -12.800  -24.620  2.20  312.50  29.39  651.01  0.36  212.30  9.47
54969.0  3.300  -13.450  -24.590  2.08  312.50  27.86  651.11  0.27  212.12  9.50
54970.0  3.290  -14.030  -24.670  1.99  312.49  26.60  651.05  0.20  211.66  9.47
54971.0  3.240  -14.690  -24.580  1.88  312.44  25.26  651.08  0.11  211.51  9.47
54972.0  3.200  -15.340  -24.380  1.78  312.40  24.01  651.06  0.10  211.21  9.50
54973.0  3.180  -16.010  -24.450  1.69  312.37  22.74  651.08  0.10  211.04  9.56
54974.0  3.140  -16.730  -21.730  1.59  312.34  21.46  651.03  0.16  210.72  9.61
54975.0  3.100  -17.480  -19.480  1.49  312.28  20.21  651.08  0.26  210.73  9.66
54976.0  3.060  -18.200  -18.410  1.40  312.23  19.08  651.14  0.27  210.53  9.70
54977.0  3.030  -18.930  -17.220  1.32  312.19  17.98  651.16  0.32  210.73  9.75
54978.0  2.970  -19.620  -15.950  1.24  312.12  17.01  651.18  0.19  210.58  9.77
54979.0  2.930  -20.260  -15.400  1.17  312.10  16.13  651.10  0.09  210.64  9.71
54980.0  2.920  -20.830  -15.920  1.12  312.10  15.37  651.00  0.14  210.44  9.75
54981.0  2.900  -21.260  -15.310  1.08  312.08  14.82  650.99  0.12  210.63  9.81
54982.0  2.880  -21.590  -14.690  1.05  312.06  14.42  650.95  0.05  210.25  9.77
54983.0  2.890  -21.790  -14.750  1.03  312.07  14.17  650.90  0.09  210.21  9.75
54984.0  2.900  -21.830  -14.880  1.02  312.08  14.10  650.95  0.08  209.81  9.77
54985.0  2.920  -21.740  -15.090  1.03  312.08  14.20  651.07  0.09  209.50  9.76
54986.0  2.910  -21.480  -15.470  1.06  312.08  14.53  651.03  0.10  209.57  9.77
54987.0  2.930  -21.110  -15.830  1.09  312.09  14.99  651.07  0.08  209.20  9.76
54988.0  2.950  -20.570  -16.430  1.14  312.11  15.69  651.08  0.07  209.05  9.76
54989.0  2.940  -19.910  -15.900  1.21  312.09  16.61  651.20  0.07  209.03  9.76
54990.0  2.980  -19.150  -16.350  1.29  312.13  17.69  651.20  0.18  208.68  9.76
54991.0  3.020  -18.230  -17.040  1.40  312.17  19.08  651.26  0.25  208.40  9.70
54992.0  2.990  -17.200  -17.550  1.53  312.15  20.86  651.17  0.09  208.37  9.72
54993.0  2.990  -16.030  -16.880  1.68  312.14  23.03  651.19  0.07  208.49  9.73
54994.0  2.970  -14.720  -16.460  1.88  312.12  25.70  651.16  0.02  208.71  9.76
54995.0  2.990  -13.340  -16.300  2.10  312.15  28.73  651.11  -0.14  208.66  9.76
54996.0  3.000  -11.990  -16.310  2.35  312.16  32.04  651.09  -0.20  208.88  9.82
54997.0  2.980  -10.640  -15.250  2.61  312.13  35.74  651.13  -0.20  208.84  9.82
54998.0  2.970  -9.420  -15.050  2.88  312.11  39.42  651.18  -0.20  208.96  9.80
54999.0  2.970  -8.350  -15.080  3.13  312.10  42.88  651.22  -0.16  208.82  9.81
55000.0  3.010  -7.430  -15.770  3.36  312.15  45.92  651.15  -0.20  208.85  9.81
55001.0  3.060  -6.650  -17.250  3.57  312.21  48.60  651.13  -0.12  209.12  9.83
55002.0  3.100  -6.070  -17.710  3.74  312.25  50.66  651.19  -0.12  208.80  9.84
55003.0  3.100  -5.600  -16.810  3.87  312.26  52.54  651.10  -0.15  208.73  9.88
55004.0  3.070  -5.320  -16.260  3.96  312.23  53.79  651.09  -0.13  208.71  9.90
55005.0  3.070  -5.170  -16.430  4.00  312.21  54.40  651.19  -0.16  208.44  9.93
55006.0  3.080  -5.160  -16.780  4.00  312.21  54.40  651.29  -0.27  208.05  9.91
55007.0  3.120  -5.310  -17.140  3.96  312.24  53.64  651.33  -0.32  208.05  9.92
55008.0  3.160  -5.600  -18.040  3.87  312.31  52.29  651.23  -0.38  207.69  9.91
55009.0  3.170  -6.060  -18.430  3.74  312.33  50.47  651.15  -0.40  207.56  9.92
55010.0  3.190  -6.650  -18.510  3.57  312.36  48.14  651.12  -0.37  207.61  9.94
55011.0  3.160  -7.350  -17.730  3.38  312.33  45.71  651.11  -0.38  207.43  9.94
55012.0  3.150  -8.090  -17.600  3.20  312.33  43.20  651.04  -0.28  207.44  9.91
55013.0  3.140  -8.890  -17.370  3.00  312.34  40.57  650.94  -0.19  207.33  9.89
55014.0  3.130  -9.650  -17.170  2.83  312.33  38.25  650.91  -0.23  207.32  9.91
55015.0  3.150  -10.310  -17.250  2.68  312.33  36.26  651.04  -0.21  207.27  9.94
55016.0  3.130  -10.860  -17.360  2.57  312.31  34.76  651.06  -0.04  207.24  9.97
55017.0  3.110  -11.280  -17.340  2.48  312.28  33.64  651.14  0.03  207.06  9.98
55018.0  3.120  -11.640  -17.340  2.41  312.29  32.66  651.14  0.02  206.91  9.98
55019.0  3.130  -11.940  -17.160  2.35  312.30  31.87  651.09  -0.02  206.60  9.98
55020.0  3.140  -12.190  -17.260  2.31  312.31  31.22  651.09  -0.03  206.72  9.97
55021.0  3.130  -12.410  -17.250  2.27  312.31  30.69  651.05  -0.11  206.75  9.98
55022.0  3.130  -12.570  -17.670  2.24  312.30  30.29  651.10  -0.09  206.63  10.00
55023.0  3.120  -12.710  -17.830  2.21  312.30  29.94  651.12  -0.16  206.69  10.02
55024.0  3.140  -12.820  -17.670  2.19  312.32  29.66  651.07  -0.35  206.75  9.99
55025.0  3.150  -12.900  -17.580  2.18  312.34  29.43  651.06  -0.31  206.45  9.97
55026.0  3.150  -12.960  -17.690  2.17  312.33  29.31  651.07  -0.32  206.49  9.97
55027.0  3.150  -12.960  -19.240  2.17  312.33  29.29  651.14  -0.30  206.93  10.03
55028.0  3.200  -12.890  -23.010  2.18  312.38  29.36  651.18  -0.12  207.49  10.06
55029.0  3.200  -12.810  -24.620  2.19  312.39  29.54  651.11  -0.04  207.74  10.13
55030.0  3.220  -12.800  -24.530  2.20  312.41  29.52  651.14  -0.01  207.36  10.15
55031.0  3.240  -12.900  -24.530  2.18  312.42  29.25  651.17  0.01  207.33  10.17
55032.0  3.240  -13.110  -24.640  2.14  312.42  28.75  651.20  -0.08  207.32  10.16
55033.0  3.260  -13.390  -24.640  2.09  312.44  28.06  651.19  -0.16  207.23  10.15
55034.0  3.260  -13.730  -24.730  2.04  312.44  27.29  651.20  -0.13  207.00  10.17
55035.0  3.270  -14.160  -24.740  1.97  312.46  26.34  651.16  -0.12  206.92  10.20
55036.0  3.290  -14.620  -24.770  1.89  312.49  25.32  651.14  -0.04  206.74  10.19
55037.0  3.310  -15.080  -24.700  1.82  312.51  24.35  651.10  0.02  206.91  10.15
55038.0  3.300  -15.580  -24.670  1.75  312.50  23.37  651.10  -0.01  207.00  10.12
55039.0  3.310  -16.110  -24.680  1.67  312.51  22.34  651.17  0.01  206.75  10.15
55040.0  3.300  -16.650  -24.620  1.60  312.51  21.37  651.11  0.04  206.39  10.19
55041.0  3.250  -17.160  -24.690  1.53  312.45  20.55  651.07  0.10  206.81  10.30
55042.0  3.200  -17.770  -24.680  1.45  312.39  19.60  651.12  0.13  206.99  10.34
55043.0  3.160  -18.390  -24.620  1.38  312.35  18.63  651.12  0.11  207.32  10.38
55044.0  3.150  -19.090  -24.670  1.30  312.34  17.57  651.10  -0.04  207.69  10.38
55045.0  3.130  -19.730  -24.780  1.23  312.32  16.65  651.11  -0.25  207.79  10.41
55046.0  3.090  -20.370  -24.660  1.16  312.28  15.79  651.05  -0.29  207.66  10.50
55047.0  3.070  -20.970  -24.430  1.11  312.25  15.03  651.11  -0.24  207.34  10.55
55048.0  3.030  -21.480  -24.300  1.06  312.21  14.42  651.05  -0.24  206.94  10.54
55049.0  3.010  -21.910  -24.430  1.02  312.19  13.89  651.07  -0.18  206.85  10.49
55050.0  3.040  -22.210  -24.550  0.99  312.22  13.50  651.04  -0.37  206.82  10.37
55051.0  3.070  -22.400  -24.620  0.97  312.25  13.24  651.15  -0.31  206.83  10.35
55052.0  3.080  -22.520  -24.720  0.96  312.25  13.10  651.18  -0.19  207.54  10.32
55053.0  3.140  -22.520  -24.810  0.96  312.33  13.04  651.11  -0.21  208.11  10.30
55054.0  3.170  -22.500  -24.890  0.97  312.37  13.04  651.06  -0.32  207.89  10.25
55055.0  3.210  -22.370  -24.950  0.98  312.41  13.15  651.09  -0.47  207.93  10.22
55056.0  3.200  -22.260  -24.920  0.99  312.38  13.29  651.17  -0.49  208.11  10.26
55057.0  3.190  -22.150  -24.800  1.00  312.38  13.42  651.16  -0.37  207.80  10.27
55058.0  3.180  -22.050  -24.770  1.01  312.37  13.57  651.12  -0.25  207.65  10.27
55059.0  3.170  -21.970  -24.710  1.01  312.37  13.67  651.02  -0.21  207.70  10.29
55060.0  3.190  -21.860  -24.830  1.02  312.39  13.78  651.07  -0.18  207.24  10.26
55061.0  3.200  -21.750  -24.810  1.03  312.40  13.91  651.03  -0.13  207.20  10.24
55062.0  3.230  -21.620  -24.780  1.04  312.44  14.03  651.06  -0.15  207.02  10.15
55063.0  3.250  -21.530  -24.810  1.05  312.45  14.12  651.12  -0.10  206.98  10.07
55064.0  3.240  -21.530  -24.940  1.05  312.44  14.14  651.12  -0.08  206.74  10.02
55065.0  3.260  -21.600  -24.900  1.05  312.45  14.03  651.14  -0.16  206.45  9.98
55066.0  3.280  -21.750  -24.960  1.03  312.49  13.82  651.09  -0.22  206.24  9.97
55067.0  3.300  -21.990  -24.890  1.01  312.50  13.52  651.13  -0.23  206.17  10.00
55068.0  3.280  -22.280  -24.830  0.99  312.49  13.19  651.10  -0.22  206.01  10.05
55069.0  3.250  -22.620  -24.930  0.96  312.46  12.83  651.07  -0.21  205.63  10.05
55070.0  3.220  -22.910  -24.970  0.93  312.43  12.52  651.08  -0.27  205.87  10.11
55071.0  3.230  -23.230  -24.860  0.91  312.43  12.17  651.10  -0.32  205.75  10.12
55072.0  3.250  -23.460  -24.830  0.89  312.45  11.91  651.10  -0.36  205.71  10.10
55073.0  3.270  -23.620  -24.900  0.87  312.48  11.72  651.08  -0.46  205.00  10.05
55074.0  3.260  -23.760  -24.760  0.86  312.48  11.59  651.05  -0.38  204.74  10.01
55075.0  3.290  -23.830  -24.960  0.86  312.50  11.49  651.09  -0.33  204.27  9.89
55076.0  3.310  -23.860  -24.970  0.86  312.53  11.44  651.09  -0.26  204.41  9.87
55077.0  3.370  -23.840  -24.920  0.86  312.58  11.42  651.15  -0.13  203.74  9.85
55078.0  3.380  -23.840  -25.010  0.86  312.58  11.41  651.24  -0.02  203.49  9.80
55079.0  3.380  -23.820  -24.970  0.86  312.58  11.43  651.19  0.03  203.64  9.78
55080.0  3.380  -23.790  -25.090  0.86  312.59  11.45  651.19  0.07  203.96  9.81
55081.0  3.400  -23.770  -25.010  0.86  312.62  11.46  651.14  0.07  204.01  9.83
55082.0  3.430  -23.740  -25.030  0.87  312.64  11.47  651.23  0.04  204.10  9.81
55083.0  3.410  -23.720  -25.100  0.87  312.62  11.50  651.21  0.15  204.19  9.80
55084.0  3.420  -23.740  -25.050  0.87  312.64  11.47  651.21  0.18  203.78  9.75
55085.0  3.420  -23.810  -24.900  0.86  312.63  11.40  651.23  0.21  203.46  9.75
55086.0  3.400  -23.890  -25.060  0.85  312.61  11.34  651.21  0.33  203.72  9.78
55087.0  3.410  -24.020  -25.150  0.84  312.63  11.20  651.14  0.36  203.26  9.72
55088.0  3.400  -24.210  -24.990  0.83  312.64  11.02  651.05  0.26  203.25  9.73
55089.0  3.400  -24.420  -25.110  0.81  312.63  10.82  651.07  0.19  203.01  9.72
55090.0  3.390  -24.650  -25.030  0.80  312.61  10.60  651.08  0.19  202.86  9.71
55091.0  3.420  -24.880  -25.020  0.78  312.65  10.36  651.07  0.17  202.58  9.71
55092.0  3.420  -25.150  -25.130  0.76  312.63  10.11  651.21  0.14  202.42  9.72
55093.0  3.410  -25.380  -25.040  0.75  312.63  9.91  651.14  0.13  202.67  9.74
55094.0  3.420  -25.620  -25.130  0.73  312.63  9.69  651.19  0.11  202.63  9.79
55095.0  3.440  -25.800  -25.190  0.72  312.65  9.52  651.20  0.09  202.45  9.81
55096.0  3.450  -25.960  -25.150  0.71  312.67  9.37  651.20  0.14  202.26  9.78
55097.0  3.470  -26.100  -25.080  0.70  312.68  9.25  651.22  0.11  202.27  9.76
55098.0  3.430  -26.180  -25.110  0.69  312.64  9.20  651.23  0.17  202.20  9.75
55099.0  3.430  -26.280  -25.170  0.69  312.64  9.12  651.20  0.40  202.65  9.77
55100.0  3.440  -26.340  -25.200  0.68  312.66  9.06  651.18  0.53  202.95  9.79
55101.0  3.460  -26.330  -25.180  0.69  312.68  9.06  651.15  0.39  203.09  9.73
55102.0  3.470  -26.350  -25.190  0.68  312.69  9.03  651.24  0.19  203.17  9.68
55103.0  3.450  -26.350  -25.120  0.68  312.67  9.05  651.17  0.22  203.01  9.63
55104.0  3.470  -26.330  -25.170  0.69  312.69  9.05  651.20  0.33  202.76  9.56
55105.0  3.460  -26.320  -25.100  0.69  312.70  9.06  651.10  0.26  203.22  9.56
55106.0  3.480  -26.300  -25.170  0.69  312.71  9.06  651.14  0.16  203.01  9.56
55107.0  3.490  -26.280  -25.120  0.69  312.71  9.08  651.23  0.08  203.18  9.53
55108.0  3.490  -26.270  -25.080  0.69  312.72  9.08  651.16  -0.03  202.90  9.51
55109.0  3.480  -26.250  -25.210  0.69  312.71  9.11  651.18  0.02  202.93  9.53
55110.0  3.480  -26.250  -25.120  0.69  312.69  9.11  651.25  0.14  202.55  9.51
55111.0  3.510  -26.220  -25.160  0.69  312.74  9.11  651.22  0.11  202.32  9.53
55112.0  3.510  -26.220  -25.100  0.69  312.74  9.11  651.15  0.01  202.50  9.52
55113.0  3.510  -26.230  -25.110  0.69  312.75  9.11  651.11  -0.06  202.31  9.50
55114.0  3.490  -26.200  -25.270  0.69  312.73  9.14  651.08  -0.03  202.17  9.51
55115.0  3.500  -26.200  -25.210  0.69  312.73  9.14  651.12  0.12  202.53  9.55
55116.0  3.520  -26.200  -25.080  0.69  312.76  9.13  651.09  0.14  202.55  9.53
55117.0  3.530  -26.170  -25.080  0.70  312.76  9.14  651.17  0.08  202.97  9.55
55118.0  3.510  -26.170  -25.000  0.70  312.73  9.16  651.24  0.08  203.06  9.62
55119.0  3.490  -26.170  -25.150  0.70  312.71  9.18  651.23  0.09  203.33  9.64
55120.0  3.490  -26.150  -25.100  0.70  312.71  9.19  651.26  0.04  203.31  9.67
55121.0  3.500  -26.120  -25.220  0.70  312.72  9.20  651.25  0.07  203.54  9.70
55122.0  3.510  -26.090  -25.150  0.70  312.73  9.22  651.27  0.10  203.63  9.71
55123.0  3.540  -26.070  -25.140  0.70  312.76  9.22  651.29  -0.05  203.75  9.72
55124.0  3.540  -26.040  -25.110  0.70  312.76  9.25  651.22  -0.16  203.78  9.72
55125.0  3.520  -26.010  -25.090  0.71  312.75  9.28  651.15  -0.13  203.98  9.70
55126.0  3.520  -25.990  -25.080  0.71  312.75  9.30  651.16  -0.08  204.24  9.72
