flight/WP3D/AircraftMis_NP3_20130706_RA.ict
41  1001
Ken Aikin
NOAA ESRL Chemical Sciences Division
various aircraft sensors
SENEX 2013
1  1
2013  07  06  2013  07  06
1
AOCTimewave
8
1  1  1  1  1  1  1  1
-9999  -9999  -9999  -9999  -9999  -9999  -9999  -9999
Attack  deg
CabinPrs  mbar
GndSpd  m/s
Heading  deg
Pitch  deg
Roll  deg
Slip  deg
TrueAirSpd  m/s
1
SPECIAL COMMENTS:PA shale flight.
18
PI_CONTACT_INFO: Address: NOAA ESRL Chemical Sciences Division  Mail Stop R/CSD7  325 Broadway  Boulder  CO 80305
PLATFORM: NOAA WP-3D
LOCATION: The aircraft was stationed in  Smyrna  Tennessee. Aircraft location information in AircraftPosition file.
ASSOCIATED_DATA: N/A
INSTRUMENT_INFO: N/A
DATA_INFO: Units: Attack degrees; CabinPrs millibar; GndSpd m/s; Heading degrees; Pitch degrees; Roll degrees; Slip degrees; TrueAirSpd m/s
UNCERTAINTY: N/A
ULOD_FLAG: -7777
ULOD_VALUE: N/A
LLOD_FLAG: -8888
LLOD_VALUE: N/A
DM_CONTACT_INFO: Data Manager:Ken Aikin; email:Kenneth.C.Aikin@noaa.gov
PROJECT_INFO: SENEX 2013 Study; June 1 - July 15  2013
STIPULATIONS_ON_USE: Use of these data require prior ok from PI.
OTHER_COMMENTS:       None
REVISION: RA
RA: Preliminary Data.  For in-field use.
AOCTimewave  Attack  CabinPrs  GndSpd  Heading  Pitch  Roll  Slip  TrueAirSpd
[from data line 24393]
75952.0  0.2  924.8  134.2  224.5  -0.68  -0.93  -0.36  139.2
75953.0  0.3  924.9  134.5  224.4  -0.61  -0.38  -0.31  139.5
75954.0  0.3  924.8  134.8  224.4  -0.68  -0.55  -0.37  139.9
75955.0  0.5  925.1  135.1  224.4  -0.40  -0.59  -0.37  140.1
75956.0  0.4  925.1  135.3  224.4  -0.20  -0.22  -0.35  140.4
75957.0  0.5  924.8  135.5  224.4  0.11  -0.20  -0.39  140.6
75958.0  0.3  925.3  135.7  224.5  0.05  -0.29  -0.42  140.8
75959.0  0.3  925.9  135.8  224.4  0.08  -1.12  -0.41  141.0
75960.0  0.2  925.8  136.0  224.4  0.02  -1.27  -0.40  141.2
75961.0  0.2  925.5  136.1  224.3  -0.13  -0.53  -0.32  141.5
75962.0  0.2  925.7  136.3  224.3  -0.12  -0.90  -0.39  141.6
75963.0  0.1  925.9  136.5  224.2  -0.27  -1.16  -0.41  141.8
75964.0  0.2  926.1  136.7  224.1  -0.14  -0.81  -0.39  142.0
75965.0  0.3  926.3  136.8  224.0  0.13  -1.43  -0.44  142.2
75966.0  0.2  926.0  136.9  223.9  0.16  -1.79  -0.40  142.4
75967.0  0.1  926.2  137.0  223.7  0.05  -1.36  -0.29  142.5
75968.0  0.1  926.2  137.2  223.7  -0.14  -0.74  -0.27  142.8
75969.0  0.1  926.1  137.3  223.7  -0.28  -1.20  -0.34  143.2
75970.0  0.1  926.5  137.5  223.6  -0.25  -1.32  -0.34  143.4
75971.0  0.2  926.8  137.6  223.5  -0.23  -0.69  -0.30  143.7
75972.0  0.2  926.8  137.8  223.5  -0.07  -0.49  -0.33  143.8
75973.0  0.2  926.5  137.9  223.5  0.02  -0.48  -0.37  143.9
75974.0  0.1  926.9  138.0  223.5  0.00  -0.30  -0.33  144.0
75975.0  0.1  926.8  138.1  223.5  -0.07  0.27  -0.34  144.2
75976.0  0.1  926.8  138.2  223.5  -0.07  0.86  -0.29  144.4
75977.0  0.2  926.8  138.2  223.6  0.11  0.94  -0.34  144.5
75978.0  0.1  927.2  138.3  223.8  0.05  0.46  -0.41  144.6
75979.0  0.0  927.4  138.3  223.8  -0.09  -0.43  -0.41  144.7
75980.0  0.0  927.4  138.4  223.7  -0.19  -0.64  -0.35  144.9
75981.0  0.1  927.5  138.5  223.7  -0.14  -0.68  -0.35  145.0
75982.0  0.0  927.4  138.5  223.7  -0.25  -0.54  -0.38  145.2
75983.0  0.1  927.5  138.6  223.7  -0.24  -0.49  -0.33  145.2
75984.0  0.1  927.4  138.7  223.7  -0.18  -0.51  -0.40  145.3
75985.0  0.0  927.3  138.8  223.6  -0.24  -0.50  -0.34  145.4
75986.0  0.1  927.5  138.8  223.6  -0.20  0.08  -0.33  145.4
75987.0  0.1  927.7  138.9  223.7  -0.16  1.15  -0.29  145.3
75988.0  0.1  927.6  139.0  223.8  -0.18  1.25  -0.33  145.3
75989.0  0.1  927.8  139.0  224.0  -0.18  1.08  -0.37  145.3
75990.0  0.1  927.9  139.1  224.1  -0.16  0.85  -0.40  145.4
75991.0  0.1  928.2  139.2  224.2  -0.12  0.63  -0.45  145.5
75992.0  0.1  928.0  139.2  224.2  -0.04  0.48  -0.38  145.6
75993.0  0.0  927.9  139.2  224.3  -0.06  0.38  -0.41  145.6
75994.0  0.1  928.4  139.3  224.3  -0.06  0.42  -0.36  145.6
75995.0  0.1  928.4  139.3  224.3  -0.03  0.28  -0.35  145.6
75996.0  0.1  928.3  139.3  224.4  -0.03  0.16  -0.41  145.6
75997.0  0.1  928.3  139.4  224.4  0.01  -0.93  -0.42  145.7
75998.0  -0.0  928.4  139.4  224.3  -0.16  -1.48  -0.39  145.7
75999.0  -0.2  928.6  139.4  224.2  -0.65  -1.72  -0.31  145.7
76000.0  -0.3  928.1  139.4  224.1  -1.21  -1.88  -0.31  145.7
76001.0  -0.2  928.5  139.3  224.0  -1.66  -2.00  -0.36  145.7
76002.0  -0.4  928.9  139.1  223.9  -2.38  -1.67  -0.33  145.6
76003.0  -0.2  928.9  138.9  223.9  -2.82  -1.50  -0.37  145.5
76004.0  -0.0  928.7  138.8  223.9  -2.88  -1.03  -0.40  145.4
76005.0  0.1  928.8  138.7  223.9  -2.74  -1.05  -0.42  145.3
76006.0  0.2  929.3  138.6  223.9  -2.62  -0.82  -0.40  145.2
76007.0  0.2  929.3  138.5  224.0  -2.38  0.49  -0.39  145.0
76008.0  0.2  929.3  138.3  224.1  -2.40  1.58  -0.41  144.8
76009.0  0.2  929.3  138.1  224.4  -2.35  2.46  -0.51  144.5
76010.0  0.2  929.4  138.0  224.6  -2.20  2.41  -0.52  144.2
76011.0  0.2  929.7  137.7  224.8  -2.17  2.35  -0.56  143.9
76012.0  0.3  929.6  137.5  225.0  -1.95  1.60  -0.51  143.7
76013.0  0.2  929.8  137.3  225.1  -2.01  1.09  -0.52  143.4
76014.0  0.2  929.9  137.0  225.2  -1.92  1.16  -0.45  143.1
76015.0  0.2  929.9  136.8  225.3  -2.00  0.77  -0.48  142.8
76016.0  0.2  930.1  136.6  225.5  -1.96  -0.43  -0.54  142.6
76017.0  0.2  929.9  136.3  225.4  -1.95  -0.32  -0.49  142.3
76018.0  0.3  930.0  136.1  225.4  -1.96  -0.45  -0.44  142.0
76019.0  0.2  930.2  135.9  225.5  -2.08  -0.45  -0.46  141.8
76020.0  0.2  930.3  135.7  225.5  -2.14  -0.14  -0.42  141.6
76021.0  0.2  930.2  135.5  225.6  -2.21  -0.16  -0.43  141.4
76022.0  0.3  930.2  135.3  225.7  -2.11  -0.22  -0.45  141.2
76023.0  0.3  930.8  135.1  225.7  -2.04  -0.42  -0.47  141.0
76024.0  0.4  930.8  134.9  225.8  -2.00  -0.44  -0.46  140.7
76025.0  0.3  930.6  134.7  225.8  -2.04  -0.55  -0.49  140.6
76026.0  0.4  930.7  134.6  225.8  -1.91  -0.19  -0.45  140.3
76027.0  0.3  930.7  134.4  225.9  -2.02  0.88  -0.42  140.2
76028.0  0.4  930.7  134.2  226.0  -1.92  1.22  -0.44  140.0
76029.0  0.4  930.7  134.0  226.2  -1.92  1.66  -0.46  139.8
76030.0  0.5  931.2  133.9  226.4  -1.74  1.85  -0.47  139.6
76031.0  0.4  930.8  133.7  226.6  -1.75  1.55  -0.52  139.4
76032.0  0.4  931.0  133.5  226.8  -1.63  0.77  -0.54  139.2
76033.0  0.4  930.9  133.2  226.8  -1.69  0.97  -0.48  139.0
76034.0  0.4  931.4  133.0  226.9  -1.75  1.43  -0.41  138.8
76035.0  0.4  931.4  132.9  227.1  -1.82  0.87  -0.49  138.7
76036.0  0.3  931.3  132.7  227.2  -1.97  0.63  -0.48  138.4
76037.0  0.5  931.2  132.5  227.3  -1.78  0.91  -0.45  138.2
76038.0  0.7  931.5  132.3  227.4  -1.33  -0.20  -0.50  137.9
76039.0  0.4  931.5  132.1  227.4  -1.54  -0.15  -0.48  137.6
76040.0  0.5  931.6  131.9  227.4  -1.44  -0.13  -0.40  137.4
76041.0  0.3  931.5  131.7  227.5  -1.63  -0.46  -0.44  137.2
76042.0  0.4  932.1  131.5  227.5  -1.64  -0.47  -0.44  136.9
76043.0  0.5  932.0  131.3  227.5  -1.57  -1.29  -0.49  136.7
76044.0  0.3  931.8  131.1  227.5  -1.80  -1.37  -0.45  136.4
76045.0  0.3  932.3  131.0  227.4  -2.07  -0.88  -0.36  136.3
76046.0  0.4  931.8  130.9  227.4  -2.12  -0.64  -0.41  136.2
76047.0  0.3  931.8  130.8  227.4  -2.45  -0.41  -0.40  136.2
76048.0  0.4  932.0  130.7  227.4  -2.53  -0.58  -0.42  136.0
76049.0  0.5  932.3  130.7  227.5  -2.56  -0.33  -0.40  136.1
76050.0  0.5  932.5  130.7  227.5  -2.56  -0.42  -0.40  136.0
76051.0  0.6  932.3  130.7  227.6  -2.38  -1.26  -0.47  136.0
76052.0  0.6  932.1  130.7  227.5  -2.27  -1.16  -0.45  136.0
76053.0  0.7  932.6  130.6  227.5  -2.04  -1.66  -0.49  136.1
76054.0  0.6  932.7  130.5  227.4  -1.96  -2.21  -0.49  136.0
76055.0  0.4  932.9  130.4  227.2  -2.17  -2.34  -0.45  135.9
76056.0  0.3  932.6  130.4  227.1  -2.42  -2.07  -0.41  135.8
76057.0  0.4  932.6  130.3  227.0  -2.54  -1.56  -0.36  135.8
76058.0  0.4  932.9  130.3  226.9  -2.68  -1.38  -0.36  135.7
76059.0  0.4  932.8  130.3  226.9  -2.73  -1.50  -0.39  135.8
76060.0  0.4  933.4  130.3  226.9  -2.77  -1.20  -0.43  135.7
76061.0  0.4  933.3  130.3  226.8  -2.82  -0.63  -0.39  135.8
76062.0  0.5  933.1  130.4  226.8  -2.70  -0.88  -0.39  135.8
76063.0  0.3  933.1  130.4  226.8  -2.96  -0.91  -0.41  135.9
76064.0  0.4  933.4  130.4  226.8  -3.01  -1.09  -0.35  135.9
76065.0  0.5  933.5  130.5  226.8  -2.88  -1.12  -0.40  136.0
76066.0  0.5  933.6  130.5  226.8  -2.72  -0.68  -0.47  136.0
76067.0  0.6  933.5  130.5  226.8  -2.57  -0.15  -0.43  135.9
76068.0  0.5  933.8  130.5  226.8  -2.48  0.35  -0.38  135.7
76069.0  0.5  933.9  130.5  226.9  -2.45  0.17  -0.40  135.3
76070.0  0.5  933.5  130.5  227.0  -2.38  -0.23  -0.45  135.1
76071.0  0.4  933.8  130.5  227.0  -2.57  -0.09  -0.41  134.9
76072.0  0.5  934.0  130.5  227.0  -2.62  0.40  -0.27  134.5
76073.0  0.5  933.9  130.5  227.2  -2.65  0.68  -0.34  134.3
76074.0  0.5  934.1  130.6  227.4  -2.77  0.61  -0.36  134.1
76075.0  0.6  934.3  130.6  227.5  -2.66  0.63  -0.39  134.2
76076.0  0.6  934.4  130.7  227.6  -2.58  0.69  -0.41  134.1
76077.0  0.6  934.2  130.7  227.8  -2.50  0.37  -0.41  134.0
76078.0  0.5  934.1  130.7  227.9  -2.49  0.42  -0.39  133.8
76079.0  0.4  934.2  130.7  227.9  -2.72  0.14  -0.38  133.9
76080.0  0.4  934.5  130.8  228.0  -2.94  0.31  -0.44  134.1
76081.0  0.4  934.6  130.8  228.1  -3.00  0.25  -0.46  134.4
76082.0  0.4  934.6  130.9  228.1  -3.06  -0.41  -0.41  134.5
76083.0  0.2  934.8  131.0  228.1  -3.49  -0.45  -0.39  134.8
76084.0  0.4  935.1  131.1  228.1  -3.47  -0.46  -0.42  135.0
76085.0  0.5  934.9  131.3  228.1  -3.38  -0.25  -0.50  135.2
76086.0  0.4  934.8  131.4  228.1  -3.57  0.25  -0.45  135.6
76087.0  0.5  935.3  131.5  228.1  -3.40  0.33  -0.44  135.9
76088.0  0.5  935.4  131.7  228.1  -3.28  0.28  -0.40  136.1
76089.0  0.4  934.8  131.8  228.2  -3.33  0.37  -0.42  136.3
76090.0  0.4  935.6  131.9  228.2  -3.35  -0.97  -0.45  136.5
76091.0  0.3  935.2  132.0  228.1  -3.48  -2.20  -0.44  136.7
76092.0  0.4  935.0  132.1  227.9  -3.37  -2.59  -0.32  136.9
76093.0  0.3  935.6  132.2  227.8  -3.32  -2.67  -0.34  137.1
76094.0  0.3  935.6  132.3  227.6  -3.36  -3.29  -0.35  137.2
76095.0  0.5  935.4  132.4  227.5  -3.01  -2.22  -0.32  137.3
76096.0  0.3  935.2  132.5  227.4  -3.01  -2.29  -0.31  137.2
76097.0  0.2  935.7  132.5  227.3  -3.13  -2.49  -0.36  137.5
76098.0  0.3  935.8  132.5  227.1  -2.99  -2.27  -0.35  137.5
76099.0  0.4  935.8  132.6  227.1  -2.74  -1.50  -0.18  137.4
76100.0  0.4  936.0  132.6  227.1  -2.51  -1.76  -0.31  137.3
76101.0  0.5  936.2  132.5  227.1  -2.28  -0.85  -0.25  137.3
76102.0  0.5  936.1  132.5  227.2  -2.06  -0.81  -0.35  137.2
76103.0  0.3  936.2  132.4  227.2  -2.20  -1.29  -0.43  137.1
76104.0  0.3  936.2  132.3  227.1  -2.31  -1.57  -0.43  137.0
76105.0  0.3  936.5  132.2  227.0  -2.28  -1.26  -0.38  136.9
76106.0  0.3  936.6  132.1  226.9  -2.32  -1.62  -0.36  136.8
76107.0  0.4  936.6  132.1  226.9  -2.20  -1.59  -0.40  136.7
76108.0  0.5  936.5  132.0  226.8  -2.01  -1.18  -0.35  136.6
76109.0  0.4  936.6  131.9  226.7  -2.02  -1.41  -0.36  136.4
76110.0  0.4  936.5  131.8  226.7  -1.95  -1.15  -0.36  136.3
76111.0  0.3  936.7  131.7  226.6  -1.95  -1.99  -0.41  136.0
76112.0  0.4  937.0  131.6  226.5  -1.85  -2.64  -0.40  135.7
76113.0  0.4  936.7  131.4  226.4  -1.72  -2.44  -0.36  135.4
76114.0  0.3  936.9  131.3  226.2  -1.89  -2.36  -0.34  135.2
76115.0  0.3  937.1  131.2  226.1  -1.94  -3.03  -0.39  135.2
76116.0  0.5  937.3  131.0  225.9  -1.72  -3.37  -0.35  135.1
76117.0  0.4  937.3  130.9  225.7  -1.70  -3.09  -0.35  135.2
76118.0  0.3  937.2  130.8  225.6  -1.88  -2.32  -0.33  135.1
76119.0  0.2  937.2  130.6  225.5  -2.24  -1.95  -0.30  135.0
76120.0  0.4  937.0  130.5  225.4  -2.15  -1.62  -0.36  134.8
76121.0  0.3  937.4  130.3  225.4  -2.31  -1.67  -0.43  134.6
76122.0  0.3  937.9  130.2  225.3  -2.53  -1.66  -0.38  134.4
76123.0  0.2  937.6  130.2  225.2  -2.78  -1.01  -0.41  134.3
76124.0  0.3  937.6  130.1  225.1  -2.85  -0.41  -0.33  134.0
76125.0  0.3  937.6  130.1  225.2  -3.10  -0.64  -0.40  133.9
76126.0  0.3  937.6  130.1  225.2  -3.27  -0.13  -0.32  134.2
76127.0  0.3  937.9  130.2  225.2  -3.34  -0.07  -0.38  134.2
76128.0  0.4  937.6  130.3  225.3  -3.27  -0.36  -0.42  134.0
76129.0  0.5  938.3  130.3  225.3  -3.07  -0.43  -0.42  133.8
76130.0  0.5  938.1  130.4  225.3  -3.02  -0.38  -0.39  133.6
76131.0  0.5  938.4  130.4  225.3  -2.99  -0.37  -0.38  133.8
76132.0  0.6  938.3  130.5  225.4  -2.82  -0.43  -0.38  133.8
76133.0  0.4  938.3  130.5  225.4  -2.93  -0.48  -0.36  133.8
76134.0  0.4  938.4  130.5  225.4  -2.98  -0.50  -0.35  133.9
76135.0  0.4  938.4  130.5  225.4  -2.93  -0.53  -0.34  134.0
76136.0  0.4  938.7  130.5  225.4  -2.85  -0.60  -0.38  133.8
76137.0  0.2  938.8  130.4  225.4  -2.77  -0.56  -0.40  133.7
76138.0  0.1  938.7  130.3  225.3  -2.76  -0.61  -0.26  133.3
76139.0  -0.2  939.0  130.2  225.3  -2.84  -0.65  -0.22  133.0
76140.0  -0.3  938.7  130.0  225.2  -2.85  -1.25  -0.27  132.7
76141.0  -0.4  938.7  129.7  225.2  -2.67  -1.75  -0.28  132.4
76142.0  -0.5  939.0  129.4  225.0  -2.64  -1.68  -0.26  132.0
76143.0  -0.5  939.2  129.1  224.8  -2.67  -1.12  -0.22  131.8
76144.0  -0.6  939.0  128.8  224.7  -2.81  -1.47  -0.20  131.7
76145.0  -0.7  939.1  128.5  224.7  -3.04  -1.29  -0.23  131.3
76146.0  -0.8  939.2  128.2  224.6  -3.25  -1.09  -0.24  131.0
76147.0  -0.7  939.4  127.9  224.5  -3.17  -0.90  -0.24  130.8
76148.0  -0.7  939.7  127.7  224.4  -3.18  -1.42  -0.19  130.5
76149.0  -0.7  939.7  127.4  224.4  -3.21  -1.12  -0.21  130.4
76150.0  -0.6  939.5  127.1  224.4  -3.15  -0.87  -0.31  130.0
76151.0  -0.6  939.6  126.7  224.3  -3.12  -0.70  -0.33  129.6
76152.0  -0.6  939.7  126.4  224.2  -2.96  -1.18  -0.23  129.2
76153.0  -0.6  939.7  126.0  224.1  -2.94  -0.78  -0.20  128.8
76154.0  -0.6  939.6  125.6  224.0  -2.90  -0.41  -0.04  128.3
76155.0  -0.6  940.0  125.2  224.1  -2.92  -0.98  -0.19  127.8
76156.0  -0.6  940.1  124.9  224.1  -3.12  -1.22  -0.15  127.4
76157.0  -0.6  940.1  124.5  224.1  -3.20  -1.67  -0.23  127.3
76158.0  -0.5  940.2  124.2  224.0  -3.08  -1.85  -0.40  127.1
76159.0  -0.4  940.2  123.8  223.7  -2.90  -2.31  -0.31  126.9
76160.0  -0.4  940.0  123.5  223.5  -2.83  -1.61  -0.26  126.7
76161.0  -0.5  940.2  123.1  223.4  -2.84  -1.74  -0.33  126.3
76162.0  -0.6  940.4  122.8  223.3  -3.01  -1.44  -0.39  126.0
76163.0  -0.5  940.1  122.4  223.0  -3.06  -1.74  -0.30  125.6
76164.0  -0.6  940.4  122.1  222.9  -3.27  -1.88  -0.34  125.3
76165.0  -0.5  940.5  121.8  222.7  -3.24  -1.23  -0.11  125.0
76166.0  -0.4  940.5  121.5  222.7  -3.16  -2.14  -0.19  124.7
76167.0  -0.3  941.2  121.2  222.6  -2.96  -1.88  -0.21  124.6
76168.0  -0.2  941.0  120.9  222.4  -2.67  -2.00  -0.18  124.2
76169.0  -0.3  941.0  120.6  222.3  -2.56  -2.35  -0.22  123.7
76170.0  -0.3  940.6  120.2  222.2  -2.43  -1.67  -0.18  123.3
76171.0  -0.4  940.8  119.8  222.1  -2.71  -2.25  -0.21  122.7
76172.0  -0.4  941.1  119.5  222.0  -2.85  -2.39  -0.25  122.4
76173.0  -0.4  941.1  119.2  221.8  -3.07  -1.31  -0.23  122.2
76174.0  -0.3  941.3  118.9  221.8  -2.98  -0.01  -0.16  122.2
76175.0  -0.3  941.3  118.7  221.9  -2.91  0.08  -0.21  121.8
76176.0  -0.1  941.1  118.4  221.9  -2.65  -0.22  -0.31  121.5
76177.0  -0.2  941.4  118.1  221.9  -2.63  -0.37  -0.29  121.2
76178.0  -0.3  941.6  117.8  222.0  -2.76  -0.20  -0.32  120.8
76179.0  -0.3  941.5  117.5  221.9  -3.01  -0.08  -0.31  120.7
76180.0  -0.2  941.4  117.3  221.9  -3.04  -0.17  -0.15  120.4
76181.0  -0.1  941.2  117.1  222.0  -2.96  -0.27  -0.25  120.0
76182.0  -0.2  941.8  116.9  222.1  -3.14  -0.09  -0.19  119.7
76183.0  -0.2  941.8  116.7  222.2  -3.01  -0.22  -0.26  119.5
76184.0  -0.1  941.8  116.5  222.2  -3.09  -0.37  -0.22  119.2
76185.0  -0.1  941.6  116.3  222.3  -2.98  -0.03  -0.34  118.9
76186.0  0.1  942.0  116.1  222.3  -2.54  0.12  -0.28  118.9
76187.0  -0.1  941.5  115.8  222.4  -2.47  -0.01  -0.34  118.9
76188.0  0.2  941.9  115.7  222.4  -1.99  0.42  -0.34  118.4
76189.0  0.2  942.1  115.6  222.4  -1.78  0.43  -0.21  117.9
76190.0  0.2  941.6  115.4  222.5  -1.46  0.69  -0.25  117.8
76191.0  0.0  941.6  115.3  222.7  -1.27  0.61  -0.27  117.6
76192.0  0.0  942.0  115.3  222.8  -1.19  0.45  -0.34  117.4
76193.0  -0.2  942.6  115.2  222.7  -1.44  0.37  -0.18  117.2
76194.0  -0.2  942.0  115.2  222.8  -1.58  0.12  -0.22  117.2
76195.0  -0.4  941.9  115.3  222.8  -2.08  0.44  -0.21  117.5
76196.0  -0.3  942.7  115.4  222.8  -2.20  0.42  -0.25  117.7
76197.0  -0.0  942.6  115.5  222.9  -1.92  0.36  -0.28  117.9
76198.0  0.1  942.2  115.6  222.9  -1.53  0.39  -0.22  118.0
76199.0  0.0  941.9  115.7  222.9  -1.28  0.94  -0.32  118.0
76200.0  0.0  942.1  115.7  222.9  -1.08  1.66  -0.18  117.8
76201.0  -0.1  942.3  115.7  223.1  -1.16  1.62  -0.22  117.8
76202.0  -0.2  942.4  115.8  223.2  -1.15  1.28  -0.16  117.7
76203.0  0.1  942.0  115.8  223.3  -0.74  0.10  -0.04  117.4
76204.0  0.0  943.0  115.8  223.4  -0.48  -0.30  -0.38  117.6
76205.0  -0.0  942.9  115.9  223.3  -0.35  0.11  -0.18  117.6
76206.0  -0.2  942.7  115.9  223.3  -0.39  0.41  -0.23  117.8
76207.0  -0.2  943.0  115.9  223.3  -0.34  0.08  -0.17  117.6
76208.0  -0.2  942.7  115.9  223.3  -0.45  -0.08  -0.21  117.6
