flight/WP3D/AircraftMet_NP3_20130623_RA.ict
43  1001
Ken Aikin
NOAA ESRL Chemical Sciences Division
various aircraft sensors
SENEX 2013
1  1
2013  06  23  2013  06  23
1
AOCTimewave
10
1  1  1  1  1  1  1  1  1  1
-9999  -9999  -9999  -9999  -9999  -9999  -9999  -9999  -9999  -9999
AmbTemp  C
DewPtTemp  C
DewPtTempTDL  C
H2Omr  g/kg
PotTemp  K
RelHumidity  pct
StaticPrs  mbar
VertWindSpd  m/s
WindDir  deg
WindSpd  m/s
1
SPECIAL COMMENTS:Indianapolis and Nashville PP.
18
PI_CONTACT_INFO: Address: NOAA ESRL Chemical Sciences Division  Mail Stop R/CSD7  325 Broadway  Boulder  CO 80305
PLATFORM: NOAA WP-3D
LOCATION: The aircraft was stationed in  Smyrna  Tennessee. Aircraft location information in AircraftPosition file.
ASSOCIATED_DATA: N/A
INSTRUMENT_INFO: N/A
DATA_INFO: Units:AmbTemp celcius; DewPtTemp celcius; DewPtTempTDL celcius; H2Omr g/kg; PotTemp kelvin; RelHumidity percent; StaticPrs millibar; VertWindSpd m/s; WindDir degrees; WindSpd m/s
UNCERTAINTY: N/A
ULOD_FLAG: -7777
ULOD_VALUE: N/A
LLOD_FLAG: -8888
LLOD_VALUE: N/A
DM_CONTACT_INFO: Data Manager:Ken Aikin; email:Kenneth.C.Aikin@noaa.gov
PROJECT_INFO: SENEX 2013 Study; June 1 - July 15  2013
STIPULATIONS_ON_USE: Use of these data require prior ok from PI.
OTHER_COMMENTS:       None
REVISION: RA
RA: Preliminary Data.  For in-field use.
AOCTimewave  AmbTemp  DewPtTemp  DewPtTempTDL  H2Omr  PotTemp  RelHumidity  StaticPrs  VertWindSpd  WindDir  WindSpd
[from data line 16620]
71123.0  24.160  16.850  1.810  12.88  302.15  62.91  945.04  -1.02  199.08  3.40
71124.0  24.230  16.830  1.850  12.86  302.22  62.54  945.01  -0.05  190.49  3.41
71125.0  24.280  16.800  1.960  12.84  302.27  62.28  945.04  0.71  210.25  2.22
71126.0  24.150  16.800  1.890  12.84  302.15  62.76  944.80  -1.15  233.91  3.43
71127.0  24.180  16.810  1.690  12.84  302.20  62.66  944.76  -0.46  226.58  3.60
71128.0  24.250  16.820  2.020  12.86  302.25  62.45  944.93  -0.97  229.06  3.47
71129.0  24.270  16.890  1.850  12.91  302.28  62.64  944.80  -1.18  228.44  3.22
71130.0  24.380  16.960  1.880  12.97  302.40  62.51  944.71  -0.53  239.16  2.23
71131.0  24.280  17.010  1.920  13.02  302.30  63.10  944.64  -0.73  229.08  2.62
71132.0  24.220  17.040  1.760  13.04  302.24  63.46  944.75  -1.53  219.60  2.69
71133.0  24.180  17.070  1.670  13.06  302.18  63.76  944.84  -1.61  213.69  3.01
71134.0  24.110  17.070  1.660  13.07  302.13  64.02  944.69  -1.18  219.55  3.50
71135.0  24.200  17.060  1.780  13.06  302.21  63.65  944.74  -1.37  224.75  3.35
71136.0  24.190  17.060  1.740  13.06  302.20  63.70  944.74  -1.41  225.92  3.45
71137.0  24.220  17.080  1.720  13.07  302.22  63.63  944.91  -1.25  224.99  3.31
71138.0  24.210  17.100  1.840  13.09  302.20  63.75  945.04  -1.31  222.88  3.33
71139.0  24.240  17.110  1.640  13.10  302.23  63.68  945.02  -1.86  222.78  3.16
71140.0  24.210  17.120  1.480  13.10  302.19  63.81  945.10  -2.05  218.90  3.37
71141.0  24.270  17.080  1.510  13.07  302.24  63.43  945.28  -1.73  228.30  3.12
71142.0  24.270  17.020  1.510  13.02  302.24  63.18  945.30  -1.71  217.18  2.97
71143.0  24.260  16.980  1.520  12.99  302.24  63.06  945.19  -1.26  210.04  3.07
71144.0  24.280  16.960  1.320  12.97  302.26  62.91  945.22  -1.45  204.18  3.30
71145.0  24.280  16.940  1.370  12.95  302.25  62.83  945.25  -1.28  204.98  3.39
71146.0  24.310  16.880  1.410  12.90  302.29  62.44  945.12  -1.56  213.13  2.65
71147.0  24.300  16.820  1.520  12.85  302.29  62.26  945.06  -1.43  218.76  2.26
71148.0  24.300  16.780  1.530  12.82  302.27  62.12  945.20  -1.43  202.36  1.69
71149.0  24.220  16.770  1.590  12.81  302.18  62.36  945.30  -1.63  206.46  2.15
71150.0  24.190  16.760  1.540  12.79  302.14  62.43  945.41  -2.12  214.62  2.74
71151.0  24.220  16.730  1.680  12.78  302.18  62.21  945.41  -1.85  213.91  2.78
71152.0  24.250  16.720  1.780  12.76  302.21  62.03  945.35  -1.55  218.63  2.67
71153.0  24.250  16.710  1.780  12.76  302.22  62.04  945.24  -1.17  220.28  3.15
71154.0  24.180  16.710  1.730  12.76  302.16  62.30  945.11  -0.09  217.54  3.80
71155.0  24.240  16.710  1.760  12.76  302.22  62.03  945.16  0.39  225.35  3.66
71156.0  24.360  16.710  1.670  12.76  302.36  61.59  944.88  -0.36  233.81  2.47
71157.0  24.280  16.730  1.610  12.78  302.29  61.99  944.76  -1.11  214.67  2.43
71158.0  24.220  16.740  1.590  12.79  302.24  62.24  944.67  -1.61  229.51  2.53
71159.0  24.260  16.750  1.440  12.80  302.28  62.13  944.76  -2.26  231.70  2.29
71160.0  24.250  16.760  1.420  12.81  302.26  62.21  944.75  -1.83  216.32  2.40
71161.0  24.280  16.750  1.530  12.80  302.31  62.05  944.66  -1.47  208.84  1.90
71162.0  24.230  16.770  1.450  12.81  302.25  62.31  944.72  -1.38  226.87  1.99
71163.0  24.240  16.770  1.380  12.82  302.25  62.31  944.71  -1.43  229.63  2.09
71164.0  24.180  16.750  1.450  12.80  302.18  62.46  944.85  -1.25  220.91  2.79
71165.0  24.180  16.740  1.490  12.79  302.18  62.38  944.90  -1.34  224.62  3.35
71166.0  24.250  16.740  1.450  12.79  302.25  62.12  944.88  -1.54  215.56  3.26
71167.0  24.280  16.730  1.360  12.78  302.28  61.96  944.87  -1.80  209.20  2.86
71168.0  24.300  16.700  1.490  12.76  302.30  61.80  944.89  -1.26  203.05  2.51
71169.0  24.310  16.680  1.570  12.74  302.31  61.67  944.91  -1.48  190.41  2.31
71170.0  24.300  16.660  1.580  12.72  302.29  61.62  945.00  -1.11  192.98  2.09
71171.0  24.260  16.650  1.570  12.71  302.25  61.74  945.00  -1.69  202.82  2.23
71172.0  24.270  16.630  1.320  12.70  302.26  61.61  945.04  -1.93  207.68  2.16
71173.0  24.240  16.610  1.470  12.68  302.21  61.63  945.27  -1.69  229.01  1.78
71174.0  24.230  16.600  1.570  12.67  302.19  61.64  945.30  -1.99  198.41  2.23
71175.0  24.220  16.590  1.490  12.66  302.18  61.65  945.34  -2.08  193.32  2.43
71176.0  24.290  16.590  1.500  12.66  302.25  61.38  945.33  -2.18  198.97  1.74
71177.0  24.280  16.590  1.490  12.66  302.24  61.44  945.29  -1.94  192.09  1.85
71178.0  24.220  16.580  1.560  12.65  302.19  61.59  945.28  -1.76  199.69  2.20
71179.0  24.220  16.580  1.640  12.65  302.18  61.59  945.36  -1.42  199.86  2.48
71180.0  24.250  16.610  1.720  12.68  302.21  61.61  945.32  -1.52  213.88  2.31
71181.0  24.280  16.630  1.970  12.69  302.25  61.59  945.24  -1.42  218.19  2.32
71182.0  24.310  16.650  1.940  12.71  302.29  61.56  945.16  -1.34  232.23  2.02
71183.0  24.360  16.680  2.070  12.74  302.33  61.50  945.21  0.47  248.83  1.67
71184.0  24.390  16.740  2.070  12.79  302.38  61.60  945.01  0.51  257.58  0.75
71185.0  24.390  16.800  2.090  12.84  302.40  61.81  944.89  0.80  139.08  0.91
71186.0  24.220  16.830  2.100  12.87  302.23  62.63  944.79  0.92  209.44  1.38
71187.0  24.230  16.880  2.100  12.91  302.26  62.79  944.56  -0.38  197.49  1.98
71188.0  24.260  16.930  1.670  12.95  302.29  62.86  944.62  -1.42  209.81  1.17
71189.0  24.240  16.960  1.540  12.97  302.26  63.06  944.67  -1.84  186.97  1.19
71190.0  24.210  16.950  1.590  12.96  302.22  63.13  944.83  -1.37  174.05  1.68
71191.0  24.250  16.930  1.590  12.95  302.26  62.92  944.76  -1.26  165.09  2.16
71192.0  24.190  16.930  1.600  12.95  302.18  63.13  944.99  -0.65  172.87  2.13
71193.0  24.190  16.940  1.730  12.95  302.17  63.19  945.10  -0.36  177.63  1.83
71194.0  24.210  16.980  1.750  12.99  302.20  63.25  945.02  -0.65  177.29  1.90
71195.0  24.150  17.010  1.730  13.01  302.13  63.64  945.02  -1.16  201.20  1.90
71196.0  24.200  17.020  1.690  13.02  302.17  63.48  945.16  -1.09  205.96  2.38
71197.0  24.230  17.020  1.720  13.02  302.21  63.34  945.14  -0.96  199.50  2.03
71198.0  24.270  16.990  1.620  12.99  302.25  63.05  945.14  -1.19  197.02  1.97
71199.0  24.290  16.970  1.570  12.98  302.29  62.90  944.95  -1.32  200.92  1.65
71200.0  24.290  16.930  1.550  12.95  302.28  62.76  944.95  -1.25  185.50  2.10
71201.0  24.280  16.880  1.960  12.90  302.25  62.61  945.19  -0.92  193.09  1.98
71202.0  24.300  16.870  2.070  12.89  302.27  62.48  945.20  -0.77  180.39  1.42
71203.0  24.280  16.880  2.200  12.90  302.25  62.60  945.17  -0.60  230.99  0.97
71204.0  24.250  16.890  2.330  12.91  302.25  62.72  944.99  1.02  239.62  1.84
71205.0  24.350  16.920  2.520  12.94  302.39  62.47  944.49  1.33  216.86  1.47
71206.0  24.370  17.000  2.380  13.02  302.47  62.74  943.84  1.10  171.42  1.58
71207.0  24.360  17.060  2.440  13.08  302.52  63.01  943.22  0.70  213.64  0.38
71208.0  24.270  17.120  2.360  13.14  302.48  63.61  942.55  -1.57  193.82  0.39
71209.0  24.140  17.180  1.850  13.20  302.37  64.36  942.35  -0.77  227.72  0.64
71210.0  24.100  17.190  1.860  13.21  302.35  64.57  942.15  -0.52  250.75  0.80
71211.0  24.110  17.170  1.850  13.18  302.35  64.42  942.29  0.68  142.99  0.14
71212.0  23.980  17.170  1.910  13.19  302.21  64.97  942.33  0.39  164.17  1.99
71213.0  24.070  17.180  1.920  13.19  302.29  64.63  942.49  0.01  168.00  1.17
71214.0  24.130  17.180  2.060  13.19  302.33  64.41  942.71  -0.11  138.32  1.43
71215.0  24.170  17.190  2.120  13.20  302.36  64.30  942.85  0.92  131.43  2.58
71216.0  24.210  17.230  2.270  13.23  302.38  64.29  943.00  1.26  93.28  1.65
71217.0  24.130  17.280  2.210  13.27  302.31  64.82  942.96  0.39  356.49  0.29
71218.0  24.080  17.310  2.270  13.29  302.24  65.13  943.07  0.32  168.70  0.97
71219.0  24.180  17.290  2.280  13.28  302.34  64.66  943.11  0.83  125.22  1.04
71220.0  24.140  17.260  2.300  13.25  302.32  64.66  942.98  1.25  155.09  1.46
71221.0  24.140  17.240  2.260  13.24  302.31  64.63  942.98  2.00  216.70  1.27
71222.0  24.250  17.240  2.350  13.24  302.43  64.18  942.89  1.45  250.19  1.59
71223.0  24.190  17.220  1.950  13.22  302.38  64.35  942.75  0.89  231.02  2.34
71224.0  24.250  17.210  2.020  13.22  302.46  64.06  942.63  -1.22  226.85  2.58
71225.0  24.290  17.150  1.710  13.16  302.49  63.64  942.81  -0.86  215.51  2.06
71226.0  24.250  17.090  1.560  13.11  302.44  63.59  942.80  -0.85  216.30  2.15
71227.0  24.170  17.060  1.610  13.08  302.34  63.73  942.98  -1.15  225.54  2.99
71228.0  24.260  17.040  1.540  13.06  302.44  63.29  942.94  -1.32  218.80  3.08
71229.0  24.280  17.010  1.430  13.04  302.45  63.11  943.05  -1.18  218.52  3.10
71230.0  24.290  16.950  1.700  12.99  302.47  62.82  942.91  -1.05  226.23  2.85
71231.0  24.270  16.890  1.620  12.94  302.45  62.67  942.90  -1.31  224.49  2.67
71232.0  24.280  16.820  1.520  12.89  302.46  62.37  942.91  -1.53  217.00  2.72
71233.0  24.300  16.770  1.470  12.84  302.49  62.04  942.84  -1.57  218.55  2.40
71234.0  24.310  16.700  1.830  12.79  302.52  61.73  942.69  -0.86  186.69  2.52
71235.0  24.230  16.650  1.920  12.75  302.43  61.87  942.70  -1.14  179.90  3.11
71236.0  24.270  16.640  1.870  12.73  302.46  61.63  942.86  -0.84  202.33  2.35
71237.0  24.300  16.620  1.910  12.72  302.50  61.45  942.65  -0.86  188.03  2.32
71238.0  24.250  16.580  1.870  12.69  302.48  61.46  942.45  -1.21  193.29  2.01
71239.0  24.250  16.520  1.800  12.64  302.48  61.21  942.42  -1.22  192.07  1.70
71240.0  24.200  16.480  1.840  12.61  302.42  61.29  942.49  -0.22  189.02  1.96
71241.0  24.140  16.500  1.940  12.62  302.37  61.57  942.40  -1.28  199.07  2.67
71242.0  24.180  16.520  1.830  12.64  302.40  61.50  942.52  -1.22  189.68  2.83
71243.0  24.160  16.550  1.800  12.66  302.37  61.69  942.60  -1.50  198.25  2.68
71244.0  24.220  16.580  1.910  12.69  302.42  61.62  942.64  -0.56  210.30  1.87
71245.0  24.200  16.600  2.020  12.70  302.42  61.74  942.47  -1.31  194.99  1.18
71246.0  24.080  16.660  1.950  12.75  302.29  62.44  942.62  -1.71  199.13  2.18
71247.0  24.100  16.720  2.020  12.81  302.31  62.64  942.56  -1.48  209.11  2.21
71248.0  24.090  16.770  1.940  12.85  302.31  62.85  942.47  -1.96  205.32  2.12
71249.0  24.130  16.810  1.870  12.88  302.36  62.87  942.43  -1.92  201.31  2.03
71250.0  24.130  16.850  1.920  12.91  302.36  63.02  942.38  -2.17  212.17  1.85
71251.0  24.060  16.860  2.050  12.92  302.27  63.36  942.57  -1.57  220.23  2.20
71252.0  24.140  16.880  2.070  12.94  302.37  63.13  942.40  -1.07  228.70  1.90
71253.0  24.080  16.890  2.070  12.95  302.32  63.41  942.27  -1.16  236.64  2.25
71254.0  24.050  16.930  2.110  12.98  302.27  63.67  942.53  -0.72  234.62  2.67
71255.0  24.130  16.960  2.220  13.01  302.36  63.51  942.35  -1.78  228.32  2.25
71256.0  24.110  16.970  2.170  13.02  302.33  63.64  942.40  -1.88  218.46  2.14
71257.0  24.130  17.000  2.150  13.04  302.35  63.68  942.42  -1.75  221.27  1.68
71258.0  24.150  17.030  1.970  13.07  302.38  63.69  942.44  -1.55  211.59  1.71
71259.0  24.140  17.040  1.870  13.07  302.35  63.79  942.52  -1.72  210.59  1.60
71260.0  24.140  17.040  1.960  13.08  302.38  63.81  942.29  -1.99  205.84  1.60
71261.0  24.110  17.060  1.940  13.09  302.35  63.96  942.31  -1.64  204.15  1.33
71262.0  24.070  17.070  2.020  13.10  302.30  64.19  942.31  -1.57  199.77  2.12
71263.0  24.110  17.070  2.090  13.10  302.32  64.04  942.53  -2.03  196.49  1.79
71264.0  24.140  17.080  1.940  13.11  302.37  63.96  942.41  -2.05  192.55  1.50
71265.0  24.120  17.120  1.940  13.14  302.33  64.20  942.58  -1.88  173.86  1.81
71266.0  24.080  17.140  1.970  13.16  302.30  64.44  942.48  -1.32  184.62  1.74
71267.0  24.060  17.140  2.200  13.16  302.27  64.51  942.58  -0.34  196.26  2.19
71268.0  24.050  17.150  2.460  13.17  302.28  64.61  942.32  -0.76  210.57  1.99
71269.0  24.060  17.180  2.340  13.20  302.31  64.69  942.07  -0.46  187.50  2.25
71270.0  24.030  17.210  2.380  13.22  302.29  64.94  941.97  -0.80  191.36  2.79
71271.0  23.980  17.220  2.480  13.23  302.24  65.17  942.03  -0.79  216.67  2.64
71272.0  24.050  17.220  2.730  13.23  302.32  64.89  941.95  -0.54  205.17  1.91
71273.0  24.040  17.240  2.690  13.25  302.31  65.02  941.88  -1.00  196.44  1.89
71274.0  24.100  17.240  2.580  13.25  302.37  64.76  941.94  -1.11  221.76  1.48
71275.0  24.090  17.220  2.320  13.23  302.36  64.71  941.94  -1.19  194.43  2.03
71276.0  24.090  17.220  2.440  13.23  302.35  64.70  942.05  -1.28  219.83  1.77
71277.0  24.090  17.220  2.650  13.23  302.34  64.72  942.18  0.13  191.43  1.96
71278.0  24.060  17.230  2.850  13.24  302.32  64.87  942.02  0.57  184.48  2.02
71279.0  24.010  17.260  2.840  13.27  302.29  65.19  941.90  -0.23  215.51  1.64
71280.0  24.020  17.290  2.570  13.30  302.29  65.32  941.88  -0.38  221.62  1.84
71281.0  24.060  17.310  2.500  13.31  302.33  65.22  941.87  -0.98  240.01  1.74
71282.0  24.070  17.310  2.340  13.31  302.33  65.20  942.05  -0.25  263.49  2.75
71283.0  24.030  17.330  2.510  13.33  302.30  65.43  941.93  1.09  239.99  3.32
71284.0  24.110  17.320  2.770  13.32  302.40  65.06  941.75  1.58  222.71  2.39
71285.0  24.080  17.320  2.510  13.33  302.37  65.22  941.68  1.64  216.87  2.32
71286.0  24.080  17.350  2.370  13.35  302.37  65.34  941.72  1.23  235.51  1.93
71287.0  24.100  17.370  2.270  13.37  302.40  65.34  941.57  0.80  178.45  2.71
71288.0  23.990  17.390  2.310  13.38  302.29  65.82  941.61  1.32  180.79  3.32
71289.0  24.030  17.390  2.400  13.38  302.33  65.69  941.58  0.89  221.44  3.10
71290.0  24.100  17.400  2.180  13.39  302.41  65.43  941.55  -0.47  204.78  2.82
71291.0  24.150  17.450  1.920  13.44  302.45  65.46  941.58  -1.42  201.17  2.60
71292.0  24.170  17.480  2.070  13.46  302.45  65.50  941.75  -0.79  194.08  2.51
71293.0  24.190  17.480  2.170  13.46  302.46  65.41  941.94  -1.74  186.24  2.03
71294.0  24.180  17.480  2.030  13.46  302.45  65.46  941.99  -1.86  190.28  1.66
71295.0  24.140  17.460  2.090  13.44  302.39  65.52  942.19  -1.64  249.95  2.11
71296.0  24.160  17.420  2.010  13.40  302.39  65.30  942.31  -1.21  250.08  2.12
71297.0  24.120  17.380  2.160  13.36  302.35  65.28  942.35  -1.08  235.43  2.30
71298.0  24.230  17.380  1.940  13.36  302.46  64.81  942.37  -0.87  232.92  2.26
71299.0  24.280  17.380  2.010  13.36  302.49  64.63  942.58  -0.59  232.13  1.90
71300.0  24.270  17.320  2.130  13.31  302.48  64.41  942.69  -0.33  231.72  1.92
71301.0  24.190  17.230  2.310  13.24  302.40  64.40  942.57  -0.54  227.90  3.02
71302.0  24.200  17.140  2.530  13.16  302.41  63.97  942.62  -0.87  223.88  2.89
71303.0  24.170  17.080  2.570  13.10  302.39  63.80  942.59  -0.58  224.20  2.90
71304.0  24.140  17.040  2.790  13.07  302.36  63.76  942.50  -0.93  226.44  2.76
71305.0  24.150  17.020  2.780  13.06  302.36  63.68  942.49  -0.81  225.64  2.60
71306.0  24.140  17.000  2.730  13.04  302.36  63.59  942.47  -0.15  230.74  2.43
71307.0  24.060  16.970  2.750  13.01  302.29  63.80  942.28  0.02  214.87  2.71
71308.0  24.030  16.960  3.080  13.01  302.26  63.89  942.35  -0.16  205.95  3.01
71309.0  24.020  16.990  3.110  13.03  302.25  64.04  942.35  -0.15  214.28  2.62
71310.0  24.090  17.040  2.720  13.08  302.34  63.97  942.13  -0.48  225.80  2.27
71311.0  24.090  17.080  2.720  13.11  302.35  64.15  941.97  -0.20  224.09  2.27
71312.0  24.100  17.080  2.780  13.11  302.36  64.10  942.09  -0.13  205.89  1.92
71313.0  24.060  17.100  2.820  13.13  302.33  64.35  941.96  -0.67  179.03  1.72
71314.0  24.000  17.130  2.720  13.16  302.26  64.70  942.03  -1.61  193.95  1.88
71315.0  24.040  17.160  2.640  13.18  302.29  64.66  942.17  -1.23  191.88  2.01
71316.0  24.010  17.240  2.650  13.25  302.25  65.14  942.19  -0.98  196.54  1.98
71317.0  24.000  17.310  2.520  13.31  302.24  65.46  942.29  -0.66  205.00  2.25
