flight/WP3D/AircraftMet_NP3_20130623_RA.ict
43  1001
Ken Aikin
NOAA ESRL Chemical Sciences Division
various aircraft sensors
SENEX 2013
1  1
2013  06  23  2013  06  23
1
AOCTimewave
10
1  1  1  1  1  1  1  1  1  1
-9999  -9999  -9999  -9999  -9999  -9999  -9999  -9999  -9999  -9999
AmbTemp  C
DewPtTemp  C
DewPtTempTDL  C
H2Omr  g/kg
PotTemp  K
RelHumidity  pct
StaticPrs  mbar
VertWindSpd  m/s
WindDir  deg
WindSpd  m/s
1
SPECIAL COMMENTS:Indianapolis and Nashville PP.
18
PI_CONTACT_INFO: Address: NOAA ESRL Chemical Sciences Division  Mail Stop R/CSD7  325 Broadway  Boulder  CO 80305
PLATFORM: NOAA WP-3D
LOCATION: The aircraft was stationed in  Smyrna  Tennessee. Aircraft location information in AircraftPosition file.
ASSOCIATED_DATA: N/A
INSTRUMENT_INFO: N/A
DATA_INFO: Units:AmbTemp celcius; DewPtTemp celcius; DewPtTempTDL celcius; H2Omr g/kg; PotTemp kelvin; RelHumidity percent; StaticPrs millibar; VertWindSpd m/s; WindDir degrees; WindSpd m/s
UNCERTAINTY: N/A
ULOD_FLAG: -7777
ULOD_VALUE: N/A
LLOD_FLAG: -8888
LLOD_VALUE: N/A
DM_CONTACT_INFO: Data Manager:Ken Aikin; email:Kenneth.C.Aikin@noaa.gov
PROJECT_INFO: SENEX 2013 Study; June 1 - July 15  2013
STIPULATIONS_ON_USE: Use of these data require prior ok from PI.
OTHER_COMMENTS:       None
REVISION: RA
RA: Preliminary Data.  For in-field use.
AOCTimewave  AmbTemp  DewPtTemp  DewPtTempTDL  H2Omr  PotTemp  RelHumidity  StaticPrs  VertWindSpd  WindDir  WindSpd
[from data line 1180]
55683.0  0.310  -2.540  -7.450  4.88  309.07  80.99  651.30  -0.17  183.08  2.74
55684.0  0.340  -2.520  -7.480  4.89  309.10  80.95  651.34  -0.23  182.22  2.75
55685.0  0.310  -2.520  -7.500  4.88  309.06  81.08  651.42  -0.14  181.18  2.76
55686.0  0.340  -2.510  -7.420  4.89  309.09  80.97  651.46  -0.07  180.97  2.79
55687.0  0.320  -2.480  -7.470  4.90  309.06  81.28  651.47  -0.07  181.37  2.83
55688.0  0.340  -2.450  -7.440  4.91  309.08  81.41  651.44  -0.10  182.49  2.80
55689.0  0.320  -2.430  -7.450  4.92  309.07  81.61  651.44  0.01  182.51  2.77
55690.0  0.340  -2.430  -7.450  4.92  309.09  81.49  651.37  0.01  183.00  2.79
55691.0  0.350  -2.450  -7.470  4.91  309.09  81.35  651.44  0.04  182.66  2.88
55692.0  0.350  -2.430  -7.510  4.92  309.11  81.42  651.40  0.16  182.69  2.91
55693.0  0.340  -2.410  -7.540  4.92  309.07  81.63  651.52  0.13  182.92  2.95
55694.0  0.350  -2.410  -7.540  4.92  309.07  81.55  651.64  0.04  183.28  2.99
55695.0  0.330  -2.410  -7.510  4.92  309.06  81.66  651.59  0.05  183.40  3.00
55696.0  0.350  -2.410  -7.450  4.93  309.09  81.55  651.54  0.14  183.46  3.02
55697.0  0.340  -2.420  -7.470  4.92  309.08  81.53  651.46  0.22  183.84  3.03
55698.0  0.360  -2.440  -7.490  4.92  309.10  81.35  651.45  0.24  184.00  3.05
55699.0  0.320  -2.440  -7.500  4.92  309.05  81.57  651.52  0.20  183.18  3.04
55700.0  0.350  -2.440  -7.500  4.91  309.09  81.38  651.52  0.25  182.85  3.02
55701.0  0.320  -2.440  -7.440  4.91  309.06  81.53  651.48  0.25  183.19  3.01
55702.0  0.350  -2.440  -7.440  4.91  309.08  81.37  651.58  0.22  183.13  3.04
55703.0  0.320  -2.440  -7.460  4.92  309.06  81.56  651.51  0.10  183.38  3.01
55704.0  0.350  -2.440  -7.430  4.91  309.08  81.38  651.59  0.01  183.64  3.00
55705.0  0.340  -2.440  -7.470  4.92  309.07  81.47  651.56  0.09  184.37  3.03
55706.0  0.350  -2.430  -7.470  4.92  309.08  81.45  651.56  0.12  184.82  3.06
55707.0  0.340  -2.430  -7.490  4.92  309.07  81.53  651.52  -0.02  185.52  3.09
55708.0  0.360  -2.430  -7.440  4.92  309.10  81.39  651.52  -0.04  184.98  3.10
55709.0  0.330  -2.430  -7.380  4.92  309.06  81.54  651.58  0.00  185.20  3.11
55710.0  0.340  -2.430  -7.410  4.92  309.06  81.49  651.59  0.07  185.88  3.11
55711.0  0.340  -2.420  -7.410  4.92  309.07  81.53  651.54  0.10  186.36  3.08
55712.0  0.350  -2.410  -7.430  4.92  309.09  81.52  651.52  0.09  186.80  3.14
55713.0  0.340  -2.400  -7.400  4.93  309.09  81.63  651.42  0.00  187.63  3.10
55714.0  0.350  -2.400  -7.430  4.93  309.09  81.60  651.50  -0.06  187.06  3.08
55715.0  0.340  -2.400  -7.500  4.93  309.07  81.70  651.55  -0.24  187.07  3.05
55716.0  0.330  -2.420  -7.490  4.92  309.06  81.65  651.55  -0.33  187.20  3.01
55717.0  0.360  -2.430  -7.560  4.92  309.10  81.42  651.49  -0.27  187.71  3.01
55718.0  0.340  -2.430  -7.540  4.92  309.07  81.50  651.56  -0.17  187.24  3.07
55719.0  0.360  -2.430  -7.500  4.92  309.09  81.40  651.55  -0.09  187.42  3.01
55720.0  0.350  -2.440  -7.500  4.91  309.07  81.41  651.60  -0.08  187.46  3.07
55721.0  0.370  -2.460  -7.590  4.91  309.10  81.16  651.59  -0.10  187.75  3.10
55722.0  0.340  -2.460  -7.680  4.91  309.08  81.30  651.50  0.02  187.25  3.10
55723.0  0.360  -2.470  -7.670  4.90  309.10  81.13  651.51  0.05  187.22  3.12
55724.0  0.360  -2.490  -7.700  4.89  309.08  81.02  651.59  0.15  187.17  3.21
55725.0  0.360  -2.520  -7.640  4.88  309.09  80.83  651.53  0.24  187.68  3.23
55726.0  0.350  -2.540  -7.430  4.88  309.08  80.77  651.54  0.20  187.34  3.27
55727.0  0.340  -2.530  -7.500  4.88  309.07  80.88  651.51  0.23  187.40  3.28
55728.0  0.340  -2.530  -7.580  4.88  309.08  80.90  651.47  0.24  188.33  3.32
55729.0  0.330  -2.550  -7.450  4.87  309.07  80.83  651.49  0.17  188.46  3.35
55730.0  0.340  -2.560  -7.470  4.87  309.08  80.71  651.50  0.07  188.14  3.36
55731.0  0.340  -2.560  -7.620  4.87  309.08  80.68  651.49  0.00  187.32  3.41
55732.0  0.340  -2.570  -7.680  4.87  309.07  80.65  651.57  -0.10  187.62  3.42
55733.0  0.350  -2.580  -7.650  4.86  309.09  80.51  651.50  -0.13  188.22  3.44
55734.0  0.360  -2.590  -7.960  4.86  309.10  80.41  651.53  -0.02  188.60  3.49
55735.0  0.390  -2.620  -8.080  4.85  309.12  80.10  651.57  -0.03  188.44  3.50
55736.0  0.370  -2.670  -7.940  4.83  309.09  79.91  651.61  -0.14  188.50  3.51
55737.0  0.380  -2.700  -8.060  4.82  309.10  79.66  651.63  -0.04  188.15  3.48
55738.0  0.370  -2.710  -8.110  4.81  309.11  79.60  651.55  0.07  188.05  3.51
55739.0  0.380  -2.740  -8.190  4.81  309.14  79.37  651.41  0.09  188.30  3.47
55740.0  0.370  -2.790  -8.220  4.79  309.12  79.19  651.45  0.16  188.34  3.52
55741.0  0.390  -2.830  -8.010  4.77  309.14  78.85  651.44  0.17  188.62  3.52
55742.0  0.360  -2.850  -8.030  4.77  309.09  78.88  651.52  0.17  188.13  3.55
55743.0  0.390  -2.890  -8.170  4.75  309.11  78.49  651.65  0.25  187.59  3.62
55744.0  0.380  -2.930  -8.300  4.74  309.11  78.25  651.59  0.39  187.71  3.66
55745.0  0.420  -2.980  -8.390  4.72  309.15  77.79  651.64  0.50  187.77  3.70
55746.0  0.390  -3.050  -8.510  4.69  309.12  77.51  651.60  0.56  187.13  3.75
55747.0  0.420  -3.130  -8.440  4.67  309.16  76.88  651.55  0.60  186.13  3.81
55748.0  0.390  -3.190  -8.460  4.65  309.14  76.71  651.48  0.58  185.86  3.81
55749.0  0.420  -3.230  -8.590  4.63  309.16  76.29  651.56  0.69  185.67  3.90
55750.0  0.400  -3.290  -8.560  4.61  309.16  76.08  651.41  0.87  185.62  3.91
55751.0  0.430  -3.340  -8.740  4.60  309.19  75.64  651.49  0.91  185.37  3.93
55752.0  0.430  -3.380  -8.940  4.58  309.18  75.36  651.53  0.82  185.52  4.02
55753.0  0.450  -3.420  -9.270  4.57  309.21  75.04  651.47  0.68  185.01  3.97
55754.0  0.490  -3.460  -10.160  4.55  309.26  74.59  651.43  0.72  184.05  3.95
55755.0  0.520  -3.560  -10.470  4.52  309.26  73.89  651.66  0.78  183.82  4.01
55756.0  0.530  -3.740  -10.500  4.46  309.28  72.84  651.64  0.81  183.76  4.01
55757.0  0.520  -3.930  -10.440  4.39  309.27  71.89  651.57  0.91  183.54  3.98
55758.0  0.550  -4.110  -10.450  4.33  309.29  70.78  651.68  0.83  182.78  3.97
55759.0  0.530  -4.290  -10.480  4.28  309.30  69.92  651.50  0.76  182.43  3.90
55760.0  0.550  -4.470  -10.460  4.22  309.32  68.84  651.47  0.83  182.61  3.89
55761.0  0.540  -4.650  -10.420  4.16  309.30  67.98  651.53  0.87  182.49  4.00
55762.0  0.560  -4.800  -10.490  4.12  309.34  67.12  651.40  0.88  182.70  3.95
55763.0  0.530  -4.940  -10.520  4.07  309.31  66.53  651.40  0.86  183.13  3.97
55764.0  0.540  -5.090  -10.410  4.03  309.33  65.73  651.38  0.76  183.37  3.93
55765.0  0.540  -5.250  -10.400  3.98  309.33  64.89  651.38  0.71  182.87  3.97
55766.0  0.550  -5.400  -10.340  3.93  309.34  64.14  651.36  0.63  183.38  4.01
55767.0  0.550  -5.520  -10.390  3.89  309.33  63.52  651.49  0.49  183.37  4.11
55768.0  0.570  -5.650  -10.510  3.86  309.36  62.80  651.44  0.42  183.39  4.14
55769.0  0.580  -5.800  -10.550  3.81  309.34  62.05  651.61  0.33  183.03  4.24
55770.0  0.570  -5.950  -10.460  3.77  309.32  61.41  651.66  0.28  183.11  4.28
55771.0  0.590  -6.030  -10.470  3.74  309.35  60.95  651.59  0.27  183.02  4.26
55772.0  0.550  -6.030  -10.430  3.75  309.32  61.11  651.54  0.27  182.37  4.23
55773.0  0.570  -6.000  -10.430  3.75  309.33  61.18  651.59  0.33  182.55  4.20
55774.0  0.590  -5.990  -10.330  3.76  309.36  61.14  651.56  0.36  183.20  4.22
55775.0  0.560  -5.970  -10.120  3.76  309.33  61.36  651.56  0.22  183.75  4.11
55776.0  0.580  -5.930  -9.840  3.77  309.34  61.45  651.59  0.19  184.08  4.06
55777.0  0.570  -5.870  -9.840  3.79  309.35  61.79  651.48  0.22  184.05  4.02
55778.0  0.560  -5.810  -9.760  3.81  309.33  62.11  651.51  0.11  183.85  3.99
55779.0  0.590  -5.760  -9.790  3.82  309.36  62.22  651.54  0.08  183.64  4.01
55780.0  0.600  -5.710  -9.910  3.84  309.38  62.42  651.49  0.10  183.36  4.10
55781.0  0.590  -5.670  -10.040  3.85  309.36  62.66  651.58  0.08  182.80  4.19
55782.0  0.610  -5.660  -10.150  3.85  309.38  62.63  651.55  0.10  182.08  4.20
55783.0  0.610  -5.650  -10.360  3.85  309.37  62.65  651.60  0.15  181.23  4.26
55784.0  0.610  -5.660  -10.530  3.85  309.37  62.63  651.59  0.12  181.15  4.33
55785.0  0.610  -5.660  -10.490  3.85  309.38  62.58  651.55  0.10  181.20  4.36
55786.0  0.620  -5.660  -10.610  3.85  309.38  62.57  651.61  0.11  181.01  4.37
55787.0  0.610  -5.670  -10.550  3.85  309.38  62.54  651.56  0.19  180.90  4.37
55788.0  0.590  -5.690  -10.490  3.84  309.36  62.55  651.58  0.23  181.88  4.39
55789.0  0.620  -5.700  -10.460  3.84  309.40  62.34  651.54  0.12  182.48  4.37
55790.0  0.590  -5.720  -10.350  3.84  309.37  62.40  651.48  -0.03  182.06  4.34
55791.0  0.590  -5.720  -9.400  3.83  309.36  62.39  651.56  0.06  182.98  4.39
55792.0  0.560  -5.710  -8.740  3.84  309.31  62.60  651.68  0.14  184.22  4.47
55793.0  0.570  -5.630  -8.470  3.86  309.32  62.94  651.65  0.24  184.03  4.54
55794.0  0.560  -5.480  -8.580  3.90  309.31  63.69  651.66  0.33  183.93  4.49
55795.0  0.550  -5.300  -9.420  3.96  309.31  64.59  651.64  0.27  183.42  4.45
55796.0  0.580  -5.190  -9.410  3.99  309.34  65.03  651.56  0.23  183.40  4.46
55797.0  0.550  -5.150  -9.350  4.00  309.31  65.38  651.58  0.28  183.17  4.52
55798.0  0.570  -5.130  -9.700  4.01  309.34  65.40  651.51  0.30  183.70  4.59
55799.0  0.540  -5.060  -10.100  4.03  309.30  65.88  651.58  0.24  183.55  4.70
55800.0  0.560  -5.000  -10.270  4.05  309.33  66.07  651.54  0.13  182.92  4.78
55801.0  0.520  -5.010  -10.150  4.05  309.28  66.25  651.51  0.14  183.09  4.74
55802.0  0.530  -4.980  -9.930  4.06  309.30  66.29  651.53  0.17  183.01  4.72
55803.0  0.480  -4.920  -9.570  4.08  309.25  66.86  651.46  0.10  183.46  4.70
55804.0  0.510  -4.850  -8.890  4.10  309.28  67.10  651.45  0.08  183.67  4.74
55805.0  0.470  -4.690  -8.910  4.15  309.23  68.10  651.51  0.08  183.45  4.68
55806.0  0.500  -4.520  -8.930  4.20  309.26  68.83  651.53  0.06  183.57  4.65
55807.0  0.460  -4.410  -8.640  4.24  309.22  69.65  651.47  0.08  183.17  4.58
55808.0  0.470  -4.340  -8.210  4.26  309.23  69.93  651.51  -0.02  182.95  4.67
55809.0  0.450  -4.290  -8.030  4.28  309.21  70.30  651.48  -0.09  183.52  4.66
55810.0  0.460  -4.290  -7.960  4.28  309.23  70.22  651.44  -0.03  184.60  4.71
55811.0  0.460  -4.340  -7.930  4.26  309.22  70.00  651.48  0.00  185.04  4.71
55812.0  0.490  -4.320  -7.970  4.27  309.24  69.93  651.55  0.01  185.05  4.75
55813.0  0.490  -4.210  -8.010  4.30  309.24  70.51  651.56  0.09  185.66  4.77
55814.0  0.490  -4.060  -8.100  4.35  309.25  71.34  651.53  0.15  185.81  4.75
55815.0  0.500  -3.960  -8.070  4.38  309.27  71.80  651.50  0.17  185.52  4.61
55816.0  0.480  -3.840  -8.000  4.42  309.24  72.56  651.51  0.15  185.81  4.63
55817.0  0.510  -3.660  -8.000  4.48  309.26  73.39  651.61  0.17  186.46  4.61
55818.0  0.500  -3.490  -7.980  4.54  309.25  74.41  651.55  0.19  186.13  4.62
55819.0  0.520  -3.320  -7.960  4.60  309.27  75.25  651.56  0.18  185.23  4.58
55820.0  0.500  -3.180  -7.970  4.65  309.25  76.13  651.59  0.19  185.68  4.57
55821.0  0.510  -3.150  -7.980  4.66  309.25  76.30  651.63  0.04  185.38  4.53
55822.0  0.490  -3.130  -7.860  4.67  309.24  76.47  651.59  -0.03  184.96  4.51
55823.0  0.460  -3.050  -7.800  4.69  309.19  77.15  651.65  -0.03  184.11  4.52
55824.0  0.480  -2.970  -7.730  4.72  309.23  77.48  651.59  0.05  183.91  4.58
55825.0  0.470  -2.930  -7.830  4.74  309.21  77.73  651.60  0.22  185.04  4.68
55826.0  0.500  -2.920  -7.850  4.74  309.25  77.69  651.53  0.21  184.82  4.74
55827.0  0.470  -2.920  -7.820  4.74  309.23  77.82  651.49  0.04  184.36  4.79
55828.0  0.480  -2.910  -7.820  4.75  309.23  77.82  651.56  -0.14  184.84  4.87
55829.0  0.470  -2.890  -7.920  4.75  309.23  77.96  651.49  -0.12  185.28  4.87
55830.0  0.500  -2.900  -8.050  4.75  309.26  77.82  651.43  -0.06  185.11  4.83
55831.0  0.480  -2.900  -8.130  4.75  309.24  77.89  651.50  -0.10  186.42  4.74
55832.0  0.530  -2.900  -8.190  4.75  309.28  77.60  651.61  -0.13  187.26  4.61
55833.0  0.510  -2.910  -8.210  4.74  309.27  77.63  651.52  -0.26  186.98  4.59
55834.0  0.550  -2.940  -8.280  4.74  309.32  77.29  651.45  -0.39  186.79  4.53
55835.0  0.560  -2.970  -8.340  4.73  309.34  77.05  651.43  -0.49  186.58  4.51
55836.0  0.550  -3.000  -8.210  4.71  309.31  76.93  651.50  -0.44  185.12  4.59
55837.0  0.570  -3.010  -8.170  4.71  309.33  76.76  651.49  -0.31  184.39  4.67
55838.0  0.530  -3.020  -8.110  4.71  309.29  76.88  651.52  -0.29  183.54  4.75
55839.0  0.530  -3.050  -8.100  4.70  309.30  76.74  651.49  -0.24  184.10  4.69
55840.0  0.500  -3.080  -8.040  4.68  309.25  76.76  651.51  -0.15  184.09  4.75
55841.0  0.520  -3.100  -8.050  4.68  309.28  76.48  651.54  0.04  184.75  4.77
55842.0  0.470  -3.130  -7.940  4.67  309.24  76.60  651.40  0.15  185.79  4.69
55843.0  0.520  -3.140  -8.060  4.66  309.28  76.28  651.48  0.13  186.61  4.68
55844.0  0.500  -3.160  -8.080  4.66  309.26  76.30  651.44  0.15  186.99  4.74
55845.0  0.530  -3.190  -8.040  4.65  309.30  75.95  651.43  0.08  187.55  4.74
55846.0  0.540  -3.210  -8.060  4.64  309.32  75.78  651.38  -0.10  188.40  4.75
55847.0  0.550  -3.200  -8.080  4.64  309.34  75.78  651.34  -0.24  188.72  4.81
55848.0  0.580  -3.190  -8.040  4.65  309.37  75.65  651.37  -0.24  188.84  4.82
55849.0  0.540  -3.190  -8.070  4.65  309.31  75.87  651.46  -0.15  187.66  4.89
55850.0  0.570  -3.180  -8.060  4.65  309.33  75.77  651.53  -0.22  187.37  4.97
55851.0  0.530  -3.170  -7.980  4.65  309.28  76.09  651.57  -0.27  186.73  4.97
55852.0  0.540  -3.150  -7.980  4.66  309.31  76.09  651.52  -0.17  186.23  4.97
55853.0  0.510  -3.120  -7.860  4.67  309.25  76.44  651.62  0.06  185.07  5.09
55854.0  0.510  -3.090  -7.770  4.68  309.26  76.63  651.53  0.08  185.53  5.08
55855.0  0.470  -3.060  -7.710  4.69  309.23  77.03  651.42  0.05  185.55  5.08
55856.0  0.490  -3.040  -7.730  4.70  309.26  77.03  651.42  0.04  185.58  5.11
55857.0  0.450  -3.010  -7.620  4.71  309.21  77.43  651.44  0.07  185.53  5.05
55858.0  0.480  -2.980  -7.610  4.72  309.23  77.45  651.47  0.16  185.50  5.03
55859.0  0.450  -2.950  -7.640  4.73  309.21  77.73  651.44  0.20  186.01  5.05
55860.0  0.500  -2.930  -7.690  4.74  309.25  77.64  651.50  0.26  186.62  5.07
55861.0  0.500  -2.900  -7.790  4.75  309.25  77.76  651.56  0.34  188.07  4.96
55862.0  0.560  -2.890  -8.010  4.75  309.31  77.51  651.61  0.23  188.61  5.01
55863.0  0.610  -2.890  -8.160  4.75  309.38  77.23  651.47  0.15  189.78  4.93
55864.0  0.610  -2.890  -8.240  4.75  309.40  77.18  651.42  0.00  190.38  4.97
55865.0  0.670  -2.900  -8.230  4.75  309.44  76.77  651.59  -0.18  189.92  4.99
55866.0  0.650  -2.920  -8.260  4.74  309.41  76.81  651.61  -0.29  190.30  5.06
55867.0  0.690  -2.930  -8.260  4.74  309.46  76.51  651.61  -0.37  190.47  5.07
55868.0  0.680  -2.960  -8.250  4.73  309.46  76.39  651.52  -0.39  190.27  5.18
55869.0  0.720  -2.980  -8.250  4.72  309.50  76.07  651.52  -0.46  190.39  5.15
55870.0  0.700  -3.010  -8.260  4.71  309.49  76.00  651.50  -0.44  189.98  5.24
55871.0  0.730  -3.060  -8.310  4.69  309.51  75.60  651.52  -0.42  189.67  5.22
55872.0  0.720  -3.110  -8.350  4.67  309.51  75.33  651.43  -0.46  189.73  5.26
55873.0  0.740  -3.170  -8.410  4.66  309.54  74.92  651.42  -0.50  189.58  5.19
55874.0  0.710  -3.220  -8.370  4.64  309.49  74.77  651.59  -0.50  188.95  5.31
55875.0  0.730  -3.280  -8.370  4.62  309.51  74.32  651.61  -0.47  189.11  5.31
55876.0  0.690  -3.330  -8.370  4.60  309.48  74.27  651.48  -0.36  189.18  5.35
55877.0  0.710  -3.380  -8.290  4.58  309.50  73.87  651.49  -0.29  187.84  5.38
55878.0  0.660  -3.430  -8.250  4.56  309.43  73.88  651.57  -0.38  186.90  5.43
55879.0  0.670  -3.440  -8.160  4.56  309.44  73.78  651.60  -0.43  187.18  5.44
55880.0  0.660  -3.440  -8.190  4.56  309.44  73.80  651.56  -0.46  187.31  5.52
