flight/WP3D/AircraftMis_NP3_20130611_RA.ict
41  1001
Ken Aikin
NOAA ESRL Chemical Sciences Division
various aircraft sensors
SENEX 2013
1  1
2013  06  11  2013  06  11
1
AOCTimewave
8
1  1  1  1  1  1  1  1
-9999  -9999  -9999  -9999  -9999  -9999  -9999  -9999
Attack  deg
CabinPrs  mbar
GndSpd  m/s
Heading  deg
Pitch  deg
Roll  deg
Slip  deg
TrueAirSpd  m/s
1
SPECIAL COMMENTS:Birmingham power plants flight.
18
PI_CONTACT_INFO: Address: NOAA ESRL Chemical Sciences Division  Mail Stop R/CSD7  325 Broadway  Boulder  CO 80305
PLATFORM: NOAA WP-3D
LOCATION: The aircraft was stationed in  Smyrna  Tennessee. Aircraft location information in AircraftPosition file.
ASSOCIATED_DATA: N/A
INSTRUMENT_INFO: N/A
DATA_INFO: Units: Attack degrees; CabinPrs millibar; GndSpd m/s; Heading degrees; Pitch degrees; Roll degrees; Slip degrees; TrueAirSpd m/s
UNCERTAINTY: N/A
ULOD_FLAG: -7777
ULOD_VALUE: N/A
LLOD_FLAG: -8888
LLOD_VALUE: N/A
DM_CONTACT_INFO: Data Manager:Ken Aikin; email:Kenneth.C.Aikin@noaa.gov
PROJECT_INFO: SENEX 2013 Study; June 1 - July 15  2013
STIPULATIONS_ON_USE: Use of these data require prior ok from PI.
OTHER_COMMENTS:       None
REVISION: RA
RA: Preliminary Data.  For in-field use.
AOCTimewave  Attack  CabinPrs  GndSpd  Heading  Pitch  Roll  Slip  TrueAirSpd
[from data line 21025]
80405.0  0.4  979.4  126.2  356.4  -1.32  0.51  0.08  125.7
80406.0  0.3  979.4  126.6  356.5  -1.96  0.36  -0.19  126.3
80407.0  0.8  979.2  127.0  356.4  -1.62  0.66  0.41  127.0
80408.0  1.8  979.3  127.5  356.7  -0.34  0.70  0.47  126.6
80409.0  1.0  979.3  127.7  357.2  0.22  0.71  0.18  126.4
80410.0  1.0  979.2  127.8  357.4  0.28  0.11  -0.37  126.8
80411.0  0.6  979.2  128.0  357.3  -0.18  0.40  -0.39  127.2
80412.0  0.3  978.7  128.1  357.1  -0.22  0.55  -0.38  127.7
80413.0  0.7  979.0  128.3  356.9  0.34  0.19  -0.39  127.5
80414.0  0.9  978.9  128.3  356.7  0.41  -0.05  0.00  127.6
80415.0  0.6  978.9  128.4  356.6  0.23  -0.75  -0.11  127.5
80416.0  0.7  979.0  128.5  356.4  0.42  -1.27  -0.12  127.5
80417.0  0.6  979.0  128.5  356.2  0.51  -0.79  0.35  127.4
80418.0  0.6  979.1  128.5  356.4  0.65  -1.23  0.26  127.4
80419.0  0.9  979.4  128.5  356.4  0.75  -1.44  -0.12  127.3
80420.0  0.9  979.2  128.5  356.2  0.61  -0.67  0.20  127.5
80421.0  0.6  979.2  128.5  356.3  0.49  -0.36  0.52  127.3
80422.0  0.5  979.2  128.6  356.6  0.57  -0.29  -0.01  127.8
80423.0  0.6  978.7  128.6  356.6  0.83  -0.57  0.02  127.8
80424.0  0.4  979.3  128.5  356.6  0.89  0.02  -0.07  129.5
80425.0  0.7  978.4  128.4  356.6  1.03  2.15  -0.50  129.1
80426.0  0.5  979.0  128.4  356.5  0.79  3.67  0.04  129.0
80427.0  0.6  978.8  128.4  356.9  0.80  3.59  0.14  128.5
80428.0  0.4  978.8  128.4  357.3  0.83  3.38  -0.01  128.7
80429.0  0.6  979.1  128.3  357.5  0.96  3.54  0.10  129.0
80430.0  0.6  979.0  128.3  358.0  0.94  3.42  0.13  129.1
80431.0  0.4  979.2  128.2  358.2  0.85  2.68  -0.54  129.1
80432.0  0.8  979.2  128.2  358.2  1.01  1.71  -0.13  128.7
80433.0  0.6  979.2  128.2  358.2  0.77  0.73  -0.12  129.0
80434.0  0.6  978.7  128.1  358.1  0.67  -0.07  0.13  128.0
80435.0  0.6  979.0  128.1  358.1  0.56  -0.25  -0.26  127.5
80436.0  0.4  978.8  128.1  357.9  0.56  -0.15  -0.13  128.0
80437.0  0.6  979.2  128.1  357.8  0.74  0.03  0.28  128.1
80438.0  0.4  978.9  128.1  358.0  0.61  0.18  0.28  127.1
80439.0  0.7  979.1  128.1  358.2  0.82  -0.11  -0.04  127.4
80440.0  0.8  979.2  128.1  358.1  0.85  0.11  -0.46  126.9
80441.0  0.9  979.0  128.2  357.9  0.64  0.62  0.30  127.0
80442.0  0.3  978.9  128.2  358.1  0.29  1.04  -0.12  127.4
80443.0  0.6  978.9  128.2  358.1  0.66  0.35  0.13  128.3
80444.0  0.6  978.7  128.2  358.1  0.77  -0.30  -0.20  128.3
80445.0  0.6  979.0  128.2  358.0  0.85  -0.74  0.21  128.1
80446.0  0.6  978.7  128.2  358.1  0.78  -0.75  0.24  127.8
80447.0  0.8  978.7  128.1  358.2  0.76  0.53  -0.12  127.6
80448.0  0.6  979.1  128.2  358.2  0.59  1.08  -0.23  127.7
80449.0  0.6  978.9  128.2  358.1  0.63  0.37  -0.23  127.5
80450.0  0.8  978.8  128.2  358.0  0.70  -0.47  -0.08  127.6
80451.0  0.6  978.9  128.2  357.9  0.60  -0.86  -0.25  127.4
80452.0  0.6  978.8  128.2  357.7  0.59  -1.20  -0.07  127.6
80453.0  0.7  978.7  128.2  357.5  0.60  -1.47  -0.17  128.1
80454.0  0.3  979.2  128.2  357.2  0.53  -1.83  -0.20  127.4
80455.0  0.7  978.6  128.2  356.9  0.89  -1.44  0.17  127.6
80456.0  0.3  978.7  128.2  356.8  0.26  0.16  0.09  127.9
80457.0  0.1  978.8  128.3  356.8  -0.52  0.85  0.08  127.7
80458.0  0.6  979.2  128.4  356.9  -0.52  0.34  -0.06  127.9
80459.0  0.7  978.9  128.5  356.8  -0.58  -0.17  0.05  127.3
80460.0  0.7  978.9  128.5  356.8  -0.60  -0.24  0.18  127.4
80461.0  0.4  979.3  128.5  356.9  -1.08  -0.62  0.24  127.7
80462.0  0.4  979.1  128.5  357.0  -1.31  -1.30  0.32  128.0
80463.0  0.8  978.8  128.5  357.0  -0.57  -1.43  0.03  128.0
80464.0  1.0  979.1  128.5  356.9  -0.16  -0.87  0.12  128.4
80465.0  0.6  979.3  128.4  356.9  -0.29  -0.56  0.13  128.8
80466.0  0.4  979.0  128.3  356.9  -0.48  -0.54  -0.14  128.5
80467.0  0.8  979.1  128.2  356.7  -0.36  -0.85  -0.17  128.1
80468.0  0.9  979.7  127.9  356.6  0.14  -1.81  0.21  127.7
80469.0  1.1  979.3  127.5  356.6  0.80  -2.40  0.04  127.1
80470.0  0.6  979.4  127.0  356.4  0.53  -2.00  0.07  127.3
80471.0  0.6  978.9  126.6  356.4  0.12  -1.70  0.04  126.2
80472.0  0.5  979.2  126.3  356.3  -0.29  -0.79  -0.16  125.8
80473.0  1.0  979.0  126.0  356.3  0.06  -0.56  -0.06  125.1
80474.0  0.8  979.3  125.7  356.2  -0.30  -1.74  0.04  124.7
80475.0  0.5  979.0  125.5  356.3  -0.82  -2.64  -0.10  124.7
80476.0  0.6  979.6  125.3  356.1  -1.15  -2.53  -0.04  124.6
80477.0  0.8  979.1  125.1  355.9  -0.67  -2.26  -0.10  124.0
80478.0  1.5  979.2  124.9  355.8  0.10  -2.27  -0.27  124.3
80479.0  1.5  979.2  124.6  355.5  0.66  -2.12  -0.26  123.6
80480.0  0.7  979.0  124.2  355.3  0.27  -1.83  -0.47  123.9
80481.0  0.9  979.0  123.8  355.0  0.55  -0.78  -0.06  124.0
80482.0  1.0  979.1  123.4  355.0  0.81  -0.79  0.20  123.6
80483.0  1.0  979.0  122.9  355.1  0.77  -1.22  0.03  122.9
80484.0  1.0  979.2  122.5  355.1  0.85  -0.84  -0.09  122.8
80485.0  1.0  979.1  122.1  355.1  0.98  -0.17  -0.07  122.0
80486.0  1.1  979.4  121.6  355.2  1.11  -0.22  -0.04  121.4
80487.0  1.3  979.1  121.2  355.2  1.19  -0.13  -0.38  120.9
80488.0  1.3  979.6  120.8  355.1  1.21  0.25  -0.15  120.3
80489.0  1.2  979.3  120.4  355.1  1.24  0.53  0.09  119.3
80490.0  1.2  979.1  119.9  355.3  1.41  0.61  0.37  119.4
80491.0  1.3  979.2  119.5  355.6  1.57  0.52  0.06  119.0
80492.0  1.3  979.4  119.0  355.8  1.54  -0.38  -0.22  118.4
80493.0  1.4  979.3  118.6  355.8  1.64  -1.24  -0.32  117.7
80494.0  1.4  979.1  118.1  355.6  1.61  -1.28  -0.24  117.1
80495.0  1.5  978.9  117.7  355.4  1.68  -0.99  -0.02  116.1
80496.0  1.5  978.8  117.3  355.4  1.72  -0.85  -0.25  115.5
80497.0  1.4  979.3  116.8  355.2  1.76  -0.51  -0.07  115.8
80498.0  1.5  979.1  116.4  355.2  1.87  -0.39  0.04  115.6
80499.0  1.5  979.2  115.9  355.3  1.92  -0.27  -0.14  115.1
80500.0  1.3  979.2  115.5  355.2  1.80  -0.45  -0.12  115.0
80501.0  1.6  978.8  115.1  355.2  1.93  -0.79  -0.03  114.7
80502.0  1.4  979.2  114.6  355.2  1.88  -0.47  -0.12  114.5
80503.0  1.7  979.2  114.2  355.2  2.00  -0.55  0.05  113.8
80504.0  1.6  979.3  113.8  355.2  1.98  -0.41  -0.09  113.5
80505.0  1.8  979.1  113.4  355.2  2.02  -0.59  0.01  112.7
80506.0  1.7  979.2  113.0  355.2  2.02  -0.09  -0.22  112.4
80507.0  1.9  979.3  112.6  355.2  1.96  1.23  0.16  112.1
80508.0  2.0  979.1  112.2  355.4  1.93  1.47  0.46  111.3
80509.0  1.8  978.9  112.0  355.8  1.76  1.26  -0.29  110.4
80510.0  1.5  978.4  111.7  355.8  1.67  1.56  -0.68  111.0
80511.0  1.9  979.4  111.7  355.7  1.93  2.05  -0.33  110.6
80512.0  1.8  979.7  111.6  355.8  1.88  2.18  -0.10  110.4
80513.0  1.9  979.5  111.5  356.1  1.89  1.55  -0.05  110.7
80514.0  1.8  979.3  111.4  356.2  1.85  1.45  -0.20  111.1
80515.0  1.8  979.6  111.6  356.2  1.87  1.84  -0.30  111.5
80516.0  1.7  979.3  111.8  356.0  1.78  1.55  -0.22  111.5
80517.0  1.8  979.4  112.0  356.0  1.72  0.85  -0.18  111.3
80518.0  1.6  979.0  112.3  356.0  1.56  0.70  0.19  111.6
80519.0  1.5  979.2  112.6  356.1  1.45  0.38  0.36  111.8
80520.0  1.1  979.3  113.0  356.2  0.64  0.07  -0.02  112.7
80521.0  0.6  979.5  113.4  356.0  -0.31  -0.34  0.05  113.1
80522.0  1.0  979.6  113.9  356.0  -0.54  -0.47  0.11  113.5
80523.0  1.1  979.5  114.5  355.9  -0.82  0.09  -0.12  114.0
80524.0  1.2  979.6  115.2  355.7  -0.77  0.57  0.10  114.7
80525.0  1.5  979.7  115.8  355.7  -0.74  0.69  0.31  115.4
80526.0  1.4  979.9  116.4  355.9  -0.89  2.25  0.33  116.0
80527.0  1.0  979.8  117.0  356.1  -1.35  2.73  -0.02  116.6
80528.0  1.1  979.9  117.7  356.1  -1.47  2.28  -0.06  117.3
80529.0  1.1  979.8  118.2  356.1  -1.46  2.20  0.41  117.7
80530.0  1.1  979.5  118.8  356.5  -1.38  1.99  0.25  118.4
80531.0  1.5  979.9  119.3  356.8  -0.84  1.33  -0.14  118.2
80532.0  1.1  979.9  119.8  356.8  -1.11  0.93  0.00  118.7
80533.0  0.9  979.8  120.2  356.9  -1.41  0.98  0.04  119.4
80534.0  0.9  980.0  120.7  356.9  -1.63  0.04  -0.05  119.9
80535.0  1.5  979.6  121.2  356.9  -1.02  -0.84  0.03  120.1
80536.0  1.3  979.9  121.5  356.8  -0.64  -0.42  -0.29  120.8
80537.0  1.1  980.2  121.8  356.6  -0.62  -0.10  -0.34  121.2
80538.0  0.9  979.9  122.1  356.4  -0.80  0.02  0.36  121.4
80539.0  0.9  979.9  122.4  356.6  -0.93  0.21  0.05  120.8
80540.0  1.0  980.3  122.7  356.6  -0.71  0.21  0.09  121.6
80541.0  1.1  980.1  123.0  356.7  -0.56  -0.02  -0.12  121.8
80542.0  0.9  980.4  123.2  356.7  -0.69  -0.19  0.01  122.6
80543.0  0.9  980.8  123.4  356.7  -0.81  -0.27  0.06  122.5
80544.0  1.3  980.7  123.6  356.7  -0.11  -0.29  -0.17  122.2
80545.0  1.4  980.6  123.7  356.6  0.63  -0.03  -0.17  122.3
80546.0  1.2  980.0  123.7  356.5  1.09  -0.05  -0.07  122.4
80547.0  1.1  980.8  123.6  356.6  1.33  0.17  0.03  122.4
80548.0  1.3  980.6  123.4  356.6  2.02  0.04  -0.08  122.6
80549.0  1.1  980.4  123.2  356.5  2.05  -0.02  -0.29  122.3
80550.0  0.8  980.3  122.9  356.3  1.78  0.18  -0.11  122.3
80551.0  0.9  980.4  122.7  356.2  1.57  0.41  0.08  122.0
80552.0  1.0  980.4  122.5  356.3  1.34  0.88  0.49  121.5
80553.0  0.5  980.4  122.4  356.7  0.81  1.08  0.36  121.6
80554.0  0.5  980.3  122.4  356.9  0.64  1.59  -0.21  121.3
80555.0  0.9  980.5  122.3  356.9  0.83  1.48  -0.28  121.4
80556.0  1.5  980.2  122.3  357.0  1.44  0.30  -0.42  121.2
80557.0  0.8  980.6  122.2  356.8  0.80  1.06  -0.31  120.7
80558.0  0.7  980.3  122.2  356.7  0.56  0.96  -0.04  120.6
80559.0  1.0  980.1  122.1  356.7  0.88  0.38  0.02  120.8
80560.0  1.0  980.1  122.0  356.7  0.95  -0.07  0.03  121.3
80561.0  1.0  980.3  122.0  356.7  0.95  -0.16  0.16  121.2
80562.0  1.3  980.2  121.9  356.8  0.96  -0.16  0.02  121.4
80563.0  0.8  980.4  121.8  356.8  0.72  -0.07  0.04  120.5
80564.0  0.9  980.2  121.8  356.7  0.85  -0.01  0.08  120.7
80565.0  1.0  980.3  121.7  356.7  1.06  -0.03  -0.03  120.4
80566.0  1.0  980.4  121.6  356.8  1.06  -0.01  -0.04  120.7
80567.0  1.1  980.3  121.5  356.8  1.17  -0.01  0.01  120.4
80568.0  1.1  980.7  121.4  356.8  1.12  -0.32  0.01  120.2
80569.0  0.9  980.3  121.4  356.8  1.10  -0.35  -0.10  120.0
80570.0  1.1  980.3  121.3  356.7  1.25  -0.23  0.03  119.8
80571.0  1.2  980.6  121.2  356.8  1.35  -0.02  0.04  119.6
80572.0  1.1  980.4  121.0  356.8  1.20  0.21  -0.32  120.4
80573.0  1.1  980.0  120.9  356.6  1.19  0.07  -0.20  120.4
80574.0  1.2  980.5  120.8  356.6  1.22  0.28  -0.01  120.6
80575.0  1.0  980.3  120.7  356.6  1.22  0.10  -0.10  120.4
80576.0  0.8  980.5  120.7  356.5  1.09  0.22  -0.42  119.7
80577.0  1.1  980.6  120.6  356.3  1.33  0.55  -0.01  119.3
80578.0  1.2  980.3  120.5  356.3  1.34  0.60  0.12  118.7
80579.0  1.0  980.7  120.4  356.4  1.22  0.67  0.16  118.5
80580.0  1.3  980.2  120.3  356.6  1.36  0.49  0.54  118.4
80581.0  1.3  980.5  120.2  357.0  1.24  0.10  -0.15  118.1
80582.0  1.1  980.3  120.2  357.0  1.12  -0.04  -0.14  118.0
80583.0  1.2  980.5  120.1  357.0  1.24  -0.38  -0.02  117.7
80584.0  0.9  979.8  120.1  357.0  1.12  -0.40  -0.72  119.1
80585.0  1.2  981.1  120.0  356.6  1.39  0.80  -0.31  119.7
80586.0  1.0  980.4  119.9  356.5  1.30  3.34  0.06  119.7
80587.0  1.1  981.0  119.8  356.8  1.28  4.56  0.47  119.7
80588.0  1.2  980.3  119.7  357.5  1.36  4.52  0.23  119.9
80589.0  1.2  980.3  119.6  358.0  1.22  4.22  0.16  120.2
80590.0  1.2  980.5  119.6  358.5  0.96  3.75  -0.27  119.5
80591.0  1.0  980.3  119.6  358.8  0.85  3.39  -0.44  119.1
80592.0  1.1  980.4  119.6  358.9  1.02  3.73  0.04  119.3
80593.0  1.2  980.7  119.6  359.3  1.01  2.16  0.34  118.5
80594.0  1.3  980.3  119.6  359.6  0.94  0.72  -0.38  118.3
80595.0  1.0  980.6  119.6  359.4  0.72  0.20  -0.40  118.8
80596.0  0.7  980.6  119.6  359.2  0.79  -0.56  -0.29  119.3
80597.0  1.4  980.3  119.5  358.9  1.26  -0.48  -0.04  119.3
80598.0  1.1  980.5  119.4  358.8  0.94  -1.51  0.32  119.7
80599.0  1.2  980.5  119.4  358.9  0.82  -2.35  -0.10  119.4
80600.0  1.0  980.5  119.3  358.6  0.81  -2.91  0.22  119.2
80601.0  0.9  980.4  119.3  358.5  0.82  -2.79  -0.71  119.3
80602.0  0.9  980.5  119.2  357.9  0.95  -0.98  -0.36  119.4
80603.0  1.1  980.7  119.2  357.6  1.09  -0.52  0.25  119.0
80604.0  1.2  980.3  119.1  357.7  1.15  -1.20  -0.06  119.2
80605.0  1.1  980.8  119.0  357.5  1.09  -1.28  -0.31  119.7
80606.0  1.1  980.7  118.9  357.3  1.10  -1.17  -0.25  119.6
80607.0  1.3  980.5  118.9  357.0  1.14  -1.01  -0.10  119.5
80608.0  1.1  980.7  118.8  356.9  1.03  -1.52  0.29  120.1
80609.0  1.0  980.6  118.7  356.9  1.05  -1.71  0.10  119.8
80610.0  1.1  980.6  118.6  356.8  1.10  -1.02  0.16  119.5
80611.0  1.0  980.9  118.5  356.8  1.10  -0.40  0.28  119.4
80612.0  1.2  980.5  118.4  356.9  1.19  -0.14  -0.43  119.3
80613.0  1.1  980.6  118.4  356.8  1.13  -0.15  -0.01  119.4
80614.0  1.2  980.7  118.3  356.8  1.12  -0.18  -0.03  119.1
80615.0  1.1  980.4  118.2  356.8  1.07  -0.15  0.29  118.9
80616.0  1.2  980.7  118.2  357.0  1.20  -0.06  0.13  118.6
80617.0  1.1  980.7  118.1  357.0  1.15  -1.03  0.30  118.1
80618.0  0.7  980.6  118.0  357.2  1.13  -0.58  -0.45  119.1
80619.0  1.2  980.7  117.9  356.9  1.51  -0.43  -0.51  119.4
80620.0  1.3  980.8  117.8  356.6  1.61  -0.35  -0.25  118.9
80621.0  1.2  980.7  117.7  356.5  1.45  0.10  -0.09  118.3
80622.0  1.1  980.6  117.6  356.4  1.45  0.61  -0.21  118.5
80623.0  1.2  980.5  117.5  356.3  1.45  0.05  0.08  118.3
80624.0  1.3  980.6  117.4  356.4  1.59  0.23  0.05  118.4
80625.0  1.1  980.4  117.2  356.5  1.50  0.47  0.08  118.9
80626.0  1.2  980.9  117.1  356.6  1.46  0.58  -0.21  118.5
80627.0  1.2  980.5  117.0  356.5  1.49  0.19  -0.19  118.2
80628.0  1.2  980.6  116.9  356.4  1.39  0.30  -0.19  118.0
80629.0  1.1  980.7  116.8  356.4  1.36  0.45  0.23  118.6
80630.0  1.2  980.5  116.7  356.5  1.44  0.34  0.16  118.2
80631.0  1.2  980.2  116.6  356.6  1.38  0.17  -0.19  117.8
80632.0  1.3  980.4  116.6  356.5  1.28  -0.42  -0.31  117.0
80633.0  1.1  980.9  116.5  356.2  1.18  -0.25  -0.21  116.7
80634.0  1.3  980.3  116.5  356.1  1.32  -0.35  1.06  117.3
80635.0  1.2  980.6  116.4  356.7  1.29  -0.99  0.56  117.3
80636.0  1.3  980.6  116.4  357.0  1.19  -0.97  0.06  116.5
80637.0  1.2  980.5  116.3  357.0  1.11  -1.73  -0.29  116.6
80638.0  1.2  980.5  116.3  356.8  1.10  -1.72  0.20  116.9
80639.0  1.1  980.8  116.3  356.9  1.11  -1.63  -0.11  117.0
80640.0  1.3  981.0  116.3  356.8  1.21  -1.23  -0.17  116.8
80641.0  1.2  980.6  116.2  356.7  1.10  -1.18  -0.36  116.8
80642.0  1.0  980.6  116.2  356.4  1.04  -1.02  -0.69  118.1
80643.0  1.6  980.7  116.2  356.0  1.29  -0.95  -0.05  117.4
80644.0  1.1  980.7  116.1  355.9  1.09  0.14  -0.24  117.3
80645.0  1.1  980.5  116.1  355.7  1.11  0.27  -0.35  116.8
80646.0  1.3  980.6  116.1  355.5  1.22  0.22  -0.36  116.7
80647.0  1.2  980.8  116.1  355.3  1.20  0.04  0.12  116.1
80648.0  1.4  980.5  116.0  355.3  1.34  0.10  0.33  116.3
80649.0  1.3  980.7  116.0  355.4  1.28  0.77  0.23  116.4
80650.0  1.2  980.5  116.0  355.6  1.30  0.51  0.06  116.4
80651.0  1.5  980.6  115.9  355.7  1.31  0.15  -0.25  116.3
80652.0  1.2  980.6  115.9  355.6  1.18  0.42  -0.05  117.0
80653.0  1.3  980.3  115.9  355.7  1.27  0.90  0.03  117.6
80654.0  1.4  980.4  115.8  355.8  1.18  1.08  0.17  117.1
80655.0  1.2  980.9  115.8  356.0  1.04  0.18  -0.16  117.5
80656.0  0.9  980.7  115.8  355.9  0.98  -0.08  -0.68  117.3
80657.0  1.4  980.9  115.8  355.6  1.36  -0.29  -0.13  116.7
80658.0  1.1  980.9  115.7  355.5  1.17  -0.31  0.10  116.4
80659.0  1.4  980.7  115.7  355.5  1.20  -0.40  0.13  116.7
80660.0  1.1  980.2  115.7  355.5  1.22  -0.30  0.08  117.1
80661.0  1.3  980.8  115.6  355.5  1.28  -0.55  0.13  116.7
80662.0  1.3  980.4  115.6  355.6  1.23  -0.12  0.00  116.4
80663.0  1.3  980.2  115.5  355.6  1.19  0.01  0.16  117.2
80664.0  1.0  980.9  115.5  355.7  1.14  -0.12  -0.37  117.1
80665.0  1.3  980.7  115.5  355.5  1.27  -0.32  -0.22  117.1
80666.0  1.4  980.8  115.4  355.4  1.39  -0.28  -0.07  117.5
80667.0  1.2  980.6  115.3  355.4  1.18  1.90  0.14  117.6
80668.0  1.2  981.1  115.3  355.7  1.15  5.32  0.15  117.1
