flight/WP3D/AircraftMet_NP3_20130623_RA.ict
43  1001
Ken Aikin
NOAA ESRL Chemical Sciences Division
various aircraft sensors
SENEX 2013
1  1
2013  06  23  2013  06  23
1
AOCTimewave
10
1  1  1  1  1  1  1  1  1  1
-9999  -9999  -9999  -9999  -9999  -9999  -9999  -9999  -9999  -9999
AmbTemp  C
DewPtTemp  C
DewPtTempTDL  C
H2Omr  g/kg
PotTemp  K
RelHumidity  pct
StaticPrs  mbar
VertWindSpd  m/s
WindDir  deg
WindSpd  m/s
1
SPECIAL COMMENTS:Indianapolis and Nashville PP.
18
PI_CONTACT_INFO: Address: NOAA ESRL Chemical Sciences Division  Mail Stop R/CSD7  325 Broadway  Boulder  CO 80305
PLATFORM: NOAA WP-3D
LOCATION: The aircraft was stationed in  Smyrna  Tennessee. Aircraft location information in AircraftPosition file.
ASSOCIATED_DATA: N/A
INSTRUMENT_INFO: N/A
DATA_INFO: Units:AmbTemp celcius; DewPtTemp celcius; DewPtTempTDL celcius; H2Omr g/kg; PotTemp kelvin; RelHumidity percent; StaticPrs millibar; VertWindSpd m/s; WindDir degrees; WindSpd m/s
UNCERTAINTY: N/A
ULOD_FLAG: -7777
ULOD_VALUE: N/A
LLOD_FLAG: -8888
LLOD_VALUE: N/A
DM_CONTACT_INFO: Data Manager:Ken Aikin; email:Kenneth.C.Aikin@noaa.gov
PROJECT_INFO: SENEX 2013 Study; June 1 - July 15  2013
STIPULATIONS_ON_USE: Use of these data require prior ok from PI.
OTHER_COMMENTS:       None
REVISION: RA
RA: Preliminary Data.  For in-field use.
AOCTimewave  AmbTemp  DewPtTemp  DewPtTempTDL  H2Omr  PotTemp  RelHumidity  StaticPrs  VertWindSpd  WindDir  WindSpd
[from data line 25059]
79562.0  12.010  3.800  -6.560  6.56  307.50  56.73  767.77  -0.26  225.65  5.08
79563.0  12.040  3.710  -6.690  6.52  307.63  56.21  767.00  -0.08  227.56  5.06
79564.0  12.050  3.530  -6.660  6.45  307.73  55.49  766.17  0.38  227.92  5.29
79565.0  11.980  3.350  -6.900  6.37  307.77  55.03  765.19  0.61  227.79  5.13
79566.0  11.910  3.190  -6.900  6.31  307.81  54.67  764.18  0.74  227.79  5.17
79567.0  11.880  3.100  -7.390  6.28  307.88  54.43  763.33  0.82  226.71  5.00
79568.0  11.860  3.040  -7.670  6.26  307.93  54.27  762.60  0.70  227.01  5.16
79569.0  11.830  2.910  -7.880  6.21  308.00  53.87  761.78  0.72  227.12  5.19
79570.0  11.760  2.710  -7.970  6.13  308.03  53.37  760.81  0.90  225.32  5.09
79571.0  11.670  2.440  -7.840  6.02  308.05  52.66  759.81  0.87  224.65  5.03
79572.0  11.550  2.120  -7.800  5.89  308.04  51.86  758.82  0.86  223.47  4.97
79573.0  11.430  1.810  -7.720  5.76  308.02  51.14  757.86  0.90  221.88  4.82
79574.0  11.290  1.540  -7.340  5.66  307.96  50.59  757.13  0.91  219.40  4.65
79575.0  11.180  1.310  -7.110  5.57  307.93  50.17  756.33  0.66  219.77  4.79
79576.0  10.980  1.120  -6.500  5.50  307.81  50.14  755.54  0.46  217.29  4.59
79577.0  10.840  0.970  -6.340  5.45  307.75  50.09  754.72  0.46  215.51  4.61
79578.0  10.770  0.890  -6.430  5.42  307.76  50.03  753.96  0.42  217.82  4.79
79579.0  10.710  0.890  -6.610  5.42  307.78  50.20  753.27  0.16  218.86  4.79
79580.0  10.680  0.910  -6.890  5.44  307.83  50.39  752.58  -0.02  219.14  4.69
79581.0  10.660  0.930  -7.130  5.45  307.89  50.52  751.78  -0.11  220.40  4.56
79582.0  10.600  0.900  -7.170  5.44  307.91  50.63  751.10  -0.10  220.95  4.61
79583.0  10.540  0.820  -7.360  5.42  307.94  50.53  750.31  0.06  221.47  4.66
79584.0  10.500  0.730  -7.720  5.39  307.98  50.35  749.52  0.22  222.50  4.70
79585.0  10.450  0.680  -8.040  5.37  308.04  50.32  748.64  0.20  224.04  4.73
79586.0  10.370  0.650  -7.870  5.37  308.01  50.51  748.04  -0.02  224.39  4.55
79587.0  10.270  0.640  -7.700  5.37  307.98  50.82  747.39  -0.04  223.55  4.60
79588.0  10.230  0.670  -7.990  5.39  308.02  51.05  746.73  -0.02  225.31  4.83
79589.0  10.200  0.680  -8.290  5.40  308.06  51.22  746.06  -0.14  225.45  4.93
79590.0  10.160  0.660  -8.310  5.39  308.10  51.28  745.36  -0.15  226.34  4.82
79591.0  10.120  0.600  -8.350  5.37  308.15  51.16  744.65  -0.07  225.25  4.70
79592.0  10.090  0.500  -8.350  5.34  308.18  50.91  744.01  0.07  225.01  4.54
79593.0  10.050  0.350  -8.250  5.29  308.23  50.49  743.28  0.13  225.37  4.57
79594.0  10.010  0.170  -8.210  5.22  308.28  49.96  742.57  0.15  226.64  4.61
79595.0  9.980  -0.020  -8.130  5.16  308.32  49.38  741.90  0.11  226.80  4.48
79596.0  9.960  -0.200  -7.940  5.09  308.37  48.81  741.29  0.10  227.52  4.45
79597.0  9.930  -0.350  -7.830  5.04  308.41  48.38  740.66  0.29  226.37  4.39
79598.0  9.890  -0.440  -7.800  5.01  308.45  48.17  740.00  0.31  224.85  4.31
79599.0  9.840  -0.490  -7.950  5.00  308.46  48.17  739.47  0.29  225.29  4.29
79600.0  9.810  -0.520  -7.960  4.99  308.48  48.14  739.03  0.28  225.33  4.29
79601.0  9.760  -0.580  -7.910  4.97  308.49  48.10  738.50  0.29  226.14  4.21
79602.0  9.730  -0.620  -8.210  4.96  308.51  48.07  738.04  0.25  227.93  4.12
79603.0  9.710  -0.630  -8.310  4.96  308.55  48.08  737.51  0.24  228.59  4.13
79604.0  9.680  -0.700  -8.370  4.94  308.58  47.95  736.95  0.27  229.86  4.31
79605.0  9.630  -0.790  -8.450  4.91  308.60  47.79  736.30  0.19  229.48  4.30
79606.0  9.580  -0.890  -8.390  4.88  308.61  47.60  735.84  0.09  229.64  4.22
79607.0  9.520  -0.960  -8.490  4.86  308.62  47.55  735.22  0.04  230.66  4.14
79608.0  9.450  -1.010  -8.420  4.84  308.60  47.63  734.71  0.10  231.44  4.22
79609.0  9.410  -1.030  -8.450  4.84  308.62  47.64  734.20  0.04  231.88  4.17
79610.0  9.390  -1.070  -8.560  4.83  308.67  47.58  733.62  -0.13  234.78  4.25
79611.0  9.380  -1.130  -8.500  4.81  308.71  47.39  733.21  -0.31  238.00  4.14
79612.0  9.320  -1.220  -8.520  4.78  308.68  47.29  732.88  -0.14  237.04  4.03
79613.0  9.300  -1.300  -8.480  4.75  308.70  47.06  732.50  0.10  236.62  4.08
79614.0  9.260  -1.400  -8.500  4.72  308.67  46.87  732.38  0.15  234.97  4.18
79615.0  9.190  -1.510  -8.510  4.68  308.62  46.70  732.22  0.11  232.98  4.13
79616.0  9.180  -1.620  -8.510  4.65  308.63  46.36  732.06  0.17  232.88  4.05
79617.0  9.160  -1.720  -8.560  4.61  308.62  46.05  731.99  0.27  233.40  4.11
79618.0  9.160  -1.800  -8.610  4.58  308.62  45.78  731.97  0.24  235.05  4.25
79619.0  9.160  -1.870  -8.560  4.56  308.65  45.54  731.74  0.27  235.44  4.26
79620.0  9.140  -1.930  -8.650  4.54  308.65  45.42  731.56  0.08  236.35  4.32
79621.0  9.100  -1.980  -8.570  4.53  308.63  45.39  731.34  0.00  235.33  4.50
79622.0  9.050  -2.000  -8.690  4.52  308.58  45.47  731.21  0.03  234.93  4.59
79623.0  9.030  -2.030  -8.690  4.51  308.57  45.41  731.19  0.04  235.83  4.63
79624.0  9.030  -2.080  -8.720  4.50  308.57  45.26  731.19  -0.04  235.84  4.65
79625.0  9.060  -2.120  -8.790  4.48  308.60  45.03  731.19  -0.18  236.91  4.55
79626.0  9.070  -2.160  -8.690  4.47  308.62  44.89  731.15  -0.15  238.43  4.39
79627.0  9.100  -2.190  -8.710  4.46  308.67  44.65  730.96  0.03  239.56  4.38
79628.0  9.130  -2.220  -8.680  4.45  308.71  44.48  730.87  0.04  241.18  4.25
79629.0  9.090  -2.250  -8.680  4.44  308.71  44.52  730.53  0.13  239.59  4.22
79630.0  9.090  -2.270  -8.690  4.44  308.73  44.45  730.37  0.50  240.36  4.16
79631.0  9.150  -2.280  -8.690  4.43  308.80  44.23  730.30  0.43  246.09  3.97
79632.0  9.120  -2.290  -8.720  4.43  308.79  44.27  730.15  0.35  245.52  3.97
79633.0  9.150  -2.310  -8.640  4.42  308.82  44.12  730.20  0.37  248.77  4.08
79634.0  9.190  -2.300  -8.620  4.43  308.87  44.04  730.16  0.35  250.47  4.10
79635.0  9.170  -2.300  -8.630  4.43  308.84  44.10  730.21  0.11  246.28  4.05
79636.0  9.150  -2.310  -8.530  4.42  308.79  44.14  730.39  0.01  246.71  4.01
79637.0  9.190  -2.330  -8.420  4.42  308.82  43.93  730.58  0.10  249.14  4.09
79638.0  9.240  -2.330  -8.400  4.42  308.88  43.79  730.55  0.08  249.00  4.29
79639.0  9.190  -2.330  -8.370  4.41  308.83  43.94  730.48  -0.06  245.17  4.20
79640.0  9.170  -2.340  -8.410  4.41  308.82  43.97  730.40  -0.25  245.06  4.18
79641.0  9.140  -2.320  -8.430  4.42  308.82  44.12  730.13  -0.20  246.67  4.22
79642.0  9.170  -2.300  -8.460  4.43  308.86  44.10  730.01  -0.15  250.63  4.09
79643.0  9.210  -2.290  -8.650  4.43  308.89  44.03  730.09  -0.09  250.54  4.19
79644.0  9.220  -2.290  -8.550  4.43  308.92  43.98  730.05  -0.08  253.65  4.03
79645.0  9.270  -2.300  -8.550  4.43  308.98  43.80  729.96  -0.19  259.20  4.00
79646.0  9.310  -2.300  -8.660  4.43  309.03  43.70  729.88  -0.06  258.90  4.03
79647.0  9.280  -2.310  -8.610  4.43  309.01  43.74  729.79  -0.01  258.81  4.00
79648.0  9.210  -2.320  -8.510  4.42  308.94  43.90  729.75  -0.09  255.34  3.90
79649.0  9.160  -2.340  -8.440  4.42  308.89  43.97  729.71  0.02  254.15  3.79
79650.0  9.160  -2.370  -8.460  4.41  308.88  43.91  729.78  0.06  254.61  3.80
79651.0  9.120  -2.370  -8.480  4.41  308.84  44.00  729.74  0.11  253.99  3.63
79652.0  9.110  -2.380  -8.480  4.40  308.82  44.00  729.83  0.14  251.67  3.61
79653.0  9.050  -2.400  -8.520  4.40  308.76  44.14  729.76  0.11  244.90  3.57
79654.0  9.070  -2.390  -8.630  4.40  308.78  44.10  729.79  0.00  242.14  3.49
79655.0  9.070  -2.390  -8.620  4.40  308.78  44.10  729.83  0.16  243.18  3.85
79656.0  9.080  -2.400  -8.600  4.40  308.81  44.03  729.66  -0.07  244.01  3.65
79657.0  9.070  -2.430  -8.530  4.39  308.83  43.96  729.43  -0.16  243.64  3.76
79658.0  9.000  -2.450  -8.630  4.38  308.78  44.10  729.15  -0.31  237.68  3.75
79659.0  8.980  -2.470  -8.730  4.38  308.79  44.10  728.88  -0.26  237.83  3.90
79660.0  8.960  -2.490  -8.840  4.38  308.80  44.10  728.69  -0.15  241.88  3.80
79661.0  8.970  -2.510  -8.750  4.37  308.81  44.01  728.57  -0.16  244.07  3.70
79662.0  8.950  -2.540  -8.720  4.36  308.80  43.99  728.55  -0.23  244.30  3.57
79663.0  8.940  -2.550  -8.660  4.36  308.78  43.99  728.59  -0.31  242.95  3.57
79664.0  8.930  -2.540  -8.690  4.36  308.78  44.02  728.57  -0.38  245.38  3.73
79665.0  8.950  -2.550  -8.730  4.35  308.81  43.94  728.46  -0.43  248.18  3.72
79666.0  8.960  -2.570  -8.630  4.35  308.82  43.82  728.53  -0.42  251.38  3.58
79667.0  9.000  -2.580  -8.650  4.34  308.82  43.68  728.83  -0.26  255.46  3.34
79668.0  9.010  -2.610  -8.670  4.33  308.82  43.54  729.00  -0.31  256.29  3.56
79669.0  8.960  -2.630  -8.650  4.33  308.76  43.65  729.03  -0.06  251.85  3.71
79670.0  9.040  -2.630  -8.690  4.32  308.81  43.39  729.33  0.03  258.31  3.58
79671.0  9.090  -2.650  -8.620  4.32  308.83  43.18  729.62  0.12  259.89  3.54
79672.0  9.150  -2.650  -8.650  4.31  308.88  43.00  729.71  0.15  260.74  3.52
79673.0  9.180  -2.660  -8.620  4.31  308.89  42.90  729.89  0.16  260.10  3.66
79674.0  9.210  -2.660  -8.640  4.31  308.90  42.83  730.01  0.03  262.51  3.69
79675.0  9.250  -2.670  -8.620  4.31  308.91  42.66  730.33  0.03  261.21  3.50
79676.0  9.250  -2.690  -8.730  4.30  308.93  42.60  730.22  0.01  261.76  3.64
79677.0  9.270  -2.680  -8.640  4.31  308.96  42.60  730.08  -0.03  264.98  3.50
79678.0  9.250  -2.660  -8.670  4.31  308.94  42.71  730.11  0.25  259.49  3.63
79679.0  9.290  -2.660  -8.630  4.31  308.98  42.60  730.14  0.23  256.18  3.88
79680.0  9.360  -2.650  -8.650  4.31  309.04  42.37  730.32  0.11  263.53  3.78
79681.0  9.310  -2.670  -8.600  4.31  308.98  42.49  730.32  0.05  256.72  3.48
79682.0  9.290  -2.680  -8.660  4.30  308.96  42.52  730.27  0.02  253.26  3.59
79683.0  9.220  -2.680  -8.590  4.30  308.89  42.73  730.24  -0.01  248.92  3.51
79684.0  9.200  -2.690  -8.620  4.30  308.88  42.71  730.22  0.09  249.60  3.41
79685.0  9.190  -2.710  -8.680  4.29  308.85  42.72  730.25  0.09  250.84  3.37
79686.0  9.180  -2.730  -8.680  4.29  308.85  42.69  730.17  -0.04  251.19  3.36
79687.0  9.130  -2.750  -8.670  4.28  308.81  42.78  730.04  0.13  242.24  3.59
79688.0  9.120  -2.740  -8.720  4.28  308.83  42.80  729.86  0.23  240.81  3.34
79689.0  9.180  -2.750  -8.740  4.28  308.89  42.60  729.92  -0.03  249.88  3.38
79690.0  9.180  -2.770  -8.690  4.28  308.89  42.55  729.81  0.11  248.10  3.63
79691.0  9.160  -2.780  -8.690  4.27  308.87  42.58  729.85  0.17  247.96  3.64
79692.0  9.130  -2.790  -8.740  4.27  308.85  42.62  729.74  0.02  243.73  3.64
79693.0  9.150  -2.800  -8.690  4.27  308.89  42.55  729.66  0.11  247.31  3.56
79694.0  9.150  -2.810  -8.720  4.27  308.90  42.51  729.52  0.29  246.31  3.73
79695.0  9.090  -2.830  -8.770  4.26  308.86  42.63  729.29  0.28  241.85  3.75
79696.0  9.050  -2.840  -8.880  4.26  308.83  42.71  729.18  0.12  238.92  3.61
79697.0  9.050  -2.850  -8.890  4.25  308.83  42.67  729.18  0.28  241.45  3.67
79698.0  9.050  -2.860  -8.850  4.25  308.86  42.64  728.97  0.26  243.15  3.80
79699.0  9.030  -2.890  -8.880  4.25  308.87  42.60  728.72  0.02  243.06  3.86
79700.0  9.000  -2.910  -8.980  4.24  308.86  42.62  728.54  0.14  242.61  3.85
79701.0  8.960  -2.940  -9.040  4.23  308.85  42.66  728.26  0.22  241.65  3.86
79702.0  8.950  -2.950  -8.970  4.23  308.84  42.63  728.20  0.19  243.74  3.90
79703.0  8.940  -2.960  -8.930  4.23  308.85  42.63  728.12  0.17  244.27  3.85
79704.0  8.980  -2.990  -8.840  4.22  308.92  42.42  727.88  0.21  248.31  3.74
79705.0  9.010  -3.010  -8.730  4.21  308.96  42.29  727.80  0.29  247.74  3.72
79706.0  9.030  -3.010  -8.750  4.21  309.00  42.23  727.66  0.24  251.00  3.61
79707.0  9.030  -3.010  -8.660  4.21  309.03  42.20  727.44  0.18  252.91  3.55
79708.0  9.030  -3.030  -8.640  4.21  309.04  42.16  727.31  0.19  250.87  3.57
79709.0  9.040  -3.040  -8.710  4.20  309.06  42.09  727.23  0.20  252.78  3.59
79710.0  9.020  -3.040  -8.700  4.21  309.04  42.14  727.21  0.37  252.67  3.53
79711.0  9.030  -3.040  -8.680  4.21  309.08  42.13  726.98  0.45  253.65  3.64
79712.0  9.000  -3.040  -8.770  4.21  309.07  42.22  726.77  0.39  250.37  3.68
79713.0  8.950  -3.040  -8.770  4.21  309.04  42.35  726.58  0.47  248.27  3.62
79714.0  8.800  -3.030  -8.760  4.21  308.90  42.81  726.43  0.68  241.81  3.63
79715.0  8.760  -3.010  -8.920  4.22  308.85  43.01  726.42  0.65  240.61  3.69
79716.0  8.740  -3.010  -8.890  4.22  308.83  43.08  726.36  0.57  241.77  3.73
79717.0  8.730  -3.010  -8.810  4.22  308.82  43.10  726.40  0.64  243.74  3.67
79718.0  8.700  -3.020  -8.840  4.22  308.78  43.15  726.48  0.63  243.02  3.66
79719.0  8.700  -3.020  -8.760  4.22  308.79  43.15  726.38  0.65  242.83  3.74
79720.0  8.670  -3.020  -8.720  4.22  308.78  43.26  726.21  0.57  242.31  3.73
79721.0  8.640  -3.010  -8.780  4.22  308.75  43.35  726.16  0.74  239.51  3.72
79722.0  8.640  -3.010  -8.840  4.22  308.74  43.35  726.30  0.55  237.21  3.76
79723.0  8.600  -3.010  -8.870  4.22  308.68  43.47  726.41  0.43  236.71  3.90
79724.0  8.630  -3.030  -8.810  4.21  308.69  43.33  726.54  0.42  236.41  3.96
79725.0  8.610  -3.040  -8.770  4.21  308.66  43.34  726.71  0.34  236.52  3.94
79726.0  8.640  -3.050  -8.760  4.20  308.66  43.23  726.88  0.17  237.12  3.92
79727.0  8.670  -3.080  -8.740  4.20  308.68  43.07  727.03  -0.01  236.43  3.98
79728.0  8.670  -3.090  -8.720  4.19  308.67  43.01  727.10  -0.12  236.78  3.93
79729.0  8.680  -3.110  -8.770  4.18  308.66  42.91  727.33  0.09  236.47  3.89
79730.0  8.690  -3.110  -8.780  4.18  308.66  42.88  727.40  0.16  236.11  3.89
79731.0  8.720  -3.110  -8.800  4.18  308.68  42.81  727.46  0.21  236.66  3.93
79732.0  8.740  -3.100  -8.760  4.18  308.68  42.79  727.66  0.27  236.48  3.91
79733.0  8.750  -3.090  -8.700  4.19  308.66  42.80  727.91  0.22  236.04  3.89
79734.0  8.770  -3.080  -8.720  4.19  308.65  42.76  728.15  0.30  235.71  3.80
79735.0  8.780  -3.070  -8.760  4.19  308.63  42.74  728.43  0.36  234.94  3.87
79736.0  8.840  -3.070  -8.790  4.19  308.66  42.58  728.72  0.25  236.03  3.86
79737.0  8.830  -3.070  -8.720  4.19  308.64  42.62  728.80  0.09  235.48  3.82
79738.0  8.860  -3.070  -8.800  4.19  308.65  42.54  728.99  0.03  236.43  3.78
79739.0  8.860  -3.070  -8.750  4.19  308.63  42.51  729.20  -0.17  234.77  3.84
79740.0  8.910  -3.070  -8.710  4.18  308.67  42.35  729.34  -0.23  234.26  3.85
79741.0  8.900  -3.060  -8.660  4.19  308.64  42.42  729.43  -0.21  234.64  3.80
79742.0  8.960  -3.040  -8.670  4.19  308.69  42.32  729.55  -0.25  232.93  3.83
79743.0  8.960  -3.030  -8.560  4.19  308.67  42.37  729.72  -0.16  234.52  3.86
79744.0  9.000  -3.020  -8.520  4.20  308.69  42.30  729.87  0.05  233.45  3.87
79745.0  9.020  -3.000  -8.640  4.20  308.69  42.26  730.17  0.12  233.78  3.87
79746.0  9.100  -2.990  -8.650  4.21  308.77  42.09  730.22  -0.10  237.13  3.72
79747.0  9.120  -2.980  -8.680  4.21  308.77  42.06  730.35  0.13  238.98  3.88
79748.0  9.180  -2.950  -8.630  4.22  308.82  41.98  730.52  -0.03  240.71  3.83
79749.0  9.220  -2.930  -8.660  4.22  308.87  41.92  730.41  -0.24  241.54  3.83
79750.0  9.220  -2.940  -8.690  4.22  308.86  41.91  730.48  -0.27  244.05  3.77
79751.0  9.230  -2.930  -8.660  4.22  308.87  41.89  730.55  -0.22  246.86  3.87
79752.0  9.260  -2.910  -8.630  4.23  308.90  41.86  730.56  -0.33  252.22  3.84
79753.0  9.240  -2.900  -8.620  4.23  308.87  41.97  730.60  -0.38  248.06  3.69
79754.0  9.200  -2.860  -8.640  4.24  308.85  42.18  730.44  -0.34  244.09  3.51
79755.0  9.190  -2.840  -8.690  4.25  308.85  42.30  730.37  -0.20  242.34  3.49
79756.0  9.170  -2.820  -8.710  4.26  308.81  42.42  730.44  0.08  241.55  3.40
79757.0  9.150  -2.820  -8.680  4.26  308.77  42.48  730.61  0.15  238.74  3.29
79758.0  9.160  -2.820  -8.570  4.26  308.77  42.45  730.70  0.05  239.62  3.25
79759.0  9.150  -2.830  -8.580  4.25  308.77  42.44  730.65  -0.05  241.10  3.19
79760.0  9.130  -2.840  -8.660  4.25  308.77  42.46  730.48  -0.04  242.22  3.15
