flight/WP3D/AircraftPos_NP3_20130703_RA.ict
39  1001
Ken Aikin
NOAA ESRL Chemical Sciences Division
various aircraft sensors
SENEX 2013
1  1
2013  07  03  2013  07  03
1
AOCTimewave
5
1  1  1  1  1 
-9999  -9999  -9999  -9999  -9999
GpsLat  deg
GpsLon  deg
GpsAlt  m
PAlt  m
RAlt  m
1
SPECIAL COMMENTS:AR  MO power plants  night flight.
19
PI_CONTACT_INFO: Address: NOAA ESRL Chemical Sciences Division  Mail Stop R/CSD7  325 Broadway  Boulder  CO 80305
PLATFORM: NOAA WP-3D
LOCATION: The aircraft was stationed in Smyrna  Tennessee. Aircraft location information in AircraftPosition file.
ASSOCIATED_DATA: N/A
INSTRUMENT_INFO: N/A
DATA_INFO: Units:GpsLat:decimal degrees; GpsLon: decimal degrees; GpsAlt: meters; PAlt:meters; RAlt: meters.
UNCERTAINTY: N/A
ULOD_FLAG: -7777
ULOD_VALUE: N/A
LLOD_FLAG: -8888
LLOD_VALUE: N/A
DM_CONTACT_INFO: Data Manager:Ken Aikin; email:Kenneth.C.Aikin@noaa.gov
PROJECT_INFO: SENEX 2013 Study; June 1 - July 15  2013
STIPULATIONS_ON_USE: Use of these data require prior ok from PI.
OTHER_COMMENTS:       None
REVISION: RA
RB: Correct time. RA was off by one day. No change to data.
RA: Preliminary Data.  For in-field use.
AOCTimewave  GpsLat  GpsLon  GpsAlt  PAlt  RAlt
[from data line 5819]
 9218.0  36.3305   -89.7829   1300.9   1223.6   1247.9
 9219.0  36.3305   -89.7842   1300.9   1223.4   1237.2
 9220.0  36.3306   -89.7855   1300.9   1224.0   1239.1
 9221.0  36.3306   -89.7868   1300.9   1222.2   1231.7
 9222.0  36.3306   -89.7881   1300.9   1221.9   1231.3
 9223.0  36.3306   -89.7894   1300.9   1223.0   1236.1
 9224.0  36.3306   -89.7907   1300.9   1223.2   1226.9
 9225.0  36.3306   -89.7920   1300.3   1223.8   1224.8
 9226.0  36.3306   -89.7933   1299.7   1223.5   1228.6
 9227.0  36.3305   -89.7945   1300.6   1223.1   1224.4
 9228.0  36.3304   -89.7958   1300.9   1224.3   1225.7
 9229.0  36.3303   -89.7971   1302.1   1225.0   1234.4
 9230.0  36.3301   -89.7984   1302.2   1225.5   1228.0
 9231.0  36.3299   -89.7997   1303.3   1225.6   1231.3
 9232.0  36.3297   -89.8009   1303.3   1226.8   1245.3
 9233.0  36.3294   -89.8022   1303.3   1226.9   1261.4
 9234.0  36.3291   -89.8034   1303.3   1227.2   1254.7
 9235.0  36.3287   -89.8046   1303.2   1226.4   1260.8
 9236.0  36.3283   -89.8058   1302.1   1225.7   1249.8
 9237.0  36.3279   -89.8070   1302.1   1225.3   1248.2
 9238.0  36.3275   -89.8082   1302.1   1225.0   1250.9
 9239.0  36.3270   -89.8093   1302.1   1225.4   1236.3
 9240.0  36.3265   -89.8104   1302.1   1224.3   1238.6
 9241.0  36.3259   -89.8115   1302.1   1224.7   1239.4
 9242.0  36.3254   -89.8126   1302.1   1224.1   1240.0
 9243.0  36.3248   -89.8137   1302.1   1224.0   1247.7
 9244.0  36.3241   -89.8147   1302.0   1224.3   1246.0
 9245.0  36.3235   -89.8157   1300.9   1223.7   1253.0
 9246.0  36.3228   -89.8167   1300.9   1224.0   1253.7
 9247.0  36.3221   -89.8176   1300.9   1224.2   1251.3
 9248.0  36.3214   -89.8185   1300.9   1223.3   1242.2
 9249.0  36.3206   -89.8194   1300.9   1224.0   1240.0
 9250.0  36.3198   -89.8203   1300.9   1223.9   1241.4
 9251.0  36.3191   -89.8212   1300.9   1225.7   1236.3
 9252.0  36.3183   -89.8221   1300.3   1223.2   1244.8
 9253.0  36.3175   -89.8230   1299.7   1224.2   1241.4
 9254.0  36.3168   -89.8238   1299.7   1223.0   1233.7
 9255.0  36.3160   -89.8247   1299.7   1221.5   1229.4
 9256.0  36.3152   -89.8256   1299.7   1220.9   1237.9
 9257.0  36.3144   -89.8265   1298.5   1222.4   1241.2
 9258.0  36.3137   -89.8273   1298.5   1224.1   1243.6
 9259.0  36.3129   -89.8282   1299.4   1225.4   1239.4
 9260.0  36.3121   -89.8291   1298.4   1224.1   1237.9
 9261.0  36.3114   -89.8300   1298.4   1222.8   1235.7
 9262.0  36.3106   -89.8308   1298.6   1223.6   1235.1
 9263.0  36.3098   -89.8317   1299.7   1224.7   1245.8
 9264.0  36.3091   -89.8326   1299.7   1223.1   1237.3
 9265.0  36.3083   -89.8335   1299.7   1222.6   1236.1
 9266.0  36.3075   -89.8344   1301.5   1222.8   1226.2
 9267.0  36.3067   -89.8352   1305.8   1226.5   1234.6
 9268.0  36.3060   -89.8361   1310.9   1231.7   1251.1
 9269.0  36.3052   -89.8370   1317.0   1239.0   1255.7
 9270.0  36.3044   -89.8378   1323.7   1246.7   1260.3
 9271.0  36.3037   -89.8387   1330.2   1252.0   1264.2
 9272.0  36.3029   -89.8395   1336.8   1258.7   1275.3
 9273.0  36.3022   -89.8404   1343.1   1265.0   1287.9
 9274.0  36.3014   -89.8413   1349.4   1271.4   1290.6
 9275.0  36.3006   -89.8421   1354.7   1276.1   1294.6
 9276.0  36.2999   -89.8429   1360.4   1282.0   1289.6
 9277.0  36.2991   -89.8438   1365.9   1287.2   1309.9
 9278.0  36.2983   -89.8446   1371.5   1292.2   1316.8
 9279.0  36.2976   -89.8455   1376.8   1298.0   1317.3
 9280.0  36.2968   -89.8463   1382.4   1302.4   1319.5
 9281.0  36.2960   -89.8472   1387.7   1307.5   1325.5
 9282.0  36.2953   -89.8480   1393.2   1313.2   1327.2
 9283.0  36.2945   -89.8488   1398.8   1318.2   1339.0
 9284.0  36.2937   -89.8497   1404.6   1322.8   1341.1
 9285.0  36.2930   -89.8505   1410.6   1329.5   1343.3
 9286.0  36.2922   -89.8513   1416.6   1336.7   1345.2
 9287.0  36.2914   -89.8521   1422.0   1342.2   1352.6
 9288.0  36.2907   -89.8530   1427.5   1346.4   1374.2
 9289.0  36.2899   -89.8538   1432.9   1352.0   1384.1
 9290.0  36.2891   -89.8546   1438.2   1357.5   1386.3
 9291.0  36.2884   -89.8554   1443.4   1363.8   1390.5
 9292.0  36.2876   -89.8562   1448.8   1367.5   1386.0
 9293.0  36.2868   -89.8570   1454.5   1372.9   1389.2
 9294.0  36.2861   -89.8579   1460.7   1378.8   1399.5
 9295.0  36.2853   -89.8587   1467.5   1384.2   1405.8
 9296.0  36.2846   -89.8596   1475.1   1390.8   1416.6
 9297.0  36.2839   -89.8605   1483.8   1400.6   1431.7
 9298.0  36.2832   -89.8614   1492.9   1410.0   1445.1
 9299.0  36.2826   -89.8623   1501.9   1418.5   1454.0
 9300.0  36.2820   -89.8633   1510.5   1425.2   1460.7
 9301.0  36.2814   -89.8642   1518.7   1434.8   1460.1
 9302.0  36.2808   -89.8652   1526.4   1442.3   1462.2
 9303.0  36.2803   -89.8663   1533.6   1449.1   1475.6
 9304.0  36.2798   -89.8673   1540.9   1456.9   1470.1
 9305.0  36.2793   -89.8684   1547.3   1464.3   1471.4
 9306.0  36.2789   -89.8695   1552.8   1468.7   1478.3
 9307.0  36.2785   -89.8706   1557.6   1473.1   1493.1
 9308.0  36.2782   -89.8717   1561.5   1476.1   1485.7
 9309.0  36.2779   -89.8728   1565.0   1477.2   1491.5
 9310.0  36.2776   -89.8740   1568.5   1481.8   1496.4
 9311.0  36.2774   -89.8752   1571.8   1486.2   1499.8
 9312.0  36.2772   -89.8764   1575.1   1487.2   1507.3
 9313.0  36.2771   -89.8776   1578.5   1489.2   1525.8
 9314.0  36.2770   -89.8788   1582.4   1492.9   1529.5
 9315.0  36.2770   -89.8800   1587.0   1499.3   1538.6
 9316.0  36.2770   -89.8812   1591.6   1505.8   1534.4
 9317.0  36.2771   -89.8825   1596.1   1510.6   1541.6
 9318.0  36.2772   -89.8837   1600.1   1513.5   1553.3
 9319.0  36.2773   -89.8849   1603.6   1517.5   1557.3
 9320.0  36.2775   -89.8861   1607.0   1520.2   1547.7
 9321.0  36.2778   -89.8873   1610.8   1522.6   1559.2
 9322.0  36.2781   -89.8884   1615.2   1525.3   1554.7
 9323.0  36.2784   -89.8896   1620.4   1529.5   1566.1
 9324.0  36.2788   -89.8907   1626.4   1536.1   1593.0
 9325.0  36.2793   -89.8918   1633.3   1543.9   1606.2
 9326.0  36.2798   -89.8929   1640.9   1553.2   1615.3
 9327.0  36.2803   -89.8939   1648.8   1561.6   1613.4
 9328.0  36.2808   -89.8949   1656.9   1568.8   1621.2
 9329.0  36.2814   -89.8959   1665.3   1575.5   1628.3
 9330.0  36.2821   -89.8968   1674.2   1583.7   1639.1
 9331.0  36.2827   -89.8977   1683.3   1593.0   1647.4
 9332.0  36.2834   -89.8985   1692.9   1602.0   1651.7
 9333.0  36.2841   -89.8994   1702.3   1611.8   1665.2
 9334.0  36.2849   -89.9001   1711.1   1621.2   1664.9
 9335.0  36.2857   -89.9008   1718.9   1630.3   1657.1
 9336.0  36.2865   -89.9015   1725.5   1637.5   1677.8
 9337.0  36.2873   -89.9022   1731.2   1640.7   1685.2
 9338.0  36.2881   -89.9028   1736.7   1646.3   1695.7
 9339.0  36.2890   -89.9034   1742.1   1651.7   1690.3
 9340.0  36.2899   -89.9039   1747.6   1654.9   1693.7
 9341.0  36.2908   -89.9044   1753.8   1660.4   1703.9
 9342.0  36.2917   -89.9048   1760.7   1669.8   1709.3
 9343.0  36.2926   -89.9052   1767.7   1677.1   1704.7
 9344.0  36.2936   -89.9055   1773.5   1682.8   1705.4
 9345.0  36.2946   -89.9058   1778.3   1688.1   1706.1
 9346.0  36.2955   -89.9060   1782.2   1692.1   1714.3
 9347.0  36.2965   -89.9062   1785.7   1693.9   1732.8
 9348.0  36.2975   -89.9063   1789.2   1696.9   1722.1
 9349.0  36.2985   -89.9064   1792.9   1700.6   1723.4
 9350.0  36.2995   -89.9064   1796.8   1705.5   1729.8
 9351.0  36.3005   -89.9064   1800.9   1708.0   1729.1
 9352.0  36.3015   -89.9063   1804.4   1712.2   1735.1
 9353.0  36.3025   -89.9062   1807.6   1715.4   1740.3
 9354.0  36.3035   -89.9060   1810.9   1717.7   1738.4
 9355.0  36.3045   -89.9058   1814.8   1721.7   1742.0
 9356.0  36.3055   -89.9055   1818.6   1724.4   1750.3
 9357.0  36.3065   -89.9051   1822.4   1728.3   1748.1
 9358.0  36.3075   -89.9047   1826.4   1731.2   1766.7
 9359.0  36.3084   -89.9043   1831.4   1736.7   1768.4
 9360.0  36.3094   -89.9038   1836.7   1743.9   1777.6
 9361.0  36.3103   -89.9033   1842.6   1749.2   1782.4
 9362.0  36.3112   -89.9027   1848.8   1755.7   1799.9
 9363.0  36.3121   -89.9021   1855.2   1761.9   1812.9
 9364.0  36.3130   -89.9014   1861.5   1768.7   1814.1
 9365.0  36.3138   -89.9007   1867.3   1773.6   1824.8
 9366.0  36.3147   -89.8999   1872.5   1777.3   1833.2
 9367.0  36.3155   -89.8991   1877.2   1781.3   1832.7
 9368.0  36.3163   -89.8983   1881.7   1786.9   1843.2
 9369.0  36.3171   -89.8975   1885.6   1793.0   1836.0
 9370.0  36.3178   -89.8966   1888.9   1796.1   1827.0
 9371.0  36.3186   -89.8957   1891.9   1800.0   1814.0
 9372.0  36.3193   -89.8948   1894.3   1802.9   1825.2
 9373.0  36.3200   -89.8938   1896.7   1801.8   1822.4
 9374.0  36.3207   -89.8928   1899.4   1802.8   1828.5
 9375.0  36.3214   -89.8918   1903.1   1806.2   1831.6
 9376.0  36.3221   -89.8908   1907.1   1811.2   1842.0
 9377.0  36.3227   -89.8897   1911.1   1815.0   1865.4
 9378.0  36.3233   -89.8886   1915.1   1820.1   1852.9
 9379.0  36.3238   -89.8875   1918.7   1824.8   1851.0
 9380.0  36.3244   -89.8864   1920.8   1826.3   1868.3
 9381.0  36.3249   -89.8852   1921.8   1827.6   1863.9
 9382.0  36.3254   -89.8840   1922.7   1828.7   1864.8
 9383.0  36.3258   -89.8828   1922.7   1828.5   1860.1
 9384.0  36.3263   -89.8816   1922.7   1828.2   1863.2
 9385.0  36.3267   -89.8803   1922.3   1827.9   1869.1
 9386.0  36.3270   -89.8790   1921.3   1828.4   1870.7
 9387.0  36.3274   -89.8777   1920.2   1826.7   1874.0
 9388.0  36.3277   -89.8764   1918.3   1824.9   1879.0
 9389.0  36.3280   -89.8751   1915.8   1823.7   1865.8
 9390.0  36.3283   -89.8737   1913.2   1821.1   1856.0
 9391.0  36.3285   -89.8724   1910.7   1817.2   1862.6
 9392.0  36.3287   -89.8710   1907.5   1814.1   1851.3
 9393.0  36.3288   -89.8696   1903.9   1810.2   1855.4
 9394.0  36.3290   -89.8682   1900.3   1806.9   1861.4
 9395.0  36.3291   -89.8668   1897.1   1804.4   1854.3
 9396.0  36.3293   -89.8653   1894.3   1801.9   1846.8
 9397.0  36.3294   -89.8639   1892.2   1800.5   1855.4
 9398.0  36.3295   -89.8625   1890.8   1798.5   1845.6
 9399.0  36.3296   -89.8610   1889.8   1797.3   1849.4
 9400.0  36.3298   -89.8596   1888.7   1796.6   1836.0
 9401.0  36.3299   -89.8581   1887.6   1794.7   1830.8
 9402.0  36.3300   -89.8567   1886.5   1793.6   1830.0
 9403.0  36.3301   -89.8552   1885.6   1792.5   1841.8
 9404.0  36.3302   -89.8537   1884.5   1791.2   1843.8
 9405.0  36.3303   -89.8523   1883.7   1789.6   1842.4
 9406.0  36.3304   -89.8508   1882.6   1789.6   1841.9
 9407.0  36.3306   -89.8494   1882.4   1789.1   1829.9
 9408.0  36.3307   -89.8479   1882.1   1789.4   1834.2
 9409.0  36.3308   -89.8464   1881.2   1789.3   1835.4
 9410.0  36.3309   -89.8450   1881.2   1787.9   1835.7
 9411.0  36.3310   -89.8435   1881.2   1788.0   1843.9
 9412.0  36.3311   -89.8421   1881.2   1788.0   1836.8
 9413.0  36.3312   -89.8406   1881.2   1788.9   1835.6
 9414.0  36.3314   -89.8392   1882.2   1789.0   1842.6
 9415.0  36.3315   -89.8377   1882.4   1789.2   1842.2
 9416.0  36.3316   -89.8363   1882.9   1789.5   1837.5
 9417.0  36.3317   -89.8348   1883.7   1790.7   1826.0
 9418.0  36.3318   -89.8334   1883.8   1790.9   1815.5
 9419.0  36.3319   -89.8319   1884.9   1792.3   1826.5
 9420.0  36.3320   -89.8305   1885.2   1793.2   1820.4
 9421.0  36.3322   -89.8290   1886.1   1793.1   1838.8
 9422.0  36.3323   -89.8276   1886.7   1792.6   1847.9
 9423.0  36.3324   -89.8262   1887.3   1793.3   1830.5
 9424.0  36.3325   -89.8247   1888.2   1794.1   1838.1
 9425.0  36.3326   -89.8233   1888.5   1795.4   1832.2
 9426.0  36.3327   -89.8218   1888.5   1794.9   1818.3
 9427.0  36.3328   -89.8204   1888.5   1794.4   1845.4
 9428.0  36.3329   -89.8190   1888.5   1794.5   1853.9
 9429.0  36.3330   -89.8176   1888.5   1794.4   1853.9
 9430.0  36.3330   -89.8161   1888.6   1795.1   1850.9
 9431.0  36.3331   -89.8147   1888.7   1794.7   1850.0
 9432.0  36.3332   -89.8133   1888.5   1793.8   1843.5
 9433.0  36.3333   -89.8119   1888.5   1794.5   1834.3
 9434.0  36.3334   -89.8104   1888.5   1795.3   1834.2
 9435.0  36.3335   -89.8090   1888.5   1793.4   1840.5
 9436.0  36.3335   -89.8076   1887.7   1794.9   1834.9
 9437.0  36.3336   -89.8062   1887.3   1795.1   1838.9
 9438.0  36.3337   -89.8048   1887.3   1793.9   1838.7
 9439.0  36.3337   -89.8034   1887.3   1794.0   1840.5
 9440.0  36.3338   -89.8020   1887.3   1794.4   1838.9
 9441.0  36.3339   -89.8006   1887.3   1792.2   1833.7
 9442.0  36.3340   -89.7991   1887.3   1790.9   1838.6
 9443.0  36.3340   -89.7978   1886.5   1790.5   1833.8
 9444.0  36.3341   -89.7964   1886.1   1791.0   1832.8
 9445.0  36.3342   -89.7950   1886.1   1790.6   1833.2
 9446.0  36.3342   -89.7936   1886.1   1791.1   1825.5
 9447.0  36.3343   -89.7922   1886.1   1791.3   1835.7
 9448.0  36.3344   -89.7908   1886.1   1790.9   1829.0
 9449.0  36.3344   -89.7894   1886.1   1792.9   1817.8
 9450.0  36.3345   -89.7880   1886.1   1793.1   1820.7
 9451.0  36.3346   -89.7866   1886.4   1793.2   1827.2
 9452.0  36.3346   -89.7852   1887.3   1792.3   1830.8
 9453.0  36.3347   -89.7839   1887.3   1791.5   1828.9
 9454.0  36.3347   -89.7825   1887.3   1791.6   1828.2
 9455.0  36.3348   -89.7811   1887.3   1791.6   1833.6
 9456.0  36.3349   -89.7797   1887.3   1792.7   1839.5
 9457.0  36.3349   -89.7783   1888.4   1793.1   1818.7
 9458.0  36.3350   -89.7770   1888.5   1794.2   1816.4
 9459.0  36.3351   -89.7756   1888.5   1794.5   1819.9
 9460.0  36.3351   -89.7742   1888.5   1794.7   1823.0
 9461.0  36.3352   -89.7729   1888.5   1794.4   1825.9
 9462.0  36.3353   -89.7715   1888.5   1793.8   1835.7
 9463.0  36.3353   -89.7701   1888.5   1795.0   1844.7
 9464.0  36.3354   -89.7688   1888.5   1794.4   1848.9
 9465.0  36.3354   -89.7674   1888.5   1792.8   1832.0
 9466.0  36.3355   -89.7660   1888.5   1793.9   1835.2
 9467.0  36.3356   -89.7647   1888.5   1793.4   1834.0
 9468.0  36.3356   -89.7633   1888.5   1793.4   1833.2
 9469.0  36.3357   -89.7619   1889.6   1794.5   1829.3
 9470.0  36.3357   -89.7605   1889.3   1795.0   1832.2
 9471.0  36.3357   -89.7592   1888.5   1793.9   1839.3
 9472.0  36.3358   -89.7578   1888.5   1794.2   1831.7
 9473.0  36.3358   -89.7564   1888.5   1793.1   1837.0
 9474.0  36.3359   -89.7551   1888.5   1792.1   1833.7
 9475.0  36.3359   -89.7537   1888.5   1792.1   1825.1
 9476.0  36.3359   -89.7523   1888.5   1792.5   1811.9
 9477.0  36.3360   -89.7510   1888.5   1793.1   1831.3
 9478.0  36.3360   -89.7496   1888.5   1793.7   1848.5
 9479.0  36.3360   -89.7482   1888.5   1793.0   1849.0
 9480.0  36.3361   -89.7469   1888.5   1794.3   1843.1
 9481.0  36.3361   -89.7455   1888.5   1794.4   1845.6
 9482.0  36.3361   -89.7441   1888.5   1792.9   1850.0
 9483.0  36.3361   -89.7428   1888.5   1793.7   1843.1
 9484.0  36.3361   -89.7414   1888.5   1792.9   1838.9
 9485.0  36.3361   -89.7400   1889.3   1794.6   1837.5
 9486.0  36.3361   -89.7386   1889.8   1793.7   1837.2
 9487.0  36.3361   -89.7373   1889.8   1793.8   1837.0
 9488.0  36.3362   -89.7359   1889.8   1794.2   1843.5
 9489.0  36.3362   -89.7345   1889.8   1795.7   1850.9
 9490.0  36.3362   -89.7332   1889.8   1794.8   1847.5
 9491.0  36.3362   -89.7318   1889.8   1795.7   1843.5
 9492.0  36.3362   -89.7304   1889.8   1796.5   1844.7
 9493.0  36.3362   -89.7291   1889.8   1794.8   1835.6
 9494.0  36.3362   -89.7277   1889.8   1795.5   1825.3
 9495.0  36.3362   -89.7263   1889.8   1795.9   1813.7
 9496.0  36.3362   -89.7249   1889.8   1795.5   1813.3
 9497.0  36.3362   -89.7236   1889.8   1794.0   1820.7
 9498.0  36.3361   -89.7222   1889.9   1793.8   1820.3
 9499.0  36.3361   -89.7208   1891.0   1794.3   1809.5
 9500.0  36.3361   -89.7194   1890.6   1794.3   1819.2
 9501.0  36.3361   -89.7181   1889.8   1794.1   1838.6
 9502.0  36.3361   -89.7167   1889.8   1794.6   1849.7
 9503.0  36.3361   -89.7153   1889.8   1794.7   1853.2
 9504.0  36.3361   -89.7139   1889.8   1794.5   1842.7
 9505.0  36.3361   -89.7126   1889.8   1794.6   1834.4
 9506.0  36.3361   -89.7112   1889.8   1794.0   1823.6
 9507.0  36.3361   -89.7098   1889.8   1793.2   1837.2
