flight/WP3D/AircraftMis_NP3_20130612_RA.ict
41  1001
Ken Aikin
NOAA ESRL Chemical Sciences Division
various aircraft sensors
SENEX 2013
1  1
2013  06  12  2013  06  12
1
AOCTimewave
8
1  1  1  1  1  1  1  1
-9999  -9999  -9999  -9999  -9999  -9999  -9999  -9999
Attack  deg
CabinPrs  mbar
GndSpd  m/s
Heading  deg
Pitch  deg
Roll  deg
Slip  deg
TrueAirSpd  m/s
1
SPECIAL COMMENTS:Atlanta flight.
18
PI_CONTACT_INFO: Address: NOAA ESRL Chemical Sciences Division  Mail Stop R/CSD7  325 Broadway  Boulder  CO 80305
PLATFORM: NOAA WP-3D
LOCATION: The aircraft was stationed in  Smyrna  Tennessee. Aircraft location information in AircraftPosition file.
ASSOCIATED_DATA: N/A
INSTRUMENT_INFO: N/A
DATA_INFO: Units: Attack degrees; CabinPrs millibar; GndSpd m/s; Heading degrees; Pitch degrees; Roll degrees; Slip degrees; TrueAirSpd m/s
UNCERTAINTY: N/A
ULOD_FLAG: -7777
ULOD_VALUE: N/A
LLOD_FLAG: -8888
LLOD_VALUE: N/A
DM_CONTACT_INFO: Data Manager:Ken Aikin; email:Kenneth.C.Aikin@noaa.gov
PROJECT_INFO: SENEX 2013 Study; June 1 - July 15  2013
STIPULATIONS_ON_USE: Use of these data require prior ok from PI.
OTHER_COMMENTS:       None
REVISION: RA
RA: Preliminary Data.  For in-field use.
AOCTimewave  Attack  CabinPrs  GndSpd  Heading  Pitch  Roll  Slip  TrueAirSpd
[from data line 9278]
62576.0  2.1  952.4  117.0  182.6  2.20  -0.48  -0.70  113.6
62577.0  2.3  952.3  116.9  182.5  2.49  -0.59  -0.55  114.0
62578.0  2.4  952.2  116.8  182.5  2.51  -0.55  -0.33  113.3
62579.0  2.3  952.5  116.7  182.6  2.46  -0.80  -0.41  113.1
62580.0  2.3  952.3  116.6  182.7  2.48  -0.70  -0.23  112.7
62581.0  2.3  952.5  116.5  182.9  2.46  -0.54  -0.60  113.2
62582.0  2.3  952.3  116.4  182.9  2.50  -0.65  -0.98  113.2
62583.0  2.5  952.3  116.4  182.6  2.58  -1.10  -0.59  112.6
62584.0  2.1  952.1  116.3  182.5  2.54  -0.33  -0.47  112.2
62585.0  2.3  952.5  116.2  182.6  2.67  0.17  -0.51  112.7
62586.0  2.6  952.4  116.1  182.6  2.91  -0.27  -0.49  112.1
62587.0  2.2  952.0  115.9  182.6  2.82  -0.18  -0.59  111.5
62588.0  2.8  952.1  115.8  182.6  2.98  -0.23  -0.12  111.0
62589.0  2.7  952.4  115.7  182.9  3.12  -0.58  -0.23  110.6
62590.0  2.3  952.3  115.6  183.2  2.84  -0.56  -0.70  110.4
62591.0  2.5  952.2  115.5  183.2  3.04  -0.92  -0.47  110.7
62592.0  2.6  952.8  115.3  183.2  3.17  -1.31  -0.92  110.5
62593.0  3.5  952.3  115.2  183.0  3.30  -1.57  -1.16  110.0
62594.0  2.6  952.8  115.1  182.6  2.87  -1.60  -0.75  110.7
62595.0  1.8  952.3  115.1  182.3  2.36  -0.26  -0.55  111.2
62596.0  2.3  952.2  115.0  182.2  2.89  0.67  -0.39  111.1
62597.0  2.9  952.5  114.8  182.3  3.20  0.02  -0.74  110.6
62598.0  3.1  952.4  114.7  182.2  2.99  -0.08  -0.74  111.1
62599.0  2.3  952.2  114.6  182.1  2.44  0.63  -0.49  111.1
62600.0  2.1  952.4  114.6  182.2  2.27  0.33  -0.37  111.1
62601.0  2.6  951.9  114.6  182.3  2.41  0.11  -0.40  111.0
62602.0  2.2  952.4  114.5  182.4  2.38  -0.19  -0.65  111.6
62603.0  1.9  952.4  114.5  182.3  2.36  -0.36  -0.44  111.8
62604.0  2.8  952.4  114.4  182.4  2.82  0.11  -0.21  111.5
62605.0  3.0  952.4  114.3  182.7  2.83  0.52  -0.31  111.3
62606.0  2.9  952.3  114.2  183.1  2.29  0.33  -1.08  111.4
62607.0  2.4  951.6  114.3  182.9  1.84  -0.48  -0.98  111.7
62608.0  1.9  952.7  114.3  182.7  1.62  -0.83  -0.51  112.0
62609.0  2.2  952.3  114.4  182.7  1.91  -0.73  -0.56  111.3
62610.0  2.4  952.4  114.4  182.5  2.10  -0.93  -0.41  111.1
62611.0  2.5  951.8  114.4  182.5  2.16  -0.67  -0.51  111.1
62612.0  2.5  952.5  114.4  182.6  2.11  -0.47  -0.42  111.2
62613.0  2.4  951.9  114.4  182.6  1.97  -0.57  -0.69  111.0
62614.0  2.4  952.3  114.5  182.5  2.13  -0.23  -0.51  110.9
62615.0  2.4  952.8  114.5  182.4  2.20  -0.30  -0.07  112.0
62616.0  2.4  952.3  114.4  182.7  2.33  -0.41  -0.35  111.9
62617.0  2.5  952.4  114.4  182.9  2.47  -0.49  -0.70  111.3
62618.0  2.6  952.6  114.4  182.9  2.52  -0.62  -1.16  111.8
62619.0  2.2  952.2  114.3  182.6  2.43  -0.69  -1.07  112.1
62620.0  2.6  952.7  114.3  182.3  2.73  0.09  -0.86  110.4
62621.0  3.0  952.5  114.2  182.1  2.81  0.43  -0.18  110.4
62622.0  3.3  952.2  114.1  182.2  2.83  0.10  -0.44  111.4
62623.0  2.4  952.3  114.0  182.3  2.30  -0.46  -0.60  112.1
62624.0  2.1  952.4  114.0  182.2  1.91  -0.54  -0.38  111.8
62625.0  2.6  952.3  114.0  182.2  2.36  -0.48  -0.36  111.2
62626.0  2.4  952.1  114.0  182.3  2.31  -0.40  -0.01  111.1
62627.0  2.1  952.4  114.0  182.6  2.18  0.05  -0.39  111.4
62628.0  2.4  952.3  114.0  182.8  2.39  0.05  -0.78  111.4
62629.0  2.1  952.2  113.9  182.7  2.38  -0.67  -0.81  110.8
62630.0  2.3  952.3  113.9  182.5  2.59  -0.88  -0.61  111.0
62631.0  3.0  952.3  113.8  182.4  3.05  -0.62  -0.24  111.2
62632.0  2.6  952.4  113.7  182.6  2.72  0.06  -0.67  111.0
62633.0  2.3  952.1  113.6  182.6  2.43  0.50  -0.57  111.1
62634.0  2.4  952.6  113.6  182.7  2.54  -0.16  -0.52  111.2
62635.0  2.8  952.9  113.5  182.7  2.81  -0.64  -0.84  110.6
62636.0  2.7  952.4  113.4  182.7  2.70  -0.12  -0.69  110.8
62637.0  2.3  952.3  113.4  182.6  2.54  -0.69  -0.29  110.2
62638.0  2.6  952.2  113.4  182.6  2.67  -1.09  -0.86  109.7
62639.0  2.7  953.1  113.4  182.4  2.89  -0.59  -0.31  109.7
62640.0  2.6  952.0  113.3  182.4  2.89  -0.34  -0.34  110.3
62641.0  2.5  952.5  113.4  182.5  2.76  0.00  -0.62  110.1
62642.0  2.4  953.2  113.4  182.5  2.82  -0.05  -0.34  110.2
62643.0  2.5  952.1  113.4  182.7  2.94  -0.46  -0.56  110.3
62644.0  2.4  952.3  113.5  182.8  3.04  -0.37  -0.61  109.6
62645.0  2.8  952.5  113.5  182.8  3.25  -0.56  -0.60  109.4
62646.0  2.7  952.4  113.5  182.9  3.21  -0.88  -0.40  109.0
62647.0  2.7  952.0  113.6  183.1  3.14  -0.92  -0.28  108.7
62648.0  2.9  952.7  113.6  183.3  3.16  -0.65  -0.85  108.9
62649.0  2.7  952.5  113.7  183.3  3.10  -0.93  -1.22  109.0
62650.0  2.6  952.4  113.8  182.9  3.03  -1.39  -0.96  109.3
62651.0  2.8  952.0  113.8  182.6  3.15  -1.23  -0.65  109.2
62652.0  2.7  952.7  113.9  182.4  3.07  -0.61  -0.42  109.5
62653.0  2.6  952.3  114.0  182.4  2.91  -0.17  -0.49  109.6
62654.0  2.6  952.4  114.1  182.5  2.82  -0.03  -0.48  109.6
62655.0  2.4  952.4  114.2  182.5  2.77  -0.17  -0.47  109.7
62656.0  2.5  952.4  114.3  182.4  2.77  -0.45  -0.41  109.5
62657.0  2.4  952.4  114.4  182.5  2.81  -0.26  -0.36  109.8
62658.0  2.3  952.0  114.4  182.6  2.76  -0.13  -0.92  110.7
62659.0  2.5  952.4  114.5  182.3  2.87  -0.14  -0.66  111.4
62660.0  2.2  952.2  114.5  182.2  2.84  -0.43  -0.40  111.1
62661.0  2.5  952.3  114.6  182.2  2.85  0.21  -0.39  110.8
62662.0  2.5  952.3  114.6  182.3  2.93  0.76  -0.34  111.4
62663.0  2.3  952.4  114.6  182.5  2.77  0.31  -0.49  111.5
62664.0  2.5  952.2  114.7  182.5  2.81  -0.45  -0.68  110.8
62665.0  2.3  952.6  114.7  182.5  2.85  -0.50  -0.45  111.9
62666.0  2.4  952.1  114.8  182.4  2.79  -0.72  -0.99  110.7
62667.0  2.8  952.2  114.8  182.1  2.96  -0.18  0.01  110.2
62668.0  2.7  952.7  114.9  182.3  2.85  0.05  -0.24  110.5
62669.0  2.4  952.0  115.0  182.6  2.50  0.28  -1.07  110.5
62670.0  2.5  952.4  115.1  182.5  2.50  0.23  -0.78  111.2
62671.0  2.4  952.6  115.2  182.4  2.63  -0.18  -0.93  111.5
62672.0  2.0  952.1  115.3  182.2  2.35  0.25  -0.48  111.1
62673.0  3.0  952.2  115.4  182.1  2.77  0.40  -0.59  110.6
62674.0  2.8  952.7  115.5  182.2  2.62  0.42  -0.72  111.4
62675.0  2.2  951.9  115.6  182.1  2.06  0.07  -0.55  111.7
62676.0  2.0  952.8  115.8  182.2  1.99  0.19  -0.58  112.5
62677.0  2.4  952.2  115.9  182.1  2.17  0.56  -0.19  112.1
62678.0  2.5  951.8  116.1  182.4  2.24  0.30  -0.12  112.2
62679.0  2.0  951.9  116.2  182.7  1.89  -0.15  -0.39  112.7
62680.0  2.1  952.7  116.4  182.8  1.88  -0.64  -0.64  112.6
62681.0  2.2  952.4  116.6  182.8  2.01  -1.00  -0.71  113.2
62682.0  2.3  952.4  116.7  182.6  2.02  -0.48  -0.78  113.3
62683.0  2.1  952.2  116.9  182.5  1.88  -0.17  -0.55  113.3
62684.0  2.1  951.8  117.0  182.5  1.85  -0.24  -0.66  114.6
62685.0  2.2  952.3  117.2  182.4  1.87  -0.38  -0.49  115.2
62686.0  2.1  952.4  117.3  182.4  1.80  -0.19  -0.32  114.9
62687.0  2.0  952.2  117.5  182.6  1.77  -0.07  -0.22  114.8
62688.0  1.9  952.5  117.6  182.7  1.75  -0.37  -0.83  115.6
62689.0  1.8  952.2  117.7  182.6  1.71  -0.59  -0.91  115.4
62690.0  2.4  952.1  117.9  182.4  1.94  -0.54  -0.63  115.3
62691.0  2.2  952.2  118.0  182.3  1.79  -0.09  -0.06  114.9
62692.0  1.9  952.7  118.2  182.6  1.55  0.07  -0.70  114.8
62693.0  2.0  952.0  118.4  182.5  1.65  -0.43  -0.80  114.7
62694.0  2.0  952.6  118.5  182.4  1.77  -0.74  -0.45  115.1
62695.0  2.0  952.2  118.7  182.3  1.84  -0.45  -0.61  115.2
62696.0  2.0  951.8  118.8  182.2  1.85  0.00  -0.67  115.2
62697.0  2.0  952.1  118.9  182.2  1.91  -0.03  -0.50  115.7
62698.0  1.9  952.3  119.0  182.2  1.97  -0.15  -0.48  115.8
62699.0  1.9  952.5  119.1  182.2  2.06  -0.04  -0.60  115.6
62700.0  1.9  952.5  119.2  182.1  2.12  0.45  -0.30  115.9
62701.0  2.2  952.0  119.2  182.3  2.32  0.21  -0.06  116.3
62702.0  1.9  952.6  119.2  182.7  2.27  -0.17  -0.29  116.3
62703.0  1.9  952.5  119.3  183.0  2.29  -0.34  -0.79  116.4
62704.0  2.1  951.8  119.3  182.9  2.45  -0.84  -0.58  117.0
62705.0  2.0  952.6  119.3  182.9  2.36  -1.46  -0.92  116.3
62706.0  2.1  952.0  119.3  182.6  2.40  -1.13  -0.45  116.5
62707.0  2.2  952.5  119.3  182.5  2.48  -1.05  -0.49  116.6
62708.0  2.0  952.4  119.4  182.5  2.26  -0.58  -0.35  116.8
62709.0  2.1  952.3  119.4  182.6  2.23  -0.26  -0.69  116.4
62710.0  1.8  952.6  119.5  182.7  2.09  0.37  -0.73  115.5
62711.0  1.7  952.6  119.5  182.6  2.08  0.06  -0.42  115.3
62712.0  2.0  952.4  119.6  182.8  2.29  -0.60  -0.64  115.9
62713.0  2.5  952.7  119.6  182.7  2.41  -0.94  -0.22  116.4
62714.0  1.4  952.4  119.7  182.9  2.03  -1.27  -0.12  115.9
62715.0  1.8  952.3  119.8  183.1  2.13  -1.19  -0.52  115.5
62716.0  2.4  952.7  119.8  183.1  2.39  -1.39  -0.83  115.2
62717.0  2.4  952.4  119.9  182.9  2.10  -1.54  -1.40  115.8
62718.0  1.8  952.2  120.0  182.3  1.72  -1.34  -1.22  115.7
62719.0  2.0  952.3  120.2  181.6  1.74  -0.79  -0.39  116.3
62720.0  1.8  951.6  120.3  181.5  1.77  0.81  -0.64  116.9
62721.0  1.6  952.4  120.4  181.5  1.67  1.27  -0.61  117.5
62722.0  1.8  952.1  120.4  181.5  1.89  1.67  0.20  117.7
62723.0  2.2  952.1  120.5  182.0  1.87  0.97  -0.07  117.3
62724.0  1.6  952.2  120.6  182.5  1.46  0.28  -0.54  117.0
62725.0  1.8  952.2  120.8  182.6  1.55  -0.45  -0.86  117.0
62726.0  2.1  952.0  120.9  182.4  1.66  -0.85  -0.53  118.7
62727.0  1.9  952.3  121.0  182.4  1.42  -0.52  -0.60  117.8
62728.0  1.6  952.2  121.2  182.3  1.20  -0.16  -1.17  118.2
62729.0  1.9  952.6  121.3  181.9  1.32  0.16  -0.90  119.4
62730.0  1.2  952.3  121.5  181.8  1.05  0.50  -0.24  118.5
62731.0  1.6  952.0  121.6  181.8  1.44  0.49  -0.53  117.7
62732.0  1.9  952.2  121.7  181.9  1.57  0.80  -0.54  117.8
62733.0  1.8  952.1  121.9  181.9  1.43  0.73  -0.56  118.1
62734.0  1.7  952.4  122.0  181.9  1.44  0.59  -0.37  118.3
62735.0  1.6  952.1  122.1  182.1  1.55  0.37  -0.44  118.8
62736.0  2.2  952.5  122.2  182.3  1.81  0.00  0.01  119.1
62737.0  1.6  952.1  122.2  182.7  1.52  -0.72  -0.30  119.4
62738.0  1.6  952.5  122.3  182.9  1.58  -1.08  -0.25  119.9
62739.0  1.5  952.4  122.4  183.0  1.78  -1.67  -0.84  119.0
62740.0  1.5  952.5  122.5  182.7  1.95  -1.68  -0.57  118.6
62741.0  1.8  952.3  122.5  182.6  2.22  -1.24  -0.80  118.3
62742.0  1.7  952.6  122.5  182.3  2.26  -0.90  -0.63  118.1
62743.0  2.1  952.1  122.4  182.2  2.52  -0.40  0.39  119.1
62744.0  2.5  952.4  122.4  182.8  2.46  0.19  -0.22  119.1
62745.0  1.9  952.4  122.4  183.3  2.01  -0.20  -1.05  120.4
62746.0  1.7  952.4  122.4  183.1  1.56  -0.94  -0.54  120.0
62747.0  1.8  952.7  122.5  183.1  1.62  -1.58  -0.39  121.0
62748.0  1.2  952.3  122.6  183.0  1.36  -1.71  -1.17  119.8
62749.0  1.7  952.3  122.7  182.4  1.52  -0.81  -0.95  119.1
62750.0  0.7  951.7  122.8  182.0  1.45  -0.22  -0.69  118.4
62751.0  1.9  952.0  122.8  181.7  2.24  0.21  -0.73  119.1
62752.0  2.1  952.2  122.8  181.5  2.37  0.68  -0.03  119.7
62753.0  2.2  952.0  122.8  181.8  1.93  0.33  0.32  120.5
62754.0  1.6  951.9  122.8  182.5  1.38  0.16  -0.20  120.7
62755.0  1.5  952.5  122.9  182.8  1.15  -0.53  -0.84  120.2
62756.0  1.4  952.5  123.0  182.6  1.19  -1.09  -0.80  120.8
62757.0  1.7  952.1  123.1  182.5  1.42  -0.35  -0.17  121.5
62758.0  1.3  952.4  123.2  182.8  1.11  -0.16  -0.48  121.3
62759.0  1.6  951.8  123.3  182.9  1.22  -0.41  -0.59  121.5
62760.0  1.6  952.1  123.4  183.0  1.15  -1.11  -0.76  121.4
62761.0  1.9  951.9  123.5  182.8  1.17  -1.27  -0.81  121.4
62762.0  1.7  952.4  123.7  182.7  0.84  -0.71  -0.81  120.7
62763.0  1.3  951.9  123.9  182.5  0.50  -0.69  -0.65  120.8
62764.0  1.5  952.6  124.1  182.4  0.66  -0.73  -0.61  122.7
62765.0  1.1  951.9  124.2  182.2  0.68  -0.63  -0.23  122.2
62766.0  1.1  952.3  124.4  182.4  0.73  -0.16  -0.49  121.7
62767.0  1.7  952.2  124.5  182.4  1.15  0.21  -0.27  122.2
62768.0  1.3  952.2  124.6  182.7  1.05  -0.43  -0.25  122.6
62769.0  1.7  951.8  124.7  182.8  1.17  -1.50  -0.48  122.7
62770.0  1.2  951.9  124.8  182.8  1.07  -1.57  -0.81  122.5
62771.0  1.5  952.4  124.9  182.5  1.27  -1.12  -0.96  122.1
62772.0  1.5  952.3  124.9  182.1  1.42  -0.46  -0.95  122.0
62773.0  1.9  952.1  125.0  181.8  1.55  0.12  -0.41  122.3
62774.0  1.9  952.1  125.0  181.9  1.44  0.79  0.11  122.1
62775.0  1.5  952.3  125.1  182.3  1.12  0.64  -0.66  122.1
62776.0  1.4  952.5  125.2  182.3  1.13  -0.26  -0.55  122.4
62777.0  1.4  952.4  125.2  182.3  1.32  -0.43  -0.73  122.6
62778.0  1.4  952.3  125.3  182.2  1.59  -0.07  -1.27  123.1
62779.0  1.3  952.2  125.3  181.6  1.68  -0.14  -0.38  122.5
62780.0  1.6  952.5  125.2  181.6  1.89  0.24  -0.19  122.6
62781.0  1.8  952.1  125.2  181.8  1.92  0.48  0.15  123.5
62782.0  1.3  952.3  125.1  182.2  1.67  0.36  -0.15  123.6
62783.0  1.2  952.1  125.1  182.5  1.62  -0.23  -0.23  123.8
62784.0  1.8  952.1  125.1  182.8  1.96  -0.55  -0.70  123.8
62785.0  1.6  952.2  125.0  182.7  1.67  -0.99  -0.50  123.8
62786.0  1.6  952.1  125.0  182.7  1.42  -0.62  -0.78  123.7
62787.0  1.2  952.2  125.1  182.6  1.13  -0.52  -0.57  122.9
62788.0  1.5  952.5  125.1  182.6  1.18  -0.02  -0.56  122.5
62789.0  1.5  952.1  125.2  182.6  1.12  -0.58  -0.20  122.3
62790.0  1.1  951.8  125.3  182.8  1.06  -1.09  -0.29  122.6
62791.0  1.1  952.0  125.4  182.9  1.28  -1.20  -0.64  123.2
62792.0  1.5  952.1  125.4  182.8  1.55  -1.04  -0.46  123.6
62793.0  1.4  951.9  125.4  182.8  1.39  -1.12  -0.46  123.8
62794.0  1.2  952.4  125.4  182.7  1.27  -0.93  -0.77  124.7
62795.0  1.1  951.9  125.4  182.6  1.28  -0.97  0.07  124.5
62796.0  1.6  952.6  125.4  182.8  1.55  -1.13  -0.64  124.4
62797.0  1.3  952.3  125.4  182.7  1.37  -1.21  -0.54  123.5
62798.0  1.3  952.3  125.5  182.6  1.34  -1.19  -0.52  123.5
62799.0  1.7  952.5  125.5  182.5  1.56  -1.02  -0.73  123.0
62800.0  1.6  952.3  125.5  182.3  1.46  -0.44  -0.60  122.9
62801.0  0.8  952.0  125.5  182.1  1.20  -0.08  -0.15  122.7
62802.0  1.5  952.6  125.6  182.3  1.70  0.44  -0.10  122.3
62803.0  1.9  952.2  125.5  182.7  2.07  0.38  -0.70  122.7
62804.0  1.9  952.3  125.5  182.7  1.75  0.06  -0.83  122.9
62805.0  1.2  952.4  125.5  182.5  1.32  -0.75  -0.80  124.3
62806.0  1.3  952.2  125.5  182.1  1.50  -1.57  -0.85  124.4
62807.0  1.4  952.4  125.5  181.6  1.63  -1.24  0.08  124.0
62808.0  1.2  952.3  125.5  181.6  1.44  -0.41  -0.07  123.8
62809.0  1.4  952.0  125.5  181.8  1.49  0.56  -0.10  123.6
62810.0  1.2  952.4  125.4  182.1  1.47  0.98  -0.25  123.6
62811.0  1.7  952.1  125.5  182.3  1.65  1.16  -1.10  122.8
62812.0  1.1  952.4  125.4  182.1  1.38  0.64  -1.03  123.0
62813.0  1.5  951.9  125.5  181.7  1.56  0.33  -0.53  122.3
62814.0  1.7  952.4  125.5  181.6  1.70  0.75  -0.22  121.6
62815.0  1.5  952.5  125.5  181.8  1.56  1.36  -0.18  120.9
62816.0  1.7  952.2  125.5  182.1  1.57  1.51  -0.36  121.5
62817.0  1.4  952.2  125.6  182.3  1.61  0.42  -0.41  121.1
62818.0  1.4  952.2  125.6  182.5  1.58  -0.01  -0.75  121.2
62819.0  1.6  952.5  125.6  182.3  1.85  0.05  -0.57  121.3
62820.0  2.0  952.3  125.6  182.3  1.83  0.01  -0.40  121.3
62821.0  1.3  952.1  125.6  182.4  1.50  0.21  -0.31  121.6
62822.0  1.6  952.3  125.6  182.6  1.71  0.07  -0.46  121.9
62823.0  1.6  952.1  125.7  182.7  1.71  -0.15  -0.40  121.5
62824.0  1.2  952.4  125.7  182.8  1.64  -0.72  -0.16  120.7
62825.0  1.6  952.2  125.7  183.0  2.00  -0.81  -0.85  120.4
62826.0  1.7  952.6  125.7  182.8  2.07  -0.87  -0.81  120.6
62827.0  1.8  952.0  125.6  182.6  1.94  -1.09  -0.47  121.2
62828.0  1.6  952.4  125.6  182.6  1.81  -0.56  -0.05  122.0
62829.0  1.6  952.2  125.6  182.8  1.83  -0.28  -0.47  121.8
62830.0  1.4  952.7  125.6  182.9  1.79  -0.56  -1.06  121.8
62831.0  1.6  952.1  125.6  182.6  1.91  -0.36  -0.66  121.3
62832.0  1.5  952.7  125.6  182.5  1.90  -0.63  -0.42  121.8
62833.0  1.5  952.1  125.5  182.5  1.95  -0.45  -0.43  121.4
62834.0  1.4  952.2  125.5  182.5  1.93  -0.17  -0.40  121.7
62835.0  1.8  952.4  125.5  182.5  2.16  -0.39  -0.55  121.7
62836.0  1.5  952.6  125.4  182.5  2.01  -0.60  -0.65  122.0
62837.0  1.5  951.9  125.4  182.4  1.88  -0.49  0.20  120.9
