flight/WP3D/AircraftPos_NP3_20130619_RA.ict
38  1001
Ken Aikin
NOAA ESRL Chemical Sciences Division
various aircraft sensors
SENEX 2013
1  1
2013  06  19  2013  06  20
1
AOCTimewave
5
1  1  1  1  1 
-9999  -9999  -9999  -9999  -9999
GpsLat  deg
GpsLon  deg
GpsAlt  m
PAlt  m
RAlt  m
1
SPECIAL COMMENTS:Flight into night over Atlanta.
18
PI_CONTACT_INFO: Address: NOAA ESRL Chemical Sciences Division  Mail Stop R/CSD7  325 Broadway  Boulder  CO 80305
PLATFORM: NOAA WP-3D
LOCATION: The aircraft was stationed in Smyrna  Tennessee. Aircraft location information in AircraftPosition file.
ASSOCIATED_DATA: N/A
INSTRUMENT_INFO: N/A
DATA_INFO: Units:GpsLat:decimal degrees; GpsLon: decimal degrees; GpsAlt: meters; PAlt:meters; RAlt: meters.
UNCERTAINTY: N/A
ULOD_FLAG: -7777
ULOD_VALUE: N/A
LLOD_FLAG: -8888
LLOD_VALUE: N/A
DM_CONTACT_INFO: Data Manager:Ken Aikin; email:Kenneth.C.Aikin@noaa.gov
PROJECT_INFO: SENEX 2013 Study; June 1 - July 15  2013
STIPULATIONS_ON_USE: Use of these data require prior ok from PI.
OTHER_COMMENTS:       None
REVISION: RA
RA: Preliminary Data.  For in-field use.
AOCTimewave  GpsLat  GpsLon  GpsAlt  PAlt  RAlt
[from data line 10764]
91800.0  33.1440   -85.0649    723.0    631.6    524.8
91801.0  33.1440   -85.0637    723.0    630.6    524.6
91802.0  33.1441   -85.0625    723.0    631.1    524.8
91803.0  33.1441   -85.0613    723.0    631.2    525.3
91804.0  33.1441   -85.0602    723.0    630.0    525.3
91805.0  33.1441   -85.0590    723.0    630.9    524.7
91806.0  33.1441   -85.0578    723.0    632.5    525.0
91807.0  33.1441   -85.0566    723.0    632.2    524.8
91808.0  33.1441   -85.0555    723.0    632.6    524.3
91809.0  33.1441   -85.0543    723.0    632.7    524.7
91810.0  33.1441   -85.0531    723.0    632.7    524.9
91811.0  33.1441   -85.0519    723.0    631.4    523.5
91812.0  33.1441   -85.0507    723.0    630.5    510.2
91813.0  33.1441   -85.0496    723.0    630.5    508.7
91814.0  33.1441   -85.0484    723.0    629.8    524.3
91815.0  33.1441   -85.0472    723.0    630.0    524.8
91816.0  33.1441   -85.0460    723.0    629.1    524.4
91817.0  33.1441   -85.0448    723.0    629.5    524.4
91818.0  33.1441   -85.0437    722.4    630.0    514.2
91819.0  33.1441   -85.0425    722.3    630.3    503.9
91820.0  33.1441   -85.0413    722.1    630.6    502.7
91821.0  33.1441   -85.0401    721.8    631.0    511.5
91822.0  33.1441   -85.0389    722.2    632.1    523.5
91823.0  33.1441   -85.0378    723.0    632.5    524.0
91824.0  33.1441   -85.0366    723.0    631.7    524.6
91825.0  33.1441   -85.0354    723.0    630.9    524.0
91826.0  33.1442   -85.0342    723.0    632.6    526.3
91827.0  33.1442   -85.0330    723.0    631.3    523.5
91828.0  33.1442   -85.0318    723.0    631.0    517.3
91829.0  33.1442   -85.0307    723.0    630.5    516.4
91830.0  33.1442   -85.0295    723.0    630.8    520.0
91831.0  33.1442   -85.0283    723.0    630.4    521.3
91832.0  33.1442   -85.0271    723.0    631.0    502.8
91833.0  33.1442   -85.0259    723.0    631.6    500.0
91834.0  33.1442   -85.0248    723.0    632.7    508.5
91835.0  33.1442   -85.0236    723.0    631.1    512.9
91836.0  33.1442   -85.0224    723.0    630.1    508.9
91837.0  33.1442   -85.0212    723.0    630.5    505.6
91838.0  33.1443   -85.0200    723.0    629.9    513.4
91839.0  33.1443   -85.0188    723.0    630.6    516.4
91840.0  33.1443   -85.0177    723.0    631.7    514.2
91841.0  33.1443   -85.0165    723.0    631.7    513.7
91842.0  33.1443   -85.0153    723.0    632.5    517.7
91843.0  33.1443   -85.0141    723.0    631.8    509.1
91844.0  33.1443   -85.0129    723.0    632.1    507.3
91845.0  33.1443   -85.0117    723.0    631.4    510.3
91846.0  33.1443   -85.0106    723.0    631.1    505.2
91847.0  33.1443   -85.0094    722.4    630.5    501.3
91848.0  33.1443   -85.0082    721.8    631.1    496.8
91849.0  33.1444   -85.0070    721.8    630.8    497.3
91850.0  33.1444   -85.0058    721.8    630.4    501.3
91851.0  33.1444   -85.0046    721.8    631.9    512.5
91852.0  33.1444   -85.0035    721.8    632.4    517.6
91853.0  33.1444   -85.0023    721.8    632.4    521.1
91854.0  33.1444   -85.0011    721.8    631.1    523.1
91855.0  33.1444   -84.9999    721.8    630.1    523.9
91856.0  33.1444   -84.9987    721.8    629.0    521.9
91857.0  33.1444   -84.9975    721.8    629.7    516.6
91858.0  33.1445   -84.9964    721.8    630.5    508.7
91859.0  33.1445   -84.9952    721.1    630.6    507.6
91860.0  33.1445   -84.9940    721.8    630.8    506.9
91861.0  33.1445   -84.9928    720.8    631.2    503.8
91862.0  33.1445   -84.9916    719.9    629.8    507.1
91863.0  33.1445   -84.9904    718.8    629.0    505.1
91864.0  33.1445   -84.9892    717.0    627.9    500.7
91865.0  33.1445   -84.9881    714.0    623.7    510.2
91866.0  33.1445   -84.9869    710.7    619.0    499.9
91867.0  33.1446   -84.9857    707.4    616.5    490.2
91868.0  33.1446   -84.9845    704.2    615.1    494.9
91869.0  33.1446   -84.9833    700.4    611.3    485.7
91870.0  33.1446   -84.9821    696.2    606.5    476.8
91871.0  33.1446   -84.9809    693.0    603.4    475.8
91872.0  33.1446   -84.9797    691.4    602.7    482.1
91873.0  33.1446   -84.9784    691.3    601.2    491.0
91874.0  33.1446   -84.9772    691.6    601.6    483.8
91875.0  33.1447   -84.9760    692.5    603.4    484.8
91876.0  33.1447   -84.9748    692.5    602.8    488.6
91877.0  33.1447   -84.9736    692.5    602.4    483.8
91878.0  33.1447   -84.9724    692.5    602.4    484.8
91879.0  33.1447   -84.9712    691.9    602.1    482.8
91880.0  33.1447   -84.9700    691.3    603.0    482.6
91881.0  33.1447   -84.9688    690.5    600.2    481.0
91882.0  33.1447   -84.9676    689.9    597.7    484.2
91883.0  33.1447   -84.9664    688.8    598.4    487.6
91884.0  33.1447   -84.9652    688.1    599.0    489.2
91885.0  33.1447   -84.9640    687.6    597.3    489.7
91886.0  33.1448   -84.9628    687.6    597.2    489.1
91887.0  33.1448   -84.9616    687.6    597.0    484.2
91888.0  33.1448   -84.9604    687.6    598.3    473.2
91889.0  33.1448   -84.9592    687.6    598.6    459.3
91890.0  33.1448   -84.9580    687.6    598.4    461.9
91891.0  33.1448   -84.9568    687.6    597.9    474.6
91892.0  33.1448   -84.9556    687.6    598.2    479.8
91893.0  33.1448   -84.9543    687.9    600.0    481.9
91894.0  33.1448   -84.9531    688.8    600.4    468.6
91895.0  33.1448   -84.9519    688.8    600.8    463.3
91896.0  33.1448   -84.9507    688.8    600.2    457.3
91897.0  33.1448   -84.9495    688.8    599.9    464.2
91898.0  33.1448   -84.9483    688.5    599.1    474.5
91899.0  33.1448   -84.9471    687.6    597.6    478.9
91900.0  33.1448   -84.9459    687.6    597.6    478.4
91901.0  33.1448   -84.9447    687.6    598.1    474.8
91902.0  33.1448   -84.9435    687.2    596.4    470.7
91903.0  33.1448   -84.9423    686.4    597.8    464.3
91904.0  33.1448   -84.9411    686.4    596.9    457.7
91905.0  33.1448   -84.9399    686.4    596.0    456.8
91906.0  33.1448   -84.9387    686.4    596.1    461.9
91907.0  33.1448   -84.9375    686.4    597.2    469.3
91908.0  33.1448   -84.9362    686.4    597.8    473.4
91909.0  33.1448   -84.9350    686.4    598.1    466.5
91910.0  33.1448   -84.9338    686.4    597.9    455.9
91911.0  33.1447   -84.9326    686.4    596.8    459.4
91912.0  33.1447   -84.9314    686.4    597.4    471.3
91913.0  33.1447   -84.9302    686.4    596.9    474.2
91914.0  33.1447   -84.9290    686.4    597.3    465.2
91915.0  33.1447   -84.9278    686.7    597.5    468.2
91916.0  33.1447   -84.9266    687.6    598.9    472.0
91917.0  33.1447   -84.9254    687.6    597.6    472.0
91918.0  33.1447   -84.9242    687.6    598.8    478.0
91919.0  33.1447   -84.9230    687.6    599.4    481.6
91920.0  33.1447   -84.9218    687.8    599.9    484.2
91921.0  33.1447   -84.9206    688.8    598.9    480.5
91922.0  33.1447   -84.9194    688.8    598.7    475.8
91923.0  33.1447   -84.9182    688.7    598.6    472.3
91924.0  33.1447   -84.9170    687.6    598.8    464.6
91925.0  33.1447   -84.9158    687.6    599.7    459.4
91926.0  33.1447   -84.9146    687.6    599.1    453.9
91927.0  33.1446   -84.9134    687.6    598.7    459.7
91928.0  33.1446   -84.9122    687.6    598.8    449.4
91929.0  33.1446   -84.9110    687.6    598.5    446.2
91930.0  33.1446   -84.9098    687.1    596.8    448.8
91931.0  33.1446   -84.9086    686.4    599.1    448.8
91932.0  33.1446   -84.9074    686.4    600.2    453.6
91933.0  33.1446   -84.9062    686.4    599.0    454.5
91934.0  33.1446   -84.9050    686.4    597.9    453.5
91935.0  33.1446   -84.9038    686.4    597.3    451.4
91936.0  33.1446   -84.9026    686.4    597.7    452.5
91937.0  33.1446   -84.9014    686.4    598.1    457.4
91938.0  33.1446   -84.9002    685.4    597.6    452.4
91939.0  33.1445   -84.8990    685.2    597.0    448.1
91940.0  33.1445   -84.8978    685.2    597.5    444.7
91941.0  33.1445   -84.8966    685.2    597.3    441.2
91942.0  33.1445   -84.8954    685.2    597.8    443.1
91943.0  33.1445   -84.8942    685.2    596.4    448.0
91944.0  33.1445   -84.8930    685.2    596.6    451.0
91945.0  33.1445   -84.8917    685.6    596.4    449.4
91946.0  33.1445   -84.8906    686.4    596.7    450.5
91947.0  33.1445   -84.8894    686.4    596.9    453.1
91948.0  33.1445   -84.8882    686.4    598.1    461.6
91949.0  33.1445   -84.8870    686.4    597.8    461.4
91950.0  33.1445   -84.8859    686.4    597.2    457.3
91951.0  33.1444   -84.8847    686.4    596.8    461.0
91952.0  33.1444   -84.8835    686.4    598.0    464.4
91953.0  33.1444   -84.8823    686.4    597.5    460.8
91954.0  33.1444   -84.8811    686.4    598.8    456.1
91955.0  33.1444   -84.8799    686.4    599.3    457.9
91956.0  33.1444   -84.8787    686.4    598.8    466.7
91957.0  33.1444   -84.8775    686.4    598.4    454.5
91958.0  33.1444   -84.8763    686.4    598.5    451.3
91959.0  33.1444   -84.8751    686.4    598.9    449.7
91960.0  33.1444   -84.8739    686.4    598.5    448.7
91961.0  33.1443   -84.8728    686.4    598.1    444.1
91962.0  33.1443   -84.8716    686.4    598.8    440.5
91963.0  33.1443   -84.8704    686.4    596.5    438.9
91964.0  33.1443   -84.8692    686.4    595.3    438.1
91965.0  33.1443   -84.8680    686.4    596.4    444.5
91966.0  33.1443   -84.8668    686.4    596.2    447.3
91967.0  33.1443   -84.8656    685.8    596.3    437.9
91968.0  33.1443   -84.8644    685.2    596.4    438.9
91969.0  33.1443   -84.8632    685.9    598.0    448.6
91970.0  33.1442   -84.8621    686.4    598.2    450.7
91971.0  33.1442   -84.8609    686.4    596.3    448.4
91972.0  33.1442   -84.8597    686.4    596.3    446.5
91973.0  33.1442   -84.8585    686.4    597.0    450.4
91974.0  33.1442   -84.8573    686.4    597.4    451.8
91975.0  33.1442   -84.8561    686.4    597.1    455.5
91976.0  33.1442   -84.8549    686.4    597.8    455.6
91977.0  33.1442   -84.8538    686.4    598.0    456.3
91978.0  33.1442   -84.8526    686.4    598.7    449.6
91979.0  33.1442   -84.8514    686.4    599.2    445.5
91980.0  33.1441   -84.8502    686.4    598.6    445.8
91981.0  33.1441   -84.8490    686.4    597.5    438.6
91982.0  33.1441   -84.8478    686.4    596.8    446.3
91983.0  33.1441   -84.8466    686.4    597.0    454.1
91984.0  33.1441   -84.8454    686.4    597.2    462.3
91985.0  33.1441   -84.8443    686.4    596.6    464.0
91986.0  33.1441   -84.8431    686.4    597.3    457.3
91987.0  33.1441   -84.8419    686.4    597.8    455.9
91988.0  33.1441   -84.8407    686.4    598.5    440.7
91989.0  33.1441   -84.8395    686.4    598.5    432.4
91990.0  33.1440   -84.8383    686.4    598.2    439.8
91991.0  33.1440   -84.8372    686.4    597.8    455.5
91992.0  33.1440   -84.8360    686.4    597.1    465.5
91993.0  33.1440   -84.8348    686.4    597.1    461.3
91994.0  33.1440   -84.8336    686.4    597.6    463.4
91995.0  33.1440   -84.8324    686.4    597.8    457.2
91996.0  33.1440   -84.8312    686.4    598.2    458.9
91997.0  33.1440   -84.8301    686.4    598.7    456.1
91998.0  33.1440   -84.8289    686.4    598.5    457.0
91999.0  33.1439   -84.8277    686.4    597.1    453.3
92000.0  33.1439   -84.8265    686.4    595.8    448.4
92001.0  33.1439   -84.8253    686.4    596.3    449.1
92002.0  33.1439   -84.8242    686.4    597.3    446.8
92003.0  33.1439   -84.8230    686.4    597.2    449.3
92004.0  33.1439   -84.8218    686.4    597.7    455.3
92005.0  33.1439   -84.8206    686.4    598.1    450.8
92006.0  33.1439   -84.8194    686.4    598.9    441.9
92007.0  33.1439   -84.8182    686.4    598.8    446.1
92008.0  33.1439   -84.8171    686.4    597.8    449.1
92009.0  33.1439   -84.8159    686.4    596.9    448.6
92010.0  33.1439   -84.8147    686.4    597.0    449.0
92011.0  33.1439   -84.8135    685.8    597.9    439.4
92012.0  33.1438   -84.8123    685.2    598.8    438.5
92013.0  33.1438   -84.8111    685.2    597.1    434.1
92014.0  33.1438   -84.8100    685.2    596.1    430.0
92015.0  33.1438   -84.8088    686.3    596.6    433.0
92016.0  33.1438   -84.8076    687.6    596.6    432.2
92017.0  33.1438   -84.8064    687.6    597.6    436.5
92018.0  33.1438   -84.8053    688.1    597.9    440.5
92019.0  33.1438   -84.8041    687.7    598.8    445.6
92020.0  33.1438   -84.8029    686.4    600.0    439.3
92021.0  33.1438   -84.8017    686.5    599.8    438.3
92022.0  33.1438   -84.8005    687.6    598.8    437.6
92023.0  33.1438   -84.7994    687.1    599.4    437.9
92024.0  33.1438   -84.7982    686.4    597.7    439.0
92025.0  33.1438   -84.7970    686.4    598.3    439.5
92026.0  33.1438   -84.7958    686.4    598.7    436.3
92027.0  33.1438   -84.7946    686.4    598.5    428.2
92028.0  33.1438   -84.7935    686.4    598.5    431.1
92029.0  33.1438   -84.7923    686.4    598.6    428.1
92030.0  33.1438   -84.7911    686.4    597.3    422.5
92031.0  33.1438   -84.7899    686.4    596.9    424.2
92032.0  33.1438   -84.7888    686.4    596.8    422.4
92033.0  33.1438   -84.7876    686.4    597.8    425.3
92034.0  33.1438   -84.7864    686.4    597.0    422.3
92035.0  33.1438   -84.7852    686.4    598.1    416.6
92036.0  33.1438   -84.7841    686.4    597.4    423.7
92037.0  33.1438   -84.7829    686.4    596.8    425.4
92038.0  33.1438   -84.7817    686.4    598.1    430.2
92039.0  33.1438   -84.7806    686.4    597.9    423.7
92040.0  33.1438   -84.7794    686.4    598.6    416.0
92041.0  33.1438   -84.7782    686.4    597.5    408.7
92042.0  33.1438   -84.7770    686.4    598.4    412.5
92043.0  33.1438   -84.7759    686.4    597.9    416.7
92044.0  33.1438   -84.7747    686.4    597.5    414.4
92045.0  33.1438   -84.7735    686.4    596.1    404.8
92046.0  33.1438   -84.7724    686.4    596.5    401.0
92047.0  33.1438   -84.7712    685.2    596.7    403.8
92048.0  33.1438   -84.7700    685.2    597.1    407.8
92049.0  33.1438   -84.7689    685.2    596.2    407.4
92050.0  33.1439   -84.7677    685.2    597.7    404.6
92051.0  33.1439   -84.7665    685.2    597.2    403.5
92052.0  33.1439   -84.7653    685.2    598.2    400.8
92053.0  33.1439   -84.7642    685.2    597.7    405.7
92054.0  33.1439   -84.7630    685.2    597.2    400.6
92055.0  33.1439   -84.7618    685.2    596.5    400.8
92056.0  33.1439   -84.7607    685.2    596.6    408.9
92057.0  33.1439   -84.7595    685.2    595.9    411.0
92058.0  33.1439   -84.7583    685.2    596.8    412.7
92059.0  33.1439   -84.7572    685.2    598.4    410.5
92060.0  33.1440   -84.7560    685.2    599.1    412.9
92061.0  33.1440   -84.7549    685.2    598.2    410.3
92062.0  33.1440   -84.7537    685.2    597.8    406.8
92063.0  33.1440   -84.7525    685.8    597.3    405.4
92064.0  33.1440   -84.7514    686.4    598.2    399.8
92065.0  33.1440   -84.7502    686.4    598.8    399.0
92066.0  33.1440   -84.7490    686.4    599.2    398.9
92067.0  33.1440   -84.7479    685.8    599.8    398.3
92068.0  33.1440   -84.7467    685.2    598.4    400.6
92069.0  33.1440   -84.7456    685.2    598.4    396.3
92070.0  33.1440   -84.7444    685.2    598.0    402.0
92071.0  33.1441   -84.7432    685.2    597.6    415.0
92072.0  33.1441   -84.7421    685.2    596.9    416.3
92073.0  33.1441   -84.7409    685.2    598.4    419.1
92074.0  33.1441   -84.7398    685.2    598.3    417.8
92075.0  33.1441   -84.7386    685.2    597.8    417.5
92076.0  33.1441   -84.7374    685.2    597.3    418.8
92077.0  33.1441   -84.7363    685.2    596.9    417.7
92078.0  33.1441   -84.7351    685.2    597.4    421.4
92079.0  33.1441   -84.7340    685.2    596.7    418.8
92080.0  33.1441   -84.7328    685.2    596.6    412.8
92081.0  33.1441   -84.7317    685.2    594.5    410.8
92082.0  33.1441   -84.7305    685.2    594.7    409.5
92083.0  33.1442   -84.7293    685.2    595.7    412.1
92084.0  33.1442   -84.7282    684.2    596.6    415.0
92085.0  33.1442   -84.7270    684.0    596.0    416.6
92086.0  33.1442   -84.7259    684.0    595.5    423.7
92087.0  33.1442   -84.7247    684.5    596.6    426.9
92088.0  33.1442   -84.7236    685.2    595.4    429.7
92089.0  33.1442   -84.7224    685.2    595.0    429.5
