flight/WP3D/AircraftMis_NP3_20130703_RB.ict
42  1001
Ken Aikin
NOAA ESRL Chemical Sciences Division
various aircraft sensors
SENEX 2013
1  1
2013  07  03  2013  07  03
1
AOCTimewave
8
1  1  1  1  1  1  1  1
-9999  -9999  -9999  -9999  -9999  -9999  -9999  -9999
Attack  deg
CabinPrs  mbar
GndSpd  m/s
Heading  deg
Pitch  deg
Roll  deg
Slip  deg
TrueAirSpd  m/s
1
SPECIAL COMMENTS:AR  MO power plants  night flight.
19
PI_CONTACT_INFO: Address: NOAA ESRL Chemical Sciences Division  Mail Stop R/CSD7  325 Broadway  Boulder  CO 80305
PLATFORM: NOAA WP-3D
LOCATION: The aircraft was stationed in  Smyrna  Tennessee. Aircraft location information in AircraftPosition file.
ASSOCIATED_DATA: N/A
INSTRUMENT_INFO: N/A
DATA_INFO: Units: Attack degrees; CabinPrs millibar; GndSpd m/s; Heading degrees; Pitch degrees; Roll degrees; Slip degrees; TrueAirSpd m/s
UNCERTAINTY: N/A
ULOD_FLAG: -7777
ULOD_VALUE: N/A
LLOD_FLAG: -8888
LLOD_VALUE: N/A
DM_CONTACT_INFO: Data Manager:Ken Aikin; email:Kenneth.C.Aikin@noaa.gov
PROJECT_INFO: SENEX 2013 Study; June 1 - July 15  2013
STIPULATIONS_ON_USE: Use of these data require prior ok from PI.
OTHER_COMMENTS:       None
REVISION: RB
RB: Correct time. RA was off by one day. No change to data.
RA: Preliminary Data.  For in-field use.
AOCTimewave  Attack  CabinPrs  GndSpd  Heading  Pitch  Roll  Slip  TrueAirSpd
[from data line 17981]
21380.0  1.5  949.0  117.4  180.8  1.54  -0.21  0.00  117.6
21381.0  1.4  948.6  117.4  180.7  1.47  -0.29  0.04  117.6
21382.0  1.5  948.8  117.4  180.7  1.52  -0.28  0.07  117.7
21383.0  1.4  948.7  117.3  180.7  1.49  -0.23  0.08  117.7
21384.0  1.4  948.7  117.3  180.7  1.52  -0.16  0.05  117.6
21385.0  1.4  948.8  117.3  180.7  1.52  -0.15  0.06  117.6
21386.0  1.5  948.6  117.3  180.7  1.55  -0.22  0.08  117.6
21387.0  1.5  949.0  117.3  180.7  1.52  -0.19  0.03  117.5
21388.0  1.5  948.7  117.2  180.6  1.53  -0.09  0.01  117.5
21389.0  1.5  948.9  117.2  180.7  1.46  -0.03  0.03  117.5
21390.0  1.5  948.7  117.2  180.7  1.45  -0.02  0.06  117.5
21391.0  1.5  949.0  117.2  180.7  1.47  -0.11  0.03  117.5
21392.0  1.5  948.4  117.2  180.7  1.44  -0.22  0.01  117.4
21393.0  1.5  948.9  117.2  180.7  1.48  -0.21  0.01  117.3
21394.0  1.5  948.7  117.1  180.7  1.44  -0.18  0.02  117.3
21395.0  1.5  948.4  117.1  180.7  1.46  -0.18  0.02  117.2
21396.0  1.5  948.9  117.1  180.7  1.47  -0.25  0.03  117.3
21397.0  1.5  948.8  117.1  180.7  1.44  -0.26  0.06  117.2
21398.0  1.5  948.5  117.1  180.7  1.44  -0.16  0.05  117.3
21399.0  1.5  949.1  117.1  180.7  1.45  -0.09  0.07  117.2
21400.0  1.5  948.7  117.1  180.7  1.44  -0.16  0.02  117.2
21401.0  1.5  949.1  117.1  180.7  1.38  -0.25  0.00  117.2
21402.0  1.5  949.0  117.1  180.7  1.47  -0.24  0.01  117.1
21403.0  1.5  948.7  117.1  180.7  1.47  -0.17  -0.01  117.1
21404.0  1.5  948.5  117.1  180.7  1.52  -0.08  -0.10  117.0
21405.0  1.5  948.8  117.1  180.7  1.49  -0.06  -0.07  116.9
21406.0  1.5  948.8  117.0  180.6  1.51  -0.15  -0.03  116.8
21407.0  1.5  948.6  117.0  180.6  1.45  -0.15  -0.01  116.8
21408.0  1.5  949.1  117.0  180.7  1.53  -0.07  -0.03  116.8
21409.0  1.5  948.9  117.0  180.7  1.51  -0.01  -0.12  116.7
21410.0  1.5  948.3  117.0  180.7  1.52  -0.08  -0.11  116.6
21411.0  1.5  948.6  117.0  180.7  1.55  -0.25  -0.12  116.5
21412.0  1.5  949.0  117.0  180.8  1.53  -0.22  -0.11  116.6
21413.0  1.5  948.6  117.0  180.8  1.55  -0.17  -0.14  116.5
21414.0  1.5  948.9  117.0  180.8  1.61  -0.20  -0.13  116.5
21415.0  1.5  948.9  117.0  180.8  1.61  -0.26  -0.15  116.5
21416.0  1.6  948.8  117.0  180.8  1.64  -0.33  -0.17  116.4
21417.0  1.5  948.6  116.9  180.8  1.57  -0.35  -0.11  116.4
21418.0  1.5  948.9  116.9  180.8  1.60  -0.33  -0.14  116.4
21419.0  1.5  948.5  116.9  180.8  1.62  -0.29  -0.10  116.4
21420.0  1.5  948.8  116.9  180.9  1.64  -0.29  -0.12  116.4
21421.0  1.5  948.7  116.9  180.9  1.63  -0.34  -0.17  116.4
21422.0  1.5  949.2  116.8  180.9  1.61  -0.40  -0.16  116.6
21423.0  1.5  948.5  116.8  181.0  1.64  -0.49  -0.16  116.7
21424.0  1.6  948.6  116.8  181.0  1.72  -0.58  -0.19  116.7
21425.0  1.5  948.5  116.7  181.0  1.60  -0.55  -0.16  116.7
21426.0  1.5  948.5  116.7  181.0  1.69  -0.51  -0.18  116.7
21427.0  1.5  948.4  116.7  181.0  1.67  -0.55  -0.20  116.6
21428.0  1.5  948.5  116.6  181.0  1.69  -0.61  -0.21  116.6
21429.0  1.5  948.4  116.6  181.0  1.72  -0.67  -0.20  116.5
21430.0  1.5  948.5  116.6  181.0  1.70  -0.67  -0.22  116.5
21431.0  1.5  948.6  116.5  181.0  1.70  -0.60  -0.21  116.5
21432.0  1.5  948.4  116.5  181.0  1.68  -0.57  -0.19  116.4
21433.0  1.5  948.8  116.5  181.0  1.65  -0.65  -0.19  116.3
21434.0  1.5  948.6  116.4  181.1  1.64  -0.68  -0.22  116.3
21435.0  1.6  948.7  116.4  181.1  1.69  -0.62  -0.22  116.2
21436.0  1.5  949.0  116.4  181.1  1.65  -0.63  -0.16  116.1
21437.0  1.5  948.8  116.4  181.1  1.63  -0.72  -0.19  116.1
21438.0  1.6  948.7  116.4  181.1  1.67  -0.76  -0.19  116.1
21439.0  1.6  948.4  116.3  181.2  1.64  -0.79  -0.17  116.2
21440.0  1.6  949.0  116.3  181.2  1.66  -0.85  -0.21  116.1
21441.0  1.5  948.9  116.3  181.2  1.61  -0.89  -0.25  116.1
21442.0  1.6  948.4  116.3  181.2  1.69  -0.89  -0.28  116.2
21443.0  1.5  948.6  116.3  181.2  1.66  -0.89  -0.28  116.3
21444.0  1.6  948.3  116.2  181.2  1.67  -0.91  -0.29  116.3
21445.0  1.6  948.7  116.2  181.2  1.67  -0.94  -0.32  116.3
21446.0  1.6  948.3  116.2  181.2  1.63  -0.92  -0.29  116.4
21447.0  1.6  948.6  116.1  181.1  1.62  -0.92  -0.22  116.2
21448.0  1.6  948.4  116.1  181.2  1.60  -0.91  -0.22  116.1
21449.0  1.6  948.7  116.1  181.2  1.63  -0.83  -0.25  116.0
21450.0  1.5  948.4  116.1  181.2  1.57  -0.76  -0.26  115.9
21451.0  1.6  948.7  116.1  181.2  1.60  -0.83  -0.26  115.9
21452.0  1.6  948.7  116.1  181.2  1.60  -0.95  -0.26  115.9
21453.0  1.6  948.4  116.1  181.2  1.61  -0.95  -0.29  115.9
21454.0  1.5  948.5  116.1  181.2  1.56  -0.87  -0.30  115.9
21455.0  1.6  948.9  116.1  181.2  1.58  -0.83  -0.30  115.9
21456.0  1.6  948.6  116.1  181.2  1.65  -0.87  -0.33  116.0
21457.0  1.6  949.0  116.1  181.2  1.58  -0.91  -0.32  115.9
21458.0  1.6  948.9  116.1  181.2  1.61  -0.96  -0.33  115.9
21459.0  1.6  948.3  116.1  181.2  1.57  -0.93  -0.28  115.9
21460.0  1.6  948.8  116.0  181.2  1.57  -0.89  -0.24  115.9
21461.0  1.6  948.5  116.0  181.2  1.56  -0.87  -0.27  116.0
21462.0  1.5  948.6  116.0  181.2  1.55  -0.89  -0.21  116.1
21463.0  1.6  948.5  116.0  181.3  1.57  -0.98  -0.29  116.0
21464.0  1.6  948.7  116.0  181.3  1.55  -0.98  -0.44  115.9
21465.0  1.6  948.8  116.0  181.3  1.60  -0.94  -0.44  115.9
21466.0  1.6  948.6  116.0  181.2  1.52  -1.00  -0.31  115.9
21467.0  1.6  948.6  116.1  181.2  1.53  -0.96  -0.34  115.8
21468.0  1.6  948.9  116.1  181.2  1.56  -0.76  -0.38  115.8
21469.0  1.6  949.0  116.1  181.1  1.57  -0.75  -0.33  115.9
21470.0  1.6  948.9  116.1  181.2  1.56  -0.82  -0.35  115.9
21471.0  1.6  949.3  116.1  181.2  1.56  -0.77  -0.39  115.8
21472.0  1.6  948.8  116.1  181.1  1.65  -0.74  -0.38  115.9
21473.0  1.5  948.7  116.0  181.1  1.59  -0.79  -0.37  115.9
21474.0  1.6  948.8  116.0  181.1  1.60  -0.81  -0.35  115.9
21475.0  1.6  948.6  116.0  181.1  1.67  -0.80  -0.26  115.8
21476.0  1.6  948.8  116.0  181.1  1.62  -0.71  -0.30  115.8
21477.0  1.6  948.8  116.0  181.1  1.61  -0.64  -0.31  115.8
21478.0  1.6  948.5  116.0  181.1  1.64  -0.76  -0.36  115.9
21479.0  1.6  948.9  116.0  181.1  1.61  -0.82  -0.38  115.8
21480.0  1.6  948.7  116.0  181.0  1.65  -0.81  -0.34  115.8
21481.0  1.6  948.6  116.0  181.0  1.63  -0.77  -0.31  115.8
21482.0  1.6  948.9  116.0  181.0  1.61  -0.65  -0.30  115.9
21483.0  1.6  949.1  115.9  181.0  1.69  -0.52  -0.29  115.9
21484.0  1.6  948.5  115.9  181.0  1.67  -0.49  -0.33  116.0
21485.0  1.6  949.1  115.9  181.0  1.72  -0.51  -0.33  115.9
21486.0  1.6  948.6  115.9  181.0  1.70  -0.58  -0.34  116.0
21487.0  1.6  948.9  115.8  181.0  1.70  -0.64  -0.34  116.0
21488.0  1.6  948.7  115.8  181.0  1.68  -0.63  -0.34  116.1
21489.0  1.6  948.8  115.8  181.0  1.71  -0.57  -0.32  116.0
21490.0  1.6  948.9  115.8  181.0  1.69  -0.54  -0.33  116.0
21491.0  1.6  948.4  115.7  181.0  1.68  -0.56  -0.33  115.9
21492.0  1.6  948.7  115.7  181.0  1.67  -0.61  -0.33  115.8
21493.0  1.6  948.8  115.7  181.0  1.65  -0.65  -0.33  115.8
21494.0  1.6  948.5  115.7  181.0  1.64  -0.65  -0.31  115.8
21495.0  1.6  948.8  115.7  181.0  1.70  -0.64  -0.32  115.8
21496.0  1.6  949.0  115.7  181.0  1.66  -0.58  -0.34  115.8
21497.0  1.6  948.3  115.7  181.0  1.63  -0.55  -0.32  115.8
21498.0  1.6  948.9  115.6  181.0  1.64  -0.61  -0.31  115.8
21499.0  1.6  948.7  115.6  181.1  1.62  -0.68  -0.34  115.8
21500.0  1.6  948.2  115.6  181.1  1.61  -0.66  -0.36  115.8
21501.0  1.6  948.7  115.6  181.0  1.62  -0.62  -0.35  115.7
21502.0  1.6  948.6  115.6  181.0  1.59  -0.65  -0.36  115.6
21503.0  1.6  948.7  115.6  181.0  1.62  -0.66  -0.38  115.6
21504.0  1.6  948.4  115.6  181.0  1.62  -0.66  -0.37  115.6
21505.0  1.6  948.9  115.6  181.0  1.61  -0.67  -0.34  115.5
21506.0  1.6  948.8  115.6  181.0  1.57  -0.66  -0.30  115.5
21507.0  1.6  948.8  115.6  181.0  1.58  -0.58  -0.32  115.5
21508.0  1.6  948.5  115.6  181.0  1.58  -0.50  -0.35  115.5
21509.0  1.6  949.1  115.6  181.0  1.59  -0.56  -0.33  115.5
21510.0  1.6  948.9  115.6  181.0  1.59  -0.68  -0.32  115.5
21511.0  1.6  948.6  115.6  181.0  1.66  -0.65  -0.32  115.5
21512.0  1.6  949.0  115.6  181.0  1.63  -0.58  -0.31  115.6
21513.0  1.6  948.6  115.6  181.0  1.67  -0.58  -0.30  115.7
21514.0  1.6  949.0  115.6  181.0  1.63  -0.64  -0.31  115.6
21515.0  1.6  948.8  115.6  181.1  1.60  -0.68  -0.35  115.6
21516.0  1.6  948.4  115.6  181.1  1.62  -0.68  -0.35  115.6
21517.0  1.6  949.0  115.6  181.1  1.66  -0.71  -0.35  115.7
21518.0  1.6  949.0  115.6  181.1  1.64  -0.75  -0.35  115.6
21519.0  1.6  948.7  115.6  181.1  1.65  -0.72  -0.37  115.7
21520.0  1.6  948.6  115.5  181.0  1.61  -0.67  -0.36  115.8
21521.0  1.6  948.8  115.5  181.0  1.63  -0.65  -0.30  115.7
21522.0  1.6  949.0  115.5  181.0  1.60  -0.64  -0.32  115.7
21523.0  1.6  948.6  115.5  181.0  1.65  -0.63  -0.35  115.7
21524.0  1.6  949.3  115.5  181.0  1.67  -0.61  -0.33  115.7
21525.0  1.6  949.0  115.5  181.1  1.64  -0.63  -0.35  115.7
21526.0  1.6  948.7  115.5  181.1  1.63  -0.66  -0.36  115.6
21527.0  1.6  948.7  115.5  181.0  1.60  -0.74  -0.33  115.6
21528.0  1.6  948.6  115.5  181.0  1.64  -0.75  -0.35  115.6
21529.0  1.6  948.2  115.5  181.0  1.59  -0.66  -0.36  115.6
21530.0  1.6  948.8  115.5  181.0  1.61  -0.59  -0.35  115.6
21531.0  1.6  948.7  115.5  181.0  1.63  -0.62  -0.33  115.6
21532.0  1.6  948.5  115.5  181.0  1.60  -0.66  -0.32  115.6
21533.0  1.6  949.0  115.5  181.0  1.65  -0.58  -0.32  115.7
21534.0  1.6  948.4  115.5  181.0  1.62  -0.52  -0.29  115.8
21535.0  1.6  948.7  115.5  181.1  1.59  -0.59  -0.32  115.7
21536.0  1.6  948.5  115.5  181.1  1.61  -0.71  -0.36  115.7
21537.0  1.6  948.6  115.5  181.1  1.57  -0.81  -0.36  115.7
21538.0  1.6  948.9  115.5  181.1  1.62  -0.83  -0.34  115.7
21539.0  1.6  948.5  115.5  181.0  1.58  -0.80  -0.30  115.7
21540.0  1.6  948.9  115.4  181.0  1.61  -0.73  -0.33  115.7
21541.0  1.7  948.4  115.4  181.1  1.69  -0.59  -0.37  115.8
21542.0  1.6  948.7  115.4  181.1  1.58  -0.60  -0.37  115.8
21543.0  1.6  948.4  115.4  181.1  1.61  -0.76  -0.36  115.8
21544.0  1.6  948.9  115.4  181.1  1.60  -0.76  -0.34  115.8
21545.0  1.6  948.8  115.4  181.1  1.61  -0.66  -0.34  115.8
21546.0  1.5  948.7  115.4  181.1  1.53  -0.66  -0.36  115.8
21547.0  1.6  949.0  115.4  181.1  1.55  -0.70  -0.40  115.7
21548.0  1.6  948.5  115.4  181.1  1.58  -0.69  -0.40  115.7
21549.0  1.6  948.7  115.4  181.1  1.56  -0.71  -0.39  115.7
21550.0  1.6  948.9  115.4  181.1  1.60  -0.73  -0.38  115.7
21551.0  1.6  948.4  115.4  181.1  1.60  -0.70  -0.39  115.7
21552.0  1.6  948.8  115.4  181.1  1.59  -0.65  -0.34  115.7
21553.0  1.6  948.9  115.4  181.1  1.60  -0.68  -0.32  115.7
21554.0  1.6  948.3  115.4  181.1  1.57  -0.72  -0.32  115.7
21555.0  1.6  949.0  115.4  181.1  1.56  -0.66  -0.32  115.8
21556.0  1.6  948.4  115.4  181.1  1.61  -0.57  -0.32  115.8
21557.0  1.6  948.9  115.4  181.1  1.61  -0.58  -0.33  115.8
21558.0  1.5  948.6  115.4  181.1  1.59  -0.67  -0.34  115.8
21559.0  1.6  948.8  115.4  181.1  1.61  -0.67  -0.33  115.8
21560.0  1.6  948.5  115.4  181.1  1.59  -0.66  -0.32  115.8
21561.0  1.6  948.8  115.4  181.1  1.62  -0.67  -0.33  115.8
21562.0  1.6  948.9  115.4  181.1  1.60  -0.66  -0.33  115.9
21563.0  1.6  948.5  115.4  181.1  1.65  -0.74  -0.36  115.8
21564.0  1.6  948.9  115.3  181.1  1.68  -0.73  -0.37  115.7
21565.0  1.6  948.7  115.3  181.1  1.66  -0.68  -0.35  115.8
21566.0  1.5  948.6  115.3  181.1  1.61  -0.68  -0.36  115.9
21567.0  1.6  948.8  115.3  181.1  1.65  -0.66  -0.36  115.8
21568.0  1.6  948.6  115.3  181.1  1.65  -0.62  -0.37  115.8
21569.0  1.6  948.7  115.3  181.1  1.63  -0.61  -0.34  115.9
21570.0  1.6  948.4  115.3  181.1  1.61  -0.67  -0.39  115.8
21571.0  1.6  948.5  115.3  181.1  1.65  -0.67  -0.43  115.9
21572.0  1.6  948.4  115.2  181.1  1.65  -0.64  -0.37  115.9
21573.0  1.6  948.7  115.2  181.1  1.62  -0.71  -0.33  115.8
21574.0  1.6  948.5  115.2  181.1  1.65  -0.72  -0.36  115.8
21575.0  1.6  948.3  115.2  181.1  1.65  -0.65  -0.36  115.8
21576.0  1.6  948.7  115.2  181.1  1.64  -0.70  -0.34  115.7
21577.0  1.6  948.8  115.2  181.1  1.59  -0.75  -0.35  115.7
21578.0  1.6  948.9  115.2  181.1  1.60  -0.70  -0.35  115.7
21579.0  1.6  948.6  115.2  181.1  1.63  -0.67  -0.36  115.8
21580.0  1.6  948.9  115.2  181.1  1.60  -0.67  -0.37  115.8
21581.0  1.6  948.3  115.1  181.1  1.59  -0.65  -0.35  115.9
21582.0  1.6  948.7  115.1  181.1  1.64  -0.70  -0.36  115.9
21583.0  1.6  948.5  115.1  181.1  1.61  -0.75  -0.35  116.0
21584.0  1.6  948.9  115.1  181.1  1.62  -0.72  -0.29  115.9
21585.0  1.6  948.3  115.1  181.1  1.62  -0.70  -0.30  115.9
21586.0  1.6  948.7  115.1  181.1  1.61  -0.67  -0.33  115.9
21587.0  1.6  948.8  115.1  181.1  1.61  -0.66  -0.33  115.8
21588.0  1.6  948.3  115.1  181.1  1.60  -0.72  -0.33  115.7
21589.0  1.6  948.6  115.1  181.1  1.61  -0.77  -0.36  115.7
21590.0  1.6  948.7  115.1  181.1  1.66  -0.75  -0.36  115.7
21591.0  1.6  948.4  115.1  181.1  1.63  -0.73  -0.35  115.7
21592.0  1.6  948.8  115.1  181.1  1.64  -0.71  -0.33  115.7
21593.0  1.6  948.6  115.0  181.1  1.62  -0.67  -0.36  115.7
21594.0  1.6  948.5  115.0  181.1  1.65  -0.60  -0.39  115.7
21595.0  1.6  948.4  115.0  181.1  1.65  -0.59  -0.41  115.7
21596.0  1.6  948.6  115.0  181.1  1.64  -0.67  -0.42  115.7
21597.0  1.6  948.7  115.0  181.1  1.68  -0.71  -0.45  115.7
21598.0  1.6  948.4  115.0  181.1  1.65  -0.69  -0.41  115.6
21599.0  1.6  948.9  115.0  181.0  1.63  -0.68  -0.36  115.7
21600.0  1.6  948.6  115.0  181.0  1.64  -0.70  -0.34  115.7
21601.0  1.6  948.1  115.0  181.0  1.67  -0.60  -0.37  115.7
21602.0  1.6  948.8  115.0  181.0  1.70  -0.51  -0.38  115.8
21603.0  1.6  948.6  114.9  181.0  1.68  -0.54  -0.35  115.8
21604.0  1.6  948.6  114.9  181.0  1.72  -0.63  -0.36  115.7
21605.0  1.6  948.8  114.9  181.0  1.69  -0.63  -0.37  115.7
21606.0  1.6  948.4  114.9  181.0  1.66  -0.59  -0.37  115.8
21607.0  1.6  949.0  114.8  181.0  1.72  -0.61  -0.33  115.7
21608.0  1.6  948.8  114.8  181.0  1.69  -0.65  -0.34  115.7
21609.0  1.6  948.6  114.8  181.0  1.68  -0.59  -0.32  115.7
21610.0  1.6  948.8  114.8  181.1  1.68  -0.56  -0.33  115.6
21611.0  1.6  948.6  114.8  181.1  1.70  -0.60  -0.38  115.6
21612.0  1.6  948.7  114.8  181.2  1.69  -0.65  -0.40  115.6
21613.0  1.6  948.3  114.7  181.2  1.69  -0.78  -0.39  115.5
21614.0  1.6  948.7  114.7  181.1  1.68  -0.85  -0.39  115.5
21615.0  1.6  948.5  114.7  181.1  1.70  -0.79  -0.42  115.5
21616.0  1.6  948.6  114.7  181.2  1.70  -0.70  -0.44  115.5
21617.0  1.6  948.1  114.7  181.1  1.66  -0.69  -0.42  115.5
21618.0  1.6  948.6  114.7  181.1  1.74  -0.76  -0.42  115.5
21619.0  1.6  948.7  114.7  181.1  1.65  -0.76  -0.42  115.4
21620.0  1.6  948.4  114.7  181.0  1.73  -0.69  -0.38  115.4
21621.0  1.6  948.5  114.6  181.0  1.68  -0.64  -0.37  115.4
21622.0  1.6  948.7  114.6  181.0  1.67  -0.59  -0.36  115.4
21623.0  1.6  948.4  114.6  181.0  1.70  -0.54  -0.36  115.4
21624.0  1.6  948.7  114.6  181.1  1.69  -0.55  -0.39  115.4
21625.0  1.6  948.7  114.6  181.1  1.72  -0.60  -0.43  115.3
21626.0  1.6  948.5  114.6  181.1  1.68  -0.68  -0.40  115.4
21627.0  1.6  948.4  114.6  181.0  1.72  -0.74  -0.36  115.3
21628.0  1.6  948.8  114.6  181.0  1.67  -0.70  -0.34  115.3
21629.0  1.6  948.7  114.6  181.0  1.71  -0.61  -0.33  115.4
21630.0  1.6  948.3  114.5  181.0  1.69  -0.55  -0.32  115.3
21631.0  1.6  948.6  114.5  181.0  1.71  -0.58  -0.33  115.4
21632.0  1.6  948.7  114.5  181.1  1.71  -0.54  -0.47  115.5
21633.0  1.6  948.6  114.5  181.1  1.72  -0.46  -0.46  115.5
21634.0  1.6  948.7  114.5  181.0  1.69  -0.62  -0.32  115.6
21635.0  1.6  948.7  114.5  181.0  1.69  -0.68  -0.25  115.6
21636.0  1.6  949.0  114.4  181.0  1.70  -0.55  -0.30  115.6
21637.0  1.6  948.5  114.4  181.1  1.68  -0.46  -0.33  115.5
21638.0  1.6  948.8  114.4  181.1  1.70  -0.54  -0.35  115.6
21639.0  1.6  948.4  114.4  181.1  1.66  -0.68  -0.37  115.6
21640.0  1.6  948.8  114.4  181.1  1.67  -0.73  -0.40  115.5
