flight/WP3D/AircraftMis_NP3_20130619_RA.ict
41  1001
Ken Aikin
NOAA ESRL Chemical Sciences Division
various aircraft sensors
SENEX 2013
1  1
2013  06  19  2013  06  20
1
AOCTimewave
8
1  1  1  1  1  1  1  1
-9999  -9999  -9999  -9999  -9999  -9999  -9999  -9999
Attack  deg
CabinPrs  mbar
GndSpd  m/s
Heading  deg
Pitch  deg
Roll  deg
Slip  deg
TrueAirSpd  m/s
1
SPECIAL COMMENTS:Flight into night over Atlanta.
18
PI_CONTACT_INFO: Address: NOAA ESRL Chemical Sciences Division  Mail Stop R/CSD7  325 Broadway  Boulder  CO 80305
PLATFORM: NOAA WP-3D
LOCATION: The aircraft was stationed in  Smyrna  Tennessee. Aircraft location information in AircraftPosition file.
ASSOCIATED_DATA: N/A
INSTRUMENT_INFO: N/A
DATA_INFO: Units: Attack degrees; CabinPrs millibar; GndSpd m/s; Heading degrees; Pitch degrees; Roll degrees; Slip degrees; TrueAirSpd m/s
UNCERTAINTY: N/A
ULOD_FLAG: -7777
ULOD_VALUE: N/A
LLOD_FLAG: -8888
LLOD_VALUE: N/A
DM_CONTACT_INFO: Data Manager:Ken Aikin; email:Kenneth.C.Aikin@noaa.gov
PROJECT_INFO: SENEX 2013 Study; June 1 - July 15  2013
STIPULATIONS_ON_USE: Use of these data require prior ok from PI.
OTHER_COMMENTS:       None
REVISION: RA
RA: Preliminary Data.  For in-field use.
AOCTimewave  Attack  CabinPrs  GndSpd  Heading  Pitch  Roll  Slip  TrueAirSpd
[from data line 10875]
91911.0  1.7  984.2  112.4  89.4  1.89  -0.42  -0.42  118.1
91912.0  1.6  984.5  112.3  89.4  1.86  -0.50  -0.42  118.2
91913.0  1.7  984.5  112.3  89.4  1.85  -0.40  -0.41  118.2
91914.0  1.9  984.4  112.2  89.4  1.97  -0.38  -0.43  118.2
91915.0  1.7  984.5  112.2  89.4  1.79  -0.44  -0.44  118.2
91916.0  1.6  984.2  112.1  89.4  1.66  -0.37  -0.60  118.3
91917.0  1.7  984.1  112.1  89.3  1.74  -0.16  -0.49  118.3
91918.0  1.6  984.3  112.1  89.2  1.67  -0.15  -0.45  118.4
91919.0  1.6  984.4  112.1  89.2  1.65  0.04  -0.45  118.5
91920.0  1.7  984.4  112.1  89.2  1.73  0.07  -0.41  118.7
91921.0  1.6  984.6  112.0  89.2  1.66  -0.06  -0.41  118.6
91922.0  1.6  984.5  112.0  89.2  1.66  -0.02  -0.51  118.5
91923.0  1.6  984.3  112.0  89.1  1.66  -0.07  -0.39  118.5
91924.0  1.7  984.4  112.0  89.2  1.76  0.03  -0.28  118.5
91925.0  1.6  984.3  111.9  89.3  1.69  0.02  -0.30  118.4
91926.0  1.7  984.3  111.9  89.4  1.66  0.03  -0.43  118.1
91927.0  1.8  984.3  111.9  89.5  1.70  -0.27  -0.43  118.0
91928.0  1.7  984.4  111.9  89.5  1.66  -0.54  -0.39  117.9
91929.0  1.7  984.4  111.9  89.5  1.68  -0.35  -0.50  117.9
91930.0  1.8  984.7  111.9  89.5  1.80  -0.28  -0.59  117.7
91931.0  1.7  984.8  111.9  89.4  1.78  -0.39  -0.49  117.7
91932.0  1.7  984.4  111.9  89.3  1.75  -0.30  -0.48  118.0
91933.0  1.7  984.4  111.8  89.3  1.77  -0.11  -0.30  117.9
91934.0  1.7  984.5  111.8  89.3  1.88  -0.17  -0.35  117.7
91935.0  1.8  984.4  111.8  89.4  1.85  -0.25  -0.40  117.4
91936.0  1.8  984.3  111.8  89.5  1.86  -0.04  -0.35  117.3
91937.0  1.8  984.9  111.7  89.6  1.84  -0.49  -0.39  117.2
91938.0  1.8  984.6  111.7  89.6  1.87  -0.65  -0.31  117.1
91939.0  1.8  984.5  111.7  89.7  1.90  -0.59  -0.45  117.0
91940.0  1.8  984.6  111.7  89.6  1.93  -0.51  -0.64  117.1
91941.0  1.8  984.8  111.6  89.5  1.91  -0.78  -0.56  117.0
91942.0  1.8  985.2  111.6  89.4  1.92  -0.62  -0.32  117.0
91943.0  1.7  984.9  111.6  89.4  1.85  -0.32  -0.42  117.2
91944.0  1.9  984.7  111.6  89.4  1.98  -0.21  -0.50  117.3
91945.0  1.8  984.8  111.5  89.4  1.91  -0.26  -0.52  117.5
91946.0  1.7  985.0  111.5  89.3  1.78  -0.38  -0.58  117.2
91947.0  1.8  984.9  111.5  89.2  1.95  -0.19  -0.41  117.2
91948.0  1.8  984.8  111.4  89.1  1.90  -0.05  -0.22  117.1
91949.0  1.7  984.4  111.4  89.3  1.81  -0.03  -0.37  117.0
91950.0  1.8  985.1  111.4  89.3  1.92  -0.09  -0.56  116.9
91951.0  1.9  984.7  111.4  89.2  1.98  -0.19  -0.39  117.0
91952.0  1.8  984.9  111.3  89.3  1.93  -0.19  -0.39  117.2
91953.0  1.8  984.6  111.3  89.3  1.91  0.01  -0.46  117.2
91954.0  1.8  984.6  111.3  89.2  1.88  -0.04  -0.42  117.2
91955.0  1.7  984.7  111.2  89.3  1.86  -0.13  -0.49  117.3
91956.0  1.8  984.7  111.2  89.3  1.89  -0.18  -0.41  117.1
91957.0  1.8  984.6  111.2  89.2  1.97  -0.22  -0.37  117.0
91958.0  1.8  985.0  111.2  89.3  1.97  -0.21  -0.42  116.9
91959.0  1.8  984.7  111.1  89.3  1.88  -0.16  -0.46  116.8
91960.0  1.8  984.8  111.1  89.3  1.88  -0.21  -0.35  116.9
91961.0  1.8  984.3  111.1  89.3  1.94  -0.28  -0.31  116.8
91962.0  1.8  985.1  111.1  89.4  1.95  -0.24  -0.49  116.8
91963.0  1.8  984.7  111.0  89.4  1.90  -0.10  -0.47  116.6
91964.0  1.9  984.7  111.0  89.3  2.06  -0.27  -0.38  116.7
91965.0  1.8  984.7  111.0  89.4  1.94  -0.32  -0.39  116.6
91966.0  1.8  984.7  111.0  89.4  1.90  -0.24  -0.38  116.6
91967.0  1.9  984.8  110.9  89.5  1.94  -0.37  -0.37  116.5
91968.0  1.9  984.5  110.9  89.5  2.00  -0.49  -0.43  116.4
91969.0  1.9  984.5  110.9  89.5  1.96  -0.50  -0.50  116.4
91970.0  1.8  985.2  110.9  89.5  1.93  -0.48  -0.46  116.3
91971.0  1.9  984.8  110.9  89.4  1.93  -0.49  -0.46  116.3
91972.0  1.9  984.7  110.8  89.4  1.99  -0.40  -0.42  116.3
91973.0  1.8  984.4  110.8  89.4  1.97  -0.36  -0.44  116.2
91974.0  1.8  985.0  110.8  89.4  1.99  -0.36  -0.49  116.3
91975.0  1.8  985.4  110.8  89.4  1.98  -0.36  -0.39  116.2
91976.0  1.9  984.7  110.7  89.3  2.03  -0.39  -0.39  116.3
91977.0  1.8  984.8  110.7  89.4  1.97  -0.20  -0.44  116.2
91978.0  1.9  985.5  110.7  89.3  2.06  -0.23  -0.42  116.2
91979.0  1.9  985.1  110.7  89.3  1.98  -0.36  -0.45  116.3
91980.0  1.8  984.9  110.6  89.4  1.93  -0.27  -0.46  116.3
91981.0  1.9  984.9  110.6  89.3  1.96  -0.19  -0.42  116.4
91982.0  1.9  984.9  110.6  89.3  2.04  -0.26  -0.44  116.3
91983.0  1.8  985.1  110.6  89.2  1.99  -0.22  -0.41  116.2
91984.0  1.8  985.1  110.6  89.2  1.94  -0.11  -0.36  116.2
91985.0  1.9  984.9  110.6  89.2  2.01  -0.01  -0.37  116.2
91986.0  1.9  984.6  110.5  89.2  1.98  0.04  -0.35  116.3
91987.0  1.9  984.7  110.5  89.3  1.98  -0.09  -0.40  116.3
91988.0  1.9  985.4  110.5  89.3  1.99  -0.13  -0.38  116.3
91989.0  1.9  985.2  110.5  89.2  1.98  -0.20  -0.30  116.3
91990.0  1.9  985.1  110.5  89.3  1.96  -0.24  -0.32  116.4
91991.0  1.8  985.0  110.5  89.3  1.92  -0.20  -0.37  116.3
91992.0  1.8  985.0  110.4  89.3  1.96  -0.16  -0.34  116.4
91993.0  1.8  985.1  110.4  89.3  1.87  -0.24  -0.35  116.3
91994.0  1.9  985.3  110.4  89.3  1.97  -0.28  -0.36  116.3
91995.0  1.8  984.9  110.4  89.4  1.93  -0.31  -0.29  116.3
91996.0  1.9  984.8  110.4  89.4  1.90  -0.38  -0.37  116.3
91997.0  1.8  984.9  110.4  89.5  1.89  -0.42  -0.51  116.2
91998.0  1.9  984.9  110.3  89.5  1.91  -0.44  -0.39  116.3
91999.0  1.9  985.2  110.3  89.4  1.94  -0.58  -0.38  116.2
92000.0  1.9  985.0  110.3  89.5  1.98  -0.52  -0.44  116.1
92001.0  1.9  985.1  110.3  89.4  1.97  -0.41  -0.47  116.1
92002.0  1.8  985.4  110.3  89.4  1.87  -0.53  -0.38  116.1
92003.0  1.9  985.1  110.3  89.3  1.98  -0.59  -0.37  116.0
92004.0  1.9  985.2  110.3  89.4  1.95  -0.29  -0.35  116.1
92005.0  1.9  985.1  110.3  89.4  1.95  -0.25  -0.41  116.0
92006.0  1.8  985.3  110.3  89.4  1.90  -0.41  -0.38  116.1
92007.0  1.9  985.2  110.3  89.4  1.92  -0.48  -0.41  116.0
92008.0  1.9  984.8  110.2  89.5  1.99  -0.39  -0.41  116.1
92009.0  1.9  985.0  110.2  89.5  1.93  -0.43  -0.46  116.0
92010.0  1.9  985.2  110.2  89.5  2.00  -0.59  -0.47  116.0
92011.0  1.8  985.2  110.2  89.4  1.90  -0.66  -0.44  116.1
92012.0  1.9  985.1  110.2  89.4  1.98  -0.59  -0.36  116.2
92013.0  1.9  985.2  110.2  89.3  2.04  -0.43  -0.32  116.1
92014.0  1.9  985.0  110.1  89.3  2.06  -0.34  -0.36  116.0
92015.0  1.9  985.6  110.1  89.3  2.02  -0.31  -0.35  116.0
92016.0  1.9  985.2  110.1  89.3  2.01  -0.37  -0.35  116.0
92017.0  1.9  985.1  110.0  89.2  2.02  -0.37  -0.29  116.0
92018.0  1.9  985.3  110.0  89.3  1.98  -0.29  -0.32  116.0
92019.0  1.9  985.0  110.0  89.3  1.98  -0.21  -0.39  116.2
92020.0  1.8  985.3  110.0  89.2  1.92  -0.16  -0.32  116.0
92021.0  1.9  985.2  109.9  89.2  2.00  -0.21  -0.32  116.0
92022.0  1.9  985.4  109.9  89.3  2.00  -0.18  -0.40  116.0
92023.0  1.8  985.2  109.9  89.2  1.88  -0.17  -0.38  115.9
92024.0  1.9  985.2  109.8  89.2  1.92  -0.28  -0.32  116.0
92025.0  1.9  985.1  109.8  89.3  1.99  -0.24  -0.32  116.1
92026.0  1.9  984.8  109.8  89.3  1.94  -0.19  -0.50  116.2
92027.0  1.9  985.0  109.8  89.2  1.97  -0.20  -0.44  116.3
92028.0  1.9  985.3  109.7  89.2  1.93  -0.28  -0.36  116.2
92029.0  1.9  985.1  109.7  89.2  1.92  -0.16  -0.38  116.2
92030.0  1.9  985.2  109.7  89.2  1.89  -0.14  -0.43  116.3
92031.0  1.9  985.3  109.7  89.1  1.96  -0.14  -0.42  116.5
92032.0  1.8  985.5  109.6  89.1  1.86  -0.16  -0.31  116.9
92033.0  1.8  985.2  109.6  89.1  1.90  -0.58  -0.42  116.6
92034.0  1.9  985.1  109.6  89.0  1.95  -1.40  -0.40  116.6
92035.0  1.7  985.5  109.5  88.8  1.87  -1.63  -0.21  116.3
92036.0  1.8  985.1  109.5  88.7  1.92  -1.47  -0.35  116.1
92037.0  1.9  985.0  109.5  88.7  1.98  -0.77  -0.50  116.4
92038.0  2.0  985.3  109.4  88.5  2.05  -0.71  -0.26  116.7
92039.0  1.8  985.0  109.4  88.5  1.89  -0.74  -0.33  116.5
92040.0  1.8  985.1  109.3  88.5  1.92  -0.50  -0.29  116.6
92041.0  1.9  985.5  109.3  88.5  1.90  -0.50  -0.36  116.4
92042.0  1.8  985.0  109.3  88.5  1.93  -0.56  -0.45  116.2
92043.0  1.8  985.0  109.3  88.4  1.93  -0.50  -0.38  116.2
92044.0  1.9  985.1  109.2  88.3  1.97  -0.44  -0.33  116.2
92045.0  1.8  985.3  109.2  88.3  1.98  -0.26  -0.30  116.1
92046.0  1.9  984.9  109.2  88.3  2.00  -0.18  -0.28  116.0
92047.0  1.9  985.3  109.1  88.3  2.02  -0.28  -0.38  115.9
92048.0  1.9  985.5  109.1  88.3  2.00  -0.27  -0.38  115.9
92049.0  1.9  985.4  109.1  88.3  2.04  -0.26  -0.25  116.0
92050.0  1.9  985.3  109.0  88.4  2.06  -0.30  -0.35  116.1
92051.0  1.9  985.2  109.0  88.4  2.06  -0.25  -0.42  116.3
92052.0  1.8  985.3  108.9  88.3  1.99  -0.29  -0.38  116.2
92053.0  1.9  985.1  108.9  88.3  2.04  -0.36  -0.37  116.2
92054.0  1.9  985.3  108.9  88.3  2.05  -0.27  -0.36  116.2
92055.0  1.9  985.5  108.8  88.2  2.05  -0.27  -0.35  116.1
92056.0  1.9  985.5  108.8  88.2  2.10  -0.32  -0.32  116.1
92057.0  1.9  985.4  108.7  88.2  2.08  -0.25  -0.37  116.0
92058.0  1.9  985.1  108.7  88.2  2.09  -0.12  -0.39  116.0
92059.0  1.9  985.6  108.6  88.1  2.06  -0.15  -0.32  115.9
92060.0  1.9  985.2  108.6  88.1  2.02  -0.19  -0.31  115.9
92061.0  2.0  985.0  108.5  88.1  2.11  -0.10  -0.29  115.8
92062.0  1.9  985.5  108.5  88.2  2.01  -0.01  -0.36  115.8
92063.0  1.9  985.2  108.5  88.2  2.10  -0.01  -0.31  115.7
92064.0  1.9  985.5  108.4  88.1  2.04  -0.18  -0.32  115.5
92065.0  1.9  985.8  108.4  88.2  2.01  -0.16  -0.36  115.5
92066.0  2.0  985.2  108.4  88.1  2.05  -0.05  -0.34  115.4
92067.0  1.9  985.1  108.4  88.1  2.03  -0.11  -0.34  115.4
92068.0  2.0  985.3  108.3  88.1  2.11  -0.12  -0.34  115.3
92069.0  1.9  985.0  108.3  88.1  2.04  -0.10  -0.30  115.3
92070.0  1.9  984.9  108.3  88.0  1.99  -0.13  -0.28  115.2
92071.0  1.9  985.4  108.2  88.0  2.02  -0.07  -0.37  115.2
92072.0  2.0  984.9  108.2  88.0  2.11  0.06  -0.34  115.1
92073.0  1.9  985.2  108.2  88.0  2.03  0.08  -0.26  115.0
92074.0  2.0  985.2  108.2  88.0  2.03  0.02  -0.24  114.9
92075.0  2.0  985.3  108.2  88.1  2.10  0.04  -0.32  114.9
92076.0  2.0  985.5  108.1  88.1  2.14  0.04  -0.39  114.8
92077.0  2.0  985.4  108.1  88.0  2.10  -0.06  -0.28  114.8
92078.0  2.0  985.4  108.1  88.0  2.16  -0.15  -0.26  114.6
92079.0  2.0  985.2  108.1  88.0  2.12  0.03  -0.30  114.6
92080.0  2.0  985.4  108.0  87.9  2.13  0.25  -0.27  114.7
92081.0  2.0  985.6  108.0  87.9  2.12  0.16  -0.25  114.5
92082.0  2.1  985.1  108.0  88.0  2.22  0.16  -0.28  114.5
92083.0  1.9  985.7  108.0  88.1  2.12  0.24  -0.29  114.3
92084.0  2.0  985.2  107.9  88.2  2.20  0.12  -0.35  114.3
92085.0  2.0  985.1  107.9  88.2  2.17  -0.08  -0.41  114.2
92086.0  2.0  985.6  107.9  88.1  2.26  -0.17  -0.36  114.1
92087.0  2.0  985.2  107.9  88.1  2.21  -0.18  -0.28  114.1
92088.0  2.0  985.3  107.8  88.1  2.19  -0.10  -0.32  114.0
92089.0  2.1  985.7  107.8  88.2  2.20  -0.03  -0.38  114.0
92090.0  2.1  985.4  107.8  88.2  2.22  -0.05  -0.36  113.9
92091.0  2.1  985.6  107.8  88.1  2.19  -0.19  -0.24  113.7
92092.0  2.1  985.5  107.7  88.2  2.23  -0.26  -0.33  113.8
92093.0  2.1  985.2  107.7  88.2  2.22  -0.09  -0.36  113.7
92094.0  2.1  985.7  107.7  88.2  2.24  -0.15  -0.34  113.6
92095.0  2.1  985.2  107.7  88.2  2.22  -0.28  -0.30  113.6
92096.0  2.1  985.6  107.7  88.3  2.29  -0.32  -0.27  113.2
92097.0  2.1  985.2  107.7  88.3  2.29  -0.32  -0.31  113.0
92098.0  2.1  985.8  107.7  88.4  2.24  -0.43  -0.35  112.9
92099.0  2.2  985.3  107.6  88.4  2.30  -0.45  -0.43  113.0
92100.0  2.2  985.3  107.6  88.4  2.25  -0.51  -0.37  112.9
92101.0  2.2  985.6  107.6  88.3  2.32  -0.61  -0.41  112.9
92102.0  2.2  985.4  107.6  88.2  2.31  -0.43  -0.37  113.1
92103.0  2.1  985.5  107.6  88.2  2.23  -0.21  -0.36  113.1
92104.0  2.1  985.4  107.6  88.2  2.23  -0.19  -0.33  113.1
92105.0  2.2  985.5  107.6  88.3  2.29  -0.29  -0.34  113.0
92106.0  2.2  985.8  107.6  88.3  2.28  -0.32  -0.38  113.0
92107.0  2.1  985.5  107.6  88.3  2.23  -0.36  -0.39  113.0
92108.0  2.2  985.5  107.6  88.2  2.23  -0.44  -0.36  113.1
92109.0  2.1  986.0  107.5  88.2  2.20  -0.32  -0.27  113.0
92110.0  2.2  985.7  107.5  88.3  2.21  -0.24  -0.27  113.1
92111.0  2.1  985.5  107.5  88.3  2.08  -0.32  -0.31  113.0
92112.0  2.1  985.8  107.6  88.4  2.15  -0.41  -0.20  113.0
92113.0  2.1  985.6  107.6  88.5  2.13  -0.52  -0.38  113.0
92114.0  2.1  985.5  107.6  88.5  2.19  -0.55  -0.45  113.0
92115.0  2.2  985.4  107.6  88.4  2.25  -0.67  -0.39  113.2
92116.0  2.1  985.7  107.6  88.4  2.18  -0.73  -0.39  113.2
92117.0  2.1  985.8  107.6  88.4  2.19  -0.62  -0.38  113.3
92118.0  2.1  985.6  107.6  88.4  2.22  -0.59  -0.39  113.3
92119.0  2.1  985.5  107.5  88.4  2.17  -0.62  -0.41  113.2
92120.0  2.1  985.4  107.5  88.3  2.16  -0.62  -0.39  113.2
92121.0  2.1  985.6  107.5  88.3  2.18  -0.55  -0.34  113.1
92122.0  2.1  985.3  107.5  88.3  2.17  -0.52  -0.33  113.0
92123.0  2.2  985.3  107.5  88.3  2.26  -0.40  -0.40  113.1
92124.0  2.1  985.7  107.5  88.3  2.20  -0.23  -0.37  113.1
92125.0  2.0  985.8  107.5  88.3  2.15  -0.39  -0.34  113.1
92126.0  2.2  985.6  107.5  88.3  2.28  -0.44  -0.45  113.0
92127.0  2.3  985.6  107.5  88.3  2.31  -0.28  -0.45  113.1
92128.0  2.2  985.7  107.5  88.2  2.23  -0.41  -0.33  113.1
92129.0  2.1  985.7  107.5  88.3  2.22  -0.45  -0.35  113.5
92130.0  2.1  985.7  107.5  88.3  2.20  -0.40  -0.40  113.3
92131.0  2.2  985.8  107.5  88.2  2.22  -0.31  -0.45  113.2
92132.0  2.1  985.6  107.5  88.1  2.17  -0.16  -0.51  113.0
92133.0  2.2  986.0  107.5  88.1  2.23  -0.20  -0.28  112.9
92134.0  2.2  985.7  107.5  88.1  2.25  -0.20  -0.36  112.9
92135.0  2.2  985.6  107.5  88.2  2.18  -0.07  -0.38  112.9
92136.0  2.1  985.6  107.5  88.1  2.18  -0.22  -0.35  112.9
92137.0  2.2  985.9  107.5  88.2  2.21  -0.29  -0.35  113.0
92138.0  2.2  985.5  107.5  88.2  2.18  -0.16  -0.39  112.9
92139.0  2.2  985.6  107.5  88.2  2.20  -0.15  -0.40  113.0
92140.0  2.2  985.6  107.5  88.2  2.20  -0.19  -0.47  112.9
92141.0  2.2  985.6  107.5  88.2  2.22  -0.18  -0.52  113.0
92142.0  2.2  985.3  107.5  88.1  2.27  -0.18  -0.45  112.9
92143.0  2.2  985.3  107.5  88.1  2.28  -0.17  -0.32  112.8
92144.0  2.2  985.6  107.5  88.2  2.23  -0.22  -0.44  112.7
92145.0  2.2  985.4  107.5  88.2  2.31  -0.26  -0.49  112.7
92146.0  2.1  985.8  107.5  88.1  2.28  -0.25  -0.35  112.6
92147.0  2.2  985.6  107.5  88.1  2.31  -0.23  -0.37  112.4
92148.0  2.3  985.7  107.5  88.1  2.41  -0.07  -0.33  112.4
92149.0  2.2  985.6  107.5  88.1  2.36  -0.22  -0.35  112.3
92150.0  2.2  985.6  107.5  88.1  2.39  -0.16  -0.40  112.2
92151.0  2.2  985.8  107.5  88.1  2.40  -0.03  -0.36  112.3
92152.0  2.2  985.7  107.5  88.1  2.33  -0.10  -0.43  112.3
92153.0  2.3  985.5  107.5  88.1  2.40  -0.19  -0.42  112.1
92154.0  2.3  985.5  107.5  88.1  2.42  -0.22  -0.41  112.1
92155.0  2.3  985.7  107.5  88.1  2.37  -0.14  -0.44  112.1
92156.0  2.2  985.3  107.5  88.0  2.41  -0.06  -0.43  112.1
92157.0  2.3  985.7  107.5  88.0  2.37  -0.03  -0.40  112.2
92158.0  2.2  986.2  107.5  88.0  2.36  -0.02  -0.40  112.2
92159.0  2.2  985.9  107.5  88.0  2.33  -0.05  -0.51  112.1
92160.0  2.2  985.8  107.5  88.0  2.33  0.04  -0.63  112.6
92161.0  2.2  985.7  107.5  87.8  2.27  0.04  -0.58  112.6
92162.0  2.2  985.7  107.5  87.7  2.23  0.06  -0.23  112.5
92163.0  2.1  985.8  107.5  87.8  2.18  0.43  -0.30  112.4
92164.0  2.2  986.0  107.5  87.9  2.23  0.54  -0.59  112.5
92165.0  2.1  985.8  107.5  87.8  2.15  0.34  -0.54  112.5
92166.0  2.2  985.7  107.5  87.8  2.13  0.16  -0.44  112.5
92167.0  2.2  986.0  107.6  87.8  2.14  0.14  -0.39  112.5
92168.0  2.1  985.8  107.6  87.8  2.13  0.24  -0.33  112.5
92169.0  2.1  985.9  107.6  87.9  2.13  0.27  -0.36  112.6
92170.0  2.2  985.8  107.6  88.0  2.15  0.17  -0.32  112.8
92171.0  2.1  985.5  107.6  88.0  2.15  0.03  -0.41  112.8
92172.0  2.2  985.5  107.7  88.1  2.20  -0.07  -0.48  112.9
92173.0  2.1  985.5  107.7  88.1  2.12  -0.10  -0.43  112.9
92174.0  2.2  985.6  107.7  88.1  2.12  -0.20  -0.40  112.9
92175.0  2.2  985.7  107.7  88.1  2.13  -0.26  -0.41  113.0
92176.0  2.1  985.9  107.7  88.2  2.11  -0.18  -0.35  113.1
92177.0  2.1  985.8  107.8  88.2  2.12  -0.25  -0.26  113.2
