flight/WP3D/AircraftMet_NP3_20130531_RA.ict
43  1001
Ken Aikin
NOAA ESRL Chemical Sciences Division
various aircraft sensors
SENEX 2013
1  1
2013  05  31  2013  05  31
1
AOCTimewave
10
1  1  1  1  1  1  1  1  1  1
-9999  -9999  -9999  -9999  -9999  -9999  -9999  -9999  -9999  -9999
AmbTemp  C
DewPtTemp  C
DewPtTempTDL  C
H2Omr  g/kg
PotTemp  K
RelHumidity  pct
StaticPrs  mbar
VertWindSpd  m/s
WindDir  deg
WindSpd  m/s
1
SPECIAL COMMENTS:2nd test flight from Tampa.
18
PI_CONTACT_INFO: Address: NOAA ESRL Chemical Sciences Division  Mail Stop R/CSD7  325 Broadway  Boulder  CO 80305
PLATFORM: NOAA WP-3D
LOCATION: The aircraft was stationed in  Smyrna  Tennessee. Aircraft location information in AircraftPosition file.
ASSOCIATED_DATA: N/A
INSTRUMENT_INFO: N/A
DATA_INFO: Units:AmbTemp celcius; DewPtTemp celcius; DewPtTempTDL celcius; H2Omr g/kg; PotTemp kelvin; RelHumidity percent; StaticPrs millibar; VertWindSpd m/s; WindDir degrees; WindSpd m/s
UNCERTAINTY: N/A
ULOD_FLAG: -7777
ULOD_VALUE: N/A
LLOD_FLAG: -8888
LLOD_VALUE: N/A
DM_CONTACT_INFO: Data Manager:Ken Aikin; email:Kenneth.C.Aikin@noaa.gov
PROJECT_INFO: SENEX 2013 Study; June 1 - July 15  2013
STIPULATIONS_ON_USE: Use of these data require prior ok from PI.
OTHER_COMMENTS:       None
REVISION: RA
RA: Preliminary Data.  For in-field use.
AOCTimewave  AmbTemp  DewPtTemp  DewPtTempTDL  H2Omr  PotTemp  RelHumidity  StaticPrs  VertWindSpd  WindDir  WindSpd
[from data line 7359]
58431.0  5.710  -2.060  -22.910  5.07  315.36  57.00  649.96  -0.02  109.28  0.37
58432.0  5.730  -2.090  -22.910  5.06  315.39  56.80  649.88  -0.07  106.22  0.41
58433.0  5.690  -2.120  -22.910  5.05  315.34  56.85  649.94  -0.06  85.14  0.44
58434.0  5.690  -2.150  -22.910  5.04  315.32  56.75  650.00  -0.07  90.85  0.42
58435.0  5.720  -2.140  -22.910  5.04  315.36  56.62  650.05  -0.01  97.02  0.28
58436.0  5.730  -2.140  -22.910  5.04  315.37  56.62  650.03  -0.11  74.22  0.26
58437.0  5.710  -2.140  -22.910  5.04  315.36  56.69  649.91  -0.10  93.94  0.19
58438.0  5.700  -2.150  -22.910  5.03  315.37  56.66  649.83  0.00  95.74  0.32
58439.0  5.710  -2.150  -22.910  5.03  315.38  56.63  649.81  0.03  97.95  0.44
58440.0  5.710  -2.150  -22.910  5.03  315.38  56.64  649.76  -0.06  106.88  0.51
58441.0  5.670  -2.150  -22.910  5.04  315.34  56.81  649.76  -0.21  108.72  0.50
58442.0  5.700  -2.140  -22.910  5.04  315.39  56.73  649.64  -0.26  88.06  0.51
58443.0  5.640  -2.110  -22.910  5.05  315.33  57.05  649.61  -0.15  89.98  0.56
58444.0  5.650  -2.110  -22.910  5.05  315.36  57.06  649.43  0.06  78.18  0.58
58445.0  5.620  -2.070  -22.910  5.07  315.36  57.32  649.22  0.16  68.56  0.56
58446.0  5.560  -2.050  -22.910  5.08  315.30  57.68  649.15  0.36  68.20  0.54
58447.0  5.570  -2.040  -22.910  5.08  315.32  57.65  649.12  0.39  74.00  0.70
58448.0  5.530  -2.020  -22.910  5.09  315.28  57.90  649.09  0.37  63.88  0.88
58449.0  5.560  -1.990  -22.910  5.10  315.31  57.94  649.10  0.34  58.47  0.95
58450.0  5.490  -1.930  -22.910  5.12  315.23  58.45  649.08  0.26  60.47  0.84
58451.0  5.490  -1.900  -22.910  5.13  315.22  58.58  649.18  0.06  58.86  0.87
58452.0  5.510  -1.880  -22.910  5.14  315.24  58.61  649.17  -0.13  58.86  0.98
58453.0  5.480  -1.850  -22.910  5.15  315.19  58.85  649.27  -0.11  57.93  1.13
58454.0  5.520  -1.830  -22.910  5.16  315.24  58.78  649.25  -0.25  58.85  1.13
58455.0  5.490  -1.800  -22.910  5.17  315.20  59.05  649.29  -0.47  55.04  1.18
58456.0  5.490  -1.750  -22.910  5.19  315.20  59.25  649.32  -0.45  55.13  1.15
58457.0  5.490  -1.720  -22.910  5.20  315.19  59.37  649.38  -0.36  57.87  1.06
58458.0  5.540  -1.700  -22.910  5.21  315.24  59.26  649.44  -0.31  57.08  1.07
58459.0  5.550  -1.670  -22.910  5.22  315.24  59.34  649.51  -0.22  54.50  1.15
58460.0  5.550  -1.650  -22.910  5.23  315.21  59.45  649.68  -0.09  55.51  1.04
58461.0  5.560  -1.650  -22.910  5.23  315.21  59.42  649.75  -0.09  57.51  1.02
58462.0  5.570  -1.650  -22.910  5.23  315.22  59.36  649.79  -0.14  55.53  1.02
58463.0  5.590  -1.640  -22.910  5.23  315.25  59.32  649.76  -0.09  57.88  1.03
58464.0  5.620  -1.640  -22.910  5.23  315.28  59.22  649.74  -0.13  56.97  1.09
58465.0  5.600  -1.650  -22.910  5.23  315.26  59.22  649.76  -0.19  54.90  1.11
58466.0  5.620  -1.670  -22.910  5.22  315.28  59.08  649.75  -0.34  53.00  1.15
58467.0  5.610  -1.670  -22.910  5.22  315.27  59.11  649.78  -0.31  54.52  1.17
58468.0  5.640  -1.660  -22.910  5.22  315.29  59.00  649.88  -0.31  50.07  1.31
58469.0  5.610  -1.670  -22.910  5.22  315.24  59.13  649.94  -0.29  51.98  1.20
58470.0  5.610  -1.680  -22.910  5.21  315.25  59.06  649.92  -0.24  53.28  1.18
58471.0  5.640  -1.700  -22.910  5.21  315.28  58.86  649.95  -0.22  55.58  1.24
58472.0  5.660  -1.700  -22.910  5.21  315.30  58.79  649.91  -0.19  51.74  1.35
58473.0  5.640  -1.710  -22.910  5.20  315.29  58.84  649.82  -0.08  51.95  1.31
58474.0  5.620  -1.730  -22.910  5.20  315.27  58.82  649.85  -0.01  56.08  1.19
58475.0  5.640  -1.730  -22.910  5.20  315.28  58.75  649.94  0.03  56.01  1.30
58476.0  5.650  -1.720  -22.910  5.20  315.27  58.71  650.12  -0.07  53.01  1.44
58477.0  5.610  -1.720  -22.910  5.19  315.21  58.87  650.20  -0.11  57.69  1.39
58478.0  5.630  -1.730  -22.910  5.19  315.21  58.77  650.37  -0.04  61.61  1.36
58479.0  5.630  -1.720  -22.910  5.19  315.17  58.82  650.63  0.11  60.43  1.31
58480.0  5.670  -1.700  -22.910  5.20  315.19  58.70  650.86  0.14  61.67  1.34
58481.0  5.760  -1.700  -22.910  5.20  315.23  58.39  651.24  0.28  66.07  1.39
58482.0  5.770  -1.670  -22.910  5.20  315.17  58.45  651.76  0.32  65.36  1.51
58483.0  5.850  -1.660  -22.910  5.20  315.18  58.16  652.33  0.43  64.63  1.51
58484.0  5.860  -1.640  -22.910  5.20  315.11  58.19  652.99  0.39  62.24  1.63
58485.0  5.950  -1.640  -22.910  5.20  315.12  57.83  653.69  0.32  61.21  1.68
58486.0  6.030  -1.610  -22.910  5.20  315.09  57.62  654.52  0.23  60.47  1.90
58487.0  6.100  -1.580  -22.910  5.21  315.05  57.49  655.37  0.23  61.74  1.88
58488.0  6.180  -1.560  -22.910  5.21  315.03  57.22  656.23  0.32  61.56  1.89
58489.0  6.250  -1.550  -22.910  5.20  314.96  57.01  657.26  0.33  60.95  2.00
58490.0  6.380  -1.530  -22.910  5.21  314.98  56.59  658.20  0.39  63.79  2.13
58491.0  6.500  -1.520  -22.910  5.20  314.98  56.19  659.18  0.42  69.25  2.17
58492.0  6.600  -1.550  -22.910  5.18  314.94  55.67  660.27  0.23  73.39  2.19
58493.0  6.690  -1.580  -22.910  5.16  314.88  55.20  661.44  0.06  75.47  2.29
58494.0  6.890  -1.650  -22.910  5.12  314.96  54.12  662.58  0.03  78.68  2.43
58495.0  6.970  -1.750  -22.910  5.08  314.87  53.45  663.85  0.09  77.60  2.48
58496.0  7.120  -1.870  -22.910  5.02  314.90  52.39  664.96  0.15  74.50  2.43
58497.0  7.190  -2.000  -22.910  4.97  314.82  51.65  666.10  0.29  68.62  2.38
58498.0  7.290  -2.090  -22.910  4.92  314.77  50.94  667.32  0.42  69.80  2.46
58499.0  7.370  -2.160  -22.910  4.89  314.69  50.42  668.57  0.38  76.19  2.77
58500.0  7.370  -2.250  -22.910  4.85  314.53  50.07  669.72  0.32  80.12  2.65
58501.0  7.300  -2.390  -22.910  4.79  314.30  49.82  670.88  0.16  87.09  2.22
58502.0  7.350  -2.600  -22.910  4.70  314.20  48.83  672.08  0.05  87.71  2.03
58503.0  7.480  -2.890  -22.910  4.60  314.18  47.37  673.34  0.16  88.15  1.95
58504.0  7.510  -3.190  -22.910  4.49  314.05  46.22  674.61  0.21  86.73  1.59
58505.0  7.640  -3.460  -22.910  4.39  314.02  44.88  675.88  0.06  84.42  1.52
58506.0  7.680  -3.730  -22.910  4.29  313.91  43.88  677.05  -0.15  91.54  1.73
58507.0  7.760  -3.950  -22.910  4.21  313.85  42.89  678.24  -0.26  93.12  1.98
58508.0  7.810  -4.100  -22.910  4.16  313.74  42.26  679.42  -0.29  93.79  2.04
58509.0  7.940  -4.190  -22.910  4.12  313.72  41.62  680.67  -0.24  92.53  2.14
58510.0  8.100  -4.210  -22.910  4.11  313.76  41.09  681.77  -0.12  92.59  2.15
58511.0  8.170  -4.190  -22.910  4.11  313.70  40.96  682.80  0.03  90.23  2.28
58512.0  8.350  -4.140  -22.910  4.12  313.74  40.61  684.06  0.15  89.25  2.41
58513.0  8.420  -4.100  -22.910  4.12  313.67  40.54  685.19  0.13  90.60  2.40
58514.0  8.510  -4.040  -22.910  4.14  313.63  40.47  686.21  0.02  90.06  2.34
58515.0  8.690  -4.010  -22.910  4.14  313.70  40.05  687.29  -0.07  88.41  2.42
58516.0  8.780  -3.980  -22.910  4.14  313.65  39.91  688.39  -0.05  86.54  2.59
58517.0  8.880  -3.890  -22.910  4.16  313.63  39.90  689.44  -0.10  83.70  2.70
58518.0  8.870  -3.700  -22.910  4.22  313.50  40.51  690.30  -0.21  79.10  2.48
58519.0  8.940  -3.410  -22.910  4.30  313.45  41.19  691.31  -0.38  75.79  2.19
58520.0  8.920  -3.100  -22.910  4.40  313.30  42.22  692.31  -0.54  68.47  1.85
58521.0  8.870  -2.790  -22.910  4.50  313.13  43.37  693.17  -0.55  62.18  1.84
58522.0  8.820  -2.410  -22.910  4.62  312.96  44.77  694.02  -0.59  61.46  2.00
58523.0  8.830  -2.020  -22.910  4.75  312.86  46.04  694.93  -0.67  58.72  2.02
58524.0  8.850  -1.630  -22.910  4.88  312.77  47.36  695.76  -0.70  53.53  2.06
58525.0  8.880  -1.210  -22.910  5.03  312.69  48.76  696.64  -0.67  50.71  2.23
58526.0  8.930  -0.780  -22.910  5.19  312.65  50.15  697.38  -0.59  48.96  2.35
58527.0  9.000  -0.410  -22.910  5.33  312.62  51.30  698.23  -0.59  48.86  2.54
58528.0  9.040  -0.110  -22.910  5.44  312.56  52.30  698.99  -0.67  49.89  2.64
58529.0  9.130  0.100  -22.910  5.52  312.57  52.76  699.73  -0.78  50.74  2.76
58530.0  9.190  0.270  -22.910  5.58  312.54  53.21  700.47  -0.94  50.85  2.77
58531.0  9.270  0.420  -22.910  5.64  312.54  53.53  701.14  -1.12  50.20  2.78
58532.0  9.360  0.590  -22.910  5.70  312.55  53.83  701.86  -1.28  50.15  2.84
58533.0  9.410  0.740  -22.910  5.76  312.52  54.24  702.54  -1.33  51.23  2.84
58534.0  9.470  0.890  -22.910  5.81  312.49  54.61  703.30  -1.09  51.46  2.86
58535.0  9.540  1.030  -22.900  5.87  312.47  54.91  704.05  -0.96  50.58  2.83
58536.0  9.610  1.150  -22.900  5.91  312.47  55.12  704.68  -0.87  50.82  2.88
58537.0  9.700  1.230  -22.910  5.94  312.47  55.14  705.41  -0.81  50.53  2.89
58538.0  9.750  1.290  -22.910  5.96  312.42  55.16  706.25  -0.71  51.43  2.85
58539.0  9.820  1.300  -22.910  5.96  312.41  54.93  706.99  -0.63  52.72  2.81
58540.0  9.860  1.270  -22.910  5.94  312.36  54.67  707.74  -0.56  53.30  2.79
58541.0  9.910  1.210  -22.910  5.91  312.32  54.24  708.53  -0.53  53.20  2.80
58542.0  9.960  1.130  -22.910  5.87  312.27  53.76  709.31  -0.62  55.14  2.73
58543.0  9.990  1.090  -22.910  5.84  312.21  53.48  710.11  -0.74  59.99  2.52
58544.0  9.970  1.140  -22.910  5.86  312.07  53.75  711.00  -0.69  53.20  2.31
58545.0  9.980  1.270  -22.910  5.90  311.97  54.22  711.93  -0.61  50.05  2.29
58546.0  10.010  1.420  -22.910  5.96  311.88  54.68  712.91  -0.57  50.69  2.65
58547.0  10.080  1.560  -22.910  6.01  311.82  55.01  713.94  -0.39  49.63  3.06
58548.0  10.150  1.700  -22.910  6.06  311.78  55.30  714.92  -0.26  47.85  3.56
58549.0  10.220  1.820  -22.910  6.11  311.75  55.49  715.79  -0.15  44.60  4.00
58550.0  10.280  1.920  -22.910  6.14  311.68  55.68  716.88  -0.02  42.75  4.29
58551.0  10.300  2.040  -22.910  6.19  311.56  56.09  718.04  -0.24  41.49  3.94
58552.0  10.390  2.120  -22.910  6.22  311.51  56.10  719.17  -0.16  46.41  3.40
58553.0  10.530  2.160  -22.910  6.22  311.53  55.71  720.28  -0.17  44.38  3.16
58554.0  10.610  2.160  -22.910  6.21  311.46  55.42  721.51  -0.12  43.21  3.27
58555.0  10.770  2.130  -22.910  6.19  311.51  54.72  722.57  -0.12  44.23  3.34
58556.0  10.880  2.100  -22.910  6.17  311.50  54.16  723.69  -0.43  43.85  3.64
58557.0  11.050  2.060  -22.910  6.14  311.55  53.38  724.79  -0.60  44.79  3.58
58558.0  11.140  2.040  -22.910  6.12  311.51  53.00  725.86  -0.65  44.52  3.23
58559.0  11.270  2.010  -22.910  6.10  311.52  52.45  726.99  -0.81  43.42  3.01
58560.0  11.330  1.950  -22.910  6.06  311.44  52.00  728.14  -0.88  43.47  2.72
58561.0  11.520  1.850  -22.910  6.01  311.52  50.95  729.28  -0.83  44.53  2.61
58562.0  11.610  1.770  -22.910  5.96  311.47  50.36  730.46  -0.84  43.37  2.63
58563.0  11.740  1.680  -22.910  5.92  311.47  49.61  731.63  -0.68  40.50  2.60
58564.0  11.800  1.610  -22.910  5.88  311.40  49.15  732.74  -0.59  32.57  2.71
58565.0  11.830  1.550  -22.910  5.84  311.31  48.84  733.73  -0.45  22.37  2.78
58566.0  11.730  1.530  -22.910  5.83  311.08  49.10  734.75  -0.16  20.29  2.80
58567.0  11.820  1.580  -22.910  5.84  311.04  48.97  735.89  0.00  20.20  2.71
58568.0  11.840  1.700  -22.910  5.88  310.93  49.31  737.05  0.15  18.56  2.76
58569.0  11.920  1.890  -22.910  5.95  310.87  49.76  738.24  0.33  18.49  2.80
58570.0  12.110  2.200  -22.910  6.08  310.92  50.21  739.54  0.40  22.67  2.88
58571.0  12.180  2.520  -22.910  6.21  310.84  51.14  740.81  0.28  33.45  2.67
58572.0  12.230  2.770  -22.910  6.31  310.75  51.89  742.01  0.27  30.83  2.50
58573.0  12.390  2.940  -22.910  6.38  310.79  51.99  743.11  0.09  26.89  2.56
58574.0  12.420  3.030  -22.910  6.41  310.73  52.22  743.93  -0.13  24.60  2.62
58575.0  12.520  3.070  -22.910  6.42  310.73  52.03  744.82  -0.08  27.21  2.61
58576.0  12.630  3.050  -22.910  6.41  310.75  51.59  745.63  -0.14  29.45  2.70
58577.0  12.740  2.960  -22.910  6.36  310.80  50.84  746.23  -0.25  28.02  2.84
58578.0  12.800  2.890  -22.910  6.32  310.80  50.40  746.82  -0.12  23.84  3.02
58579.0  12.810  2.880  -22.910  6.31  310.75  50.34  747.31  -0.05  22.22  3.05
58580.0  12.760  2.900  -22.910  6.32  310.65  50.58  747.71  0.03  24.24  2.98
58581.0  12.720  2.930  -22.910  6.33  310.55  50.83  748.11  -0.09  25.14  2.94
58582.0  12.730  2.940  -22.910  6.33  310.53  50.82  748.43  -0.29  24.65  2.76
58583.0  12.640  2.840  -22.910  6.29  310.41  50.79  748.63  -0.31  25.08  2.66
58584.0  12.530  2.640  -22.910  6.19  310.27  50.43  748.78  -0.27  29.64  2.79
58585.0  12.480  2.390  -22.910  6.08  310.20  49.66  748.97  -0.22  30.44  2.85
58586.0  12.420  2.010  -22.910  5.91  310.09  48.53  749.33  -0.23  28.19  2.92
58587.0  12.370  1.650  -22.910  5.76  310.01  47.43  749.61  -0.25  29.04  3.01
58588.0  12.430  1.410  -22.910  5.66  310.02  46.45  749.99  -0.26  29.03  3.08
58589.0  12.430  1.300  -22.910  5.61  309.98  46.05  750.45  -0.18  29.50  3.09
58590.0  12.380  1.270  -22.910  5.60  309.85  46.14  751.02  -0.07  29.41  3.04
58591.0  12.410  1.280  -22.910  5.60  309.82  46.10  751.54  -0.17  29.45  3.03
58592.0  12.570  1.360  -22.910  5.62  309.95  45.83  751.94  -0.23  29.62  3.00
58593.0  12.570  1.480  -22.910  5.67  309.89  46.25  752.49  -0.22  29.86  3.14
58594.0  12.610  1.530  -22.910  5.69  309.86  46.31  753.05  -0.13  30.58  3.23
58595.0  12.590  1.580  -22.910  5.70  309.78  46.53  753.57  -0.30  28.45  3.32
58596.0  12.630  1.660  -22.910  5.73  309.75  46.69  754.17  -0.32  29.78  3.28
58597.0  12.690  1.800  -22.910  5.78  309.75  46.95  754.70  -0.42  29.51  3.24
58598.0  12.770  1.960  -22.910  5.84  309.77  47.23  755.30  -0.35  31.21  3.19
58599.0  12.660  2.150  -22.910  5.92  309.59  48.24  755.84  -0.78  28.27  2.92
58600.0  12.540  2.350  -22.910  6.01  309.39  49.37  756.38  -0.59  36.62  2.58
58601.0  12.340  2.600  -22.910  6.11  309.12  50.93  756.82  -0.52  47.18  2.54
58602.0  12.180  2.940  -22.910  6.26  308.89  52.75  757.25  -0.48  55.80  2.49
58603.0  12.080  3.350  -22.910  6.44  308.73  54.66  757.76  -0.37  58.98  2.50
58604.0  12.080  3.750  -22.910  6.62  308.70  56.23  758.07  -0.21  63.61  2.45
58605.0  12.100  4.160  -22.910  6.81  308.67  57.81  758.51  -0.12  65.56  2.49
58606.0  12.150  4.570  -22.910  7.01  308.67  59.33  758.90  -0.07  61.44  2.44
58607.0  12.230  5.050  -22.910  7.25  308.72  61.06  759.22  -0.03  60.66  2.45
58608.0  12.280  5.520  -22.910  7.49  308.76  62.90  759.37  -0.07  57.84  2.60
58609.0  12.310  5.930  -22.910  7.71  308.78  64.60  759.38  -0.10  55.30  2.66
58610.0  12.330  6.300  -22.910  7.91  308.79  66.21  759.48  -0.06  55.76  2.64
58611.0  12.340  6.580  -22.910  8.07  308.78  67.46  759.69  -0.11  59.64  2.56
58612.0  12.390  6.820  -22.910  8.20  308.83  68.41  759.72  -0.37  60.64  2.61
58613.0  12.370  7.060  -22.910  8.34  308.81  69.61  759.69  -0.44  59.03  2.64
58614.0  12.390  7.250  -22.910  8.45  308.84  70.45  759.65  -0.33  60.88  2.53
58615.0  12.410  7.420  -22.910  8.55  308.86  71.20  759.62  -0.26  60.28  2.52
58616.0  12.360  7.620  -22.910  8.67  308.83  72.38  759.48  -0.40  62.90  2.54
58617.0  12.300  7.810  -22.910  8.78  308.78  73.64  759.33  -0.41  69.28  2.73
58618.0  12.270  7.960  -22.910  8.88  308.77  74.59  759.08  -0.33  70.75  2.79
58619.0  12.270  8.070  -22.910  8.95  308.79  75.19  758.91  -0.34  69.89  2.84
58620.0  12.210  8.130  -22.910  8.99  308.74  75.74  758.77  -0.32  72.88  2.91
58621.0  12.140  8.100  -22.910  8.97  308.70  75.94  758.49  -0.25  74.41  2.88
58622.0  12.070  8.040  -22.910  8.94  308.64  76.01  758.35  -0.04  73.00  2.89
58623.0  12.030  7.950  -22.910  8.89  308.61  75.79  758.20  0.08  73.04  2.86
58624.0  12.010  7.900  -22.910  8.86  308.60  75.59  758.12  0.12  72.65  2.82
58625.0  11.980  7.910  -22.910  8.86  308.58  75.78  758.03  0.06  74.24  3.04
58626.0  11.960  7.970  -22.910  8.90  308.56  76.21  758.03  0.15  73.09  3.17
58627.0  11.940  8.090  -22.910  8.97  308.53  76.95  758.04  0.23  73.25  3.14
