flight/WP3D/AircraftPos_NP3_20130705_RA.ict
38  1001
Ken Aikin
NOAA ESRL Chemical Sciences Division
various aircraft sensors
SENEX 2013
1  1
2013  07  05  2013  07  05
1
AOCTimewave
5
1  1  1  1  1 
-9999  -9999  -9999  -9999  -9999
GpsLat  deg
GpsLon  deg
GpsAlt  m
PAlt  m
RAlt  m
1
SPECIAL COMMENTS:St. Louis  power plants.
18
PI_CONTACT_INFO: Address: NOAA ESRL Chemical Sciences Division  Mail Stop R/CSD7  325 Broadway  Boulder  CO 80305
PLATFORM: NOAA WP-3D
LOCATION: The aircraft was stationed in Smyrna  Tennessee. Aircraft location information in AircraftPosition file.
ASSOCIATED_DATA: N/A
INSTRUMENT_INFO: N/A
DATA_INFO: Units:GpsLat:decimal degrees; GpsLon: decimal degrees; GpsAlt: meters; PAlt:meters; RAlt: meters.
UNCERTAINTY: N/A
ULOD_FLAG: -7777
ULOD_VALUE: N/A
LLOD_FLAG: -8888
LLOD_VALUE: N/A
DM_CONTACT_INFO: Data Manager:Ken Aikin; email:Kenneth.C.Aikin@noaa.gov
PROJECT_INFO: SENEX 2013 Study; June 1 - July 15  2013
STIPULATIONS_ON_USE: Use of these data require prior ok from PI.
OTHER_COMMENTS:       None
REVISION: RA
RA: Preliminary Data.  For in-field use.
AOCTimewave  GpsLat  GpsLon  GpsAlt  PAlt  RAlt
[from data line 13091]
66651.0  39.3231   -91.4302    701.4    613.9    483.4
66652.0  39.3236   -91.4291    701.0    613.3    479.8
66653.0  39.3241   -91.4279    701.0    613.7    479.5
66654.0  39.3246   -91.4267    701.0    614.1    483.5
66655.0  39.3250   -91.4255    701.0    614.1    478.4
66656.0  39.3253   -91.4242    701.0    613.1    482.6
66657.0  39.3256   -91.4229    701.0    612.9    477.6
66658.0  39.3259   -91.4217    701.0    613.9    484.4
66659.0  39.3261   -91.4204    701.0    612.9    478.4
66660.0  39.3264   -91.4191    701.0    614.6    479.6
66661.0  39.3266   -91.4178    702.1    614.5    477.2
66662.0  39.3268   -91.4165    703.5    616.5    480.8
66663.0  39.3270   -91.4152    703.6    617.6    481.3
66664.0  39.3271   -91.4139    704.7    619.0    479.0
66665.0  39.3272   -91.4126    704.7    619.2    480.0
66666.0  39.3274   -91.4113    705.3    617.7    477.7
66667.0  39.3275   -91.4100    704.7    618.5    475.7
66668.0  39.3276   -91.4087    704.7    618.0    471.6
66669.0  39.3276   -91.4074    704.7    617.8    472.8
66670.0  39.3277   -91.4061    704.6    618.2    475.8
66671.0  39.3278   -91.4048    703.5    615.9    470.5
66672.0  39.3278   -91.4035    703.5    615.7    471.8
66673.0  39.3279   -91.4022    702.9    615.9    474.8
66674.0  39.3279   -91.4009    702.3    615.7    474.7
66675.0  39.3280   -91.3996    702.3    615.6    476.3
66676.0  39.3281   -91.3982    702.3    616.4    477.7
66677.0  39.3282   -91.3969    702.3    615.6    479.5
66678.0  39.3282   -91.3956    702.3    614.0    482.3
66679.0  39.3283   -91.3943    702.3    613.4    481.6
66680.0  39.3284   -91.3930    703.2    615.6    479.7
66681.0  39.3285   -91.3917    704.7    616.7    480.6
66682.0  39.3285   -91.3904    705.9    616.8    477.9
66683.0  39.3286   -91.3891    706.6    617.6    477.2
66684.0  39.3287   -91.3878    707.1    616.7    478.9
66685.0  39.3288   -91.3865    706.1    618.1    475.8
66686.0  39.3288   -91.3852    704.9    618.4    476.6
66687.0  39.3289   -91.3839    704.6    617.0    476.7
66688.0  39.3290   -91.3826    703.5    616.7    477.4
66689.0  39.3291   -91.3812    702.6    615.5    478.4
66690.0  39.3292   -91.3799    702.3    616.0    476.2
66691.0  39.3292   -91.3786    702.3    615.9    474.0
66692.0  39.3293   -91.3773    702.3    615.8    478.2
66693.0  39.3294   -91.3760    702.3    615.9    481.8
66694.0  39.3295   -91.3747    702.3    616.0    479.2
66695.0  39.3296   -91.3734    702.3    615.6    473.9
66696.0  39.3296   -91.3721    702.7    616.2    474.2
66697.0  39.3297   -91.3708    702.3    616.8    475.5
66698.0  39.3298   -91.3695    702.3    615.1    477.4
66699.0  39.3299   -91.3682    702.3    614.7    475.3
66700.0  39.3300   -91.3669    702.9    615.1    473.6
66701.0  39.3300   -91.3656    703.5    616.5    468.2
66702.0  39.3301   -91.3643    704.6    617.0    472.0
66703.0  39.3302   -91.3630    704.7    615.8    465.3
66704.0  39.3303   -91.3617    704.7    614.6    469.3
66705.0  39.3304   -91.3604    704.6    615.7    470.0
66706.0  39.3304   -91.3591    703.5    615.5    467.0
66707.0  39.3305   -91.3578    703.5    614.5    470.5
66708.0  39.3306   -91.3565    704.6    616.5    473.0
66709.0  39.3307   -91.3552    705.0    617.6    473.0
66710.0  39.3308   -91.3539    705.9    620.4    470.2
66711.0  39.3308   -91.3526    706.6    619.8    466.4
66712.0  39.3309   -91.3513    707.1    619.0    467.2
66713.0  39.3310   -91.3500    708.1    621.0    466.9
66714.0  39.3311   -91.3487    708.4    621.8    466.8
66715.0  39.3312   -91.3474    708.4    621.0    466.8
66716.0  39.3312   -91.3461    708.4    620.7    462.8
66717.0  39.3313   -91.3448    708.4    621.5    463.5
66718.0  39.3314   -91.3434    708.3    622.7    470.0
66719.0  39.3315   -91.3421    707.1    620.8    467.1
66720.0  39.3315   -91.3408    706.1    620.3    466.4
66721.0  39.3316   -91.3395    704.9    618.1    465.1
66722.0  39.3317   -91.3382    703.9    615.8    462.8
66723.0  39.3317   -91.3369    703.0    615.6    469.3
66724.0  39.3318   -91.3356    702.3    615.5    466.3
66725.0  39.3318   -91.3343    701.5    615.1    461.7
66726.0  39.3319   -91.3330    701.7    614.7    457.6
66727.0  39.3320   -91.3317    701.0    614.4    455.9
66728.0  39.3320   -91.3304    701.0    615.2    454.8
66729.0  39.3321   -91.3290    700.1    614.7    449.9
66730.0  39.3321   -91.3277    699.8    613.1    447.8
66731.0  39.3322   -91.3264    699.5    612.8    448.5
66732.0  39.3322   -91.3251    698.6    612.4    449.1
66733.0  39.3323   -91.3238    698.6    613.4    451.3
66734.0  39.3323   -91.3225    698.6    612.7    448.8
66735.0  39.3324   -91.3212    698.6    611.4    446.4
66736.0  39.3324   -91.3199    698.6    611.9    451.6
66737.0  39.3325   -91.3186    699.8    612.1    456.2
66738.0  39.3325   -91.3173    701.9    614.7    455.2
66739.0  39.3326   -91.3160    703.6    617.2    458.7
66740.0  39.3326   -91.3147    704.7    617.3    460.5
66741.0  39.3326   -91.3134    704.7    618.5    462.8
66742.0  39.3327   -91.3121    705.9    619.5    459.9
66743.0  39.3327   -91.3108    705.9    619.1    457.9
66744.0  39.3328   -91.3095    705.9    618.6    458.4
66745.0  39.3328   -91.3082    705.9    617.7    458.9
66746.0  39.3329   -91.3069    705.6    618.8    461.7
66747.0  39.3329   -91.3056    704.7    619.2    464.7
66748.0  39.3330   -91.3043    704.7    618.7    461.9
66749.0  39.3330   -91.3030    704.7    618.3    460.0
66750.0  39.3330   -91.3018    704.7    619.7    457.0
66751.0  39.3330   -91.3005    704.7    619.3    456.3
66752.0  39.3331   -91.2992    705.4    617.9    454.1
66753.0  39.3331   -91.2979    705.9    618.9    459.2
66754.0  39.3331   -91.2966    706.7    618.3    457.9
66755.0  39.3331   -91.2953    708.0    619.7    460.5
66756.0  39.3331   -91.2940    708.9    621.4    464.1
66757.0  39.3331   -91.2927    709.7    621.6    468.3
66758.0  39.3331   -91.2914    712.0    621.5    467.6
66759.0  39.3331   -91.2901    711.1    621.6    465.4
66760.0  39.3331   -91.2888    710.8    621.6    464.4
66761.0  39.3331   -91.2875    710.5    621.1    472.3
66762.0  39.3331   -91.2861    708.8    620.5    465.1
66763.0  39.3331   -91.2848    708.4    619.2    463.1
66764.0  39.3331   -91.2835    707.5    619.0    460.3
66765.0  39.3331   -91.2822    707.1    619.1    458.3
66766.0  39.3331   -91.2809    705.9    617.2    461.5
66767.0  39.3331   -91.2796    705.9    618.8    457.5
66768.0  39.3331   -91.2783    705.9    617.7    458.6
66769.0  39.3330   -91.2770    705.9    618.2    458.2
66770.0  39.3330   -91.2757    704.7    618.2    458.7
66771.0  39.3330   -91.2743    704.7    617.0    461.3
66772.0  39.3330   -91.2730    703.7    614.4    458.4
66773.0  39.3330   -91.2717    703.5    612.8    458.8
66774.0  39.3330   -91.2704    703.5    614.6    462.0
66775.0  39.3330   -91.2691    703.5    616.0    462.9
66776.0  39.3330   -91.2678    703.5    615.9    460.5
66777.0  39.3330   -91.2664    703.5    615.8    463.4
66778.0  39.3330   -91.2651    703.5    616.2    464.7
66779.0  39.3330   -91.2638    703.5    616.0    463.5
66780.0  39.3330   -91.2625    703.5    614.5    459.6
66781.0  39.3330   -91.2612    704.1    615.4    460.6
66782.0  39.3330   -91.2599    704.2    616.9    460.2
66783.0  39.3330   -91.2585    705.5    619.4    457.7
66784.0  39.3330   -91.2572    707.2    619.9    459.3
66785.0  39.3330   -91.2559    708.4    620.0    462.6
66786.0  39.3330   -91.2546    708.4    620.7    469.1
66787.0  39.3330   -91.2532    708.4    619.5    463.1
66788.0  39.3330   -91.2519    707.6    619.9    462.6
66789.0  39.3330   -91.2506    707.1    620.1    467.1
66790.0  39.3330   -91.2493    705.9    620.5    469.0
66791.0  39.3330   -91.2479    704.9    619.3    466.7
66792.0  39.3330   -91.2466    704.1    617.5    464.9
66793.0  39.3330   -91.2453    703.5    616.6    464.0
66794.0  39.3330   -91.2440    702.9    617.3    462.8
66795.0  39.3330   -91.2426    702.3    616.7    458.0
66796.0  39.3331   -91.2413    702.3    616.2    457.8
66797.0  39.3331   -91.2400    701.1    614.1    455.3
66798.0  39.3331   -91.2387    700.2    613.7    456.0
66799.0  39.3331   -91.2374    699.8    613.8    451.6
66800.0  39.3331   -91.2360    698.6    613.8    454.7
66801.0  39.3331   -91.2347    698.6    611.8    452.2
66802.0  39.3331   -91.2334    697.4    609.9    452.2
66803.0  39.3331   -91.2321    697.4    611.8    452.0
66804.0  39.3331   -91.2308    698.6    613.9    449.2
66805.0  39.3331   -91.2294    698.7    614.8    444.9
66806.0  39.3331   -91.2281    699.8    613.8    447.3
66807.0  39.3331   -91.2268    700.5    614.8    447.4
66808.0  39.3331   -91.2255    701.0    615.3    446.0
66809.0  39.3331   -91.2242    701.7    615.0    444.4
66810.0  39.3331   -91.2228    702.3    616.9    448.1
66811.0  39.3331   -91.2215    702.8    616.9    448.4
66812.0  39.3331   -91.2202    703.5    616.8    448.3
66813.0  39.3331   -91.2189    703.5    616.9    447.6
66814.0  39.3331   -91.2176    703.5    617.6    446.9
66815.0  39.3331   -91.2163    703.5    618.4    449.1
66816.0  39.3332   -91.2150    703.6    618.5    444.9
66817.0  39.3332   -91.2136    704.7    618.8    451.3
66818.0  39.3332   -91.2123    704.7    618.5    449.6
66819.0  39.3332   -91.2110    705.6    618.2    451.8
66820.0  39.3332   -91.2097    706.2    619.1    455.8
66821.0  39.3332   -91.2084    707.2    621.9    458.9
66822.0  39.3332   -91.2071    708.4    621.6    455.5
66823.0  39.3332   -91.2057    708.4    622.7    453.1
66824.0  39.3332   -91.2044    708.4    621.3    455.7
66825.0  39.3332   -91.2031    708.4    620.2    459.5
66826.0  39.3332   -91.2018    707.5    620.9    457.5
66827.0  39.3332   -91.2005    707.1    622.0    454.7
66828.0  39.3332   -91.1992    706.1    621.4    456.4
66829.0  39.3332   -91.1978    704.9    620.0    452.9
66830.0  39.3332   -91.1965    704.1    618.6    449.0
66831.0  39.3332   -91.1952    703.0    616.5    444.9
66832.0  39.3332   -91.1939    702.3    615.8    445.1
66833.0  39.3332   -91.1926    701.2    615.2    439.3
66834.0  39.3332   -91.1912    700.9    615.1    438.6
66835.0  39.3332   -91.1899    699.8    613.2    439.2
66836.0  39.3332   -91.1886    699.8    612.3    439.8
66837.0  39.3332   -91.1873    699.7    612.1    438.0
66838.0  39.3332   -91.1860    699.8    612.5    433.0
66839.0  39.3332   -91.1846    699.8    613.0    430.5
66840.0  39.3332   -91.1833    699.8    612.9    434.6
66841.0  39.3332   -91.1820    699.8    613.1    431.0
66842.0  39.3332   -91.1807    699.8    613.9    428.5
66843.0  39.3332   -91.1794    699.8    612.9    425.8
66844.0  39.3332   -91.1781    699.8    612.7    430.5
66845.0  39.3332   -91.1768    700.4    612.2    436.3
66846.0  39.3332   -91.1754    701.4    614.1    434.1
66847.0  39.3332   -91.1741    702.3    615.1    440.6
66848.0  39.3332   -91.1728    702.3    615.0    439.3
66849.0  39.3332   -91.1715    703.1    615.6    445.5
66850.0  39.3332   -91.1702    704.3    617.8    454.8
66851.0  39.3332   -91.1689    704.9    619.4    446.9
66852.0  39.3332   -91.1676    706.4    621.5    441.8
66853.0  39.3332   -91.1663    708.2    624.3    450.4
66854.0  39.3332   -91.1649    709.5    624.7    454.6
66855.0  39.3332   -91.1636    709.6    624.5    459.9
66856.0  39.3332   -91.1623    709.6    623.3    456.2
66857.0  39.3332   -91.1610    709.6    623.4    450.8
66858.0  39.3332   -91.1597    709.6    624.0    448.4
66859.0  39.3332   -91.1583    709.6    622.4    449.8
66860.0  39.3332   -91.1570    709.6    623.7    450.2
66861.0  39.3332   -91.1557    708.7    623.0    458.2
66862.0  39.3332   -91.1544    708.0    622.1    456.8
66863.0  39.3331   -91.1530    706.5    621.0    466.6
66864.0  39.3331   -91.1517    705.5    620.1    457.4
66865.0  39.3331   -91.1504    704.7    620.1    459.1
66866.0  39.3331   -91.1490    703.9    619.2    461.4
66867.0  39.3331   -91.1477    702.7    618.0    444.7
66868.0  39.3331   -91.1464    701.6    616.1    442.2
66869.0  39.3331   -91.1451    700.8    614.9    440.2
66870.0  39.3331   -91.1437    699.8    614.1    435.8
66871.0  39.3331   -91.1424    699.2    613.1    433.2
66872.0  39.3331   -91.1411    698.6    611.7    440.3
66873.0  39.3331   -91.1397    698.6    611.3    432.4
66874.0  39.3330   -91.1384    698.6    612.6    435.5
66875.0  39.3330   -91.1371    698.6    612.9    438.5
66876.0  39.3330   -91.1358    699.0    613.3    433.2
66877.0  39.3330   -91.1344    699.8    613.0    431.3
66878.0  39.3330   -91.1331    699.8    612.8    428.8
66879.0  39.3330   -91.1318    700.7    612.5    431.1
66880.0  39.3330   -91.1305    701.0    615.7    430.8
66881.0  39.3330   -91.1291    701.1    616.6    430.0
66882.0  39.3330   -91.1278    702.2    615.5    435.2
66883.0  39.3330   -91.1265    702.3    616.9    433.7
66884.0  39.3330   -91.1252    702.3    616.4    431.2
66885.0  39.3330   -91.1238    702.3    616.9    429.1
66886.0  39.3330   -91.1225    702.3    615.8    430.7
66887.0  39.3330   -91.1212    702.3    615.1    431.0
66888.0  39.3330   -91.1199    702.3    615.9    434.2
66889.0  39.3330   -91.1186    702.9    617.6    435.1
66890.0  39.3330   -91.1173    703.5    617.4    435.2
66891.0  39.3330   -91.1159    703.5    618.3    443.7
66892.0  39.3330   -91.1146    704.5    618.6    439.4
66893.0  39.3330   -91.1133    704.7    617.2    441.7
66894.0  39.3330   -91.1120    704.7    616.1    443.5
66895.0  39.3330   -91.1107    704.7    617.8    442.5
66896.0  39.3330   -91.1094    704.7    618.3    439.1
66897.0  39.3329   -91.1080    704.7    618.0    443.5
66898.0  39.3329   -91.1067    704.7    618.6    448.3
66899.0  39.3329   -91.1054    705.9    619.3    446.3
66900.0  39.3329   -91.1041    705.9    620.5    443.2
66901.0  39.3329   -91.1028    706.0    620.5    449.8
66902.0  39.3329   -91.1015    707.1    620.8    456.9
66903.0  39.3329   -91.1002    706.4    620.1    462.4
66904.0  39.3329   -91.0988    705.9    619.2    472.7
66905.0  39.3329   -91.0975    705.9    618.7    483.4
66906.0  39.3329   -91.0962    705.9    619.2    494.1
66907.0  39.3329   -91.0949    705.9    619.4    498.7
66908.0  39.3329   -91.0936    705.8    619.6    497.9
66909.0  39.3329   -91.0923    704.7    618.4    493.7
66910.0  39.3329   -91.0909    704.7    619.0    487.6
66911.0  39.3329   -91.0896    704.7    618.8    488.6
66912.0  39.3329   -91.0883    704.7    619.0    498.0
66913.0  39.3329   -91.0870    704.5    618.1    507.6
66914.0  39.3329   -91.0856    704.7    616.7    516.4
66915.0  39.3329   -91.0843    704.3    617.1    523.5
66916.0  39.3329   -91.0830    703.5    615.5    519.0
66917.0  39.3329   -91.0816    703.4    616.4    523.8
66918.0  39.3329   -91.0803    702.3    616.4    524.8
66919.0  39.3330   -91.0790    702.3    616.2    525.3
66920.0  39.3330   -91.0777    702.3    615.7    516.5
66921.0  39.3330   -91.0763    702.2    615.5    502.5
66922.0  39.3331   -91.0750    701.0    615.7    497.1
66923.0  39.3331   -91.0737    701.0    615.3    498.9
66924.0  39.3331   -91.0724    701.0    614.6    505.2
66925.0  39.3332   -91.0710    701.0    614.8    505.7
66926.0  39.3332   -91.0697    701.0    614.8    499.6
66927.0  39.3333   -91.0684    700.5    613.8    497.3
66928.0  39.3333   -91.0671    699.8    613.8    502.9
66929.0  39.3334   -91.0657    699.8    614.7    511.0
66930.0  39.3334   -91.0644    699.8    615.6    519.2
66931.0  39.3335   -91.0631    699.5    616.0    524.7
66932.0  39.3336   -91.0618    698.6    614.1    528.1
66933.0  39.3336   -91.0604    699.6    616.7    527.0
66934.0  39.3337   -91.0591    700.7    617.0    520.7
66935.0  39.3337   -91.0578    701.9    618.2    520.4
66936.0  39.3338   -91.0565    703.4    617.3    512.5
66937.0  39.3338   -91.0552    705.4    618.3    511.7
66938.0  39.3339   -91.0538    707.2    621.3    520.2
66939.0  39.3339   -91.0525    708.8    623.4    535.6
66940.0  39.3340   -91.0512    709.9    624.7    544.6
