flight/WP3D/AircraftPos_NP3_20130616_RA.ict
38  1001
Ken Aikin
NOAA ESRL Chemical Sciences Division
various aircraft sensors
SENEX 2013
1  1
2013  06  16  2013  06  16
1
AOCTimewave
5
1  1  1  1  1 
-9999  -9999  -9999  -9999  -9999
GpsLat  deg
GpsLon  deg
GpsAlt  m
PAlt  m
RAlt  m
1
SPECIAL COMMENTS:Atlanta power plants.
18
PI_CONTACT_INFO: Address: NOAA ESRL Chemical Sciences Division  Mail Stop R/CSD7  325 Broadway  Boulder  CO 80305
PLATFORM: NOAA WP-3D
LOCATION: The aircraft was stationed in Smyrna  Tennessee. Aircraft location information in AircraftPosition file.
ASSOCIATED_DATA: N/A
INSTRUMENT_INFO: N/A
DATA_INFO: Units:GpsLat:decimal degrees; GpsLon: decimal degrees; GpsAlt: meters; PAlt:meters; RAlt: meters.
UNCERTAINTY: N/A
ULOD_FLAG: -7777
ULOD_VALUE: N/A
LLOD_FLAG: -8888
LLOD_VALUE: N/A
DM_CONTACT_INFO: Data Manager:Ken Aikin; email:Kenneth.C.Aikin@noaa.gov
PROJECT_INFO: SENEX 2013 Study; June 1 - July 15  2013
STIPULATIONS_ON_USE: Use of these data require prior ok from PI.
OTHER_COMMENTS:       None
REVISION: RA
RA: Preliminary Data.  For in-field use.
AOCTimewave  GpsLat  GpsLon  GpsAlt  PAlt  RAlt
[from data line 5237]
60230.0  33.2695   -83.7516    657.3    553.3    505.2
60231.0  33.2702   -83.7525    658.7    555.3    504.9
60232.0  33.2709   -83.7533    659.6    557.0    520.0
60233.0  33.2716   -83.7542    659.6    556.4    518.6
60234.0  33.2724   -83.7551    659.6    555.0    515.4
60235.0  33.2731   -83.7560    659.1    555.1    510.8
60236.0  33.2738   -83.7569    658.4    555.2    508.6
60237.0  33.2745   -83.7578    658.4    556.3    509.1
60238.0  33.2753   -83.7586    658.4    555.0    516.7
60239.0  33.2760   -83.7595    657.9    555.3    516.4
60240.0  33.2767   -83.7604    657.6    554.9    512.3
60241.0  33.2774   -83.7612    658.4    555.0    510.3
60242.0  33.2782   -83.7621    658.4    555.3    516.3
60243.0  33.2789   -83.7630    658.4    554.7    518.7
60244.0  33.2796   -83.7639    659.3    556.3    524.9
60245.0  33.2803   -83.7647    659.6    555.3    522.2
60246.0  33.2810   -83.7656    660.9    554.0    517.5
60247.0  33.2818   -83.7665    662.5    557.7    521.0
60248.0  33.2825   -83.7674    663.2    559.4    522.2
60249.0  33.2832   -83.7683    663.2    558.6    519.2
60250.0  33.2840   -83.7691    662.5    559.0    511.4
60251.0  33.2847   -83.7700    662.0    559.4    513.1
60252.0  33.2854   -83.7709    660.7    556.4    514.4
60253.0  33.2861   -83.7718    659.6    555.1    522.2
60254.0  33.2869   -83.7727    659.4    557.0    519.0
60255.0  33.2876   -83.7736    658.4    556.5    516.9
60256.0  33.2883   -83.7744    657.4    554.7    511.4
60257.0  33.2890   -83.7753    657.1    554.8    512.4
60258.0  33.2898   -83.7762    657.1    554.1    514.5
60259.0  33.2905   -83.7771    656.9    553.7    509.0
60260.0  33.2912   -83.7780    656.4    553.6    504.3
60261.0  33.2919   -83.7789    655.9    553.3    504.2
60262.0  33.2927   -83.7797    656.5    553.9    498.5
60263.0  33.2934   -83.7806    657.1    556.0    490.9
60264.0  33.2941   -83.7815    657.1    554.6    493.1
60265.0  33.2948   -83.7824    658.3    555.5    493.0
60266.0  33.2956   -83.7833    658.4    554.8    498.2
60267.0  33.2963   -83.7842    658.4    553.7    501.8
60268.0  33.2970   -83.7850    659.0    554.2    492.8
60269.0  33.2977   -83.7859    658.8    555.2    495.2
60270.0  33.2985   -83.7868    659.9    557.5    493.1
60271.0  33.2992   -83.7877    660.8    558.6    488.4
60272.0  33.2999   -83.7886    660.8    558.3    490.7
60273.0  33.3007   -83.7894    660.8    556.8    497.2
60274.0  33.3014   -83.7903    660.8    556.3    501.5
60275.0  33.3021   -83.7912    660.8    557.4    503.4
60276.0  33.3029   -83.7921    660.8    557.6    508.9
60277.0  33.3036   -83.7929    660.8    558.5    496.0
60278.0  33.3043   -83.7938    660.8    558.8    482.9
60279.0  33.3051   -83.7947    659.6    557.0    476.0
60280.0  33.3058   -83.7956    659.4    555.5    484.5
60281.0  33.3065   -83.7964    659.6    554.1    484.9
60282.0  33.3073   -83.7973    659.6    553.1    486.4
60283.0  33.3080   -83.7982    659.6    553.6    494.8
60284.0  33.3088   -83.7991    659.6    554.7    490.1
60285.0  33.3095   -83.7999    659.6    554.6    478.7
60286.0  33.3102   -83.8008    659.3    553.0    480.3
60287.0  33.3110   -83.8017    658.4    552.3    480.2
60288.0  33.3117   -83.8026    659.1    554.8    469.4
60289.0  33.3125   -83.8034    658.4    555.2    465.2
60290.0  33.3132   -83.8043    658.4    555.3    457.3
60291.0  33.3139   -83.8052    659.4    555.3    462.7
60292.0  33.3147   -83.8061    659.6    555.5    471.5
60293.0  33.3154   -83.8069    659.6    554.2    472.5
60294.0  33.3161   -83.8078    659.8    553.2    466.6
60295.0  33.3169   -83.8087    661.4    559.0    465.6
60296.0  33.3176   -83.8096    662.0    560.4    465.9
60297.0  33.3184   -83.8105    660.9    556.4    474.4
60298.0  33.3191   -83.8113    659.7    555.5    481.5
60299.0  33.3199   -83.8122    659.3    556.0    485.9
60300.0  33.3206   -83.8131    658.4    555.8    484.7
60301.0  33.3214   -83.8139    657.9    554.4    486.5
60302.0  33.3221   -83.8148    657.5    553.9    487.7
60303.0  33.3228   -83.8157    658.2    555.4    490.4
60304.0  33.3236   -83.8166    658.4    553.5    498.0
60305.0  33.3243   -83.8174    659.2    556.4    500.2
60306.0  33.3251   -83.8183    659.6    556.9    503.4
60307.0  33.3258   -83.8192    660.6    556.4    507.2
60308.0  33.3266   -83.8200    661.3    557.6    522.9
60309.0  33.3273   -83.8209    662.0    558.4    526.3
60310.0  33.3281   -83.8218    662.0    558.2    527.0
60311.0  33.3288   -83.8227    662.2    558.9    521.6
60312.0  33.3295   -83.8235    662.0    558.9    507.8
60313.0  33.3303   -83.8244    661.1    556.9    504.5
60314.0  33.3310   -83.8253    659.9    556.0    509.1
60315.0  33.3318   -83.8262    658.7    554.9    506.9
60316.0  33.3325   -83.8271    658.4    554.1    510.9
60317.0  33.3333   -83.8279    658.2    554.6    513.3
60318.0  33.3340   -83.8288    657.1    555.2    499.7
60319.0  33.3348   -83.8297    657.1    553.8    497.5
60320.0  33.3355   -83.8306    657.1    552.0    503.3
60321.0  33.3363   -83.8314    657.1    552.5    508.3
60322.0  33.3370   -83.8323    657.1    551.3    508.4
60323.0  33.3377   -83.8332    657.9    550.8    505.1
60324.0  33.3385   -83.8341    659.8    555.0    502.6
60325.0  33.3392   -83.8349    660.8    556.8    498.3
60326.0  33.3400   -83.8358    661.5    556.5    495.5
60327.0  33.3407   -83.8367    662.0    557.7    485.8
60328.0  33.3415   -83.8375    661.6    557.8    480.5
60329.0  33.3423   -83.8384    660.8    558.5    482.8
60330.0  33.3430   -83.8393    660.8    557.9    488.7
60331.0  33.3438   -83.8401    660.8    558.5    497.7
60332.0  33.3446   -83.8410    660.8    558.7    495.1
60333.0  33.3453   -83.8418    660.8    558.6    494.9
60334.0  33.3461   -83.8427    660.8    557.2    502.8
60335.0  33.3468   -83.8435    660.0    557.3    504.0
60336.0  33.3476   -83.8444    659.6    557.1    499.4
60337.0  33.3484   -83.8453    658.8    556.0    490.8
60338.0  33.3492   -83.8461    658.4    555.3    492.4
60339.0  33.3499   -83.8470    657.9    554.6    486.4
60340.0  33.3507   -83.8478    657.1    554.7    494.5
60341.0  33.3515   -83.8487    657.1    553.7    498.8
60342.0  33.3522   -83.8495    657.1    553.8    491.4
60343.0  33.3530   -83.8503    657.1    553.1    492.0
60344.0  33.3538   -83.8512    657.1    553.0    486.0
60345.0  33.3546   -83.8520    657.1    553.7    490.6
60346.0  33.3553   -83.8529    657.1    552.5    494.2
60347.0  33.3561   -83.8537    658.0    554.1    496.2
60348.0  33.3569   -83.8546    659.5    557.1    504.4
60349.0  33.3577   -83.8554    660.3    557.3    505.0
60350.0  33.3584   -83.8563    660.8    558.3    504.4
60351.0  33.3592   -83.8571    660.8    558.2    494.5
60352.0  33.3600   -83.8580    660.8    556.5    482.1
60353.0  33.3607   -83.8588    660.8    558.0    485.0
60354.0  33.3615   -83.8597    660.4    556.9    500.1
60355.0  33.3623   -83.8605    659.6    555.1    502.2
60356.0  33.3631   -83.8614    659.6    556.2    504.0
60357.0  33.3638   -83.8622    659.6    557.7    501.1
60358.0  33.3646   -83.8631    659.6    555.3    504.2
60359.0  33.3654   -83.8639    658.8    554.3    500.5
60360.0  33.3661   -83.8648    658.4    554.4    499.9
60361.0  33.3669   -83.8656    659.2    557.3    500.9
60362.0  33.3677   -83.8665    659.6    558.8    501.9
60363.0  33.3684   -83.8674    659.6    557.8    499.2
60364.0  33.3692   -83.8682    659.6    556.6    495.0
60365.0  33.3700   -83.8691    659.6    556.6    485.1
60366.0  33.3707   -83.8699    659.0    556.4    493.7
60367.0  33.3715   -83.8708    659.6    557.0    500.9
60368.0  33.3722   -83.8717    659.6    557.6    498.7
60369.0  33.3730   -83.8726    659.6    557.9    499.7
60370.0  33.3737   -83.8735    660.5    556.8    500.7
60371.0  33.3745   -83.8743    660.0    556.3    504.0
60372.0  33.3752   -83.8752    659.6    556.2    502.2
60373.0  33.3760   -83.8761    658.6    555.9    498.6
60374.0  33.3767   -83.8770    658.2    554.7    488.5
60375.0  33.3775   -83.8779    657.1    553.1    493.0
60376.0  33.3782   -83.8788    657.1    553.6    496.9
60377.0  33.3790   -83.8797    657.1    552.1    498.1
60378.0  33.3797   -83.8806    657.1    552.2    497.2
60379.0  33.3804   -83.8815    657.1    553.1    486.2
60380.0  33.3812   -83.8823    657.1    553.8    484.8
60381.0  33.3819   -83.8832    656.2    552.6    484.8
60382.0  33.3827   -83.8841    655.9    551.6    488.1
60383.0  33.3834   -83.8850    655.9    552.5    489.0
60384.0  33.3841   -83.8859    655.9    552.0    483.4
60385.0  33.3849   -83.8868    655.9    552.0    480.9
60386.0  33.3856   -83.8877    655.9    551.8    479.6
60387.0  33.3863   -83.8886    655.9    552.6    486.7
60388.0  33.3871   -83.8895    656.2    553.4    490.4
60389.0  33.3878   -83.8904    657.1    553.7    497.6
60390.0  33.3885   -83.8913    657.1    555.7    496.0
60391.0  33.3893   -83.8922    657.1    554.1    491.9
60392.0  33.3900   -83.8930    657.1    554.8    489.1
60393.0  33.3907   -83.8939    657.1    555.9    483.4
60394.0  33.3915   -83.8948    657.1    555.5    483.7
60395.0  33.3922   -83.8957    657.6    555.5    486.2
60396.0  33.3929   -83.8966    658.4    555.4    494.3
60397.0  33.3936   -83.8975    658.4    555.8    504.5
60398.0  33.3944   -83.8984    658.4    555.0    499.4
60399.0  33.3951   -83.8993    658.4    554.5    499.7
60400.0  33.3958   -83.9002    658.4    554.5    502.8
60401.0  33.3965   -83.9011    658.4    556.7    500.7
60402.0  33.3973   -83.9020    658.4    556.1    494.2
60403.0  33.3980   -83.9029    658.4    553.8    492.5
60404.0  33.3987   -83.9038    658.4    555.0    485.8
60405.0  33.3994   -83.9046    658.4    556.2    484.4
60406.0  33.4002   -83.9055    658.4    556.1    476.8
60407.0  33.4009   -83.9064    657.3    555.1    478.8
60408.0  33.4016   -83.9073    657.1    554.4    475.7
60409.0  33.4023   -83.9082    657.4    553.4    476.3
60410.0  33.4030   -83.9091    658.4    554.1    475.6
60411.0  33.4038   -83.9100    658.6    554.0    475.4
60412.0  33.4045   -83.9109    659.6    555.0    478.5
60413.0  33.4052   -83.9118    659.6    555.8    484.7
60414.0  33.4059   -83.9127    660.4    557.7    476.5
60415.0  33.4066   -83.9136    661.1    559.6    475.2
60416.0  33.4074   -83.9145    661.2    559.3    465.7
60417.0  33.4081   -83.9154    660.1    557.9    462.2
60418.0  33.4088   -83.9163    658.7    557.2    464.8
60419.0  33.4095   -83.9172    658.0    556.7    468.7
60420.0  33.4102   -83.9181    657.1    554.9    478.1
60421.0  33.4110   -83.9190    656.9    554.2    490.0
60422.0  33.4117   -83.9199    655.9    553.3    496.1
60423.0  33.4124   -83.9208    655.9    553.2    490.8
60424.0  33.4131   -83.9217    655.2    552.8    485.5
60425.0  33.4138   -83.9226    655.9    552.8    482.7
60426.0  33.4145   -83.9235    655.9    554.3    484.9
60427.0  33.4153   -83.9244    655.9    554.0    487.8
60428.0  33.4160   -83.9253    656.6    553.4    484.5
60429.0  33.4167   -83.9262    657.1    556.2    483.9
60430.0  33.4174   -83.9271    657.1    555.7    480.5
60431.0  33.4181   -83.9280    657.1    556.6    482.5
60432.0  33.4188   -83.9289    657.1    556.9    479.1
60433.0  33.4196   -83.9298    657.1    557.3    468.4
60434.0  33.4203   -83.9307    657.1    555.9    468.5
60435.0  33.4210   -83.9316    657.8    555.8    468.0
60436.0  33.4217   -83.9325    658.4    556.6    461.7
60437.0  33.4224   -83.9334    658.4    556.7    459.6
60438.0  33.4232   -83.9343    659.1    557.9    464.6
60439.0  33.4239   -83.9352    660.2    559.2    468.4
60440.0  33.4246   -83.9361    661.2    558.0    459.7
60441.0  33.4254   -83.9370    662.5    561.0    458.5
60442.0  33.4261   -83.9378    663.2    561.4    465.3
60443.0  33.4268   -83.9387    662.2    560.4    461.0
60444.0  33.4276   -83.9396    662.5    560.5    463.8
60445.0  33.4283   -83.9405    663.0    561.0    468.1
60446.0  33.4290   -83.9414    662.0    561.0    484.4
60447.0  33.4298   -83.9423    661.8    558.5    496.9
60448.0  33.4305   -83.9432    660.8    557.6    492.4
60449.0  33.4312   -83.9441    660.8    558.7    492.0
60450.0  33.4320   -83.9450    659.7    557.9    485.8
60451.0  33.4327   -83.9459    659.3    557.9    481.2
60452.0  33.4335   -83.9468    658.4    557.1    477.8
60453.0  33.4342   -83.9477    657.6    553.9    473.8
60454.0  33.4349   -83.9486    657.1    554.2    473.3
60455.0  33.4357   -83.9495    657.1    554.0    469.6
60456.0  33.4364   -83.9504    656.3    552.5    462.2
60457.0  33.4372   -83.9513    656.0    552.6    456.7
60458.0  33.4379   -83.9522    657.1    554.7    459.0
60459.0  33.4387   -83.9530    657.1    555.7    461.3
60460.0  33.4394   -83.9539    657.1    554.2    463.4
60461.0  33.4401   -83.9548    657.1    553.7    468.2
60462.0  33.4409   -83.9557    657.1    553.8    470.7
60463.0  33.4416   -83.9566    658.0    556.9    472.9
60464.0  33.4424   -83.9575    658.4    557.0    473.1
60465.0  33.4431   -83.9584    658.4    558.0    478.7
60466.0  33.4439   -83.9593    658.4    556.7    484.6
60467.0  33.4446   -83.9602    658.4    556.0    482.3
60468.0  33.4454   -83.9610    657.9    556.3    474.4
60469.0  33.4462   -83.9619    657.1    555.6    476.7
60470.0  33.4469   -83.9628    657.1    554.6    471.2
60471.0  33.4477   -83.9637    656.4    553.1    472.8
60472.0  33.4485   -83.9645    656.4    553.3    472.3
60473.0  33.4492   -83.9654    657.1    554.5    470.1
60474.0  33.4500   -83.9663    657.1    555.9    466.6
60475.0  33.4508   -83.9671    657.1    555.5    469.8
60476.0  33.4515   -83.9680    657.1    555.2    464.4
60477.0  33.4523   -83.9689    658.0    554.9    460.6
60478.0  33.4531   -83.9697    658.4    554.0    459.1
60479.0  33.4538   -83.9706    659.3    556.9    461.4
60480.0  33.4546   -83.9715    659.6    558.3    465.1
60481.0  33.4554   -83.9724    659.6    557.1    466.4
60482.0  33.4561   -83.9732    659.6    556.7    465.9
60483.0  33.4569   -83.9741    659.6    557.5    460.0
60484.0  33.4577   -83.9750    659.6    559.2    464.7
60485.0  33.4584   -83.9759    659.6    557.4    475.7
60486.0  33.4592   -83.9767    658.4    557.8    470.4
60487.0  33.4600   -83.9776    658.4    558.6    460.5
60488.0  33.4607   -83.9785    657.3    556.3    456.0
60489.0  33.4615   -83.9794    657.1    556.2    459.3
60490.0  33.4623   -83.9803    657.0    555.7    463.1
60491.0  33.4630   -83.9811    655.9    553.7    468.2
60492.0  33.4638   -83.9820    655.2    553.8    459.4
60493.0  33.4646   -83.9829    654.7    552.9    455.4
60494.0  33.4653   -83.9838    654.5    552.3    450.5
60495.0  33.4661   -83.9847    653.5    550.6    444.0
60496.0  33.4668   -83.9856    653.5    550.6    440.4
60497.0  33.4676   -83.9865    654.4    552.9    442.1
60498.0  33.4683   -83.9874    654.7    552.3    444.9
60499.0  33.4691   -83.9883    655.5    554.9    453.3
60500.0  33.4698   -83.9892    656.5    556.8    453.9
60501.0  33.4706   -83.9901    657.1    556.1    460.8
60502.0  33.4713   -83.9910    657.4    556.7    465.8
60503.0  33.4721   -83.9919    658.4    555.6    466.4
60504.0  33.4728   -83.9928    659.1    557.9    469.0
60505.0  33.4736   -83.9937    659.2    559.2    468.7
60506.0  33.4743   -83.9946    658.4    557.7    468.5
60507.0  33.4751   -83.9955    657.7    556.0    460.9
60508.0  33.4758   -83.9964    657.1    555.7    453.2
60509.0  33.4766   -83.9973    657.1    557.2    456.1
60510.0  33.4773   -83.9982    657.1    555.6    459.4
60511.0  33.4780   -83.9991    657.6    554.9    457.6
60512.0  33.4788   -84.0000    658.8    556.9    456.4
60513.0  33.4795   -84.0009    659.6    557.9    454.7
60514.0  33.4803   -84.0018    659.6    557.8    453.6
60515.0  33.4810   -84.0027    659.6    557.8    456.6
60516.0  33.4817   -84.0037    658.8    558.4    460.0
60517.0  33.4825   -84.0046    658.0    557.9    466.4
60518.0  33.4832   -84.0055    657.1    557.5    468.0
60519.0  33.4839   -84.0064    657.1    556.5    466.4
