flight/WP3D/AircraftMis_NP3_20130531_RA.ict
41  1001
Ken Aikin
NOAA ESRL Chemical Sciences Division
various aircraft sensors
SENEX 2013
1  1
2013  05  31  2013  05  31
1
AOCTimewave
8
1  1  1  1  1  1  1  1
-9999  -9999  -9999  -9999  -9999  -9999  -9999  -9999
Attack  deg
CabinPrs  mbar
GndSpd  m/s
Heading  deg
Pitch  deg
Roll  deg
Slip  deg
TrueAirSpd  m/s
1
SPECIAL COMMENTS:2nd test flight from Tampa.
18
PI_CONTACT_INFO: Address: NOAA ESRL Chemical Sciences Division  Mail Stop R/CSD7  325 Broadway  Boulder  CO 80305
PLATFORM: NOAA WP-3D
LOCATION: The aircraft was stationed in  Smyrna  Tennessee. Aircraft location information in AircraftPosition file.
ASSOCIATED_DATA: N/A
INSTRUMENT_INFO: N/A
DATA_INFO: Units: Attack degrees; CabinPrs millibar; GndSpd m/s; Heading degrees; Pitch degrees; Roll degrees; Slip degrees; TrueAirSpd m/s
UNCERTAINTY: N/A
ULOD_FLAG: -7777
ULOD_VALUE: N/A
LLOD_FLAG: -8888
LLOD_VALUE: N/A
DM_CONTACT_INFO: Data Manager:Ken Aikin; email:Kenneth.C.Aikin@noaa.gov
PROJECT_INFO: SENEX 2013 Study; June 1 - July 15  2013
STIPULATIONS_ON_USE: Use of these data require prior ok from PI.
OTHER_COMMENTS:       None
REVISION: RA
RA: Preliminary Data.  For in-field use.
AOCTimewave  Attack  CabinPrs  GndSpd  Heading  Pitch  Roll  Slip  TrueAirSpd
[from data line 2937]
54009.0  1.5  977.1  112.3  168.1  0.96  0.70  -0.99  115.4
54010.0  0.9  976.6  112.4  168.1  1.00  0.78  -0.14  117.5
54011.0  1.0  976.9  112.4  168.6  1.42  0.40  -0.08  116.4
54012.0  1.9  976.8  112.4  169.2  1.79  -0.09  -1.27  115.5
54013.0  1.4  976.8  112.5  169.1  1.36  -0.74  -1.64  115.1
54014.0  1.6  976.8  112.5  168.5  1.44  -0.80  -0.98  115.7
54015.0  1.7  976.3  112.6  168.3  1.44  -0.43  -1.23  116.6
54016.0  1.5  977.2  112.6  168.0  1.23  0.15  -0.30  117.6
54017.0  1.5  976.5  112.6  168.2  1.18  -0.42  0.49  118.5
54018.0  0.8  977.2  112.6  169.0  0.95  0.44  -0.18  118.1
54019.0  1.3  977.0  112.7  169.5  1.46  2.89  -0.79  117.3
54020.0  1.4  976.7  112.7  169.9  1.49  5.25  -0.61  116.7
54021.0  1.4  976.7  112.8  170.6  1.45  6.02  -1.07  116.1
54022.0  1.6  976.5  112.8  171.0  1.55  4.68  -1.12  116.7
54023.0  1.5  976.7  112.9  171.3  1.48  2.95  -1.11  116.7
54024.0  1.3  976.6  112.9  171.5  1.49  1.71  -1.32  116.5
54025.0  1.5  976.9  112.9  171.3  1.63  0.07  -0.96  116.6
54026.0  1.5  977.4  112.9  171.2  1.62  -0.90  -1.02  116.6
54027.0  1.5  976.9  112.9  171.1  1.61  -0.65  -0.55  116.5
54028.0  1.4  977.0  112.9  171.2  1.55  -0.21  -0.84  116.8
54029.0  1.5  977.2  112.9  171.3  1.69  0.03  -0.88  116.7
54030.0  1.6  977.3  112.9  171.2  1.63  -1.03  -0.91  117.2
54031.0  1.2  977.1  112.9  171.2  1.42  -1.81  -1.13  117.0
54032.0  1.4  976.8  112.9  170.9  1.65  -1.05  -0.88  116.7
54033.0  1.5  977.4  112.8  170.8  1.63  0.21  -0.54  116.5
54034.0  1.4  977.1  112.8  171.0  1.44  0.42  -0.68  116.3
54035.0  1.4  976.8  112.9  171.3  1.48  0.46  -0.84  116.3
54036.0  1.8  977.0  112.9  171.3  1.52  0.01  -1.28  116.3
54037.0  2.1  977.0  113.0  171.0  1.21  -0.65  0.32  115.3
54038.0  0.9  976.5  113.1  171.6  0.50  -0.64  0.15  115.1
54039.0  1.7  977.1  113.3  172.2  0.88  -0.47  -1.31  116.0
54040.0  1.1  976.9  113.5  172.0  0.71  -0.89  -1.83  115.4
54041.0  1.2  976.6  113.6  171.2  1.12  -1.06  -1.55  115.6
54042.0  1.3  976.9  113.6  170.7  1.33  -0.21  -0.50  115.1
54043.0  1.8  976.8  113.7  170.8  1.17  0.12  -0.31  115.7
54044.0  1.4  976.4  113.8  171.1  0.86  0.72  0.03  116.1
54045.0  1.1  977.2  113.9  171.8  0.83  0.02  -0.14  117.0
54046.0  1.4  976.7  114.0  172.4  1.09  -0.81  -0.87  117.2
54047.0  1.5  976.8  114.1  172.5  1.24  -1.41  -1.18  117.2
54048.0  1.3  976.9  114.1  172.3  1.28  -1.81  -1.11  117.3
54049.0  1.5  976.7  114.1  172.1  1.38  -1.79  -1.00  118.5
54050.0  1.4  977.0  114.1  171.9  1.31  -1.46  -1.27  119.0
54051.0  1.1  976.9  114.1  171.6  1.29  -1.20  -1.00  118.7
54052.0  1.1  977.1  114.1  171.4  1.39  -0.86  -0.88  119.2
54053.0  1.3  977.1  114.0  171.3  1.57  -0.79  -0.91  119.1
54054.0  1.2  976.9  113.9  171.2  1.53  -0.56  -0.73  119.4
54055.0  1.5  977.3  113.9  171.2  1.55  -0.23  -0.78  118.6
54056.0  1.3  977.1  113.9  171.2  1.35  -0.28  -0.87  118.3
54057.0  1.2  977.1  113.9  171.2  1.32  -0.21  -0.84  118.3
54058.0  1.3  976.8  113.9  171.2  1.44  -0.28  -0.54  118.3
54059.0  1.0  977.1  113.8  171.4  1.31  -0.42  -0.55  118.6
54060.0  1.3  977.2  113.8  171.6  1.62  -0.43  -1.15  118.8
54061.0  1.3  976.8  113.7  171.5  1.66  -0.50  -1.15  118.8
54062.0  1.2  976.9  113.7  171.3  1.63  -0.76  -0.87  118.5
54063.0  1.1  977.3  113.6  171.2  1.68  -0.41  -0.66  118.9
54064.0  1.6  977.1  113.5  171.4  1.76  -0.20  -0.59  119.6
54065.0  1.1  976.8  113.4  171.6  1.39  -0.42  -0.76  118.7
54066.0  0.9  977.4  113.4  171.6  1.56  -0.72  -1.27  119.0
54067.0  1.7  977.0  113.3  171.3  2.11  -0.93  -0.93  119.3
54068.0  1.2  977.1  113.2  171.2  1.65  -0.87  -1.01  119.2
54069.0  1.3  977.0  113.1  171.0  1.60  -0.45  -0.78  118.7
54070.0  0.8  977.0  113.0  171.0  1.57  -0.04  -0.76  118.6
54071.0  1.5  977.0  112.9  171.2  1.94  -0.15  0.49  119.1
54072.0  1.5  977.0  112.8  171.8  1.66  -1.62  -0.12  118.4
54073.0  1.5  977.1  112.8  172.3  1.40  -1.51  -0.98  117.4
54074.0  1.6  976.5  112.8  172.2  1.29  -2.43  -1.28  118.1
54075.0  1.2  977.3  112.9  171.8  1.25  -2.16  -1.48  117.0
54076.0  1.3  976.9  112.9  171.2  1.50  -1.71  -0.81  117.2
54077.0  1.3  977.2  112.9  171.0  1.36  -1.25  -0.99  117.5
54078.0  1.3  976.6  112.9  170.9  1.27  -0.01  -0.42  117.2
54079.0  1.2  976.9  112.9  171.1  1.25  0.02  -0.70  116.0
54080.0  2.2  976.9  113.0  171.3  1.34  -0.45  -0.79  116.5
54081.0  1.2  976.8  113.1  171.4  0.69  -0.36  -0.17  115.8
54082.0  1.7  976.7  113.3  171.8  0.76  -0.71  -0.83  115.8
54083.0  1.2  977.1  113.4  171.9  0.44  -0.69  -1.44  115.4
54084.0  1.1  976.5  113.6  171.7  0.63  -0.38  -1.43  116.1
54085.0  1.6  976.7  113.7  171.2  0.97  -0.94  -0.81  116.3
54086.0  1.6  977.1  113.9  171.1  0.49  -0.87  -0.43  116.8
54087.0  1.1  976.5  114.1  171.3  0.19  -0.43  -0.59  116.3
54088.0  1.0  976.8  114.2  171.6  0.47  -0.68  -0.25  117.1
54089.0  1.2  976.6  114.4  172.0  0.75  -1.36  -0.56  117.3
54090.0  1.5  977.1  114.5  172.2  0.87  -1.46  -1.52  117.6
54091.0  0.9  977.0  114.5  171.8  0.93  -1.49  -1.57  118.7
54092.0  1.5  976.9  114.5  171.2  1.51  -1.40  -0.88  119.1
54093.0  1.3  976.8  114.5  171.1  1.11  -0.85  -0.53  119.5
54094.0  1.3  976.8  114.5  171.2  1.05  -0.17  -0.78  119.1
54095.0  1.3  977.0  114.5  171.3  1.18  -0.41  -0.75  119.4
54096.0  1.3  976.8  114.5  171.4  1.25  -0.99  -0.83  119.1
54097.0  1.2  977.1  114.5  171.4  1.32  -1.06  -0.98  118.8
54098.0  1.2  977.1  114.5  171.3  1.46  -0.26  -0.66  118.8
54099.0  1.2  977.1  114.4  171.4  1.55  3.27  -0.54  118.8
54100.0  1.3  977.0  114.4  171.9  1.64  7.42  -0.66  118.5
54101.0  1.5  977.1  114.4  172.6  1.70  8.94  -0.60  118.7
54102.0  1.3  977.0  114.4  173.5  1.58  8.63  -0.70  118.6
54103.0  1.4  977.0  114.4  174.3  1.74  8.47  -1.20  118.4
54104.0  1.5  977.0  114.4  174.8  1.81  8.98  -0.94  118.4
54105.0  1.3  977.5  114.4  175.4  1.69  9.99  -0.70  118.0
54106.0  1.5  977.0  114.5  176.2  1.74  9.60  -0.84  117.8
54107.0  1.4  977.2  114.5  177.0  1.71  8.29  -0.86  117.8
54108.0  1.4  977.2  114.5  177.7  1.68  7.65  -0.89  117.8
54109.0  1.4  977.1  114.5  178.3  1.70  4.92  -0.92  118.2
54110.0  1.1  976.8  114.5  178.7  1.55  1.16  -1.22  118.1
54111.0  1.2  977.0  114.5  178.6  1.69  -0.04  -1.28  118.2
54112.0  1.3  977.1  114.4  178.2  1.69  0.56  -0.94  118.2
54113.0  1.4  976.8  114.4  178.1  1.54  -0.01  -0.86  117.7
54114.0  1.4  976.9  114.4  178.1  1.45  -1.46  -0.81  117.5
54115.0  1.1  977.2  114.3  178.0  1.38  -2.42  -0.46  117.7
54116.0  1.3  977.2  114.3  178.0  1.56  -2.64  -0.47  117.3
54117.0  1.5  977.4  114.2  178.1  1.60  -1.10  -0.25  117.2
54118.0  1.9  977.2  114.2  178.4  1.46  -0.20  -0.26  117.0
54119.0  1.7  977.0  114.3  178.9  0.88  -0.90  -0.69  117.9
54120.0  1.0  977.1  114.4  179.1  0.57  0.06  -0.55  117.5
54121.0  1.2  976.7  114.5  179.5  0.79  0.94  -0.94  117.9
54122.0  0.5  977.4  114.6  179.6  0.94  0.93  -1.68  118.3
54123.0  1.5  976.7  114.6  179.3  1.74  -0.16  -1.28  118.6
54124.0  1.3  976.8  114.5  179.0  1.45  -0.77  -0.65  118.1
54125.0  1.3  976.7  114.5  179.2  1.29  -0.36  -0.49  117.7
54126.0  1.3  976.7  114.5  179.4  1.25  -0.83  -0.68  117.5
54127.0  1.3  977.1  114.5  179.5  1.31  -1.06  -0.85  117.7
54128.0  1.2  977.0  114.5  179.5  1.38  -0.88  -0.66  118.2
54129.0  1.4  977.1  114.5  179.6  1.63  -0.87  -0.89  118.0
54130.0  1.2  977.4  114.5  179.6  1.63  -1.38  -0.83  117.3
54131.0  1.8  976.9  114.4  179.6  1.70  -1.35  -1.42  117.2
54132.0  1.5  977.2  114.5  179.2  1.38  -0.91  -1.37  116.0
54133.0  1.1  976.7  114.5  178.6  1.38  -0.76  -0.51  116.5
54134.0  1.8  977.5  114.5  178.7  1.69  -0.96  -0.51  116.1
54135.0  1.3  977.4  114.5  178.9  1.46  -1.68  -1.06  116.2
54136.0  1.7  976.8  114.5  178.6  1.65  -1.84  -0.63  116.9
54137.0  1.7  977.1  114.5  178.6  1.41  -1.03  -0.76  117.6
54138.0  1.9  976.6  114.5  178.6  1.11  -0.95  -0.35  119.1
54139.0  0.8  977.0  114.6  178.9  0.68  -0.18  -0.92  117.8
54140.0  1.8  977.5  114.7  178.9  1.00  -0.52  -0.22  115.8
54141.0  1.0  976.2  114.8  179.2  0.51  -1.12  -1.25  116.9
54142.0  1.4  977.0  114.9  179.0  0.82  -0.51  -1.24  117.7
54143.0  1.1  977.0  115.0  178.7  0.72  -0.15  -1.00  118.3
54144.0  0.8  976.6  115.1  178.6  0.75  -0.57  -0.77  118.2
54145.0  1.1  976.7  115.1  178.6  1.04  -1.22  -0.83  119.5
54146.0  1.4  976.7  115.2  178.5  1.01  -1.57  -0.71  119.6
54147.0  1.0  976.5  115.2  178.4  0.73  -1.23  -1.03  119.2
54148.0  1.1  976.7  115.2  178.2  0.94  0.24  -0.70  119.4
54149.0  1.1  976.9  115.2  178.3  0.93  0.16  -0.15  119.7
54150.0  1.1  976.9  115.3  178.7  0.90  0.15  -0.66  119.6
54151.0  1.1  977.0  115.3  178.9  1.07  -0.06  -1.01  119.6
54152.0  1.2  976.9  115.3  178.9  1.26  -0.56  -0.68  119.3
54153.0  1.2  976.9  115.3  179.1  1.28  -0.33  -0.48  118.8
54154.0  1.4  976.9  115.3  179.4  1.36  -0.82  -0.98  118.9
54155.0  1.5  977.1  115.3  179.4  1.34  -1.49  -1.24  118.7
54156.0  1.1  976.9  115.3  179.1  1.28  -1.53  -1.23  118.9
54157.0  1.5  977.1  115.2  178.7  1.62  -1.28  -0.74  118.3
54158.0  1.5  977.1  115.2  178.6  1.37  -0.53  -0.48  118.1
54159.0  1.1  976.9  115.2  178.8  1.15  0.00  -1.25  119.2
54160.0  1.0  977.1  115.2  178.6  1.49  0.06  -0.91  118.6
54161.0  1.4  977.6  115.1  178.6  1.75  -0.33  -1.01  119.0
54162.0  1.1  977.0  115.0  178.4  1.64  -0.18  -1.05  119.1
54163.0  1.2  976.8  115.0  178.3  1.74  0.02  -0.80  119.1
54164.0  1.3  976.8  114.9  178.3  1.77  0.13  -0.70  118.8
54165.0  1.1  977.2  114.8  178.4  1.62  0.33  -0.57  118.6
54166.0  1.3  976.6  114.7  178.7  1.67  -0.02  -0.72  118.7
54167.0  1.2  977.1  114.7  178.8  1.67  -0.43  -0.87  118.2
54168.0  1.6  977.1  114.6  178.8  1.75  -0.95  -0.73  117.0
54169.0  1.6  977.1  114.6  178.7  1.49  -1.45  -1.11  117.0
54170.0  1.1  976.8  114.6  178.5  1.26  -0.62  -0.86  116.6
54171.0  1.5  977.2  114.7  178.5  1.42  0.19  -0.86  116.5
54172.0  1.3  977.2  114.7  178.5  1.32  0.44  -0.79  116.4
54173.0  1.3  977.1  114.7  178.6  1.30  -0.02  0.00  116.4
54174.0  2.1  977.1  114.8  179.2  1.24  -0.42  -0.10  116.9
54175.0  1.4  977.2  114.9  179.8  0.57  -0.95  -0.71  117.0
54176.0  0.5  977.0  115.0  179.9  0.44  -2.07  -1.54  117.6
54177.0  1.2  976.9  115.1  179.4  1.45  -2.12  -1.16  117.5
54178.0  1.5  977.0  115.1  179.1  1.57  -1.67  -1.09  118.0
54179.0  1.4  977.1  115.0  178.9  1.16  -0.59  -0.98  118.0
54180.0  1.3  976.5  115.1  178.8  0.97  -0.63  -0.21  119.0
54181.0  1.1  977.3  115.1  179.1  0.89  -0.56  -0.88  119.2
54182.0  1.2  977.1  115.2  179.2  1.08  -0.45  -1.28  119.3
54183.0  1.3  977.2  115.2  178.9  1.11  -1.22  -0.81  119.3
54184.0  1.1  977.0  115.2  178.8  0.93  -2.20  -0.67  118.9
54185.0  0.8  977.1  115.2  178.8  1.00  -1.90  -0.82  118.3
54186.0  1.4  977.2  115.2  178.8  1.53  -0.48  -0.15  119.0
54187.0  1.2  977.1  115.1  179.1  1.44  -0.38  -0.64  118.9
54188.0  1.4  976.9  115.1  179.4  1.46  -0.98  -1.08  118.6
54189.0  1.2  976.8  115.0  179.3  1.40  -1.08  -0.77  119.4
54190.0  1.1  977.2  115.0  179.3  1.52  -0.98  -1.17  119.1
54191.0  1.5  977.1  114.9  179.0  1.72  -0.79  -0.72  118.7
54192.0  1.3  976.8  114.9  178.9  1.53  -1.27  -0.85  118.4
54193.0  1.3  977.1  114.8  178.9  1.62  -1.01  -0.81  118.3
54194.0  1.4  977.0  114.7  178.9  1.76  -0.22  -1.15  118.5
54195.0  1.3  977.1  114.7  178.7  1.71  0.29  -1.05  118.4
54196.0  1.3  976.9  114.6  178.6  1.78  0.20  -0.78  118.3
54197.0  1.2  977.0  114.5  178.7  1.65  0.39  -0.64  118.3
54198.0  1.3  977.0  114.5  178.9  1.70  0.26  -0.81  118.3
54199.0  1.3  977.1  114.4  179.0  1.75  -0.21  -0.91  118.2
54200.0  1.3  977.0  114.3  179.0  1.81  -0.36  -1.16  118.0
54201.0  1.3  977.1  114.3  178.8  1.81  0.13  -1.13  118.0
54202.0  1.1  977.3  114.2  178.5  1.75  -0.17  -0.71  117.8
54203.0  1.5  977.2  114.1  178.6  1.91  -0.61  -0.85  117.7
54204.0  1.2  977.3  114.0  178.5  1.76  -0.49  -1.05  118.1
54205.0  1.3  976.5  113.9  178.4  1.89  -0.43  -0.61  118.1
54206.0  1.5  977.3  113.8  178.5  1.78  -0.09  -0.83  117.9
54207.0  0.9  976.8  113.8  178.5  1.55  0.14  -0.93  118.1
54208.0  1.3  977.0  113.7  178.5  1.96  -0.87  -0.87  117.9
54209.0  1.4  977.1  113.6  178.5  1.92  -2.62  -1.12  117.5
54210.0  1.7  976.7  113.5  178.1  1.89  -3.23  -0.23  116.9
54211.0  1.1  977.5  113.4  178.2  1.58  -3.65  0.25  117.2
54212.0  1.9  977.0  113.4  178.7  1.74  -3.56  -0.18  117.0
54213.0  1.3  977.5  113.3  178.9  1.33  -3.58  -0.37  117.2
54214.0  1.6  977.1  113.4  179.1  1.30  -3.25  -1.02  117.6
54215.0  0.9  977.0  113.4  178.9  1.23  -2.73  -0.98  116.7
54216.0  1.7  977.2  113.4  178.6  1.66  -2.96  -1.42  116.2
54217.0  1.3  977.0  113.4  178.0  1.24  -1.30  -1.58  116.6
54218.0  0.8  977.0  113.4  177.4  1.33  0.13  -1.37  117.6
54219.0  1.4  976.8  113.4  177.0  1.94  1.07  -0.56  117.7
54220.0  1.4  976.8  113.3  177.2  1.67  1.27  -0.50  117.2
54221.0  1.1  977.2  113.3  177.5  1.48  1.18  -0.91  117.6
54222.0  1.6  977.0  113.3  177.6  1.80  1.04  -1.06  117.4
54223.0  1.4  977.1  113.3  177.6  1.59  0.54  -0.95  116.9
54224.0  1.7  977.3  113.3  177.6  1.49  -0.09  -0.79  116.6
54225.0  1.6  976.9  113.3  177.6  1.31  -0.70  -0.04  117.5
54226.0  1.7  977.2  113.3  178.0  1.02  -0.72  -0.10  116.8
54227.0  1.1  976.8  113.5  178.4  0.64  -0.82  0.02  115.9
54228.0  1.3  976.9  113.6  178.9  0.83  -1.07  -1.22  115.4
54229.0  1.9  977.3  113.8  178.6  1.05  -0.65  -1.35  114.4
54230.0  1.3  977.4  113.9  178.3  0.56  -0.98  -1.14  114.7
54231.0  1.5  976.9  114.1  178.0  0.59  -1.34  -1.17  114.5
54232.0  0.8  975.6  114.2  177.7  0.59  -0.67  -0.32  117.0
54233.0  1.1  976.4  114.3  177.9  0.95  -0.58  -0.74  118.5
54234.0  1.2  977.2  114.4  177.9  1.14  -0.20  -1.03  119.0
54235.0  1.2  977.0  114.4  177.6  1.22  -0.70  -0.87  118.7
54236.0  1.3  977.6  114.3  177.5  1.20  -0.65  -0.57  118.6
54237.0  1.2  977.1  114.3  177.5  1.16  -0.47  -0.45  119.0
54238.0  1.2  977.1  114.3  177.5  1.22  -0.13  -0.82  118.9
54239.0  1.3  977.1  114.3  177.4  1.41  -0.36  -0.94  118.6
54240.0  1.4  977.5  114.3  177.3  1.43  -0.71  -0.60  118.4
54241.0  1.4  977.3  114.3  177.2  1.40  -0.40  -0.52  118.3
54242.0  1.3  977.2  114.3  177.3  1.42  0.08  -0.36  118.2
54243.0  1.3  977.0  114.2  177.5  1.52  0.04  -0.25  117.6
54244.0  1.3  977.1  114.2  177.8  1.59  -0.27  -0.53  118.0
54245.0  1.5  977.4  114.1  177.9  1.80  -0.59  -0.96  117.8
54246.0  1.6  977.4  114.1  177.7  1.82  -0.62  -1.08  118.5
54247.0  1.5  977.5  114.0  177.4  1.58  -0.51  -0.70  118.4
54248.0  1.2  977.2  114.0  177.4  1.51  -0.25  -0.59  118.0
54249.0  1.7  977.2  113.9  177.3  1.64  0.17  -0.23  118.9
54250.0  1.5  977.2  113.9  177.6  1.15  0.09  -0.22  118.0
54251.0  0.9  977.1  114.0  177.8  0.88  -0.47  -0.05  118.6
54252.0  0.8  977.1  114.0  178.2  1.20  -0.73  -0.53  117.6
54253.0  1.4  976.7  114.0  178.2  1.70  -1.02  -0.80  117.2
54254.0  1.3  977.4  113.9  178.1  1.58  -1.16  -0.99  117.2
54255.0  1.2  977.1  113.9  177.9  1.48  -0.89  -0.86  116.9
54256.0  1.4  977.2  113.9  177.7  1.55  -0.47  -0.82  116.9
54257.0  1.6  977.3  113.9  177.5  1.51  -0.15  -0.97  116.7
54258.0  1.4  977.2  113.9  177.4  1.30  0.64  -0.58  116.8
54259.0  1.0  977.2  114.0  177.4  1.15  0.14  -0.82  117.1
54260.0  1.8  977.1  114.0  177.2  1.48  0.12  -0.66  116.9
54261.0  1.1  976.4  114.0  177.1  1.19  0.35  -0.47  118.2
54262.0  1.5  977.9  114.0  177.1  1.33  0.27  -0.09  118.4
54263.0  1.1  977.1  114.0  177.4  1.01  0.34  0.40  117.1
54264.0  1.7  977.3  114.1  177.8  1.06  -0.08  -0.44  116.9
54265.0  1.5  977.2  114.2  177.9  0.74  -0.24  -1.37  116.5
54266.0  1.1  977.4  114.4  177.6  0.67  -0.56  -0.21  117.1
54267.0  1.2  977.3  114.5  177.6  0.86  -0.47  -0.18  117.3
54268.0  1.2  977.2  114.5  177.8  0.79  0.15  -0.38  118.2
54269.0  1.3  976.9  114.6  178.0  0.84  0.03  -0.56  118.6
54270.0  1.1  977.3  114.7  178.1  0.77  -0.48  -0.67  118.9
54271.0  1.0  977.0  114.7  178.2  0.87  -0.67  -0.86  119.1
