flight/WP3D/AircraftPos_NP3_20130622_RA.ict
40  1001
Ken Aikin
NOAA ESRL Chemical Sciences Division
various aircraft sensors
SENEX 2013
1  1
2013  06  22  2013  06  22
1
AOCTimewave
5
1  1  1  1  1 
-9999  -9999  -9999  -9999  -9999
GpsLat  deg
GpsLon  deg
GpsAlt  m
PAlt  m
RAlt  m
3
SPECIAL COMMENTS:Atlanta flight. AOC data system crash between 20:45:42 and 21:09:09. 
New TDL Dew Pt Temp instrument for this flight.
No H2O  PoTemp  H2Omr from takeoff until about 1615 for now. Order of parameters in AOC data stream had been changed. Switched back at 16:15.
18
PI_CONTACT_INFO: Address: NOAA ESRL Chemical Sciences Division  Mail Stop R/CSD7  325 Broadway  Boulder  CO 80305
PLATFORM: NOAA WP-3D
LOCATION: The aircraft was stationed in Smyrna  Tennessee. Aircraft location information in AircraftPosition file.
ASSOCIATED_DATA: N/A
INSTRUMENT_INFO: N/A
DATA_INFO: Units:GpsLat:decimal degrees; GpsLon: decimal degrees; GpsAlt: meters; PAlt:meters; RAlt: meters.
UNCERTAINTY: N/A
ULOD_FLAG: -7777
ULOD_VALUE: N/A
LLOD_FLAG: -8888
LLOD_VALUE: N/A
DM_CONTACT_INFO: Data Manager:Ken Aikin; email:Kenneth.C.Aikin@noaa.gov
PROJECT_INFO: SENEX 2013 Study; June 1 - July 15  2013
STIPULATIONS_ON_USE: Use of these data require prior ok from PI.
OTHER_COMMENTS:       None
REVISION: RA
RA: Preliminary Data.  For in-field use.
AOCTimewave  GpsLat  GpsLon  GpsAlt  PAlt  RAlt
[from data line 24647]
78724.0  35.3267   -87.2975   2242.1   2099.8   1978.9
78725.0  35.3276   -87.2965   2242.1   2098.6   1983.6
78726.0  35.3286   -87.2955   2242.1   2098.1   1974.9
78727.0  35.3295   -87.2945   2242.1   2098.1   1975.3
78728.0  35.3305   -87.2936   2242.1   2098.7   1970.3
78729.0  35.3315   -87.2926   2242.1   2098.0   1976.6
78730.0  35.3324   -87.2916   2242.1   2099.5   1979.6
78731.0  35.3334   -87.2906   2242.1   2098.6   1964.2
78732.0  35.3344   -87.2896   2242.1   2097.8   1973.6
78733.0  35.3353   -87.2886   2242.1   2097.3   1975.9
78734.0  35.3363   -87.2877   2242.1   2098.7   1982.7
78735.0  35.3373   -87.2867   2242.1   2100.2   1972.4
78736.0  35.3382   -87.2857   2242.1   2101.1   1971.7
78737.0  35.3392   -87.2847   2242.1   2100.6   1972.5
78738.0  35.3402   -87.2837   2244.4   2099.4   1971.4
78739.0  35.3411   -87.2828   2244.5   2099.5   1967.2
78740.0  35.3421   -87.2818   2244.5   2097.5   1969.8
78741.0  35.3431   -87.2808   2244.5   2096.4   1967.5
78742.0  35.3441   -87.2798   2243.4   2097.2   1964.5
78743.0  35.3450   -87.2788   2243.3   2097.7   1972.3
78744.0  35.3460   -87.2779   2243.3   2099.2   1973.5
78745.0  35.3470   -87.2769   2243.3   2100.0   1977.6
78746.0  35.3479   -87.2759   2243.3   2099.5   1978.7
78747.0  35.3489   -87.2749   2243.3   2099.1   1970.9
78748.0  35.3499   -87.2739   2243.3   2099.7   1955.8
78749.0  35.3508   -87.2730   2243.3   2099.1   1964.2
78750.0  35.3518   -87.2720   2243.3   2099.2   1968.5
78751.0  35.3528   -87.2710   2243.3   2099.9   1961.1
78752.0  35.3538   -87.2701   2243.3   2100.4   1961.0
78753.0  35.3547   -87.2691   2243.3   2100.7   1963.7
78754.0  35.3557   -87.2681   2243.3   2100.5   1956.8
78755.0  35.3567   -87.2671   2243.3   2098.7   1964.3
78756.0  35.3577   -87.2662   2243.3   2099.6   1963.2
78757.0  35.3587   -87.2652   2243.3   2099.3   1969.3
78758.0  35.3596   -87.2642   2242.8   2099.5   1966.1
78759.0  35.3606   -87.2633   2242.1   2098.9   1968.8
78760.0  35.3616   -87.2623   2242.1   2099.1   1963.5
78761.0  35.3625   -87.2613   2242.1   2098.6   1966.4
78762.0  35.3635   -87.2603   2242.1   2100.4   1967.8
78763.0  35.3645   -87.2594   2242.1   2099.3   1984.7
78764.0  35.3655   -87.2584   2242.1   2100.5   1984.7
78765.0  35.3664   -87.2574   2242.1   2100.4   1992.4
78766.0  35.3674   -87.2564   2242.1   2098.8   1991.6
78767.0  35.3684   -87.2554   2242.1   2098.2   1975.2
78768.0  35.3693   -87.2544   2242.1   2097.8   1977.0
78769.0  35.3703   -87.2534   2242.1   2098.5   1967.8
78770.0  35.3712   -87.2524   2242.1   2099.1   1985.2
78771.0  35.3722   -87.2514   2242.6   2098.9   1982.8
78772.0  35.3731   -87.2504   2243.3   2099.6   1976.0
78773.0  35.3741   -87.2494   2243.3   2100.7   1975.6
78774.0  35.3750   -87.2484   2243.3   2101.0   1962.6
78775.0  35.3759   -87.2473   2243.3   2100.9   1967.4
78776.0  35.3769   -87.2463   2243.3   2100.9   1971.8
78777.0  35.3778   -87.2453   2243.3   2100.2   1963.7
78778.0  35.3788   -87.2443   2244.5   2101.2   1963.6
78779.0  35.3797   -87.2433   2244.5   2100.6   1966.7
78780.0  35.3807   -87.2423   2243.5   2101.0   1981.0
78781.0  35.3816   -87.2413   2243.3   2101.1   1988.4
78782.0  35.3826   -87.2402   2243.4   2101.3   1981.5
78783.0  35.3835   -87.2392   2243.3   2101.0   1965.3
78784.0  35.3845   -87.2382   2243.3   2101.0   1978.1
78785.0  35.3854   -87.2372   2243.3   2100.8   1988.8
78786.0  35.3864   -87.2362   2243.3   2100.3   1975.8
78787.0  35.3873   -87.2352   2243.3   2101.4   1964.0
78788.0  35.3883   -87.2342   2243.3   2100.6   1982.0
78789.0  35.3892   -87.2332   2243.3   2100.4   1976.2
78790.0  35.3902   -87.2322   2243.3   2099.0   1962.1
78791.0  35.3911   -87.2312   2243.3   2098.7   1967.8
78792.0  35.3921   -87.2302   2243.3   2099.5   1969.1
78793.0  35.3931   -87.2292   2243.3   2100.6   1963.9
78794.0  35.3940   -87.2282   2243.3   2099.7   1969.1
78795.0  35.3950   -87.2272   2243.3   2099.1   1970.1
78796.0  35.3959   -87.2262   2243.3   2099.9   1969.1
78797.0  35.3969   -87.2252   2243.3   2100.0   1967.2
78798.0  35.3979   -87.2242   2243.3   2100.2   1961.9
78799.0  35.3988   -87.2231   2243.3   2099.0   1966.4
78800.0  35.3998   -87.2221   2243.3   2098.1   1967.7
78801.0  35.4007   -87.2211   2243.3   2099.2   1967.1
78802.0  35.4017   -87.2201   2243.3   2100.9   1968.3
78803.0  35.4026   -87.2191   2243.3   2100.2   1967.9
78804.0  35.4036   -87.2181   2243.3   2100.2   1961.6
78805.0  35.4046   -87.2171   2243.3   2101.3   1966.7
78806.0  35.4055   -87.2161   2243.3   2102.1   1972.0
78807.0  35.4065   -87.2151   2243.3   2101.0   1964.7
78808.0  35.4074   -87.2141   2243.3   2100.4   1963.2
78809.0  35.4084   -87.2131   2243.3   2101.1   1972.6
78810.0  35.4094   -87.2121   2244.3   2100.6   1992.2
78811.0  35.4103   -87.2111   2243.3   2099.8   1998.2
78812.0  35.4113   -87.2101   2243.3   2099.7   1986.0
78813.0  35.4123   -87.2091   2243.3   2100.1   1997.0
78814.0  35.4132   -87.2081   2243.3   2101.0   2007.6
78815.0  35.4142   -87.2071   2243.3   2100.8   2015.7
78816.0  35.4151   -87.2060   2243.3   2099.8   2010.1
78817.0  35.4161   -87.2050   2243.3   2099.7   2011.1
78818.0  35.4170   -87.2040   2243.3   2099.9   2005.8
78819.0  35.4180   -87.2029   2243.3   2099.5   2009.1
78820.0  35.4189   -87.2019   2243.3   2100.2   2006.4
78821.0  35.4198   -87.2009   2243.3   2099.7   2006.4
78822.0  35.4208   -87.1998   2243.3   2099.9   2019.7
78823.0  35.4217   -87.1988   2244.0   2100.7   2018.7
78824.0  35.4226   -87.1977   2244.5   2102.1   2013.8
78825.0  35.4236   -87.1967   2244.5   2101.6   2005.6
78826.0  35.4245   -87.1956   2244.5   2101.0   1996.5
78827.0  35.4254   -87.1946   2244.5   2100.3   1993.6
78828.0  35.4263   -87.1935   2244.5   2100.6   1983.6
78829.0  35.4273   -87.1925   2244.0   2101.5   1981.1
78830.0  35.4282   -87.1914   2243.3   2101.7   1976.8
78831.0  35.4291   -87.1903   2243.3   2101.3   1989.8
78832.0  35.4301   -87.1893   2243.0   2101.0   1997.7
78833.0  35.4310   -87.1882   2242.1   2099.4   1988.2
78834.0  35.4319   -87.1872   2242.1   2099.1   1992.3
78835.0  35.4328   -87.1861   2242.1   2099.5   1985.8
78836.0  35.4337   -87.1850   2241.6   2100.0   1988.9
78837.0  35.4346   -87.1839   2240.9   2100.2   1995.9
78838.0  35.4355   -87.1828   2240.9   2099.3   1994.3
78839.0  35.4364   -87.1817   2240.9   2099.9   2012.1
78840.0  35.4373   -87.1807   2240.9   2099.2   2004.7
78841.0  35.4382   -87.1796   2240.9   2098.1   2000.1
78842.0  35.4391   -87.1785   2240.9   2097.4   2002.4
78843.0  35.4400   -87.1774   2240.9   2097.7   1993.3
78844.0  35.4409   -87.1763   2240.9   2096.8   1977.1
78845.0  35.4418   -87.1752   2240.9   2097.8   1967.3
78846.0  35.4427   -87.1741   2240.9   2098.3   1964.8
78847.0  35.4436   -87.1730   2240.9   2098.5   1959.8
78848.0  35.4445   -87.1719   2240.9   2098.4   1966.5
78849.0  35.4454   -87.1708   2240.9   2097.8   1967.7
78850.0  35.4463   -87.1697   2242.1   2099.0   1953.1
78851.0  35.4472   -87.1686   2242.1   2098.9   1959.1
78852.0  35.4481   -87.1675   2242.1   2100.6   1963.5
78853.0  35.4490   -87.1664   2242.1   2100.8   1977.3
78854.0  35.4499   -87.1654   2243.3   2101.3   1988.0
78855.0  35.4508   -87.1643   2243.3   2099.3   1976.3
78856.0  35.4517   -87.1632   2243.3   2100.3   1989.0
78857.0  35.4526   -87.1621   2243.3   2100.9   1995.8
78858.0  35.4535   -87.1610   2243.3   2100.3   2002.7
78859.0  35.4544   -87.1600   2243.3   2099.7   1995.2
78860.0  35.4553   -87.1589   2243.3   2100.9   1996.7
78861.0  35.4562   -87.1578   2243.3   2101.1   1998.5
78862.0  35.4571   -87.1568   2243.3   2101.5   2019.7
78863.0  35.4580   -87.1557   2243.3   2102.2   2014.8
78864.0  35.4589   -87.1546   2243.3   2101.4   2011.5
78865.0  35.4599   -87.1536   2243.3   2100.1   2019.1
78866.0  35.4608   -87.1525   2243.3   2098.4   2031.1
78867.0  35.4617   -87.1515   2243.3   2098.4   2035.6
78868.0  35.4626   -87.1504   2243.3   2098.7   2037.3
78869.0  35.4635   -87.1493   2242.8   2099.6   2037.8
78870.0  35.4645   -87.1483   2243.1   2099.6   2028.9
78871.0  35.4654   -87.1472   2242.1   2099.2   2033.9
78872.0  35.4663   -87.1462   2242.1   2098.7   2034.3
78873.0  35.4672   -87.1451   2242.1   2099.4   2039.4
78874.0  35.4681   -87.1440   2242.1   2098.1   2030.8
78875.0  35.4690   -87.1430   2242.1   2098.7   2019.6
78876.0  35.4700   -87.1419   2243.2   2099.7   2018.6
78877.0  35.4709   -87.1409   2243.3   2099.4   2022.7
78878.0  35.4718   -87.1398   2243.3   2098.8   2025.9
78879.0  35.4727   -87.1387   2243.3   2099.3   2032.0
78880.0  35.4736   -87.1377   2243.3   2100.8   2043.3
78881.0  35.4745   -87.1366   2243.3   2100.9   2044.6
78882.0  35.4755   -87.1356   2243.3   2102.5   2034.0
78883.0  35.4764   -87.1345   2243.7   2101.7   2040.6
78884.0  35.4773   -87.1334   2244.3   2100.7   2032.1
78885.0  35.4782   -87.1324   2243.3   2099.6   2033.6
78886.0  35.4791   -87.1313   2244.5   2100.3   2020.9
78887.0  35.4801   -87.1302   2243.4   2101.3   2021.2
78888.0  35.4810   -87.1292   2243.3   2100.8   2041.7
78889.0  35.4819   -87.1281   2243.3   2100.8   2039.8
78890.0  35.4828   -87.1271   2243.3   2099.8   2042.0
78891.0  35.4837   -87.1260   2242.1   2100.7   2040.4
78892.0  35.4847   -87.1249   2242.1   2100.3   2045.3
78893.0  35.4856   -87.1239   2242.1   2100.5   2056.5
78894.0  35.4865   -87.1228   2242.1   2099.5   2031.5
78895.0  35.4874   -87.1218   2242.1   2100.5   2025.5
78896.0  35.4883   -87.1207   2242.1   2100.1   2038.0
78897.0  35.4893   -87.1197   2242.1   2099.3   2027.1
78898.0  35.4902   -87.1186   2242.1   2098.8   2019.7
78899.0  35.4911   -87.1175   2242.1   2098.7   2023.4
78900.0  35.4920   -87.1165   2242.1   2099.5   2025.8
78901.0  35.4929   -87.1154   2242.1   2099.2   2022.8
78902.0  35.4939   -87.1144   2242.1   2099.4   2033.0
78903.0  35.4948   -87.1133   2242.1   2100.1   2035.4
78904.0  35.4957   -87.1122   2242.1   2099.9   2037.3
78905.0  35.4966   -87.1112   2242.1   2100.3   2030.3
78906.0  35.4975   -87.1101   2243.2   2099.7   2032.0
78907.0  35.4985   -87.1091   2243.3   2100.2   2049.5
78908.0  35.4994   -87.1080   2243.3   2100.6   2049.3
78909.0  35.5003   -87.1070   2243.3   2099.8   2055.0
78910.0  35.5012   -87.1059   2243.3   2100.2   2051.1
78911.0  35.5022   -87.1048   2243.3   2101.0   2051.0
78912.0  35.5031   -87.1038   2243.3   2101.7   2057.8
78913.0  35.5040   -87.1027   2243.3   2101.1   2047.6
78914.0  35.5049   -87.1017   2243.3   2101.1   2060.1
78915.0  35.5059   -87.1006   2243.3   2102.2   2051.1
78916.0  35.5068   -87.0995   2243.3   2101.1   2064.7
78917.0  35.5077   -87.0985   2243.3   2101.5   2054.8
78918.0  35.5086   -87.0974   2243.3   2101.6   2062.1
78919.0  35.5095   -87.0964   2243.3   2101.7   2069.6
78920.0  35.5105   -87.0953   2243.3   2100.2   2065.9
78921.0  35.5114   -87.0943   2243.3   2100.7   2075.8
78922.0  35.5123   -87.0932   2243.3   2101.5   2097.9
78923.0  35.5132   -87.0922   2243.3   2101.1   2091.7
78924.0  35.5141   -87.0911   2243.3   2100.9   2097.2
78925.0  35.5151   -87.0901   2243.3   2101.2   2092.4
78926.0  35.5160   -87.0890   2243.3   2100.3   2070.6
78927.0  35.5169   -87.0880   2243.3   2099.9   2067.0
78928.0  35.5178   -87.0869   2243.3   2100.9   2064.3
78929.0  35.5188   -87.0858   2243.3   2101.4   2062.3
78930.0  35.5197   -87.0848   2243.3   2102.4   2069.6
78931.0  35.5206   -87.0837   2243.3   2101.1   2065.6
78932.0  35.5216   -87.0827   2242.8   2100.9   2062.3
78933.0  35.5225   -87.0816   2242.1   2100.9   2061.4
78934.0  35.5234   -87.0806   2242.1   2099.5   2070.8
78935.0  35.5243   -87.0795   2242.2   2100.2   2054.9
78936.0  35.5253   -87.0785   2243.3   2101.0   2072.9
78937.0  35.5262   -87.0774   2243.3   2102.3   2054.7
78938.0  35.5271   -87.0764   2243.3   2101.3   2058.9
78939.0  35.5280   -87.0753   2243.3   2101.0   2064.4
78940.0  35.5289   -87.0742   2243.3   2099.8   2049.3
78941.0  35.5299   -87.0732   2243.3   2099.3   2053.3
78942.0  35.5308   -87.0721   2243.2   2098.8   2038.9
78943.0  35.5317   -87.0711   2242.1   2098.6   2031.3
78944.0  35.5326   -87.0700   2242.1   2098.5   2027.4
78945.0  35.5335   -87.0690   2242.1   2100.2   2033.8
78946.0  35.5345   -87.0679   2242.1   2101.4   2040.8
78947.0  35.5354   -87.0669   2242.1   2100.2   2051.3
78948.0  35.5363   -87.0658   2243.1   2101.1   2054.7
78949.0  35.5372   -87.0648   2242.2   2101.4   2045.5
78950.0  35.5382   -87.0637   2243.3   2100.9   2043.0
78951.0  35.5391   -87.0626   2243.3   2101.0   2044.2
78952.0  35.5400   -87.0616   2243.3   2099.9   2034.9
78953.0  35.5409   -87.0605   2243.3   2100.3   2046.8
78954.0  35.5418   -87.0595   2243.3   2100.8   2054.4
78955.0  35.5428   -87.0584   2243.3   2100.9   2046.9
78956.0  35.5437   -87.0574   2243.3   2101.6   2049.6
78957.0  35.5446   -87.0563   2243.3   2101.3   2048.1
78958.0  35.5455   -87.0553   2244.5   2101.2   2056.1
78959.0  35.5465   -87.0542   2244.5   2100.8   2052.1
78960.0  35.5474   -87.0531   2244.0   2101.8   2060.4
78961.0  35.5483   -87.0521   2243.3   2101.2   2045.4
78962.0  35.5492   -87.0510   2243.3   2101.6   2037.2
78963.0  35.5502   -87.0500   2243.0   2100.2   2034.7
78964.0  35.5511   -87.0489   2242.1   2099.9   2029.3
78965.0  35.5520   -87.0479   2242.1   2099.4   2020.3
78966.0  35.5529   -87.0468   2242.1   2100.0   2030.3
78967.0  35.5539   -87.0458   2242.1   2100.6   2049.4
78968.0  35.5548   -87.0447   2242.1   2099.2   2051.9
78969.0  35.5557   -87.0436   2242.1   2098.4   2051.7
78970.0  35.5566   -87.0426   2242.1   2099.4   2058.9
78971.0  35.5576   -87.0415   2242.1   2100.2   2058.2
78972.0  35.5585   -87.0405   2242.1   2099.3   2060.0
78973.0  35.5594   -87.0394   2242.1   2099.9   2058.8
78974.0  35.5603   -87.0384   2242.1   2100.2   2050.7
78975.0  35.5613   -87.0373   2242.1   2100.2   2051.2
78976.0  35.5622   -87.0363   2242.3   2100.5   2058.6
78977.0  35.5631   -87.0352   2243.3   2099.9   2044.5
78978.0  35.5640   -87.0342   2243.3   2098.6   2058.7
78979.0  35.5650   -87.0331   2243.3   2098.1   2054.2
78980.0  35.5659   -87.0321   2243.3   2098.4   2058.7
78981.0  35.5668   -87.0311   2243.3   2099.6   2073.5
78982.0  35.5677   -87.0300   2244.5   2100.4   2072.7
78983.0  35.5687   -87.0290   2244.5   2101.4   2078.4
78984.0  35.5696   -87.0279   2244.5   2101.7   2079.2
78985.0  35.5705   -87.0269   2244.5   2101.0   2067.4
78986.0  35.5715   -87.0258   2244.5   2099.8   2072.0
78987.0  35.5724   -87.0248   2244.5   2100.2   2077.7
78988.0  35.5733   -87.0237   2244.5   2102.5   2064.7
78989.0  35.5742   -87.0227   2244.4   2100.3   2062.1
78990.0  35.5752   -87.0216   2244.5   2100.8   2062.4
78991.0  35.5761   -87.0206   2244.5   2100.3   2067.8
78992.0  35.5770   -87.0195   2244.5   2099.7   2075.6
78993.0  35.5779   -87.0185   2243.3   2100.0   2086.7
78994.0  35.5789   -87.0174   2245.7   2100.0   2087.4
78995.0  35.5798   -87.0163   2245.8   2099.7   2090.2
78996.0  35.5807   -87.0153   2245.8   2100.2   2091.1
78997.0  35.5817   -87.0143   2245.8   2100.6   2089.3
78998.0  35.5826   -87.0132   2245.8   2101.4   2106.6
78999.0  35.5835   -87.0121   2245.8   2101.3   2100.8
79000.0  35.5844   -87.0111   2245.8   2102.2   2097.3
79001.0  35.5854   -87.0100   2245.8   2102.8   2091.1
79002.0  35.5863   -87.0090   2244.6   2102.7   2081.7
79003.0  35.5872   -87.0079   2244.5   2101.3   2074.1
79004.0  35.5881   -87.0069   2244.5   2100.2   2067.2
79005.0  35.5891   -87.0058   2244.5   2099.6   2073.1
79006.0  35.5900   -87.0047   2243.4   2100.7   2083.1
79007.0  35.5909   -87.0037   2243.3   2099.9   2079.1
79008.0  35.5918   -87.0026   2243.3   2101.2   2077.8
79009.0  35.5928   -87.0016   2243.3   2100.9   2093.5
79010.0  35.5937   -87.0005   2243.3   2100.1   2106.7
79011.0  35.5946   -86.9995   2243.3   2099.9   2108.1
79012.0  35.5955   -86.9984   2243.3   2100.3   2096.3
79013.0  35.5965   -86.9973   2243.9   2100.5   2105.8
