flight/WP3D/AircraftMet_NP3_20130612_RA.ict
43  1001
Ken Aikin
NOAA ESRL Chemical Sciences Division
various aircraft sensors
SENEX 2013
1  1
2013  06  12  2013  06  12
1
AOCTimewave
10
1  1  1  1  1  1  1  1  1  1
-9999  -9999  -9999  -9999  -9999  -9999  -9999  -9999  -9999  -9999
AmbTemp  C
DewPtTemp  C
DewPtTempTDL  C
H2Omr  g/kg
PotTemp  K
RelHumidity  pct
StaticPrs  mbar
VertWindSpd  m/s
WindDir  deg
WindSpd  m/s
1
SPECIAL COMMENTS:Atlanta flight.
18
PI_CONTACT_INFO: Address: NOAA ESRL Chemical Sciences Division  Mail Stop R/CSD7  325 Broadway  Boulder  CO 80305
PLATFORM: NOAA WP-3D
LOCATION: The aircraft was stationed in  Smyrna  Tennessee. Aircraft location information in AircraftPosition file.
ASSOCIATED_DATA: N/A
INSTRUMENT_INFO: N/A
DATA_INFO: Units:AmbTemp celcius; DewPtTemp celcius; DewPtTempTDL celcius; H2Omr g/kg; PotTemp kelvin; RelHumidity percent; StaticPrs millibar; VertWindSpd m/s; WindDir degrees; WindSpd m/s
UNCERTAINTY: N/A
ULOD_FLAG: -7777
ULOD_VALUE: N/A
LLOD_FLAG: -8888
LLOD_VALUE: N/A
DM_CONTACT_INFO: Data Manager:Ken Aikin; email:Kenneth.C.Aikin@noaa.gov
PROJECT_INFO: SENEX 2013 Study; June 1 - July 15  2013
STIPULATIONS_ON_USE: Use of these data require prior ok from PI.
OTHER_COMMENTS:       None
REVISION: RA
RA: Preliminary Data.  For in-field use.
AOCTimewave  AmbTemp  DewPtTemp  DewPtTempTDL  H2Omr  PotTemp  RelHumidity  StaticPrs  VertWindSpd  WindDir  WindSpd
[from data line 4060]
57358.0  21.820  17.240  -40.790  13.93  304.27  74.64  896.91  0.25  308.38  6.82
57359.0  21.760  17.360  -40.790  14.04  304.21  75.53  896.83  0.27  303.81  6.86
57360.0  21.750  17.510  -40.800  14.18  304.21  76.28  896.70  0.46  308.77  6.83
57361.0  21.650  17.600  -40.800  14.26  304.10  77.26  896.69  0.99  312.45  6.38
57362.0  21.770  17.690  -40.800  14.34  304.21  77.09  896.97  0.41  307.12  6.94
57363.0  21.790  17.840  -40.800  14.48  304.20  77.76  897.27  0.34  306.12  7.19
57364.0  21.840  18.000  -40.800  14.62  304.24  78.30  897.44  0.25  305.73  7.01
57365.0  21.980  18.110  -40.800  14.72  304.37  78.14  897.59  0.30  308.75  7.15
57366.0  22.180  18.190  -40.790  14.80  304.56  77.56  897.69  0.31  313.52  7.06
57367.0  22.190  18.230  -40.800  14.84  304.56  77.74  897.82  0.17  317.03  6.95
57368.0  22.200  18.220  -40.800  14.82  304.57  77.65  897.79  -0.07  313.20  6.72
57369.0  21.850  18.290  -40.800  14.89  304.19  79.73  897.95  -0.01  306.40  6.43
57370.0  21.770  18.420  -40.800  15.01  304.08  80.84  898.22  0.23  297.17  5.69
57371.0  21.710  18.580  -40.800  15.16  303.98  81.99  898.56  0.87  303.13  5.22
57372.0  21.750  18.800  -40.800  15.37  303.99  82.92  899.04  1.02  302.97  5.60
57373.0  22.010  19.070  -40.800  15.63  304.22  83.01  899.41  0.05  297.91  4.90
57374.0  22.020  19.270  -40.800  15.84  304.25  84.03  899.16  -0.19  290.08  4.34
57375.0  21.810  19.350  -40.800  15.92  304.06  85.58  898.82  0.06  297.38  4.31
57376.0  21.790  19.330  -40.800  15.90  304.04  85.52  898.88  0.99  292.48  4.38
57377.0  21.750  19.340  -40.800  15.90  303.98  85.81  899.05  1.11  283.16  3.91
57378.0  21.800  19.410  -40.800  15.97  304.03  85.95  899.01  1.19  283.55  3.79
57379.0  21.820  19.470  -40.800  16.04  304.08  86.19  898.75  1.34  284.58  4.49
57380.0  21.730  19.520  -40.800  16.09  303.96  86.92  899.03  2.22  286.12  5.45
57381.0  21.800  19.580  -40.800  16.14  303.99  86.88  899.48  0.77  292.89  7.49
57382.0  21.820  19.670  -40.800  16.23  303.96  87.26  900.05  0.27  296.19  7.91
57383.0  22.110  19.830  -40.800  16.38  304.21  86.57  900.54  -0.17  301.76  7.13
57384.0  22.100  20.000  -40.800  16.56  304.17  87.61  900.79  0.51  309.95  6.85
57385.0  22.090  20.100  -40.800  16.66  304.12  88.22  901.20  0.12  311.68  6.04
57386.0  21.960  20.100  -40.800  16.64  303.95  88.91  901.53  1.13  308.90  5.39
57387.0  21.920  20.020  -40.800  16.55  303.86  88.68  902.03  1.08  306.53  5.68
57388.0  21.970  19.910  -40.790  16.42  303.83  87.76  903.00  1.19  306.30  4.72
57389.0  22.140  19.830  -40.800  16.32  303.91  86.42  904.04  1.23  297.06  4.33
57390.0  21.890  19.840  -40.800  16.33  303.64  87.83  904.13  0.90  297.25  5.55
57391.0  22.200  19.920  -40.800  16.40  303.88  86.60  904.94  1.00  303.43  6.41
57392.0  22.660  20.020  -40.800  16.46  304.17  84.65  906.80  1.26  304.04  6.21
57393.0  22.710  20.090  -40.800  16.53  304.14  84.77  907.71  0.98  313.14  5.44
57394.0  22.840  20.060  -40.800  16.48  304.26  83.92  907.79  0.80  307.88  5.35
57395.0  22.850  19.910  -40.800  16.32  304.21  83.09  908.42  1.14  302.08  4.76
57396.0  22.680  19.790  -40.800  16.18  303.93  83.32  909.60  0.63  307.18  5.46
57397.0  22.840  19.800  -40.800  16.16  304.01  82.50  910.50  0.07  303.75  5.20
57398.0  23.060  19.850  -40.800  16.20  304.14  81.69  911.44  -0.13  301.80  4.75
57399.0  23.090  19.840  -40.800  16.19  304.13  81.51  911.90  -0.48  299.59  5.40
57400.0  23.150  19.800  -40.800  16.13  304.14  80.97  912.37  0.12  308.03  4.93
57401.0  23.220  19.780  -40.800  16.11  304.17  80.52  912.85  0.17  313.70  4.78
57402.0  23.310  19.870  -40.800  16.18  304.18  80.52  913.72  0.19  307.24  4.78
57403.0  23.350  20.000  -40.800  16.29  304.11  80.98  914.93  0.64  324.37  4.08
57404.0  23.400  20.020  -40.800  16.30  304.07  80.86  915.88  0.47  320.81  3.86
57405.0  23.460  19.970  -40.800  16.24  304.10  80.25  916.33  -0.25  321.70  3.54
57406.0  23.390  19.880  -40.800  16.14  304.00  80.17  916.52  -0.14  311.03  4.07
57407.0  23.340  19.770  -40.800  16.02  303.91  79.87  916.97  0.03  303.59  4.47
57408.0  23.360  19.760  -40.800  16.00  303.86  79.72  917.66  0.11  302.06  4.48
57409.0  23.510  19.830  -40.800  16.06  303.92  79.34  918.67  0.24  301.01  4.48
57410.0  23.590  19.910  -40.800  16.13  303.94  79.34  919.33  0.64  302.84  4.76
57411.0  23.640  20.000  -40.790  16.20  303.92  79.55  920.09  0.43  300.28  4.97
57412.0  23.830  20.120  -40.800  16.30  304.03  79.19  921.02  0.61  306.49  4.30
57413.0  23.770  20.170  -40.800  16.35  303.90  79.74  921.78  0.41  303.81  4.22
57414.0  23.690  20.170  -40.800  16.34  303.76  80.16  922.38  -0.46  311.29  4.27
57415.0  23.900  20.260  -40.800  16.41  303.92  79.52  922.94  -1.07  320.33  4.67
57416.0  23.950  20.360  -40.800  16.51  303.88  79.81  923.95  -0.70  315.73  4.64
57417.0  24.040  20.480  -40.800  16.62  303.92  79.96  924.54  -0.55  310.99  4.94
57418.0  24.100  20.530  -40.800  16.67  303.97  79.93  924.65  -0.04  315.77  4.49
57419.0  24.160  20.540  -40.800  16.67  303.98  79.67  925.19  0.87  316.16  4.15
57420.0  24.130  20.630  -40.800  16.76  303.92  80.27  925.50  -0.02  312.92  4.08
57421.0  24.120  20.770  -40.800  16.90  303.87  81.07  925.79  0.04  309.47  3.69
57422.0  24.130  20.840  -40.800  16.98  303.87  81.36  926.01  0.39  303.09  3.10
57423.0  24.010  20.930  -40.800  17.07  303.74  82.45  926.02  0.00  288.02  2.97
57424.0  23.970  20.990  -40.800  17.13  303.69  82.95  926.15  0.16  291.80  3.47
57425.0  24.000  21.000  -40.800  17.14  303.67  82.87  926.70  0.30  282.66  3.50
57426.0  24.070  21.090  -40.800  17.22  303.67  82.97  927.43  0.51  282.19  3.78
57427.0  24.110  21.200  -40.800  17.34  303.68  83.37  927.74  0.37  293.73  4.30
57428.0  24.280  21.280  -40.800  17.41  303.79  82.92  928.39  -0.09  284.35  3.65
57429.0  24.310  21.360  -40.800  17.48  303.78  83.14  928.92  -0.07  294.95  4.43
57430.0  24.360  21.400  -40.800  17.52  303.78  83.13  929.42  0.12  297.09  4.20
57431.0  24.480  21.360  -40.800  17.48  303.90  82.31  929.44  0.42  296.06  3.66
57432.0  24.520  21.380  -40.800  17.48  303.90  82.17  929.89  0.76  289.14  3.34
57433.0  24.570  21.450  -40.800  17.55  303.90  82.29  930.46  0.72  293.66  4.47
57434.0  24.660  21.480  -40.800  17.58  303.93  82.00  931.12  0.58  283.54  3.96
57435.0  24.570  21.500  -40.800  17.61  303.90  82.54  930.49  -0.89  292.25  3.61
57436.0  24.580  21.480  -40.800  17.60  303.94  82.41  930.15  -0.99  296.71  3.47
57437.0  24.580  21.410  -40.800  17.52  303.97  82.03  929.83  -0.52  296.95  3.93
57438.0  24.610  21.360  -40.800  17.47  304.03  81.60  929.55  -0.34  290.52  3.81
57439.0  24.560  21.290  -40.800  17.40  304.03  81.49  929.02  -0.93  293.62  3.59
57440.0  24.420  21.230  -40.800  17.35  303.93  81.91  928.44  -1.05  297.53  3.73
57441.0  24.370  21.190  -40.800  17.31  303.92  81.95  928.10  -1.16  297.36  3.77
57442.0  24.340  21.150  -40.800  17.27  303.89  81.91  928.12  -0.94  302.75  4.49
57443.0  24.490  21.110  -40.800  17.22  304.03  80.94  928.22  -0.27  295.65  3.86
57444.0  24.410  21.020  -40.800  17.13  303.98  80.86  927.88  -0.15  294.14  4.60
57445.0  24.380  20.960  -40.800  17.07  303.97  80.71  927.70  -0.36  292.41  4.63
57446.0  24.480  20.930  -40.800  17.03  304.03  80.07  928.09  -0.41  302.73  3.63
57447.0  24.440  20.890  -40.790  16.99  303.94  80.12  928.54  -0.41  301.31  3.51
57448.0  24.430  20.890  -40.800  16.98  303.93  80.13  928.57  -0.91  303.62  3.54
57449.0  24.360  20.860  -40.800  16.95  303.89  80.28  928.37  -0.11  308.00  3.63
57450.0  24.310  20.850  -40.790  16.95  303.84  80.53  928.30  -0.42  305.66  3.85
57451.0  24.370  20.890  -40.800  16.98  303.90  80.44  928.19  -0.58  303.40  3.70
57452.0  24.540  20.920  -40.790  17.02  304.07  79.75  928.33  -0.24  297.78  4.01
57453.0  24.600  20.930  -40.800  17.02  304.13  79.47  928.33  -0.45  308.55  4.37
57454.0  24.420  20.890  -40.800  16.99  303.95  80.20  928.25  -0.55  296.29  4.75
57455.0  24.310  20.870  -40.800  16.96  303.83  80.57  928.46  -0.07  292.22  4.35
57456.0  24.320  20.900  -40.800  16.99  303.82  80.69  928.60  -0.15  293.81  3.97
57457.0  24.220  20.980  -40.800  17.07  303.72  81.63  928.60  -0.52  298.34  4.26
57458.0  24.310  21.070  -40.800  17.17  303.79  81.67  928.72  -0.11  298.92  4.35
57459.0  24.350  21.100  -40.800  17.20  303.82  81.63  928.92  0.49  295.06  4.37
57460.0  24.370  21.120  -40.800  17.22  303.84  81.59  928.93  0.59  302.88  4.41
57461.0  24.430  21.140  -40.800  17.25  303.92  81.41  928.79  0.77  308.88  3.90
57462.0  24.440  21.200  -40.800  17.32  303.93  81.66  928.75  1.21  314.47  3.30
57463.0  24.550  21.270  -40.800  17.39  304.05  81.45  928.65  1.41  310.92  2.50
57464.0  24.500  21.320  -40.800  17.45  304.01  81.98  928.58  0.05  295.10  3.35
57465.0  24.370  21.350  -40.800  17.48  303.87  82.82  928.59  -0.33  304.80  4.03
57466.0  24.410  21.350  -40.800  17.48  303.91  82.57  928.59  -0.36  291.54  4.40
57467.0  24.370  21.310  -40.800  17.44  303.86  82.63  928.62  -0.33  298.76  4.46
57468.0  24.390  21.260  -40.800  17.38  303.89  82.23  928.62  -0.46  307.21  4.02
57469.0  24.430  21.270  -40.800  17.39  303.92  82.08  928.71  -0.64  297.91  4.23
57470.0  24.410  21.340  -40.800  17.46  303.90  82.49  928.79  -0.05  296.43  4.83
57471.0  24.410  21.360  -40.800  17.49  303.90  82.66  928.70  -0.02  297.15  4.65
57472.0  24.350  21.360  -40.790  17.49  303.84  82.97  928.66  0.35  297.00  5.47
57473.0  24.390  21.320  -40.800  17.45  303.89  82.54  928.61  0.40  298.77  4.53
57474.0  24.460  21.250  -40.800  17.37  303.95  81.83  928.67  0.90  304.59  3.24
57475.0  24.410  21.250  -40.790  17.36  303.89  82.04  928.86  1.18  303.16  3.44
57476.0  24.360  21.290  -40.800  17.41  303.86  82.53  928.64  0.33  318.22  3.05
57477.0  24.410  21.290  -40.800  17.41  303.90  82.28  928.71  1.02  293.37  2.43
57478.0  24.370  21.280  -40.800  17.41  303.86  82.44  928.69  1.42  306.92  2.23
57479.0  24.390  21.280  -40.800  17.40  303.89  82.32  928.66  1.24  299.21  3.06
57480.0  24.370  21.250  -40.800  17.37  303.87  82.28  928.54  1.02  296.19  2.94
57481.0  24.270  21.260  -40.800  17.39  303.79  82.85  928.38  -0.91  300.24  4.16
57482.0  24.430  21.280  -40.800  17.41  303.94  82.15  928.51  -0.60  297.81  4.25
57483.0  24.350  21.260  -40.790  17.38  303.85  82.43  928.58  -0.29  299.64  4.35
57484.0  24.370  21.290  -40.790  17.41  303.87  82.48  928.60  0.54  294.78  4.51
57485.0  24.370  21.310  -40.800  17.44  303.88  82.59  928.47  0.01  297.76  4.47
57486.0  24.370  21.310  -40.790  17.44  303.88  82.61  928.49  -0.05  293.92  4.41
57487.0  24.400  21.380  -40.800  17.51  303.89  82.79  928.64  -1.14  312.11  4.25
57488.0  24.610  21.390  -40.790  17.52  304.10  81.76  928.74  -0.71  309.63  3.51
57489.0  24.590  21.350  -40.790  17.48  304.09  81.65  928.66  -0.07  295.04  3.45
57490.0  24.450  21.290  -40.800  17.41  303.94  82.05  928.76  -0.48  286.12  3.78
57491.0  24.480  21.240  -40.790  17.36  303.95  81.69  928.92  -0.66  302.59  3.16
57492.0  24.590  21.210  -40.790  17.32  304.06  80.97  928.95  -0.40  302.78  2.99
57493.0  24.410  21.190  -40.790  17.31  303.90  81.77  928.69  -1.28  297.17  3.62
57494.0  24.440  21.150  -40.790  17.26  303.93  81.42  928.69  -1.36  307.71  3.85
57495.0  24.510  21.160  -40.800  17.26  303.99  81.08  928.88  -1.64  317.22  4.11
57496.0  24.730  21.150  -40.800  17.25  304.19  79.97  929.05  -1.19  319.70  3.98
57497.0  24.620  21.080  -40.800  17.17  304.07  80.10  929.18  -0.52  309.10  3.94
57498.0  24.550  20.970  -40.800  17.06  304.00  79.96  929.12  -0.86  313.83  3.72
57499.0  24.580  20.960  -40.800  17.04  304.04  79.72  929.09  -0.54  315.31  3.39
57500.0  24.530  20.980  -40.800  17.07  304.00  80.07  928.98  -0.98  314.05  3.52
57501.0  24.380  20.980  -40.800  17.07  303.85  80.80  928.99  -1.22  318.15  5.19
57502.0  24.540  20.940  -40.800  17.03  304.00  79.87  929.00  -0.86  304.32  4.15
57503.0  24.440  20.870  -40.800  16.95  303.92  79.97  928.87  0.40  310.27  4.75
57504.0  24.420  20.840  -40.800  16.93  303.91  79.94  928.70  0.60  308.20  4.43
57505.0  24.490  20.870  -40.800  16.96  304.01  79.69  928.38  -0.71  321.10  4.13
57506.0  24.710  20.940  -40.800  17.03  304.22  78.98  928.55  -0.34  316.01  4.02
57507.0  24.860  20.960  -40.800  17.06  304.37  78.38  928.59  0.11  309.44  3.72
57508.0  24.820  20.900  -40.800  16.99  304.32  78.24  928.73  0.62  303.29  3.52
57509.0  24.780  20.780  -40.800  16.86  304.30  77.85  928.53  -0.15  301.21  3.65
57510.0  24.700  20.640  -40.800  16.71  304.21  77.55  928.63  0.08  302.85  4.13
57511.0  24.560  20.510  -40.800  16.58  304.07  77.61  928.50  0.37  297.21  4.43
57512.0  24.500  20.450  -40.800  16.52  304.02  77.59  928.42  0.77  284.99  4.57
57513.0  24.470  20.530  -40.800  16.60  304.00  78.09  928.40  0.49  281.72  4.40
57514.0  24.440  20.700  -40.800  16.78  303.96  79.10  928.45  0.57  277.45  3.85
57515.0  24.410  20.830  -40.800  16.91  303.92  79.89  928.48  0.38  289.82  3.44
57516.0  24.350  20.840  -40.800  16.92  303.86  80.26  928.50  -1.37  298.34  4.45
57517.0  24.550  20.820  -40.800  16.90  304.05  79.18  928.63  -0.81  305.75  4.47
57518.0  24.630  20.840  -40.800  16.92  304.13  78.87  928.62  -0.84  312.65  4.26
57519.0  24.730  20.790  -40.800  16.87  304.24  78.17  928.49  -1.03  304.00  4.03
57520.0  24.600  20.680  -40.800  16.76  304.11  78.26  928.50  -0.76  300.63  3.98
57521.0  24.450  20.560  -40.800  16.63  303.94  78.36  928.74  1.16  283.23  3.52
57522.0  24.460  20.470  -40.800  16.53  303.94  77.89  928.78  0.87  264.82  3.40
57523.0  24.330  20.490  -40.800  16.55  303.82  78.60  928.72  1.17  262.16  3.39
57524.0  24.230  20.620  -40.790  16.69  303.70  79.75  928.83  1.85  278.62  4.39
57525.0  24.200  20.860  -40.800  16.94  303.70  81.11  928.60  0.83  279.89  4.46
57526.0  24.230  21.100  -40.800  17.21  303.73  82.23  928.53  0.30  300.23  4.21
57527.0  24.260  21.240  -40.800  17.36  303.78  82.75  928.46  -0.11  302.72  3.90
57528.0  24.280  21.270  -40.800  17.39  303.79  82.81  928.49  0.41  311.22  3.92
57529.0  24.290  21.270  -40.800  17.39  303.78  82.80  928.66  1.06  305.52  5.67
57530.0  24.370  21.250  -40.800  17.37  303.86  82.27  928.68  -0.30  308.62  5.24
57531.0  24.640  21.170  -40.790  17.28  304.14  80.51  928.71  -0.42  321.04  5.45
57532.0  24.830  21.090  -40.790  17.20  304.33  79.19  928.66  -0.57  316.35  5.49
57533.0  24.930  21.010  -40.800  17.11  304.45  78.25  928.59  -0.19  311.78  5.26
57534.0  24.830  20.850  -40.790  16.94  304.34  77.96  928.60  -0.86  306.59  6.20
57535.0  24.650  20.720  -40.790  16.80  304.16  78.20  928.58  -1.18  308.89  6.70
57536.0  24.720  20.690  -40.790  16.77  304.21  77.75  928.70  -1.04  316.84  6.52
57537.0  24.780  20.700  -40.790  16.78  304.28  77.47  928.72  -1.10  311.06  5.95
57538.0  24.770  20.730  -40.800  16.80  304.26  77.65  928.79  -1.08  306.04  5.89
57539.0  24.780  20.710  -40.800  16.78  304.27  77.50  928.83  -0.72  307.14  5.23
57540.0  24.680  20.550  -40.800  16.61  304.15  77.20  929.00  -0.21  310.60  5.15
57541.0  24.680  20.340  -40.800  16.39  304.16  76.21  928.83  -0.73  312.58  5.09
57542.0  24.620  20.230  -40.800  16.28  304.11  75.93  928.81  -0.74  305.90  4.65
57543.0  24.650  20.230  -40.800  16.28  304.14  75.81  928.71  -0.70  300.21  4.34
57544.0  24.570  20.210  -40.800  16.27  304.07  76.08  928.72  -0.31  311.65  4.35
57545.0  24.580  20.120  -40.800  16.17  304.07  75.59  928.80  0.14  315.12  4.24
57546.0  24.540  20.040  -40.800  16.09  304.03  75.40  928.85  0.19  311.39  3.99
57547.0  24.520  20.020  -40.800  16.07  304.00  75.44  928.77  -0.68  295.89  4.40
57548.0  24.480  20.050  -40.800  16.09  303.95  75.70  928.97  -0.90  298.27  3.80
