flight/WP3D/AircraftMet_NP3_20130625_RA.ict
43  1001
Ken Aikin
NOAA ESRL Chemical Sciences Division
various aircraft sensors
SENEX 2013
1  1
2013  06  25  2013  06  25
1
AOCTimewave
10
1  1  1  1  1  1  1  1  1  1
-9999  -9999  -9999  -9999  -9999  -9999  -9999  -9999  -9999  -9999
AmbTemp  C
DewPtTemp  C
DewPtTempTDL  C
H2Omr  g/kg
PotTemp  K
RelHumidity  pct
StaticPrs  mbar
VertWindSpd  m/s
WindDir  deg
WindSpd  m/s
1
SPECIAL COMMENTS:Haynesville flight. Default DewPtTemp was bad from 19:39:53-19:47:27. Also affected H2Omr  RelHumidity  PotTemp.
18
PI_CONTACT_INFO: Address: NOAA ESRL Chemical Sciences Division  Mail Stop R/CSD7  325 Broadway  Boulder  CO 80305
PLATFORM: NOAA WP-3D
LOCATION: The aircraft was stationed in  Smyrna  Tennessee. Aircraft location information in AircraftPosition file.
ASSOCIATED_DATA: N/A
INSTRUMENT_INFO: N/A
DATA_INFO: Units:AmbTemp celcius; DewPtTemp celcius; DewPtTempTDL celcius; H2Omr g/kg; PotTemp kelvin; RelHumidity percent; StaticPrs millibar; VertWindSpd m/s; WindDir degrees; WindSpd m/s
UNCERTAINTY: N/A
ULOD_FLAG: -7777
ULOD_VALUE: N/A
LLOD_FLAG: -8888
LLOD_VALUE: N/A
DM_CONTACT_INFO: Data Manager:Ken Aikin; email:Kenneth.C.Aikin@noaa.gov
PROJECT_INFO: SENEX 2013 Study; June 1 - July 15  2013
STIPULATIONS_ON_USE: Use of these data require prior ok from PI.
OTHER_COMMENTS:       None
REVISION: RA
RA: Preliminary Data.  For in-field use.
AOCTimewave  AmbTemp  DewPtTemp  DewPtTempTDL  H2Omr  PotTemp  RelHumidity  StaticPrs  VertWindSpd  WindDir  WindSpd
[from data line 784]
55882.0  7.870  -2.460  -14.520  4.71  313.83  47.62  679.25  -0.01  157.43  4.78
55883.0  7.830  -2.390  -14.500  4.73  313.82  48.02  679.01  0.05  158.24  4.76
55884.0  7.810  -2.340  -14.460  4.75  313.83  48.26  678.76  0.06  158.38  4.81
55885.0  7.830  -2.320  -14.540  4.76  313.87  48.25  678.61  0.16  158.27  4.83
55886.0  7.840  -2.350  -14.530  4.75  313.89  48.12  678.46  0.22  157.83  4.87
55887.0  7.830  -2.350  -14.720  4.75  313.90  48.14  678.37  0.25  157.51  4.89
55888.0  7.800  -2.340  -14.820  4.75  313.90  48.27  678.15  0.32  156.41  4.88
55889.0  7.790  -2.340  -14.930  4.76  313.92  48.32  677.91  0.33  156.60  4.85
55890.0  7.820  -2.340  -15.030  4.76  313.98  48.19  677.72  0.34  155.67  4.82
55891.0  7.810  -2.350  -15.040  4.75  313.98  48.20  677.59  0.30  154.53  4.74
55892.0  7.790  -2.410  -15.060  4.74  313.99  48.06  677.34  0.32  154.25  4.72
55893.0  7.790  -2.490  -15.110  4.71  314.03  47.79  677.04  0.40  154.02  4.65
55894.0  7.790  -2.580  -15.220  4.68  314.06  47.46  676.78  0.46  153.82  4.57
55895.0  7.830  -2.690  -15.200  4.65  314.14  46.97  676.55  0.40  151.22  4.59
55896.0  7.790  -2.750  -15.270  4.63  314.13  46.86  676.34  0.28  149.85  4.64
55897.0  7.840  -2.800  -15.270  4.61  314.21  46.53  676.08  0.26  149.10  4.66
55898.0  7.800  -2.850  -15.300  4.59  314.21  46.49  675.81  0.22  147.57  4.71
55899.0  7.830  -2.890  -15.340  4.58  314.27  46.26  675.55  0.20  145.77  4.75
55900.0  7.850  -2.940  -15.670  4.57  314.34  45.99  675.23  0.17  146.28  4.93
55901.0  7.850  -3.030  -15.960  4.54  314.38  45.69  674.96  0.17  146.80  5.12
55902.0  7.820  -3.150  -16.120  4.50  314.39  45.39  674.63  0.18  148.15  5.26
55903.0  7.820  -3.280  -16.140  4.46  314.43  44.94  674.30  0.14  150.12  5.27
55904.0  7.820  -3.460  -16.260  4.40  314.48  44.34  673.94  0.16  150.98  5.24
55905.0  7.810  -3.650  -16.360  4.34  314.51  43.75  673.58  0.17  152.46  5.22
55906.0  7.760  -3.800  -16.380  4.29  314.49  43.39  673.32  0.14  153.06  5.19
55907.0  7.760  -3.910  -16.420  4.26  314.54  43.04  672.99  0.13  154.06  5.12
55908.0  7.740  -4.000  -16.450  4.23  314.57  42.80  672.57  0.15  155.50  5.08
55909.0  7.700  -4.080  -16.500  4.21  314.56  42.67  672.29  0.19  154.94  5.02
55910.0  7.680  -4.160  -16.570  4.18  314.58  42.45  672.04  0.18  154.00  4.96
55911.0  7.700  -4.260  -16.540  4.16  314.65  42.07  671.69  0.15  153.53  4.97
55912.0  7.620  -4.410  -16.590  4.11  314.61  41.84  671.28  0.16  153.53  4.97
55913.0  7.610  -4.580  -16.660  4.06  314.65  41.34  670.94  0.18  153.10  4.94
55914.0  7.600  -4.740  -16.710  4.01  314.68  40.87  670.61  0.25  152.83  4.92
55915.0  7.510  -4.880  -16.710  3.97  314.63  40.67  670.29  0.35  153.00  4.87
55916.0  7.480  -5.030  -16.480  3.93  314.63  40.29  670.01  0.41  152.83  4.84
55917.0  7.470  -5.170  -16.410  3.89  314.66  39.91  669.66  0.42  151.58  4.82
55918.0  7.400  -5.240  -16.430  3.87  314.64  39.90  669.21  0.36  151.45  4.81
55919.0  7.370  -5.260  -16.340  3.87  314.66  39.89  668.87  0.30  151.58  4.82
55920.0  7.350  -5.260  -16.370  3.87  314.68  39.97  668.57  0.34  151.36  4.84
55921.0  7.280  -5.230  -16.420  3.88  314.63  40.25  668.33  0.35  150.13  4.83
55922.0  7.280  -5.230  -16.580  3.88  314.67  40.24  668.02  0.39  150.29  4.82
55923.0  7.260  -5.260  -16.590  3.88  314.70  40.21  667.63  0.50  149.67  4.78
55924.0  7.210  -5.300  -16.640  3.87  314.70  40.24  667.21  0.47  149.03  4.74
55925.0  7.220  -5.380  -16.720  3.84  314.74  39.95  666.99  0.44  148.98  4.74
55926.0  7.170  -5.450  -16.800  3.82  314.73  39.87  666.66  0.36  148.17  4.69
55927.0  7.200  -5.500  -16.890  3.81  314.83  39.64  666.17  0.25  147.63  4.58
55928.0  7.190  -5.560  -17.070  3.80  314.84  39.50  666.01  0.28  145.91  4.56
55929.0  7.190  -5.590  -17.110  3.79  314.89  39.41  665.67  0.30  145.03  4.58
55930.0  7.190  -5.590  -17.170  3.79  314.95  39.40  665.19  0.42  144.05  4.54
55931.0  7.170  -5.620  -17.180  3.79  314.98  39.35  664.85  0.48  141.85  4.56
55932.0  7.250  -5.650  -17.340  3.78  315.11  39.05  664.52  0.52  139.25  4.74
55933.0  7.310  -5.720  -17.400  3.76  315.19  38.71  664.36  0.43  136.59  4.85
55934.0  7.320  -5.810  -17.460  3.74  315.27  38.41  663.90  0.36  135.79  4.77
55935.0  7.350  -5.950  -17.950  3.70  315.35  37.92  663.57  0.42  132.65  4.64
55936.0  7.410  -6.090  -18.330  3.66  315.47  37.35  663.17  0.27  131.36  4.59
55937.0  7.390  -6.220  -18.460  3.63  315.50  37.01  662.85  0.24  129.60  4.62
55938.0  7.410  -6.390  -18.500  3.58  315.55  36.49  662.67  0.23  129.36  4.60
55939.0  7.360  -6.570  -18.650  3.53  315.52  36.10  662.42  0.20  129.75  4.55
55940.0  7.360  -6.740  -20.060  3.49  315.58  35.63  662.00  0.13  130.67  4.43
55941.0  7.340  -6.930  -21.320  3.44  315.60  35.17  661.68  0.08  131.17  4.28
55942.0  7.350  -7.120  -21.330  3.39  315.66  34.62  661.36  0.08  131.00  4.12
55943.0  7.320  -7.310  -21.420  3.34  315.68  34.20  660.91  0.08  132.08  3.96
55944.0  7.340  -7.520  -21.490  3.29  315.75  33.61  660.53  0.08  132.57  3.89
55945.0  7.270  -7.770  -21.600  3.23  315.73  33.11  660.17  0.11  134.38  3.81
55946.0  7.280  -8.020  -21.460  3.17  315.80  32.45  659.77  0.14  134.71  3.83
55947.0  7.190  -8.320  -21.550  3.10  315.74  31.89  659.44  0.16  133.77  3.87
55948.0  7.190  -8.620  -21.590  3.03  315.78  31.16  659.13  0.09  134.47  3.89
55949.0  7.100  -8.910  -21.580  2.96  315.71  30.65  658.87  0.07  135.03  3.80
55950.0  7.100  -9.180  -21.570  2.90  315.75  30.01  658.63  0.11  135.02  3.75
55951.0  7.040  -9.390  -21.640  2.85  315.73  29.63  658.31  0.19  134.64  3.73
55952.0  7.020  -9.600  -21.620  2.81  315.73  29.18  658.13  0.32  133.91  3.77
55953.0  7.000  -9.760  -21.570  2.77  315.72  28.86  658.02  0.35  134.60  3.76
55954.0  6.980  -9.920  -21.660  2.74  315.71  28.55  657.90  0.37  133.78  3.72
55955.0  7.020  -10.030  -21.760  2.71  315.79  28.21  657.73  0.29  133.19  3.69
55956.0  6.980  -10.160  -21.650  2.69  315.75  28.00  657.60  0.27  133.48  3.69
55957.0  6.970  -10.300  -21.650  2.66  315.77  27.69  657.46  0.24  133.19  3.74
55958.0  6.960  -10.440  -21.750  2.63  315.78  27.41  657.28  0.01  134.25  3.79
55959.0  6.860  -10.610  -21.590  2.60  315.72  27.23  656.97  -0.12  135.40  3.82
55960.0  6.890  -10.760  -21.710  2.56  315.76  26.86  656.83  -0.14  134.35  3.73
55961.0  6.900  -10.860  -21.800  2.55  315.79  26.64  656.71  -0.10  131.31  3.63
55962.0  6.930  -10.880  -22.010  2.54  315.83  26.53  656.69  -0.01  128.70  3.63
55963.0  6.970  -10.870  -21.840  2.54  315.90  26.47  656.51  -0.02  128.32  3.55
55964.0  7.010  -10.850  -22.000  2.55  315.97  26.45  656.35  -0.08  129.05  3.43
55965.0  6.980  -10.860  -22.080  2.55  315.93  26.49  656.30  -0.02  129.28  3.41
55966.0  6.960  -10.930  -22.070  2.53  315.91  26.37  656.36  0.07  127.60  3.45
55967.0  7.010  -11.090  -22.090  2.50  315.96  25.94  656.39  0.08  126.98  3.44
55968.0  6.980  -11.290  -22.010  2.46  315.95  25.59  656.24  0.00  127.55  3.46
55969.0  6.920  -11.570  -21.980  2.41  315.91  25.12  656.04  -0.02  129.55  3.50
55970.0  6.880  -11.780  -21.980  2.37  315.86  24.78  656.06  0.07  133.20  3.44
55971.0  6.850  -11.930  -22.030  2.34  315.81  24.53  656.13  0.24  135.70  3.36
55972.0  -9999.000  -9999.000  -9999.000  -9999.00  -9999.00  -9999.00  -9999.00  -9999.00  -9999.00  -9999.00
55973.0  -9999.000  -9999.000  -9999.000  -9999.00  -9999.00  -9999.00  -9999.00  -9999.00  -9999.00  -9999.00
55974.0  6.830  -11.970  -21.960  2.33  315.77  24.47  656.31  0.29  130.64  3.42
55975.0  6.820  -11.980  -21.910  2.33  315.76  24.47  656.31  0.09  132.02  3.32
55976.0  6.840  -12.010  -21.930  2.32  315.79  24.39  656.21  -0.06  131.93  3.31
55977.0  6.840  -12.070  -22.010  2.31  315.80  24.26  656.16  -0.07  131.91  3.43
55978.0  6.810  -12.170  -21.920  2.29  315.76  24.11  656.20  0.00  130.51  3.54
55979.0  6.830  -12.250  -21.960  2.28  315.77  23.93  656.30  -0.06  127.51  3.64
55980.0  6.850  -12.350  -21.930  2.26  315.79  23.72  656.29  -0.20  128.59  3.49
55981.0  6.800  -12.340  -21.920  2.26  315.79  23.80  655.95  -0.21  130.14  3.46
55982.0  6.740  -12.270  -21.930  2.28  315.75  24.04  655.66  -0.06  132.14  3.42
55983.0  6.730  -12.170  -22.000  2.30  315.80  24.25  655.30  0.01  132.32  3.54
55984.0  6.660  -12.040  -21.930  2.32  315.76  24.63  654.98  -0.12  134.31  3.45
55985.0  6.610  -11.820  -21.930  2.36  315.73  25.16  654.78  -0.19  134.16  3.52
55986.0  6.610  -11.650  -21.890  2.40  315.75  25.49  654.68  -0.26  132.94  3.62
55987.0  6.580  -11.580  -21.890  2.41  315.73  25.70  654.52  -0.42  132.06  3.62
55988.0  6.520  -11.560  -21.910  2.42  315.72  25.84  654.15  -0.43  131.25  3.64
55989.0  6.490  -11.590  -21.840  2.41  315.72  25.85  653.89  -0.38  131.86  3.58
55990.0  6.470  -11.610  -21.890  2.41  315.72  25.85  653.67  -0.31  132.04  3.59
55991.0  6.390  -11.600  -21.940  2.41  315.68  26.00  653.35  -0.23  131.31  3.62
55992.0  6.380  -11.550  -21.990  2.42  315.72  26.12  652.95  -0.22  131.74  3.57
55993.0  6.330  -11.500  -21.840  2.43  315.72  26.33  652.57  -0.23  131.48  3.64
55994.0  6.270  -11.390  -21.860  2.46  315.67  26.67  652.37  -0.15  130.47  3.68
55995.0  6.230  -11.310  -21.900  2.47  315.64  26.92  652.27  -0.05  131.65  3.62
55996.0  6.240  -11.230  -21.880  2.49  315.70  27.07  651.94  -0.06  130.84  3.73
55997.0  6.160  -11.170  -21.890  2.50  315.64  27.34  651.73  -0.07  131.53  3.66
55998.0  6.130  -11.130  -21.640  2.51  315.65  27.50  651.46  -0.04  131.54  3.65
55999.0  6.110  -11.100  -21.740  2.52  315.66  27.61  651.19  0.06  133.29  3.63
56000.0  6.050  -11.060  -21.800  2.53  315.64  27.81  650.84  0.13  134.65  3.68
56001.0  5.990  -11.030  -21.870  2.53  315.61  27.99  650.55  0.19  134.94  3.72
56002.0  5.930  -11.000  -21.830  2.54  315.59  28.16  650.29  0.32  136.29  3.68
56003.0  5.950  -10.940  -21.910  2.55  315.61  28.26  650.29  0.29  135.97  3.69
56004.0  5.880  -10.890  -21.870  2.57  315.58  28.52  649.94  0.19  137.55  3.70
56005.0  5.840  -10.840  -21.880  2.58  315.57  28.72  649.65  0.32  139.72  3.66
56006.0  5.810  -10.780  -21.890  2.59  315.55  28.90  649.55  0.39  139.50  3.66
56007.0  5.820  -10.740  -21.800  2.60  315.56  29.00  649.53  0.33  138.26  3.64
56008.0  5.770  -10.710  -21.740  2.61  315.55  29.16  649.20  0.22  138.78  3.58
56009.0  5.770  -10.690  -21.670  2.61  315.60  29.21  648.89  0.21  139.66  3.51
56010.0  5.720  -10.690  -21.720  2.61  315.59  29.31  648.56  0.31  140.28  3.52
56011.0  5.690  -10.690  -21.770  2.61  315.59  29.37  648.24  0.32  140.53  3.51
56012.0  5.680  -10.690  -21.920  2.61  315.62  29.39  647.93  0.28  140.43  3.48
56013.0  5.640  -10.690  -21.920  2.62  315.62  29.47  647.59  0.34  140.07  3.44
56014.0  5.640  -10.690  -19.320  2.62  315.66  29.47  647.37  0.43  133.96  3.35
56015.0  5.660  -10.680  -18.340  2.62  315.73  29.45  647.04  0.46  129.98  3.27
56016.0  5.620  -10.610  -18.460  2.64  315.73  29.70  646.73  0.49  131.26  3.15
56017.0  5.620  -10.470  -18.400  2.67  315.78  30.04  646.33  0.52  135.92  3.02
56018.0  5.600  -10.310  -18.030  2.70  315.80  30.47  645.97  0.45  139.56  2.93
56019.0  5.550  -10.150  -17.980  2.74  315.81  30.98  645.50  0.43  142.81  2.82
56020.0  5.540  -9.990  -18.400  2.78  315.85  31.38  645.17  0.45  145.35  2.75
56021.0  5.590  -9.860  -18.380  2.81  315.96  31.59  644.79  0.47  147.32  2.79
56022.0  5.610  -9.750  -18.830  2.83  316.06  31.83  644.26  0.39  144.11  2.94
56023.0  5.640  -9.650  -20.880  2.86  316.14  32.01  643.92  0.32  142.28  3.10
56024.0  5.640  -9.590  -21.220  2.87  316.18  32.15  643.65  0.32  139.51  3.16
56025.0  5.640  -9.550  -20.810  2.88  316.24  32.27  643.19  0.29  140.05  3.18
56026.0  5.650  -9.560  -21.830  2.88  316.32  32.23  642.69  0.33  139.52  3.22
56027.0  5.600  -9.620  -21.910  2.87  316.32  32.17  642.32  0.40  140.17  3.24
56028.0  5.590  -9.690  -21.880  2.86  316.37  32.03  641.83  0.41  139.48  3.28
56029.0  5.630  -9.710  -21.890  2.86  316.49  31.90  641.32  0.33  139.65  3.26
56030.0  5.630  -9.710  -22.430  2.86  316.57  31.87  640.81  0.32  140.61  3.21
56031.0  5.680  -9.720  -22.510  2.86  316.67  31.74  640.46  0.35  139.99  3.20
56032.0  5.670  -9.830  -22.750  2.84  316.71  31.50  640.07  0.29  138.78  3.23
56033.0  5.710  -10.040  -23.020  2.79  316.83  30.87  639.58  0.19  140.86  3.26
56034.0  5.680  -10.370  -23.020  2.72  316.83  30.15  639.33  0.23  140.31  3.27
56035.0  5.720  -10.740  -23.000  2.64  316.93  29.19  638.99  0.34  139.15  3.27
56036.0  5.690  -11.160  -23.020  2.56  316.95  28.29  638.59  0.40  138.01  3.25
56037.0  5.720  -11.600  -23.070  2.47  317.04  27.24  638.22  0.40  137.80  3.22
56038.0  5.670  -12.070  -23.220  2.38  317.02  26.34  637.93  0.46  136.93  3.20
56039.0  5.700  -12.580  -23.190  2.28  317.07  25.23  637.79  0.44  136.88  3.22
56040.0  5.640  -13.070  -23.120  2.19  317.04  24.32  637.56  0.40  135.88  3.25
56041.0  5.660  -13.610  -23.200  2.10  317.09  23.25  637.39  0.40  134.83  3.26
56042.0  5.600  -14.090  -23.220  2.02  317.04  22.44  637.25  0.44  133.72  3.28
56043.0  5.600  -14.580  -23.060  1.94  317.08  21.56  637.00  0.50  135.25  3.28
56044.0  5.550  -15.080  -23.150  1.86  317.08  20.76  636.61  0.53  134.08  3.33
56045.0  5.540  -15.660  -23.260  1.78  317.09  19.80  636.47  0.51  132.46  3.33
56046.0  5.530  -16.340  -23.300  1.68  317.11  18.73  636.22  0.51  131.61  3.27
56047.0  5.550  -17.040  -23.350  1.58  317.18  17.63  635.96  0.50  131.18  3.21
56048.0  5.500  -17.670  -23.280  1.50  317.15  16.77  635.70  0.44  130.55  3.21
56049.0  5.520  -18.340  -23.210  1.42  317.23  15.82  635.38  0.43  131.85  3.18
56050.0  5.460  -18.970  -23.180  1.35  317.18  15.06  635.22  0.48  130.67  3.23
56051.0  5.490  -19.560  -23.230  1.28  317.25  14.29  635.01  0.46  131.26  3.25
56052.0  5.430  -20.140  -23.200  1.22  317.20  13.64  634.84  0.32  131.44  3.28
56053.0  5.420  -20.700  -23.270  1.16  317.20  13.01  634.73  0.29  132.09  3.32
56054.0  5.400  -21.250  -23.170  1.11  317.22  12.41  634.49  0.32  133.15  3.34
56055.0  5.340  -21.760  -23.380  1.06  317.16  11.93  634.38  0.31  132.58  3.37
56056.0  5.360  -22.270  -23.190  1.01  317.21  11.39  634.23  0.40  133.22  3.40
56057.0  5.290  -22.770  -23.240  0.97  317.15  10.96  634.08  0.38  131.50  3.48
56058.0  5.300  -23.220  -23.260  0.93  317.21  10.51  633.74  0.31  133.25  3.42
56059.0  5.280  -23.690  -23.330  0.89  317.22  10.10  633.50  0.37  132.76  3.41
56060.0  5.270  -24.110  -23.340  0.86  317.25  9.73  633.25  0.40  132.55  3.44
56061.0  5.290  -24.530  -23.250  0.83  317.29  9.36  633.12  0.37  132.23  3.50
56062.0  5.230  -24.950  -23.380  0.80  317.24  9.05  632.99  0.30  132.69  3.58
56063.0  5.270  -25.300  -23.340  0.77  317.31  8.75  632.78  0.27  134.13  3.62
56064.0  5.240  -25.620  -23.260  0.75  317.31  8.51  632.60  0.26  133.67  3.67
56065.0  5.230  -25.830  -23.250  0.74  317.32  8.36  632.45  0.22  132.32  3.70
56066.0  5.250  -25.890  -23.340  0.73  317.40  8.30  632.08  0.14  131.62  3.72
56067.0  5.210  -25.840  -23.290  0.74  317.40  8.36  631.72  0.20  131.52  3.72
56068.0  5.230  -25.640  -23.300  0.75  317.45  8.50  631.52  0.31  131.22  3.76
56069.0  5.160  -25.320  -23.150  0.77  317.40  8.79  631.33  0.32  130.74  3.78
56070.0  5.180  -24.850  -23.250  0.81  317.47  9.16  630.95  0.40  130.82  3.78
56071.0  5.110  -24.270  -23.330  0.85  317.45  9.70  630.62  0.42  130.32  3.81
56072.0  5.110  -23.540  -23.260  0.91  317.49  10.36  630.33  0.41  130.67  3.83
56073.0  5.030  -22.730  -23.350  0.98  317.45  11.19  629.98  0.41  131.11  3.87
56074.0  5.040  -21.730  -23.250  1.07  317.52  12.21  629.54  0.51  130.62  3.90
56075.0  4.980  -20.760  -23.380  1.16  317.49  13.35  629.29  0.52  129.04  3.94
56076.0  4.980  -19.800  -23.340  1.27  317.54  14.51  628.86  0.48  129.64  3.94
