flight/WP3D/AircraftPos_NP3_20130703_RA.ict
39  1001
Ken Aikin
NOAA ESRL Chemical Sciences Division
various aircraft sensors
SENEX 2013
1  1
2013  07  03  2013  07  03
1
AOCTimewave
5
1  1  1  1  1 
-9999  -9999  -9999  -9999  -9999
GpsLat  deg
GpsLon  deg
GpsAlt  m
PAlt  m
RAlt  m
1
SPECIAL COMMENTS:AR  MO power plants  night flight.
19
PI_CONTACT_INFO: Address: NOAA ESRL Chemical Sciences Division  Mail Stop R/CSD7  325 Broadway  Boulder  CO 80305
PLATFORM: NOAA WP-3D
LOCATION: The aircraft was stationed in Smyrna  Tennessee. Aircraft location information in AircraftPosition file.
ASSOCIATED_DATA: N/A
INSTRUMENT_INFO: N/A
DATA_INFO: Units:GpsLat:decimal degrees; GpsLon: decimal degrees; GpsAlt: meters; PAlt:meters; RAlt: meters.
UNCERTAINTY: N/A
ULOD_FLAG: -7777
ULOD_VALUE: N/A
LLOD_FLAG: -8888
LLOD_VALUE: N/A
DM_CONTACT_INFO: Data Manager:Ken Aikin; email:Kenneth.C.Aikin@noaa.gov
PROJECT_INFO: SENEX 2013 Study; June 1 - July 15  2013
STIPULATIONS_ON_USE: Use of these data require prior ok from PI.
OTHER_COMMENTS:       None
REVISION: RA
RB: Correct time. RA was off by one day. No change to data.
RA: Preliminary Data.  For in-field use.
AOCTimewave  GpsLat  GpsLon  GpsAlt  PAlt  RAlt
[from data line 8146]
11545.0  35.9911   -88.7209    703.2    635.5    562.6
11546.0  35.9902   -88.7216    702.3    633.7    562.7
11547.0  35.9893   -88.7223    702.3    634.3    570.3
11548.0  35.9884   -88.7230    702.3    634.4    576.6
11549.0  35.9876   -88.7237    702.3    633.1    571.3
11550.0  35.9867   -88.7245    701.1    634.0    577.7
11551.0  35.9859   -88.7253    700.9    634.0    576.7
11552.0  35.9851   -88.7261    699.8    634.1    572.6
11553.0  35.9843   -88.7269    699.8    633.9    574.4
11554.0  35.9835   -88.7278    699.8    633.5    581.8
11555.0  35.9827   -88.7287    699.8    632.7    585.9
11556.0  35.9820   -88.7296    699.8    632.1    581.9
11557.0  35.9813   -88.7306    699.8    632.0    583.1
11558.0  35.9806   -88.7316    699.8    632.5    576.3
11559.0  35.9800   -88.7326    699.8    631.7    575.9
11560.0  35.9794   -88.7336    699.8    633.1    579.2
11561.0  35.9788   -88.7347    699.8    634.1    575.2
11562.0  35.9783   -88.7358    699.8    634.0    576.0
11563.0  35.9777   -88.7369    699.8    633.5    580.0
11564.0  35.9773   -88.7381    699.8    632.4    571.4
11565.0  35.9768   -88.7392    699.8    632.5    576.7
11566.0  35.9764   -88.7404    699.8    632.7    577.2
11567.0  35.9760   -88.7416    699.8    633.6    574.7
11568.0  35.9757   -88.7428    699.2    634.1    577.6
11569.0  35.9754   -88.7441    698.6    634.6    583.6
11570.0  35.9751   -88.7453    698.6    635.2    585.6
11571.0  35.9749   -88.7465    698.6    634.0    583.3
11572.0  35.9747   -88.7478    698.6    632.7    587.7
11573.0  35.9745   -88.7491    698.6    632.5    586.5
11574.0  35.9744   -88.7503    698.6    632.2    582.2
11575.0  35.9743   -88.7516    697.7    631.5    585.3
11576.0  35.9742   -88.7529    697.4    631.2    591.1
11577.0  35.9742   -88.7541    697.4    630.9    592.6
11578.0  35.9742   -88.7554    697.4    631.3    600.5
11579.0  35.9742   -88.7567    697.4    630.8    590.0
11580.0  35.9741   -88.7580    697.0    629.4    589.1
11581.0  35.9741   -88.7592    696.2    629.8    591.6
11582.0  35.9741   -88.7605    696.2    628.6    591.9
11583.0  35.9741   -88.7618    696.2    626.8    596.6
11584.0  35.9740   -88.7631    696.2    627.6    600.9
11585.0  35.9740   -88.7644    696.2    629.0    601.4
11586.0  35.9740   -88.7656    696.9    630.5    598.3
11587.0  35.9739   -88.7669    696.5    630.1    590.0
11588.0  35.9739   -88.7682    697.4    631.2    593.8
11589.0  35.9739   -88.7694    697.4    631.1    599.8
11590.0  35.9739   -88.7707    697.4    630.1    602.3
11591.0  35.9739   -88.7720    697.4    631.5    595.1
11592.0  35.9738   -88.7733    697.4    632.6    592.2
11593.0  35.9738   -88.7745    697.4    632.9    591.7
11594.0  35.9738   -88.7758    698.2    632.2    595.1
11595.0  35.9738   -88.7771    698.6    631.9    592.9
11596.0  35.9737   -88.7784    698.6    632.0    591.0
11597.0  35.9737   -88.7796    698.6    631.5    590.6
11598.0  35.9737   -88.7809    698.6    631.8    593.4
11599.0  35.9737   -88.7822    698.6    631.5    591.2
11600.0  35.9736   -88.7834    698.6    631.5    595.1
11601.0  35.9736   -88.7847    698.6    631.0    586.7
11602.0  35.9736   -88.7860    698.6    630.6    596.2
11603.0  35.9736   -88.7873    698.6    630.4    595.6
11604.0  35.9736   -88.7885    698.6    631.5    597.2
11605.0  35.9736   -88.7898    698.6    632.6    593.2
11606.0  35.9736   -88.7911    698.6    632.3    585.9
11607.0  35.9736   -88.7923    698.6    632.6    583.0
11608.0  35.9735   -88.7936    698.6    633.1    578.5
11609.0  35.9735   -88.7949    698.6    633.2    581.3
11610.0  35.9735   -88.7962    698.6    631.1    582.4
11611.0  35.9735   -88.7974    698.6    630.2    575.7
11612.0  35.9735   -88.7987    698.6    630.5    576.0
11613.0  35.9735   -88.8000    698.6    631.5    574.6
11614.0  35.9735   -88.8012    698.6    631.3    584.2
11615.0  35.9735   -88.8025    698.6    631.6    580.7
11616.0  35.9735   -88.8038    698.6    632.0    585.0
11617.0  35.9735   -88.8050    698.6    633.1    588.6
11618.0  35.9735   -88.8063    698.6    633.0    584.1
11619.0  35.9735   -88.8076    698.6    633.1    588.8
11620.0  35.9735   -88.8088    698.6    632.8    585.3
11621.0  35.9735   -88.8101    698.6    632.5    584.2
11622.0  35.9736   -88.8114    698.6    633.5    588.2
11623.0  35.9736   -88.8126    698.6    632.1    588.8
11624.0  35.9736   -88.8139    698.6    631.1    582.9
11625.0  35.9736   -88.8152    698.6    631.2    594.4
11626.0  35.9736   -88.8164    698.6    631.7    595.3
11627.0  35.9736   -88.8177    698.6    631.1    593.5
11628.0  35.9736   -88.8190    698.6    631.2    595.7
11629.0  35.9736   -88.8202    698.6    631.4    595.7
11630.0  35.9736   -88.8215    698.6    630.8    586.3
11631.0  35.9736   -88.8228    698.6    631.2    589.1
11632.0  35.9736   -88.8240    698.6    631.6    585.5
11633.0  35.9736   -88.8253    698.6    631.4    585.8
11634.0  35.9736   -88.8266    698.6    633.1    589.6
11635.0  35.9736   -88.8278    698.6    633.1    585.1
11636.0  35.9737   -88.8291    698.6    632.6    579.8
11637.0  35.9737   -88.8304    698.6    630.8    587.3
11638.0  35.9737   -88.8316    698.6    630.3    590.0
11639.0  35.9737   -88.8329    698.6    632.8    584.5
11640.0  35.9737   -88.8342    698.6    634.7    583.8
11641.0  35.9737   -88.8354    698.6    633.9    588.1
11642.0  35.9737   -88.8367    698.6    634.3    586.3
11643.0  35.9737   -88.8380    698.6    634.0    580.8
11644.0  35.9737   -88.8392    698.6    633.2    582.8
11645.0  35.9737   -88.8405    698.6    633.9    582.0
11646.0  35.9738   -88.8418    698.7    634.3    569.0
11647.0  35.9738   -88.8430    698.9    634.0    560.8
11648.0  35.9738   -88.8443    698.6    633.3    551.3
11649.0  35.9738   -88.8456    698.6    632.7    557.5
11650.0  35.9739   -88.8468    698.6    632.4    562.8
11651.0  35.9739   -88.8481    698.6    631.8    563.7
11652.0  35.9739   -88.8494    698.0    631.9    574.1
11653.0  35.9739   -88.8506    697.4    632.2    576.8
11654.0  35.9740   -88.8519    697.4    631.2    578.9
11655.0  35.9740   -88.8531    697.4    631.1    580.9
11656.0  35.9740   -88.8544    697.4    630.3    587.1
11657.0  35.9741   -88.8557    697.4    630.7    586.5
11658.0  35.9741   -88.8569    696.6    630.6    583.1
11659.0  35.9741   -88.8582    697.4    631.7    583.1
11660.0  35.9742   -88.8595    696.5    630.8    575.3
11661.0  35.9742   -88.8607    696.2    631.0    580.3
11662.0  35.9742   -88.8620    696.2    630.4    587.9
11663.0  35.9743   -88.8633    696.2    629.3    589.4
11664.0  35.9743   -88.8645    696.2    629.9    598.6
11665.0  35.9744   -88.8658    696.2    630.2    595.3
11666.0  35.9744   -88.8670    696.2    630.7    592.5
11667.0  35.9744   -88.8683    696.2    630.7    588.5
11668.0  35.9745   -88.8695    696.2    630.4    581.4
11669.0  35.9745   -88.8708    696.2    630.3    581.7
11670.0  35.9745   -88.8721    696.2    629.8    586.0
11671.0  35.9746   -88.8733    696.2    628.7    584.9
11672.0  35.9746   -88.8746    696.2    629.5    582.0
11673.0  35.9747   -88.8758    696.2    630.8    583.7
11674.0  35.9747   -88.8771    696.2    630.1    585.1
11675.0  35.9747   -88.8783    696.2    630.4    589.9
11676.0  35.9748   -88.8796    696.2    630.4    578.1
11677.0  35.9748   -88.8808    696.2    629.8    579.0
11678.0  35.9748   -88.8821    696.3    630.0    584.2
11679.0  35.9749   -88.8833    697.4    630.9    583.8
11680.0  35.9749   -88.8846    697.4    631.6    592.9
11681.0  35.9749   -88.8858    697.4    631.5    592.3
11682.0  35.9750   -88.8871    697.4    632.5    596.7
11683.0  35.9750   -88.8883    697.4    631.9    602.1
11684.0  35.9750   -88.8896    697.4    631.0    610.2
11685.0  35.9750   -88.8908    697.4    630.7    595.6
11686.0  35.9751   -88.8921    697.4    630.6    594.4
11687.0  35.9751   -88.8933    697.4    630.8    594.0
11688.0  35.9751   -88.8946    697.4    631.4    605.6
11689.0  35.9752   -88.8958    697.4    631.1    603.9
11690.0  35.9752   -88.8971    697.4    631.8    602.9
11691.0  35.9752   -88.8983    697.4    631.3    608.4
11692.0  35.9752   -88.8996    697.4    630.9    604.8
11693.0  35.9753   -88.9008    697.4    630.5    607.7
11694.0  35.9753   -88.9021    697.4    630.6    604.3
11695.0  35.9753   -88.9033    697.4    631.5    612.3
11696.0  35.9754   -88.9046    697.4    630.7    616.3
11697.0  35.9754   -88.9058    697.4    629.8    616.0
11698.0  35.9754   -88.9071    697.4    630.5    608.3
11699.0  35.9754   -88.9083    697.4    630.6    605.5
11700.0  35.9755   -88.9096    697.4    631.1    607.6
11701.0  35.9755   -88.9108    697.4    631.3    609.9
11702.0  35.9755   -88.9121    697.4    631.1    616.0
11703.0  35.9756   -88.9133    697.4    630.7    611.4
11704.0  35.9756   -88.9146    697.4    630.6    618.0
11705.0  35.9756   -88.9158    697.4    629.7    614.6
11706.0  35.9756   -88.9171    697.4    629.7    615.5
11707.0  35.9757   -88.9183    697.4    629.1    619.7
11708.0  35.9757   -88.9196    697.4    630.4    613.4
11709.0  35.9757   -88.9208    697.4    630.5    617.4
11710.0  35.9758   -88.9221    697.4    629.6    612.9
11711.0  35.9758   -88.9233    697.4    630.8    617.4
11712.0  35.9758   -88.9246    697.4    632.3    621.2
11713.0  35.9758   -88.9258    697.4    631.0    624.2
11714.0  35.9759   -88.9271    697.4    629.2    619.2
11715.0  35.9759   -88.9283    697.4    629.9    615.6
11716.0  35.9759   -88.9296    697.4    629.7    601.8
11717.0  35.9759   -88.9308    697.4    630.8    613.2
11718.0  35.9759   -88.9321    697.4    630.9    620.9
11719.0  35.9759   -88.9333    697.4    630.4    610.9
11720.0  35.9759   -88.9346    697.4    629.7    606.9
11721.0  35.9760   -88.9358    697.4    629.3    602.3
11722.0  35.9760   -88.9371    697.4    630.0    608.4
11723.0  35.9760   -88.9383    697.4    630.5    607.3
11724.0  35.9760   -88.9396    697.4    630.6    608.1
11725.0  35.9760   -88.9408    697.4    631.5    606.7
11726.0  35.9759   -88.9421    697.3    630.7    598.0
11727.0  35.9759   -88.9433    696.2    631.1    596.9
11728.0  35.9759   -88.9446    696.5    632.1    602.2
11729.0  35.9759   -88.9458    697.4    632.1    604.8
11730.0  35.9759   -88.9471    697.4    633.0    600.2
11731.0  35.9759   -88.9483    697.4    632.7    614.4
11732.0  35.9759   -88.9496    697.4    631.1    622.2
11733.0  35.9759   -88.9509    697.4    631.1    617.9
11734.0  35.9759   -88.9521    697.4    631.1    609.5
11735.0  35.9759   -88.9534    697.4    630.6    606.3
11736.0  35.9758   -88.9546    697.4    629.4    606.6
11737.0  35.9758   -88.9559    698.4    630.3    604.7
11738.0  35.9758   -88.9571    698.6    630.7    608.5
11739.0  35.9758   -88.9584    698.6    630.8    611.4
11740.0  35.9758   -88.9596    698.6    631.6    601.2
11741.0  35.9757   -88.9609    698.6    631.6    601.8
11742.0  35.9757   -88.9621    698.6    631.5    609.5
11743.0  35.9757   -88.9634    698.6    631.8    601.6
11744.0  35.9757   -88.9646    698.6    632.4    596.9
11745.0  35.9756   -88.9659    698.6    633.1    592.5
11746.0  35.9756   -88.9671    698.6    633.4    593.2
11747.0  35.9756   -88.9684    698.6    632.6    599.2
11748.0  35.9756   -88.9696    698.6    631.5    596.9
11749.0  35.9755   -88.9709    698.6    631.8    598.2
11750.0  35.9755   -88.9722    698.4    631.9    599.9
11751.0  35.9755   -88.9734    698.6    630.9    590.7
11752.0  35.9755   -88.9747    698.6    632.4    587.4
11753.0  35.9754   -88.9759    698.6    631.3    583.6
11754.0  35.9754   -88.9772    698.6    631.2    582.4
11755.0  35.9754   -88.9784    698.6    630.8    587.4
11756.0  35.9754   -88.9797    697.8    630.1    588.0
11757.0  35.9753   -88.9809    697.4    631.8    592.5
11758.0  35.9753   -88.9822    697.5    631.9    589.7
11759.0  35.9753   -88.9834    697.6    631.3    595.6
11760.0  35.9753   -88.9847    697.4    632.3    597.8
11761.0  35.9752   -88.9860    697.4    632.0    596.8
11762.0  35.9752   -88.9872    697.6    630.7    599.1
11763.0  35.9751   -88.9885    698.6    629.8    602.0
11764.0  35.9751   -88.9897    698.6    629.2    595.5
11765.0  35.9751   -88.9910    698.6    631.1    597.3
11766.0  35.9750   -88.9922    698.5    631.8    601.1
11767.0  35.9750   -88.9935    697.4    632.4    598.9
11768.0  35.9749   -88.9947    697.4    632.6    597.6
11769.0  35.9749   -88.9960    697.4    632.2    605.3
11770.0  35.9748   -88.9973    698.4    632.3    603.4
11771.0  35.9748   -88.9985    698.6    631.8    607.3
11772.0  35.9747   -88.9998    698.6    632.7    612.8
11773.0  35.9747   -89.0010    698.6    631.6    604.4
11774.0  35.9747   -89.0023    698.6    632.0    603.9
11775.0  35.9746   -89.0035    698.6    632.6    605.0
11776.0  35.9746   -89.0048    698.6    632.0    599.4
11777.0  35.9745   -89.0061    698.6    633.4    598.6
11778.0  35.9745   -89.0073    698.6    632.5    598.5
11779.0  35.9744   -89.0086    698.6    632.6    598.1
11780.0  35.9743   -89.0098    698.6    633.0    600.8
11781.0  35.9743   -89.0111    698.6    632.6    599.0
11782.0  35.9743   -89.0123    698.6    632.1    598.0
11783.0  35.9742   -89.0136    698.6    631.5    600.5
11784.0  35.9741   -89.0149    698.6    631.7    600.9
11785.0  35.9741   -89.0161    698.6    631.2    601.6
11786.0  35.9740   -89.0174    698.6    631.1    599.1
11787.0  35.9740   -89.0186    698.6    631.8    602.8
11788.0  35.9739   -89.0199    698.6    631.2    605.3
11789.0  35.9739   -89.0211    698.6    631.7    601.9
11790.0  35.9738   -89.0224    697.4    632.0    603.7
11791.0  35.9738   -89.0237    697.4    631.8    604.7
11792.0  35.9737   -89.0249    697.4    631.4    601.5
11793.0  35.9737   -89.0262    697.4    631.1    598.7
11794.0  35.9736   -89.0274    697.4    630.1    597.4
11795.0  35.9735   -89.0287    697.4    629.6    601.8
11796.0  35.9735   -89.0300    697.4    630.2    603.4
11797.0  35.9734   -89.0312    697.4    630.4    605.9
11798.0  35.9734   -89.0325    697.4    630.3    591.6
11799.0  35.9733   -89.0337    697.4    629.8    581.1
11800.0  35.9732   -89.0350    697.4    630.1    584.2
11801.0  35.9732   -89.0362    697.4    630.8    586.9
11802.0  35.9731   -89.0375    697.4    630.8    586.1
11803.0  35.9731   -89.0388    697.4    630.8    589.6
11804.0  35.9730   -89.0400    697.4    631.3    601.0
11805.0  35.9729   -89.0413    697.4    631.7    605.8
11806.0  35.9729   -89.0425    697.4    632.1    604.5
11807.0  35.9728   -89.0438    697.4    632.2    602.9
11808.0  35.9728   -89.0450    697.4    630.3    603.7
11809.0  35.9727   -89.0463    697.5    630.6    617.1
11810.0  35.9726   -89.0476    698.5    631.0    612.2
11811.0  35.9726   -89.0488    698.6    632.2    616.2
11812.0  35.9725   -89.0501    698.6    632.8    612.2
11813.0  35.9725   -89.0513    698.6    631.8    597.9
11814.0  35.9724   -89.0526    698.6    631.7    599.8
11815.0  35.9723   -89.0538    698.6    631.4    598.0
11816.0  35.9723   -89.0551    698.6    632.1    597.9
11817.0  35.9722   -89.0564    698.6    632.5    600.3
11818.0  35.9722   -89.0576    698.6    632.8    599.1
11819.0  35.9721   -89.0589    698.6    633.5    603.9
11820.0  35.9720   -89.0601    698.6    633.4    594.3
11821.0  35.9720   -89.0614    698.6    634.6    588.5
11822.0  35.9719   -89.0627    698.6    634.4    600.5
11823.0  35.9719   -89.0639    698.6    632.9    602.4
11824.0  35.9718   -89.0652    698.6    632.5    604.7
11825.0  35.9718   -89.0665    698.6    632.5    606.9
11826.0  35.9717   -89.0677    698.6    631.1    602.2
11827.0  35.9717   -89.0690    698.6    631.7    601.0
11828.0  35.9716   -89.0702    698.6    630.9    601.4
11829.0  35.9716   -89.0715    698.6    630.5    608.7
11830.0  35.9715   -89.0728    698.6    629.6    607.3
11831.0  35.9715   -89.0740    698.6    630.6    608.7
11832.0  35.9714   -89.0753    698.2    631.7    606.2
11833.0  35.9714   -89.0766    697.4    632.4    601.8
11834.0  35.9713   -89.0778    697.4    632.3    603.8
