flight/WP3D/AircraftMis_NP3_20130710_RA.ict
41  1001
Ken Aikin
NOAA ESRL Chemical Sciences Division
various aircraft sensors
SENEX 2013
1  1
2013  07  10  2013  07  12
1
AOCTimewave
8
1  1  1  1  1  1  1  1
-9999  -9999  -9999  -9999  -9999  -9999  -9999  -9999
Attack  deg
CabinPrs  mbar
GndSpd  m/s
Heading  deg
Pitch  deg
Roll  deg
Slip  deg
TrueAirSpd  m/s
1
SPECIAL COMMENTS:NC hog farms  and transit to Tampa.
18
PI_CONTACT_INFO: Address: NOAA ESRL Chemical Sciences Division  Mail Stop R/CSD7  325 Broadway  Boulder  CO 80305
PLATFORM: NOAA WP-3D
LOCATION: The aircraft was stationed in  Smyrna  Tennessee. Aircraft location information in AircraftPosition file.
ASSOCIATED_DATA: N/A
INSTRUMENT_INFO: N/A
DATA_INFO: Units: Attack degrees; CabinPrs millibar; GndSpd m/s; Heading degrees; Pitch degrees; Roll degrees; Slip degrees; TrueAirSpd m/s
UNCERTAINTY: N/A
ULOD_FLAG: -7777
ULOD_VALUE: N/A
LLOD_FLAG: -8888
LLOD_VALUE: N/A
DM_CONTACT_INFO: Data Manager:Ken Aikin; email:Kenneth.C.Aikin@noaa.gov
PROJECT_INFO: SENEX 2013 Study; June 1 - July 15  2013
STIPULATIONS_ON_USE: Use of these data require prior ok from PI.
OTHER_COMMENTS:       None
REVISION: RA
RA: Preliminary Data.  For in-field use.
AOCTimewave  Attack  CabinPrs  GndSpd  Heading  Pitch  Roll  Slip  TrueAirSpd
[from data line 11153]
61188.0  1.9  963.1  115.5  303.9  2.21  -0.10  -0.27  115.1
61189.0  1.9  963.4  115.5  303.9  2.27  -0.26  -0.38  115.0
61190.0  2.0  963.3  115.4  303.9  2.31  -0.27  -0.52  114.9
61191.0  2.0  963.5  115.4  303.9  2.29  -0.18  -0.28  114.7
61192.0  2.0  963.3  115.4  303.9  2.23  -0.44  -0.44  114.9
61193.0  1.9  963.2  115.3  303.8  2.21  -0.42  -0.44  115.2
61194.0  1.9  963.6  115.3  303.7  2.25  -0.20  -0.37  115.0
61195.0  2.0  963.3  115.2  303.7  2.32  -0.12  -0.44  114.6
61196.0  2.1  963.3  115.2  303.7  2.36  -0.17  -0.18  114.8
61197.0  2.1  963.2  115.1  303.8  2.30  -0.44  0.12  114.3
61198.0  2.1  963.2  115.1  304.0  2.27  -0.48  -0.59  114.6
61199.0  1.9  963.0  115.1  303.8  2.18  -0.79  -0.51  114.6
61200.0  2.0  963.2  115.1  303.7  2.27  -0.87  -0.24  114.0
61201.0  2.1  963.5  115.0  303.7  2.39  -0.12  -0.27  114.1
61202.0  2.0  963.2  115.0  303.7  2.31  0.11  -0.37  114.3
61203.0  2.0  963.0  115.0  303.8  2.27  -0.24  -0.33  114.7
61204.0  2.0  963.3  114.9  303.8  2.24  -0.59  -0.07  115.2
61205.0  2.0  963.6  114.9  304.0  2.23  -0.55  -0.23  115.3
61206.0  1.9  963.3  114.8  304.0  2.20  -0.44  -0.29  115.3
61207.0  2.0  963.4  114.8  304.1  2.21  -0.79  -0.02  114.9
61208.0  2.1  963.5  114.8  304.3  2.19  -1.01  -0.33  114.7
61209.0  2.3  963.1  114.8  304.3  2.04  -0.71  -0.81  113.7
61210.0  2.1  963.5  114.9  304.1  1.80  -0.98  -0.71  113.3
61211.0  1.9  963.5  114.9  303.9  1.69  -1.12  -0.40  113.8
61212.0  1.7  963.1  115.0  303.9  1.77  -0.66  0.13  114.2
61213.0  1.8  963.1  115.0  304.0  1.99  -0.73  -0.78  114.5
61214.0  1.9  962.9  115.0  303.8  2.05  -0.94  -0.66  114.7
61215.0  2.2  963.3  115.0  303.6  2.23  -0.88  -0.25  114.6
61216.0  1.9  962.8  115.0  303.6  2.04  -1.52  -0.51  114.7
61217.0  1.9  963.4  115.0  303.3  2.09  -2.70  -0.90  115.1
61218.0  2.0  963.6  114.9  302.8  2.20  -3.41  -0.48  115.0
61219.0  1.9  963.7  114.9  302.4  2.21  -2.12  -0.27  115.0
61220.0  1.9  963.3  114.8  302.3  2.26  0.30  0.05  114.9
61221.0  2.1  963.7  114.7  302.5  2.51  1.19  -0.15  115.1
61222.0  2.3  963.3  114.7  302.7  2.39  0.68  -0.32  115.4
61223.0  2.7  963.1  114.7  302.8  2.27  -0.24  -0.02  115.2
61224.0  1.9  963.0  114.7  303.0  1.81  -0.62  0.05  114.9
61225.0  1.5  963.6  114.7  303.2  1.69  -0.66  -0.58  116.0
61226.0  1.7  963.1  114.7  303.1  1.93  -1.48  -0.66  116.2
61227.0  1.8  963.1  114.7  302.8  2.08  -2.44  -0.80  115.2
61228.0  1.7  963.4  114.7  302.4  2.08  -2.22  -0.50  114.5
61229.0  2.0  963.2  114.6  302.1  2.34  -0.60  -0.20  114.2
61230.0  2.1  963.6  114.6  302.1  2.40  -0.52  -0.15  114.2
61231.0  2.2  963.6  114.5  302.2  2.42  -1.59  -0.01  114.1
61232.0  1.9  963.1  114.5  302.3  2.24  -2.47  -0.50  114.5
61233.0  1.9  963.5  114.4  302.0  2.24  -1.86  -0.57  114.2
61234.0  2.4  963.4  114.4  301.8  2.54  -0.57  -0.59  114.3
61235.0  2.1  963.1  114.3  301.6  2.37  -0.62  -0.29  114.7
61236.0  2.2  963.4  114.3  301.6  2.29  -1.15  0.04  114.8
61237.0  2.7  963.6  114.2  301.8  2.36  -1.22  0.02  115.5
61238.0  1.8  963.2  114.3  301.9  1.74  -1.42  -0.67  115.2
61239.0  1.0  963.7  114.3  301.6  1.49  -1.97  -0.92  115.1
61240.0  2.4  963.5  114.3  301.1  2.38  -2.47  -0.85  114.7
61241.0  1.9  963.4  114.3  300.7  2.24  -2.48  -0.52  113.0
61242.0  1.9  963.5  114.2  300.3  2.11  -3.08  0.02  113.6
61243.0  2.2  963.5  114.2  300.2  2.37  -3.84  -0.22  113.6
61244.0  2.2  963.6  114.1  299.9  2.33  -4.75  -0.33  113.4
61245.0  2.2  963.3  114.1  299.6  2.20  -6.69  -0.53  113.3
61246.0  2.2  963.4  114.0  299.0  2.22  -7.99  -0.56  113.8
61247.0  2.1  963.5  114.0  298.2  2.36  -8.03  -0.96  113.9
61248.0  1.9  963.1  113.9  297.2  2.24  -7.51  -0.65  113.7
61249.0  2.3  963.3  113.8  296.3  2.40  -7.75  -0.26  114.2
61250.0  2.2  962.9  113.6  295.7  2.45  -7.60  -0.26  114.0
61251.0  1.9  963.7  113.5  295.1  2.28  -7.67  -0.29  113.7
61252.0  2.4  963.4  113.4  294.5  2.56  -7.60  -0.19  113.4
61253.0  2.4  963.5  113.3  294.0  2.41  -7.00  -0.12  113.9
61254.0  2.2  963.3  113.2  293.6  2.13  -6.55  -0.38  113.9
61255.0  1.5  963.2  113.2  293.2  1.90  -6.72  -0.25  113.6
61256.0  2.1  963.3  113.1  292.7  2.35  -7.42  -0.71  113.4
61257.0  2.4  963.2  113.0  291.9  2.58  -7.51  -0.50  113.9
61258.0  2.1  963.6  112.9  291.3  2.41  -6.76  -0.45  113.8
61259.0  2.0  962.9  112.8  290.7  2.36  -5.89  -0.37  113.8
61260.0  2.3  963.4  112.7  290.3  2.40  -4.10  -0.16  114.8
61261.0  2.1  963.4  112.6  290.1  2.29  -2.15  0.01  113.9
61262.0  1.7  963.6  112.6  290.2  2.18  -1.37  -0.68  114.1
61263.0  2.5  963.3  112.6  289.9  2.44  -0.85  -0.19  114.9
61264.0  2.3  963.4  112.5  290.0  2.22  -0.96  0.37  114.2
61265.0  2.3  963.4  112.5  290.3  2.05  -1.32  0.21  113.8
61266.0  1.7  963.4  112.6  290.6  1.79  -1.41  -0.72  113.6
61267.0  1.9  963.0  112.7  290.3  1.87  1.15  -0.26  113.2
61268.0  2.2  963.3  112.7  290.6  1.98  4.77  -0.20  113.4
61269.0  2.2  963.2  112.8  291.1  1.81  4.44  0.30  113.0
61270.0  1.7  963.0  112.9  291.8  1.60  3.51  -0.40  113.4
61271.0  1.9  963.3  113.0  292.2  1.86  3.42  -0.94  114.9
61272.0  2.1  962.7  113.1  292.3  1.95  3.48  -0.69  115.1
61273.0  1.9  963.0  113.2  292.4  1.80  3.05  -0.62  114.6
61274.0  1.9  962.9  113.2  292.5  1.83  3.42  -0.13  114.8
61275.0  2.0  963.0  113.3  292.8  1.88  3.76  -0.21  115.1
61276.0  2.0  963.3  113.4  293.2  1.85  3.39  -0.39  114.9
61277.0  2.0  963.2  113.4  293.5  1.85  3.35  -0.38  115.2
61278.0  1.9  963.2  113.5  293.8  1.82  3.36  -0.54  115.2
61279.0  1.8  963.5  113.6  294.0  1.85  3.43  -0.59  115.3
61280.0  2.0  962.9  113.6  294.1  1.98  3.53  -0.55  114.9
61281.0  2.1  963.4  113.7  294.3  2.11  3.49  -0.47  115.0
61282.0  1.9  963.5  113.7  294.5  2.04  3.28  -0.53  114.5
61283.0  2.1  963.4  113.7  294.7  2.11  3.38  -0.59  114.7
61284.0  2.0  963.6  113.8  294.8  2.12  3.31  -0.33  114.7
61285.0  2.3  963.5  113.8  295.0  2.24  0.99  -0.29  115.3
61286.0  2.3  963.6  113.8  295.1  2.12  -1.60  -0.46  115.0
61287.0  1.9  963.3  113.8  294.8  1.84  -3.52  -0.21  114.4
61288.0  1.8  963.4  113.8  294.5  1.94  -4.89  -0.19  115.0
61289.0  1.9  963.5  113.7  294.1  2.27  -5.86  -0.08  115.7
61290.0  1.9  963.3  113.6  293.8  2.17  -6.43  -0.27  115.4
61291.0  1.8  963.4  113.5  293.3  2.17  -6.73  -0.17  115.4
61292.0  1.8  963.2  113.4  292.9  2.25  -7.21  -0.31  115.7
61293.0  2.2  963.2  113.3  292.4  2.33  -7.95  -0.28  115.1
61294.0  2.2  963.4  113.2  291.8  2.29  -8.57  -0.73  115.0
61295.0  2.3  963.6  113.1  291.0  2.10  -9.00  -0.72  114.8
61296.0  2.2  963.6  113.1  290.1  1.91  -9.06  -0.78  113.7
61297.0  2.2  963.5  113.1  289.1  1.78  -9.68  -0.27  112.3
61298.0  1.7  963.8  113.1  288.3  1.73  -11.55  -0.57  112.7
61299.0  2.1  963.0  113.0  287.2  2.08  -12.24  -0.25  114.1
61300.0  2.1  963.6  112.9  286.1  2.34  -12.71  -0.83  114.8
61301.0  2.0  963.1  112.8  284.8  2.18  -12.38  -0.74  115.1
61302.0  2.1  963.5  112.6  283.6  2.20  -12.57  -0.26  115.1
61303.0  1.9  963.2  112.4  282.6  2.23  -12.63  -0.38  115.9
61304.0  1.9  963.2  112.3  281.5  2.28  -13.03  -0.10  115.7
61305.0  2.2  963.1  112.1  280.5  2.43  -12.87  -0.13  115.8
61306.0  2.3  963.4  111.9  279.6  2.37  -12.23  -0.34  115.0
61307.0  2.2  963.3  111.8  278.7  2.16  -12.68  -0.04  113.9
61308.0  1.9  963.7  111.7  277.9  1.99  -11.22  -0.29  114.0
61309.0  2.2  963.2  111.6  277.1  2.16  -7.53  -0.69  114.3
61310.0  2.0  963.6  111.6  276.4  1.99  -3.93  -0.74  114.1
61311.0  2.6  963.1  111.6  275.9  2.01  -1.74  0.53  114.0
61312.0  2.1  963.8  111.7  276.2  1.86  -1.66  0.03  112.6
61313.0  1.8  963.3  111.8  276.4  1.51  -0.70  -0.44  112.4
61314.0  2.1  963.5  111.9  276.3  1.77  -0.57  -0.35  113.0
61315.0  2.2  963.7  112.0  276.4  1.99  -0.14  -0.98  112.7
61316.0  2.4  963.3  112.0  276.2  1.89  0.67  -0.74  114.3
61317.0  1.8  963.2  112.1  276.0  1.70  0.92  -0.37  114.7
61318.0  1.8  963.2  112.2  276.1  1.75  0.58  0.22  114.5
61319.0  2.0  963.1  112.2  276.5  1.96  0.41  -0.38  114.9
61320.0  2.0  963.3  112.2  276.6  1.97  0.16  -0.63  114.9
61321.0  1.9  963.4  112.2  276.5  1.98  -0.34  -0.69  115.0
61322.0  2.2  963.3  112.2  276.3  1.98  -0.67  -0.31  116.3
61323.0  1.6  963.3  112.2  276.3  1.86  -0.22  0.63  115.6
61324.0  1.8  963.3  112.2  276.8  1.90  0.28  -0.29  115.7
61325.0  1.8  963.3  112.2  277.1  2.11  -0.59  0.41  114.5
61326.0  2.2  963.5  112.2  277.5  2.23  -1.79  -0.58  114.9
61327.0  2.1  963.4  112.2  277.4  2.08  -1.61  -1.04  115.0
61328.0  1.7  963.4  112.2  276.9  1.97  -1.84  -1.26  114.4
61329.0  1.9  962.9  112.2  276.2  2.29  -1.49  -0.65  113.6
61330.0  2.3  963.3  112.1  275.9  2.60  -0.58  -0.46  113.8
61331.0  2.2  962.9  112.1  275.8  2.43  0.18  -0.52  115.4
61332.0  1.9  963.2  112.0  275.7  2.23  0.34  -0.36  115.2
61333.0  1.9  963.4  112.0  275.7  2.21  -0.51  -0.64  115.2
61334.0  2.2  963.5  112.0  275.5  2.44  -0.65  -0.35  114.8
61335.0  2.1  963.4  111.9  275.5  2.44  -0.35  -0.27  114.2
61336.0  1.9  963.3  111.8  275.6  2.24  -0.65  -0.42  114.3
61337.0  1.9  963.6  111.8  275.6  2.28  -0.83  -0.44  114.2
61338.0  2.0  963.3  111.8  275.5  2.35  -0.50  -0.39  114.1
61339.0  2.0  963.5  111.8  275.5  2.47  -0.33  -0.26  114.2
61340.0  2.0  963.0  111.7  275.6  2.48  -0.43  -0.31  114.4
61341.0  2.0  963.4  111.6  275.7  2.40  -0.39  -0.41  114.1
61342.0  2.0  963.4  111.6  275.7  2.48  -0.47  -0.43  114.1
61343.0  2.1  963.2  111.5  275.7  2.50  -0.76  -0.43  114.2
61344.0  2.0  963.4  111.5  275.7  2.45  -0.86  -0.45  114.5
61345.0  1.8  963.5  111.4  275.7  2.45  -0.64  -0.44  114.7
61346.0  2.2  963.5  111.4  275.6  2.55  -0.39  -0.64  114.5
61347.0  2.0  963.4  111.3  275.5  2.39  -0.46  -0.60  114.7
61348.0  1.8  963.5  111.2  275.3  2.40  -0.93  0.32  114.6
61349.0  2.1  963.6  111.1  275.6  2.61  -1.10  0.62  115.8
61350.0  2.0  963.2  111.0  276.1  2.53  -0.64  -0.27  115.1
61351.0  2.0  963.4  111.0  276.2  2.28  -1.39  -0.39  114.7
61352.0  2.2  963.3  110.9  276.3  2.26  -1.65  -0.44  114.7
61353.0  2.2  963.8  110.9  276.2  2.22  -1.80  -0.81  114.5
61354.0  2.0  963.2  110.9  275.8  1.93  -1.69  -0.66  114.4
61355.0  2.2  963.3  111.0  275.6  1.92  -0.84  -0.78  113.3
61356.0  2.0  963.4  111.0  275.3  1.79  -0.19  -0.38  114.4
61357.0  1.4  963.2  111.1  275.2  1.60  -0.53  -0.80  114.8
61358.0  2.0  963.2  111.1  274.9  1.94  0.47  -0.54  115.4
61359.0  2.0  963.2  111.2  274.8  1.93  0.81  -0.48  115.1
61360.0  1.8  963.0  111.2  274.9  1.62  -0.17  -0.32  114.4
61361.0  2.0  963.4  111.3  274.9  1.71  -0.57  0.47  114.4
61362.0  1.6  962.9  111.3  275.3  1.70  -0.74  0.35  113.9
61363.0  1.6  963.0  111.4  275.6  1.84  -0.94  -0.60  113.8
61364.0  2.2  963.1  111.4  275.5  2.22  -1.22  -0.86  113.1
61365.0  2.7  962.8  111.4  275.2  2.41  -0.64  -0.29  112.7
61366.0  2.4  962.6  111.4  275.3  2.17  -0.39  -0.77  113.2
61367.0  2.4  963.2  111.5  275.2  1.88  0.05  -0.62  113.0
61368.0  2.3  963.4  111.6  275.1  1.80  -0.02  -0.79  113.5
61369.0  1.8  963.3  111.7  275.0  1.61  -0.40  0.00  113.1
61370.0  2.0  963.2  111.8  275.2  1.75  -0.61  -0.37  112.5
61371.0  2.1  963.6  111.9  275.1  1.94  -1.00  -0.65  112.6
61372.0  2.2  963.2  111.9  274.9  2.14  -0.97  -0.28  112.9
61373.0  2.0  964.1  111.9  274.9  2.15  -0.48  -0.33  115.0
61374.0  2.0  963.2  111.9  274.9  2.15  -0.31  0.02  116.3
61375.0  2.1  963.3  111.9  275.1  2.25  -0.03  -0.18  116.3
61376.0  1.9  963.4  111.8  275.3  2.01  -0.16  -0.17  116.1
61377.0  1.6  963.2  111.8  275.4  1.89  -1.04  -0.47  114.7
61378.0  2.0  963.0  111.8  275.4  2.11  -1.19  -0.59  115.9
61379.0  1.5  963.6  111.8  275.3  2.04  -0.10  -1.19  116.3
61380.0  1.9  963.4  111.8  274.8  2.23  0.09  -0.79  116.4
61381.0  2.1  963.0  111.7  274.6  2.37  -0.27  -0.18  116.4
61382.0  2.1  963.4  111.6  274.7  2.17  0.02  0.57  115.6
61383.0  1.6  963.5  111.6  275.1  1.95  0.50  -0.34  115.0
61384.0  1.9  963.4  111.6  275.2  2.08  0.05  -0.12  115.0
61385.0  2.1  963.2  111.6  275.4  2.27  -0.79  -0.59  114.6
61386.0  2.3  963.5  111.6  275.3  2.08  -0.68  -0.64  115.0
61387.0  2.1  963.6  111.6  275.2  1.89  0.05  -0.15  114.1
61388.0  1.5  963.2  111.7  275.4  1.90  -0.16  -0.34  113.9
61389.0  2.0  963.2  111.7  275.4  2.13  -0.74  -0.30  113.5
61390.0  2.7  963.0  111.7  275.5  2.29  -0.73  -0.82  113.6
61391.0  2.0  963.5  111.8  275.3  1.85  -0.68  -0.82  114.4
61392.0  1.6  963.2  111.8  275.0  1.59  -0.52  -0.13  114.3
61393.0  1.7  963.3  111.9  275.0  1.96  -1.49  -0.63  114.6
61394.0  2.2  963.3  111.8  274.8  2.18  -2.13  -0.75  115.1
61395.0  2.0  963.1  111.8  274.4  2.12  -2.41  -0.81  115.5
61396.0  1.8  963.4  111.8  274.0  2.00  -2.42  -0.46  115.1
61397.0  2.1  963.5  111.8  273.7  2.19  -2.17  -0.17  115.2
61398.0  1.9  963.4  111.7  273.7  2.10  -2.06  -0.27  115.0
61399.0  2.0  963.3  111.7  273.6  2.15  -1.80  -0.37  114.9
61400.0  2.0  963.7  111.7  273.5  2.14  -1.93  -0.43  115.0
61401.0  2.0  963.1  111.6  273.3  2.16  -1.86  -0.28  114.9
61402.0  2.0  963.7  111.6  273.2  2.26  -1.62  -0.09  114.7
61403.0  2.0  963.2  111.5  273.2  2.32  -1.47  -0.28  114.1
61404.0  2.2  963.3  111.5  273.2  2.30  -1.00  -0.16  113.8
61405.0  2.2  963.8  111.5  273.4  2.35  -0.63  -0.39  115.2
61406.0  2.2  963.3  111.5  273.4  2.17  0.01  -0.39  114.8
61407.0  1.9  963.5  111.5  273.5  2.05  0.21  -1.11  114.5
61408.0  1.7  964.0  111.5  273.2  2.00  -0.07  -1.09  114.2
61409.0  2.0  963.5  111.5  272.7  2.35  -0.57  -0.26  114.3
61410.0  2.3  963.4  111.4  272.7  2.46  -0.28  0.06  113.5
61411.0  2.2  963.5  111.4  272.9  2.31  -0.36  -0.02  113.5
61412.0  2.0  963.5  111.4  273.1  2.08  -0.55  0.14  114.3
61413.0  1.8  963.5  111.4  273.3  2.07  -0.10  -0.72  114.5
61414.0  2.2  963.6  111.4  273.2  2.08  0.87  -0.64  114.6
61415.0  1.5  963.6  111.4  273.1  1.98  0.57  -0.09  114.8
61416.0  2.2  963.5  111.4  273.4  2.26  0.26  -0.18  114.8
61417.0  1.9  963.6  111.4  273.5  2.07  0.42  -0.33  114.4
61418.0  2.0  963.4  111.4  273.6  1.96  0.22  -0.28  113.7
61419.0  2.0  963.2  111.5  273.8  2.02  0.45  -0.22  113.7
61420.0  2.2  963.6  111.5  274.1  1.92  0.63  -0.24  113.3
61421.0  2.3  963.1  111.6  274.3  1.82  0.10  -0.74  112.5
61422.0  2.0  963.1  111.7  274.3  1.62  -0.42  -0.65  113.2
61423.0  1.6  963.6  111.8  274.2  1.65  -0.69  -0.46  114.7
61424.0  1.9  963.2  111.8  274.1  2.00  -0.92  -0.62  115.2
61425.0  2.0  963.3  111.8  273.9  2.05  -0.59  -0.47  115.6
61426.0  1.9  962.7  111.8  273.9  1.92  -0.13  -0.43  115.1
61427.0  1.8  963.3  111.9  273.8  1.93  -0.13  -0.43  114.5
61428.0  2.1  963.4  111.9  273.8  2.15  -0.83  -0.67  114.3
61429.0  2.1  963.5  111.9  273.6  2.11  -0.61  -0.48  114.2
61430.0  2.4  962.9  111.9  273.5  2.07  -0.36  -0.31  114.2
61431.0  1.8  963.3  111.9  273.6  1.96  -0.31  -0.09  114.9
61432.0  1.8  963.3  111.9  273.7  2.02  -0.33  -0.72  115.8
61433.0  2.1  963.1  111.9  273.5  2.36  -0.79  -0.66  115.5
61434.0  1.9  963.4  111.8  273.3  2.19  -0.54  -0.19  115.4
61435.0  1.8  963.2  111.8  273.4  2.20  -0.09  0.21  115.5
61436.0  2.1  963.4  111.7  273.8  2.30  0.10  -0.50  115.6
61437.0  1.6  963.5  111.7  273.8  2.19  -0.11  -0.92  115.5
61438.0  2.0  963.5  111.6  273.6  2.47  -0.23  -0.75  115.3
61439.0  2.1  963.4  111.5  273.4  2.55  -0.12  -0.49  115.2
61440.0  2.2  963.6  111.5  273.4  2.44  0.19  -0.49  114.8
61441.0  1.9  963.8  111.4  273.4  2.26  0.53  -0.17  114.8
61442.0  1.8  963.4  111.4  273.6  2.24  0.54  -0.42  114.7
61443.0  2.1  963.6  111.4  273.7  2.38  -0.09  -0.43  114.5
61444.0  2.0  963.5  111.3  273.8  2.38  0.03  -0.82  114.5
61445.0  2.1  963.4  111.3  273.6  2.36  -0.42  -0.40  114.7
61446.0  2.0  963.4  111.2  273.6  2.34  -0.88  -0.75  114.7
61447.0  1.8  963.2  111.2  273.3  2.17  -1.17  -0.75  114.8
61448.0  2.0  963.4  111.2  273.1  2.24  -1.55  -0.57  114.9
61449.0  1.9  963.0  111.1  272.8  2.23  -2.72  -0.08  114.7
61450.0  1.9  963.4  111.1  272.8  2.28  -4.95  -0.24  114.3
