flight/WP3D/AircraftMet_NP3_20130708_RA.ict
43  1001
Ken Aikin
NOAA ESRL Chemical Sciences Division
various aircraft sensors
SENEX 2013
1  1
2013  07  08  2013  07  08
1
AOCTimewave
10
1  1  1  1  1  1  1  1  1  1
-9999  -9999  -9999  -9999  -9999  -9999  -9999  -9999  -9999  -9999
AmbTemp  C
DewPtTemp  C
DewPtTempTDL  C
H2Omr  g/kg
PotTemp  K
RelHumidity  pct
StaticPrs  mbar
VertWindSpd  m/s
WindDir  deg
WindSpd  m/s
1
SPECIAL COMMENTS:Fayetteville AR  then PP and BB.
18
PI_CONTACT_INFO: Address: NOAA ESRL Chemical Sciences Division  Mail Stop R/CSD7  325 Broadway  Boulder  CO 80305
PLATFORM: NOAA WP-3D
LOCATION: The aircraft was stationed in  Smyrna  Tennessee. Aircraft location information in AircraftPosition file.
ASSOCIATED_DATA: N/A
INSTRUMENT_INFO: N/A
DATA_INFO: Units:AmbTemp celcius; DewPtTemp celcius; DewPtTempTDL celcius; H2Omr g/kg; PotTemp kelvin; RelHumidity percent; StaticPrs millibar; VertWindSpd m/s; WindDir degrees; WindSpd m/s
UNCERTAINTY: N/A
ULOD_FLAG: -7777
ULOD_VALUE: N/A
LLOD_FLAG: -8888
LLOD_VALUE: N/A
DM_CONTACT_INFO: Data Manager:Ken Aikin; email:Kenneth.C.Aikin@noaa.gov
PROJECT_INFO: SENEX 2013 Study; June 1 - July 15  2013
STIPULATIONS_ON_USE: Use of these data require prior ok from PI.
OTHER_COMMENTS:       None
REVISION: RA
RA: Preliminary Data.  For in-field use.
AOCTimewave  AmbTemp  DewPtTemp  DewPtTempTDL  H2Omr  PotTemp  RelHumidity  StaticPrs  VertWindSpd  WindDir  WindSpd
[from data line 2154]
56827.0  7.590  -17.920  -24.110  1.44  317.45  14.20  650.37  0.17  92.59  0.70
56828.0  7.550  -17.890  -24.210  1.44  317.42  14.27  650.30  -0.02  92.76  0.73
56829.0  7.590  -17.770  -24.190  1.46  317.47  14.38  650.27  -0.24  93.90  0.72
56830.0  7.590  -17.760  -24.130  1.46  317.46  14.40  650.35  -0.25  92.10  0.77
56831.0  7.550  -17.740  -24.110  1.46  317.43  14.45  650.26  -0.06  89.82  0.79
56832.0  7.540  -17.680  -23.990  1.47  317.41  14.53  650.33  0.15  87.52  0.90
56833.0  7.500  -17.660  -23.980  1.47  317.37  14.61  650.29  0.09  88.27  0.91
56834.0  7.530  -17.690  -24.120  1.47  317.40  14.54  650.29  -0.05  87.77  0.96
56835.0  7.480  -17.710  -24.020  1.46  317.36  14.56  650.23  -0.11  90.17  0.98
56836.0  7.520  -17.680  -24.070  1.47  317.38  14.55  650.33  -0.06  90.35  0.98
56837.0  7.490  -17.650  -24.050  1.47  317.35  14.63  650.32  -0.10  91.42  1.00
56838.0  7.520  -17.640  -24.070  1.47  317.38  14.61  650.29  -0.11  91.20  0.92
56839.0  7.540  -17.620  -23.960  1.47  317.41  14.60  650.34  -0.03  91.56  0.93
56840.0  7.520  -17.620  -24.130  1.48  317.40  14.63  650.22  -0.03  90.40  0.91
56841.0  7.540  -17.630  -24.010  1.47  317.43  14.59  650.19  -0.05  91.32  0.93
56842.0  7.510  -17.590  -23.980  1.48  317.38  14.68  650.27  -0.12  89.82  0.95
56843.0  7.550  -17.510  -23.970  1.49  317.43  14.73  650.25  -0.01  90.52  0.97
56844.0  7.530  -17.480  -24.040  1.49  317.40  14.80  650.26  0.06  89.99  1.02
56845.0  7.520  -17.420  -24.030  1.50  317.39  14.88  650.28  0.01  89.11  0.98
56846.0  7.550  -17.380  -24.070  1.51  317.41  14.90  650.40  0.00  88.69  1.07
56847.0  7.510  -17.330  -24.110  1.51  317.39  15.01  650.22  -0.04  87.78  1.00
56848.0  7.560  -17.310  -23.890  1.51  317.42  14.98  650.43  0.12  86.02  1.05
56849.0  7.530  -17.310  -23.960  1.51  317.39  15.01  650.32  0.17  87.96  1.03
56850.0  7.540  -17.260  -24.130  1.52  317.40  15.07  650.36  0.09  90.41  0.98
56851.0  7.570  -17.210  -24.140  1.53  317.43  15.10  650.37  0.10  88.93  0.99
56852.0  7.530  -17.150  -24.110  1.53  317.39  15.22  650.34  0.00  88.98  0.95
56853.0  7.560  -17.130  -24.040  1.54  317.44  15.21  650.29  -0.10  91.02  0.92
56854.0  7.570  -17.120  -24.010  1.54  317.44  15.21  650.32  -0.12  92.35  0.91
56855.0  7.540  -17.150  -24.150  1.54  317.41  15.21  650.26  -0.08  91.77  0.91
56856.0  7.560  -17.160  -24.140  1.53  317.44  15.17  650.28  -0.01  92.27  0.87
56857.0  7.560  -17.200  -24.190  1.53  317.42  15.13  650.39  -0.07  92.54  0.90
56858.0  7.550  -17.240  -24.050  1.52  317.41  15.09  650.33  -0.18  93.48  0.88
56859.0  7.580  -17.300  -24.180  1.51  317.45  14.96  650.37  -0.35  94.20  0.85
56860.0  7.550  -17.390  -24.100  1.50  317.43  14.89  650.26  -0.51  95.42  0.81
56861.0  7.570  -17.390  -24.060  1.50  317.46  14.87  650.20  -0.44  95.67  0.78
56862.0  7.600  -17.400  -24.210  1.50  317.47  14.83  650.29  -0.49  97.56  0.69
56863.0  7.580  -17.490  -24.240  1.49  317.44  14.74  650.40  -0.59  96.60  0.61
56864.0  7.590  -17.600  -24.250  1.48  317.45  14.59  650.39  -0.51  102.27  0.56
56865.0  7.630  -17.690  -24.160  1.47  317.48  14.43  650.47  -0.52  103.62  0.55
56866.0  7.620  -17.750  -24.200  1.46  317.48  14.38  650.45  -0.50  109.29  0.51
56867.0  7.610  -17.860  -24.260  1.45  317.45  14.25  650.55  -0.45  111.63  0.50
56868.0  7.630  -17.990  -24.220  1.43  317.48  14.07  650.58  -0.45  114.27  0.45
56869.0  7.640  -18.060  -24.100  1.42  317.48  13.98  650.65  -0.51  108.28  0.55
56870.0  7.600  -18.120  -24.100  1.41  317.45  13.94  650.51  -0.50  115.20  0.46
56871.0  7.630  -18.190  -24.180  1.40  317.51  13.83  650.32  -0.45  116.74  0.44
56872.0  7.620  -18.180  -24.050  1.41  317.50  13.85  650.32  -0.48  115.44  0.49
56873.0  7.590  -18.220  -23.880  1.40  317.48  13.84  650.24  -0.51  119.28  0.45
56874.0  7.640  -18.260  -24.140  1.40  317.53  13.75  650.24  -0.43  118.10  0.50
56875.0  7.600  -18.320  -24.000  1.39  317.48  13.72  650.28  -0.47  117.95  0.54
56876.0  7.590  -18.320  -24.060  1.39  317.46  13.72  650.34  -0.60  126.10  0.49
56877.0  7.610  -18.250  -24.070  1.40  317.49  13.78  650.32  -0.56  129.16  0.50
56878.0  7.580  -18.250  -23.920  1.40  317.45  13.82  650.34  -0.41  126.02  0.54
56879.0  7.600  -18.140  -23.980  1.41  317.47  13.93  650.31  -0.35  132.00  0.56
56880.0  7.620  -18.050  -23.900  1.42  317.50  14.01  650.28  -0.45  137.53  0.57
56881.0  7.580  -18.000  -23.980  1.43  317.46  14.11  650.32  -0.45  144.89  0.58
56882.0  7.610  -17.940  -23.990  1.44  317.48  14.16  650.32  -0.34  151.44  0.61
56883.0  7.640  -17.790  -24.110  1.45  317.53  14.30  650.26  -0.43  155.43  0.66
56884.0  7.610  -17.630  -23.950  1.47  317.49  14.54  650.25  -0.50  161.31  0.71
56885.0  7.630  -17.520  -23.880  1.49  317.52  14.64  650.23  -0.36  167.26  0.78
56886.0  7.690  -17.430  -23.930  1.50  317.59  14.69  650.28  -0.25  164.92  0.86
56887.0  7.660  -17.320  -23.970  1.51  317.54  14.85  650.39  -0.23  164.58  0.80
56888.0  7.670  -17.210  -23.900  1.53  317.54  14.99  650.38  -0.22  163.75  0.80
56889.0  7.680  -17.090  -23.960  1.54  317.57  15.13  650.32  -0.23  164.75  0.82
56890.0  7.640  -16.860  -24.030  1.57  317.52  15.47  650.36  -0.20  162.18  0.82
56891.0  7.660  -16.810  -23.880  1.58  317.54  15.51  650.37  -0.16  156.83  0.84
56892.0  7.680  -16.660  -24.030  1.60  317.56  15.69  650.30  -0.24  156.59  0.87
56893.0  7.630  -16.480  -24.020  1.62  317.52  15.99  650.29  -0.32  159.19  0.91
56894.0  7.680  -16.310  -23.980  1.65  317.56  16.15  650.37  -0.36  157.26  0.96
56895.0  7.650  -16.160  -23.920  1.67  317.53  16.40  650.34  -0.36  153.85  0.99
56896.0  7.640  -16.060  -23.840  1.68  317.54  16.55  650.17  -0.21  156.38  0.99
56897.0  7.670  -16.040  -24.010  1.69  317.57  16.54  650.25  -0.03  152.37  1.01
56898.0  7.610  -15.960  -23.910  1.70  317.49  16.72  650.27  0.21  150.66  0.99
56899.0  7.660  -15.830  -23.990  1.71  317.54  16.84  650.30  0.20  151.69  0.98
56900.0  7.610  -15.700  -24.010  1.73  317.47  17.08  650.40  0.24  147.73  1.01
56901.0  7.670  -15.770  -23.990  1.72  317.53  16.91  650.46  0.18  143.93  1.00
56902.0  7.610  -15.810  -24.100  1.72  317.48  16.94  650.34  0.05  145.75  1.01
56903.0  7.650  -15.810  -23.790  1.72  317.52  16.87  650.39  -0.08  146.27  1.06
56904.0  7.640  -15.810  -23.900  1.72  317.51  16.88  650.43  -0.16  142.36  1.04
56905.0  7.640  -15.810  -23.820  1.72  317.51  16.90  650.38  -0.23  141.17  1.08
56906.0  7.640  -15.750  -23.880  1.72  317.50  16.98  650.41  -0.29  142.87  1.10
56907.0  7.610  -15.830  -23.970  1.71  317.49  16.90  650.28  -0.25  142.16  1.09
56908.0  7.660  -15.940  -23.900  1.70  317.53  16.69  650.43  -0.29  140.24  1.13
56909.0  7.580  -15.910  -23.920  1.70  317.46  16.81  650.25  -0.39  144.46  1.06
56910.0  7.640  -15.900  -24.070  1.70  317.52  16.76  650.29  -0.39  146.41  1.03
56911.0  7.610  -15.980  -24.080  1.69  317.49  16.68  650.28  -0.29  145.21  1.01
56912.0  7.610  -16.090  -24.180  1.68  317.48  16.54  650.31  -0.23  147.66  0.97
56913.0  7.650  -16.110  -24.030  1.67  317.52  16.46  650.44  -0.18  141.61  0.96
56914.0  7.590  -16.160  -24.180  1.67  317.45  16.46  650.43  -0.10  138.06  0.89
56915.0  7.610  -16.180  -24.160  1.66  317.48  16.41  650.42  0.01  138.68  0.89
56916.0  7.590  -16.200  -24.240  1.66  317.45  16.41  650.40  0.00  142.38  0.88
56917.0  7.600  -16.320  -24.220  1.64  317.46  16.23  650.40  -0.03  142.58  0.89
56918.0  7.590  -16.600  -24.270  1.61  317.45  15.86  650.43  0.13  144.18  0.88
56919.0  7.580  -16.710  -24.210  1.59  317.44  15.74  650.37  0.06  147.73  0.81
56920.0  7.590  -16.770  -24.210  1.58  317.45  15.65  650.39  0.01  152.72  0.79
56921.0  7.540  -16.870  -24.260  1.57  317.39  15.57  650.47  0.00  158.29  0.81
56922.0  7.570  -17.050  -24.300  1.55  317.43  15.30  650.40  -0.16  168.52  0.84
56923.0  7.570  -17.200  -24.540  1.53  317.44  15.10  650.35  -0.23  178.99  0.85
56924.0  7.540  -17.440  -24.590  1.50  317.43  14.84  650.16  -0.27  183.64  0.78
56925.0  7.500  -17.640  -24.610  1.47  317.38  14.63  650.16  -0.24  191.71  0.72
56926.0  7.450  -17.890  -24.550  1.44  317.32  14.37  650.26  -0.24  201.64  0.57
56927.0  7.400  -18.190  -24.600  1.41  317.26  14.06  650.27  -0.39  199.44  0.43
56928.0  7.320  -18.480  -24.680  1.37  317.16  13.79  650.29  -0.48  161.70  0.33
56929.0  7.320  -18.870  -24.560  1.33  317.15  13.34  650.36  -0.59  140.03  0.40
56930.0  7.240  -19.160  -24.660  1.29  317.07  13.09  650.31  -0.68  149.69  0.36
56931.0  7.270  -19.480  -24.610  1.26  317.11  12.71  650.29  -0.62  173.65  0.31
56932.0  7.300  -19.830  -24.520  1.22  317.13  12.31  650.32  -0.51  186.56  0.36
56933.0  7.290  -20.220  -24.510  1.18  317.14  11.90  650.25  -0.47  189.92  0.37
56934.0  7.330  -20.640  -24.510  1.14  317.18  11.45  650.27  -0.52  203.98  0.36
56935.0  7.320  -21.060  -24.540  1.10  317.17  11.05  650.22  -0.28  197.44  0.28
56936.0  7.290  -21.340  -24.460  1.07  317.13  10.80  650.28  0.00  176.85  0.22
56937.0  7.290  -21.580  -24.360  1.05  317.14  10.57  650.31  0.12  156.60  0.23
56938.0  7.250  -21.770  -24.470  1.03  317.10  10.42  650.25  0.15  140.63  0.25
56939.0  7.270  -21.940  -24.580  1.02  317.13  10.26  650.21  0.16  130.23  0.30
56940.0  7.230  -22.290  -24.560  0.99  317.08  9.97  650.17  0.13  121.46  0.35
56941.0  7.260  -22.520  -24.460  0.97  317.11  9.76  650.22  -0.03  122.81  0.32
56942.0  7.250  -22.660  -24.610  0.95  317.09  9.64  650.30  -0.08  120.72  0.31
56943.0  7.240  -22.760  -24.570  0.95  317.08  9.57  650.28  -0.16  121.98  0.34
56944.0  7.270  -22.840  -24.580  0.94  317.11  9.48  650.26  -0.35  121.06  0.34
56945.0  7.230  -22.910  -24.580  0.93  317.08  9.44  650.17  -0.39  117.52  0.37
56946.0  7.270  -22.990  -24.500  0.93  317.11  9.35  650.27  -0.29  115.38  0.41
56947.0  7.230  -23.010  -24.450  0.93  317.07  9.36  650.27  -0.18  113.83  0.42
56948.0  7.270  -23.030  -24.580  0.92  317.11  9.32  650.30  0.03  112.84  0.41
56949.0  7.250  -23.080  -24.580  0.92  317.09  9.29  650.25  0.18  110.25  0.43
56950.0  7.260  -23.180  -24.480  0.91  317.09  9.20  650.33  0.11  105.66  0.50
56951.0  7.250  -23.210  -24.570  0.91  317.09  9.19  650.26  -0.01  108.42  0.49
56952.0  7.230  -23.170  -24.380  0.91  317.10  9.23  650.09  0.09  109.26  0.50
56953.0  7.240  -23.080  -24.430  0.92  317.08  9.30  650.27  0.19  102.90  0.53
56954.0  7.190  -22.990  -24.310  0.93  317.02  9.40  650.30  0.29  103.61  0.59
56955.0  7.230  -22.990  -24.550  0.93  317.06  9.38  650.34  0.44  105.27  0.55
56956.0  7.170  -23.000  -24.690  0.93  317.02  9.41  650.14  0.63  103.09  0.56
56957.0  7.180  -22.970  -24.530  0.93  317.01  9.42  650.29  0.70  102.69  0.55
56958.0  7.200  -22.930  -24.430  0.93  317.03  9.45  650.29  0.65  105.72  0.51
56959.0  7.160  -22.890  -24.420  0.93  316.98  9.51  650.32  0.64  104.88  0.51
56960.0  7.200  -22.880  -24.460  0.94  317.03  9.49  650.31  0.49  109.32  0.46
56961.0  7.180  -22.780  -24.530  0.94  317.02  9.59  650.27  0.40  106.25  0.52
56962.0  7.170  -22.710  -24.510  0.95  317.00  9.66  650.24  0.44  102.48  0.55
56963.0  7.190  -22.660  -24.550  0.95  317.04  9.68  650.20  0.49  101.52  0.57
56964.0  7.160  -22.600  -24.480  0.96  316.99  9.75  650.26  0.47  99.46  0.61
56965.0  7.170  -22.560  -24.510  0.96  316.99  9.78  650.32  0.51  98.44  0.60
56966.0  7.210  -22.580  -24.580  0.96  317.05  9.74  650.24  0.68  102.47  0.63
56967.0  7.160  -22.550  -24.610  0.96  316.99  9.79  650.28  0.73  100.29  0.72
56968.0  7.200  -22.510  -24.670  0.97  317.04  9.80  650.20  0.68  100.40  0.76
56969.0  7.150  -22.460  -24.580  0.97  317.00  9.88  650.14  0.63  99.99  0.79
56970.0  7.210  -22.430  -24.410  0.97  317.06  9.87  650.15  0.57  100.95  0.80
56971.0  7.200  -22.400  -24.550  0.98  317.03  9.90  650.27  0.55  105.93  0.80
56972.0  7.240  -22.320  -24.600  0.98  317.09  9.94  650.23  0.48  110.15  0.77
56973.0  7.280  -22.300  -24.640  0.99  317.12  9.94  650.30  0.35  114.41  0.74
56974.0  7.270  -22.250  -24.660  0.99  317.12  9.98  650.24  0.13  118.17  0.72
56975.0  7.340  -22.210  -24.510  0.99  317.20  9.96  650.26  -0.04  120.97  0.78
56976.0  7.340  -22.200  -24.680  0.99  317.20  9.98  650.24  0.03  125.43  0.82
56977.0  7.380  -22.240  -24.540  0.99  317.24  9.92  650.28  0.04  134.94  0.82
56978.0  7.470  -22.220  -24.530  0.99  317.33  9.87  650.32  0.06  136.55  0.84
56979.0  7.460  -22.170  -24.590  1.00  317.32  9.93  650.27  0.07  138.69  0.81
56980.0  7.490  -22.130  -24.560  1.00  317.34  9.94  650.40  -0.02  137.10  0.88
56981.0  7.530  -22.070  -24.490  1.00  317.40  9.96  650.30  0.00  139.71  0.86
56982.0  7.490  -22.030  -24.570  1.01  317.35  10.02  650.38  -0.04  138.87  0.86
56983.0  7.540  -22.030  -24.570  1.01  317.42  9.99  650.25  -0.08  142.86  0.84
56984.0  7.510  -22.000  -24.540  1.01  317.40  10.03  650.20  -0.06  143.51  0.80
56985.0  7.510  -22.030  -24.560  1.01  317.40  10.02  650.15  -0.12  144.54  0.77
56986.0  7.540  -22.050  -24.540  1.01  317.42  9.97  650.27  -0.14  141.76  0.73
56987.0  7.480  -22.060  -24.610  1.01  317.34  10.00  650.37  -0.04  141.20  0.64
56988.0  7.480  -22.040  -24.580  1.01  317.31  10.03  650.51  0.07  137.00  0.63
56989.0  7.470  -21.930  -24.580  1.02  317.31  10.13  650.51  0.05  134.26  0.54
56990.0  7.420  -21.840  -24.590  1.03  317.25  10.24  650.52  -0.14  133.31  0.53
56991.0  7.450  -21.830  -24.530  1.03  317.29  10.23  650.43  -0.20  128.45  0.53
56992.0  7.420  -21.890  -24.550  1.02  317.28  10.20  650.34  0.08  129.11  0.46
56993.0  7.400  -21.960  -24.520  1.01  317.24  10.15  650.36  0.22  128.56  0.44
56994.0  7.400  -22.030  -24.620  1.01  317.23  10.09  650.44  0.15  127.02  0.41
56995.0  7.390  -21.970  -24.450  1.01  317.23  10.15  650.43  0.27  121.15  0.42
56996.0  7.340  -22.020  -24.730  1.01  317.17  10.14  650.42  0.34  119.06  0.43
56997.0  7.360  -22.060  -24.790  1.01  317.21  10.09  650.29  0.28  116.85  0.44
56998.0  7.350  -22.070  -24.690  1.01  317.19  10.09  650.33  0.21  111.73  0.52
56999.0  7.320  -22.060  -24.570  1.01  317.16  10.12  650.34  0.26  111.45  0.54
57000.0  7.340  -22.160  -24.590  1.00  317.19  10.02  650.35  0.26  113.84  0.54
57001.0  7.300  -22.210  -24.670  0.99  317.14  10.00  650.30  0.33  114.21  0.58
57002.0  7.310  -22.300  -24.540  0.98  317.16  9.91  650.26  0.40  115.84  0.59
57003.0  7.340  -22.360  -24.580  0.98  317.19  9.83  650.29  0.44  113.95  0.62
57004.0  7.330  -22.350  -24.580  0.98  317.19  9.85  650.24  0.36  115.03  0.67
57005.0  7.410  -22.300  -24.640  0.98  317.29  9.84  650.14  0.18  119.44  0.65
57006.0  7.430  -22.260  -24.510  0.99  317.31  9.86  650.15  0.19  123.61  0.74
57007.0  7.480  -22.270  -24.530  0.99  317.37  9.82  650.09  0.22  123.85  0.80
57008.0  7.530  -22.270  -24.530  0.99  317.42  9.79  650.18  0.11  119.42  0.94
57009.0  7.520  -22.250  -24.550  0.99  317.40  9.81  650.28  0.00  120.60  0.94
57010.0  7.560  -22.220  -24.470  0.99  317.44  9.81  650.29  0.07  120.92  0.97
57011.0  7.540  -22.240  -24.370  0.99  317.42  9.81  650.22  0.11  121.25  0.95
57012.0  7.580  -22.140  -24.530  1.00  317.46  9.86  650.32  0.06  120.00  0.97
57013.0  7.530  -22.100  -24.580  1.00  317.42  9.93  650.23  0.01  122.09  0.90
57014.0  7.540  -22.050  -24.540  1.01  317.42  9.97  650.25  -0.17  120.48  0.90
57015.0  7.550  -21.980  -24.390  1.01  317.42  10.03  650.35  -0.18  119.95  0.86
57016.0  7.520  -21.900  -24.460  1.02  317.39  10.12  650.29  -0.21  118.82  0.87
57017.0  7.550  -21.820  -24.360  1.03  317.43  10.17  650.27  -0.23  118.28  0.89
57018.0  7.530  -21.720  -24.510  1.04  317.41  10.28  650.22  -0.27  116.16  0.84
57019.0  7.530  -21.600  -24.400  1.05  317.40  10.38  650.31  -0.32  114.72  0.89
57020.0  7.550  -21.500  -24.550  1.06  317.43  10.46  650.26  -0.36  112.65  0.95
