flight/WP3D/AircraftMis_NP3_20130706_RA.ict
41  1001
Ken Aikin
NOAA ESRL Chemical Sciences Division
various aircraft sensors
SENEX 2013
1  1
2013  07  06  2013  07  06
1
AOCTimewave
8
1  1  1  1  1  1  1  1
-9999  -9999  -9999  -9999  -9999  -9999  -9999  -9999
Attack  deg
CabinPrs  mbar
GndSpd  m/s
Heading  deg
Pitch  deg
Roll  deg
Slip  deg
TrueAirSpd  m/s
1
SPECIAL COMMENTS:PA shale flight.
18
PI_CONTACT_INFO: Address: NOAA ESRL Chemical Sciences Division  Mail Stop R/CSD7  325 Broadway  Boulder  CO 80305
PLATFORM: NOAA WP-3D
LOCATION: The aircraft was stationed in  Smyrna  Tennessee. Aircraft location information in AircraftPosition file.
ASSOCIATED_DATA: N/A
INSTRUMENT_INFO: N/A
DATA_INFO: Units: Attack degrees; CabinPrs millibar; GndSpd m/s; Heading degrees; Pitch degrees; Roll degrees; Slip degrees; TrueAirSpd m/s
UNCERTAINTY: N/A
ULOD_FLAG: -7777
ULOD_VALUE: N/A
LLOD_FLAG: -8888
LLOD_VALUE: N/A
DM_CONTACT_INFO: Data Manager:Ken Aikin; email:Kenneth.C.Aikin@noaa.gov
PROJECT_INFO: SENEX 2013 Study; June 1 - July 15  2013
STIPULATIONS_ON_USE: Use of these data require prior ok from PI.
OTHER_COMMENTS:       None
REVISION: RA
RA: Preliminary Data.  For in-field use.
AOCTimewave  Attack  CabinPrs  GndSpd  Heading  Pitch  Roll  Slip  TrueAirSpd
[from data line 21244]
72803.0  1.1  889.3  133.1  250.2  1.09  -0.84  -0.46  142.6
72804.0  1.0  889.5  133.0  250.2  1.00  -0.82  -0.35  142.6
72805.0  1.0  889.7  132.9  250.1  0.94  -1.05  -0.24  142.3
72806.0  1.0  889.9  132.8  250.2  0.98  -1.10  -0.26  142.4
72807.0  1.0  889.5  132.8  250.3  1.00  -1.19  -0.41  142.1
72808.0  1.0  889.5  132.7  250.2  1.01  -1.04  -0.54  141.8
72809.0  1.1  889.3  132.6  250.0  1.04  -1.00  -0.44  141.7
72810.0  1.1  889.6  132.5  249.9  1.05  -0.92  -0.37  141.5
72811.0  1.1  889.4  132.5  249.9  1.02  -0.77  -0.13  141.6
72812.0  1.1  889.3  132.4  250.1  1.00  -0.81  -0.18  141.5
72813.0  1.1  889.3  132.3  250.2  0.99  -0.78  -0.29  141.4
72814.0  1.1  889.1  132.3  250.3  0.99  -0.98  -0.41  141.4
72815.0  1.1  889.3  132.2  250.3  0.99  -1.21  -0.46  141.4
72816.0  1.1  889.1  132.1  250.1  1.00  -1.22  -0.40  141.5
72817.0  1.1  889.1  132.1  250.0  0.99  -1.11  -0.26  141.4
72818.0  1.1  889.1  132.0  250.1  1.07  -0.92  -0.27  141.4
72819.0  1.0  889.1  131.9  250.2  0.93  -0.76  -0.35  141.4
72820.0  1.1  889.2  131.8  250.2  1.05  -1.03  -0.28  141.3
72821.0  1.1  888.7  131.8  250.3  1.01  -1.10  -0.34  141.1
72822.0  1.1  889.1  131.7  250.3  1.00  -1.06  -0.36  140.9
72823.0  1.1  888.9  131.7  250.3  0.92  -1.21  -0.22  140.7
72824.0  1.1  889.1  131.6  250.4  0.88  -1.32  -0.27  140.7
72825.0  1.1  889.0  131.6  250.5  0.88  -1.25  -0.38  140.9
72826.0  1.1  889.3  131.5  250.5  0.81  -1.43  -0.48  141.0
72827.0  1.1  889.0  131.5  250.5  0.85  -1.60  -0.53  140.9
72828.0  1.1  889.3  131.4  250.4  0.86  -1.57  -0.55  140.9
72829.0  1.1  889.1  131.4  250.4  0.87  -1.45  -0.53  141.0
72830.0  1.1  889.8  131.3  250.3  0.93  -1.36  -0.57  140.8
72831.0  1.0  889.6  131.3  250.2  0.93  -1.19  -0.61  140.7
72832.0  1.1  890.0  131.2  250.1  1.04  -0.98  -0.62  140.9
72833.0  1.1  889.5  131.2  250.0  1.05  -0.97  -0.58  140.7
72834.0  1.2  889.7  131.1  250.0  1.04  -0.86  -0.53  140.7
72835.0  1.1  889.4  131.0  250.1  1.02  -0.82  -0.45  140.6
72836.0  1.1  889.3  131.0  250.2  1.06  -0.94  -0.31  140.8
72837.0  1.2  889.2  130.9  250.4  1.21  -0.98  -0.53  140.8
72838.0  1.2  889.8  130.8  250.5  1.19  -1.15  -0.42  140.8
72839.0  1.1  889.6  130.7  250.7  1.18  -1.66  -0.26  140.8
72840.0  1.1  889.9  130.6  250.9  1.25  -1.79  -0.46  140.7
72841.0  1.1  889.3  130.5  251.0  1.30  -1.86  -0.55  140.6
72842.0  1.2  889.4  130.4  251.0  1.34  -2.21  -0.65  140.6
72843.0  1.2  889.1  130.2  250.9  1.40  -2.28  -0.62  140.3
72844.0  1.2  889.1  130.1  250.7  1.45  -2.25  -0.37  140.1
72845.0  1.1  889.1  129.9  250.7  1.37  -2.05  -0.36  139.9
72846.0  1.1  889.2  129.8  250.8  1.39  -1.77  -0.40  139.6
72847.0  1.1  889.1  129.7  250.8  1.37  -1.84  -0.60  139.6
72848.0  1.1  889.0  129.5  250.7  1.38  -1.95  -0.56  139.5
72849.0  1.2  888.8  129.4  250.6  1.38  -1.96  -0.45  139.3
72850.0  1.3  888.9  129.3  250.6  1.49  -1.75  -0.51  139.1
72851.0  1.2  889.0  129.2  250.6  1.51  -1.54  -0.56  139.0
72852.0  1.2  889.0  129.1  250.5  1.43  -1.59  -0.52  138.7
72853.0  1.2  888.8  129.1  250.5  1.42  -1.56  -0.49  138.5
72854.0  1.2  889.2  129.0  250.5  1.36  -1.39  -0.61  138.6
72855.0  1.2  888.7  129.0  250.4  1.33  -1.35  -0.58  138.5
72856.0  1.3  889.0  128.9  250.3  1.44  -1.43  -0.51  138.4
72857.0  1.3  888.9  128.8  250.3  1.44  -1.24  -0.52  138.5
72858.0  1.2  888.9  128.8  250.3  1.37  -1.07  -0.51  138.5
72859.0  1.2  888.7  128.7  250.3  1.27  -1.12  -0.52  138.4
72860.0  1.3  888.7  128.7  250.3  1.37  -1.23  -0.63  138.0
72861.0  1.2  889.0  128.6  250.2  1.34  -1.26  -0.44  138.0
72862.0  1.3  888.9  128.6  250.2  1.28  -1.19  -0.51  138.0
72863.0  1.3  888.8  128.6  250.2  1.29  -1.06  -0.42  138.2
72864.0  1.2  888.6  128.5  250.2  1.25  -1.01  -0.58  138.2
72865.0  1.2  889.0  128.5  250.2  1.21  -1.03  -0.66  138.2
72866.0  1.2  888.8  128.5  250.0  1.34  -1.09  -0.74  137.7
72867.0  1.3  888.5  128.5  249.9  1.37  -0.79  -0.57  137.5
72868.0  1.2  889.0  128.4  249.8  1.35  -0.62  -0.26  137.5
72869.0  1.3  888.6  128.4  250.0  1.37  -0.43  -0.38  137.6
72870.0  1.3  888.6  128.3  250.2  1.38  -0.60  -0.60  137.5
72871.0  1.4  888.8  128.3  250.2  1.43  -0.87  -0.67  137.5
72872.0  1.3  889.0  128.3  250.1  1.43  -0.98  -0.65  137.4
72873.0  1.3  888.9  128.2  250.0  1.33  -0.90  -0.62  137.1
72874.0  1.3  889.1  128.2  249.9  1.38  -0.83  -0.73  136.9
72875.0  1.4  889.5  128.2  249.8  1.43  -0.64  -0.63  136.7
72876.0  1.4  889.3  128.2  249.7  1.42  -0.49  -0.56  136.7
72877.0  1.4  889.7  128.1  249.6  1.43  -0.30  -0.55  136.8
72878.0  1.3  889.6  128.1  249.7  1.40  -0.15  -0.50  136.7
72879.0  1.3  889.8  128.1  249.7  1.39  -0.28  -0.55  136.7
72880.0  1.3  889.0  128.1  249.8  1.43  -0.32  -0.63  136.6
72881.0  1.3  889.4  128.0  249.7  1.45  -0.36  -0.53  136.5
72882.0  1.4  889.3  128.0  249.8  1.58  -0.43  -0.59  136.6
72883.0  1.3  889.5  128.0  249.8  1.50  -0.28  -0.64  136.6
72884.0  1.4  889.1  127.9  249.7  1.50  -0.35  -0.51  136.4
72885.0  1.4  889.5  127.9  249.8  1.58  -0.39  -0.59  136.4
72886.0  1.4  889.5  127.8  249.8  1.59  -0.25  -0.65  136.1
72887.0  1.4  889.7  127.8  249.7  1.68  -0.30  -0.60  136.1
72888.0  1.4  889.4  127.7  249.7  1.66  -0.29  -0.64  136.3
72889.0  1.5  889.3  127.7  249.6  1.57  0.00  -0.67  136.4
72890.0  1.4  889.4  127.6  249.5  1.57  0.05  -0.61  136.4
72891.0  1.4  889.1  127.6  249.5  1.58  -0.08  -0.71  136.4
72892.0  1.3  888.9  127.6  249.4  1.48  0.00  -0.61  136.2
72893.0  1.3  889.0  127.5  249.3  1.44  0.02  -0.56  136.1
72894.0  1.4  888.7  127.5  249.3  1.55  0.27  -0.64  136.1
72895.0  1.5  889.0  127.5  249.2  1.56  0.39  -0.53  136.1
72896.0  1.3  888.6  127.5  249.3  1.48  0.41  -0.54  136.4
72897.0  1.4  888.8  127.4  249.3  1.54  0.28  -0.68  135.8
72898.0  1.5  888.7  127.4  249.2  1.59  0.28  -0.39  135.4
72899.0  1.4  888.7  127.4  249.3  1.41  0.44  -0.54  135.2
72900.0  1.5  888.8  127.4  249.4  1.48  0.50  -0.85  135.2
72901.0  1.5  888.5  127.4  249.2  1.52  0.37  -0.40  134.4
72902.0  1.5  888.4  127.5  249.4  1.43  0.27  -0.36  134.0
72903.0  1.5  888.9  127.5  249.6  1.41  0.33  -0.52  134.0
72904.0  1.4  888.6  127.5  249.7  1.40  -0.13  -0.46  134.5
72905.0  1.5  888.5  127.5  249.8  1.42  -0.24  -0.54  134.7
72906.0  1.6  888.6  127.5  249.9  1.45  -0.20  -0.65  134.6
72907.0  1.5  888.5  127.5  249.9  1.44  -0.22  -0.55  134.6
72908.0  1.5  888.4  127.6  249.9  1.39  -0.36  -0.65  135.0
72909.0  1.5  888.8  127.6  249.9  1.40  -0.79  -0.49  134.2
72910.0  1.4  888.7  127.6  249.9  1.29  -0.76  -0.71  134.0
72911.0  1.4  888.5  127.6  249.8  1.39  -0.64  -0.39  134.6
72912.0  1.6  888.2  127.6  249.9  1.44  -0.53  -0.41  134.0
72913.0  1.5  888.6  127.7  250.0  1.41  -0.42  -0.65  134.1
72914.0  1.4  888.6  127.7  250.1  1.43  -0.43  -0.61  134.5
72915.0  1.5  888.6  127.7  250.0  1.50  -0.46  -0.84  135.1
72916.0  1.5  888.4  127.7  249.9  1.52  -0.64  -0.71  135.3
72917.0  1.5  888.6  127.7  249.8  1.44  -0.42  -0.61  135.7
72918.0  1.5  888.5  127.7  249.7  1.43  -0.25  -0.50  135.9
72919.0  1.3  888.7  127.7  249.7  1.21  -0.19  -0.60  136.6
72920.0  1.4  888.6  127.7  249.7  1.22  -0.12  -0.35  137.3
72921.0  1.3  888.7  127.7  249.9  1.25  -0.27  -0.45  137.5
72922.0  1.2  888.6  127.6  250.1  1.15  -0.42  -0.62  137.8
72923.0  1.3  888.7  127.6  250.0  1.28  -0.63  -0.47  137.9
72924.0  1.2  888.3  127.6  250.2  1.19  -0.71  -0.57  138.1
72925.0  1.1  888.5  127.6  250.2  0.98  -0.68  -0.55  138.4
72926.0  1.2  888.7  127.6  250.2  1.09  -0.83  -0.54  138.7
72927.0  1.1  888.7  127.6  250.2  1.08  -0.88  -0.51  138.8
72928.0  1.1  888.3  127.5  250.3  1.05  -0.91  -0.57  138.8
72929.0  1.1  888.4  127.5  250.3  1.11  -0.93  -0.66  139.2
72930.0  1.2  888.6  127.5  250.2  1.16  -0.92  -0.63  139.6
72931.0  1.2  888.4  127.4  250.2  1.19  -0.97  -0.77  139.8
72932.0  1.2  888.3  127.4  250.0  1.20  -0.86  -0.70  139.8
72933.0  1.2  888.5  127.3  249.8  1.18  -0.70  -0.59  139.7
72934.0  1.2  888.4  127.3  249.8  1.15  -0.25  -0.69  139.4
72935.0  1.1  888.4  127.3  249.7  1.10  -0.09  -0.68  139.7
72936.0  1.2  888.5  127.2  249.6  1.20  -0.21  -0.56  139.6
72937.0  1.2  888.6  127.2  249.6  1.17  -0.04  -0.65  139.5
72938.0  1.2  888.5  127.2  249.6  1.14  0.10  -0.52  139.2
72939.0  1.1  888.4  127.2  249.6  1.16  -0.12  -0.94  139.7
72940.0  1.1  888.6  127.1  249.3  1.23  0.07  -0.74  139.6
72941.0  1.1  888.7  127.1  249.2  1.26  0.89  -0.33  138.3
72942.0  1.4  888.5  127.0  249.5  1.31  0.67  -0.36  139.0
72943.0  1.3  888.8  127.0  249.7  1.24  0.11  -0.63  139.7
72944.0  1.1  888.5  127.0  249.8  1.14  -0.27  -0.56  138.9
72945.0  1.1  888.4  126.9  249.8  1.31  -0.45  -0.76  139.7
72946.0  1.1  888.7  126.9  249.6  1.42  -0.19  -0.88  140.2
72947.0  1.0  888.6  126.7  249.4  1.65  -0.23  -0.68  140.4
72948.0  1.4  888.6  126.6  249.2  1.73  0.27  -0.44  140.9
72949.0  1.1  888.5  126.5  249.3  1.55  0.52  -0.60  140.9
72950.0  0.9  888.5  126.4  249.3  1.42  0.45  -0.49  140.9
72951.0  1.3  888.2  126.2  249.4  1.77  0.29  -0.33  140.1
72952.0  1.3  888.1  126.1  249.6  1.71  0.42  -0.45  139.5
72953.0  1.2  888.3  126.0  249.8  1.58  -0.02  -0.46  139.3
72954.0  1.1  888.2  125.9  250.0  1.54  -0.10  -0.59  139.0
72955.0  1.3  888.7  125.8  250.0  1.61  -1.08  -0.70  139.2
72956.0  1.2  888.3  125.7  249.9  1.54  -4.36  -0.75  139.1
72957.0  1.2  888.7  125.5  249.6  1.56  -6.15  -0.78  139.3
72958.0  1.3  888.3  125.3  249.0  1.64  -6.58  -0.68  139.3
72959.0  1.2  888.3  125.1  248.5  1.57  -6.68  -0.56  139.3
72960.0  1.2  888.4  124.9  248.1  1.48  -5.90  -0.44  139.0
72961.0  1.1  888.3  124.7  247.8  1.41  -5.09  -0.55  139.0
72962.0  1.2  888.7  124.6  247.5  1.38  -4.68  -0.61  139.1
72963.0  1.2  888.4  124.5  247.2  1.41  -4.38  -0.54  139.1
72964.0  1.1  888.3  124.3  247.0  1.37  -4.01  -0.53  138.8
72965.0  1.3  888.1  124.2  246.8  1.43  -3.48  -0.52  138.6
72966.0  1.2  888.3  124.1  246.6  1.34  -3.11  -0.59  138.5
72967.0  1.2  888.0  124.0  246.5  1.28  -2.82  -0.60  138.3
72968.0  1.2  888.3  123.9  246.3  1.23  -2.67  -0.62  138.1
72969.0  1.2  888.6  123.9  246.1  1.26  -2.43  -0.70  138.1
72970.0  1.3  888.9  123.8  245.9  1.26  -2.09  -0.62  138.2
72971.0  1.2  889.5  123.8  245.7  1.14  -1.94  -0.62  138.2
72972.0  1.2  889.7  123.7  245.6  1.18  -1.63  -0.60  138.1
72973.0  1.3  889.1  123.7  245.5  1.27  -1.36  -0.54  138.2
72974.0  1.3  889.0  123.6  245.4  1.19  -1.30  -0.58  138.2
72975.0  1.2  888.9  123.6  245.3  1.13  -1.32  -0.58  138.1
72976.0  1.3  889.4  123.6  245.3  1.15  -1.06  -0.50  137.9
72977.0  1.2  889.4  123.6  245.3  1.20  -0.79  -0.68  137.8
72978.0  1.2  889.5  123.5  245.1  1.15  -0.70  -0.56  137.8
72979.0  1.4  889.8  123.5  245.1  1.31  -0.97  -0.49  137.8
72980.0  1.3  889.5  123.4  245.1  1.24  -0.64  -0.57  137.5
72981.0  1.2  889.4  123.4  245.1  1.22  -0.40  -0.48  137.7
72982.0  1.3  889.1  123.4  245.1  1.27  -0.67  -0.55  137.8
72983.0  1.2  889.2  123.3  245.1  1.25  -0.77  -0.49  138.0
72984.0  1.1  889.2  123.3  245.2  1.22  -0.66  -0.61  138.1
72985.0  1.4  889.5  123.3  245.1  1.41  -0.61  -0.62  138.0
72986.0  1.3  889.4  123.2  245.1  1.31  -0.79  -0.64  138.3
72987.0  1.1  889.7  123.2  245.0  1.16  -0.67  -0.62  138.9
72988.0  1.3  889.5  123.1  244.9  1.36  -0.50  -0.48  138.7
72989.0  1.3  889.8  123.0  245.0  1.37  -0.35  -0.59  138.6
72990.0  1.2  889.5  123.0  245.0  1.28  -0.35  -0.49  138.7
72991.0  1.2  890.0  122.9  245.0  1.31  -0.48  -0.50  138.5
72992.0  1.2  889.4  122.9  245.1  1.28  -0.47  -0.57  138.3
72993.0  1.3  889.7  122.8  245.1  1.37  -0.58  -0.50  137.8
72994.0  1.3  889.6  122.7  245.1  1.36  -0.69  -0.50  137.6
72995.0  1.2  889.6  122.7  245.2  1.23  -0.54  -0.59  137.8
72996.0  1.3  889.7  122.7  245.2  1.33  -0.55  -0.73  138.0
72997.0  1.3  889.7  122.6  245.0  1.38  -0.76  -0.66  137.9
72998.0  1.2  889.4  122.6  244.9  1.30  -0.71  -0.38  138.2
72999.0  1.2  889.5  122.5  245.0  1.24  -0.42  -0.52  137.7
73000.0  1.3  889.8  122.5  245.0  1.23  -0.38  -0.53  137.7
73001.0  1.3  889.7  122.5  245.1  1.25  -0.61  -0.59  138.0
73002.0  1.2  889.9  122.4  245.1  1.22  -0.59  -0.80  138.1
73003.0  1.2  889.5  122.4  244.8  1.22  -0.41  -0.64  137.8
73004.0  1.2  889.7  122.4  244.8  1.22  -0.40  -0.29  137.6
73005.0  1.1  889.4  122.4  244.9  1.17  -0.22  -0.61  137.6
73006.0  1.4  889.9  122.4  244.9  1.33  -0.35  -0.65  137.1
73007.0  1.3  889.9  122.3  244.9  1.35  -0.48  -0.44  137.3
73008.0  1.2  889.8  122.3  245.0  1.25  -0.48  -0.51  137.4
73009.0  1.3  889.4  122.2  245.1  1.33  -0.36  -0.51  137.4
73010.0  1.4  889.7  122.2  245.1  1.36  -0.61  -0.54  137.3
73011.0  1.3  889.7  122.2  245.2  1.24  -0.68  -0.61  137.1
73012.0  1.3  889.9  122.1  245.1  1.26  -0.72  -0.54  137.1
73013.0  1.3  889.5  122.1  245.1  1.25  -0.81  -0.58  137.1
73014.0  1.3  889.9  122.1  245.1  1.27  -0.61  -0.58  137.2
73015.0  1.3  889.6  122.1  245.1  1.36  -0.67  -0.57  137.4
73016.0  1.1  889.4  122.0  245.1  1.25  -0.55  -0.64  137.2
73017.0  1.4  890.0  122.0  245.1  1.43  -0.54  -0.68  137.3
73018.0  1.3  889.6  121.9  245.0  1.46  -0.60  -0.59  136.9
73019.0  1.3  889.8  121.9  245.0  1.46  -0.47  -0.65  136.9
73020.0  1.3  889.9  121.8  244.9  1.40  -0.39  -0.55  136.7
73021.0  1.4  889.7  121.8  245.0  1.37  -0.35  -0.75  136.6
73022.0  1.3  889.7  121.8  244.9  1.34  -0.54  -0.57  136.3
73023.0  1.4  889.9  121.8  244.9  1.45  -0.53  -0.51  136.2
73024.0  1.4  889.8  121.7  245.0  1.41  -0.32  -0.65  136.1
73025.0  1.3  890.1  121.7  245.0  1.35  -0.27  -0.59  135.9
73026.0  1.4  889.8  121.7  245.0  1.36  -0.57  -0.43  136.4
73027.0  1.4  889.7  121.7  245.1  1.32  -0.56  -0.67  136.1
73028.0  1.3  890.0  121.7  245.1  1.31  -0.55  -0.56  136.0
73029.0  1.2  889.8  121.7  245.1  1.26  -0.62  -0.55  136.4
73030.0  1.4  889.9  121.6  245.1  1.36  -0.51  -0.59  136.2
73031.0  1.5  889.4  121.6  245.2  1.37  -0.65  -0.60  136.2
73032.0  1.4  889.7  121.6  245.1  1.32  -0.80  -0.43  136.3
73033.0  1.4  889.8  121.6  245.2  1.29  -0.70  -0.64  136.3
73034.0  1.2  889.9  121.6  245.2  1.28  -0.56  -0.69  136.5
73035.0  1.2  889.7  121.5  245.1  1.34  -0.68  -0.58  136.6
73036.0  1.4  889.8  121.5  245.1  1.45  -0.56  -0.53  136.4
73037.0  1.4  889.7  121.5  245.1  1.47  -0.58  -0.61  136.1
73038.0  1.4  890.2  121.5  245.1  1.38  -0.40  -1.00  136.0
73039.0  1.3  889.6  121.4  244.8  1.34  -0.36  -0.18  136.2
73040.0  1.4  890.0  121.4  245.0  1.52  -0.12  -0.31  135.6
73041.0  1.5  889.8  121.4  245.3  1.54  -0.47  -0.42  135.5
73042.0  1.7  889.7  121.3  245.5  1.58  -1.08  -0.55  136.2
73043.0  0.8  890.0  121.3  245.5  1.22  -1.41  -0.89  135.0
73044.0  1.5  889.7  121.3  245.2  1.68  -1.02  -0.62  135.6
73045.0  2.3  890.1  121.2  245.2  1.95  -0.46  -0.36  134.5
73046.0  1.0  890.5  121.1  245.5  1.26  -0.40  -0.74  134.6
73047.0  1.5  889.4  121.2  245.3  1.31  -0.92  -1.47  134.7
73048.0  1.6  890.1  121.2  244.7  1.51  -0.82  -0.50  133.8
73049.0  1.6  889.4  121.2  244.7  1.30  -0.48  -0.30  133.9
73050.0  1.5  889.8  121.2  244.8  1.15  -0.26  0.01  135.3
73051.0  0.8  890.2  121.2  245.1  0.96  -0.75  -0.50  134.9
73052.0  1.8  890.2  121.3  245.2  1.53  -0.27  -0.12  134.5
73053.0  0.9  890.1  121.3  245.5  1.31  -0.41  -0.91  134.7
73054.0  1.5  890.0  121.3  245.3  1.50  -0.70  -0.99  134.7
73055.0  2.2  889.8  121.3  245.1  1.68  -1.09  -0.36  134.4
73056.0  1.2  889.9  121.3  245.3  1.03  -1.15  -0.54  133.0
73057.0  1.5  889.8  121.4  245.3  1.25  -0.75  -0.67  133.0
73058.0  1.7  890.0  121.4  245.3  1.43  -0.75  -0.93  133.9
73059.0  1.1  889.8  121.4  245.0  1.18  -0.75  -1.07  134.0
73060.0  1.4  890.0  121.4  244.6  1.57  -0.69  -0.93  134.7
73061.0  1.8  890.0  121.4  244.3  1.81  -0.48  -0.31  133.9
73062.0  1.4  889.9  121.3  244.5  1.61  -0.87  -0.21  134.1
73063.0  1.6  890.0  121.3  244.7  1.68  -0.97  -0.51  134.9
73064.0  1.4  890.0  121.2  244.7  1.58  -1.18  -0.65  134.2
