flight/WP3D/CO_NP3_20130531_RA.ict
34, 1001
John S Holloway
CIRES/NOAA:ESRL;Chemical Sciences Division
CO instrument
SENEX 2013
1, 1
2013, 05, 31, 2013, 06, 01
1
AOCTimewave
1
1
-9999
CO_ppbv
1
computer reboot about 14:19 UTC
18
PI_CONTACT_INFO: Address: NOAA ESRL Chemical Sciences Division, Mail Stop R/CSD7, 325 Broadway, Boulder, CO 80305
PLATFORM: NOAA WP-3D N42RF
LOCATION: Second instr. check flt., MacDill AFB, Tampa, FL. Aircraft location information in AircraftPosition file.
ASSOCIATED_DATA: N/A
INSTRUMENT_INFO: VUV resonance fluorescence
DATA_INFO: Units:ppbv
UNCERTAINTY: 5%
ULOD_FLAG: -7777
ULOD_VALUE: N/A
LLOD_FLAG: -8888
LLOD_VALUE: N/A
DM_CONTACT_INFO: Data Manager:Ken Aikin; email:Kenneth.C.Aikin@noaa.gov
PROJECT_INFO: SENEX 2013 Study; June 1 - July 15, 2013
STIPULATIONS_ON_USE: Use of these data require prior ok from PI.
OTHER_COMMENTS: Second check flight
REVISION: RA
RA: Preliminary Data.  For in-field use.
AOCTimewave, CO_ppbv
[from data line 3110]
54182.0, 102.16
54183.0, 102.53
54184.0, 104.84
54185.0, 104.89
54186.0, 104.59
54187.0, 103.99
54188.0, 103.45
54189.0, 102.85
54190.0, 102.99
54191.0, 103.45
54192.0, 103.65
54193.0, 104.34
54194.0, 104.25
54195.0, 104.63
54196.0, 105.27
54197.0, 103.66
54198.0, 104.47
54199.0, 104.93
54200.0, 103.99
54201.0, 104.05
54202.0, 104.04
54203.0, 103.04
54204.0, 101.93
54205.0, 101.81
54206.0, 102.78
54207.0, 103.53
54208.0, 102.10
54209.0, 100.57
54210.0, 101.09
54211.0, 98.57
54212.0, 96.16
54213.0, 95.70
54214.0, 99.66
54215.0, 99.98
54216.0, 101.02
54217.0, 100.43
54218.0, 101.33
54219.0, 100.32
54220.0, 99.12
54221.0, 99.54
54222.0, 99.78
54223.0, 98.07
54224.0, 99.42
54225.0, 99.43
54226.0, 100.02
54227.0, 100.34
54228.0, 99.61
54229.0, 101.31
54230.0, 101.70
54231.0, 101.37
54232.0, 101.63
54233.0, 102.26
54234.0, 100.94
54235.0, 102.15
54236.0, 103.10
54237.0, 102.61
54238.0, 101.81
54239.0, 102.00
54240.0, 101.50
54241.0, 100.88
54242.0, 99.20
54243.0, 99.55
54244.0, 99.29
54245.0, 99.46
54246.0, 99.97
54247.0, 100.52
54248.0, 100.47
54249.0, 100.45
54250.0, 100.65
54251.0, 99.77
54252.0, 100.23
54253.0, 100.15
54254.0, 100.59
54255.0, 99.69
54256.0, 100.09
54257.0, 99.06
54258.0, 99.01
54259.0, 98.66
54260.0, 98.08
54261.0, 98.18
54262.0, 98.06
54263.0, 97.94
54264.0, 98.12
54265.0, 98.08
54266.0, 98.55
54267.0, 98.58
54268.0, 97.74
54269.0, 99.52
54270.0, 99.64
54271.0, 100.29
54272.0, 100.39
54273.0, 100.41
54274.0, 100.64
54275.0, 100.42
54276.0, 100.07
54277.0, 100.66
54278.0, 99.89
54279.0, 101.18
54280.0, 101.38
54281.0, 101.39
54282.0, 102.24
54283.0, 101.01
54284.0, 100.90
54285.0, 101.08
54286.0, 101.82
54287.0, 101.52
54288.0, 99.72
54289.0, 99.72
54290.0, 99.36
54291.0, 99.91
54292.0, 101.92
54293.0, 101.09
54294.0, 102.03
54295.0, 101.71
54296.0, 101.92
54297.0, 102.56
54298.0, 100.99
54299.0, 102.74
54300.0, 101.51
54301.0, 101.78
54302.0, 100.60
54303.0, 101.77
54304.0, 101.52
54305.0, 101.08
54306.0, 101.73
54307.0, 101.88
54308.0, 101.84
54309.0, 101.30
54310.0, 101.42
54311.0, 101.91
54312.0, 102.27
54313.0, 102.00
54314.0, 102.07
54315.0, 100.98
54316.0, 101.16
54317.0, 100.82
54318.0, 99.64
54319.0, 100.33
54320.0, 99.32
54321.0, 98.17
54322.0, 99.30
54323.0, 99.20
54324.0, 99.47
54325.0, 99.49
54326.0, 99.12
54327.0, 99.36
54328.0, 99.75
54329.0, 100.17
54330.0, 99.13
54331.0, 99.44
54332.0, 100.27
54333.0, 100.34
54334.0, 100.55
54335.0, 100.09
54336.0, 98.27
54337.0, 98.77
54338.0, 99.72
54339.0, 99.13
54340.0, 97.48
54341.0, 96.76
54342.0, 97.88
54343.0, 97.20
54344.0, 97.29
54345.0, 98.27
54346.0, 98.94
54347.0, 98.98
54348.0, 98.72
54349.0, 99.03
54350.0, 99.02
54351.0, 98.56
54352.0, 98.35
54353.0, 98.33
54354.0, 98.60
54355.0, 98.24
54356.0, 98.24
54357.0, 99.05
54358.0, 98.91
54359.0, 99.07
54360.0, 98.51
54361.0, 98.53
54362.0, 97.39
54363.0, 97.66
54364.0, 97.45
54365.0, 96.19
54366.0, 98.19
54367.0, 96.73
54368.0, 98.80
54369.0, 98.92
54370.0, 98.06
54371.0, 97.34
54372.0, 97.84
54373.0, 97.52
54374.0, 98.23
54375.0, 98.42
54376.0, 98.18
54377.0, 97.53
54378.0, 97.68
54379.0, 97.92
54380.0, 97.03
54381.0, 98.12
54382.0, 97.07
54383.0, 96.72
54384.0, 96.67
54385.0, 96.71
54386.0, 95.52
54387.0, 95.66
54388.0, 96.66
54389.0, 96.34
54390.0, 96.69
54391.0, 95.29
54392.0, 96.20
54393.0, 95.45
54394.0, 96.24
54395.0, 97.85
54396.0, 97.57
54397.0, 97.23
54398.0, 98.14
54399.0, 98.38
54400.0, 98.56
54401.0, 100.53
54402.0, 98.59
54403.0, 98.38
54404.0, 97.14
54405.0, 97.60
54406.0, 98.19
54407.0, 95.82
54408.0, 97.19
54409.0, 96.73
54410.0, 96.92
54411.0, 96.65
54412.0, 97.40
54413.0, 96.58
54414.0, 95.89
54415.0, 95.97
54416.0, 95.66
54417.0, 96.11
54418.0, 95.22
54419.0, 98.50
54420.0, 97.79
54421.0, 97.96
54422.0, 96.92
54423.0, 95.60
54424.0, 96.03
54425.0, 95.34
54426.0, 95.76
54427.0, 95.81
54428.0, 96.41
54429.0, 95.87
54430.0, 95.55
54431.0, 95.40
54432.0, 96.27
54433.0, 96.44
54434.0, 95.23
54435.0, 96.67
54436.0, 95.97
54437.0, 96.21
54438.0, 96.14
54439.0, 95.82
54440.0, 95.99
54441.0, 94.37
54442.0, 94.62
54443.0, 94.86
54444.0, 95.12
54445.0, 95.67
54446.0, 95.36
54447.0, 95.55
54448.0, 96.49
54449.0, 95.51
54450.0, 95.62
54451.0, 96.61
54452.0, 96.59
54453.0, 97.01
54454.0, 97.56
54455.0, 96.25
54456.0, 96.92
54457.0, 96.09
54458.0, 97.35
54459.0, 95.77
54460.0, 96.03
54461.0, 95.77
54462.0, 94.93
54463.0, 95.41
54464.0, 95.59
54465.0, 95.74
54466.0, 95.83
54467.0, 96.44
54468.0, 97.70
54469.0, 96.51
54470.0, 95.94
54471.0, 96.75
54472.0, 96.41
54473.0, 96.98
54474.0, 96.13
54475.0, 95.72
54476.0, 95.75
54477.0, 96.75
54478.0, 97.58
54479.0, 96.56
54480.0, 96.46
54481.0, 96.11
54482.0, 96.05
54483.0, 96.78
54484.0, 96.30
54485.0, 95.97
54486.0, 94.85
54487.0, 94.31
54488.0, 94.81
54489.0, 95.57
54490.0, 95.58
54491.0, 95.28
54492.0, 96.39
54493.0, 96.78
54494.0, 95.87
54495.0, 96.87
54496.0, 96.51
54497.0, 96.24
54498.0, 95.99
54499.0, 95.32
54500.0, 95.09
54501.0, 95.76
54502.0, 94.30
54503.0, 94.13
54504.0, 94.73
54505.0, 96.03
54506.0, 96.12
54507.0, 96.11
54508.0, 95.82
54509.0, 94.95
54510.0, 95.73
54511.0, 95.04
54512.0, 94.37
54513.0, 94.07
54514.0, 92.89
54515.0, 93.32
54516.0, 94.19
54517.0, 94.72
54518.0, 94.25
54519.0, 94.58
54520.0, 93.28
54521.0, 93.98
54522.0, 93.59
54523.0, 93.87
54524.0, 93.84
54525.0, 95.06
54526.0, 94.91
54527.0, 94.25
54528.0, 93.50
54529.0, 95.41
54530.0, 95.17
54531.0, 96.60
54532.0, 94.14
54533.0, 94.58
54534.0, 94.59
54535.0, 94.95
54536.0, 94.67
54537.0, 95.10
54538.0, 95.23
54539.0, 95.18
54540.0, 94.86
54541.0, 94.88
54542.0, 94.54
54543.0, 95.75
54544.0, 94.90
54545.0, 95.55
54546.0, 95.12
54547.0, 94.36
54548.0, 94.82
54549.0, 94.92
54550.0, 94.47
54551.0, 94.68
54552.0, 95.26
54553.0, 93.22
54554.0, 95.94
54555.0, 95.07
54556.0, 94.79
54557.0, 95.69
54558.0, 95.82
54559.0, 94.54
54560.0, 94.62
54561.0, 94.55
54562.0, 93.89
54563.0, 94.90
54564.0, 94.44
54565.0, 94.45
54566.0, 95.78
54567.0, 95.03
54568.0, 95.04
54569.0, 95.20
54570.0, 94.98
54571.0, 94.81
54572.0, 95.15
54573.0, 94.52
54574.0, 95.42
54575.0, 94.69
54576.0, 94.66
54577.0, 94.51
54578.0, 94.57
54579.0, 94.48
54580.0, 95.09
54581.0, 95.05
54582.0, 96.21
54583.0, 94.47
54584.0, 94.34
54585.0, 94.91
54586.0, 94.75
54587.0, 94.33
54588.0, 94.66
54589.0, 94.90
54590.0, 94.73
54591.0, 95.20
54592.0, 95.93
54593.0, 94.89
54594.0, 94.20
54595.0, 94.27
54596.0, 94.85
54597.0, 94.99
54598.0, 95.38
54599.0, 94.92
54600.0, 95.16
54601.0, 93.85
54602.0, 93.67
54603.0, 93.67
54604.0, 93.75
54605.0, 94.20
54606.0, 95.04
54607.0, 94.10
54608.0, 93.95
54609.0, 93.68
54610.0, 93.76
54611.0, 93.53
54612.0, 94.39
54613.0, 93.23
54614.0, 93.85
54615.0, 94.00
54616.0, 93.27
54617.0, 94.20
54618.0, 93.99
54619.0, 93.17
54620.0, 94.53
54621.0, 93.06
54622.0, 93.77
54623.0, 94.09
54624.0, 93.03
54625.0, 93.66
54626.0, 93.73
54627.0, 94.15
54628.0, 94.00
54629.0, 93.48
54630.0, 93.00
54631.0, 94.43
54632.0, 93.17
54633.0, 92.42
54634.0, 92.74
54635.0, 92.40
54636.0, 92.77
54637.0, 92.40
54638.0, 94.04
54639.0, 94.10
54640.0, 93.92
54641.0, 94.69
54642.0, 93.78
54643.0, 93.74
54644.0, 94.15
54645.0, 93.70
54646.0, 93.01
54647.0, 92.98
54648.0, 93.68
54649.0, 93.62
54650.0, 93.03
54651.0, 93.99
54652.0, 93.72
54653.0, 93.25
54654.0, 93.69
54655.0, 93.84
54656.0, 93.14
54657.0, 93.36
54658.0, 93.67
54659.0, 93.48
54660.0, 93.70
54661.0, 94.16
54662.0, 94.49
54663.0, 93.40
54664.0, 93.77
54665.0, 94.24
54666.0, 92.81
54667.0, 93.75
54668.0, 93.91
54669.0, 93.33
54670.0, 94.68
54671.0, 93.28
54672.0, 93.32
54673.0, 93.98
54674.0, 92.54
54675.0, 92.58
54676.0, 93.28
54677.0, 93.22
54678.0, 93.87
54679.0, 93.68
54680.0, 94.08
54681.0, 93.82
54682.0, 93.30
54683.0, 94.54
54684.0, 93.70
54685.0, 94.13
54686.0, 94.02
54687.0, 92.85
54688.0, 94.22
54689.0, 93.52
54690.0, 94.37
54691.0, 93.71
54692.0, 93.81
54693.0, 94.69
54694.0, 94.29
54695.0, 94.35
54696.0, 93.82
54697.0, 93.74
54698.0, 93.42
54699.0, 93.85
54700.0, 93.40
54701.0, 93.84
54702.0, 93.32
54703.0, 94.21
54704.0, 94.86
54705.0, 94.22
54706.0, 93.80
54707.0, 94.49
54708.0, 95.48
54709.0, 95.00
54710.0, 96.37
54711.0, 95.73
54712.0, 94.80
54713.0, 95.75
54714.0, 95.08
54715.0, 94.80
54716.0, 95.17
54717.0, 94.20
54718.0, 94.78
54719.0, 95.21
54720.0, 95.14
54721.0, 94.24
54722.0, 94.91
54723.0, 94.54
54724.0, 95.31
54725.0, 95.93
54726.0, 96.06
54727.0, 94.11
54728.0, 96.04
54729.0, 95.74
54730.0, 94.87
54731.0, 94.87
54732.0, 95.69
54733.0, 96.32
54734.0, 95.30
54735.0, 95.23
54736.0, 95.32
54737.0, 95.51
54738.0, 95.16
54739.0, 95.97
54740.0, 94.87
54741.0, 95.75
54742.0, 95.87
54743.0, 95.88
54744.0, 95.34
54745.0, 95.49
54746.0, 95.09
54747.0, 94.06
54748.0, 93.94
54749.0, 94.81
54750.0, 93.81
54751.0, 94.32
54752.0, 94.20
54753.0, 94.62
54754.0, 94.27
54755.0, 94.09
54756.0, 94.52
54757.0, 94.48
54758.0, 94.12
54759.0, 93.08
54760.0, 94.66
54761.0, 95.14
54762.0, 94.94
54763.0, 93.86
54764.0, 95.04
54765.0, 94.37
54766.0, 94.84
54767.0, 93.19
54768.0, 93.89
54769.0, 93.91
54770.0, 94.88
54771.0, 95.06
54772.0, 94.85
54773.0, 95.38
54774.0, 94.98
54775.0, 95.04
54776.0, 95.78
54777.0, 94.48
54778.0, 95.36
54779.0, 94.28
54780.0, 95.04
54781.0, 94.19
54782.0, 94.33
54783.0, 93.99
54784.0, 94.41
54785.0, 95.16
54786.0, 94.28
54787.0, 94.32
54788.0, 95.64
54789.0, 95.36
54790.0, 94.93
54791.0, 96.60
54792.0, 95.15
54793.0, 95.24
54794.0, 94.28
54795.0, 94.62
54796.0, 93.06
54797.0, 95.29
54798.0, 94.76
54799.0, 94.53
54800.0, 95.52
54801.0, 94.54
54802.0, 94.99
54803.0, 95.14
54804.0, 94.75
54805.0, 95.24
54806.0, 95.21
54807.0, 95.01
54808.0, 95.48
54809.0, 96.07
54810.0, 96.48
54811.0, 97.06
54812.0, 97.27
54813.0, 99.85
54814.0, 100.07
54815.0, 99.15
54816.0, 97.80
54817.0, 97.35
54818.0, 96.61
54819.0, 96.03
54820.0, 96.24
54821.0, 95.82
54822.0, 95.79
54823.0, 96.68
54824.0, 96.92
54825.0, 96.32
54826.0, 96.16
54827.0, 96.04
54828.0, 96.23
54829.0, 95.28
54830.0, 95.25
54831.0, 94.55
54832.0, 95.43
54833.0, 94.63
54834.0, 94.56
54835.0, 94.79
54836.0, 94.84
54837.0, 93.79
54838.0, 94.28
54839.0, 93.45
54840.0, 93.55
54841.0, 93.39
54842.0, 93.98
54843.0, 95.49
54844.0, 94.39
54845.0, 93.86
54846.0, 94.97
54847.0, 93.69
54848.0, 94.06
54849.0, 94.64
54850.0, 94.24
54851.0, 93.11
54852.0, 93.63
54853.0, 93.58
54854.0, 93.67
54855.0, 92.92
54856.0, 93.38
54857.0, 91.10
54858.0, 93.82
54859.0, 94.19
54860.0, 95.87
54861.0, 96.34
54862.0, 95.67
54863.0, 95.39
54864.0, 95.66
54865.0, 96.57
54866.0, 96.26
54867.0, 96.93
54868.0, 96.95
54869.0, 95.34
54870.0, 94.34
54871.0, 96.78
54872.0, 95.41
54873.0, 96.23
54874.0, 95.09
54875.0, 96.66
54876.0, 96.80
54877.0, 96.58
54878.0, 95.98
54879.0, 96.05
54880.0, 96.13
54881.0, 95.60
54882.0, 98.24
54883.0, 96.61
54884.0, 95.41
54885.0, 96.34
54886.0, 96.55
54887.0, 97.15
54888.0, 96.23
54889.0, 95.66
54890.0, 97.42
54891.0, 96.56
54892.0, 97.45
54893.0, 96.41
54894.0, 97.08
54895.0, 97.30
54896.0, 97.22
54897.0, 96.36
54898.0, 98.71
54899.0, 97.91
54900.0, 98.39
54901.0, 97.66
54902.0, 98.25
54903.0, 97.99
54904.0, 97.61
54905.0, 98.85
54906.0, 98.67
54907.0, 99.52
54908.0, 98.54
54909.0, 100.44
54910.0, 99.32
54911.0, 99.52
54912.0, 100.72
54913.0, 98.75
54914.0, 98.58
54915.0, 98.50
54916.0, 97.44
54917.0, 97.83
54918.0, 95.20
54919.0, 97.10
54920.0, 98.58
54921.0, 97.04
54922.0, 96.45
54923.0, 96.90
54924.0, 96.90
54925.0, 96.88
54926.0, 95.94
54927.0, 95.67
54928.0, 95.40
54929.0, 95.20
54930.0, 95.58
54931.0, 95.67
54932.0, 96.74
54933.0, 98.48
54934.0, 97.28
54935.0, 95.73
54936.0, 96.51
54937.0, 96.40
54938.0, 97.23
54939.0, 95.89
54940.0, 96.71
54941.0, 98.15
54942.0, 96.99
54943.0, 98.97
54944.0, 96.73
54945.0, 97.07
54946.0, 97.20
54947.0, 97.53
54948.0, 97.15
54949.0, 96.85
54950.0, 98.27
54951.0, 97.41
54952.0, 96.56
54953.0, 97.81
54954.0, -9999.00
54955.0, -9999.00
54956.0, -9999.00
54957.0, -9999.00
54958.0, -9999.00
54959.0, -9999.00
54960.0, -9999.00
54961.0, -9999.00
54962.0, -9999.00
54963.0, -9999.00
54964.0, -9999.00
54965.0, -9999.00
54966.0, -9999.00
54967.0, -9999.00
54968.0, -9999.00
54969.0, -9999.00
54970.0, -9999.00
54971.0, -9999.00
54972.0, -9999.00
54973.0, -9999.00
54974.0, -9999.00
54975.0, -9999.00
54976.0, -9999.00
54977.0, -9999.00
54978.0, -9999.00
54979.0, -9999.00
54980.0, 97.01
54981.0, 97.23
54982.0, 97.62
54983.0, 98.23
54984.0, 97.49
54985.0, 98.40
54986.0, 97.98
54987.0, 96.70
54988.0, 97.09
54989.0, 98.55
54990.0, 97.95
54991.0, 97.93
54992.0, 97.43
54993.0, 98.26
54994.0, 98.12
54995.0, 98.78
54996.0, 98.37
54997.0, 97.60
54998.0, 97.89
54999.0, 98.18
55000.0, 97.93
55001.0, 97.98
55002.0, 98.47
55003.0, 97.39
55004.0, 97.65
55005.0, 97.52
55006.0, 97.86
55007.0, 96.95
55008.0, 97.23
55009.0, 97.07
55010.0, 96.64
55011.0, 97.36
55012.0, 97.89
55013.0, 96.56
55014.0, 97.90
55015.0, 96.61
55016.0, 99.00
55017.0, 98.45
55018.0, 98.38
55019.0, 97.99
55020.0, 97.55
55021.0, 96.80
55022.0, 97.20
55023.0, 97.50
55024.0, 97.53
55025.0, 97.43
55026.0, 96.97
55027.0, 95.45
55028.0, 95.32
55029.0, 95.45
55030.0, 97.03
55031.0, 97.01
55032.0, 97.06
55033.0, 96.42
55034.0, 96.71
55035.0, 96.08
55036.0, 96.44
55037.0, 97.33
55038.0, 96.85
55039.0, 98.15
55040.0, 98.25
55041.0, 98.13
55042.0, 98.39
55043.0, 98.76
55044.0, 98.36
55045.0, 98.85
55046.0, 97.43
55047.0, 97.86
55048.0, 97.91
55049.0, 99.31
55050.0, 98.51
55051.0, 98.77
55052.0, 99.27
55053.0, 98.97
55054.0, 98.13
55055.0, 98.71
55056.0, 98.67
55057.0, 98.45
55058.0, 97.13
55059.0, 98.37
55060.0, 98.32
55061.0, 97.89
55062.0, 97.77
55063.0, 98.78
55064.0, 98.34
55065.0, 97.63
55066.0, 98.05
55067.0, 98.84
55068.0, 98.55
55069.0, 98.14
55070.0, 98.40
55071.0, 98.34
55072.0, 98.31
55073.0, 98.68
55074.0, 99.47
55075.0, 100.21
55076.0, 100.71
55077.0, 100.05
55078.0, 99.68
55079.0, 100.10
55080.0, 99.26
55081.0, 98.68
55082.0, 99.93
55083.0, 101.11
55084.0, 100.76
55085.0, 99.86
55086.0, 100.28
55087.0, 100.32
55088.0, 100.74
55089.0, 102.03
55090.0, 102.02
55091.0, 100.87
55092.0, 100.35
55093.0, 100.06
55094.0, 100.59
55095.0, 100.88
55096.0, 100.68
55097.0, 99.61
55098.0, 100.95
55099.0, 101.06
55100.0, 101.38
55101.0, 100.33
55102.0, 99.62
55103.0, 99.99
55104.0, 99.40
55105.0, 101.40
55106.0, 100.63
55107.0, 100.30
55108.0, 101.68
55109.0, 102.64
55110.0, 99.78
55111.0, 100.64
55112.0, 99.85
55113.0, 101.27
55114.0, 100.28
55115.0, 101.28
55116.0, 100.11
55117.0, 99.16
55118.0, 101.00
55119.0, 99.00
55120.0, 99.26
55121.0, 98.50
55122.0, 98.96
55123.0, 98.32
55124.0, 100.19
55125.0, 97.63
55126.0, 99.43
55127.0, 98.31
55128.0, 97.98
55129.0, 98.39
55130.0, 98.72
55131.0, 97.91
55132.0, 97.85
55133.0, 97.60
55134.0, 98.21
55135.0, 99.39
55136.0, 98.96
55137.0, 97.35
55138.0, 97.50
55139.0, 98.34
55140.0, 98.05
55141.0, 98.09
55142.0, 98.53
55143.0, 96.92
55144.0, 98.46
55145.0, 96.56
55146.0, 96.69
55147.0, 96.59
55148.0, 96.04
55149.0, 96.17
55150.0, 97.01
55151.0, 97.19
55152.0, 97.01
55153.0, 95.63
55154.0, 96.02
55155.0, 95.90
55156.0, 96.18
55157.0, 95.87
55158.0, 95.78
55159.0, 96.13
55160.0, 96.92
55161.0, 94.53
55162.0, 95.55
55163.0, 95.67
55164.0, 96.90
55165.0, 96.26
55166.0, 96.63
55167.0, 96.23
55168.0, 96.00
55169.0, 96.27
55170.0, 95.65
55171.0, 95.14
55172.0, 94.46
55173.0, 96.07
55174.0, 96.05
55175.0, 96.67
55176.0, 96.61
55177.0, 96.66
55178.0, 96.03
55179.0, 96.52
55180.0, 96.58
55181.0, 96.19
55182.0, 95.93
55183.0, 95.83
55184.0, 95.73
55185.0, 95.62
55186.0, 96.79
55187.0, 95.81
55188.0, 96.60
55189.0, 97.01
55190.0, 96.56
55191.0, 95.91
55192.0, 96.38
55193.0, 96.79
55194.0, 96.36
55195.0, 97.02
55196.0, 95.67
55197.0, 96.27
55198.0, 97.07
55199.0, 96.88
55200.0, 96.10
55201.0, 95.85
55202.0, 96.39
55203.0, 96.14
55204.0, 97.64
55205.0, 97.75
55206.0, 97.62
55207.0, 96.93
55208.0, 98.28
55209.0, 97.26
55210.0, 97.59
55211.0, 98.33
55212.0, 98.02
55213.0, 97.65
55214.0, 96.96
55215.0, 98.20
55216.0, 96.06
55217.0, 97.27
55218.0, 97.67
55219.0, 97.76
55220.0, 97.60
55221.0, 98.02
55222.0, 98.07
55223.0, 98.41
55224.0, 97.96
55225.0, 97.52
55226.0, 97.93
55227.0, 98.49
55228.0, 97.27
55229.0, 97.85
55230.0, 97.84
55231.0, 98.65
55232.0, 100.06
