flight/WP3D/CO_NP3_20130531_RA.ict
34, 1001
John S Holloway
CIRES/NOAA:ESRL;Chemical Sciences Division
CO instrument
SENEX 2013
1, 1
2013, 05, 31, 2013, 06, 01
1
AOCTimewave
1
1
-9999
CO_ppbv
1
computer reboot about 14:19 UTC
18
PI_CONTACT_INFO: Address: NOAA ESRL Chemical Sciences Division, Mail Stop R/CSD7, 325 Broadway, Boulder, CO 80305
PLATFORM: NOAA WP-3D N42RF
LOCATION: Second instr. check flt., MacDill AFB, Tampa, FL. Aircraft location information in AircraftPosition file.
ASSOCIATED_DATA: N/A
INSTRUMENT_INFO: VUV resonance fluorescence
DATA_INFO: Units:ppbv
UNCERTAINTY: 5%
ULOD_FLAG: -7777
ULOD_VALUE: N/A
LLOD_FLAG: -8888
LLOD_VALUE: N/A
DM_CONTACT_INFO: Data Manager:Ken Aikin; email:Kenneth.C.Aikin@noaa.gov
PROJECT_INFO: SENEX 2013 Study; June 1 - July 15, 2013
STIPULATIONS_ON_USE: Use of these data require prior ok from PI.
OTHER_COMMENTS: Second check flight
REVISION: RA
RA: Preliminary Data.  For in-field use.
AOCTimewave, CO_ppbv
[from data line 7321]
58393.0, 95.33
58394.0, 96.38
58395.0, 95.55
58396.0, 95.09
58397.0, 94.18
58398.0, 93.97
58399.0, 94.56
58400.0, 94.69
58401.0, 95.19
58402.0, 95.50
58403.0, 94.85
58404.0, 94.85
58405.0, 95.08
58406.0, 95.89
58407.0, 96.63
58408.0, 94.96
58409.0, 95.42
58410.0, 95.22
58411.0, 94.74
58412.0, 96.12
58413.0, 95.37
58414.0, 96.22
58415.0, 95.19
58416.0, 94.95
58417.0, 96.60
58418.0, 96.04
58419.0, 95.99
58420.0, 95.70
58421.0, 96.23
58422.0, 95.37
58423.0, 95.44
58424.0, 96.00
58425.0, 96.49
58426.0, 97.09
58427.0, 95.92
58428.0, 96.13
58429.0, 95.73
58430.0, 96.05
58431.0, 95.68
58432.0, 95.14
58433.0, 96.13
58434.0, 96.81
58435.0, 95.82
58436.0, 95.54
58437.0, 96.07
58438.0, 95.68
58439.0, 95.37
58440.0, 95.30
58441.0, 95.70
58442.0, 95.74
58443.0, 95.34
58444.0, 95.31
58445.0, 96.11
58446.0, 96.04
58447.0, 97.45
58448.0, 96.13
58449.0, 96.88
58450.0, 96.04
58451.0, 96.77
58452.0, 96.94
58453.0, 95.67
58454.0, 96.61
58455.0, 95.44
58456.0, 95.68
58457.0, 95.88
58458.0, 95.55
58459.0, 95.14
58460.0, 95.77
58461.0, 95.64
58462.0, 95.81
58463.0, 95.64
58464.0, 95.45
58465.0, 95.63
58466.0, 95.86
58467.0, 95.82
58468.0, 94.97
58469.0, 96.37
58470.0, 96.12
58471.0, 95.59
58472.0, 96.39
58473.0, 96.11
58474.0, -9999.00
58475.0, -9999.00
58476.0, -9999.00
58477.0, -9999.00
58478.0, -9999.00
58479.0, -9999.00
58480.0, -9999.00
58481.0, -9999.00
58482.0, -9999.00
58483.0, -9999.00
58484.0, -9999.00
58485.0, -9999.00
58486.0, -9999.00
58487.0, -9999.00
58488.0, -9999.00
58489.0, -9999.00
58490.0, -9999.00
58491.0, -9999.00
58492.0, -9999.00
58493.0, -9999.00
58494.0, -9999.00
58495.0, -9999.00
58496.0, -9999.00
58497.0, -9999.00
58498.0, -9999.00
58499.0, -9999.00
58500.0, 97.28
58501.0, 96.81
58502.0, 99.06
58503.0, 99.10
58504.0, 98.33
58505.0, 98.51
58506.0, 98.79
58507.0, 99.67
58508.0, 99.50
58509.0, 98.54
58510.0, 97.05
58511.0, 96.29
58512.0, 96.92
58513.0, 96.95
58514.0, 97.90
58515.0, 95.89
58516.0, 96.17
58517.0, 95.58
58518.0, 95.79
58519.0, 95.59
58520.0, 94.49
58521.0, 95.19
58522.0, 96.82
58523.0, 95.73
58524.0, 96.42
58525.0, 95.95
58526.0, 94.31
58527.0, 95.82
58528.0, 96.30
58529.0, 96.32
58530.0, 96.72
58531.0, 96.36
58532.0, 96.12
58533.0, 96.87
58534.0, 96.30
58535.0, 96.60
58536.0, 96.71
58537.0, 96.02
58538.0, 96.32
58539.0, 96.20
58540.0, 96.97
58541.0, 96.24
58542.0, 95.62
58543.0, 95.30
58544.0, 95.17
58545.0, 93.92
58546.0, 94.37
58547.0, 93.45
58548.0, 94.42
58549.0, 93.71
58550.0, 94.26
58551.0, 94.43
58552.0, 93.55
58553.0, 94.68
58554.0, 96.22
58555.0, 97.11
58556.0, 96.58
58557.0, 98.30
58558.0, 97.56
58559.0, 97.84
58560.0, 96.85
58561.0, 97.37
58562.0, 97.79
58563.0, 97.05
58564.0, 96.32
58565.0, 98.05
58566.0, 97.06
58567.0, 96.59
58568.0, 97.69
58569.0, 97.16
58570.0, 97.16
58571.0, 97.42
58572.0, 96.03
58573.0, 97.66
58574.0, 98.32
58575.0, 99.41
58576.0, 99.81
58577.0, 99.61
58578.0, 98.67
58579.0, 98.83
58580.0, 98.96
58581.0, 99.10
58582.0, 98.49
58583.0, 98.53
58584.0, 97.95
58585.0, 99.48
58586.0, 100.67
58587.0, 100.97
58588.0, 100.75
58589.0, 100.51
58590.0, 99.39
58591.0, 100.30
58592.0, 100.45
58593.0, 100.26
58594.0, 100.02
58595.0, 99.63
58596.0, 100.93
58597.0, 99.92
58598.0, 98.55
58599.0, 98.17
58600.0, 99.81
58601.0, 98.44
58602.0, 98.82
58603.0, 98.33
58604.0, 98.19
58605.0, 98.18
58606.0, 97.77
58607.0, 98.15
58608.0, 98.77
58609.0, 98.71
58610.0, 97.56
58611.0, 98.40
58612.0, 97.83
58613.0, 98.70
58614.0, 99.34
58615.0, 98.41
58616.0, 97.66
58617.0, 98.85
58618.0, 98.47
58619.0, 97.13
58620.0, 98.02
58621.0, 98.23
58622.0, 97.94
58623.0, 98.18
58624.0, 97.86
58625.0, 97.88
58626.0, 98.65
58627.0, 97.64
58628.0, 98.15
58629.0, 98.22
58630.0, 97.60
58631.0, 98.49
58632.0, 98.76
58633.0, 97.81
58634.0, 98.24
58635.0, 98.80
58636.0, 98.55
58637.0, 98.79
58638.0, 97.72
58639.0, 98.81
58640.0, 98.46
58641.0, 98.41
58642.0, 98.51
58643.0, 97.67
58644.0, 98.94
58645.0, 99.34
58646.0, 97.64
58647.0, 97.82
58648.0, 97.35
58649.0, 98.65
58650.0, 98.53
58651.0, 98.76
58652.0, 98.98
58653.0, 99.30
58654.0, 97.92
58655.0, 98.59
58656.0, 98.58
58657.0, 98.91
58658.0, 99.36
58659.0, 98.59
58660.0, 98.22
58661.0, 96.97
58662.0, 97.69
58663.0, 97.68
58664.0, 97.10
58665.0, 96.79
58666.0, 96.54
58667.0, 96.35
58668.0, 99.96
58669.0, 100.59
58670.0, 97.52
58671.0, 97.84
58672.0, 102.39
58673.0, 102.84
58674.0, 102.38
58675.0, 102.09
58676.0, 102.12
58677.0, 103.44
58678.0, 103.43
58679.0, 105.19
58680.0, 104.10
58681.0, 104.23
58682.0, 104.55
58683.0, 103.82
58684.0, 105.65
58685.0, 104.43
58686.0, 102.66
58687.0, 103.94
58688.0, 104.15
58689.0, 103.75
58690.0, 101.85
58691.0, 101.77
58692.0, 100.82
58693.0, 103.42
58694.0, 102.36
58695.0, 103.06
58696.0, 102.61
58697.0, 102.19
58698.0, 102.36
58699.0, 102.84
58700.0, 101.73
58701.0, 100.31
58702.0, 101.93
58703.0, 100.48
58704.0, 100.26
58705.0, 101.19
58706.0, 99.07
58707.0, 99.96
58708.0, 100.97
58709.0, 100.75
58710.0, 100.54
58711.0, 100.95
58712.0, 100.74
58713.0, 100.29
58714.0, 100.05
58715.0, 101.60
58716.0, 99.63
58717.0, 100.79
58718.0, 101.26
58719.0, 100.13
58720.0, 100.68
58721.0, 100.45
58722.0, 101.01
58723.0, 100.60
58724.0, 100.41
58725.0, 101.96
58726.0, 100.84
58727.0, 101.06
58728.0, 101.08
58729.0, 100.29
58730.0, 101.18
58731.0, 100.92
58732.0, 100.33
58733.0, 100.26
58734.0, 100.15
58735.0, 100.39
58736.0, 100.49
58737.0, 100.23
58738.0, 99.93
58739.0, 99.96
58740.0, 99.18
58741.0, 100.88
58742.0, 100.68
58743.0, 100.47
58744.0, 100.82
58745.0, 100.76
58746.0, 100.93
58747.0, 101.16
58748.0, 100.76
58749.0, 100.53
58750.0, 100.75
58751.0, 100.42
58752.0, 99.92
58753.0, 99.68
58754.0, 99.96
58755.0, 98.93
58756.0, 100.26
58757.0, 99.71
58758.0, 99.46
58759.0, 100.39
58760.0, 100.84
58761.0, 100.91
58762.0, 100.54
58763.0, 100.05
58764.0, 99.36
58765.0, 100.07
58766.0, 99.49
58767.0, 100.21
58768.0, 99.71
58769.0, 100.71
58770.0, 100.95
58771.0, 101.15
58772.0, 101.34
58773.0, 103.12
58774.0, 102.41
58775.0, 102.09
58776.0, 100.83
58777.0, 101.83
58778.0, 101.69
58779.0, 101.70
58780.0, 100.62
58781.0, 100.90
58782.0, 100.83
58783.0, 101.77
58784.0, 101.27
58785.0, 100.15
58786.0, 101.20
58787.0, 101.54
58788.0, 100.66
58789.0, 100.89
58790.0, 100.87
58791.0, 100.21
58792.0, 101.03
58793.0, 100.71
58794.0, 100.76
58795.0, 102.80
58796.0, 102.91
58797.0, 101.35
58798.0, 102.39
58799.0, 100.87
58800.0, 101.88
58801.0, 103.09
58802.0, 101.97
58803.0, 102.35
58804.0, 101.22
58805.0, 102.04
58806.0, 101.97
58807.0, 102.49
58808.0, 102.41
58809.0, 102.37
58810.0, 102.48
58811.0, 101.95
58812.0, 103.38
58813.0, 102.39
58814.0, 102.20
58815.0, 102.96
58816.0, 103.12
58817.0, 103.07
58818.0, 102.56
58819.0, 102.81
58820.0, 102.01
58821.0, 101.56
58822.0, 102.76
58823.0, 100.93
58824.0, 101.33
58825.0, 102.15
58826.0, 101.55
58827.0, 101.97
58828.0, 103.35
58829.0, 102.98
58830.0, 102.60
58831.0, 101.38
58832.0, 102.47
58833.0, 103.04
58834.0, 103.68
58835.0, 104.80
58836.0, 104.48
58837.0, 103.52
58838.0, 104.87
58839.0, 104.65
58840.0, 105.16
58841.0, 105.50
58842.0, 105.13
58843.0, 103.83
58844.0, 104.51
58845.0, 104.64
58846.0, 102.33
58847.0, 102.58
58848.0, 103.37
58849.0, 103.52
58850.0, 104.57
58851.0, 104.76
58852.0, 104.86
58853.0, 104.64
58854.0, 103.80
58855.0, 105.29
58856.0, 105.15
58857.0, 104.35
58858.0, 104.74
58859.0, 104.13
58860.0, 104.98
58861.0, 104.38
58862.0, 106.19
58863.0, 107.27
58864.0, 106.03
58865.0, 107.03
58866.0, 106.85
58867.0, 106.66
58868.0, 105.52
58869.0, 104.85
58870.0, 105.05
58871.0, 106.21
58872.0, 103.55
58873.0, 105.48
58874.0, 104.51
58875.0, 103.58
58876.0, 103.80
58877.0, 103.57
58878.0, 103.18
58879.0, 103.26
58880.0, 104.00
58881.0, 103.55
58882.0, 103.15
58883.0, 102.82
58884.0, 101.53
58885.0, 101.02
58886.0, 101.93
58887.0, 102.50
58888.0, 102.00
58889.0, 102.53
58890.0, 102.31
58891.0, 103.13
58892.0, 102.15
58893.0, 102.91
58894.0, 102.50
58895.0, 102.99
58896.0, 103.16
58897.0, 100.95
58898.0, 101.66
58899.0, 103.42
58900.0, 103.25
58901.0, 102.39
58902.0, 101.83
58903.0, 102.78
58904.0, 101.54
58905.0, 102.37
58906.0, 101.74
58907.0, 101.48
58908.0, 101.98
58909.0, 101.07
58910.0, 101.48
58911.0, 102.06
58912.0, 103.87
58913.0, 104.50
58914.0, 104.04
58915.0, 103.14
58916.0, 102.90
58917.0, 101.36
58918.0, 102.11
58919.0, 102.01
58920.0, 101.76
58921.0, 102.49
58922.0, 102.13
58923.0, 103.62
58924.0, 106.44
58925.0, 105.65
58926.0, 105.17
58927.0, 104.01
58928.0, 103.08
58929.0, 104.03
58930.0, 104.56
58931.0, 105.29
58932.0, 106.23
58933.0, 108.12
58934.0, 109.75
58935.0, 107.38
58936.0, 107.13
58937.0, 107.31
58938.0, 106.21
58939.0, 105.57
58940.0, 106.22
58941.0, 104.98
58942.0, 105.25
58943.0, 106.77
58944.0, 106.28
58945.0, 104.93
58946.0, 104.92
58947.0, 103.55
58948.0, 103.86
58949.0, 104.19
58950.0, 104.29
58951.0, 103.78
58952.0, 105.20
58953.0, 106.88
58954.0, 104.70
58955.0, 105.00
58956.0, 104.59
58957.0, 105.01
58958.0, 104.54
58959.0, 106.13
58960.0, 104.07
58961.0, 104.86
58962.0, 106.68
58963.0, 106.46
58964.0, 105.48
58965.0, 105.35
58966.0, 105.09
58967.0, 104.98
58968.0, 104.35
58969.0, 104.39
58970.0, 104.63
58971.0, 105.66
58972.0, 106.91
58973.0, 106.32
58974.0, 106.86
58975.0, 106.76
58976.0, 105.86
58977.0, 106.04
58978.0, 107.35
58979.0, 107.59
58980.0, 107.04
58981.0, 106.99
58982.0, 106.20
58983.0, 106.73
58984.0, 106.49
58985.0, 106.50
58986.0, 106.22
58987.0, 106.82
58988.0, 105.82
58989.0, 106.61
58990.0, 106.80
58991.0, 106.34
58992.0, 106.41
58993.0, 106.13
58994.0, 106.27
58995.0, 106.14
58996.0, 106.01
58997.0, 105.89
58998.0, 105.96
58999.0, 104.69
59000.0, 105.26
59001.0, 105.17
59002.0, 105.50
59003.0, 105.14
59004.0, 104.95
59005.0, 103.86
59006.0, 104.07
59007.0, 103.83
59008.0, 103.38
59009.0, 102.65
59010.0, 103.15
59011.0, 103.47
59012.0, 102.97
59013.0, 103.17
59014.0, 104.26
59015.0, 105.79
59016.0, 106.03
59017.0, 106.03
59018.0, 106.68
59019.0, 105.62
59020.0, 105.39
59021.0, 105.01
59022.0, 105.78
59023.0, 105.99
59024.0, 105.30
59025.0, 105.62
59026.0, 104.12
59027.0, 105.13
59028.0, 104.05
59029.0, 102.87
59030.0, 103.40
59031.0, 103.43
59032.0, 104.87
59033.0, 104.19
59034.0, 103.42
59035.0, 104.33
59036.0, 106.32
59037.0, 105.23
59038.0, 105.09
59039.0, 105.01
59040.0, 104.74
59041.0, 104.84
59042.0, 103.45
59043.0, 105.53
59044.0, 107.06
59045.0, 105.80
59046.0, 104.60
59047.0, 106.00
59048.0, 105.60
59049.0, 103.94
59050.0, 105.02
59051.0, 103.43
59052.0, 104.15
59053.0, 103.99
59054.0, 104.57
59055.0, 103.04
59056.0, 103.18
59057.0, 103.33
59058.0, 104.01
59059.0, 104.57
59060.0, 104.49
59061.0, 104.66
59062.0, 104.15
59063.0, 104.90
59064.0, 105.81
59065.0, 103.77
59066.0, 104.49
59067.0, 105.05
59068.0, 104.30
59069.0, 104.01
59070.0, 104.44
59071.0, 104.05
59072.0, 103.64
59073.0, 103.76
59074.0, 103.31
59075.0, 104.41
59076.0, 103.25
59077.0, 103.43
59078.0, 103.25
59079.0, 103.19
59080.0, 103.30
59081.0, 103.55
59082.0, 103.09
59083.0, 102.51
59084.0, 102.72
59085.0, 102.04
59086.0, 101.44
59087.0, 103.11
59088.0, 102.54
59089.0, 103.16
59090.0, 102.85
59091.0, 102.32
59092.0, 103.03
59093.0, 103.26
59094.0, 102.71
59095.0, 103.27
59096.0, 102.66
59097.0, 101.97
59098.0, 102.13
59099.0, 102.58
59100.0, 102.59
59101.0, 102.10
59102.0, 102.14
59103.0, 101.59
59104.0, 103.01
59105.0, 102.27
59106.0, 104.31
59107.0, 103.02
59108.0, 102.88
59109.0, 103.24
59110.0, 103.98
59111.0, 103.79
59112.0, 101.83
59113.0, 103.81
59114.0, 104.39
59115.0, 103.99
59116.0, 104.61
59117.0, 104.53
59118.0, 103.47
59119.0, 103.85
59120.0, 103.30
59121.0, 102.73
59122.0, 104.46
59123.0, 104.61
59124.0, 103.54
59125.0, 103.57
59126.0, 104.07
59127.0, 103.51
59128.0, 104.13
59129.0, 103.02
59130.0, 104.34
59131.0, 103.71
59132.0, 104.21
59133.0, 104.02
59134.0, 104.56
59135.0, 104.95
59136.0, 103.28
59137.0, 103.80
59138.0, 102.70
59139.0, 102.13
59140.0, 103.53
59141.0, 103.49
59142.0, 102.82
59143.0, 103.85
59144.0, 102.64
59145.0, 103.50
59146.0, 103.99
59147.0, 102.97
59148.0, 104.19
59149.0, 102.87
59150.0, 102.81
59151.0, 102.81
59152.0, 103.27
59153.0, 103.48
59154.0, 104.16
59155.0, 104.26
59156.0, 104.17
59157.0, 104.77
59158.0, 104.02
59159.0, 104.44
59160.0, 104.47
59161.0, 105.18
59162.0, 104.09
59163.0, 103.68
59164.0, 104.62
59165.0, 103.83
59166.0, 103.46
59167.0, 103.38
59168.0, 103.55
59169.0, 103.43
59170.0, 104.01
59171.0, 104.12
59172.0, 103.78
59173.0, 103.60
59174.0, 104.24
59175.0, 104.00
59176.0, 103.99
59177.0, 103.68
59178.0, 103.87
59179.0, 104.04
59180.0, 104.19
59181.0, 103.48
59182.0, 103.89
59183.0, 105.33
59184.0, 103.68
59185.0, 104.33
59186.0, 105.16
59187.0, 104.12
59188.0, 104.32
59189.0, 104.22
59190.0, 104.29
59191.0, 102.81
59192.0, 104.45
59193.0, 103.23
59194.0, 103.36
59195.0, 104.37
59196.0, 105.13
59197.0, 103.87
59198.0, 104.38
59199.0, 103.96
59200.0, 103.33
59201.0, 103.71
59202.0, 103.67
59203.0, 103.59
59204.0, 103.81
59205.0, 104.27
59206.0, 104.91
59207.0, 104.97
59208.0, 106.10
59209.0, 105.85
59210.0, 105.28
59211.0, 105.91
59212.0, 105.09
59213.0, 103.70
59214.0, 104.23
59215.0, 104.82
59216.0, 105.14
59217.0, 105.12
59218.0, 104.51
59219.0, 104.73
59220.0, 105.35
59221.0, 104.52
59222.0, 105.31
59223.0, 105.50
59224.0, 103.81
59225.0, 105.38
59226.0, 106.38
59227.0, 105.41
59228.0, 105.48
59229.0, 106.02
59230.0, 105.62
59231.0, 105.43
59232.0, 105.06
59233.0, 104.57
59234.0, 104.26
59235.0, 104.29
59236.0, 104.67
59237.0, 104.88
59238.0, 103.78
59239.0, 104.54
59240.0, 104.36
59241.0, 104.27
59242.0, 105.09
59243.0, 105.48
59244.0, 105.00
59245.0, 105.44
59246.0, 105.34
59247.0, 105.29
59248.0, 105.02
59249.0, 104.26
59250.0, 103.11
59251.0, 104.30
59252.0, 104.43
59253.0, 105.57
59254.0, 106.19
59255.0, 106.01
59256.0, 105.35
59257.0, 106.03
59258.0, 106.48
59259.0, 106.63
59260.0, 104.79
59261.0, 105.25
59262.0, 106.16
59263.0, 106.21
59264.0, 104.77
59265.0, 105.19
59266.0, 106.41
59267.0, 106.41
59268.0, 106.68
59269.0, 105.93
59270.0, 106.59
59271.0, 105.45
59272.0, 105.28
59273.0, 106.63
59274.0, 106.32
59275.0, 106.52
59276.0, 106.89
59277.0, 107.34
59278.0, 106.05
59279.0, 107.04
59280.0, 106.33
59281.0, 105.03
59282.0, 105.67
59283.0, 105.39
59284.0, 105.63
59285.0, 106.46
59286.0, 105.67
59287.0, 105.04
59288.0, 105.94
59289.0, 106.14
59290.0, 106.86
59291.0, 105.18
59292.0, 106.96
59293.0, 105.61
59294.0, 105.70
59295.0, 104.83
59296.0, 104.11
59297.0, 105.81
59298.0, 106.26
59299.0, 105.51
59300.0, 105.09
59301.0, 104.69
59302.0, 104.61
59303.0, 104.86
59304.0, 105.05
59305.0, 105.43
59306.0, 105.18
59307.0, 105.47
59308.0, 104.26
59309.0, 104.84
59310.0, 105.01
59311.0, 106.01
59312.0, 104.12
59313.0, 105.71
59314.0, 104.64
59315.0, 103.95
59316.0, 105.02
59317.0, 104.85
59318.0, 105.83
59319.0, 105.94
59320.0, 105.48
59321.0, 104.61
59322.0, 105.42
59323.0, 104.46
59324.0, 106.65
59325.0, 110.80
59326.0, 114.05
59327.0, 116.00
59328.0, 119.44
59329.0, 117.53
59330.0, 111.58
59331.0, 108.20
59332.0, 108.28
59333.0, 112.23
59334.0, 113.59
59335.0, 111.71
59336.0, 109.84
59337.0, 113.46
59338.0, 112.96
59339.0, 111.36
59340.0, 115.61
59341.0, 117.57
59342.0, 118.28
59343.0, 117.95
59344.0, 116.44
59345.0, 112.55
59346.0, 112.56
59347.0, 111.31
59348.0, 109.59
59349.0, 110.04
59350.0, 112.82
59351.0, 110.29
59352.0, 107.59
59353.0, 107.01
59354.0, -9999.00
59355.0, -9999.00
59356.0, -9999.00
59357.0, -9999.00
59358.0, -9999.00
59359.0, -9999.00
59360.0, -9999.00
59361.0, -9999.00
59362.0, -9999.00
59363.0, -9999.00
59364.0, -9999.00
59365.0, -9999.00
59366.0, -9999.00
59367.0, -9999.00
59368.0, -9999.00
59369.0, -9999.00
59370.0, -9999.00
59371.0, -9999.00
59372.0, -9999.00
59373.0, -9999.00
59374.0, -9999.00
59375.0, -9999.00
59376.0, -9999.00
59377.0, -9999.00
59378.0, -9999.00
59379.0, -9999.00
59380.0, 104.13
59381.0, 105.60
59382.0, 105.52
59383.0, 105.61
59384.0, 105.48
59385.0, 105.38
59386.0, 105.63
59387.0, 105.59
59388.0, 106.35
