flight/WP3D/CO_NP3_20130531_RA.ict
34, 1001
John S Holloway
CIRES/NOAA:ESRL;Chemical Sciences Division
CO instrument
SENEX 2013
1, 1
2013, 05, 31, 2013, 06, 01
1
AOCTimewave
1
1
-9999
CO_ppbv
1
computer reboot about 14:19 UTC
18
PI_CONTACT_INFO: Address: NOAA ESRL Chemical Sciences Division, Mail Stop R/CSD7, 325 Broadway, Boulder, CO 80305
PLATFORM: NOAA WP-3D N42RF
LOCATION: Second instr. check flt., MacDill AFB, Tampa, FL. Aircraft location information in AircraftPosition file.
ASSOCIATED_DATA: N/A
INSTRUMENT_INFO: VUV resonance fluorescence
DATA_INFO: Units:ppbv
UNCERTAINTY: 5%
ULOD_FLAG: -7777
ULOD_VALUE: N/A
LLOD_FLAG: -8888
LLOD_VALUE: N/A
DM_CONTACT_INFO: Data Manager:Ken Aikin; email:Kenneth.C.Aikin@noaa.gov
PROJECT_INFO: SENEX 2013 Study; June 1 - July 15, 2013
STIPULATIONS_ON_USE: Use of these data require prior ok from PI.
OTHER_COMMENTS: Second check flight
REVISION: RA
RA: Preliminary Data.  For in-field use.
AOCTimewave, CO_ppbv
51072.0, -9999.00
51073.0, -9999.00
51074.0, -9999.00
51075.0, -9999.00
51076.0, -9999.00
51077.0, -9999.00
51078.0, -9999.00
51079.0, -9999.00
51080.0, -9999.00
51081.0, -9999.00
51082.0, -9999.00
51083.0, -9999.00
51084.0, -9999.00
51085.0, -9999.00
51086.0, -9999.00
51087.0, -9999.00
51088.0, -9999.00
51089.0, -9999.00
51090.0, -9999.00
51091.0, -9999.00
51092.0, -9999.00
51093.0, -9999.00
51094.0, 90.72
51095.0, 93.06
51096.0, 90.59
51097.0, 90.39
51098.0, 91.75
51099.0, 93.20
51100.0, 90.79
51101.0, 88.20
51102.0, 87.29
51103.0, 88.60
51104.0, 88.69
51105.0, 88.17
51106.0, 88.09
51107.0, 88.49
51108.0, 88.95
51109.0, 88.42
51110.0, 88.86
51111.0, 88.22
51112.0, 87.97
51113.0, 87.68
51114.0, 88.05
51115.0, 88.49
51116.0, 87.24
51117.0, 88.27
51118.0, 87.84
51119.0, 87.58
51120.0, 88.99
51121.0, 89.25
51122.0, 88.24
51123.0, 88.15
51124.0, 88.64
51125.0, 89.22
51126.0, 88.55
51127.0, 89.54
51128.0, 89.25
51129.0, 89.54
51130.0, 88.73
51131.0, 89.45
51132.0, 87.70
51133.0, 89.11
51134.0, 87.58
51135.0, 89.33
51136.0, 88.92
51137.0, 88.83
51138.0, 88.71
51139.0, 89.45
51140.0, 87.10
51141.0, 88.80
51142.0, 89.19
51143.0, 88.43
51144.0, 88.43
51145.0, 89.35
51146.0, 88.87
51147.0, 89.23
51148.0, 88.94
51149.0, 88.13
51150.0, 88.37
51151.0, 88.35
51152.0, 88.02
51153.0, 87.91
51154.0, 89.37
51155.0, 88.88
51156.0, 89.18
51157.0, 88.59
51158.0, 89.26
51159.0, 87.84
51160.0, 88.57
51161.0, 88.17
51162.0, 88.51
51163.0, 88.06
51164.0, 89.50
51165.0, 88.25
51166.0, 88.56
51167.0, 89.47
51168.0, 88.92
51169.0, 87.59
51170.0, 87.04
51171.0, 88.53
51172.0, 88.64
51173.0, 87.56
51174.0, 87.41
51175.0, 88.56
51176.0, 87.64
51177.0, 88.28
51178.0, 86.84
51179.0, 87.01
51180.0, 87.46
51181.0, 88.51
51182.0, 88.59
51183.0, 89.25
51184.0, 87.07
51185.0, 87.30
51186.0, 86.33
51187.0, 87.03
51188.0, 87.06
51189.0, 87.50
51190.0, 86.84
51191.0, 86.10
51192.0, 85.60
51193.0, 86.85
51194.0, 87.33
51195.0, 87.56
51196.0, 87.22
51197.0, 88.56
51198.0, 87.55
51199.0, 87.07
51200.0, 88.50
51201.0, 89.92
51202.0, 88.38
51203.0, 89.50
51204.0, 88.43
51205.0, 88.66
51206.0, 87.13
51207.0, 87.51
51208.0, 85.50
51209.0, 85.32
51210.0, 87.24
51211.0, 86.96
51212.0, 85.93
51213.0, 85.11
51214.0, 86.43
51215.0, 84.46
51216.0, 85.55
51217.0, 85.14
51218.0, 85.16
51219.0, 85.95
51220.0, 84.76
51221.0, 85.19
51222.0, 84.90
51223.0, 84.94
51224.0, 85.17
51225.0, 85.42
51226.0, 85.05
51227.0, 85.71
51228.0, 84.89
51229.0, 84.46
51230.0, 85.35
51231.0, 85.39
51232.0, 85.76
51233.0, 85.68
51234.0, 85.87
51235.0, 87.10
51236.0, 85.87
51237.0, 84.86
51238.0, 85.01
51239.0, 83.89
51240.0, 83.77
51241.0, 84.28
51242.0, 84.31
51243.0, 83.42
51244.0, 83.02
51245.0, 84.85
51246.0, 85.10
51247.0, 84.76
51248.0, 83.68
51249.0, 84.36
51250.0, 85.28
51251.0, 85.13
51252.0, 85.15
51253.0, 85.72
51254.0, 85.65
51255.0, 84.14
51256.0, 83.85
51257.0, 84.23
51258.0, 83.99
51259.0, 84.08
51260.0, 82.19
51261.0, 83.90
51262.0, 84.39
51263.0, 84.53
51264.0, 83.67
51265.0, 83.55
51266.0, 83.23
51267.0, 83.56
51268.0, 83.83
51269.0, 83.32
51270.0, 85.43
51271.0, 84.91
51272.0, 84.22
51273.0, 84.11
51274.0, 83.10
51275.0, 83.71
51276.0, 84.82
51277.0, 83.76
51278.0, 83.00
51279.0, 84.28
51280.0, 83.00
51281.0, 84.93
51282.0, 84.05
51283.0, 83.64
51284.0, 83.80
51285.0, 85.41
51286.0, 85.65
51287.0, 84.53
51288.0, 83.76
51289.0, 83.47
51290.0, 84.36
51291.0, 84.89
51292.0, 84.06
51293.0, 84.68
51294.0, 85.44
51295.0, 85.40
51296.0, 85.69
51297.0, 84.92
51298.0, 84.66
51299.0, 85.16
51300.0, 85.33
51301.0, 85.00
51302.0, 84.30
51303.0, 85.54
51304.0, 84.62
51305.0, 85.19
51306.0, 84.97
51307.0, 84.96
51308.0, 84.42
51309.0, 85.51
51310.0, 85.42
51311.0, 85.29
51312.0, 85.38
51313.0, 85.20
51314.0, 84.45
51315.0, 84.86
51316.0, 84.83
51317.0, 85.65
51318.0, 84.67
51319.0, 85.37
51320.0, 83.99
51321.0, 84.29
51322.0, 84.77
51323.0, 85.20
51324.0, 84.19
51325.0, 85.48
51326.0, 84.67
51327.0, 84.18
51328.0, 85.60
51329.0, 86.48
51330.0, 86.42
51331.0, 85.35
51332.0, 84.49
51333.0, 84.99
51334.0, 85.51
51335.0, 84.25
51336.0, 84.62
51337.0, 84.87
51338.0, 84.41
51339.0, 84.69
51340.0, 85.11
51341.0, 84.83
51342.0, 85.49
51343.0, 84.29
51344.0, 84.14
51345.0, 85.22
51346.0, 85.30
51347.0, 85.28
51348.0, 85.24
51349.0, 85.34
51350.0, 85.66
51351.0, 84.65
51352.0, 85.40
51353.0, 84.50
51354.0, 85.08
51355.0, 84.35
51356.0, 85.34
51357.0, 85.06
51358.0, 84.46
51359.0, 84.29
51360.0, 85.41
51361.0, 84.80
51362.0, 84.50
51363.0, 84.68
51364.0, 84.69
51365.0, 85.10
51366.0, 84.71
51367.0, 84.63
51368.0, 85.00
51369.0, 85.82
51370.0, 84.16
51371.0, 83.98
51372.0, 84.50
51373.0, 84.71
51374.0, 84.62
51375.0, 84.58
51376.0, 86.20
51377.0, 85.14
51378.0, 84.03
51379.0, 84.45
51380.0, 85.28
51381.0, 84.91
51382.0, 84.55
51383.0, 85.24
51384.0, 84.02
51385.0, 84.47
51386.0, 84.46
51387.0, 85.02
51388.0, 83.78
51389.0, 84.47
51390.0, 84.48
51391.0, 85.42
51392.0, 84.43
51393.0, 85.31
51394.0, 84.16
51395.0, 84.05
51396.0, 85.05
51397.0, 84.69
51398.0, 84.06
51399.0, 84.31
51400.0, 85.28
51401.0, 84.38
51402.0, 84.38
51403.0, 84.32
51404.0, 84.16
51405.0, 84.20
51406.0, 83.64
51407.0, 84.26
51408.0, 85.34
51409.0, 84.89
51410.0, 84.38
51411.0, 84.89
51412.0, 84.80
51413.0, 85.27
51414.0, 84.67
51415.0, 83.86
51416.0, 84.10
51417.0, 84.59
51418.0, 84.34
51419.0, 86.34
51420.0, 85.50
51421.0, 85.88
51422.0, 84.78
51423.0, 84.60
51424.0, 84.88
51425.0, 83.86
51426.0, 83.56
51427.0, 84.43
51428.0, 85.30
51429.0, 84.55
51430.0, 84.94
51431.0, 84.82
51432.0, 87.65
51433.0, 89.29
51434.0, 91.11
51435.0, 90.52
51436.0, 91.35
51437.0, 91.18
51438.0, 90.91
51439.0, 91.13
51440.0, 90.90
51441.0, 91.72
51442.0, 91.27
51443.0, 91.61
51444.0, 90.30
51445.0, 91.53
51446.0, 91.38
51447.0, 90.34
51448.0, 91.46
51449.0, 90.43
51450.0, 91.06
51451.0, 90.93
51452.0, 91.24
51453.0, 91.16
51454.0, 91.73
51455.0, 91.24
51456.0, 90.57
51457.0, 92.00
51458.0, 90.19
51459.0, 91.36
51460.0, 91.68
51461.0, 91.03
51462.0, 91.82
51463.0, 91.62
51464.0, 91.48
51465.0, 92.39
51466.0, 91.54
51467.0, 90.35
51468.0, 90.84
51469.0, 90.46
51470.0, 90.78
51471.0, 90.49
51472.0, 90.77
51473.0, 91.28
51474.0, 91.28
51475.0, 89.87
51476.0, 89.98
51477.0, 87.91
51478.0, 88.89
51479.0, 88.25
51480.0, 87.54
51481.0, 88.42
51482.0, 86.50
51483.0, 84.22
51484.0, 83.76
51485.0, 82.59
51486.0, 82.57
51487.0, 82.27
51488.0, 83.34
51489.0, 82.36
51490.0, 82.97
51491.0, 82.07
51492.0, 83.11
51493.0, 81.99
51494.0, 81.71
51495.0, 81.40
51496.0, 81.13
51497.0, 81.68
51498.0, 82.17
51499.0, 81.97
51500.0, 82.39
51501.0, 81.87
51502.0, 81.75
51503.0, 81.61
51504.0, 82.42
51505.0, 81.65
51506.0, 81.73
51507.0, 82.55
51508.0, 82.09
51509.0, 82.42
51510.0, 82.39
51511.0, 81.97
51512.0, 81.38
51513.0, 81.83
51514.0, 82.94
51515.0, 81.73
51516.0, 81.81
51517.0, 82.41
51518.0, 82.54
51519.0, 82.23
51520.0, 82.57
51521.0, 82.85
51522.0, -9999.00
51523.0, -9999.00
51524.0, -9999.00
51525.0, -9999.00
51526.0, -9999.00
51527.0, -9999.00
51528.0, -9999.00
51529.0, -9999.00
51530.0, -9999.00
51531.0, -9999.00
51532.0, -9999.00
51533.0, -9999.00
51534.0, -9999.00
51535.0, -9999.00
51536.0, -9999.00
51537.0, -9999.00
51538.0, -9999.00
51539.0, -9999.00
51540.0, -9999.00
51541.0, -9999.00
51542.0, -9999.00
51543.0, -9999.00
51544.0, -9999.00
51545.0, -9999.00
51546.0, -9999.00
51547.0, -9999.00
51548.0, -9999.00
51549.0, -9999.00
51550.0, -9999.00
51551.0, -9999.00
51552.0, -9999.00
51553.0, -9999.00
51554.0, -9999.00
51555.0, -9999.00
51556.0, -9999.00
51557.0, -9999.00
51558.0, -9999.00
51559.0, -9999.00
51560.0, -9999.00
51561.0, -9999.00
51562.0, -9999.00
51563.0, -9999.00
51564.0, -9999.00
51565.0, -9999.00
51566.0, -9999.00
51567.0, -9999.00
51568.0, -9999.00
51569.0, -9999.00
51570.0, -9999.00
51571.0, -9999.00
51572.0, -9999.00
51573.0, -9999.00
51574.0, -9999.00
51575.0, -9999.00
51576.0, -9999.00
51577.0, -9999.00
51578.0, -9999.00
51579.0, -9999.00
51580.0, -9999.00
51581.0, -9999.00
51582.0, -9999.00
51583.0, -9999.00
51584.0, -9999.00
51585.0, -9999.00
51586.0, -9999.00
51587.0, -9999.00
51588.0, -9999.00
51589.0, -9999.00
51590.0, -9999.00
51591.0, -9999.00
51592.0, -9999.00
51593.0, -9999.00
51594.0, -9999.00
51595.0, 83.68
51596.0, -9999.00
51597.0, 82.26
51598.0, 81.90
51599.0, 82.76
51600.0, 83.22
51601.0, -9999.00
51602.0, -9999.00
51603.0, -9999.00
51604.0, -9999.00
51605.0, -9999.00
51606.0, -9999.00
51607.0, -9999.00
51608.0, -9999.00
51609.0, -9999.00
51610.0, -9999.00
51611.0, -9999.00
51612.0, -9999.00
51613.0, -9999.00
51614.0, -9999.00
51615.0, -9999.00
51616.0, -9999.00
51617.0, -9999.00
51618.0, -9999.00
51619.0, -9999.00
51620.0, -9999.00
51621.0, -9999.00
51622.0, -9999.00
51623.0, -9999.00
51624.0, -9999.00
51625.0, -9999.00
51626.0, -9999.00
51627.0, -9999.00
51628.0, -9999.00
51629.0, -9999.00
51630.0, -9999.00
51631.0, -9999.00
51632.0, -9999.00
51633.0, -9999.00
51634.0, -9999.00
51635.0, -9999.00
51636.0, -9999.00
51637.0, -9999.00
51638.0, -9999.00
51639.0, -9999.00
51640.0, -9999.00
51641.0, -9999.00
51642.0, -9999.00
51643.0, -9999.00
51644.0, -9999.00
51645.0, -9999.00
51646.0, -9999.00
51647.0, -9999.00
51648.0, -9999.00
51649.0, -9999.00
51650.0, -9999.00
51651.0, -9999.00
51652.0, -9999.00
51653.0, -9999.00
51654.0, -9999.00
51655.0, -9999.00
51656.0, -9999.00
51657.0, -9999.00
51658.0, -9999.00
51659.0, -9999.00
51660.0, -9999.00
51661.0, -9999.00
51662.0, -9999.00
51663.0, -9999.00
51664.0, -9999.00
51665.0, -9999.00
51666.0, -9999.00
51667.0, -9999.00
51668.0, -9999.00
51669.0, -9999.00
51670.0, -9999.00
51671.0, -9999.00
51672.0, -9999.00
51673.0, -9999.00
51674.0, -9999.00
51675.0, -9999.00
51676.0, -9999.00
51677.0, -9999.00
51678.0, -9999.00
51679.0, -9999.00
51680.0, -9999.00
51681.0, -9999.00
51682.0, -9999.00
51683.0, -9999.00
51684.0, -9999.00
51685.0, -9999.00
51686.0, -9999.00
51687.0, -9999.00
51688.0, -9999.00
51689.0, -9999.00
51690.0, -9999.00
51691.0, -9999.00
51692.0, -9999.00
51693.0, -9999.00
51694.0, -9999.00
51695.0, -9999.00
51696.0, -9999.00
51697.0, -9999.00
51698.0, -9999.00
51699.0, -9999.00
51700.0, -9999.00
51701.0, -9999.00
51702.0, -9999.00
51703.0, -9999.00
51704.0, -9999.00
51705.0, -9999.00
51706.0, -9999.00
51707.0, -9999.00
51708.0, -9999.00
51709.0, -9999.00
51710.0, -9999.00
51711.0, -9999.00
51712.0, -9999.00
51713.0, 92.46
51714.0, 93.96
51715.0, 94.02
51716.0, 94.18
51717.0, 94.83
51718.0, 93.06
51719.0, 93.85
51720.0, 94.76
51721.0, 93.34
51722.0, 93.98
51723.0, 92.73
51724.0, 93.06
51725.0, 93.87
51726.0, 93.67
51727.0, 93.32
51728.0, 94.49
51729.0, 94.80
51730.0, 94.71
51731.0, 94.60
51732.0, 94.97
51733.0, 93.53
51734.0, 94.40
51735.0, 94.43
51736.0, 94.47
51737.0, 94.30
51738.0, 94.11
51739.0, 94.42
51740.0, 93.49
51741.0, 93.93
51742.0, 93.87
51743.0, 94.27
51744.0, 94.11
51745.0, 94.62
51746.0, 93.78
51747.0, 94.94
51748.0, 94.68
51749.0, 94.51
51750.0, 94.98
51751.0, 93.67
51752.0, 93.95
51753.0, 93.40
51754.0, 93.51
51755.0, 93.51
51756.0, 94.04
51757.0, 93.48
51758.0, 94.69
51759.0, 95.33
51760.0, 94.48
51761.0, 93.62
51762.0, 94.59
51763.0, 95.09
51764.0, 94.84
51765.0, 94.64
51766.0, 95.31
51767.0, 94.58
51768.0, 94.17
51769.0, 94.67
51770.0, 94.55
51771.0, 94.67
51772.0, 94.60
51773.0, 93.65
51774.0, 94.26
51775.0, 95.31
51776.0, 95.53
51777.0, 95.06
51778.0, 94.21
51779.0, 93.49
51780.0, 94.29
51781.0, 94.46
51782.0, 94.51
51783.0, 94.85
51784.0, 94.47
51785.0, 94.73
51786.0, 94.03
51787.0, 94.73
51788.0, 93.95
51789.0, 92.56
51790.0, 94.89
51791.0, 94.75
51792.0, 93.24
51793.0, 93.51
51794.0, 95.09
51795.0, 94.43
51796.0, 94.47
51797.0, 93.42
51798.0, 93.68
51799.0, 94.19
51800.0, 93.75
51801.0, 94.06
51802.0, 94.34
51803.0, 94.75
51804.0, 94.38
51805.0, 94.62
51806.0, 94.13
51807.0, 94.04
51808.0, 94.96
51809.0, 94.97
51810.0, 95.58
51811.0, 94.97
51812.0, 94.00
51813.0, 93.91
51814.0, 93.86
51815.0, 94.81
51816.0, 95.55
51817.0, 95.26
51818.0, 94.43
51819.0, 95.03
51820.0, 94.38
51821.0, 94.69
51822.0, 95.31
51823.0, 93.42
51824.0, 94.45
51825.0, 95.34
51826.0, 94.58
51827.0, 94.94
51828.0, 95.74
51829.0, 94.55
51830.0, 95.16
51831.0, 94.40
51832.0, 95.51
51833.0, 94.79
51834.0, 94.63
51835.0, 95.20
51836.0, 94.31
51837.0, 95.03
51838.0, 94.36
51839.0, 94.81
51840.0, 94.21
51841.0, 94.98
51842.0, 94.46
51843.0, 94.67
51844.0, 94.97
51845.0, 94.75
51846.0, 94.18
51847.0, 94.89
51848.0, 95.02
51849.0, 94.23
51850.0, 95.43
51851.0, 94.82
51852.0, 95.45
51853.0, 94.09
51854.0, 94.47
51855.0, 94.12
51856.0, 94.69
51857.0, 93.96
51858.0, 94.62
51859.0, 95.09
51860.0, 94.26
51861.0, 94.56
51862.0, 94.16
51863.0, 94.67
51864.0, 94.18
51865.0, 94.33
51866.0, 94.96
51867.0, 93.22
51868.0, 94.35
51869.0, 93.85
51870.0, 93.54
51871.0, 94.31
51872.0, 94.28
51873.0, 93.29
51874.0, 93.52
51875.0, 94.12
51876.0, 95.04
51877.0, 94.60
51878.0, 94.79
51879.0, 94.26
51880.0, 94.64
51881.0, 94.95
51882.0, 94.25
51883.0, 94.04
51884.0, 94.43
51885.0, 94.17
51886.0, 93.68
51887.0, 94.25
51888.0, 94.71
51889.0, 93.96
51890.0, 93.50
51891.0, 93.93
51892.0, 94.68
51893.0, 93.37
51894.0, 94.83
51895.0, 94.05
51896.0, 95.11
51897.0, 93.93
51898.0, 94.72
51899.0, 93.57
51900.0, 94.12
51901.0, 94.40
51902.0, 94.72
51903.0, 94.54
51904.0, 94.24
51905.0, 95.07
51906.0, 92.94
51907.0, 94.47
51908.0, 93.79
51909.0, 94.74
51910.0, 93.89
51911.0, 94.89
51912.0, 93.03
51913.0, 95.34
51914.0, 94.68
51915.0, 94.67
51916.0, 94.13
51917.0, 94.83
51918.0, 93.99
51919.0, 94.73
51920.0, 93.99
51921.0, 94.77
51922.0, 94.70
51923.0, 94.02
51924.0, 94.49
51925.0, 94.52
51926.0, 95.11
51927.0, 93.95
51928.0, 93.85
51929.0, 94.02
51930.0, 93.62
51931.0, 94.07
51932.0, 93.29
51933.0, 93.17
51934.0, 93.63
51935.0, 93.22
51936.0, 94.10
51937.0, 93.83
51938.0, 94.57
51939.0, 93.95
51940.0, 93.76
51941.0, 94.88
51942.0, 94.98
51943.0, 94.48
51944.0, 93.93
51945.0, 94.24
51946.0, 93.26
51947.0, 93.71
51948.0, 94.06
51949.0, 93.88
51950.0, 93.37
51951.0, 93.65
51952.0, 94.02
51953.0, 93.29
51954.0, 93.34
51955.0, 93.28
51956.0, 93.75
51957.0, 93.06
51958.0, 93.16
51959.0, 92.90
51960.0, 92.09
51961.0, 93.48
51962.0, 92.95
51963.0, 92.63
51964.0, 93.86
51965.0, 93.35
51966.0, 92.97
51967.0, 92.92
51968.0, 93.31
51969.0, 91.98
51970.0, 92.87
51971.0, 92.61
51972.0, 93.40
51973.0, 93.54
51974.0, 92.91
51975.0, 93.51
51976.0, 93.18
51977.0, 93.24
51978.0, 92.99
51979.0, 93.49
51980.0, 93.52
51981.0, 92.60
51982.0, 93.26
51983.0, 93.17
51984.0, 92.55
51985.0, 92.84
51986.0, 93.25
51987.0, 92.12
51988.0, 93.07
51989.0, 93.47
51990.0, 92.90
51991.0, 93.45
51992.0, 92.58
51993.0, 92.88
51994.0, 93.22
51995.0, 93.51
51996.0, 93.62
51997.0, 113.01
51998.0, 99.20
51999.0, 94.45
52000.0, 93.20
52001.0, 93.16
52002.0, 93.36
52003.0, 92.99
52004.0, 93.63
52005.0, 93.34
52006.0, 93.08
52007.0, 93.32
52008.0, 94.01
52009.0, 93.94
52010.0, 96.18
52011.0, 95.13
52012.0, 94.21
52013.0, 93.93
52014.0, 93.13
52015.0, 93.32
52016.0, 93.02
52017.0, 93.11
52018.0, 93.25
52019.0, 93.31
52020.0, 94.74
52021.0, 93.92
52022.0, 93.17
52023.0, 92.64
52024.0, 93.64
52025.0, 92.64
52026.0, 93.55
52027.0, 94.01
52028.0, 93.93
52029.0, 93.24
52030.0, 93.23
52031.0, 94.31
52032.0, 93.38
52033.0, 92.75
52034.0, 93.32
52035.0, 94.25
52036.0, 94.02
52037.0, 94.06
52038.0, 93.54
52039.0, 92.75
52040.0, 93.69
52041.0, 93.76
52042.0, 93.72
52043.0, 94.12
52044.0, 93.73
52045.0, 94.25
52046.0, 94.36
52047.0, 93.90
52048.0, 93.36
52049.0, 94.28
52050.0, 95.00
52051.0, 94.13
52052.0, 93.52
52053.0, 94.72
52054.0, 93.69
52055.0, 94.67
52056.0, 94.94
52057.0, 94.40
52058.0, 94.39
52059.0, 94.49
52060.0, 95.14
52061.0, 94.70
52062.0, 94.21
52063.0, 94.53
52064.0, 95.23
52065.0, 95.27
52066.0, 94.73
52067.0, 95.16
52068.0, 94.71
52069.0, 95.06
52070.0, 95.32
52071.0, 95.41
52072.0, 94.33
52073.0, 94.47
52074.0, 94.42
52075.0, 94.97
52076.0, 93.52
52077.0, 95.13
52078.0, 94.51
52079.0, 95.77
52080.0, 94.66
52081.0, 95.41
52082.0, 95.08
52083.0, 96.08
52084.0, 96.51
52085.0, 94.81
52086.0, 95.55
52087.0, 94.14
52088.0, 94.60
52089.0, 94.63
52090.0, 96.29
52091.0, 95.59
52092.0, 95.16
52093.0, 95.46
52094.0, 95.26
52095.0, 95.34
52096.0, 94.94
