flight/WP3D/CO_NP3_20130531_RA.ict
34, 1001
John S Holloway
CIRES/NOAA:ESRL;Chemical Sciences Division
CO instrument
SENEX 2013
1, 1
2013, 05, 31, 2013, 06, 01
1
AOCTimewave
1
1
-9999
CO_ppbv
1
computer reboot about 14:19 UTC
18
PI_CONTACT_INFO: Address: NOAA ESRL Chemical Sciences Division, Mail Stop R/CSD7, 325 Broadway, Boulder, CO 80305
PLATFORM: NOAA WP-3D N42RF
LOCATION: Second instr. check flt., MacDill AFB, Tampa, FL. Aircraft location information in AircraftPosition file.
ASSOCIATED_DATA: N/A
INSTRUMENT_INFO: VUV resonance fluorescence
DATA_INFO: Units:ppbv
UNCERTAINTY: 5%
ULOD_FLAG: -7777
ULOD_VALUE: N/A
LLOD_FLAG: -8888
LLOD_VALUE: N/A
DM_CONTACT_INFO: Data Manager:Ken Aikin; email:Kenneth.C.Aikin@noaa.gov
PROJECT_INFO: SENEX 2013 Study; June 1 - July 15, 2013
STIPULATIONS_ON_USE: Use of these data require prior ok from PI.
OTHER_COMMENTS: Second check flight
REVISION: RA
RA: Preliminary Data.  For in-field use.
AOCTimewave, CO_ppbv
[from data line 4162]
55234.0, 105.17
55235.0, 104.51
55236.0, 100.78
55237.0, 102.85
55238.0, 103.97
55239.0, 101.56
55240.0, 96.13
55241.0, 95.45
55242.0, 95.23
55243.0, 93.97
55244.0, 94.65
55245.0, 95.31
55246.0, 93.27
55247.0, 94.41
55248.0, 95.45
55249.0, 94.74
55250.0, 94.25
55251.0, 94.08
55252.0, 94.87
55253.0, 94.53
55254.0, 95.25
55255.0, 94.22
55256.0, 93.59
55257.0, 94.29
55258.0, 94.31
55259.0, 93.26
55260.0, 93.15
55261.0, 93.83
55262.0, 94.93
55263.0, 94.09
55264.0, 93.91
55265.0, 94.29
55266.0, 94.32
55267.0, 94.28
55268.0, 93.11
55269.0, 94.82
55270.0, 94.61
55271.0, 93.13
55272.0, 93.56
55273.0, 93.25
55274.0, 93.48
55275.0, 93.66
55276.0, 92.64
55277.0, 94.42
55278.0, 93.82
55279.0, 93.44
55280.0, 93.08
55281.0, 92.24
55282.0, 90.96
55283.0, 92.82
55284.0, 92.72
55285.0, 93.01
55286.0, 92.78
55287.0, 93.42
55288.0, 92.78
55289.0, 93.90
55290.0, 94.74
55291.0, 94.04
55292.0, 93.83
55293.0, 93.99
55294.0, 93.95
55295.0, 94.25
55296.0, 93.24
55297.0, 93.83
55298.0, 93.89
55299.0, 93.04
55300.0, 94.04
55301.0, 93.90
55302.0, 93.70
55303.0, 93.64
55304.0, 94.13
55305.0, 93.60
55306.0, 93.72
55307.0, 93.20
55308.0, 92.98
55309.0, 93.52
55310.0, 93.05
55311.0, 93.01
55312.0, 93.62
55313.0, 93.64
55314.0, 94.01
55315.0, 92.32
55316.0, 93.13
55317.0, 93.14
55318.0, 93.29
55319.0, 94.65
55320.0, 93.46
55321.0, 91.85
55322.0, 93.68
55323.0, 93.46
55324.0, 92.37
55325.0, 92.97
55326.0, 92.82
55327.0, 94.26
55328.0, 92.51
55329.0, 93.13
55330.0, 93.11
55331.0, 91.70
55332.0, 92.47
55333.0, 93.36
55334.0, 92.91
55335.0, 93.23
55336.0, 93.17
55337.0, 92.78
55338.0, 93.63
55339.0, 93.26
55340.0, 92.39
55341.0, 93.00
55342.0, 92.51
55343.0, 93.51
55344.0, 92.73
55345.0, 93.55
55346.0, 93.28
55347.0, 92.33
55348.0, 93.86
55349.0, 92.40
55350.0, 92.45
55351.0, 92.96
55352.0, 92.60
55353.0, 92.08
55354.0, 92.28
55355.0, 91.18
55356.0, 92.75
55357.0, 92.21
55358.0, 93.04
55359.0, 94.38
55360.0, 93.47
55361.0, 93.14
55362.0, 93.40
55363.0, 93.10
55364.0, 92.94
55365.0, 93.62
55366.0, 93.24
55367.0, 93.86
55368.0, 93.31
55369.0, 93.80
55370.0, 93.87
55371.0, 93.52
55372.0, 93.43
55373.0, 93.74
55374.0, 93.97
55375.0, 94.01
55376.0, 93.98
55377.0, 93.99
55378.0, 94.35
55379.0, 93.59
55380.0, 93.55
55381.0, 95.22
55382.0, 94.23
55383.0, 94.36
55384.0, 94.28
55385.0, 94.90
55386.0, 93.79
55387.0, 93.98
55388.0, 92.74
55389.0, 94.74
55390.0, 95.05
55391.0, 94.65
55392.0, 93.93
55393.0, 94.44
55394.0, 94.82
55395.0, 94.28
55396.0, 94.30
55397.0, 93.40
55398.0, 94.29
55399.0, 93.35
55400.0, 94.18
55401.0, 94.34
55402.0, 93.09
55403.0, 94.18
55404.0, 95.09
55405.0, 94.61
55406.0, 93.86
55407.0, 94.79
55408.0, 94.72
55409.0, 94.36
55410.0, 94.19
55411.0, 94.19
55412.0, 94.19
55413.0, 94.31
55414.0, 94.61
55415.0, 94.04
55416.0, 95.35
55417.0, 94.53
55418.0, 93.95
55419.0, 93.97
55420.0, 94.14
55421.0, 93.41
55422.0, 92.69
55423.0, 92.72
55424.0, 91.83
55425.0, 92.35
55426.0, 93.62
55427.0, 92.57
55428.0, 93.77
55429.0, 93.50
55430.0, 94.04
55431.0, 93.71
55432.0, 93.47
55433.0, 93.33
55434.0, 93.39
55435.0, 92.41
55436.0, 93.83
55437.0, 92.47
55438.0, 92.57
55439.0, 92.11
55440.0, 91.52
55441.0, 90.76
55442.0, 91.91
55443.0, 93.23
55444.0, 92.24
55445.0, 92.99
55446.0, 92.85
55447.0, 94.00
55448.0, 93.89
55449.0, 93.37
55450.0, 93.60
55451.0, 93.92
55452.0, 93.17
55453.0, 94.07
55454.0, 93.45
55455.0, 93.69
55456.0, 93.70
55457.0, 93.07
55458.0, 93.38
55459.0, 93.58
55460.0, 92.64
55461.0, 92.71
55462.0, 92.99
55463.0, 92.18
55464.0, 92.99
55465.0, 92.83
55466.0, 93.42
55467.0, 93.20
55468.0, 93.57
55469.0, 92.83
55470.0, 94.13
55471.0, 94.03
55472.0, 93.23
55473.0, 92.74
55474.0, 94.52
55475.0, 93.81
55476.0, 94.29
55477.0, 94.44
55478.0, 94.13
55479.0, 93.04
55480.0, 93.51
55481.0, 93.57
55482.0, 94.64
55483.0, 94.13
55484.0, 93.94
55485.0, 93.85
55486.0, 93.55
55487.0, 93.51
55488.0, 94.37
55489.0, 93.79
55490.0, 93.49
55491.0, 93.63
55492.0, 94.11
55493.0, 92.85
55494.0, 94.30
55495.0, 94.18
55496.0, 93.13
55497.0, 93.17
55498.0, 93.77
55499.0, 93.49
55500.0, 93.04
55501.0, 94.05
55502.0, 92.67
55503.0, 94.92
55504.0, 92.98
55505.0, 93.53
55506.0, 92.99
55507.0, 93.40
55508.0, 93.83
55509.0, 94.36
55510.0, 93.36
55511.0, 92.61
55512.0, 93.38
55513.0, 93.35
55514.0, 93.49
55515.0, 93.83
55516.0, 93.18
55517.0, 93.27
55518.0, 93.97
55519.0, 93.97
55520.0, 93.74
55521.0, 94.65
55522.0, 94.70
55523.0, 93.06
55524.0, 94.47
55525.0, 94.03
55526.0, 93.50
55527.0, 93.41
55528.0, 93.86
55529.0, 94.08
55530.0, 95.16
55531.0, 94.69
55532.0, 93.48
55533.0, 93.09
55534.0, 93.69
55535.0, 94.72
55536.0, 94.47
55537.0, 94.16
55538.0, 93.13
55539.0, 93.85
55540.0, 94.71
55541.0, 92.75
55542.0, 93.32
55543.0, 93.49
55544.0, 93.96
55545.0, 94.81
55546.0, 93.47
55547.0, 94.53
55548.0, 94.18
55549.0, 95.08
55550.0, 93.80
55551.0, 93.72
55552.0, 94.41
55553.0, 93.19
55554.0, 93.54
55555.0, 93.06
55556.0, 93.15
55557.0, 93.79
55558.0, 91.89
55559.0, 92.65
55560.0, 93.42
55561.0, 94.14
55562.0, 93.12
55563.0, 93.17
55564.0, 93.24
55565.0, 92.86
55566.0, 93.86
55567.0, 93.12
55568.0, 93.54
55569.0, 92.86
55570.0, 93.40
55571.0, 93.35
55572.0, 92.51
55573.0, 93.43
55574.0, 92.31
55575.0, 93.00
55576.0, 92.68
55577.0, 92.55
55578.0, 92.99
55579.0, 93.65
55580.0, 93.16
55581.0, 93.10
55582.0, 93.89
55583.0, 93.19
55584.0, 92.60
55585.0, 92.93
55586.0, 92.70
55587.0, 92.91
55588.0, 92.53
55589.0, 92.11
55590.0, 91.88
55591.0, 92.08
55592.0, 92.72
55593.0, 92.00
55594.0, 92.70
55595.0, 93.78
55596.0, 93.02
55597.0, 92.72
55598.0, 93.60
55599.0, 93.08
55600.0, 93.13
55601.0, 93.08
55602.0, 93.50
55603.0, 93.68
55604.0, 93.30
55605.0, 93.28
55606.0, 93.48
55607.0, 93.86
55608.0, 92.10
55609.0, 93.56
55610.0, 93.03
55611.0, 92.41
55612.0, 93.02
55613.0, 93.09
55614.0, 94.54
55615.0, 93.52
55616.0, 93.91
55617.0, 94.57
55618.0, 93.61
55619.0, 93.12
55620.0, 93.79
55621.0, 94.50
55622.0, 92.57
55623.0, 93.27
55624.0, 92.68
55625.0, 94.21
55626.0, 92.37
55627.0, 94.30
55628.0, 94.54
55629.0, 93.60
55630.0, 93.59
55631.0, 93.84
55632.0, 93.86
55633.0, 93.19
55634.0, 93.38
55635.0, 93.88
55636.0, 94.16
55637.0, 93.26
55638.0, 94.16
55639.0, 94.10
55640.0, 94.99
55641.0, 94.25
55642.0, 94.38
55643.0, 93.95
55644.0, 94.88
55645.0, 93.53
55646.0, 93.89
55647.0, 93.50
55648.0, 93.92
55649.0, 93.80
55650.0, 94.75
55651.0, 94.09
55652.0, 93.65
55653.0, 94.31
55654.0, 91.99
55655.0, 94.36
55656.0, 94.05
55657.0, 93.63
55658.0, 93.91
55659.0, 94.44
55660.0, 93.79
55661.0, 94.30
55662.0, 93.96
55663.0, 94.60
55664.0, 94.78
55665.0, 94.93
55666.0, 95.11
55667.0, 94.72
55668.0, 95.45
55669.0, 95.36
55670.0, 94.56
55671.0, 94.69
55672.0, 94.51
55673.0, 94.97
55674.0, 95.12
55675.0, 95.10
55676.0, 94.02
55677.0, 95.39
55678.0, 95.12
55679.0, 94.65
55680.0, 95.96
55681.0, 94.96
55682.0, 95.49
55683.0, 95.23
55684.0, 95.10
55685.0, 94.24
55686.0, 95.42
55687.0, 94.25
55688.0, 94.78
55689.0, 95.03
55690.0, 94.72
55691.0, 94.79
55692.0, 94.56
55693.0, 94.69
55694.0, 95.16
55695.0, 96.39
55696.0, 95.65
55697.0, 94.91
55698.0, 95.37
55699.0, 95.45
55700.0, 94.96
55701.0, 95.30
55702.0, 95.92
55703.0, 94.79
55704.0, 95.21
55705.0, 94.32
55706.0, 95.50
55707.0, 95.88
55708.0, 95.12
55709.0, 95.70
55710.0, 95.81
55711.0, 95.46
55712.0, 95.94
55713.0, 94.52
55714.0, 95.35
55715.0, 94.36
55716.0, 94.36
55717.0, 95.50
55718.0, 95.59
55719.0, 96.73
55720.0, 95.74
55721.0, 95.78
55722.0, 95.71
55723.0, 95.97
55724.0, 95.47
55725.0, 93.31
55726.0, 92.67
55727.0, 92.68
55728.0, 92.57
55729.0, 92.26
55730.0, 94.56
55731.0, 92.89
55732.0, 93.60
55733.0, 93.92
55734.0, 93.22
55735.0, 93.11
55736.0, 92.90
55737.0, 93.83
55738.0, 94.63
55739.0, 93.45
55740.0, 93.74
55741.0, 93.57
55742.0, 93.31
55743.0, 93.84
55744.0, 94.74
55745.0, 94.67
55746.0, 93.76
55747.0, 94.04
55748.0, 94.09
55749.0, 94.13
55750.0, 94.19
55751.0, 94.17
55752.0, 93.28
55753.0, 95.19
55754.0, 94.15
55755.0, 93.70
55756.0, 93.93
55757.0, 94.25
55758.0, 94.15
55759.0, 93.90
55760.0, 94.34
55761.0, 94.23
55762.0, 94.84
55763.0, 94.62
55764.0, 93.81
55765.0, 94.81
55766.0, 95.05
55767.0, 94.47
55768.0, 94.17
55769.0, 94.21
55770.0, 93.95
55771.0, 92.67
55772.0, 94.03
55773.0, 93.67
55774.0, 94.37
55775.0, 93.65
55776.0, 93.44
55777.0, 93.91
55778.0, 93.95
55779.0, 94.87
55780.0, 94.23
55781.0, 93.84
55782.0, 94.26
55783.0, 94.18
55784.0, 93.59
55785.0, 93.73
55786.0, 93.40
55787.0, 93.23
55788.0, 93.28
55789.0, 92.76
55790.0, 94.26
55791.0, 91.71
55792.0, 93.07
55793.0, 93.05
55794.0, 93.26
55795.0, 93.24
55796.0, 93.25
55797.0, 94.35
55798.0, 93.40
55799.0, 95.14
55800.0, 94.43
55801.0, 94.21
55802.0, 94.79
55803.0, 93.44
55804.0, 94.27
55805.0, 94.27
55806.0, 94.48
55807.0, 94.54
55808.0, 95.23
55809.0, 95.18
55810.0, 95.12
55811.0, 95.75
55812.0, 95.50
55813.0, 93.73
55814.0, 95.11
55815.0, 94.79
55816.0, 94.58
55817.0, 95.03
55818.0, 93.70
55819.0, 94.51
55820.0, 94.90
55821.0, 94.96
55822.0, 94.73
55823.0, 95.56
55824.0, 96.21
55825.0, 96.47
55826.0, 95.50
55827.0, 96.56
55828.0, 94.91
55829.0, 95.46
55830.0, 96.33
55831.0, 96.14
55832.0, 96.23
55833.0, 95.57
55834.0, -9999.00
55835.0, -9999.00
55836.0, -9999.00
55837.0, -9999.00
55838.0, -9999.00
55839.0, -9999.00
55840.0, -9999.00
55841.0, -9999.00
55842.0, -9999.00
55843.0, -9999.00
55844.0, -9999.00
55845.0, -9999.00
55846.0, -9999.00
55847.0, -9999.00
55848.0, -9999.00
55849.0, -9999.00
55850.0, -9999.00
55851.0, -9999.00
55852.0, -9999.00
55853.0, -9999.00
55854.0, -9999.00
55855.0, -9999.00
55856.0, -9999.00
55857.0, -9999.00
55858.0, -9999.00
55859.0, -9999.00
55860.0, 94.68
55861.0, 94.16
55862.0, 95.59
55863.0, 94.26
55864.0, 94.40
55865.0, 93.93
55866.0, 95.81
55867.0, 94.79
55868.0, 93.43
55869.0, 92.63
55870.0, 93.48
55871.0, 92.95
55872.0, 94.16
55873.0, 94.66
55874.0, -9999.00
55875.0, -9999.00
55876.0, -9999.00
55877.0, -9999.00
55878.0, -9999.00
55879.0, -9999.00
55880.0, -9999.00
55881.0, -9999.00
55882.0, -9999.00
55883.0, -9999.00
55884.0, -9999.00
55885.0, -9999.00
55886.0, -9999.00
55887.0, -9999.00
55888.0, -9999.00
55889.0, -9999.00
55890.0, -9999.00
55891.0, -9999.00
55892.0, -9999.00
55893.0, -9999.00
55894.0, -9999.00
55895.0, -9999.00
55896.0, -9999.00
55897.0, -9999.00
55898.0, -9999.00
55899.0, -9999.00
55900.0, -9999.00
55901.0, -9999.00
55902.0, -9999.00
55903.0, -9999.00
55904.0, 97.43
55905.0, 96.63
55906.0, 96.27
55907.0, 97.15
55908.0, 96.12
55909.0, 96.74
55910.0, 97.13
55911.0, 96.70
55912.0, 96.79
55913.0, 97.35
55914.0, 97.06
55915.0, 95.91
55916.0, 96.79
55917.0, 95.15
55918.0, 96.12
55919.0, 96.26
55920.0, 96.41
55921.0, 95.48
55922.0, 95.08
55923.0, 94.68
55924.0, 94.48
55925.0, 94.10
55926.0, 94.55
55927.0, 95.50
55928.0, 94.62
55929.0, 92.85
55930.0, 93.15
55931.0, 94.68
55932.0, 94.30
55933.0, 94.31
55934.0, 94.07
55935.0, 93.58
55936.0, 94.92
55937.0, 95.04
55938.0, 95.32
55939.0, 94.56
55940.0, 93.62
55941.0, 94.69
55942.0, 95.28
55943.0, 95.19
55944.0, 94.84
55945.0, 95.53
55946.0, 95.84
55947.0, 96.89
55948.0, 96.42
55949.0, 95.81
55950.0, 97.20
55951.0, 95.61
55952.0, 97.66
55953.0, 97.32
55954.0, 96.36
55955.0, 95.65
55956.0, 95.71
55957.0, 96.94
55958.0, 95.24
55959.0, 93.68
55960.0, 95.07
55961.0, 94.23
55962.0, 94.71
55963.0, 95.01
55964.0, 94.79
55965.0, 95.31
55966.0, 94.36
55967.0, 94.46
55968.0, 95.46
55969.0, 95.16
55970.0, 96.63
55971.0, 97.10
55972.0, 95.26
55973.0, 95.70
55974.0, 96.07
55975.0, 95.40
55976.0, 95.68
55977.0, 96.55
55978.0, 95.34
55979.0, 94.19
55980.0, 95.09
55981.0, 96.12
55982.0, 95.88
55983.0, 95.92
55984.0, 96.29
55985.0, 95.52
55986.0, 95.45
55987.0, 96.14
55988.0, 95.91
55989.0, 96.96
55990.0, 94.71
55991.0, 95.93
55992.0, 95.57
55993.0, 96.41
55994.0, 95.94
55995.0, 96.50
55996.0, 96.98
55997.0, 96.40
55998.0, 96.38
55999.0, 95.03
56000.0, 95.53
56001.0, 94.80
56002.0, 95.64
56003.0, 96.23
56004.0, 95.17
56005.0, 96.63
56006.0, 96.60
56007.0, 96.60
56008.0, 97.10
56009.0, 98.68
56010.0, 98.87
56011.0, 98.09
56012.0, 96.60
56013.0, 98.37
56014.0, 97.16
56015.0, 97.55
56016.0, 97.84
56017.0, 97.94
56018.0, 98.86
56019.0, 97.99
56020.0, 96.94
56021.0, 98.21
56022.0, 97.66
56023.0, 99.27
56024.0, 98.60
56025.0, 98.87
56026.0, 98.56
56027.0, 98.35
56028.0, 98.86
56029.0, 99.89
56030.0, 99.32
56031.0, 99.28
56032.0, 100.34
56033.0, 99.99
56034.0, 99.51
56035.0, 98.84
56036.0, 98.87
56037.0, 99.30
56038.0, 100.09
56039.0, 98.47
56040.0, 99.60
56041.0, 99.13
56042.0, 99.23
56043.0, 98.16
56044.0, 97.99
56045.0, 97.60
56046.0, 98.53
56047.0, 97.13
56048.0, 98.51
56049.0, 98.90
56050.0, 98.16
56051.0, 98.70
56052.0, 98.66
56053.0, 98.89
56054.0, 98.65
56055.0, 98.52
56056.0, 99.46
56057.0, 98.40
56058.0, 98.92
56059.0, 99.30
56060.0, 98.34
56061.0, 99.86
56062.0, 98.84
56063.0, 97.93
56064.0, 98.58
56065.0, 98.69
56066.0, 97.92
56067.0, 98.36
56068.0, 98.06
56069.0, 98.04
56070.0, 96.25
56071.0, 99.14
56072.0, 98.17
56073.0, 97.01
56074.0, 95.35
56075.0, 96.23
56076.0, 96.08
56077.0, 95.71
56078.0, 95.94
56079.0, 95.51
56080.0, 95.97
56081.0, 98.05
56082.0, 96.91
56083.0, 96.26
56084.0, 95.62
56085.0, 97.13
56086.0, 96.36
56087.0, 95.79
56088.0, 97.03
56089.0, 97.65
56090.0, 96.91
56091.0, 98.85
56092.0, 98.36
56093.0, 97.88
56094.0, 98.89
56095.0, 97.38
56096.0, 98.31
56097.0, 98.28
56098.0, 97.50
56099.0, 97.95
56100.0, 98.33
56101.0, 98.35
56102.0, 98.80
56103.0, 98.13
56104.0, 97.88
56105.0, 98.05
56106.0, 99.21
56107.0, 99.28
56108.0, 99.68
56109.0, 98.77
56110.0, 98.82
56111.0, 99.01
56112.0, 99.53
56113.0, 99.72
56114.0, 99.06
56115.0, 98.65
56116.0, 100.24
56117.0, 100.69
56118.0, 100.84
56119.0, 100.83
56120.0, 100.65
56121.0, 99.03
56122.0, 100.60
56123.0, 99.99
56124.0, 101.55
56125.0, 102.67
56126.0, 102.15
56127.0, 101.86
56128.0, 102.06
56129.0, 102.25
56130.0, 101.77
56131.0, 101.21
56132.0, 102.33
56133.0, 102.46
56134.0, 101.47
56135.0, 102.67
56136.0, 101.26
56137.0, 102.61
56138.0, 101.90
56139.0, 102.78
56140.0, 101.51
56141.0, 102.05
56142.0, 101.25
56143.0, 102.15
56144.0, 103.77
56145.0, 103.14
56146.0, 102.63
56147.0, 103.26
56148.0, 102.53
56149.0, 102.48
56150.0, 103.46
56151.0, 102.50
56152.0, 103.00
56153.0, 103.57
56154.0, 103.36
56155.0, 103.30
56156.0, 103.06
56157.0, 103.57
56158.0, 104.25
56159.0, 102.76
56160.0, 102.67
56161.0, 101.65
56162.0, 102.18
56163.0, 102.49
56164.0, 103.96
56165.0, 102.66
56166.0, 103.11
56167.0, 102.10
56168.0, 102.04
56169.0, 103.63
56170.0, 103.49
56171.0, 103.93
56172.0, 103.97
56173.0, 104.51
56174.0, 103.31
56175.0, 100.53
56176.0, 98.86
56177.0, 100.58
56178.0, 101.47
56179.0, 101.37
56180.0, 101.91
56181.0, 100.87
56182.0, 99.75
56183.0, 100.28
56184.0, 101.18
56185.0, 101.30
56186.0, 100.67
56187.0, 101.09
56188.0, 101.81
56189.0, 102.49
56190.0, 101.67
56191.0, 102.11
56192.0, 101.83
56193.0, 102.34
56194.0, 102.21
56195.0, 101.17
56196.0, 101.15
56197.0, 100.38
56198.0, 102.01
56199.0, 100.62
56200.0, 100.89
56201.0, 101.85
56202.0, 101.15
56203.0, 102.44
56204.0, 100.96
56205.0, 100.75
56206.0, 101.18
56207.0, 100.18
56208.0, 101.58
56209.0, 101.60
56210.0, 100.00
56211.0, 100.31
56212.0, 101.30
56213.0, 100.15
56214.0, 99.63
56215.0, 100.61
56216.0, 100.23
56217.0, 100.03
56218.0, 100.13
56219.0, 100.43
56220.0, 99.93
56221.0, 99.81
56222.0, 99.88
56223.0, 101.19
56224.0, 99.96
56225.0, 99.53
56226.0, 100.23
56227.0, 99.21
56228.0, 98.40
56229.0, 99.57
56230.0, 99.41
56231.0, 99.27
56232.0, 99.04
56233.0, 98.35
56234.0, 98.42
56235.0, 98.48
56236.0, 98.70
56237.0, 98.16
56238.0, 97.65
56239.0, 97.76
56240.0, 97.12
56241.0, 97.69
56242.0, 97.77
56243.0, 98.92
56244.0, 99.31
56245.0, 100.40
56246.0, 99.37
56247.0, 98.76
56248.0, 99.05
56249.0, 98.66
56250.0, 100.19
56251.0, 101.19
56252.0, 99.85
56253.0, 99.81
56254.0, 99.38
56255.0, 99.18
56256.0, 99.71
56257.0, 98.45
56258.0, 99.05
56259.0, 97.82
56260.0, 100.11
56261.0, 99.75
56262.0, 100.24
56263.0, 100.19
56264.0, 99.53
56265.0, 99.45
56266.0, 99.61
56267.0, 99.93
56268.0, 100.29
56269.0, 99.74
56270.0, 99.28
56271.0, 99.42
56272.0, 99.55
56273.0, 100.98
56274.0, 100.26
56275.0, 99.93
56276.0, 99.98
56277.0, 99.58
56278.0, 99.35
56279.0, 99.82
56280.0, 99.50
